0 0.812 0.385 0.052 0.05
0 0.704 0.463 0.036 0.05
0 0.935 0.222 0.062 0.052
0 0.944 0.074 0.044 0.044
0 0.989 0.309 0.018 0.046
0 0.976 0.365 0.044 0.058
0 0.96 0.437 0.04 0.038
0 0.973 0.477 0.042 0.046
0 0.907 0.453 0.046 0.054
0 0.813 0.511 0.042 0.042
0 0.766 0.513 0.044 0.046
0 0.665 0.508 0.042 0.052
0 0.588 0.512 0.052 0.06
0 0.497 0.55 0.034 0.048
0 0.422 0.551 0.04 0.062
0 0.271 0.606 0.038 0.056
0 0.277 0.642 0.034 0.056
0 0.281 0.721 0.038 0.05
0 0.171 0.685 0.042 0.054
0 0.081 0.743 0.042 0.054
0 0.018 0.823 0.032 0.046
0 0.09 0.93 0.052 0.06
0 0.102 0.878 0.048 0.052
0 0.028 0.872 0.052 0.044
0 0.01 0.895 0.016 0.042
0 0.159 0.972 0.046 0.052
0 0.289 0.797 0.058 0.062
0 0.296 0.856 0.036 0.064
0 0.493 0.82 0.042 0.064
0 0.466 0.924 0.04 0.064
0 0.52 0.982 0.044 0.032
0 0.518 0.928 0.048 0.06
0 0.657 0.89 0.03 0.052
0 0.536 0.804 0.04 0.048
0 0.589 0.717 0.042 0.05
0 0.602 0.685 0.036 0.054
0 0.561 0.581 0.038 0.058
0 0.624 0.847 0.048 0.066
0 0.972 0.92 0.04 0.048
0 0.897 0.931 0.026 0.054
0 0.847 0.907 0.038 0.054
0 0.843 0.961 0.042 0.054
0 0.808 0.987 0.036 0.022
0 0.93 0.8 0.048 0.064
0 0.872 0.699 0.036 0.046
0 0.974 0.669 0.044 0.058
0 0.986 0.64 0.024 0.036
0 0.874 0.565 0.044 0.05
0 0.9 0.734 0.044 0.064
0 0.704 0.636 0.048 0.052
0 0.552 0.775 0.044 0.062
0 0.607 0.423 0.046 0.042
0 0.531 0.313 0.05 0.062
0 0.49 0.366 0.036 0.052
0 0.43 0.349 0.044 0.042
0 0.404 0.309 0.044 0.046
0 0.318 0.307 0.036 0.046
0 0.333 0.285 0.038 0.062
0 0.258 0.313 0.044 0.062
0 0.2 0.202 0.052 0.036
0 0.209 0.126 0.054 0.04
0 0.202 0.165 0.052 0.03
0 0.186 0.261 0.056 0.042
0 0.696 0.263 0.04 0.05
0 0.695 0.3 0.046 0.036
0 0.492 0.131 0.044 0.038
0 0.768 0.288 0.044 0.04
0 0.561 0.409 0.046 0.05
0 0.538 0.422 0.036 0.044
0 0.952 0.166 0.036 0.048
0 0.866 0.346 0.044 0.044
0 0.96 0.284 0.04 0.04
0 0.856 0.319 0.048 0.022
0 0.462 0.496 0.044 0.056
0 0.443 0.533 0.042 0.054
0 0.197 0.621 0.042 0.07
0 0.293 0.443 0.034 0.054
0 0.268 0.458 0.032 0.028
0 0.23 0.402 0.04 0.044
0 0.113 0.367 0.034 0.026
0 0.11 0.409 0.04 0.042
0 0.185 0.551 0.042 0.054
0 0.149 0.634 0.046 0.052
0 0.097 0.706 0.042 0.052
0 0.107 0.458 0.054 0.064
0 0.257 0.511 0.038 0.054
0 0.519 0.686 0.046 0.064
0 0.739 0.902 0.038 0.048
0 0.662 0.983 0.056 0.03
0 0.332 0.978 0.04 0.04
0 0.658 0.072 0.036 0.044
0 0.705 0.417 0.038 0.046
0 0.681 0.408 0.03 0.052
0 0.653 0.341 0.038 0.042
0 0.868 0.605 0.048 0.062
0 0.763 0.568 0.042 0.048
0 0.799 0.77 0.042 0.048
0 0.721 0.693 0.038 0.062
0 0.815 0.443 0.042 0.042
0 0.959 0.831 0.03 0.042
0 0.961 0.551 0.03 0.042
0 0.448 0.694 0.04 0.06
0 0.082 0.559 0.036 0.054
0 0.103 0.58 0.034 0.048
0 0.026 0.585 0.048 0.046
0 0.041 0.632 0.054 0.056
0 0.382 0.599 0.04 0.05
0 0.364 0.6 0.032 0.052
0 0.401 0.422 0.038 0.052
0 0.191 0.314 0.042 0.052
0 0.692 0.21 0.056 0.036
0 0.794 0.227 0.044 0.026
0 0.778 0.246 0.048 0.06
0 0.744 0.254 0.036 0.028
0 0.589 0.367 0.066 0.07
0 0.676 0.698 0.044 0.056
0 0.666 0.648 0.028 0.044
0 0.444 0.752 0.024 0.052
0 0.437 0.778 0.026 0.036
0 0.824 0.601 0.044 0.05
0 0.796 0.654 0.044 0.044
0 0.772 0.667 0.04 0.054
0 0.176 0.837 0.04 0.078
0 0.101 0.812 0.046 0.052
0 0.395 0.899 0.038 0.062
0 0.367 0.807 0.026 0.034
0 0.238 0.991 0.028 0.014
0 0.013 0.725 0.022 0.05
0 0.009 0.42 0.014 0.044
0 0.027 0.499 0.05 0.078
0 0.45 0.285 0.048 0.054
0 0.457 0.249 0.054 0.054
0 0.992 0.507 0.012 0.03
0 0.993 0.53 0.01 0.024
0 0.993 0.549 0.01 0.018
0 0.551 0.611 0.038 0.05
0 0.667 0.222 0.034 0.044
0 0.426 0.492 0.036 0.048
0 0.845 0.769 0.038 0.038
0 0.372 0.454 0.056 0.04
0 0.36 0.47 0.04 0.032
0 0.091 0.851 0.046 0.05
0 0.796 0.739 0.052 0.05
0 0.419 0.992 0.026 0.012
0 0.085 0.416 0.042 0.04
0 0.867 0.245 0.026 0.03
0 0.907 0.252 0.054 0.032
0 0.986 0.241 0.024 0.03
0 0.83 0.247 0.032 0.03
0 0.189 0.46 0.038 0.048
0 0.859 0.373 0.042 0.038
0 0.617 0.21 0.03 0.04
0 0.081 0.314 0.054 0.028
0 0.039 0.46 0.05 0.052
1 0.751 0.236 0.014 0.02
1 0.703 0.113 0.034 0.018
1 0.634 0.144 0.016 0.028
1 0.522 0.087 0.036 0.018
1 0.367 0.724 0.014 0.028
1 0.406 0.771 0.024 0.03
1 0.635 0.693 0.022 0.018
1 0.463 0.676 0.014 0.02
1 0.243 0.759 0.018 0.026
1 0.451 0.614 0.022 0.024
1 0.231 0.53 0.018 0.02
1 0.356 0.492 0.024 0.02
1 0.895 0.985 0.018 0.022
1 0.306 0.938 0.016 0.016
1 0.42 0.881 0.016 0.022
1 0.415 0.893 0.014 0.014
1 0.418 0.923 0.012 0.014
1 0.103 0.532 0.026 0.028
1 0.95 0.265 0.012 0.03
1 0.715 0.385 0.03 0.03
1 0.746 0.397 0.008 0.034
1 0.715 0.367 0.034 0.014
1 0.649 0.32 0.014 0.02
1 0.796 0.605 0.012 0.018
1 0.875 0.911 0.014 0.026
1 0.442 0.425 0.016 0.026
1 0.983 0.028 0.03 0.024
1 0.771 0.159 0.038 0.026
1 0.747 0.931 0.014 0.01
1 0.412 0.244 0.02 0.04
1 0.257 0.132 0.022 0.02
1 0.361 0.045 0.01 0.034
1 0.43 0.484 0.016 0.008
1 0.775 0.549 0.014 0.014
1 0.875 0.839 0.022 0.026
1 0.768 0.91 0.02 0.036
1 0.383 0.166 0.022 0.028
1 0.37 0.15 0.016 0.032
1 0.345 0.168 0.03 0.016
1 0.408 0.83 0.024 0.04
1 0.537 0.909 0.014 0.018
1 0.746 0.365 0.02 0.018
1 0.727 0.336 0.022 0.036
1 0.549 0.296 0.03 0.02
1 0.465 0.358 0.01 0.02
1 0.382 0.378 0.024 0.016
1 0.302 0.408 0.028 0.048
1 0.204 0.338 0.012 0.008
1 0.195 0.342 0.006 0.008
1 0.874 0.287 0.036 0.042
1 0.775 0.198 0.034 0.016
1 0.136 0.202 0.028 0.024
1 0.12 0.325 0.024 0.018
1 0.182 0.777 0.012 0.014
1 0.5 0.179 0.04 0.038
1 0.56 0.2 0.02 0.036
1 0.459 0.103 0.026 0.026
1 0.248 0.055 0.028 0.014
1 0.551 0.119 0.022 0.018
1 0.572 0.119 0.008 0.006
1 0.969 0.12 0.022 0.012
1 0.846 0.297 0.036 0.026
1 0.206 0.898 0.028 0.032
1 0.452 0.396 0.016 0.044
1 0.02 0.399 0.024 0.014
1 0.337 0.476 0.014 0.02
1 0.411 0.6 0.018 0.024
1 0.058 0.347 0.02 0.014
1 0.597 0.211 0.03 0.018
1 0.392 0.571 0.016 0.018
2 0.872 0.468 0.04 0.048
2 0.341 0.759 0.026 0.042
2 0.953 0.72 0.03 0.04
2 0.722 0.966 0.036 0.052
2 0.843 0.013 0.03 0.026
2 0.829 0.031 0.038 0.026
2 0.91 0.132 0.032 0.036
2 0.873 0.177 0.034 0.034
2 0.375 0.294 0.026 0.048
2 0.358 0.267 0.036 0.042
2 0.865 0.047 0.034 0.034
2 0.687 0.582 0.05 0.036
2 0.262 0.826 0.036 0.044
2 0.798 0.158 0.032 0.036
2 0.78 0.128 0.02 0.024
2 0.75 0.088 0.024 0.032
2 0.733 0.034 0.022 0.04
2 0.715 0.012 0.022 0.024
2 0.85 0.995 0.012 0.006
2 0.775 0.993 0.018 0.01
2 0.102 0.996 0.028 0.004
2 0.045 0.995 0.03 0.006
2 0.02 0.743 0.02 0.014
2 0.007 0.689 0.01 0.018
2 0.928 0.495 0.008 0.014
2 0.882 0.894 0.008 0.004
2 0.739 0.498 0.018 0.012
2 0.997 0.756 0.002 0.024
2 0.994 0.792 0.008 0.016
2 0.443 0.997 0.022 0.002
2 0.623 0.062 0.018 0.012
2 0.109 0.274 0.022 0.02
2 0.091 0.356 0.002 0.008
2 0.146 0.391 0.02 0.018
2 0.382 0.682 0.02 0.02
2 0.542 0.25 0.012 0.016
2 0.16 0.003 0.04 0.006
2 0.004 0.059 0.004 0.018
2 0.475 0.047 0.05 0.034
2 0.46 0.062 0.02 0.016
2 0.613 0.336 0.026 0.04
2 0.787 0.073 0.026 0.026
2 0.891 0.095 0.018 0.026
2 0.888 0.106 0.008 0.016
2 0.854 0.112 0.008 0.012
2 0.842 0.118 0.012 0.012
2 0.888 0.023 0.024 0.042
2 0.583 0.995 0.026 0.006
2 0.541 0.964 0.014 0.024
2 0.706 0.994 0.024 0.008
2 0.199 0.402 0.022 0.032
2 0.154 0.441 0.016 0.022
2 0.301 0.558 0.01 0.008
2 0.276 0.554 0.008 0.004
2 0.46 0.14 0.02 0.016
2 0.318 0.207 0.012 0.014
2 0.304 0.208 0.008 0.008
2 0.303 0.216 0.01 0.004
2 0.057 0.363 0.018 0.018
2 0.75 0.145 0.012 0.01
2 0.993 0.15 0.01 0.012
2 0.927 0.172 0.018 0.016
2 0.929 0.155 0.018 0.01
2 0.385 0.438 0.014 0.012
2 0.361 0.415 0.018 0.026
2 0.793 0.856 0.022 0.02
2 0.781 0.868 0.014 0.012
2 0.767 0.613 0.022 0.022
2 0.626 0.676 0.012 0.012
2 0.622 0.636 0.02 0.008
2 0.625 0.628 0.014 0.008
2 0.24 0.628 0.016 0.024
2 0.213 0.838 0.018 0.028
2 0.176 0.747 0.024 0.022
2 0.391 0.864 0.022 0.02
2 0.212 0.784 0.016 0.008
2 0.182 0.793 0.036 0.014
2 0.09 0.776 0.028 0.008
2 0.062 0.771 0.012 0.014
2 0.047 0.67 0.014 0.016
2 0.022 0.668 0.02 0.02
2 0.845 0.812 0.03 0.036
2 0.502 0.255 0.028 0.038
2 0.351 0.507 0.01 0.01
2 0.553 0.498 0.006 0.008
2 0.935 0.347 0.022 0.018
2 0.056 0.033 0.012 0.014
2 0.252 0.738 0.012 0.008