0 0.805 0.706 0.038 0.056
0 0.723 0.694 0.046 0.048
0 0.892 0.201 0.044 0.062
0 0.974 0.384 0.044 0.088
0 0.988 0.395 0.02 0.042
0 0.903 0.344 0.058 0.068
0 0.92 0.945 0.032 0.066
0 0.89 0.98 0.052 0.036
0 0.879 0.936 0.026 0.064
0 0.733 0.993 0.05 0.01
0 0.756 0.879 0.048 0.054
0 0.575 0.992 0.038 0.012
0 0.52 0.966 0.032 0.056
0 0.464 0.961 0.036 0.05
0 0.466 0.988 0.028 0.02
0 0.379 0.989 0.038 0.018
0 0.166 0.985 0.04 0.026
0 0.068 0.979 0.04 0.038
0 0.078 0.894 0.044 0.06
0 0.034 0.819 0.044 0.062
0 0.037 0.854 0.038 0.02
0 0.128 0.905 0.04 0.046
0 0.123 0.796 0.042 0.06
0 0.116 0.839 0.048 0.038
0 0.167 0.838 0.038 0.056
0 0.29 0.872 0.06 0.068
0 0.342 0.85 0.04 0.048
0 0.338 0.896 0.052 0.044
0 0.378 0.917 0.032 0.026
0 0.379 0.943 0.034 0.022
0 0.383 0.835 0.038 0.038
0 0.418 0.855 0.04 0.046
0 0.479 0.901 0.03 0.03
0 0.546 0.863 0.044 0.05
0 0.599 0.913 0.046 0.042
0 0.677 0.904 0.034 0.056
0 0.623 0.869 0.054 0.05
0 0.673 0.833 0.042 0.046
0 0.655 0.797 0.05 0.046
0 0.581 0.757 0.046 0.066
0 0.503 0.797 0.034 0.058
0 0.419 0.769 0.042 0.058
0 0.806 0.84 0.04 0.056
0 0.822 0.869 0.04 0.046
0 0.973 0.815 0.046 0.034
0 0.99 0.843 0.016 0.05
0 0.99 0.795 0.016 0.05
0 0.924 0.762 0.048 0.08
0 0.879 0.75 0.026 0.032
0 0.758 0.797 0.04 0.046
0 0.744 0.822 0.044 0.028
0 0.344 0.788 0.044 0.06
0 0.487 0.711 0.03 0.046
0 0.433 0.705 0.022 0.022
0 0.391 0.683 0.034 0.05
0 0.344 0.726 0.036 0.052
0 0.221 0.785 0.03 0.042
0 0.267 0.734 0.034 0.052
0 0.263 0.699 0.034 0.054
0 0.216 0.713 0.024 0.018
0 0.205 0.684 0.046 0.052
0 0.185 0.723 0.042 0.038
0 0.042 0.704 0.032 0.048
0 0.005 0.655 0.006 0.026
0 0.074 0.655 0.024 0.026
0 0.499 0.644 0.046 0.06
0 0.562 0.66 0.04 0.056
0 0.606 0.673 0.036 0.042
0 0.787 0.632 0.046 0.056
0 0.965 0.7 0.042 0.052
0 0.993 0.684 0.01 0.036
0 0.987 0.609 0.022 0.034
0 0.942 0.556 0.028 0.036
0 0.809 0.568 0.026 0.036
0 0.78 0.549 0.052 0.07
0 0.666 0.535 0.044 0.046
0 0.674 0.568 0.044 0.056
0 0.703 0.576 0.034 0.044
0 0.57 0.53 0.048 0.06
0 0.503 0.524 0.042 0.052
0 0.461 0.497 0.038 0.058
0 0.433 0.618 0.034 0.036
0 0.408 0.63 0.028 0.032
0 0.378 0.63 0.024 0.024
0 0.276 0.642 0.032 0.028
0 0.223 0.613 0.038 0.058
0 0.19 0.594 0.044 0.056
0 0.113 0.618 0.042 0.044
0 0.021 0.595 0.038 0.07
0 0.075 0.561 0.042 0.054
0 0.334 0.564 0.044 0.056
0 0.907 0.499 0.05 0.062
0 0.87 0.487 0.044 0.054
0 0.8 0.451 0.06 0.078
0 0.656 0.451 0.036 0.058
0 0.602 0.428 0.036 0.064
0 0.541 0.459 0.054 0.07
0 0.452 0.418 0.04 0.028
0 0.482 0.362 0.04 0.056
0 0.419 0.335 0.042 0.046
0 0.821 0.312 0.05 0.076
0 0.781 0.348 0.042 0.056
0 0.691 0.334 0.046 0.056
0 0.729 0.281 0.058 0.078
0 0.417 0.536 0.038 0.04
0 0.425 0.522 0.034 0.06
0 0.114 0.456 0.04 0.068
0 0.064 0.454 0.04 0.052
0 0.018 0.459 0.032 0.03
0 0.122 0.505 0.036 0.026
0 0.156 0.443 0.036 0.03
0 0.057 0.365 0.038 0.042
0 0.051 0.32 0.038 0.048
0 0.01 0.315 0.016 0.042
0 0.021 0.354 0.038 0.052
0 0.03 0.256 0.04 0.06
0 0.015 0.289 0.026 0.03
0 0.126 0.212 0.04 0.048
0 0.198 0.111 0.04 0.042
0 0.23 0.124 0.024 0.04
0 0.128 0.032 0.036 0.06
0 0.024 0.058 0.04 0.056
0 0.204 0.028 0.056 0.052
0 0.278 0.021 0.052 0.038
0 0.532 0.01 0.044 0.016
0 0.435 0.024 0.034 0.044
0 0.599 0.115 0.05 0.066
0 0.682 0.107 0.04 0.05
0 0.723 0.106 0.042 0.036
0 0.778 0.089 0.04 0.062
0 0.8 0.147 0.04 0.066
0 0.409 0.156 0.05 0.068
0 0.016 0.029 0.028 0.042
0 0.057 0.173 0.034 0.03
0 0.736 0.034 0.052 0.044
0 0.749 0.012 0.054 0.02
0 0.952 0.155 0.06 0.07
0 0.942 0.237 0.044 0.074
0 0.976 0.225 0.04 0.074
0 0.208 0.194 0.04 0.068
0 0.98 0.124 0.02 0.028
0 0.975 0.101 0.026 0.03
0 0.989 0.029 0.018 0.022
0 0.881 0.088 0.022 0.024
0 0.863 0.119 0.022 0.03
0 0.682 0.197 0.048 0.09
0 0.68 0.033 0.024 0.018
0 0.414 0.106 0.02 0.032
0 0.527 0.106 0.046 0.056
0 0.36 0.115 0.056 0.058
0 0.315 0.222 0.038 0.068
0 0.113 0.289 0.03 0.042
0 0.184 0.293 0.048 0.042
0 0.186 0.254 0.036 0.044
0 0.413 0.28 0.054 0.064
0 0.345 0.437 0.034 0.058
0 0.378 0.432 0.036 0.036
0 0.552 0.347 0.044 0.058
0 0.522 0.367 0.044 0.046
0 0.528 0.399 0.052 0.05
0 0.086 0.057 0.052 0.066
0 0.961 0.282 0.018 0.024
0 0.194 0.359 0.04 0.03
0 0.262 0.408 0.036 0.052
0 0.276 0.376 0.036 0.052
0 0.204 0.889 0.024 0.022
0 0.182 0.46 0.048 0.028
0 0.995 0.559 0.006 0.022
0 0.149 0.378 0.046 0.044
0 0.176 0.399 0.04 0.038
0 0.522 0.199 0.052 0.09
0 0.619 0.254 0.034 0.024
0 0.611 0.278 0.042 0.044
0 0.83 0.372 0.028 0.032
1 0.154 0.948 0.02 0.02
1 0.666 0.769 0.028 0.018
1 0.622 0.768 0.02 0.044
1 0.602 0.787 0.012 0.022
1 0.868 0.814 0.016 0.016
1 0.405 0.795 0.018 0.026
1 0.172 0.649 0.016 0.026
1 0.654 0.514 0.032 0.02
1 0.345 0.487 0.03 0.014
1 0.264 0.556 0.032 0.024
1 0.742 0.252 0.012 0.008
1 0.378 0.576 0.016 0.048
1 0.089 0.021 0.034 0.014
1 0.743 0.215 0.034 0.018
1 0.887 0.403 0.022 0.018
1 0.888 0.422 0.02 0.024
1 0.237 0.444 0.026 0.02
1 0.248 0.871 0.008 0.018
1 0.229 0.877 0.034 0.018
1 0.233 0.885 0.018 0.01
1 0.97 0.654 0.012 0.016
1 0.981 0.636 0.01 0.012
1 0.505 0.227 0.026 0.038
2 0.778 0.983 0.028 0.026
2 0.769 0.912 0.022 0.012
2 0.328 0.979 0.036 0.038
2 0.866 0.833 0.02 0.018
2 0.233 0.745 0.018 0.026
2 0.226 0.731 0.024 0.018
2 0.869 0.586 0.018 0.02
2 0.328 0.644 0.044 0.032
2 0.013 0.532 0.022 0.028
2 0.833 0.011 0.03 0.018
2 0.973 0.066 0.022 0.012
2 0.951 0.062 0.01 0.016
2 0.955 0.019 0.03 0.03
2 0.491 0.075 0.03 0.062
2 0.34 0.074 0.044 0.06
2 0.318 0.164 0.02 0.02
2 0.614 0.349 0.028 0.03
2 0.958 0.751 0.028 0.026
2 0.967 0.467 0.034 0.03
2 0.058 0.01 0.024 0.016
2 0.474 0.152 0.04 0.028
2 0.754 0.196 0.036 0.016
2 0.836 0.196 0.016 0.044
2 0.225 0.377 0.022 0.03
2 0.255 0.889 0.022 0.018
2 0.237 0.947 0.01 0.014
2 0.225 0.858 0.018 0.016
2 0.075 0.615 0.034 0.046
2 0.211 0.494 0.03 0.028
2 0.76 0.594 0.04 0.052
2 0.996 0.539 0.004 0.022
2 0.576 0.3 0.028 0.044
2 0.563 0.269 0.022 0.038
2 0.176 0.671 0.024 0.022
2 0.191 0.652 0.018 0.024
2 0.755 0.484 0.026 0.02
2 0.729 0.452 0.034 0.024