0 0.531 0.166 0.046 0.076
0 0.66 0.152 0.04 0.076
0 0.591 0.18 0.058 0.072
0 0.644 0.215 0.044 0.074
0 0.677 0.301 0.05 0.058
0 0.626 0.246 0.044 0.044
0 0.451 0.151 0.03 0.05
0 0.445 0.113 0.042 0.042
0 0.492 0.18 0.044 0.056
0 0.423 0.186 0.042 0.068
0 0.396 0.234 0.044 0.052
0 0.327 0.228 0.038 0.056
0 0.513 0.232 0.034 0.036
0 0.531 0.281 0.046 0.062
0 0.488 0.317 0.052 0.07
0 0.463 0.344 0.046 0.06
0 0.412 0.304 0.044 0.056
0 0.246 0.043 0.044 0.058
0 0.198 0.068 0.056 0.06
0 0.131 0.085 0.05 0.07
0 0.22 0.156 0.044 0.06
0 0.187 0.13 0.046 0.056
0 0.748 0.121 0.052 0.058
0 0.958 0.041 0.048 0.07
0 0.801 0.04 0.042 0.056
0 0.64 0.047 0.04 0.066
0 0.456 0.032 0.044 0.06
0 0.345 0.139 0.034 0.066
0 0.307 0.126 0.038 0.076
0 0.281 0.173 0.05 0.062
0 0.253 0.194 0.038 0.048
0 0.294 0.219 0.032 0.034
0 0.288 0.277 0.052 0.078
0 0.045 0.126 0.042 0.06
0 0.019 0.176 0.034 0.052
0 0.049 0.194 0.034 0.06
0 0.057 0.253 0.042 0.062
0 0.126 0.24 0.052 0.068
0 0.122 0.162 0.04 0.068
0 0.226 0.307 0.044 0.07
0 0.234 0.36 0.04 0.048
0 0.24 0.411 0.036 0.062
0 0.192 0.423 0.056 0.066
0 0.119 0.423 0.03 0.042
0 0.087 0.443 0.046 0.054
0 0.17 0.514 0.04 0.06
0 0.131 0.495 0.042 0.058
0 0.166 0.327 0.068 0.058
0 0.849 0.211 0.038 0.074
0 0.512 0.423 0.044 0.05
0 0.476 0.435 0.048 0.07
0 0.369 0.435 0.058 0.062
0 0.776 0.37 0.036 0.044
0 0.733 0.36 0.046 0.068
0 0.697 0.365 0.038 0.058
0 0.192 0.735 0.044 0.054
0 0.173 0.791 0.058 0.066
0 0.129 0.754 0.042 0.052
0 0.036 0.833 0.044 0.078
0 0.177 0.59 0.05 0.076
0 0.078 0.525 0.04 0.062
0 0.089 0.589 0.03 0.062
0 0.416 0.348 0.048 0.056
0 0.574 0.373 0.04 0.042
0 0.575 0.396 0.026 0.024
0 0.725 0.442 0.038 0.06
0 0.73 0.555 0.036 0.05
0 0.678 0.549 0.044 0.078
0 0.787 0.615 0.038 0.058
0 0.82 0.64 0.028 0.04
0 0.789 0.678 0.034 0.044
0 0.826 0.725 0.052 0.066
0 0.806 0.584 0.056 0.072
0 0.675 0.679 0.046 0.058
0 0.81 0.271 0.044 0.07
0 0.775 0.265 0.026 0.042
0 0.791 0.162 0.026 0.024
0 0.897 0.288 0.034 0.056
0 0.911 0.25 0.05 0.072
0 0.914 0.348 0.044 0.048
0 0.901 0.377 0.074 0.094
0 0.847 0.344 0.034 0.048
0 0.805 0.358 0.046 0.052
0 0.85 0.455 0.036 0.054
0 0.974 0.652 0.048 0.08
0 0.956 0.474 0.04 0.052
0 0.976 0.502 0.04 0.048
0 0.951 0.683 0.046 0.058
0 0.977 0.743 0.042 0.058
0 0.943 0.751 0.042 0.058
0 0.964 0.789 0.04 0.038
0 0.516 0.63 0.048 0.06
0 0.424 0.562 0.044 0.056
0 0.769 0.739 0.046 0.058
0 0.8 0.78 0.04 0.052
0 0.816 0.849 0.04 0.07
0 0.859 0.891 0.046 0.074
0 0.833 0.936 0.038 0.044
0 0.804 0.954 0.048 0.048
0 0.962 0.912 0.036 0.068
0 0.734 0.783 0.064 0.118
0 0.619 0.758 0.046 0.072
0 0.558 0.815 0.048 0.058
0 0.601 0.811 0.034 0.07
0 0.619 0.847 0.042 0.042
0 0.482 0.895 0.044 0.074
0 0.388 0.807 0.036 0.058
0 0.321 0.881 0.046 0.07
0 0.284 0.874 0.036 0.056
0 0.237 0.87 0.038 0.056
0 0.175 0.912 0.054 0.06
0 0.148 0.955 0.044 0.054
0 0.339 0.942 0.046 0.048
0 0.306 0.962 0.048 0.052
0 0.417 0.954 0.03 0.044
0 0.262 0.931 0.04 0.058
0 0.235 0.938 0.038 0.052
0 0.06 0.961 0.064 0.054
0 0.038 0.966 0.048 0.064
0 0.875 0.109 0.058 0.05
0 0.945 0.101 0.042 0.066
0 0.935 0.241 0.042 0.042
0 0.609 0.162 0.038 0.04
0 0.248 0.521 0.052 0.094
0 0.266 0.658 0.048 0.076
0 0.255 0.698 0.038 0.036
0 0.045 0.028 0.046 0.056
0 0.817 0.177 0.03 0.03
0 0.449 0.243 0.042 0.058
0 0.987 0.35 0.022 0.072
0 0.974 0.419 0.036 0.05
0 0.942 0.405 0.028 0.054
0 0.696 0.458 0.056 0.088
0 0.621 0.567 0.05 0.054
0 0.385 0.61 0.042 0.068
0 0.444 0.645 0.044 0.074
0 0.451 0.596 0.038 0.052
0 0.318 0.571 0.06 0.078
0 0.102 0.662 0.048 0.052
0 0.88 0.775 0.044 0.07
0 0.898 0.828 0.056 0.044
0 0.579 0.727 0.038 0.062
0 0.518 0.705 0.044 0.046
0 0.405 0.631 0.026 0.042
0 0.377 0.685 0.046 0.074
0 0.432 0.743 0.06 0.058
0 0.131 0.807 0.042 0.05
0 0.404 0.261 0.024 0.022
1 0.613 0.225 0.022 0.018
1 0.248 0.09 0.032 0.032
1 0.566 0.058 0.024 0.028
1 0.507 0.061 0.026 0.03
1 0.077 0.167 0.018 0.034
1 0.151 0.438 0.018 0.02
1 0.818 0.205 0.02 0.026
1 0.497 0.47 0.014 0.016
1 0.432 0.481 0.028 0.022
1 0.36 0.501 0.02 0.03
1 0.333 0.395 0.022 0.034
1 0.196 0.551 0.024 0.03
1 0.06 0.633 0.012 0.026
1 0.376 0.343 0.028 0.022
1 0.517 0.382 0.018 0.02
1 0.565 0.467 0.018 0.026
1 0.764 0.566 0.02 0.024
1 0.765 0.23 0.026 0.024
1 0.77 0.169 0.02 0.022
1 0.768 0.185 0.012 0.014
1 0.837 0.382 0.03 0.036
1 0.819 0.401 0.034 0.03
1 0.902 0.481 0.024 0.042
1 0.848 0.48 0.02 0.028
1 0.909 0.556 0.042 0.056
1 0.876 0.546 0.032 0.04
1 0.904 0.591 0.02 0.026
1 0.535 0.604 0.018 0.032
1 0.861 0.981 0.026 0.018
1 0.66 0.812 0.024 0.036
1 0.445 0.905 0.018 0.042
1 0.431 0.865 0.014 0.038
1 0.187 0.876 0.038 0.028
1 0.953 0.186 0.022 0.028
1 0.931 0.204 0.034 0.032
1 0.225 0.676 0.022 0.028
1 0.102 0.052 0.02 0.032
1 0.102 0.08 0.012 0.028
1 0.967 0.332 0.018 0.032
1 0.606 0.366 0.032 0.036
1 0.657 0.424 0.03 0.032
1 0.482 0.553 0.028 0.03
1 0.955 0.606 0.03 0.032
1 0.921 0.857 0.018 0.022
1 0.906 0.872 0.02 0.016
1 0.677 0.945 0.026 0.026
1 0.534 0.695 0.028 0.022
1 0.536 0.734 0.02 0.016
1 0.507 0.734 0.018 0.012
1 0.361 0.741 0.026 0.014
1 0.341 0.734 0.018 0.012
1 0.279 0.732 0.014 0.032
1 0.278 0.759 0.024 0.022
1 0.232 0.768 0.032 0.02
1 0.084 0.814 0.02 0.04
2 0.488 0.266 0.028 0.028
2 0.745 0.05 0.046 0.036
2 0.569 0.504 0.046 0.044
2 0.982 0.951 0.032 0.042
2 0.552 0.915 0.04 0.054
2 0.098 0.316 0.036 0.048
2 0.166 0.041 0.052 0.054
2 0.404 0.104 0.02 0.036
2 0.622 0.509 0.032 0.026
2 0.627 0.536 0.03 0.028
2 0.527 0.534 0.042 0.024
2 0.891 0.655 0.034 0.042
2 0.736 0.607 0.048 0.062
2 0.372 0.469 0.052 0.038
2 0.678 0.861 0.052 0.054
2 0.707 0.901 0.018 0.018
2 0.607 0.963 0.026 0.03
2 0.449 0.954 0.026 0.016
2 0.91 0.065 0.056 0.074
2 0.692 0.184 0.016 0.016