0 0.032 0.136 0.04 0.048
0 0.038 0.05 0.036 0.032
0 0.004 0.023 0.008 0.034
0 0.238 0.013 0.036 0.022
0 0.257 0.03 0.034 0.04
0 0.226 0.053 0.028 0.042
0 0.1 0.153 0.032 0.038
0 0.141 0.165 0.03 0.03
0 0.183 0.176 0.046 0.036
0 0.107 0.213 0.03 0.05
0 0.16 0.242 0.028 0.028
0 0.027 0.182 0.01 0.012
0 0.041 0.188 0.018 0.028
0 0.025 0.206 0.014 0.012
0 0.034 0.34 0.036 0.036
0 0.036 0.453 0.064 0.074
0 0.061 0.377 0.046 0.038
0 0.09 0.394 0.056 0.064
0 0.298 0.18 0.044 0.048
0 0.307 0.259 0.054 0.066
0 0.259 0.283 0.038 0.046
0 0.326 0.329 0.04 0.05
0 0.292 0.316 0.04 0.036
0 0.224 0.353 0.04 0.038
0 0.484 0.054 0.04 0.044
0 0.498 0.006 0.044 0.012
0 0.379 0.17 0.026 0.028
0 0.397 0.18 0.026 0.032
0 0.364 0.25 0.044 0.048
0 0.443 0.233 0.046 0.046
0 0.545 0.103 0.046 0.034
0 0.62 0.09 0.028 0.024
0 0.738 0.044 0.044 0.036
0 0.725 0.065 0.034 0.022
0 0.869 0.01 0.062 0.02
0 0.884 0.031 0.024 0.026
0 0.862 0.047 0.04 0.042
0 0.935 0.108 0.042 0.052
0 0.884 0.081 0.044 0.042
0 0.833 0.089 0.042 0.042
0 0.727 0.113 0.034 0.03
0 0.863 0.214 0.046 0.052
0 0.95 0.223 0.032 0.038
0 0.969 0.303 0.042 0.054
0 0.896 0.327 0.036 0.03
0 0.913 0.348 0.046 0.024
0 0.971 0.471 0.038 0.042
0 0.908 0.486 0.036 0.036
0 0.868 0.469 0.032 0.038
0 0.985 0.567 0.026 0.038
0 0.964 0.612 0.04 0.044
0 0.988 0.987 0.02 0.022
0 0.818 0.988 0.044 0.02
0 0.838 0.946 0.04 0.04
0 0.777 0.941 0.038 0.034
0 0.753 0.899 0.046 0.034
0 0.708 0.953 0.032 0.03
0 0.531 0.981 0.062 0.034
0 0.908 0.876 0.044 0.044
0 0.866 0.845 0.032 0.038
0 0.905 0.793 0.05 0.054
0 0.866 0.809 0.024 0.038
0 0.86 0.755 0.024 0.022
0 0.88 0.709 0.028 0.034
0 0.823 0.79 0.058 0.06
0 0.801 0.854 0.058 0.056
0 0.773 0.823 0.046 0.078
0 0.751 0.775 0.026 0.042
0 0.703 0.817 0.054 0.066
0 0.787 0.672 0.042 0.04
0 0.872 0.646 0.04 0.048
0 0.82 0.638 0.032 0.04
0 0.792 0.622 0.032 0.028
0 0.756 0.52 0.064 0.1
0 0.666 0.073 0.04 0.062
0 0.527 0.159 0.038 0.046
0 0.521 0.233 0.034 0.038
0 0.501 0.259 0.034 0.042
0 0.488 0.283 0.036 0.026
0 0.486 0.343 0.044 0.042
0 0.427 0.343 0.038 0.05
0 0.377 0.334 0.026 0.032
0 0.463 0.422 0.034 0.044
0 0.504 0.413 0.044 0.058
0 0.502 0.464 0.044 0.052
0 0.554 0.427 0.04 0.07
0 0.602 0.428 0.04 0.048
0 0.641 0.421 0.038 0.046
0 0.377 0.985 0.05 0.026
0 0.321 0.988 0.054 0.02
0 0.372 0.935 0.04 0.034
0 0.076 0.988 0.048 0.02
0 0.024 0.963 0.036 0.03
0 0.011 0.988 0.022 0.02
0 0.029 0.902 0.042 0.048
0 0.139 0.935 0.054 0.054
0 0.207 0.909 0.034 0.034
0 0.174 0.857 0.012 0.03
0 0.1 0.803 0.04 0.03
0 0.062 0.738 0.032 0.06
0 0.162 0.761 0.02 0.034
0 0.148 0.783 0.032 0.05
0 0.257 0.839 0.038 0.05
0 0.312 0.898 0.032 0.044
0 0.35 0.895 0.04 0.05
0 0.325 0.937 0.018 0.026
0 0.421 0.944 0.03 0.04
0 0.467 0.912 0.018 0.024
0 0.482 0.9 0.012 0.032
0 0.497 0.801 0.054 0.054
0 0.41 0.884 0.048 0.056
0 0.406 0.769 0.04 0.046
0 0.542 0.743 0.052 0.046
0 0.612 0.762 0.032 0.04
0 0.619 0.707 0.03 0.038
0 0.559 0.706 0.038 0.032
0 0.587 0.694 0.022 0.036
0 0.64 0.537 0.044 0.042
0 0.603 0.51 0.03 0.044
0 0.543 0.552 0.038 0.04
0 0.509 0.534 0.034 0.028
0 0.203 0.708 0.022 0.028
0 0.202 0.675 0.052 0.046
0 0.27 0.664 0.04 0.028
0 0.3 0.699 0.028 0.026
0 0.419 0.654 0.042 0.04
0 0.507 0.613 0.042 0.05
0 0.01 0.555 0.02 0.046
0 0.006 0.494 0.012 0.024
0 0.149 0.528 0.042 0.032
0 0.137 0.323 0.066 0.046
0 0.148 0.297 0.028 0.018
0 0.207 0.405 0.034 0.042
0 0.134 0.463 0.02 0.026
0 0.168 0.487 0.04 0.03
0 0.289 0.425 0.038 0.034
0 0.277 0.401 0.062 0.058
0 0.138 0.594 0.036 0.036
0 0.187 0.608 0.034 0.056
0 0.2 0.559 0.036 0.026
0 0.214 0.574 0.032 0.036
0 0.235 0.61 0.038 0.04
0 0.2 0.645 0.028 0.026
0 0.209 0.623 0.03 0.018
0 0.31 0.615 0.036 0.046
0 0.361 0.517 0.042 0.058
0 0.456 0.484 0.04 0.044
0 0.409 0.49 0.03 0.04
0 0.449 0.539 0.03 0.03
0 0.429 0.559 0.026 0.034
0 0.734 0.412 0.052 0.06
0 0.765 0.382 0.038 0.052
0 0.749 0.333 0.034 0.038
0 0.674 0.359 0.036 0.034
0 0.695 0.312 0.046 0.036
0 0.568 0.307 0.052 0.042
0 0.635 0.28 0.026 0.048
0 0.691 0.272 0.05 0.056
0 0.7 0.227 0.024 0.038
0 0.734 0.267 0.04 0.046
1 0.009 0.155 0.018 0.026
1 0.017 0.094 0.018 0.024
1 0.119 0.005 0.054 0.01
1 0.193 0.036 0.034 0.016
1 0.318 0.009 0.028 0.018
1 0.187 0.096 0.018 0.024
1 0.215 0.178 0.018 0.032
1 0.036 0.267 0.024 0.022
1 0.014 0.219 0.016 0.03
1 0.009 0.186 0.018 0.012
1 0.018 0.465 0.036 0.038
1 0.212 0.286 0.02 0.016
1 0.2 0.311 0.028 0.022
1 0.325 0.114 0.022 0.024
1 0.402 0.138 0.024 0.02
1 0.343 0.228 0.006 0.016
1 0.454 0.267 0.02 0.022
1 0.635 0.068 0.01 0.016
1 0.713 0.047 0.018 0.014
1 0.785 0.005 0.022 0.01
1 0.744 0.082 0.024 0.016
1 0.796 0.129 0.008 0.018
1 0.836 0.156 0.024 0.016
1 0.877 0.172 0.018 0.032
1 0.966 0.248 0.028 0.02
1 0.941 0.267 0.018 0.034
1 0.954 0.38 0.008 0.032
1 0.974 0.386 0.016 0.02
1 0.994 0.729 0.008 0.026
1 0.977 0.732 0.022 0.02
1 0.995 0.96 0.006 0.036
1 0.869 0.93 0.014 0.024
1 0.828 0.922 0.02 0.02
1 0.688 0.982 0.024 0.02
1 0.64 0.954 0.024 0.02
1 0.633 0.925 0.026 0.018
1 0.92 0.855 0.024 0.022
1 0.892 0.736 0.028 0.02
1 0.849 0.707 0.026 0.022
1 0.781 0.703 0.026 0.014
1 0.825 0.614 0.018 0.012
1 0.805 0.593 0.03 0.014
1 0.809 0.462 0.01 0.012
1 0.816 0.481 0.008 0.006
1 0.819 0.399 0.018 0.026
1 0.801 0.379 0.022 0.022
1 0.599 0.148 0.022 0.02
1 0.538 0.194 0.028 0.02
1 0.613 0.195 0.022 0.018
1 0.482 0.311 0.016 0.014
1 0.395 0.392 0.026 0.024
1 0.402 0.403 0.012 0.026
1 0.21 0.858 0.032 0.024
1 0.08 0.702 0.02 0.024
1 0.144 0.696 0.012 0.024
1 0.115 0.726 0.026 0.028
1 0.159 0.715 0.018 0.014
1 0.277 0.878 0.018 0.024
1 0.338 0.954 0.032 0.012
1 0.525 0.91 0.018 0.024
1 0.465 0.962 0.018 0.02
1 0.461 0.86 0.026 0.02
1 0.45 0.883 0.024 0.014
1 0.414 0.8 0.028 0.02
1 0.353 0.768 0.026 0.032
1 0.66 0.718 0.024 0.012
1 0.634 0.658 0.02 0.032
1 0.544 0.66 0.024 0.016
1 0.542 0.666 0.012 0.012
1 0.643 0.492 0.022 0.028
1 0.282 0.748 0.02 0.028
1 0.35 0.711 0.02 0.014
1 0.424 0.695 0.02 0.026
1 0.446 0.626 0.012 0.024
1 0.463 0.593 0.014 0.01
1 0.019 0.541 0.022 0.026
1 0.122 0.522 0.008 0.016
1 0.152 0.369 0.02 0.018
1 0.186 0.405 0.028 0.018
1 0.251 0.471 0.018 0.022
1 0.111 0.616 0.026 0.02
1 0.34 0.534 0.016 0.024
1 0.437 0.515 0.026 0.018
1 0.713 0.484 0.026 0.028
1 0.624 0.323 0.028 0.018
1 0.586 0.282 0.024 0.02
1 0.715 0.235 0.018 0.018
1 0.877 0.416 0.018 0.02
1 0.895 0.395 0.018 0.018
1 0.578 0.832 0.02 0.012
1 0.826 0.575 0.016 0.022
1 0.833 0.56 0.014 0.008
1 0.951 0.815 0.022 0.018
1 0.931 0.744 0.006 0.012
1 0.242 0.98 0.02 0.028
1 0.615 0.994 0.018 0.008
2 0.132 0.088 0.036 0.032
2 0.067 0.248 0.022 0.02
2 0.465 0.041 0.026 0.026
2 0.409 0.274 0.026 0.028
2 0.786 0.154 0.02 0.024
2 0.939 0.322 0.042 0.04
2 0.978 0.414 0.04 0.04
2 0.613 0.12 0.026 0.02
2 0.498 0.193 0.032 0.022
2 0.257 0.889 0.014 0.022
2 0.523 0.878 0.026 0.024
2 0.652 0.604 0.04 0.048
2 0.456 0.593 0.024 0.05
2 0.193 0.348 0.026 0.028
2 0.78 0.226 0.032 0.036
2 0.856 0.42 0.012 0.04
2 0.265 0.163 0.026 0.022
2 0.259 0.19 0.026 0.028
2 0.279 0.146 0.014 0.032
2 0.192 0.238 0.008 0.008
2 0.162 0.552 0.02 0.024
2 0.325 0.564 0.014 0.02
2 0.613 0.359 0.014 0.022