0 0.335 0.37 0.026 0.032
0 0.396 0.191 0.032 0.038
0 0.131 0.022 0.034 0.044
0 0.018 0.121 0.036 0.042
0 0.143 0.085 0.034 0.046
0 0.072 0.097 0.052 0.046
0 0.068 0.142 0.036 0.04
0 0.031 0.187 0.034 0.058
0 0.021 0.058 0.034 0.044
0 0.205 0.016 0.038 0.032
0 0.254 0.07 0.036 0.048
0 0.275 0.175 0.034 0.042
0 0.331 0.179 0.03 0.05
0 0.099 0.235 0.034 0.042
0 0.371 0.075 0.042 0.054
0 0.407 0.029 0.03 0.034
0 0.432 0.011 0.036 0.022
0 0.45 0.016 0.02 0.032
0 0.545 0.034 0.034 0.048
0 0.602 0.021 0.036 0.042
0 0.669 0.053 0.034 0.054
0 0.755 0.02 0.03 0.04
0 0.468 0.177 0.044 0.042
0 0.496 0.115 0.036 0.066
0 0.455 0.088 0.038 0.048
0 0.436 0.125 0.036 0.066
0 0.588 0.216 0.04 0.044
0 0.523 0.258 0.026 0.04
0 0.535 0.211 0.038 0.054
0 0.663 0.242 0.042 0.04
0 0.659 0.147 0.042 0.034
0 0.654 0.194 0.04 0.056
0 0.638 0.224 0.028 0.04
0 0.746 0.121 0.028 0.046
0 0.918 0.101 0.044 0.046
0 0.987 0.069 0.022 0.054
0 0.983 0.007 0.03 0.014
0 0.943 0.275 0.034 0.038
0 0.899 0.224 0.038 0.036
0 0.802 0.384 0.04 0.044
0 0.823 0.35 0.038 0.032
0 0.849 0.321 0.03 0.042
0 0.83 0.272 0.032 0.04
0 0.787 0.273 0.03 0.038
0 0.732 0.25 0.036 0.052
0 0.725 0.206 0.03 0.04
0 0.763 0.194 0.034 0.036
0 0.976 0.243 0.032 0.038
0 0.936 0.348 0.036 0.048
0 0.856 0.413 0.036 0.042
0 0.707 0.386 0.034 0.048
0 0.677 0.335 0.042 0.038
0 0.642 0.32 0.044 0.04
0 0.617 0.32 0.03 0.052
0 0.538 0.31 0.04 0.032
0 0.534 0.355 0.036 0.046
0 0.498 0.335 0.044 0.042
0 0.437 0.361 0.038 0.034
0 0.396 0.323 0.04 0.042
0 0.317 0.418 0.026 0.036
0 0.359 0.438 0.03 0.032
0 0.4 0.413 0.044 0.038
0 0.361 0.378 0.034 0.04
0 0.257 0.316 0.034 0.052
0 0.177 0.326 0.03 0.028
0 0.12 0.345 0.032 0.038
0 0.09 0.385 0.036 0.05
0 0.054 0.35 0.04 0.04
0 0.018 0.407 0.032 0.042
0 0.018 0.443 0.028 0.026
0 0.115 0.393 0.026 0.038
0 0.248 0.455 0.04 0.042
0 0.155 0.499 0.054 0.038
0 0.147 0.457 0.022 0.034
0 0.195 0.463 0.026 0.034
0 0.171 0.457 0.026 0.034
0 0.45 0.426 0.032 0.04
0 0.524 0.448 0.052 0.044
0 0.555 0.431 0.038 0.046
0 0.321 0.499 0.03 0.03
0 0.419 0.509 0.034 0.034
0 0.489 0.498 0.046 0.032
0 0.546 0.519 0.04 0.038
0 0.576 0.53 0.036 0.032
0 0.499 0.569 0.034 0.026
0 0.492 0.538 0.036 0.036
0 0.029 0.543 0.03 0.042
0 0.092 0.578 0.032 0.028
0 0.02 0.585 0.032 0.042
0 0.148 0.548 0.036 0.028
0 0.185 0.618 0.03 0.032
0 0.194 0.65 0.028 0.032
0 0.063 0.622 0.034 0.028
0 0.057 0.682 0.026 0.028
0 0.084 0.672 0.024 0.032
0 0.127 0.677 0.03 0.03
0 0.13 0.651 0.028 0.03
0 0.053 0.739 0.03 0.038
0 0.068 0.772 0.028 0.028
0 0.077 0.8 0.03 0.024
0 0.015 0.77 0.026 0.036
0 0.253 0.706 0.054 0.04
0 0.278 0.739 0.04 0.038
0 0.308 0.725 0.04 0.026
0 0.243 0.752 0.03 0.036
0 0.223 0.757 0.022 0.03
0 0.168 0.741 0.032 0.022
0 0.017 0.851 0.026 0.026
0 0.047 0.844 0.026 0.028
0 0.046 0.938 0.028 0.032
0 0.13 0.91 0.024 0.036
0 0.106 0.849 0.024 0.03
0 0.11 0.878 0.028 0.028
0 0.079 0.904 0.034 0.032
0 0.149 0.953 0.022 0.03
0 0.191 0.959 0.026 0.042
0 0.238 0.976 0.032 0.032
0 0.196 0.913 0.032 0.034
0 0.237 0.916 0.034 0.044
0 0.184 0.814 0.032 0.032
0 0.157 0.877 0.03 0.026
0 0.316 0.669 0.032 0.022
0 0.304 0.628 0.04 0.036
0 0.262 0.619 0.036 0.03
0 0.253 0.58 0.026 0.032
0 0.296 0.568 0.032 0.028
0 0.3 0.554 0.032 0.02
0 0.372 0.704 0.032 0.036
0 0.339 0.7 0.034 0.04
0 0.369 0.881 0.042 0.05
0 0.28 0.911 0.028 0.026
0 0.297 0.928 0.03 0.028
0 0.307 0.964 0.026 0.036
0 0.37 0.938 0.044 0.044
0 0.4 0.969 0.032 0.034
0 0.425 0.955 0.03 0.034
0 0.47 0.972 0.032 0.024
0 0.539 0.957 0.042 0.03
0 0.512 0.919 0.036 0.042
0 0.957 0.466 0.03 0.04
0 0.914 0.519 0.032 0.05
0 0.967 0.545 0.038 0.046
0 0.849 0.624 0.034 0.048
0 0.868 0.663 0.04 0.042
0 0.904 0.675 0.028 0.042
0 0.949 0.708 0.034 0.028
0 0.976 0.716 0.04 0.028
0 0.726 0.515 0.036 0.042
0 0.986 0.506 0.024 0.048
0 0.987 0.427 0.022 0.03
0 0.771 0.494 0.03 0.036
0 0.729 0.568 0.042 0.032
0 0.789 0.597 0.034 0.038
0 0.754 0.615 0.04 0.038
0 0.666 0.567 0.028 0.038
0 0.853 0.471 0.026 0.03
0 0.782 0.691 0.028 0.03
0 0.765 0.667 0.026 0.034
0 0.728 0.68 0.04 0.04
0 0.749 0.747 0.026 0.022
0 0.83 0.698 0.036 0.032
0 0.809 0.731 0.034 0.03
0 0.827 0.582 0.026 0.02
0 0.979 0.6 0.026 0.024
0 0.99 0.771 0.016 0.03
0 0.819 0.774 0.034 0.032
0 0.914 0.814 0.036 0.032
0 0.923 0.862 0.046 0.032
0 0.988 0.899 0.02 0.03
0 0.991 0.981 0.014 0.03
0 0.918 0.981 0.04 0.034
0 0.868 0.881 0.04 0.034
0 0.922 0.896 0.024 0.024
0 0.9 0.9 0.032 0.036
0 0.802 0.849 0.036 0.034
0 0.771 0.879 0.034 0.03
0 0.745 0.872 0.03 0.032
0 0.832 0.907 0.032 0.03
0 0.729 0.929 0.03 0.026
0 0.707 0.954 0.034 0.028
0 0.715 0.887 0.034 0.034
0 0.746 0.829 0.028 0.026
0 0.678 0.823 0.036 0.046
0 0.698 0.768 0.028 0.036
0 0.833 0.557 0.026 0.026
0 0.892 0.49 0.032 0.032
0 0.802 0.464 0.04 0.032
0 0.819 0.454 0.046 0.036
0 0.649 0.617 0.042 0.038
0 0.661 0.657 0.038 0.03
0 0.653 0.733 0.034 0.038
0 0.66 0.757 0.028 0.03
0 0.639 0.794 0.034 0.048
0 0.596 0.746 0.032 0.028
0 0.61 0.876 0.036 0.024
0 0.636 0.911 0.036 0.034
0 0.632 0.974 0.024 0.04
0 0.607 0.946 0.03 0.028
0 0.605 0.922 0.03 0.02
0 0.598 0.901 0.032 0.026
0 0.562 0.823 0.032 0.022
0 0.606 0.824 0.04 0.036
0 0.604 0.801 0.036 0.026
0 0.55 0.598 0.036 0.032
0 0.518 0.599 0.032 0.026
0 0.492 0.639 0.04 0.038
0 0.498 0.668 0.028 0.024
0 0.479 0.68 0.034 0.032
0 0.589 0.708 0.034 0.04
0 0.547 0.719 0.038 0.034
0 0.549 0.794 0.034 0.032
0 0.529 0.798 0.03 0.032
0 0.474 0.821 0.036 0.046
0 0.44 0.847 0.028 0.03
0 0.416 0.85 0.028 0.044
0 0.438 0.823 0.02 0.018
0 0.404 0.173 0.032 0.034
0 0.411 0.27 0.03 0.032
0 0.391 0.286 0.038 0.032
0 0.408 0.547 0.028 0.038
0 0.378 0.551 0.036 0.046
0 0.362 0.528 0.024 0.028
0 0.475 0.526 0.022 0.016
0 0.41 0.617 0.036 0.034
0 0.389 0.634 0.034 0.036
0 0.505 0.704 0.038 0.028
0 0.456 0.728 0.032 0.032
0 0.366 0.975 0.028 0.026
0 0.361 0.991 0.034 0.014
0 0.319 0.986 0.03 0.024
0 0.387 0.749 0.034 0.022
0 0.135 0.777 0.03 0.03
0 0.145 0.803 0.03 0.03
0 0.153 0.766 0.03 0.028
0 0.102 0.905 0.02 0.022
0 0.064 0.99 0.024 0.016
0 0.012 0.985 0.024 0.026
0 0.134 0.986 0.032 0.024
0 0.155 0.983 0.03 0.03
0 0.761 0.99 0.03 0.016
0 0.962 0.207 0.028 0.03
0 0.77 0.147 0.012 0.026
0 0.743 0.456 0.022 0.02
0 0.246 0.412 0.032 0.032
0 0.78 0.245 0.016 0.018
0 0.244 0.839 0.016 0.026
0 0.005 0.068 0.01 0.044
0 0.007 0.689 0.01 0.038
0 0.562 0.006 0.028 0.012
0 0.83 0.004 0.024 0.008
0 0.314 0.363 0.02 0.018
0 0.489 0.994 0.03 0.008
0 0.514 0.993 0.024 0.01
1 0.195 0.716 0.018 0.02
1 0.796 0.561 0.028 0.018
1 0.495 0.873 0.018 0.018
1 0.399 0.766 0.022 0.016
1 0.182 0.769 0.016 0.018
1 0.036 0.276 0.016 0.024
1 0.587 0.661 0.022 0.022
1 0.644 0.845 0.016 0.014
1 0.194 0.198 0.02 0.024
1 0.641 0.098 0.018 0.016
1 0.197 0.348 0.026 0.016
1 0.662 0.295 0.02 0.014
1 0.668 0.268 0.02 0.012
1 0.774 0.233 0.016 0.014
1 0.078 0.839 0.02 0.018
1 0.333 0.051 0.018 0.018
1 0.473 0.915 0.014 0.018
1 0.368 0.65 0.008 0.012
2 0.33 0.307 0.032 0.034
2 0.81 0.652 0.028 0.032
2 0.844 0.764 0.032 0.036
2 0.962 0.857 0.032 0.03
2 0.808 0.907 0.02 0.026
2 0.914 0.47 0.052 0.036
2 0.756 0.9 0.02 0.02
2 0.522 0.763 0.02 0.026
2 0.973 0.281 0.03 0.034
2 0.667 0.43 0.022 0.04
2 0.212 0.502 0.024 0.028
2 0.47 0.463 0.024 0.034
2 0.168 0.899 0.02 0.026
2 0.83 0.935 0.036 0.03
2 0.695 0.702 0.03 0.028
2 0.929 0.646 0.034 0.036
2 0.355 0.51 0.026 0.028
2 0.36 0.741 0.024 0.026
2 0.943 0.937 0.038 0.038
2 0.904 0.583 0.028 0.026
2 0.946 0.512 0.032 0.064
2 0.583 0.599 0.034 0.046
2 0.158 0.37 0.02 0.028
2 0.224 0.363 0.024 0.026
2 0.233 0.317 0.018 0.018
2 0.26 0.252 0.028 0.024
2 0.187 0.231 0.022 0.03
2 0.28 0.222 0.024 0.024
2 0.438 0.311 0.02 0.018
2 0.425 0.332 0.018 0.012
2 0.588 0.305 0.028 0.038
2 0.875 0.306 0.022 0.02
2 0.97 0.355 0.016 0.022
2 0.849 0.532 0.022 0.024
2 0.804 0.617 0.028 0.03
2 0.535 0.626 0.03 0.028
2 0.56 0.624 0.02 0.016
2 0.456 0.763 0.024 0.018
2 0.426 0.815 0.02 0.022
2 0.427 0.797 0.014 0.018
2 0.349 0.814 0.026 0.04
2 0.141 0.839 0.026 0.03
2 0.079 0.977 0.018 0.022
2 0.066 0.934 0.024 0.024
2 0.611 0.372 0.046 0.04
2 0.649 0.388 0.042 0.044
2 0.578 0.383 0.032 0.014
2 0.418 0.917 0.028 0.03
2 0.093 0.458 0.022 0.016
2 0.09 0.42 0.036 0.028
2 0.072 0.588 0.028 0.024
2 0.235 0.562 0.03 0.04
2 0.336 0.611 0.028 0.026
2 0.87 0.787 0.02 0.022
2 0.866 0.73 0.028 0.032
2 0.317 0.035 0.022 0.026
2 0.212 0.141 0.016 0.026
2 0.354 0.122 0.024 0.036
2 0.011 0.246 0.022 0.024
2 0.025 0.351 0.014 0.054
2 0.21 0.4 0.024 0.04
2 0.044 0.711 0.016 0.022
2 0.038 0.629 0.028 0.026
2 0.096 0.611 0.024 0.014
2 0.149 0.631 0.022 0.01
2 0.674 0.008 0.012 0.016
2 0.939 0.043 0.026 0.038
2 0.822 0.081 0.028 0.022
2 0.608 0.989 0.02 0.018
2 0.877 0.947 0.034 0.022
2 0.469 0.869 0.026 0.034
2 0.588 0.251 0.032 0.026
2 0.497 0.372 0.022 0.02