0 0.195 0.294 0.038 0.056
0 0.277 0.306 0.046 0.048
0 0.108 0.799 0.044 0.062
0 0.026 0.616 0.044 0.088
0 0.011 0.606 0.022 0.04
0 0.097 0.656 0.058 0.068
0 0.08 0.055 0.032 0.066
0 0.111 0.019 0.05 0.038
0 0.121 0.064 0.026 0.064
0 0.268 0.006 0.048 0.012
0 0.244 0.121 0.048 0.054
0 0.426 0.007 0.036 0.014
0 0.48 0.034 0.032 0.056
0 0.536 0.039 0.036 0.05
0 0.534 0.012 0.028 0.02
0 0.622 0.01 0.036 0.02
0 0.835 0.014 0.038 0.028
0 0.933 0.02 0.038 0.04
0 0.922 0.106 0.044 0.06
0 0.966 0.181 0.044 0.062
0 0.963 0.146 0.038 0.02
0 0.872 0.095 0.04 0.046
0 0.877 0.204 0.042 0.06
0 0.884 0.161 0.048 0.038
0 0.833 0.162 0.038 0.056
0 0.71 0.128 0.06 0.068
0 0.658 0.15 0.04 0.048
0 0.662 0.104 0.052 0.044
0 0.622 0.083 0.032 0.026
0 0.621 0.057 0.034 0.022
0 0.617 0.165 0.038 0.038
0 0.582 0.145 0.04 0.046
0 0.521 0.099 0.03 0.03
0 0.454 0.137 0.044 0.05
0 0.401 0.087 0.046 0.042
0 0.323 0.096 0.034 0.056
0 0.377 0.131 0.054 0.05
0 0.327 0.167 0.042 0.046
0 0.345 0.203 0.05 0.046
0 0.419 0.243 0.046 0.066
0 0.497 0.203 0.034 0.058
0 0.581 0.231 0.042 0.058
0 0.194 0.16 0.04 0.056
0 0.178 0.131 0.04 0.046
0 0.027 0.185 0.046 0.034
0 0.009 0.158 0.018 0.048
0 0.009 0.206 0.018 0.048
0 0.076 0.238 0.048 0.08
0 0.121 0.25 0.026 0.032
0 0.242 0.203 0.04 0.046
0 0.256 0.178 0.044 0.028
0 0.656 0.212 0.044 0.06
0 0.513 0.289 0.03 0.046
0 0.567 0.295 0.022 0.022
0 0.609 0.317 0.034 0.05
0 0.656 0.274 0.036 0.052
0 0.779 0.215 0.03 0.042
0 0.733 0.266 0.034 0.052
0 0.737 0.301 0.034 0.054
0 0.784 0.287 0.024 0.018
0 0.795 0.316 0.046 0.052
0 0.815 0.277 0.042 0.038
0 0.958 0.296 0.032 0.048
0 0.995 0.345 0.006 0.026
0 0.926 0.345 0.024 0.026
0 0.501 0.356 0.046 0.06
0 0.438 0.34 0.04 0.056
0 0.394 0.327 0.036 0.042
0 0.213 0.368 0.046 0.056
0 0.035 0.3 0.042 0.052
0 0.006 0.317 0.012 0.034
0 0.012 0.392 0.024 0.032
0 0.058 0.444 0.028 0.036
0 0.191 0.432 0.026 0.036
0 0.22 0.451 0.052 0.07
0 0.334 0.465 0.044 0.046
0 0.326 0.432 0.044 0.056
0 0.297 0.424 0.034 0.044
0 0.43 0.47 0.048 0.06
0 0.497 0.476 0.042 0.052
0 0.539 0.503 0.038 0.058
0 0.567 0.382 0.034 0.036
0 0.592 0.37 0.028 0.032
0 0.622 0.37 0.024 0.024
0 0.724 0.358 0.032 0.028
0 0.777 0.387 0.038 0.058
0 0.81 0.406 0.044 0.056
0 0.887 0.382 0.042 0.044
0 0.979 0.405 0.038 0.07
0 0.925 0.439 0.042 0.054
0 0.666 0.436 0.044 0.056
0 0.093 0.501 0.05 0.062
0 0.13 0.513 0.044 0.054
0 0.2 0.549 0.06 0.078
0 0.344 0.549 0.036 0.058
0 0.398 0.572 0.036 0.064
0 0.459 0.541 0.054 0.07
0 0.548 0.582 0.04 0.028
0 0.518 0.638 0.04 0.056
0 0.581 0.665 0.042 0.046
0 0.179 0.688 0.05 0.076
0 0.219 0.652 0.042 0.056
0 0.309 0.666 0.046 0.056
0 0.271 0.719 0.058 0.078
0 0.583 0.464 0.038 0.04
0 0.575 0.478 0.034 0.06
0 0.886 0.544 0.04 0.068
0 0.936 0.546 0.04 0.052
0 0.982 0.541 0.032 0.03
0 0.878 0.495 0.036 0.026
0 0.844 0.557 0.036 0.03
0 0.943 0.635 0.038 0.042
0 0.949 0.68 0.038 0.048
0 0.99 0.685 0.016 0.042
0 0.979 0.646 0.038 0.052
0 0.97 0.744 0.04 0.06
0 0.985 0.711 0.026 0.03
0 0.874 0.788 0.04 0.048
0 0.802 0.889 0.04 0.042
0 0.77 0.876 0.024 0.04
0 0.872 0.968 0.036 0.06
0 0.976 0.942 0.04 0.056
0 0.796 0.972 0.056 0.052
0 0.722 0.979 0.052 0.038
0 0.468 0.99 0.044 0.016
0 0.565 0.976 0.034 0.044
0 0.401 0.885 0.05 0.066
0 0.318 0.893 0.04 0.05
0 0.277 0.894 0.042 0.036
0 0.222 0.911 0.04 0.062
0 0.2 0.853 0.04 0.066
0 0.591 0.844 0.05 0.068
0 0.984 0.971 0.028 0.042
0 0.943 0.827 0.034 0.03
0 0.264 0.966 0.052 0.044
0 0.251 0.988 0.054 0.02
0 0.048 0.845 0.06 0.07
0 0.058 0.763 0.044 0.074
0 0.024 0.775 0.04 0.074
0 0.792 0.806 0.04 0.068
0 0.02 0.876 0.02 0.028
0 0.025 0.899 0.026 0.03
0 0.01 0.972 0.02 0.02
0 0.119 0.912 0.022 0.024
0 0.137 0.881 0.022 0.03
0 0.318 0.803 0.048 0.09
0 0.32 0.967 0.024 0.018
0 0.586 0.894 0.02 0.032
0 0.473 0.894 0.046 0.056
0 0.64 0.885 0.056 0.058
0 0.685 0.778 0.038 0.068
0 0.887 0.711 0.03 0.042
0 0.816 0.707 0.048 0.042
0 0.814 0.746 0.036 0.044
0 0.587 0.72 0.054 0.064
0 0.655 0.563 0.034 0.058
0 0.622 0.568 0.036 0.036
0 0.448 0.653 0.044 0.058
0 0.478 0.633 0.044 0.046
0 0.472 0.601 0.052 0.05
0 0.914 0.943 0.052 0.066
0 0.039 0.718 0.018 0.024
0 0.806 0.641 0.04 0.03
0 0.738 0.592 0.036 0.052
0 0.724 0.624 0.036 0.052
0 0.796 0.111 0.024 0.022
0 0.818 0.54 0.048 0.028
0 0.004 0.442 0.008 0.02
0 0.851 0.622 0.046 0.044
0 0.824 0.601 0.04 0.038
0 0.478 0.801 0.052 0.09
0 0.381 0.746 0.034 0.024
0 0.389 0.722 0.042 0.044
0 0.17 0.628 0.028 0.032
1 0.846 0.052 0.02 0.02
1 0.334 0.231 0.028 0.018
1 0.378 0.232 0.02 0.044
1 0.398 0.213 0.012 0.022
1 0.132 0.186 0.016 0.016
1 0.595 0.205 0.018 0.026
1 0.828 0.351 0.016 0.026
1 0.346 0.486 0.032 0.02
1 0.655 0.513 0.03 0.014
1 0.736 0.444 0.032 0.024
1 0.258 0.748 0.012 0.008
1 0.622 0.424 0.016 0.048
1 0.911 0.979 0.034 0.014
1 0.257 0.785 0.034 0.018
1 0.113 0.597 0.022 0.018
1 0.112 0.578 0.02 0.024
1 0.763 0.556 0.026 0.02
1 0.752 0.129 0.008 0.018
1 0.771 0.123 0.034 0.018
1 0.767 0.115 0.018 0.01
1 0.03 0.346 0.012 0.016
1 0.019 0.364 0.01 0.012
1 0.495 0.773 0.026 0.038
2 0.222 0.017 0.028 0.026
2 0.231 0.088 0.022 0.012
2 0.673 0.02 0.034 0.04
2 0.134 0.167 0.02 0.018
2 0.767 0.255 0.018 0.026
2 0.774 0.269 0.024 0.018
2 0.131 0.414 0.018 0.02
2 0.672 0.356 0.044 0.032
2 0.987 0.468 0.022 0.028
2 0.167 0.989 0.03 0.018
2 0.027 0.934 0.022 0.012
2 0.049 0.938 0.01 0.016
2 0.045 0.981 0.03 0.03
2 0.509 0.925 0.03 0.062
2 0.66 0.926 0.044 0.06
2 0.682 0.836 0.02 0.02
2 0.386 0.651 0.028 0.03
2 0.042 0.249 0.028 0.026
2 0.033 0.533 0.034 0.03
2 0.942 0.99 0.024 0.016
2 0.526 0.848 0.04 0.028
2 0.246 0.804 0.036 0.016
2 0.164 0.804 0.016 0.044
2 0.775 0.623 0.022 0.03
2 0.745 0.111 0.022 0.018
2 0.763 0.053 0.01 0.014
2 0.775 0.142 0.018 0.016
2 0.925 0.385 0.034 0.046
2 0.789 0.506 0.03 0.028
2 0.24 0.406 0.04 0.052
2 0.003 0.462 0.006 0.02
2 0.424 0.7 0.028 0.044
2 0.437 0.731 0.022 0.038
2 0.824 0.329 0.024 0.022
2 0.809 0.348 0.018 0.024
2 0.245 0.516 0.026 0.02
2 0.271 0.548 0.034 0.024