0 0.515 0.666 0.05 0.036
0 0.522 0.618 0.084 0.08
0 0.588 0.554 0.048 0.048
0 0.572 0.521 0.036 0.038
0 0.952 0.977 0.04 0.042
0 0.888 0.962 0.06 0.056
0 0.819 0.979 0.038 0.038
0 0.742 0.964 0.068 0.048
0 0.716 0.981 0.028 0.034
0 0.704 0.703 0.068 0.07
0 0.759 0.672 0.038 0.056
0 0.713 0.646 0.05 0.04
0 0.72 0.737 0.036 0.038
0 0.758 0.725 0.036 0.046
0 0.471 0.775 0.062 0.094
0 0.55 0.837 0.044 0.034
0 0.529 0.861 0.038 0.026
0 0.469 0.968 0.042 0.048
0 0.925 0.896 0.054 0.04
0 0.981 0.887 0.034 0.042
0 0.595 0.84 0.042 0.04
0 0.962 0.828 0.06 0.044
0 0.806 0.871 0.048 0.038
0 0.667 0.887 0.03 0.038
0 0.694 0.895 0.028 0.03
0 0.53 0.934 0.06 0.048
0 0.353 0.896 0.046 0.052
0 0.312 0.871 0.04 0.038
0 0.351 0.769 0.074 0.086
0 0.206 0.81 0.04 0.052
0 0.24 0.831 0.048 0.054
0 0.276 0.775 0.072 0.078
0 0.163 0.767 0.058 0.09
0 0.352 0.697 0.064 0.066
0 0.296 0.672 0.028 0.036
0 0.219 0.655 0.046 0.05
0 0.204 0.692 0.028 0.028
0 0.245 0.679 0.026 0.022
0 0.094 0.799 0.048 0.05
0 0.035 0.945 0.042 0.05
0 0.073 0.608 0.042 0.036
0 0.033 0.572 0.05 0.044
0 0.03 0.521 0.048 0.042
0 0.026 0.486 0.048 0.064
0 0.09 0.728 0.044 0.052
0 0.401 0.648 0.034 0.04
0 0.382 0.602 0.052 0.036
0 0.348 0.518 0.04 0.028
0 0.309 0.427 0.054 0.062
0 0.336 0.441 0.028 0.046
0 0.257 0.475 0.074 0.074
0 0.212 0.58 0.044 0.048
0 0.11 0.486 0.044 0.04
0 0.071 0.43 0.046 0.052
0 0.063 0.374 0.042 0.052
0 0.421 0.451 0.058 0.046
0 0.451 0.439 0.054 0.054
0 0.405 0.405 0.042 0.054
0 0.529 0.401 0.054 0.062
0 0.383 0.483 0.026 0.034
0 0.388 0.46 0.028 0.032
0 0.493 0.725 0.038 0.034
0 0.561 0.718 0.046 0.04
0 0.551 0.318 0.042 0.048
0 0.531 0.289 0.042 0.038
0 0.556 0.248 0.048 0.044
0 0.587 0.244 0.03 0.032
0 0.64 0.202 0.052 0.032
0 0.596 0.195 0.044 0.042
0 0.429 0.292 0.05 0.044
0 0.467 0.282 0.026 0.02
0 0.469 0.241 0.046 0.05
0 0.359 0.301 0.046 0.066
0 0.291 0.336 0.05 0.056
0 0.259 0.246 0.062 0.048
0 0.267 0.279 0.078 0.042
0 0.181 0.228 0.054 0.072
0 0.13 0.264 0.04 0.044
0 0.121 0.394 0.038 0.052
0 0.091 0.379 0.046 0.054
0 0.231 0.397 0.07 0.086
0 0.278 0.589 0.036 0.038
0 0.218 0.541 0.052 0.03
0 0.863 0.524 0.034 0.068
0 0.893 0.478 0.042 0.04
0 0.787 0.516 0.046 0.056
0 0.932 0.418 0.052 0.064
0 0.864 0.418 0.044 0.044
0 0.801 0.375 0.046 0.046
0 0.771 0.401 0.054 0.042
0 0.715 0.363 0.05 0.034
0 0.397 0.169 0.054 0.038
0 0.366 0.132 0.04 0.036
0 0.302 0.143 0.04 0.046
0 0.252 0.123 0.036 0.046
0 0.201 0.152 0.066 0.068
0 0.186 0.102 0.056 0.064
0 0.232 0.039 0.044 0.058
0 0.199 0.042 0.038 0.044
0 0.047 0.126 0.062 0.048
0 0.046 0.086 0.036 0.028
0 0.033 0.207 0.058 0.054
0 0.682 0.438 0.048 0.044
0 0.66 0.415 0.024 0.038
0 0.62 0.385 0.044 0.05
0 0.741 0.274 0.046 0.04
0 0.732 0.219 0.032 0.034
0 0.635 0.296 0.042 0.044
0 0.674 0.26 0.04 0.036
0 0.677 0.228 0.022 0.036
0 0.975 0.307 0.042 0.038
0 0.936 0.309 0.04 0.05
0 0.892 0.325 0.036 0.034
0 0.83 0.289 0.048 0.038
0 0.795 0.314 0.03 0.02
0 0.982 0.234 0.032 0.04
0 0.967 0.206 0.022 0.024
0 0.951 0.209 0.03 0.034
0 0.929 0.155 0.034 0.046
0 0.877 0.166 0.038 0.04
0 0.836 0.147 0.04 0.038
0 0.806 0.137 0.04 0.038
0 0.762 0.185 0.036 0.042
0 0.747 0.165 0.03 0.03
0 0.651 0.144 0.03 0.028
0 0.685 0.109 0.046 0.05
0 0.659 0.06 0.03 0.028
0 0.624 0.066 0.036 0.044
0 0.556 0.034 0.04 0.032
0 0.52 0.044 0.036 0.032
0 0.547 0.119 0.038 0.034
0 0.538 0.093 0.032 0.034
0 0.473 0.103 0.034 0.038
0 0.311 0.099 0.042 0.034
0 0.92 0.241 0.04 0.038
0 0.98 0.187 0.036 0.05
0 0.949 0.063 0.038 0.034
0 0.967 0.087 0.03 0.034
0 0.047 0.892 0.042 0.056
0 0.016 0.872 0.028 0.04
1 0.465 0.56 0.026 0.024
1 0.48 0.518 0.028 0.028
1 0.53 0.483 0.02 0.018
1 0.754 0.986 0.024 0.024
1 0.697 0.982 0.018 0.02
1 0.669 0.935 0.022 0.026
1 0.397 0.827 0.026 0.022
1 0.461 0.859 0.022 0.018
1 0.844 0.914 0.04 0.028
1 0.756 0.899 0.028 0.018
1 0.735 0.877 0.03 0.026
1 0.834 0.819 0.024 0.022
1 0.798 0.803 0.032 0.03
1 0.774 0.781 0.02 0.038
1 0.748 0.829 0.02 0.018
1 0.737 0.853 0.014 0.018
1 0.732 0.81 0.012 0.016
1 0.787 0.9 0.038 0.028
1 0.533 0.974 0.026 0.016
1 0.247 0.965 0.034 0.038
1 0.49 0.925 0.016 0.022
1 0.646 0.74 0.024 0.036
1 0.51 0.783 0.024 0.026
1 0.283 0.7 0.026 0.016
1 0.274 0.686 0.024 0.024
1 0.06 0.843 0.028 0.03
1 0.037 0.836 0.026 0.04
1 0.006 0.454 0.008 0.016
1 0.341 0.492 0.034 0.02
1 0.26 0.525 0.024 0.014
1 0.135 0.58 0.026 0.02
1 0.147 0.53 0.026 0.024
1 0.614 0.667 0.024 0.022
1 0.703 0.594 0.026 0.024
1 0.645 0.586 0.026 0.04
1 0.549 0.192 0.022 0.02
1 0.41 0.244 0.032 0.028
1 0.375 0.321 0.03 0.022
1 0.254 0.309 0.028 0.034
1 0.217 0.292 0.018 0.04
1 0.207 0.264 0.022 0.02
1 0.141 0.21 0.034 0.032
1 0.17 0.308 0.02 0.036
1 0.189 0.346 0.03 0.02
1 0.128 0.364 0.024 0.02
1 0.136 0.324 0.016 0.028
1 0.12 0.325 0.02 0.034
1 0.083 0.306 0.014 0.012
1 0.234 0.411 0.028 0.03
1 0.167 0.391 0.026 0.022
1 0.424 0.179 0.028 0.022
1 0.185 0.141 0.022 0.014
1 0.058 0.24 0.02 0.02
1 0.011 0.188 0.018 0.016
1 0.68 0.369 0.016 0.022
1 0.694 0.225 0.016 0.038
1 0.843 0.303 0.014 0.014
1 0.771 0.323 0.022 0.022
1 0.834 0.376 0.016 0.016
1 0.684 0.496 0.032 0.028
1 0.663 0.478 0.018 0.016
1 0.948 0.457 0.024 0.022
1 0.698 0.152 0.008 0.016
1 0.69 0.143 0.012 0.018
1 0.473 0.04 0.038 0.02
1 0.419 0.04 0.018 0.02
1 0.375 0.057 0.038 0.018
1 0.594 0.133 0.024 0.026
1 0.285 0.031 0.022 0.03
1 0.036 0.027 0.02 0.026
1 0.88 0.232 0.016 0.028
1 0.874 0.206 0.02 0.012
1 0.816 0.224 0.024 0.044
1 0.875 0.237 0.01 0.014
1 0.014 0.695 0.024 0.026
1 0.811 0.477 0.038 0.026
1 0.56 0.464 0.036 0.028
1 0.545 0.487 0.022 0.018
1 0.032 0.32 0.044 0.04
1 0.156 0.287 0.02 0.026
1 0.782 0.09 0.032 0.04
1 0.733 0.037 0.026 0.05
1 0.912 0.05 0.04 0.032
1 0.848 0.039 0.036 0.034
2 0.662 0.965 0.028 0.026
2 0.574 0.891 0.052 0.038
2 0.622 0.842 0.024 0.044
2 0.831 0.743 0.034 0.05
2 0.879 0.749 0.03 0.022
2 0.822 0.789 0.024 0.038
2 0.951 0.794 0.038 0.044
2 0.901 0.805 0.018 0.014
2 0.959 0.759 0.026 0.022
2 0.981 0.746 0.022 0.024
2 0.821 0.66 0.03 0.032
2 0.828 0.679 0.02 0.026
2 0.862 0.835 0.032 0.034
2 0.851 0.631 0.042 0.034
2 0.885 0.595 0.026 0.026
2 0.941 0.578 0.046 0.02
2 0.287 0.835 0.034 0.026
2 0.259 0.881 0.034 0.042
2 0.234 0.902 0.02 0.02
2 0.263 0.951 0.038 0.038
2 0.41 0.772 0.032 0.044
2 0.121 0.53 0.018 0.016
2 0.089 0.475 0.018 0.026
2 0.466 0.377 0.06 0.054
2 0.619 0.635 0.026 0.038
2 0.192 0.486 0.024 0.02
2 0.433 0.151 0.022 0.022
2 0.09 0.085 0.028 0.034
2 0.106 0.204 0.036 0.044
2 0.077 0.225 0.038 0.034
2 0.646 0.227 0.024 0.018
2 0.813 0.529 0.066 0.078
2 0.792 0.599 0.04 0.05
2 0.279 0.093 0.014 0.018
2 0.104 0.665 0.028 0.022
2 0.168 0.58 0.028 0.032
2 0.603 0.741 0.01 0.01
2 0.595 0.734 0.014 0.012
2 0.582 0.745 0.012 0.01
2 0.734 0.449 0.032 0.038
2 0.742 0.481 0.02 0.018
2 0.021 0.267 0.022 0.034
2 0.633 0.177 0.018 0.014
2 0.523 0.151 0.038 0.03
2 0.142 0.881 0.032 0.018