0 0.941 0.974 0.058 0.048
0 0.861 0.961 0.03 0.058
0 0.795 0.954 0.058 0.088
0 0.856 0.875 0.04 0.066
0 0.675 0.89 0.066 0.104
0 0.548 0.968 0.052 0.06
0 0.481 0.904 0.03 0.044
0 0.475 0.843 0.038 0.066
0 0.437 0.869 0.034 0.086
0 0.387 0.854 0.034 0.076
0 0.417 0.962 0.026 0.044
0 0.487 0.981 0.03 0.034
0 0.386 0.971 0.04 0.054
0 0.268 0.853 0.04 0.082
0 0.225 0.852 0.042 0.056
0 0.208 0.924 0.024 0.048
0 0.125 0.908 0.034 0.064
0 0.085 0.963 0.034 0.07
0 0.037 0.908 0.038 0.064
0 0.008 0.894 0.012 0.056
0 0.251 0.967 0.046 0.062
0 0.226 0.804 0.044 0.032
0 0.551 0.858 0.03 0.048
0 0.584 0.868 0.032 0.044
0 0.634 0.822 0.036 0.044
0 0.661 0.795 0.038 0.054
0 0.644 0.712 0.044 0.068
0 0.723 0.679 0.034 0.074
0 0.775 0.796 0.038 0.048
0 0.767 0.849 0.042 0.054
0 0.554 0.737 0.04 0.054
0 0.533 0.686 0.034 0.048
0 0.608 0.682 0.04 0.056
0 0.507 0.75 0.03 0.048
0 0.444 0.799 0.036 0.05
0 0.409 0.805 0.034 0.054
0 0.393 0.767 0.034 0.074
0 0.433 0.697 0.026 0.046
0 0.469 0.698 0.034 0.064
0 0.488 0.722 0.028 0.052
0 0.481 0.588 0.038 0.072
0 0.423 0.534 0.042 0.064
0 0.44 0.486 0.032 0.056
0 0.469 0.493 0.034 0.046
0 0.371 0.459 0.026 0.054
0 0.303 0.532 0.03 0.06
0 0.188 0.593 0.048 0.05
0 0.167 0.679 0.042 0.058
0 0.209 0.697 0.026 0.07
0 0.105 0.685 0.05 0.074
0 0.129 0.777 0.042 0.078
0 0.05 0.772 0.036 0.06
0 0.328 0.491 0.024 0.034
0 0.288 0.424 0.032 0.024
0 0.331 0.396 0.03 0.044
0 0.326 0.334 0.04 0.056
0 0.378 0.384 0.028 0.044
0 0.429 0.305 0.038 0.046
0 0.438 0.348 0.032 0.048
0 0.458 0.368 0.032 0.04
0 0.506 0.36 0.028 0.056
0 0.525 0.426 0.03 0.044
0 0.584 0.414 0.02 0.048
0 0.644 0.414 0.024 0.036
0 0.678 0.482 0.04 0.036
0 0.652 0.55 0.032 0.04
0 0.586 0.568 0.028 0.052
0 0.516 0.539 0.02 0.038
0 0.557 0.578 0.026 0.032
0 0.737 0.533 0.03 0.05
0 0.734 0.485 0.032 0.034
0 0.834 0.483 0.052 0.058
0 0.764 0.592 0.036 0.056
0 0.798 0.642 0.04 0.076
0 0.882 0.784 0.024 0.036
0 0.917 0.826 0.03 0.048
0 0.971 0.781 0.042 0.05
0 0.98 0.726 0.036 0.072
0 0.982 0.628 0.032 0.068
0 0.984 0.889 0.028 0.106
0 0.92 0.547 0.032 0.062
0 0.983 0.512 0.03 0.072
0 0.91 0.452 0.036 0.068
0 0.844 0.378 0.032 0.048
0 0.919 0.352 0.03 0.048
0 0.864 0.315 0.044 0.062
0 0.907 0.306 0.026 0.048
0 0.983 0.347 0.03 0.046
0 0.951 0.416 0.026 0.04
0 0.744 0.313 0.032 0.042
0 0.6 0.291 0.028 0.038
0 0.526 0.31 0.032 0.036
0 0.52 0.26 0.032 0.044
0 0.491 0.328 0.038 0.048
0 0.509 0.202 0.038 0.06
0 0.563 0.193 0.03 0.042
0 0.6 0.192 0.032 0.052
0 0.801 0.235 0.034 0.05
0 0.773 0.224 0.03 0.036
0 0.703 0.15 0.034 0.048
0 0.871 0.193 0.038 0.058
0 0.903 0.193 0.03 0.074
0 0.933 0.123 0.03 0.054
0 0.929 0.088 0.03 0.036
0 0.991 0.068 0.014 0.036
0 0.95 0.02 0.028 0.032
0 0.832 0.045 0.02 0.042
0 0.794 0.069 0.04 0.05
0 0.746 0.101 0.024 0.018
0 0.706 0.113 0.036 0.038
0 0.65 0.083 0.028 0.062
0 0.691 0.037 0.038 0.062
0 0.547 0.049 0.03 0.042
0 0.489 0.07 0.03 0.044
0 0.61 0.095 0.02 0.03
0 0.388 0.227 0.032 0.066
0 0.319 0.213 0.034 0.046
0 0.348 0.18 0.036 0.056
0 0.385 0.161 0.026 0.042
0 0.432 0.176 0.02 0.048
0 0.215 0.206 0.03 0.04
0 0.207 0.257 0.034 0.042
0 0.201 0.299 0.026 0.038
0 0.178 0.338 0.032 0.044
0 0.087 0.419 0.026 0.042
0 0.054 0.455 0.028 0.038
0 0.078 0.602 0.044 0.064
0 0.137 0.567 0.022 0.05
0 0.158 0.169 0.044 0.078
0 0.094 0.165 0.028 0.038
0 0.057 0.105 0.03 0.062
0 0.1 0.101 0.032 0.054
0 0.022 0.198 0.032 0.052
0 0.071 0.264 0.03 0.052
0 0.259 0.359 0.026 0.042
0 0.294 0.108 0.032 0.044
0 0.335 0.063 0.03 0.046
0 0.191 0.118 0.026 0.04
0 0.139 0.028 0.026 0.048
0 0.17 0.015 0.032 0.026
0 0.096 0.029 0.028 0.046
0 0.013 0.022 0.022 0.04
0 0.184 0.091 0.024 0.034
0 0.266 0.07 0.028 0.048
0 0.236 0.119 0.02 0.042
0 0.216 0.148 0.024 0.036
0 0.211 0.394 0.022 0.036
0 0.161 0.365 0.026 0.042
0 0.039 0.512 0.026 0.04
0 0.043 0.319 0.022 0.026
0 0.041 0.292 0.026 0.024
0 0.975 0.209 0.026 0.034
0 0.472 0.011 0.032 0.018
0 0.42 0.055 0.024 0.038
0 0.271 0.23 0.034 0.04
0 0.266 0.469 0.032 0.05
0 0.007 0.611 0.01 0.046
0 0.013 0.469 0.022 0.022
0 0.103 0.28 0.026 0.036
0 0.198 0.062 0.024 0.028
1 0.126 0.995 0.024 0.006
1 0.275 0.906 0.03 0.036
1 0.32 0.888 0.032 0.032
1 0.315 0.834 0.022 0.02
1 0.3 0.816 0.02 0.02
1 0.607 0.994 0.022 0.008
1 0.675 0.76 0.018 0.024
1 0.677 0.737 0.026 0.034
1 0.556 0.704 0.024 0.028
1 0.136 0.832 0.016 0.036
1 0.049 0.824 0.026 0.02
1 0.296 0.719 0.02 0.026
1 0.29 0.634 0.02 0.032
1 0.372 0.576 0.032 0.028
1 0.325 0.452 0.022 0.02
1 0.545 0.442 0.026 0.02
1 0.674 0.505 0.024 0.022
1 0.657 0.569 0.022 0.01
1 0.673 0.613 0.018 0.018
1 0.634 0.596 0.02 0.024
1 0.756 0.445 0.02 0.03
1 0.811 0.511 0.026 0.03
1 0.831 0.591 0.022 0.026
1 0.736 0.6 0.02 0.02
1 0.874 0.732 0.024 0.032
1 0.916 0.663 0.016 0.03
1 0.994 0.811 0.008 0.034
1 0.915 0.285 0.022 0.022
1 0.962 0.303 0.016 0.034
1 0.96 0.339 0.016 0.03
1 0.961 0.463 0.026 0.03
1 0.905 0.609 0.018 0.018
1 0.71 0.31 0.02 0.02
1 0.712 0.332 0.016 0.012
1 0.462 0.313 0.024 0.022
1 0.866 0.247 0.024 0.03
1 0.83 0.218 0.024 0.024
1 0.742 0.188 0.02 0.02
1 0.668 0.21 0.02 0.032
1 0.631 0.162 0.03 0.04
1 0.981 0.018 0.026 0.032
1 0.596 0.061 0.032 0.022
1 0.487 0.04 0.018 0.02
1 0.302 0.3 0.024 0.036
1 0.313 0.279 0.03 0.03
1 0.232 0.339 0.016 0.018
1 0.225 0.366 0.034 0.024
1 0.249 0.425 0.022 0.026
1 0.112 0.61 0.02 0.032
1 0.01 0.518 0.016 0.028
1 0.033 0.468 0.01 0.036
1 0.063 0.343 0.022 0.026
1 0.053 0.254 0.022 0.02
1 0.285 0.025 0.026 0.022
1 0.213 0.007 0.022 0.01
1 0.039 0.405 0.022 0.026
1 0.665 0.054 0.014 0.028
2 0.015 0.966 0.026 0.064
2 0.337 0.847 0.026 0.046
2 0.424 0.914 0.04 0.056
2 0.607 0.961 0.038 0.046
2 0.589 0.712 0.034 0.064
2 0.458 0.675 0.016 0.03
2 0.293 0.573 0.022 0.03
2 0.072 0.736 0.02 0.028
2 0.104 0.781 0.032 0.054
2 0.559 0.546 0.022 0.024
2 0.808 0.43 0.02 0.052
2 0.795 0.559 0.026 0.046
2 0.829 0.647 0.042 0.066
2 0.905 0.71 0.034 0.064
2 0.545 0.33 0.018 0.044
2 0.909 0.059 0.014 0.026
2 0.441 0.011 0.03 0.018
2 0.455 0.076 0.034 0.048
2 0.404 0.131 0.028 0.022
2 0.241 0.507 0.026 0.034
2 0.084 0.508 0.032 0.02
2 0.04 0.669 0.028 0.034
2 0.225 0.408 0.018 0.024
2 0.126 0.313 0.028 0.018
2 0.01 0.32 0.016 0.028
2 0.016 0.228 0.028 0.02
2 0.241 0.033 0.022 0.026
2 0.076 0.007 0.02 0.01
2 0.007 0.087 0.01 0.042
2 0.46 0.405 0.028 0.026
2 0.57 0.335 0.028 0.042