0 0.935 0.888 0.038 0.044
0 0.895 0.854 0.034 0.04
0 0.804 0.832 0.04 0.064
0 0.773 0.863 0.038 0.066
0 0.707 0.905 0.034 0.042
0 0.779 0.944 0.034 0.048
0 0.933 0.757 0.034 0.058
0 0.881 0.702 0.042 0.056
0 0.851 0.661 0.042 0.066
0 0.931 0.596 0.034 0.052
0 0.918 0.559 0.032 0.034
0 0.963 0.522 0.038 0.096
0 0.978 0.49 0.04 0.064
0 0.865 0.51 0.03 0.06
0 0.825 0.489 0.042 0.054
0 0.795 0.57 0.038 0.056
0 0.928 0.435 0.032 0.046
0 0.954 0.411 0.032 0.042
0 0.845 0.378 0.034 0.06
0 0.906 0.357 0.032 0.042
0 0.965 0.268 0.034 0.048
0 0.9 0.225 0.036 0.054
0 0.947 0.207 0.042 0.046
0 0.981 0.208 0.034 0.06
0 0.991 0.178 0.014 0.04
0 0.92 0.107 0.04 0.066
0 0.87 0.064 0.028 0.044
0 0.838 0.069 0.024 0.042
0 0.893 0.142 0.026 0.04
0 0.84 0.168 0.036 0.04
0 0.708 0.214 0.036 0.04
0 0.703 0.129 0.046 0.05
0 0.713 0.161 0.034 0.03
0 0.763 0.38 0.03 0.048
0 0.786 0.326 0.048 0.052
0 0.707 0.357 0.038 0.058
0 0.637 0.3 0.046 0.056
0 0.639 0.39 0.046 0.04
0 0.598 0.406 0.036 0.036
0 0.611 0.375 0.034 0.042
0 0.596 0.339 0.028 0.058
0 0.655 0.356 0.042 0.052
0 0.558 0.37 0.036 0.048
0 0.522 0.297 0.032 0.062
0 0.529 0.156 0.034 0.052
0 0.46 0.086 0.036 0.064
0 0.391 0.084 0.038 0.052
0 0.398 0.126 0.036 0.04
0 0.274 0.16 0.032 0.04
0 0.25 0.118 0.032 0.052
0 0.192 0.11 0.04 0.052
0 0.119 0.146 0.038 0.056
0 0.147 0.124 0.034 0.036
0 0.168 0.028 0.06 0.052
0 0.235 0.038 0.034 0.056
0 0.404 0.022 0.032 0.04
0 0.325 0.04 0.046 0.06
0 0.374 0.251 0.04 0.054
0 0.305 0.325 0.042 0.054
0 0.365 0.324 0.034 0.04
0 0.386 0.334 0.016 0.048
0 0.309 0.371 0.042 0.054
0 0.442 0.298 0.036 0.044
0 0.468 0.281 0.048 0.05
0 0.308 0.276 0.04 0.04
0 0.345 0.241 0.03 0.05
0 0.31 0.238 0.036 0.048
0 0.279 0.236 0.038 0.048
0 0.28 0.196 0.036 0.036
0 0.813 0.691 0.042 0.05
0 0.779 0.71 0.042 0.04
0 0.721 0.672 0.034 0.068
0 0.809 0.607 0.026 0.034
0 0.966 0.67 0.04 0.044
0 0.993 0.657 0.01 0.042
0 0.978 0.649 0.028 0.03
0 0.991 0.618 0.014 0.032
0 0.67 0.761 0.024 0.046
0 0.617 0.733 0.042 0.046
0 0.553 0.707 0.03 0.058
0 0.547 0.644 0.038 0.06
0 0.545 0.525 0.038 0.054
0 0.573 0.48 0.034 0.044
0 0.485 0.443 0.054 0.046
0 0.473 0.396 0.042 0.044
0 0.415 0.424 0.03 0.048
0 0.404 0.529 0.036 0.062
0 0.34 0.52 0.04 0.052
0 0.315 0.538 0.038 0.044
0 0.285 0.559 0.038 0.098
0 0.44 0.659 0.048 0.058
0 0.413 0.669 0.046 0.05
0 0.374 0.686 0.028 0.028
0 0.398 0.734 0.04 0.048
0 0.455 0.762 0.038 0.044
0 0.428 0.868 0.032 0.056
0 0.504 0.871 0.04 0.05
0 0.535 0.825 0.034 0.054
0 0.566 0.812 0.04 0.092
0 0.414 0.812 0.028 0.048
0 0.356 0.767 0.036 0.074
0 0.343 0.818 0.05 0.076
0 0.267 0.85 0.034 0.06
0 0.242 0.846 0.036 0.06
0 0.305 0.936 0.03 0.076
0 0.416 0.98 0.04 0.036
0 0.496 0.98 0.044 0.036
0 0.55 0.968 0.028 0.036
0 0.229 0.893 0.038 0.058
0 0.187 0.932 0.026 0.04
0 0.165 0.927 0.038 0.074
0 0.17 0.987 0.048 0.022
0 0.174 0.816 0.036 0.052
0 0.157 0.754 0.034 0.04
0 0.156 0.712 0.032 0.044
0 0.104 0.663 0.036 0.074
0 0.068 0.664 0.036 0.052
0 0.138 0.595 0.028 0.042
0 0.174 0.605 0.036 0.05
0 0.169 0.633 0.034 0.05
0 0.285 0.673 0.03 0.074
0 0.23 0.65 0.028 0.056
0 0.222 0.548 0.04 0.052
0 0.169 0.543 0.026 0.038
0 0.126 0.484 0.028 0.044
0 0.061 0.462 0.03 0.044
0 0.167 0.446 0.038 0.048
0 0.158 0.416 0.036 0.04
0 0.144 0.352 0.044 0.068
0 0.093 0.399 0.038 0.062
0 0.014 0.365 0.024 0.054
0 0.014 0.429 0.024 0.046
0 0.08 0.228 0.036 0.072
0 0.055 0.232 0.022 0.04
0 0.038 0.248 0.032 0.056
0 0.014 0.266 0.024 0.064
0 0.02 0.087 0.036 0.05
0 0.033 0.046 0.038 0.044
0 0.228 0.294 0.032 0.04
0 0.206 0.248 0.04 0.068
0 0.426 0.256 0.036 0.044
0 0.448 0.225 0.04 0.054
0 0.49 0.194 0.032 0.068
0 0.55 0.026 0.04 0.048
0 0.879 0.306 0.026 0.068
0 0.788 0.505 0.028 0.038
0 0.637 0.506 0.034 0.04
0 0.848 0.604 0.044 0.048
0 0.677 0.484 0.05 0.076
0 0.513 0.496 0.042 0.048
0 0.472 0.52 0.048 0.048
0 0.631 0.604 0.034 0.052
0 0.607 0.636 0.038 0.072
0 0.494 0.663 0.036 0.078
0 0.403 0.616 0.03 0.028
0 0.258 0.596 0.032 0.04
0 0.053 0.581 0.026 0.042
0 0.018 0.602 0.032 0.06
0 0.055 0.779 0.034 0.054
0 0.039 0.736 0.03 0.06
0 0.499 0.794 0.034 0.052
0 0.721 0.972 0.042 0.048
0 0.698 0.965 0.024 0.034
0 0.665 0.984 0.03 0.028
0 0.352 0.956 0.028 0.044
0 0.329 0.987 0.042 0.022
0 0.331 0.965 0.026 0.026
0 0.07 0.885 0.036 0.038
0 0.149 0.892 0.034 0.032
0 0.048 0.917 0.024 0.042
0 0.626 0.824 0.048 0.056
0 0.755 0.716 0.022 0.048
0 0.718 0.791 0.048 0.05
0 0.642 0.645 0.04 0.062
0 0.54 0.402 0.036 0.052
0 0.558 0.305 0.044 0.07
0 0.801 0.38 0.046 0.052
0 0.748 0.298 0.028 0.04
0 0.709 0.264 0.034 0.04
0 0.307 0.431 0.034 0.042
0 0.279 0.387 0.026 0.042
0 0.287 0.457 0.03 0.038
0 0.078 0.334 0.044 0.052
0 0.099 0.297 0.034 0.042
0 0.472 0.023 0.036 0.042
0 0.366 0.047 0.028 0.03
0 0.352 0.02 0.032 0.024
0 0.841 0.214 0.026 0.04
0 0.794 0.433 0.04 0.034
0 0.893 0.99 0.026 0.016
0 0.862 0.965 0.036 0.058
0 0.895 0.934 0.022 0.036
0 0.822 0.891 0.032 0.05
0 0.987 0.728 0.022 0.052
0 0.974 0.828 0.032 0.032
0 0.319 0.769 0.018 0.026
0 0.985 0.436 0.026 0.028
0 0.947 0.02 0.046 0.036
0 0.743 0.014 0.018 0.024
0 0.658 0.011 0.028 0.018
0 0.614 0.009 0.028 0.014
0 0.611 0.051 0.022 0.082
0 0.646 0.204 0.028 0.052
0 0.356 0.16 0.036 0.044
0 0.24 0.256 0.02 0.048
0 0.911 0.316 0.03 0.048
0 0.601 0.833 0.022 0.042
0 0.516 0.2 0.028 0.032
1 0.595 0.293 0.03 0.038
1 0.309 0.171 0.026 0.034
1 0.175 0.073 0.034 0.026
1 0.116 0.072 0.028 0.024
1 0.404 0.28 0.024 0.036
1 0.578 0.071 0.024 0.034
1 0.686 0.043 0.028 0.042
1 0.769 0.109 0.03 0.034
1 0.054 0.965 0.02 0.026
1 0.735 0.71 0.03 0.04
1 0.085 0.444 0.026 0.024
1 0.812 0.208 0.028 0.032
1 0.864 0.254 0.028 0.028
1 0.12 0.201 0.036 0.034
1 0.94 0.965 0.02 0.038
1 0.897 0.971 0.022 0.03
1 0.904 0.904 0.024 0.02
1 0.831 0.972 0.018 0.028
1 0.767 0.974 0.018 0.028
1 0.64 0.945 0.016 0.034
1 0.616 0.923 0.016 0.034
1 0.669 0.819 0.034 0.014
1 0.596 0.797 0.02 0.022
1 0.918 0.792 0.032 0.024
1 0.362 0.905 0.016 0.034
1 0.072 0.931 0.016 0.03
1 0.028 0.947 0.008 0.018
1 0.014 0.92 0.016 0.02
1 0.117 0.834 0.034 0.02
1 0.297 0.76 0.018 0.02
1 0.254 0.765 0.016 0.042
1 0.453 0.886 0.022 0.052
1 0.234 0.733 0.02 0.03
1 0.146 0.689 0.016 0.018
1 0.355 0.434 0.026 0.032
1 0.431 0.371 0.03 0.03
1 0.221 0.364 0.018 0.024
1 0.245 0.404 0.026 0.02
1 0.333 0.439 0.014 0.03
1 0.285 0.496 0.018 0.036
1 0.078 0.491 0.024 0.026
1 0.114 0.574 0.012 0.024
1 0.13 0.543 0.012 0.03
1 0.017 0.714 0.014 0.032
1 0.861 0.73 0.018 0.036
1 0.963 0.724 0.018 0.032
1 0.847 0.774 0.018 0.02
1 0.709 0.587 0.022 0.022
1 0.743 0.522 0.022 0.016
1 0.754 0.546 0.012 0.024
1 0.775 0.484 0.018 0.02
1 0.715 0.478 0.018 0.024
1 0.878 0.463 0.016 0.034
1 0.807 0.452 0.034 0.016
1 0.8 0.269 0.036 0.034
1 0.802 0.123 0.02 0.026
1 0.755 0.076 0.022 0.02
1 0.899 0.073 0.018 0.018
1 0.943 0.049 0.018 0.026
1 0.972 0.073 0.02 0.014
1 0.874 0.105 0.016 0.018
1 0.888 0.1 0.012 0.012
1 0.837 0.108 0.01 0.016
1 0.671 0.161 0.014 0.014
1 0.666 0.112 0.012 0.012
1 0.735 0.198 0.026 0.024
1 0.538 0.101 0.024 0.026
1 0.549 0.126 0.022 0.02
1 0.473 0.225 0.018 0.034
1 0.411 0.193 0.022 0.03
1 0.299 0.081 0.026 0.034
1 0.158 0.192 0.012 0.024
1 0.129 0.302 0.026 0.02
1 0.106 0.172 0.02 0.024
1 0.025 0.186 0.026 0.028
1 0.08 0.031 0.028 0.026
1 0.262 0.316 0.016 0.02
1 0.576 0.569 0.024 0.03
1 0.513 0.75 0.018 0.04
1 0.5 0.836 0.028 0.016
1 0.52 0.935 0.02 0.03
1 0.225 0.432 0.014 0.02
1 0.061 0.404 0.018 0.048
1 0.051 0.324 0.014 0.024
1 0.042 0.317 0.012 0.018
1 0.032 0.42 0.016 0.028
1 0.681 0.668 0.022 0.048
1 0.766 0.799 0.024 0.03
1 0.712 0.769 0.008 0.01
1 0.519 0.599 0.022 0.03
1 0.675 0.578 0.022 0.032
1 0.559 0.437 0.018 0.03
1 0.899 0.413 0.026 0.046
1 0.592 0.024 0.012 0.024
1 0.582 0.033 0.024 0.026
1 0.059 0.012 0.014 0.02
1 0.123 0.397 0.014 0.018
1 0.085 0.62 0.018 0.012
1 0.603 0.583 0.014 0.022
1 0.671 0.241 0.014 0.014
1 0.572 0.53 0.024 0.036
2 0.08 0.979 0.024 0.038
2 0.364 0.138 0.028 0.04
2 0.861 0.008 0.022 0.012
2 0.731 0.847 0.022 0.014
2 0.701 0.811 0.006 0.018
2 0.156 0.003 0.02 0.002
2 0.118 0.01 0.024 0.016
2 0.167 0.265 0.018 0.05
2 0.115 0.234 0.01 0.012
2 0.004 0.518 0.004 0.032
2 0.003 0.46 0.002 0.024
2 0.006 0.733 0.008 0.018
2 0.003 0.821 0.002 0.034
2 0.045 0.816 0.01 0.016
2 0.263 0.681 0.014 0.034
2 0.377 0.705 0.01 0.006
2 0.62 0.992 0.016 0.012
2 0.996 0.786 0.004 0.036
2 0.616 0.572 0.008 0.008
2 0.607 0.559 0.01 0.014
2 0.247 0.515 0.01 0.018
2 0.839 0.247 0.038 0.022
2 0.533 0.343 0.006 0.022
2 0.435 0.774 0.018 0.04
2 0.04 0.99 0.012 0.016
2 0.623 0.867 0.03 0.014
2 0.526 0.454 0.008 0.016
2 0.114 0.442 0.016 0.024
2 0.176 0.329 0.008 0.034
2 0.669 0.703 0.018 0.05