0 0.016 0.094 0.032 0.072
0 0.021 0.179 0.038 0.062
0 0.1 0.18 0.028 0.044
0 0.148 0.122 0.024 0.044
0 0.184 0.125 0.024 0.038
0 0.262 0.141 0.028 0.038
0 0.187 0.02 0.05 0.04
0 0.151 0.034 0.03 0.044
0 0.247 0.026 0.03 0.048
0 0.294 0.175 0.04 0.062
0 0.338 0.189 0.032 0.042
0 0.275 0.335 0.05 0.05
0 0.131 0.31 0.026 0.036
0 0.086 0.386 0.04 0.056
0 0.174 0.364 0.028 0.044
0 0.199 0.412 0.054 0.056
0 0.244 0.422 0.016 0.032
0 0.249 0.442 0.018 0.028
0 0.015 0.516 0.03 0.068
0 0.362 0.013 0.032 0.026
0 0.397 0.044 0.034 0.044
0 0.572 0.028 0.028 0.036
0 0.541 0.023 0.034 0.046
0 0.501 0.077 0.03 0.046
0 0.495 0.11 0.038 0.024
0 0.544 0.109 0.052 0.082
0 0.424 0.239 0.032 0.05
0 0.469 0.292 0.058 0.044
0 0.507 0.294 0.046 0.06
0 0.425 0.371 0.022 0.026
0 0.429 0.403 0.034 0.05
0 0.386 0.383 0.02 0.046
0 0.272 0.388 0.032 0.04
0 0.156 0.514 0.048 0.068
0 0.105 0.492 0.03 0.036
0 0.011 0.845 0.022 0.066
0 0.017 0.928 0.026 0.048
0 0.041 0.912 0.03 0.044
0 0.072 0.97 0.036 0.044
0 0.25 0.964 0.044 0.068
0 0.288 0.991 0.036 0.014
0 0.155 0.913 0.034 0.034
0 0.129 0.88 0.03 0.028
0 0.142 0.85 0.024 0.052
0 0.192 0.888 0.044 0.032
0 0.162 0.791 0.028 0.054
0 0.22 0.741 0.036 0.046
0 0.225 0.781 0.014 0.034
0 0.264 0.898 0.036 0.04
0 0.31 0.841 0.032 0.086
0 0.347 0.822 0.034 0.08
0 0.364 0.968 0.036 0.056
0 0.541 0.98 0.05 0.036
0 0.597 0.971 0.042 0.054
0 0.678 0.954 0.052 0.072
0 0.785 0.975 0.038 0.046
0 0.969 0.907 0.042 0.058
0 0.98 0.813 0.032 0.054
0 0.846 0.835 0.06 0.098
0 0.908 0.681 0.044 0.042
0 0.343 0.619 0.05 0.09
0 0.382 0.918 0.024 0.028
0 0.68 0.842 0.052 0.108
0 0.637 0.735 0.042 0.078
0 0.69 0.721 0.04 0.082
0 0.708 0.75 0.028 0.052
0 0.758 0.71 0.04 0.056
0 0.804 0.651 0.044 0.062
0 0.754 0.619 0.04 0.082
0 0.842 0.573 0.036 0.074
0 0.891 0.583 0.054 0.09
0 0.981 0.541 0.034 0.078
0 0.934 0.526 0.028 0.044
0 0.559 0.711 0.026 0.034
0 0.501 0.677 0.038 0.054
0 0.387 0.598 0.022 0.08
0 0.432 0.58 0.028 0.052
0 0.489 0.571 0.034 0.074
0 0.519 0.58 0.038 0.056
0 0.671 0.541 0.034 0.058
0 0.608 0.54 0.036 0.068
0 0.572 0.464 0.04 0.04
0 0.6 0.406 0.032 0.052
0 0.546 0.401 0.02 0.046
0 0.685 0.434 0.034 0.052
0 0.907 0.397 0.042 0.062
0 0.977 0.35 0.042 0.08
0 0.972 0.31 0.024 0.024
0 0.902 0.312 0.04 0.048
0 0.78 0.356 0.044 0.052
0 0.813 0.283 0.034 0.038
0 0.762 0.296 0.024 0.04
0 0.729 0.229 0.034 0.046
0 0.986 0.173 0.024 0.098
0 0.875 0.137 0.05 0.074
0 0.91 0.057 0.044 0.07
0 0.87 0.029 0.048 0.058
0 0.785 0.12 0.034 0.048
0 0.683 0.077 0.034 0.042
0 0.634 0.018 0.036 0.036
0 0.721 0.037 0.03 0.038
0 0.652 0.324 0.044 0.064
0 0.6 0.289 0.036 0.062
0 0.007 0.004 0.014 0.008
0 0.455 0.46 0.022 0.036
0 0.353 0.557 0.014 0.018
1 0.053 0.076 0.026 0.016
1 0.144 0.224 0.036 0.028
1 0.263 0.12 0.022 0.02
1 0.187 0.252 0.034 0.024
1 0.232 0.272 0.024 0.024
1 0.216 0.273 0.012 0.014
1 0.273 0.278 0.026 0.024
1 0.328 0.286 0.028 0.02
1 0.373 0.305 0.026 0.022
1 0.334 0.343 0.016 0.026
1 0.135 0.329 0.026 0.022
1 0.086 0.334 0.024 0.032
1 0.166 0.286 0.02 0.016
1 0.175 0.4 0.022 0.028
1 0.2 0.461 0.016 0.022
1 0.324 0.098 0.024 0.028
1 0.404 0.133 0.02 0.022
1 0.432 0.103 0.016 0.026
1 0.606 0.141 0.016 0.026
1 0.585 0.162 0.03 0.02
1 0.495 0.192 0.018 0.024
1 0.471 0.218 0.026 0.044
1 0.518 0.33 0.02 0.012
1 0.434 0.441 0.02 0.022
1 0.31 0.366 0.024 0.028
1 0.282 0.407 0.02 0.026
1 0.137 0.584 0.022 0.028
1 0.148 0.619 0.024 0.026
1 0.213 0.622 0.022 0.024
1 0.038 0.723 0.02 0.022
1 0.077 0.742 0.018 0.024
1 0.214 0.863 0.024 0.022
1 0.785 0.949 0.018 0.026
1 0.796 0.922 0.016 0.024
1 0.818 0.913 0.016 0.018
1 0.876 0.929 0.028 0.03
1 0.9 0.978 0.016 0.028
1 0.947 0.724 0.038 0.028
1 0.926 0.655 0.016 0.022
1 0.282 0.653 0.016 0.03
1 0.359 0.686 0.026 0.036
1 0.306 0.735 0.016 0.014
1 0.431 0.854 0.018 0.028
1 0.387 0.87 0.01 0.012
1 0.444 0.947 0.016 0.03
1 0.473 0.957 0.034 0.034
1 0.568 0.813 0.016 0.05
1 0.802 0.72 0.02 0.028
1 0.838 0.678 0.012 0.02
1 0.915 0.53 0.022 0.04
1 0.947 0.481 0.03 0.022
1 0.767 0.515 0.022 0.022
1 0.761 0.47 0.022 0.012
1 0.714 0.47 0.024 0.012
1 0.538 0.674 0.032 0.024
1 0.439 0.544 0.026 0.048
1 0.721 0.514 0.014 0.02
1 0.629 0.501 0.018 0.03
1 0.572 0.537 0.016 0.022
1 0.627 0.43 0.018 0.024
1 0.661 0.368 0.014 0.032
1 0.399 0.536 0.018 0.02
1 0.914 0.42 0.024 0.024
1 0.795 0.32 0.026 0.028
1 0.729 0.356 0.03 0.044
1 0.77 0.253 0.028 0.022
1 0.728 0.257 0.02 0.022
1 0.944 0.114 0.04 0.052
1 0.957 0.019 0.014 0.022
1 0.806 0.204 0.016 0.024
1 0.816 0.119 0.016 0.022
1 0.732 0.11 0.02 0.024
1 0.714 0.002 0.016 0.004
1 0.793 0.002 0.006 0.004
1 0.658 0.265 0.008 0.014
1 0.667 0.254 0.014 0.004
1 0.662 0.192 0.024 0.032
1 0.685 0.599 0.014 0.018
1 0.17 0.182 0.012 0.016
1 0.068 0.003 0.012 0.006
1 0.361 0.541 0.01 0.002
2 0.01 0.38 0.02 0.04
2 0.29 0.078 0.032 0.028
2 0.468 0.372 0.028 0.04
2 0.28 0.426 0.016 0.016
2 0.297 0.399 0.018 0.018
2 0.767 0.926 0.022 0.04
2 0.898 0.937 0.036 0.022
2 0.967 0.991 0.034 0.014
2 0.877 0.976 0.022 0.044
2 0.892 0.827 0.02 0.074
2 0.271 0.625 0.022 0.034
2 0.795 0.203 0.01 0.022
2 0.594 0.016 0.012 0.02
2 0.079 0.873 0.01 0.022
2 0.533 0.954 0.014 0.02
2 0.541 0.932 0.01 0.016
2 0.545 0.76 0.014 0.012
2 0.576 0.658 0.012 0.024
2 0.782 0.553 0.02 0.026
2 0.865 0.496 0.01 0.016
2 0.872 0.275 0.02 0.018
2 0.267 0.202 0.03 0.02
2 0.714 0.154 0.024 0.048
2 0.532 0.768 0.012 0.016
2 0.188 0.743 0.016 0.034