0 0.019 0.11 0.038 0.048
0 0.095 0.04 0.042 0.052
0 0.099 0.08 0.03 0.04
0 0.18 0.007 0.036 0.014
0 0.173 0.02 0.034 0.02
0 0.039 0.189 0.042 0.026
0 0.063 0.219 0.022 0.034
0 0.022 0.21 0.036 0.028
0 0.026 0.249 0.052 0.022
0 0.003 0.278 0.006 0.028
0 0.01 0.439 0.02 0.05
0 0.027 0.421 0.042 0.05
0 0.067 0.399 0.05 0.058
0 0.129 0.373 0.062 0.086
0 0.007 0.643 0.014 0.038
0 0.075 0.571 0.05 0.05
0 0.199 0.552 0.054 0.084
0 0.02 0.709 0.04 0.034
0 0.072 0.674 0.056 0.048
0 0.1 0.737 0.04 0.054
0 0.014 0.816 0.028 0.04
0 0.027 0.842 0.054 0.044
0 0.007 0.877 0.014 0.022
0 0.006 0.969 0.012 0.05
0 0.084 0.978 0.032 0.04
0 0.148 0.265 0.064 0.054
0 0.137 0.31 0.026 0.016
0 0.203 0.245 0.05 0.05
0 0.278 0.39 0.056 0.064
0 0.318 0.348 0.056 0.104
0 0.382 0.421 0.032 0.03
0 0.361 0.425 0.014 0.03
0 0.279 0.452 0.038 0.036
0 0.307 0.49 0.046 0.028
0 0.369 0.515 0.042 0.03
0 0.311 0.593 0.05 0.03
0 0.266 0.641 0.024 0.022
0 0.343 0.646 0.042 0.028
0 0.187 0.655 0.026 0.038
0 0.19 0.731 0.044 0.05
0 0.146 0.757 0.036 0.038
0 0.222 0.79 0.036 0.04
0 0.231 0.839 0.034 0.038
0 0.165 0.863 0.042 0.038
0 0.244 0.913 0.036 0.03
0 0.276 0.919 0.044 0.038
0 0.273 0.953 0.042 0.03
0 0.298 0.969 0.04 0.046
0 0.369 0.88 0.042 0.04
0 0.4 0.987 0.048 0.022
0 0.443 0.943 0.042 0.034
0 0.481 0.907 0.034 0.03
0 0.484 0.945 0.04 0.03
0 0.469 0.747 0.046 0.038
0 0.577 0.888 0.058 0.048
0 0.587 0.955 0.054 0.038
0 0.641 0.905 0.038 0.03
0 0.622 0.986 0.032 0.024
0 0.692 0.97 0.048 0.032
0 0.815 0.955 0.03 0.034
0 0.731 0.912 0.066 0.052
0 0.774 0.835 0.024 0.026
0 0.77 0.869 0.024 0.022
0 0.766 0.849 0.04 0.022
0 0.736 0.781 0.044 0.034
0 0.708 0.752 0.028 0.044
0 0.938 0.976 0.044 0.044
0 0.929 0.903 0.034 0.026
0 0.898 0.885 0.044 0.038
0 0.921 0.852 0.026 0.052
0 0.953 0.808 0.058 0.072
0 0.996 0.838 0.004 0.044
0 0.897 0.751 0.058 0.094
0 0.933 0.711 0.046 0.034
0 0.807 0.712 0.042 0.04
0 0.994 0.676 0.008 0.024
0 0.942 0.596 0.036 0.044
0 0.904 0.585 0.056 0.058
0 0.762 0.591 0.024 0.03
0 0.763 0.539 0.05 0.042
0 0.705 0.567 0.05 0.05
0 0.679 0.522 0.038 0.04
0 0.353 0.69 0.054 0.06
0 0.443 0.632 0.054 0.068
0 0.391 0.598 0.046 0.048
0 0.264 0.073 0.052 0.026
0 0.315 0.065 0.026 0.022
0 0.389 0.103 0.05 0.038
0 0.458 0.019 0.032 0.038
0 0.446 0.064 0.024 0.02
0 0.469 0.065 0.022 0.018
0 0.485 0.071 0.026 0.042
0 0.454 0.104 0.04 0.036
0 0.519 0.118 0.022 0.02
0 0.539 0.118 0.034 0.036
0 0.818 0.039 0.044 0.038
0 0.958 0.064 0.044 0.064
0 0.931 0.089 0.046 0.05
0 0.887 0.099 0.038 0.074
0 0.828 0.184 0.028 0.032
0 0.862 0.244 0.036 0.04
0 0.99 0.26 0.016 0.044
0 0.969 0.307 0.058 0.058
0 0.825 0.308 0.058 0.068
0 0.95 0.374 0.052 0.032
0 0.986 0.461 0.024 0.046
0 0.895 0.488 0.046 0.052
0 0.845 0.477 0.034 0.058
0 0.77 0.49 0.048 0.044
0 0.69 0.658 0.028 0.024
0 0.71 0.627 0.028 0.026
0 0.722 0.632 0.02 0.016
0 0.611 0.67 0.05 0.056
0 0.539 0.674 0.058 0.072
0 0.593 0.584 0.038 0.04
0 0.521 0.605 0.042 0.038
0 0.306 0.247 0.028 0.026
0 0.338 0.25 0.036 0.032
0 0.43 0.216 0.068 0.064
0 0.417 0.459 0.058 0.042
0 0.438 0.536 0.036 0.036
0 0.493 0.547 0.022 0.042
0 0.542 0.492 0.036 0.044
0 0.504 0.462 0.044 0.044
0 0.714 0.367 0.044 0.042
0 0.679 0.323 0.026 0.058
0 0.584 0.338 0.036 0.032
0 0.755 0.255 0.054 0.062
0 0.629 0.156 0.046 0.056
1 0.051 0.125 0.018 0.022
1 0.019 0.607 0.026 0.022
1 0.055 0.532 0.03 0.032
1 0.177 0.522 0.026 0.024
1 0.247 0.531 0.022 0.03
1 0.06 0.968 0.024 0.024
1 0.122 0.925 0.032 0.026
1 0.204 0.328 0.032 0.036
1 0.206 0.411 0.036 0.038
1 0.33 0.58 0.024 0.032
1 0.315 0.617 0.022 0.014
1 0.207 0.685 0.034 0.022
1 0.089 0.808 0.026 0.02
1 0.187 0.831 0.03 0.026
1 0.37 0.958 0.02 0.024
1 0.324 0.907 0.02 0.022
1 0.436 0.977 0.02 0.022
1 0.518 0.962 0.024 0.024
1 0.397 0.883 0.014 0.026
1 0.471 0.866 0.022 0.024
1 0.313 0.739 0.03 0.022
1 0.405 0.776 0.022 0.028
1 0.525 0.784 0.018 0.024
1 0.708 0.814 0.024 0.02
1 0.789 0.796 0.022 0.028
1 0.901 0.657 0.018 0.022
1 0.831 0.574 0.026 0.024
1 0.815 0.605 0.018 0.022
1 0.799 0.55 0.022 0.02
1 0.405 0.647 0.034 0.026
1 0.423 0.56 0.026 0.02
1 0.268 0.015 0.044 0.03
1 0.225 0.003 0.034 0.006
1 0.323 0.037 0.046 0.022
1 0.369 0.025 0.038 0.038
1 0.314 0.149 0.024 0.042
1 0.266 0.172 0.016 0.044
1 0.461 0.046 0.014 0.016
1 0.593 0.062 0.034 0.032
1 0.609 0.086 0.026 0.028
1 0.734 0.062 0.032 0.036
1 0.992 0.032 0.012 0.028
1 0.889 0.049 0.022 0.022
1 0.83 0.108 0.016 0.02
1 0.943 0.132 0.018 0.024
1 0.928 0.155 0.012 0.022
1 0.78 0.178 0.02 0.044
1 0.905 0.23 0.014 0.012
1 0.993 0.379 0.01 0.018
1 0.858 0.389 0.04 0.014
1 0.832 0.42 0.028 0.024
1 0.879 0.516 0.026 0.024
1 0.716 0.47 0.016 0.016
1 0.642 0.508 0.02 0.024
1 0.68 0.624 0.02 0.016
1 0.561 0.615 0.022 0.022
1 0.272 0.277 0.028 0.026
1 0.473 0.175 0.03 0.026
1 0.356 0.233 0.032 0.034
1 0.443 0.471 0.01 0.03
1 0.502 0.503 0.02 0.026
1 0.517 0.552 0.022 0.016
1 0.626 0.395 0.028 0.026
1 0.525 0.311 0.03 0.03
1 0.662 0.258 0.02 0.024
1 0.555 0.201 0.034 0.03
1 0.69 0.163 0.024 0.022
1 0.687 0.183 0.018 0.026
1 0.946 0.518 0.008 0.012
1 0.467 0.698 0.014 0.02
1 0.097 0.455 0.01 0.014
2 0.061 0.075 0.022 0.014
2 0.365 0.368 0.014 0.032
2 0.464 0.337 0.016 0.018
2 0.472 0.318 0.028 0.024
2 0.486 0.362 0.008 0.024
2 0.448 0.408 0.044 0.036
2 0.134 0.986 0.052 0.024
2 0.9 0.838 0.016 0.016
2 0.222 0.077 0.028 0.042
2 0.232 0.125 0.04 0.038
2 0.293 0.102 0.05 0.032
2 0.131 0.105 0.03 0.018
2 0.494 0.028 0.044 0.04
2 0.644 0.701 0.052 0.062
2 0.6 0.132 0.016 0.028
2 0.575 0.149 0.038 0.018
2 0.575 0.164 0.01 0.02
2 0.565 0.183 0.018 0.014
2 0.625 0.055 0.018 0.018
2 0.507 0.047 0.022 0.026
2 0.358 0.273 0.032 0.026
2 0.545 0.286 0.022 0.02
2 0.624 0.335 0.032 0.026
2 0.606 0.363 0.012 0.01
2 0.203 0.483 0.018 0.01
2 0.485 0.853 0.026 0.014
2 0.669 0.634 0.014 0.016
2 0.616 0.221 0.032 0.038
2 0.922 0.538 0.024 0.028
2 0.68 0.589 0.012 0.022
2 0.581 0.725 0.014 0.014
2 0.11 0.672 0.012 0.016
2 0.062 0.659 0.02 0.014
2 0.018 0.686 0.016 0.016
2 0.025 0.73 0.03 0.024
2 0.255 0.721 0.01 0.014
2 0.217 0.699 0.022 0.018
2 0.377 0.658 0.018 0.016
2 0.384 0.676 0.008 0.024
2 0.738 0.6 0.012 0.02
2 0.65 0.658 0.016 0.016
2 0.694 0.675 0.02 0.006
2 0.71 0.668 0.008 0.012