0 0.03 0.971 0.036 0.034
0 0.104 0.982 0.044 0.032
0 0.151 0.979 0.026 0.038
0 0.014 0.89 0.028 0.048
0 0.009 0.846 0.018 0.036
0 0.039 0.865 0.03 0.05
0 0.096 0.901 0.028 0.034
0 0.08 0.852 0.036 0.044
0 0.051 0.773 0.038 0.046
0 0.062 0.748 0.028 0.036
0 0.093 0.764 0.03 0.032
0 0.14 0.774 0.04 0.04
0 0.177 0.784 0.038 0.052
0 0.147 0.869 0.03 0.034
0 0.152 0.895 0.028 0.038
0 0.194 0.927 0.028 0.05
0 0.168 0.951 0.028 0.03
0 0.183 0.976 0.026 0.032
0 0.258 0.975 0.036 0.034
0 0.294 0.984 0.024 0.028
0 0.234 0.904 0.032 0.056
0 0.24 0.854 0.032 0.032
0 0.258 0.836 0.032 0.04
0 0.288 0.882 0.032 0.052
0 0.311 0.845 0.03 0.03
0 0.316 0.829 0.032 0.034
0 0.278 0.793 0.04 0.05
0 0.234 0.753 0.036 0.034
0 0.181 0.715 0.026 0.042
0 0.216 0.717 0.032 0.038
0 0.103 0.716 0.034 0.04
0 0.047 0.693 0.042 0.046
0 0.16 0.598 0.048 0.052
0 0.225 0.613 0.038 0.05
0 0.171 0.552 0.042 0.044
0 0.22 0.536 0.032 0.04
0 0.068 0.381 0.052 0.046
0 0.134 0.391 0.032 0.038
0 0.109 0.405 0.03 0.05
0 0.01 0.256 0.02 0.036
0 0.025 0.166 0.05 0.076
0 0.066 0.185 0.036 0.034
0 0.065 0.218 0.034 0.036
0 0.167 0.216 0.026 0.048
0 0.203 0.273 0.046 0.05
0 0.131 0.33 0.018 0.02
0 0.238 0.464 0.028 0.076
0 0.251 0.522 0.026 0.06
0 0.282 0.515 0.028 0.054
0 0.312 0.528 0.036 0.06
0 0.273 0.699 0.03 0.03
0 0.26 0.678 0.04 0.04
0 0.313 0.684 0.03 0.036
0 0.005 0.031 0.01 0.046
0 0.159 0.088 0.05 0.068
0 0.156 0.038 0.036 0.028
0 0.114 0.012 0.044 0.02
0 0.231 0.05 0.038 0.06
0 0.255 0.03 0.03 0.044
0 0.27 0.01 0.036 0.016
0 0.364 0.02 0.044 0.036
0 0.304 0.103 0.044 0.062
0 0.36 0.099 0.044 0.034
0 0.43 0.036 0.04 0.04
0 0.518 0.026 0.052 0.048
0 0.649 0.014 0.046 0.024
0 0.662 0.044 0.024 0.024
0 0.592 0.092 0.028 0.04
0 0.573 0.098 0.022 0.028
0 0.534 0.087 0.056 0.042
0 0.476 0.083 0.036 0.038
0 0.919 0.041 0.026 0.042
0 0.923 0.014 0.018 0.024
0 0.995 0.012 0.006 0.02
0 0.951 0.087 0.046 0.034
0 0.958 0.124 0.048 0.048
0 0.989 0.159 0.018 0.042
0 0.863 0.119 0.046 0.046
0 0.82 0.119 0.028 0.038
0 0.773 0.128 0.038 0.052
0 0.69 0.114 0.036 0.048
0 0.633 0.136 0.03 0.044
0 0.627 0.186 0.042 0.044
0 0.754 0.173 0.048 0.042
0 0.716 0.181 0.016 0.038
0 0.938 0.22 0.036 0.056
0 0.927 0.277 0.042 0.062
0 0.894 0.326 0.044 0.048
0 0.858 0.322 0.032 0.044
0 0.85 0.289 0.032 0.034
0 0.988 0.381 0.02 0.042
0 0.984 0.414 0.028 0.048
0 0.869 0.446 0.05 0.044
0 0.777 0.361 0.046 0.046
0 0.764 0.324 0.032 0.036
0 0.767 0.301 0.026 0.026
0 0.718 0.333 0.028 0.038
0 0.662 0.264 0.032 0.056
0 0.282 0.194 0.04 0.056
0 0.302 0.225 0.048 0.054
0 0.394 0.166 0.044 0.044
0 0.454 0.242 0.04 0.056
0 0.486 0.216 0.04 0.048
0 0.365 0.328 0.034 0.048
0 0.427 0.304 0.042 0.052
0 0.446 0.372 0.044 0.044
0 0.449 0.419 0.042 0.03
0 0.354 0.472 0.04 0.036
0 0.397 0.577 0.026 0.054
0 0.435 0.557 0.034 0.042
0 0.423 0.634 0.034 0.04
0 0.495 0.645 0.03 0.042
0 0.35 0.978 0.028 0.024
0 0.372 0.968 0.04 0.044
0 0.441 0.986 0.03 0.024
0 0.455 0.926 0.034 0.04
0 0.501 0.98 0.034 0.036
0 0.547 0.992 0.046 0.012
0 0.562 0.973 0.036 0.046
0 0.609 0.988 0.038 0.02
0 0.531 0.929 0.042 0.038
0 0.626 0.943 0.036 0.034
0 0.727 0.984 0.046 0.028
0 0.653 0.924 0.03 0.036
0 0.571 0.87 0.03 0.028
0 0.551 0.836 0.03 0.032
0 0.853 0.979 0.038 0.038
0 0.939 0.949 0.034 0.042
0 0.991 0.905 0.014 0.022
0 0.956 0.991 0.032 0.014
0 0.923 0.986 0.038 0.024
0 0.892 0.987 0.024 0.022
0 0.882 0.955 0.032 0.042
0 0.893 0.915 0.034 0.018
0 0.802 0.937 0.028 0.03
0 0.783 0.881 0.034 0.034
0 0.972 0.845 0.036 0.042
0 0.951 0.818 0.034 0.04
0 0.701 0.897 0.042 0.05
0 0.746 0.855 0.04 0.038
0 0.671 0.843 0.042 0.042
0 0.636 0.807 0.036 0.038
0 0.457 0.866 0.034 0.044
0 0.322 0.769 0.028 0.042
0 0.361 0.765 0.034 0.042
0 0.369 0.731 0.03 0.038
0 0.403 0.74 0.034 0.048
0 0.503 0.298 0.026 0.024
0 0.503 0.354 0.034 0.04
0 0.608 0.352 0.02 0.032
0 0.762 0.237 0.02 0.03
0 0.97 0.286 0.028 0.048
0 0.825 0.497 0.042 0.046
0 0.767 0.493 0.03 0.042
0 0.763 0.442 0.03 0.04
0 0.671 0.443 0.03 0.046
0 0.666 0.507 0.02 0.026
0 0.63 0.509 0.016 0.026
0 0.613 0.473 0.034 0.054
0 0.589 0.443 0.03 0.046
0 0.554 0.492 0.04 0.056
0 0.484 0.466 0.032 0.048
0 0.491 0.552 0.022 0.036
0 0.555 0.54 0.034 0.036
0 0.577 0.566 0.018 0.024
0 0.652 0.605 0.04 0.05
0 0.768 0.541 0.028 0.034
0 0.809 0.559 0.034 0.046
0 0.937 0.606 0.034 0.032
0 0.98 0.623 0.036 0.05
0 0.995 0.57 0.006 0.028
0 0.971 0.695 0.034 0.046
0 0.916 0.669 0.028 0.038
0 0.821 0.638 0.03 0.04
0 0.755 0.592 0.042 0.048
0 0.744 0.627 0.036 0.038
0 0.706 0.651 0.048 0.042
0 0.797 0.681 0.038 0.038
0 0.76 0.709 0.028 0.042
0 0.874 0.716 0.036 0.032
0 0.87 0.755 0.036 0.046
0 0.886 0.781 0.028 0.042
0 0.914 0.778 0.024 0.04
0 0.83 0.787 0.032 0.038
0 0.809 0.809 0.034 0.046
0 0.754 0.822 0.036 0.032
0 0.757 0.778 0.034 0.032
0 0.783 0.73 0.022 0.02
0 0.727 0.797 0.042 0.026
0 0.691 0.752 0.034 0.044
0 0.648 0.729 0.044 0.054
0 0.641 0.764 0.03 0.032
0 0.577 0.655 0.038 0.026
0 0.578 0.682 0.04 0.032
0 0.566 0.726 0.04 0.036
0 0.516 0.712 0.032 0.032
0 0.44 0.703 0.032 0.046
0 0.455 0.74 0.03 0.032
0 0.465 0.762 0.03 0.036
0 0.509 0.755 0.034 0.042
0 0.532 0.753 0.02 0.034
0 0.55 0.767 0.02 0.03
0 0.566 0.776 0.032 0.036
0 0.974 0.483 0.02 0.018
1 0.098 0.96 0.012 0.024
1 0.144 0.81 0.036 0.012
1 0.185 0.822 0.038 0.016
1 0.182 0.892 0.02 0.016
1 0.223 0.997 0.014 0.002
1 0.266 0.742 0.02 0.02
1 0.013 0.693 0.026 0.026
1 0.085 0.672 0.018 0.02
1 0.021 0.603 0.014 0.022
1 0.119 0.598 0.022 0.04
1 0.051 0.563 0.03 0.014
1 0.16 0.486 0.02 0.016
1 0.028 0.377 0.016 0.018
1 0.033 0.363 0.006 0.01
1 0.049 0.286 0.018 0.024
1 0.124 0.199 0.028 0.026
1 0.165 0.25 0.022 0.02
1 0.213 0.255 0.022 0.022
1 0.108 0.327 0.008 0.018
1 0.202 0.375 0.016 0.022
1 0.173 0.463 0.014 0.014
1 0.192 0.463 0.012 0.026
1 0.063 0.046 0.022 0.016
1 0.08 0.081 0.02 0.022
1 0.069 0.109 0.022 0.022
1 0.245 0.133 0.014 0.026
1 0.584 0.057 0.02 0.026
1 0.605 0.079 0.014 0.034
1 0.479 0.111 0.026 0.026
1 0.824 0.004 0.02 0.004
1 0.778 0.03 0.016 0.028
1 0.89 0.089 0.016 0.026
1 0.977 0.188 0.018 0.028
1 0.735 0.091 0.018 0.022
1 0.879 0.237 0.022 0.026
1 0.945 0.381 0.026 0.026
1 0.911 0.439 0.026 0.022
1 0.818 0.362 0.016 0.024
1 0.802 0.305 0.02 0.022
1 0.38 0.193 0.02 0.018
1 0.542 0.225 0.032 0.038
1 0.562 0.238 0.024 0.02
1 0.326 0.465 0.016 0.03
1 0.348 0.52 0.02 0.028
1 0.342 0.581 0.016 0.03
1 0.343 0.601 0.014 0.014
1 0.438 0.537 0.024 0.014
1 0.364 0.643 0.02 0.014
1 0.386 0.946 0.024 0.02
1 0.369 0.917 0.026 0.018
1 0.546 0.902 0.036 0.016
1 0.622 0.96 0.016 0.016
1 0.697 0.979 0.01 0.018
1 0.992 0.925 0.012 0.034
1 0.988 0.994 0.02 0.008
1 0.873 0.932 0.018 0.012
1 0.793 0.988 0.014 0.012
1 0.905 0.828 0.022 0.02
1 0.825 0.84 0.018 0.016
1 0.694 0.872 0.032 0.028
1 0.434 0.876 0.016 0.02
1 0.395 0.83 0.014 0.024
1 0.56 0.324 0.016 0.02
1 0.581 0.335 0.026 0.018
1 0.6 0.311 0.012 0.034
1 0.637 0.366 0.018 0.02
1 0.803 0.399 0.03 0.026
1 0.758 0.407 0.02 0.01
1 0.762 0.417 0.02 0.018
1 0.807 0.463 0.014 0.014
1 0.662 0.484 0.028 0.032
1 0.548 0.4 0.016 0.024
1 0.557 0.606 0.014 0.016
1 0.556 0.63 0.028 0.024
1 0.61 0.621 0.02 0.018
1 0.739 0.543 0.022 0.014
1 0.779 0.55 0.026 0.016
1 0.882 0.553 0.012 0.018
1 0.847 0.66 0.01 0.032
1 0.785 0.715 0.018 0.014
1 0.91 0.742 0.024 0.016
1 0.614 0.644 0.02 0.016
1 0.647 0.673 0.006 0.018
1 0.516 0.789 0.016 0.018
1 0.495 0.796 0.014 0.016
1 0.351 0.397 0.026 0.014
1 0.814 0.242 0.016 0.024
1 0.413 0.138 0.014 0.024
1 0.203 0.212 0.018 0.016
1 0.29 0.249 0.028 0.014
1 0.83 0.03 0.016 0.016
2 0.616 0.028 0.032 0.024
2 0.906 0.139 0.016 0.026
2 0.344 0.217 0.024 0.042
2 0.319 0.943 0.038 0.018
2 0.35 0.919 0.02 0.026
2 0.422 0.986 0.008 0.024
2 0.421 0.96 0.03 0.036
2 0.773 0.953 0.026 0.022
2 0.338 0.795 0.02 0.03
2 0.755 0.259 0.026 0.022
2 0.678 0.495 0.024 0.03
2 0.923 0.651 0.018 0.046
2 0.328 0.651 0.028 0.03
2 0.073 0.301 0.03 0.026
2 0.084 0.322 0.024 0.02
2 0.21 0.313 0.012 0.026
2 0.006 0.502 0.012 0.032
2 0.078 0.539 0.024 0.034
2 0.996 0.504 0.004 0.02
2 0.864 0.641 0.012 0.022
2 0.843 0.567 0.018 0.014
2 0.635 0.531 0.014 0.018
2 0.664 0.658 0.016 0.02