0 0.163 0.072 0.046 0.048
0 0.02 0.096 0.04 0.044
0 0.107 0.148 0.034 0.048
0 0.122 0.114 0.04 0.032
0 0.118 0.089 0.04 0.038
0 0.083 0.068 0.042 0.056
0 0.112 0.061 0.032 0.034
0 0.02 0.227 0.04 0.058
0 0.053 0.23 0.042 0.052
0 0.083 0.213 0.046 0.038
0 0.135 0.257 0.05 0.066
0 0.11 0.317 0.056 0.054
0 0.039 0.312 0.042 0.04
0 0.012 0.325 0.024 0.05
0 0.165 0.231 0.066 0.05
0 0.12 0.385 0.048 0.058
0 0.121 0.43 0.042 0.044
0 0.093 0.447 0.05 0.058
0 0.045 0.453 0.042 0.05
0 0.002 0.453 0.004 0.03
0 0.148 0.464 0.04 0.04
0 0.077 0.516 0.042 0.048
0 0.163 0.597 0.046 0.042
0 0.038 0.572 0.048 0.056
0 0.008 0.634 0.016 0.044
0 0.096 0.694 0.036 0.052
0 0.045 0.708 0.042 0.048
0 0.014 0.758 0.028 0.064
0 0.045 0.757 0.05 0.046
0 0.065 0.816 0.05 0.04
0 0.075 0.893 0.046 0.046
0 0.077 0.919 0.034 0.03
0 0.117 0.948 0.038 0.056
0 0.053 0.943 0.054 0.062
0 0.029 0.984 0.038 0.028
0 0.153 0.984 0.046 0.028
0 0.149 0.963 0.034 0.042
0 0.128 0.816 0.048 0.048
0 0.105 0.802 0.03 0.04
0 0.184 0.768 0.032 0.032
0 0.211 0.712 0.038 0.052
0 0.194 0.531 0.044 0.054
0 0.206 0.485 0.044 0.046
0 0.273 0.561 0.046 0.038
0 0.323 0.53 0.038 0.036
0 0.256 0.749 0.044 0.054
0 0.249 0.99 0.026 0.016
0 0.304 0.894 0.056 0.068
0 0.316 0.928 0.04 0.036
0 0.277 0.928 0.046 0.056
0 0.333 0.812 0.038 0.052
0 0.38 0.862 0.044 0.056
0 0.373 0.822 0.03 0.032
0 0.356 0.818 0.012 0.02
0 0.388 0.885 0.036 0.03
0 0.419 0.954 0.034 0.048
0 0.362 0.697 0.028 0.026
0 0.358 0.622 0.04 0.048
0 0.351 0.576 0.046 0.044
0 0.229 0.433 0.042 0.054
0 0.244 0.466 0.04 0.028
0 0.309 0.475 0.05 0.042
0 0.318 0.436 0.036 0.052
0 0.345 0.458 0.034 0.044
0 0.187 0.378 0.038 0.048
0 0.199 0.305 0.03 0.03
0 0.256 0.315 0.044 0.074
0 0.269 0.228 0.042 0.072
0 0.295 0.167 0.042 0.074
0 0.272 0.276 0.048 0.044
0 0.29 0.2 0.048 0.044
0 0.347 0.247 0.054 0.062
0 0.447 0.246 0.058 0.064
0 0.189 0.181 0.046 0.042
0 0.336 0.143 0.048 0.054
0 0.338 0.177 0.032 0.022
0 0.38 0.391 0.04 0.05
0 0.467 0.424 0.046 0.06
0 0.558 0.407 0.04 0.042
0 0.614 0.447 0.052 0.058
0 0.389 0.422 0.05 0.048
0 0.412 0.454 0.036 0.032
0 0.392 0.54 0.04 0.044
0 0.501 0.501 0.042 0.062
0 0.511 0.461 0.038 0.054
0 0.43 0.399 0.04 0.046
0 0.444 0.364 0.048 0.044
0 0.37 0.206 0.056 0.068
0 0.213 0.029 0.05 0.058
0 0.312 0.012 0.052 0.024
0 0.376 0.028 0.052 0.056
0 0.429 0.084 0.054 0.056
0 0.431 0.133 0.046 0.05
0 0.524 0.068 0.044 0.044
0 0.526 0.117 0.044 0.054
0 0.561 0.054 0.042 0.06
0 0.592 0.079 0.044 0.05
0 0.593 0.013 0.046 0.026
0 0.521 0.03 0.026 0.04
0 0.419 0.67 0.03 0.044
0 0.452 0.654 0.048 0.04
0 0.447 0.685 0.042 0.042
0 0.447 0.631 0.046 0.03
0 0.467 0.75 0.038 0.036
0 0.479 0.742 0.038 0.048
0 0.447 0.739 0.026 0.034
0 0.481 0.796 0.034 0.036
0 0.496 0.846 0.044 0.06
0 0.515 0.762 0.05 0.052
0 0.481 0.92 0.046 0.064
0 0.498 0.957 0.044 0.05
0 0.577 0.822 0.034 0.032
0 0.636 0.798 0.052 0.044
0 0.629 0.831 0.05 0.054
0 0.634 0.864 0.036 0.032
0 0.612 0.763 0.04 0.046
0 0.511 0.662 0.054 0.06
0 0.506 0.602 0.044 0.044
0 0.523 0.56 0.05 0.04
0 0.655 0.715 0.038 0.038
0 0.691 0.8 0.022 0.02
0 0.621 0.664 0.042 0.048
0 0.602 0.635 0.028 0.034
0 0.684 0.683 0.04 0.05
0 0.66 0.661 0.036 0.042
0 0.647 0.619 0.046 0.05
0 0.681 0.951 0.038 0.042
0 0.672 0.921 0.044 0.042
0 0.706 0.906 0.04 0.052
0 0.745 0.838 0.046 0.052
0 0.73 0.861 0.04 0.054
0 0.815 0.861 0.046 0.046
0 0.708 0.697 0.02 0.034
0 0.727 0.7 0.026 0.036
0 0.781 0.856 0.034 0.044
0 0.787 0.745 0.042 0.058
0 0.861 0.838 0.042 0.044
0 0.927 0.867 0.05 0.042
0 0.884 0.934 0.056 0.052
0 0.862 0.91 0.044 0.044
0 0.88 0.983 0.036 0.03
0 0.853 0.989 0.03 0.018
0 0.921 0.971 0.046 0.046
0 0.993 0.972 0.01 0.044
0 0.903 0.772 0.046 0.064
0 0.955 0.774 0.038 0.036
0 0.973 0.736 0.042 0.052
0 0.859 0.686 0.042 0.044
0 0.573 0.562 0.038 0.036
0 0.635 0.504 0.042 0.048
0 0.592 0.542 0.04 0.044
0 0.611 0.529 0.026 0.026
0 0.602 0.57 0.02 0.016
0 0.696 0.654 0.044 0.044
0 0.813 0.628 0.046 0.048
0 0.928 0.634 0.04 0.048
0 0.922 0.664 0.04 0.036
0 0.701 0.488 0.038 0.044
0 0.7 0.398 0.04 0.052
0 0.678 0.346 0.048 0.072
0 0.917 0.599 0.03 0.03
0 0.983 0.657 0.03 0.042
0 0.859 0.558 0.038 0.044
0 0.948 0.502 0.036 0.076
0 0.98 0.485 0.036 0.054
0 0.887 0.456 0.034 0.052
0 0.807 0.454 0.034 0.052
0 0.795 0.434 0.03 0.04
0 0.818 0.402 0.028 0.056
0 0.848 0.423 0.036 0.05
0 0.931 0.422 0.046 0.064
0 0.948 0.376 0.056 0.052
0 0.984 0.372 0.028 0.056
0 0.576 0.321 0.044 0.054
0 0.522 0.279 0.044 0.062
0 0.725 0.317 0.026 0.03
0 0.709 0.301 0.038 0.062
0 0.811 0.282 0.042 0.056
0 0.973 0.287 0.05 0.062
0 0.767 0.318 0.054 0.052
0 0.743 0.352 0.042 0.044
0 0.653 0.399 0.034 0.054
0 0.597 0.396 0.034 0.056
0 0.571 0.444 0.034 0.028
0 0.667 0.42 0.022 0.028
0 0.539 0.363 0.038 0.05
0 0.521 0.408 0.03 0.028
0 0.624 0.298 0.048 0.052
0 0.642 0.319 0.032 0.034
0 0.591 0.273 0.042 0.07
0 0.602 0.227 0.028 0.046
0 0.795 0.346 0.042 0.052
0 0.9 0.405 0.04 0.042
0 0.897 0.379 0.042 0.046
0 0.69 0.156 0.044 0.068
0 0.723 0.141 0.046 0.058
0 0.605 0.141 0.05 0.066
0 0.765 0.124 0.046 0.052
0 0.862 0.131 0.052 0.058
0 0.849 0.086 0.058 0.056
0 0.818 0.108 0.044 0.052
0 0.83 0.149 0.036 0.038
0 0.885 0.146 0.026 0.04
0 0.689 0.009 0.042 0.018
0 0.846 0.206 0.052 0.076
0 0.759 0.027 0.038 0.054
0 0.81 0.03 0.048 0.048
0 0.749 0.088 0.03 0.032
0 0.957 0.159 0.054 0.062
0 0.914 0.076 0.048 0.06
0 0.872 0.051 0.04 0.042
0 0.979 0.216 0.038 0.032
0 0.994 0.214 0.008 0.04
0 0.893 0.017 0.034 0.034
0 0.799 0.243 0.034 0.026
0 0.785 0.212 0.042 0.04
0 0.99 0.05 0.016 0.024
0 0.027 0.132 0.026 0.036
0 0.239 0.515 0.042 0.05
0 0.856 0.744 0.044 0.048
1 0.028 0.529 0.024 0.03
1 0.15 0.636 0.024 0.024
1 0.037 0.729 0.022 0.022
1 0.194 0.825 0.032 0.022
1 0.202 0.668 0.028 0.024
1 0.285 0.502 0.022 0.028
1 0.364 0.805 0.024 0.026
1 0.308 0.366 0.024 0.036
1 0.433 0.759 0.022 0.026
1 0.697 0.509 0.022 0.018
1 0.548 0.338 0.028 0.02
1 0.537 0.233 0.018 0.034
1 0.663 0.041 0.026 0.038
1 0.957 0.111 0.026 0.038
1 0.039 0.078 0.022 0.028
1 0.066 0.004 0.024 0.008
1 0.791 0.007 0.034 0.014
1 0.545 0.986 0.034 0.024
1 0.613 0.717 0.026 0.026
1 0.816 0.789 0.032 0.026
1 0.818 0.324 0.032 0.024
1 0.893 0.173 0.026 0.022
2 0.068 0.286 0.052 0.052
2 0.107 0.865 0.046 0.062
2 0.013 0.039 0.026 0.026
2 0.086 0.185 0.02 0.026
2 0.078 0.114 0.032 0.032
2 0.05 0.382 0.056 0.064
2 0.16 0.548 0.036 0.056
2 0.059 0.542 0.042 0.044
2 0.124 0.668 0.028 0.032
2 0.026 0.802 0.028 0.028
2 0.144 0.872 0.028 0.04
2 0.09 0.966 0.032 0.028
2 0.268 0.616 0.032 0.036
2 0.275 0.587 0.042 0.022
2 0.305 0.543 0.042 0.058
2 0.253 0.709 0.042 0.054
2 0.224 0.786 0.028 0.028
2 0.25 0.82 0.036 0.032
2 0.196 0.865 0.028 0.026
2 0.216 0.87 0.016 0.016
2 0.211 0.969 0.05 0.058
2 0.291 0.774 0.05 0.06
2 0.347 0.901 0.026 0.038
2 0.367 0.966 0.054 0.064
2 0.392 0.954 0.024 0.028
2 0.41 0.902 0.04 0.024
2 0.361 0.778 0.03 0.028
2 0.35 0.72 0.048 0.048
2 0.344 0.671 0.048 0.038
2 0.377 0.656 0.034 0.036
2 0.127 0.577 0.03 0.022
2 0.093 0.596 0.026 0.024
2 0.257 0.451 0.018 0.018
2 0.238 0.382 0.036 0.04
2 0.23 0.342 0.032 0.036
2 0.254 0.144 0.04 0.032
2 0.37 0.43 0.032 0.06
2 0.212 0.222 0.028 0.036
2 0.436 0.572 0.032 0.032
2 0.467 0.558 0.026 0.032
2 0.334 0.298 0.02 0.016
2 0.407 0.299 0.022 0.046
2 0.431 0.299 0.026 0.038
2 0.242 0.166 0.028 0.04
2 0.23 0.197 0.032 0.026
2 0.164 0.167 0.02 0.042
2 0.136 0.068 0.024 0.04
2 0.301 0.033 0.046 0.05
2 0.486 0.031 0.028 0.038
2 0.446 0.793 0.044 0.054
2 0.62 0.919 0.028 0.046
2 0.575 0.855 0.034 0.034
2 0.572 0.799 0.048 0.03
2 0.507 0.705 0.042 0.046
2 0.539 0.622 0.034 0.032
2 0.564 0.694 0.024 0.04
2 0.718 0.764 0.028 0.02
2 0.687 0.769 0.038 0.038
2 0.712 0.942 0.032 0.028
2 0.909 0.912 0.046 0.04
2 0.788 0.945 0.028 0.038
2 0.784 0.89 0.024 0.032
2 0.921 0.993 0.026 0.01
2 0.933 0.94 0.022 0.036
2 0.974 0.862 0.048 0.048
2 0.983 0.869 0.03 0.03
2 0.845 0.774 0.042 0.032
2 0.92 0.73 0.016 0.016
2 0.954 0.709 0.032 0.026
2 0.617 0.572 0.018 0.028
2 0.722 0.628 0.032 0.036
2 0.787 0.661 0.046 0.054
2 0.801 0.591 0.038 0.05
2 0.834 0.66 0.04 0.056
2 0.81 0.509 0.032 0.026
2 0.979 0.691 0.038 0.038
2 0.497 0.331 0.03 0.026
2 0.586 0.218 0.024 0.028
2 0.561 0.236 0.022 0.024
2 0.726 0.181 0.024 0.026
2 0.64 0.124 0.044 0.064
2 0.773 0.155 0.03 0.038
2 0.516 0.157 0.06 0.054
2 0.568 0.116 0.04 0.064
2 0.644 0.232 0.056 0.052
2 0.626 0.051 0.036 0.038
2 0.889 0.321 0.022 0.022
2 0.877 0.296 0.026 0.028
2 0.929 0.059 0.022 0.018
2 0.052 0.136 0.04 0.056
2 0.009 0.125 0.018 0.018
2 0.122 0.479 0.032 0.03
2 0.162 0.508 0.012 0.016
2 0.556 0.743 0.048 0.062
2 0.566 0.51 0.04 0.04