0 0.683 0.194 0.07 0.064
0 0.585 0.153 0.05 0.062
0 0.479 0.143 0.054 0.05
0 0.307 0.146 0.046 0.032
0 0.391 0.113 0.046 0.046
0 0.32 0.039 0.048 0.062
0 0.429 0.015 0.042 0.03
0 0.189 0.041 0.034 0.03
0 0.144 0.056 0.088 0.088
0 0.032 0.056 0.044 0.06
0 0.233 0.119 0.022 0.026
0 0.226 0.16 0.028 0.02
0 0.21 0.141 0.032 0.034
0 0.168 0.131 0.024 0.026
0 0.455 0.229 0.038 0.05
0 0.545 0.272 0.066 0.096
0 0.494 0.217 0.04 0.034
0 0.493 0.257 0.038 0.026
0 0.5 0.288 0.04 0.036
0 0.417 0.324 0.042 0.036
0 0.358 0.332 0.06 0.068
0 0.291 0.316 0.034 0.044
0 0.283 0.341 0.042 0.038
0 0.158 0.377 0.08 0.058
0 0.186 0.438 0.04 0.036
0 0.101 0.399 0.038 0.042
0 0.071 0.494 0.066 0.064
0 0.299 0.527 0.05 0.042
0 0.259 0.53 0.03 0.04
0 0.293 0.572 0.03 0.028
0 0.319 0.615 0.038 0.038
0 0.311 0.642 0.042 0.032
0 0.172 0.656 0.048 0.052
0 0.13 0.786 0.032 0.04
0 0.2 0.767 0.04 0.03
0 0.398 0.785 0.044 0.034
0 0.29 0.745 0.044 0.046
0 0.455 0.698 0.038 0.036
0 0.543 0.736 0.058 0.068
0 0.549 0.788 0.034 0.036
0 0.502 0.77 0.06 0.048
0 0.481 0.378 0.026 0.024
0 0.515 0.431 0.03 0.026
0 0.624 0.512 0.072 0.068
0 0.661 0.454 0.034 0.028
0 0.685 0.521 0.046 0.058
0 0.746 0.461 0.036 0.046
0 0.79 0.452 0.044 0.056
0 0.863 0.462 0.046 0.044
0 0.957 0.439 0.054 0.046
0 0.926 0.369 0.032 0.058
0 0.884 0.32 0.024 0.028
0 0.827 0.269 0.058 0.054
0 0.723 0.269 0.046 0.038
0 0.705 0.328 0.058 0.068
0 0.759 0.366 0.022 0.028
0 0.561 0.5 0.042 0.052
0 0.615 0.571 0.034 0.034
0 0.718 0.612 0.044 0.036
0 0.66 0.646 0.04 0.044
0 0.726 0.721 0.04 0.046
0 0.785 0.639 0.034 0.034
0 0.926 0.779 0.04 0.038
0 0.982 0.675 0.032 0.046
0 0.933 0.616 0.038 0.04
0 0.876 0.628 0.028 0.032
0 0.853 0.58 0.034 0.04
0 0.945 0.701 0.038 0.042
0 0.913 0.707 0.03 0.046
0 0.904 0.739 0.04 0.046
0 0.861 0.759 0.042 0.038
0 0.91 0.906 0.048 0.08
0 0.807 0.875 0.038 0.054
0 0.668 0.905 0.044 0.034
0 0.675 0.927 0.038 0.034
0 0.58 0.932 0.044 0.036
0 0.587 0.908 0.042 0.036
0 0.517 0.9 0.034 0.032
0 0.481 0.887 0.038 0.03
0 0.483 0.845 0.018 0.03
0 0.447 0.837 0.038 0.042
0 0.368 0.8 0.048 0.032
0 0.322 0.855 0.04 0.046
0 0.234 0.83 0.04 0.048
0 0.183 0.861 0.034 0.046
0 0.071 0.908 0.03 0.036
0 0.037 0.889 0.054 0.058
0 0.03 0.788 0.048 0.04
0 0.103 0.813 0.05 0.038
0 0.457 0.912 0.038 0.036
0 0.41 0.88 0.04 0.036
0 0.367 0.941 0.05 0.038
0 0.313 0.931 0.034 0.026
0 0.562 0.975 0.04 0.038
0 0.702 0.985 0.048 0.026
0 0.858 0.957 0.036 0.038
0 0.959 0.992 0.03 0.012
0 0.724 0.833 0.036 0.046
0 0.572 0.554 0.04 0.052
0 0.447 0.592 0.03 0.04
0 0.537 0.649 0.042 0.034
0 0.519 0.577 0.034 0.038
0 0.5 0.566 0.032 0.032
0 0.753 0.665 0.05 0.042
0 0.408 0.624 0.036 0.044
0 0.568 0.696 0.044 0.04
0 0.966 0.507 0.052 0.058
0 0.753 0.585 0.05 0.038
0 0.709 0.475 0.05 0.042
0 0.739 0.505 0.01 0.01
0 0.723 0.512 0.018 0.024
0 0.645 0.619 0.026 0.018
0 0.502 0.706 0.04 0.06
0 0.484 0.436 0.02 0.024
0 0.437 0.442 0.034 0.044
0 0.617 0.471 0.03 0.026
0 0.318 0.72 0.044 0.036
0 0.292 0.886 0.036 0.036
0 0.221 0.948 0.042 0.056
0 0.782 0.314 0.052 0.028
0 0.832 0.347 0.024 0.022
0 0.976 0.267 0.036 0.054
0 0.923 0.317 0.018 0.03
0 0.836 0.375 0.036 0.026
0 0.634 0.355 0.048 0.026
0 0.627 0.339 0.026 0.026
0 0.39 0.455 0.04 0.03
0 0.035 0.382 0.046 0.044
0 0.01 0.446 0.016 0.048
0 0.11 0.54 0.064 0.072
0 0.23 0.59 0.036 0.028
0 0.601 0.673 0.042 0.05
0 0.499 0.664 0.038 0.04
0 0.506 0.646 0.024 0.02
0 0.832 0.692 0.032 0.048
0 0.792 0.727 0.048 0.054
0 0.768 0.726 0.036 0.036
0 0.743 0.783 0.034 0.038
0 0.712 0.773 0.06 0.062
0 0.851 0.98 0.05 0.036
0 0.811 0.995 0.03 0.006
0 0.606 0.984 0.036 0.028
0 0.58 0.99 0.02 0.016
0 0.279 0.987 0.03 0.022
0 0.112 0.985 0.044 0.026
0 0.153 0.95 0.038 0.048
0 0.046 0.969 0.04 0.046
0 0.115 0.939 0.054 0.078
0 0.271 0.907 0.046 0.034
0 0.269 0.933 0.038 0.03
0 0.258 0.887 0.024 0.026
0 0.301 0.817 0.03 0.038
0 0.312 0.805 0.048 0.058
0 0.37 0.76 0.028 0.044
0 0.355 0.99 0.026 0.016
0 0.321 0.985 0.05 0.026
0 0.868 0.568 0.036 0.036
0 0.894 0.569 0.044 0.042
0 0.953 0.551 0.022 0.026
0 0.904 0.542 0.024 0.024
0 0.979 0.71 0.022 0.024
0 0.958 0.732 0.024 0.028
0 0.21 0.206 0.108 0.112
0 0.249 0.249 0.046 0.034
0 0.048 0.14 0.044 0.052
0 0.11 0.337 0.028 0.018
0 0.089 0.307 0.05 0.038
0 0.098 0.286 0.028 0.024
0 0.056 0.307 0.024 0.03
0 0.024 0.323 0.044 0.046
0 0.098 0.173 0.032 0.038
0 0.946 0.13 0.068 0.076
0 0.926 0.076 0.056 0.08
0 0.851 0.083 0.046 0.054
0 0.986 0.01 0.024 0.02
0 0.946 0.009 0.024 0.018
0 0.85 0.041 0.024 0.03
0 0.777 0.04 0.022 0.02
0 0.472 0.013 0.036 0.026
0 0.57 0.045 0.048 0.054
0 0.672 0.004 0.032 0.008
0 0.364 0.227 0.028 0.03
0 0.314 0.4 0.04 0.048
0 0.236 0.31 0.068 0.052
0 0.038 0.413 0.044 0.034
0 0.209 0.634 0.026 0.028
0 0.687 0.133 0.03 0.03
0 0.712 0.09 0.072 0.088
0 0.646 0.235 0.02 0.034
0 0.398 0.538 0.06 0.056
0 0.236 0.746 0.04 0.032
0 0.986 0.364 0.024 0.036
0 0.986 0.393 0.024 0.038
0 0.985 0.492 0.026 0.04
0 0.827 0.153 0.034 0.05
0 0.995 0.6 0.006 0.04
0 0.993 0.639 0.01 0.034
0 0.458 0.789 0.036 0.03
0 0.013 0.615 0.022 0.074
0 0.783 0.347 0.046 0.034
0 0.742 0.418 0.036 0.036
0 0.823 0.912 0.03 0.02
0 0.5 0.959 0.032 0.022
0 0.464 0.961 0.032 0.058
0 0.237 0.627 0.034 0.03
0 0.272 0.023 0.032 0.026
0 0.031 0.014 0.058 0.028
0 0.96 0.034 0.072 0.04
0 0.385 0.025 0.07 0.05
1 0.66 0.145 0.012 0.014
1 0.67 0.041 0.004 0.01
1 0.656 0.045 0.008 0.01
1 0.657 0.036 0.01 0.004
1 0.815 0.175 0.018 0.018
1 0.596 0.088 0.016 0.02
1 0.616 0.1 0.02 0.02
1 0.136 0.189 0.016 0.03
1 0.286 0.445 0.024 0.022
1 0.134 0.448 0.02 0.02
1 0.317 0.454 0.014 0.024
1 0.332 0.443 0.02 0.026
1 0.805 0.372 0.018 0.016
1 0.985 0.604 0.01 0.012
1 0.973 0.827 0.018 0.026
1 0.817 0.794 0.014 0.016
1 0.829 0.798 0.014 0.012
1 0.783 0.824 0.014 0.012
1 0.574 0.882 0.02 0.02
1 0.381 0.854 0.01 0.016
1 0.401 0.834 0.014 0.016
1 0.272 0.818 0.008 0.02
1 0.18 0.727 0.016 0.03
1 0.115 0.7 0.022 0.024
1 0.026 0.708 0.02 0.028
1 0.173 0.573 0.014 0.022
1 0.159 0.578 0.006 0.016
1 0.151 0.571 0.006 0.014
1 0.253 0.695 0.018 0.018
1 0.12 0.854 0.02 0.02
1 0.396 0.927 0.024 0.022
1 0.823 0.512 0.018 0.02
1 0.549 0.403 0.03 0.014
1 0.559 0.33 0.03 0.016
1 0.337 0.21 0.01 0.008
1 0.327 0.224 0.01 0.012
1 0.329 0.211 0.006 0.006
1 0.248 0.08 0.016 0.02
1 0.288 0.098 0.02 0.02
1 0.914 0.218 0.016 0.016
1 0.881 0.272 0.03 0.02
1 0.399 0.991 0.01 0.01
1 0.556 0.593 0.012 0.01
1 0.695 0.661 0.014 0.018
1 0.704 0.683 0.012 0.01
1 0.692 0.681 0.012 0.022
1 0.704 0.696 0.02 0.008
1 0.758 0.806 0.016 0.02
1 0.886 0.665 0.016 0.014
1 0.799 0.688 0.01 0.016
1 0.788 0.672 0.016 0.012
1 0.787 0.688 0.006 0.012
1 0.791 0.696 0.006 0.008
1 0.793 0.681 0.002 0.006
1 0.842 0.657 0.024 0.03
1 0.757 0.563 0.03 0.018
1 0.709 0.229 0.018 0.018
1 0.517 0.455 0.026 0.014
1 0.414 0.059 0.024 0.018
1 0.38 0.047 0.02 0.018
1 0.356 0.023 0.028 0.022
1 0.017 0.118 0.026 0.028
1 0.507 0.164 0.014 0.016
1 0.521 0.208 0.014 0.016
1 0.894 0.059 0.008 0.014
1 0.896 0.046 0.004 0.008
1 0.086 0.087 0.008 0.022
1 0.142 0.322 0.02 0.016
1 0.093 0.333 0.006 0.006
1 0.036 0.507 0.012 0.01
1 0.028 0.508 0.008 0.008
1 0.229 0.653 0.014 0.018
1 0.226 0.645 0.004 0.002
1 0.218 0.652 0.004 0.004
1 0.491 0.173 0.018 0.01
1 0.401 0.066 0.026 0.028
2 0.968 0.61 0.008 0.008
2 0.98 0.609 0.008 0.01
2 0.912 0.805 0.008 0.006
2 0.408 0.848 0.008 0.008
2 0.326 0.282 0.016 0.008
2 0.338 0.226 0.004 0.012
2 0.729 0.422 0.002 0.008
2 0.843 0.9 0.006 0.008
2 0.85 0.891 0.012 0.014
2 0.525 0.992 0.002 0.004
2 0.413 0.99 0.014 0.008
2 0.408 0.967 0.004 0.006
2 0.314 0.678 0.012 0.012
2 0.3 0.672 0.012 0.008
2 0.427 0.592 0.01 0.012
2 0.564 0.592 0.008 0.004
2 0.563 0.58 0.006 0.004
2 0.553 0.58 0.01 0.004
2 0.558 0.575 0.012 0.006
2 0.622 0.767 0.008 0.014
2 0.518 0.859 0.004 0.006
2 0.95 0.668 0.02 0.02
2 0.934 0.665 0.016 0.022
2 0.874 0.188 0.036 0.024
2 0.896 0.222 0.012 0.02
2 0.851 0.142 0.01 0.016
2 0.553 0.097 0.006 0.014
2 0.543 0.119 0.01 0.014
2 0.761 0.101 0.026 0.042
2 0.799 0.003 0.014 0.006
2 0.88 0.055 0.004 0.01
2 0.871 0.047 0.006 0.006
2 0.733 0.055 0.01 0.01
2 0.287 0.079 0.022 0.006
2 0.269 0.071 0.01 0.014
2 0.264 0.055 0.008 0.01
2 0.262 0.067 0.008 0.014
2 0.226 0.083 0.004 0.006
2 0.168 0.099 0.004 0.01
2 0.112 0.08 0.004 0.016
2 0.058 0.079 0.016 0.026
2 0.065 0.102 0.014 0.016
2 0.076 0.112 0.004 0.004
2 0.041 0.092 0.014 0.012
2 0.138 0.298 0.012 0.012
2 0.182 0.286 0.008 0.008
2 0.223 0.457 0.01 0.006
2 0.198 0.489 0.012 0.006
2 0.199 0.496 0.006 0.004
2 0.02 0.496 0.008 0.004
2 0.021 0.51 0.01 0.008
2 0.073 0.566 0.006 0.008
2 0.114 0.585 0.004 0.006
2 0.121 0.614 0.006 0.008
2 0.272 0.847 0.004 0.01
2 0.261 0.857 0.002 0.006
2 0.235 0.886 0.01 0.008
2 0.225 0.894 0.006 0.004
2 0.235 0.899 0.002 0.006
2 0.412 0.403 0.012 0.018
2 0.405 0.411 0.01 0.018
2 0.389 0.383 0.014 0.018
2 0.362 0.417 0.028 0.026
2 0.533 0.459 0.018 0.018
2 0.975 0.343 0.01 0.014
2 0.967 0.321 0.014 0.018
2 0.904 0.287 0.016 0.006
2 0.292 0.117 0.02 0.014
2 0.868 0.219 0.016 0.014
2 0.656 0.27 0.028 0.024
2 0.4 0.737 0.008 0.014
2 0.164 0.788 0.016 0.012
2 0.102 0.852 0.008 0.008
2 0.086 0.848 0.016 0.012
2 0.082 0.862 0.004 0.008
2 0.071 0.864 0.006 0.012
2 0.012 0.858 0.016 0.012
2 0.006 0.836 0.008 0.016
2 0.043 0.938 0.01 0.004
2 0.034 0.932 0.004 0.004
2 0.014 0.947 0.016 0.01
2 0.77 0.827 0.008 0.014
2 0.647 0.802 0.006 0.012
2 0.671 0.859 0.014 0.018
2 0.469 0.536 0.034 0.024
2 0.211 0.371 0.018 0.022