0 0.136 0.835 0.044 0.046
0 0.017 0.886 0.034 0.04
0 0.064 0.892 0.032 0.036
0 0.037 0.914 0.034 0.044
0 0.114 0.968 0.052 0.048
0 0.028 0.991 0.056 0.014
0 0.004 0.84 0.008 0.02
0 0.062 0.763 0.052 0.07
0 0.012 0.726 0.024 0.028
0 0.153 0.746 0.042 0.044
0 0.219 0.989 0.038 0.018
0 0.223 0.97 0.022 0.02
0 0.281 0.94 0.038 0.044
0 0.213 0.919 0.03 0.022
0 0.242 0.873 0.044 0.042
0 0.275 0.855 0.026 0.022
0 0.305 0.864 0.038 0.036
0 0.25 0.774 0.024 0.044
0 0.227 0.77 0.03 0.024
0 0.224 0.793 0.032 0.026
0 0.27 0.692 0.036 0.032
0 0.325 0.672 0.038 0.028
0 0.309 0.763 0.038 0.03
0 0.395 0.738 0.054 0.048
0 0.359 0.752 0.046 0.044
0 0.361 0.65 0.038 0.036
0 0.371 0.68 0.034 0.028
0 0.338 0.61 0.036 0.028
0 0.407 0.713 0.034 0.018
0 0.41 0.635 0.048 0.042
0 0.407 0.681 0.026 0.026
0 0.297 0.596 0.018 0.024
0 0.451 0.604 0.042 0.04
0 0.423 0.601 0.034 0.034
0 0.459 0.636 0.038 0.02
0 0.524 0.623 0.032 0.026
0 0.487 0.623 0.018 0.026
0 0.357 0.948 0.038 0.056
0 0.411 0.922 0.042 0.036
0 0.438 0.964 0.032 0.032
0 0.421 0.989 0.058 0.018
0 0.477 0.987 0.038 0.022
0 0.479 0.93 0.062 0.036
0 0.457 0.879 0.042 0.03
0 0.505 0.859 0.034 0.034
0 0.561 0.879 0.038 0.034
0 0.561 0.83 0.058 0.04
0 0.59 0.871 0.024 0.026
0 0.483 0.847 0.026 0.034
0 0.492 0.792 0.024 0.024
0 0.464 0.782 0.024 0.032
0 0.539 0.995 0.026 0.006
0 0.646 0.929 0.024 0.018
0 0.644 0.953 0.024 0.018
0 0.762 0.991 0.036 0.014
0 0.827 0.981 0.03 0.034
0 0.869 0.926 0.042 0.048
0 0.9 0.936 0.036 0.064
0 0.989 0.942 0.018 0.052
0 0.935 0.99 0.03 0.016
0 0.802 0.845 0.028 0.042
0 0.904 0.858 0.032 0.028
0 0.976 0.825 0.044 0.054
0 0.901 0.811 0.046 0.05
0 0.937 0.763 0.03 0.038
0 0.927 0.823 0.038 0.022
0 0.983 0.758 0.03 0.032
0 0.991 0.708 0.014 0.036
0 0.826 0.751 0.036 0.046
0 0.775 0.791 0.034 0.046
0 0.709 0.767 0.05 0.054
0 0.665 0.762 0.034 0.04
0 0.642 0.765 0.028 0.034
0 0.609 0.803 0.03 0.038
0 0.567 0.757 0.034 0.034
0 0.581 0.822 0.042 0.036
0 0.776 0.886 0.024 0.028
0 0.772 0.911 0.036 0.018
0 0.626 0.671 0.04 0.026
0 0.57 0.722 0.028 0.024
0 0.596 0.617 0.052 0.042
0 0.73 0.657 0.04 0.042
0 0.768 0.68 0.04 0.032
0 0.525 0.693 0.034 0.046
0 0.564 0.678 0.04 0.036
0 0.68 0.723 0.036 0.022
0 0.637 0.713 0.054 0.018
0 0.675 0.621 0.026 0.026
0 0.595 0.556 0.05 0.052
0 0.559 0.604 0.034 0.048
0 0.66 0.516 0.048 0.04
0 0.764 0.589 0.044 0.05
0 0.803 0.553 0.042 0.046
0 0.879 0.636 0.018 0.028
0 0.86 0.63 0.024 0.032
0 0.971 0.585 0.042 0.05
0 0.878 0.587 0.04 0.038
0 0.927 0.653 0.054 0.034
0 0.345 0.811 0.038 0.034
0 0.082 0.601 0.044 0.034
0 0.127 0.67 0.03 0.028
0 0.201 0.637 0.038 0.034
0 0.107 0.564 0.038 0.032
0 0.085 0.565 0.022 0.03
0 0.116 0.519 0.036 0.042
0 0.138 0.499 0.048 0.046
0 0.004 0.487 0.008 0.03
0 0.197 0.489 0.046 0.038
0 0.218 0.476 0.02 0.024
0 0.246 0.449 0.04 0.038
0 0.247 0.492 0.03 0.02
0 0.275 0.532 0.034 0.032
0 0.318 0.501 0.028 0.03
0 0.282 0.441 0.036 0.034
0 0.466 0.5 0.036 0.036
0 0.494 0.492 0.04 0.036
0 0.597 0.464 0.042 0.032
0 0.891 0.498 0.038 0.032
0 0.865 0.491 0.03 0.03
0 0.874 0.424 0.048 0.036
0 0.804 0.472 0.052 0.056
0 0.836 0.383 0.068 0.038
0 0.926 0.356 0.04 0.036
0 0.949 0.35 0.034 0.044
0 0.963 0.311 0.054 0.038
0 0.888 0.298 0.032 0.04
0 0.99 0.379 0.016 0.038
0 0.997 0.344 0.002 0.024
0 0.815 0.271 0.038 0.038
0 0.797 0.318 0.046 0.048
0 0.759 0.322 0.042 0.04
0 0.705 0.26 0.042 0.036
0 0.771 0.281 0.034 0.03
0 0.841 0.213 0.054 0.042
0 0.982 0.187 0.032 0.042
0 0.933 0.184 0.026 0.04
0 0.9 0.224 0.04 0.028
0 0.927 0.212 0.018 0.024
0 0.809 0.137 0.046 0.042
0 0.921 0.124 0.062 0.048
0 0.716 0.164 0.088 0.06
0 0.679 0.201 0.05 0.046
0 0.664 0.407 0.028 0.038
0 0.718 0.375 0.028 0.038
0 0.74 0.375 0.024 0.03
0 0.685 0.405 0.022 0.022
0 0.689 0.486 0.026 0.024
0 0.369 0.375 0.038 0.03
0 0.405 0.412 0.046 0.032
0 0.387 0.354 0.046 0.036
0 0.438 0.334 0.048 0.032
0 0.425 0.315 0.034 0.022
0 0.464 0.286 0.036 0.028
0 0.474 0.306 0.028 0.024
0 0.553 0.285 0.018 0.03
0 0.531 0.279 0.03 0.038
0 0.623 0.353 0.03 0.026
0 0.356 0.391 0.04 0.034
0 0.347 0.366 0.026 0.016
0 0.017 0.414 0.034 0.032
0 0.054 0.382 0.032 0.032
0 0.02 0.342 0.04 0.032
0 0.156 0.424 0.028 0.032
0 0.187 0.351 0.058 0.034
0 0.151 0.375 0.05 0.03
0 0.025 0.288 0.042 0.044
0 0.107 0.287 0.05 0.034
0 0.156 0.281 0.052 0.034
0 0.33 0.258 0.04 0.028
0 0.32 0.228 0.032 0.02
0 0.419 0.213 0.05 0.03
0 0.492 0.249 0.032 0.03
0 0.551 0.212 0.026 0.032
0 0.564 0.22 0.024 0.036
0 0.463 0.165 0.038 0.042
0 0.433 0.169 0.018 0.034
0 0.412 0.163 0.02 0.034
0 0.397 0.172 0.03 0.028
0 0.391 0.077 0.034 0.03
0 0.442 0.09 0.032 0.044
0 0.444 0.113 0.012 0.018
0 0.477 0.105 0.03 0.034
0 0.464 0.116 0.024 0.02
0 0.634 0.022 0.044 0.036
0 0.664 0.014 0.048 0.024
0 0.878 0.02 0.04 0.036
0 0.91 0.034 0.044 0.032
0 0.009 0.18 0.018 0.032
0 0.013 0.135 0.026 0.038
0 0.036 0.057 0.048 0.034
0 0.008 0.023 0.016 0.03
0 0.07 0.028 0.04 0.036
0 0.077 0.094 0.046 0.032
0 0.118 0.011 0.044 0.018
0 0.162 0.006 0.036 0.008
0 0.245 0.124 0.038 0.044
0 0.259 0.147 0.05 0.034
0 0.351 0.102 0.022 0.028
0 0.352 0.017 0.036 0.03
0 0.374 0.028 0.024 0.032
0 0.202 0.197 0.04 0.026
0 0.299 0.076 0.05 0.028
0 0.497 0.016 0.038 0.024
0 0.517 0.901 0.038 0.042
1 0.852 0.598 0.016 0.02
1 0.19 0.683 0.02 0.022
1 0.213 0.604 0.026 0.024
1 0.593 0.33 0.022 0.024
1 0.526 0.374 0.016 0.02
1 0.093 0.394 0.022 0.016
1 0.264 0.249 0.016 0.014
1 0.359 0.257 0.018 0.014
1 0.678 0.049 0.024 0.018
1 0.712 0.045 0.016 0.022
1 0.106 0.047 0.012 0.018
1 0.191 0.064 0.026 0.024
1 0.217 0.043 0.018 0.018
1 0.126 0.217 0.028 0.018
2 0.088 0.87 0.032 0.028
2 0.275 0.66 0.022 0.02
2 0.502 0.973 0.032 0.026
2 0.455 0.901 0.022 0.022
2 0.584 0.988 0.036 0.016
2 0.699 0.975 0.026 0.022
2 0.635 0.893 0.026 0.018
2 0.725 0.995 0.026 0.006
2 0.926 0.973 0.028 0.018
2 0.851 0.88 0.026 0.04
2 0.754 0.888 0.016 0.04
2 0.658 0.827 0.024 0.038
2 0.648 0.591 0.024 0.038
2 0.842 0.658 0.028 0.032
2 0.896 0.624 0.032 0.016
2 0.152 0.627 0.032 0.03
2 0.018 0.624 0.028 0.02
2 0.006 0.645 0.012 0.018
2 0.03 0.569 0.016 0.022
2 0.872 0.529 0.024 0.018
2 0.808 0.515 0.032 0.022
2 0.875 0.197 0.026 0.03
2 0.903 0.193 0.026 0.038
2 0.845 0.106 0.042 0.032
2 0.755 0.25 0.034 0.02
2 0.645 0.456 0.034 0.056
2 0.705 0.324 0.022 0.032
2 0.364 0.431 0.032 0.034
2 0.136 0.422 0.016 0.036
2 0.19 0.27 0.016 0.02
2 0.246 0.317 0.02 0.03
2 0.268 0.316 0.02 0.016
2 0.625 0.256 0.026 0.02
2 0.555 0.371 0.018 0.014
2 0.577 0.333 0.014 0.014
2 0.504 0.128 0.02 0.028
2 0.607 0.161 0.034 0.03
2 0.634 0.171 0.028 0.018
2 0.706 0.016 0.032 0.028
2 0.761 0.121 0.034 0.038
2 0.271 0.088 0.022 0.024
2 0.329 0.111 0.026 0.018
2 0.532 0.012 0.036 0.02
2 0.503 0.005 0.026 0.006
2 0.561 0.052 0.018 0.02
2 0.584 0.057 0.028 0.014
2 0.559 0.092 0.018 0.016
2 0.58 0.095 0.02 0.014
2 0.808 0.049 0.016 0.03
2 0.731 0.91 0.038 0.016
2 0.712 0.878 0.028 0.036