0 0.025 0.022 0.05 0.044
0 0.085 0.019 0.042 0.038
0 0.109 0.013 0.054 0.026
0 0.178 0.017 0.04 0.034
0 0.196 0.038 0.064 0.076
0 0.297 0.069 0.026 0.022
0 0.403 0.059 0.058 0.062
0 0.437 0.005 0.042 0.01
0 0.485 0.024 0.074 0.048
0 0.474 0.067 0.04 0.054
0 0.546 0.056 0.036 0.048
0 0.568 0.047 0.016 0.03
0 0.606 0.063 0.04 0.042
0 0.568 0.075 0.024 0.03
0 0.674 0.063 0.04 0.05
0 0.696 0.09 0.06 0.08
0 0.713 0.041 0.07 0.058
0 0.775 0.009 0.034 0.018
0 0.816 0.054 0.048 0.084
0 0.802 0.017 0.036 0.026
0 0.819 0.006 0.038 0.012
0 0.76 0.041 0.032 0.026
0 0.759 0.069 0.03 0.038
0 0.746 0.086 0.024 0.036
0 0.739 0.054 0.034 0.056
0 0.896 0.042 0.072 0.084
0 0.883 0.09 0.058 0.052
0 0.958 0.014 0.068 0.028
0 0.953 0.072 0.038 0.068
0 0.99 0.113 0.016 0.026
0 0.584 0.146 0.032 0.052
0 0.537 0.153 0.038 0.05
0 0.555 0.198 0.042 0.052
0 0.48 0.137 0.064 0.078
0 0.382 0.103 0.044 0.058
0 0.338 0.105 0.028 0.026
0 0.302 0.102 0.036 0.028
0 0.237 0.103 0.05 0.066
0 0.21 0.172 0.032 0.056
0 0.159 0.11 0.034 0.028
0 0.155 0.146 0.034 0.052
0 0.11 0.125 0.032 0.062
0 0.09 0.069 0.048 0.054
0 0.076 0.101 0.04 0.038
0 0.046 0.077 0.06 0.078
0 0.01 0.137 0.02 0.066
0 0.012 0.203 0.024 0.058
0 0.056 0.216 0.036 0.044
0 0.099 0.213 0.058 0.062
0 0.16 0.207 0.04 0.058
0 0.249 0.231 0.046 0.066
0 0.298 0.256 0.032 0.052
0 0.324 0.183 0.056 0.09
0 0.334 0.222 0.06 0.08
0 0.983 0.217 0.03 0.062
0 0.968 0.227 0.024 0.038
0 0.992 0.255 0.012 0.054
0 0.981 0.275 0.034 0.054
0 0.907 0.267 0.046 0.062
0 0.95 0.321 0.04 0.058
0 0.906 0.339 0.032 0.046
0 0.879 0.331 0.034 0.05
0 0.817 0.268 0.042 0.06
0 0.782 0.288 0.028 0.048
0 0.702 0.32 0.044 0.032
0 0.662 0.31 0.032 0.056
0 0.681 0.288 0.026 0.032
0 0.678 0.314 0.012 0.028
0 0.624 0.297 0.044 0.074
0 0.571 0.287 0.042 0.038
0 0.528 0.274 0.028 0.036
0 0.016 0.3 0.032 0.096
0 0.053 0.292 0.046 0.048
0 0.189 0.305 0.042 0.054
0 0.127 0.328 0.062 0.064
0 0.03 0.406 0.036 0.044
0 0.011 0.449 0.022 0.062
0 0.083 0.485 0.038 0.042
0 0.111 0.385 0.042 0.054
0 0.2 0.377 0.064 0.066
0 0.271 0.443 0.046 0.054
0 0.304 0.311 0.048 0.058
0 0.404 0.291 0.028 0.03
0 0.39 0.325 0.048 0.058
0 0.435 0.316 0.038 0.06
0 0.467 0.326 0.054 0.056
0 0.515 0.365 0.054 0.098
0 0.522 0.408 0.052 0.06
0 0.373 0.403 0.046 0.082
0 0.427 0.401 0.03 0.03
0 0.449 0.376 0.026 0.032
0 0.432 0.364 0.02 0.032
0 0.604 0.399 0.04 0.082
0 0.639 0.41 0.046 0.064
0 0.663 0.396 0.034 0.04
0 0.691 0.412 0.03 0.032
0 0.704 0.4 0.04 0.04
0 0.745 0.439 0.058 0.078
0 0.985 0.485 0.026 0.058
0 0.877 0.421 0.042 0.07
0 0.852 0.405 0.04 0.05
0 0.957 0.495 0.038 0.042
0 0.895 0.509 0.046 0.054
0 0.057 0.519 0.078 0.066
0 0.137 0.513 0.05 0.07
0 0.184 0.502 0.04 0.056
0 0.268 0.555 0.04 0.062
0 0.235 0.55 0.03 0.056
0 0.219 0.57 0.03 0.044
0 0.336 0.575 0.048 0.07
0 0.372 0.503 0.036 0.074
0 0.404 0.514 0.036 0.076
0 0.432 0.525 0.036 0.042
0 0.479 0.488 0.05 0.072
0 0.657 0.529 0.058 0.082
0 0.708 0.541 0.036 0.038
0 0.719 0.515 0.058 0.026
0 0.751 0.565 0.026 0.034
0 0.789 0.481 0.038 0.05
0 0.992 0.645 0.012 0.046
0 0.914 0.594 0.04 0.04
0 0.871 0.611 0.038 0.03
0 0.913 0.639 0.034 0.062
0 0.785 0.604 0.054 0.032
0 0.708 0.675 0.032 0.042
0 0.657 0.61 0.046 0.064
0 0.619 0.632 0.042 0.056
0 0.588 0.626 0.036 0.036
0 0.584 0.657 0.048 0.038
0 0.562 0.607 0.032 0.046
0 0.543 0.605 0.026 0.038
0 0.539 0.627 0.034 0.034
0 0.471 0.628 0.05 0.072
0 0.475 0.688 0.054 0.06
0 0.517 0.679 0.03 0.05
0 0.412 0.658 0.04 0.056
0 0.363 0.662 0.07 0.056
0 0.18 0.579 0.032 0.054
0 0.082 0.575 0.044 0.054
0 0.005 0.582 0.01 0.04
0 0.027 0.607 0.042 0.038
0 0.004 0.688 0.008 0.036
0 0.033 0.688 0.03 0.056
0 0.051 0.663 0.034 0.026
0 0.075 0.7 0.046 0.076
0 0.117 0.683 0.046 0.03
0 0.153 0.713 0.034 0.066
0 0.172 0.737 0.036 0.062
0 0.19 0.698 0.048 0.044
0 0.249 0.689 0.042 0.05
0 0.28 0.759 0.036 0.054
0 0.233 0.74 0.038 0.048
0 0.227 0.769 0.042 0.038
0 0.319 0.728 0.054 0.08
0 0.553 0.738 0.058 0.068
0 0.581 0.784 0.042 0.068
0 0.629 0.746 0.054 0.056
0 0.699 0.719 0.05 0.062
0 0.726 0.722 0.044 0.048
0 0.85 0.713 0.04 0.042
0 0.877 0.716 0.026 0.044
0 0.913 0.734 0.042 0.06
0 0.966 0.698 0.048 0.072
0 0.976 0.774 0.036 0.048
0 0.905 0.769 0.074 0.058
0 0.857 0.814 0.058 0.076
0 0.94 0.845 0.056 0.054
0 0.983 0.87 0.03 0.072
0 0.983 0.929 0.03 0.026
0 0.019 0.771 0.034 0.046
0 0.065 0.814 0.038 0.076
0 0.108 0.802 0.056 0.076
0 0.223 0.835 0.038 0.046
0 0.21 0.875 0.044 0.054
0 0.359 0.811 0.05 0.046
0 0.409 0.81 0.05 0.064
0 0.436 0.847 0.056 0.062
0 0.163 0.845 0.038 0.066
0 0.024 0.915 0.048 0.062
0 0.054 0.899 0.04 0.03
0 0.025 0.958 0.046 0.048
0 0.162 0.908 0.04 0.044
0 0.154 0.982 0.056 0.032
0 0.136 0.962 0.06 0.072
0 0.091 0.969 0.038 0.054
0 0.074 0.979 0.06 0.038
0 0.035 0.984 0.038 0.028
0 0.204 0.981 0.044 0.034
0 0.24 0.986 0.044 0.024
0 0.301 0.963 0.042 0.07
0 0.343 0.965 0.046 0.066
0 0.377 0.969 0.046 0.058
0 0.396 0.989 0.024 0.018
0 0.414 0.98 0.02 0.036
0 0.396 0.9 0.04 0.056
0 0.439 0.886 0.042 0.048
0 0.467 0.77 0.05 0.036
0 0.462 0.804 0.032 0.04
0 0.472 0.886 0.032 0.052
0 0.526 0.864 0.04 0.06
0 0.556 0.818 0.04 0.06
0 0.63 0.808 0.028 0.028
0 0.695 0.775 0.034 0.054
0 0.741 0.806 0.038 0.072
0 0.806 0.788 0.044 0.056
0 0.761 0.777 0.034 0.026
0 0.559 0.967 0.042 0.054
0 0.601 0.965 0.034 0.054
0 0.721 0.879 0.05 0.062
0 0.539 0.938 0.034 0.056
0 0.598 0.932 0.036 0.036
0 0.622 0.853 0.036 0.038
0 0.66 0.96 0.048 0.052
0 0.683 0.953 0.038 0.066
0 0.742 0.952 0.044 0.06
0 0.967 0.982 0.038 0.032
0 0.908 0.959 0.048 0.062
1 0.479 0.359 0.03 0.03
1 0.273 0.014 0.026 0.028
1 0.356 0.003 0.02 0.006
1 0.526 0.02 0.032 0.028
1 0.529 0.013 0.01 0.014
1 0.979 0.061 0.022 0.03
1 0.961 0.102 0.022 0.028
1 0.872 0.169 0.036 0.026
1 0.789 0.149 0.03 0.038
1 0.747 0.165 0.03 0.038
1 0.726 0.133 0.024 0.026
1 0.718 0.135 0.02 0.026
1 0.6 0.11 0.028 0.04
1 0.269 0.16 0.022 0.024
1 0.063 0.133 0.042 0.022
1 0.003 0.239 0.006 0.014
1 0.143 0.264 0.03 0.02
1 0.162 0.297 0.036 0.022
1 0.102 0.315 0.028 0.03
1 0.044 0.361 0.04 0.034
1 0.04 0.463 0.024 0.026
1 0.032 0.484 0.028 0.024
1 0.347 0.307 0.038 0.03
1 0.299 0.333 0.03 0.034
1 0.802 0.427 0.036 0.03
1 0.793 0.389 0.026 0.03
1 0.945 0.541 0.034 0.034
1 0.89 0.568 0.028 0.028
1 0.862 0.575 0.028 0.03
1 0.859 0.544 0.042 0.044
1 0.225 0.507 0.014 0.022
1 0.209 0.506 0.018 0.02
1 0.197 0.526 0.03 0.024
1 0.188 0.547 0.028 0.03
1 0.514 0.495 0.028 0.022
1 0.776 0.492 0.016 0.024
1 0.82 0.604 0.02 0.036
1 0.83 0.582 0.016 0.044
1 0.452 0.721 0.036 0.018
1 0.037 0.583 0.018 0.05
1 0.016 0.732 0.02 0.032
1 0.144 0.652 0.028 0.024
1 0.159 0.639 0.034 0.03
1 0.418 0.71 0.024 0.028
1 0.648 0.716 0.028 0.02
1 0.612 0.715 0.028 0.026
1 0.597 0.732 0.026 0.028
1 0.803 0.646 0.014 0.016
1 0.995 0.829 0.006 0.034
1 0.937 0.918 0.022 0.024
1 0.007 0.773 0.014 0.042
1 0.266 0.813 0.04 0.026
1 0.321 0.811 0.022 0.046
1 0.188 0.905 0.02 0.026
1 0.242 0.961 0.032 0.026
1 0.481 0.96 0.034 0.032
1 0.532 0.898 0.02 0.02
1 0.523 0.914 0.03 0.024
1 0.892 0.948 0.02 0.028
1 0.884 0.986 0.028 0.024
2 0.269 0.047 0.03 0.026
2 0.353 0.049 0.026 0.034
2 0.518 0.02 0.02 0.02
2 0.564 0.022 0.02 0.02
2 0.674 0.168 0.032 0.04
2 0.578 0.102 0.008 0.02
2 0.524 0.104 0.028 0.028
2 0.382 0.074 0.012 0.016
2 0.375 0.092 0.014 0.016
2 0.307 0.143 0.062 0.046
2 0.208 0.108 0.048 0.076
2 0.277 0.186 0.01 0.012
2 0.449 0.193 0.046 0.05
2 0.923 0.32 0.018 0.028
2 0.923 0.214 0.01 0.02
2 0.869 0.219 0.026 0.026
2 0.835 0.344 0.022 0.028
2 0.818 0.331 0.012 0.014
2 0.696 0.3 0.032 0.028
2 0.598 0.247 0.036 0.034
2 0.595 0.205 0.01 0.014
2 0.125 0.273 0.014 0.018
2 0.085 0.396 0.014 0.02
2 0.213 0.425 0.01 0.022
2 0.231 0.387 0.026 0.026
2 0.174 0.44 0.02 0.024
2 0.465 0.295 0.018 0.018
2 0.404 0.373 0.012 0.014
2 0.376 0.354 0.012 0.02
2 0.423 0.426 0.022 0.028
2 0.506 0.44 0.024 0.032
2 0.526 0.449 0.02 0.018
2 0.52 0.462 0.02 0.02
2 0.492 0.425 0.016 0.022
2 0.528 0.434 0.028 0.024
2 0.904 0.416 0.012 0.028
2 0.85 0.44 0.028 0.024
2 0.967 0.448 0.01 0.012
2 0.921 0.451 0.022 0.018
2 0.944 0.45 0.036 0.04
2 0.921 0.435 0.022 0.026
2 0.321 0.514 0.046 0.028
2 0.415 0.476 0.026 0.016
2 0.398 0.55 0.028 0.032
2 0.619 0.45 0.022 0.024
2 0.521 0.559 0.038 0.038
2 0.6 0.552 0.04 0.04
2 0.748 0.535 0.016 0.014
2 0.737 0.547 0.022 0.014
2 0.739 0.525 0.018 0.014
2 0.827 0.48 0.022 0.02
2 0.951 0.64 0.05 0.048
2 0.833 0.625 0.03 0.038
2 0.547 0.652 0.03 0.024
2 0.516 0.725 0.024 0.046
2 0.54 0.68 0.016 0.012
2 0.388 0.602 0.016 0.012
2 0.006 0.544 0.012 0.02
2 0.094 0.65 0.024 0.028
2 0.014 0.696 0.02 0.036
2 0.04 0.726 0.016 0.024
2 0.088 0.725 0.048 0.038
2 0.172 0.613 0.012 0.022
2 0.362 0.727 0.032 0.05
2 0.395 0.751 0.042 0.046
2 0.436 0.699 0.02 0.022
2 0.812 0.689 0.04 0.066
2 0.789 0.655 0.022 0.026
2 0.812 0.636 0.024 0.028
2 0.996 0.933 0.004 0.022
2 0.43 0.774 0.012 0.024
2 0.166 0.796 0.036 0.04
2 0.14 0.855 0.036 0.034
2 0.231 0.9 0.038 0.032
2 0.406 0.934 0.024 0.02
2 0.428 0.957 0.024 0.046
2 0.331 0.898 0.03 0.052
2 0.352 0.886 0.02 0.028
2 0.313 0.836 0.022 0.016
2 0.476 0.742 0.016 0.02
2 0.511 0.784 0.03 0.016
2 0.486 0.794 0.016 0.028
2 0.471 0.842 0.038 0.056
2 0.643 0.782 0.034 0.032
2 0.837 0.778 0.022 0.028
2 0.523 0.82 0.018 0.028
2 0.936 0.877 0.044 0.03
2 0.765 0.858 0.042 0.044
2 0.658 0.914 0.044 0.048
2 0.661 0.863 0.03 0.042
2 0.575 0.894 0.042 0.056
2 0.563 0.873 0.022 0.03
2 0.503 0.908 0.034 0.036
2 0.94 0.991 0.02 0.014
2 0.466 0.246 0.06 0.072
0 0.023 0.019 0.046 0.038
0 0.109 0.014 0.046 0.028
0 0.085 0.019 0.042 0.038
0 0.178 0.017 0.036 0.034
0 0.195 0.043 0.058 0.066
0 0.088 0.076 0.044 0.036
0 0.048 0.081 0.056 0.07
0 0.075 0.106 0.034 0.024
0 0.11 0.127 0.028 0.054
0 0.011 0.14 0.022 0.056
0 0.012 0.207 0.024 0.046
0 0.056 0.215 0.032 0.038
0 0.096 0.214 0.052 0.056
0 0.162 0.21 0.036 0.048
0 0.211 0.173 0.03 0.05
0 0.235 0.103 0.042 0.066
0 0.382 0.105 0.04 0.05
0 0.405 0.057 0.054 0.054
0 0.484 0.139 0.06 0.07
0 0.537 0.153 0.034 0.046
0 0.556 0.199 0.04 0.05
0 0.585 0.148 0.034 0.048
0 0.553 0.05 0.042 0.06
0 0.48 0.022 0.06 0.044
0 0.475 0.069 0.038 0.05
0 0.69 0.084 0.064 0.08
0 0.717 0.035 0.07 0.066
0 0.817 0.056 0.042 0.064
0 0.746 0.065 0.052 0.078
0 0.895 0.042 0.07 0.072
0 0.89 0.086 0.068 0.056
0 0.952 0.075 0.028 0.046
0 0.956 0.015 0.056 0.03
0 0.976 0.222 0.044 0.056
0 0.98 0.27 0.036 0.056
0 0.953 0.324 0.034 0.052
0 0.909 0.268 0.046 0.056
0 0.818 0.269 0.04 0.054
0 0.743 0.436 0.05 0.068
0 0.667 0.308 0.042 0.048
0 0.624 0.297 0.044 0.054
0 0.525 0.413 0.046 0.054
0 0.513 0.371 0.046 0.07
0 0.605 0.41 0.034 0.056
0 0.641 0.404 0.034 0.056
0 0.392 0.322 0.04 0.044
0 0.371 0.408 0.038 0.06
0 0.272 0.442 0.04 0.044
0 0.267 0.557 0.042 0.058
0 0.339 0.576 0.046 0.056
0 0.372 0.509 0.032 0.062
0 0.408 0.51 0.04 0.072
0 0.477 0.494 0.046 0.06
0 0.477 0.631 0.042 0.058
0 0.477 0.69 0.05 0.056
0 0.365 0.662 0.066 0.048
0 0.32 0.728 0.048 0.064
0 0.075 0.699 0.046 0.07
0 0.038 0.686 0.044 0.064
0 0.019 0.771 0.038 0.05
0 0.064 0.813 0.04 0.062
0 0.105 0.809 0.046 0.058
0 0.025 0.92 0.042 0.048
0 0.137 0.965 0.05 0.058
0 0.172 0.909 0.048 0.042
0 0.209 0.874 0.038 0.06
0 0.224 0.833 0.032 0.042
0 0.16 0.843 0.036 0.058
0 0.303 0.966 0.038 0.064
0 0.155 0.984 0.054 0.028
0 0.025 0.962 0.046 0.036
0 0.082 0.974 0.052 0.048
0 0.042 0.985 0.04 0.026
0 0.344 0.975 0.044 0.046
0 0.379 0.974 0.046 0.048
0 0.56 0.968 0.04 0.044
0 0.599 0.932 0.03 0.028
0 0.602 0.966 0.032 0.048
0 0.528 0.87 0.036 0.04
0 0.556 0.818 0.04 0.048
0 0.556 0.749 0.052 0.046
0 0.581 0.787 0.034 0.05
0 0.632 0.745 0.048 0.054
0 0.696 0.78 0.036 0.044
0 0.743 0.808 0.038 0.06
0 0.017 0.304 0.034 0.084
0 0.057 0.294 0.038 0.048
0 0.199 0.374 0.05 0.048
0 0.247 0.233 0.034 0.054
0 0.324 0.185 0.056 0.078
0 0.334 0.223 0.06 0.07
0 0.298 0.26 0.032 0.04
0 0.305 0.311 0.046 0.054
0 0.467 0.324 0.046 0.048
0 0.437 0.322 0.034 0.044
0 0.661 0.394 0.03 0.032
0 0.79 0.483 0.036 0.042
0 0.852 0.415 0.036 0.062
0 0.883 0.418 0.034 0.06
0 0.879 0.333 0.03 0.046
0 0.712 0.531 0.044 0.05
0 0.663 0.533 0.042 0.062
0 0.656 0.613 0.044 0.062
0 0.619 0.631 0.038 0.054
0 0.554 0.609 0.048 0.038
0 0.709 0.671 0.03 0.038
0 0.728 0.728 0.04 0.04
0 0.86 0.714 0.052 0.044
0 0.912 0.735 0.04 0.05
0 0.968 0.695 0.044 0.058
0 0.914 0.641 0.032 0.058
0 0.896 0.511 0.04 0.046
0 0.985 0.488 0.026 0.048
0 0.786 0.606 0.048 0.032
0 0.698 0.723 0.048 0.05
0 0.809 0.789 0.042 0.046
0 0.859 0.803 0.05 0.062
0 0.905 0.77 0.062 0.048
0 0.978 0.773 0.032 0.042
0 0.942 0.848 0.048 0.048
0 0.984 0.881 0.028 0.066
0 0.908 0.96 0.036 0.048
0 0.746 0.954 0.048 0.052
0 0.723 0.878 0.042 0.056
0 0.688 0.951 0.028 0.058
0 0.658 0.96 0.036 0.044
0 0.621 0.855 0.03 0.034
0 0.538 0.938 0.028 0.044
0 0.471 0.89 0.03 0.044
0 0.438 0.888 0.04 0.04
0 0.437 0.847 0.046 0.054
0 0.397 0.904 0.034 0.044
0 0.576 0.897 0.036 0.054
0 0.412 0.807 0.048 0.066
0 0.465 0.768 0.038 0.036
0 0.359 0.814 0.038 0.04
0 0.281 0.765 0.03 0.042
0 0.248 0.69 0.04 0.036
0 0.235 0.74 0.03 0.04
0 0.226 0.766 0.036 0.036
0 0.156 0.717 0.036 0.05
0 0.194 0.7 0.044 0.044
0 0.172 0.736 0.028 0.06
0 0.227 0.556 0.042 0.06
0 0.183 0.581 0.03 0.05
0 0.139 0.515 0.042 0.054
0 0.188 0.508 0.04 0.056
0 0.085 0.483 0.038 0.038
0 0.106 0.383 0.044 0.046
0 0.122 0.331 0.048 0.05
0 0.189 0.304 0.034 0.044
0 0.055 0.522 0.062 0.056
0 0.083 0.578 0.042 0.044
0 0.029 0.594 0.038 0.06
0 0.01 0.451 0.02 0.062
0 0.028 0.404 0.032 0.036
0 0.057 0.898 0.034 0.02
0 0.862 0.546 0.032 0.032
0 0.993 0.646 0.01 0.044
0 0.415 0.667 0.03 0.042
0 0.395 0.751 0.034 0.042
0 0.525 0.68 0.038 0.04
0 0.544 0.635 0.032 0.022
0 0.586 0.644 0.04 0.06
0 0.463 0.805 0.026 0.042
0 0.241 0.963 0.026 0.022
0 0.243 0.987 0.038 0.022
0 0.203 0.985 0.042 0.026
0 0.005 0.58 0.01 0.04
0 0.699 0.406 0.046 0.048
1 0.066 0.131 0.032 0.022
1 0.274 0.013 0.02 0.026
1 0.298 0.07 0.024 0.02
1 0.268 0.048 0.02 0.024
1 0.302 0.104 0.032 0.024
1 0.34 0.105 0.024 0.022
1 0.357 0.048 0.03 0.024
1 0.527 0.021 0.03 0.026
1 0.566 0.076 0.016 0.032
1 0.603 0.065 0.034 0.034
1 0.603 0.109 0.026 0.038
1 0.573 0.286 0.034 0.036
1 0.528 0.275 0.02 0.03
1 0.404 0.293 0.024 0.022
1 0.347 0.309 0.03 0.026
1 0.299 0.334 0.026 0.028
1 0.481 0.356 0.026 0.024
1 0.445 0.376 0.026 0.028
1 0.427 0.402 0.026 0.024
1 0.16 0.113 0.028 0.034
1 0.156 0.145 0.024 0.042
1 0.143 0.264 0.026 0.02
1 0.164 0.296 0.028 0.016
1 0.102 0.317 0.02 0.022
1 0.044 0.363 0.028 0.022
1 0.042 0.463 0.016 0.026
1 0.035 0.488 0.022 0.024
1 0.214 0.508 0.028 0.02
1 0.185 0.543 0.026 0.03
1 0.143 0.65 0.03 0.024
1 0.018 0.734 0.02 0.024
1 0.265 0.812 0.022 0.016
1 0.321 0.812 0.022 0.04
1 0.453 0.72 0.026 0.016
1 0.63 0.808 0.024 0.032
1 0.65 0.715 0.024 0.022
1 0.612 0.714 0.02 0.02
1 0.596 0.735 0.02 0.018
1 0.762 0.777 0.032 0.022
1 0.874 0.612 0.028 0.02
1 0.889 0.568 0.022 0.024
1 0.945 0.539 0.022 0.026
1 0.864 0.573 0.02 0.03
1 0.803 0.644 0.018 0.024
1 0.757 0.565 0.03 0.026
1 0.399 0.991 0.022 0.014
1 0.415 0.98 0.018 0.036
1 0.483 0.961 0.026 0.022
1 0.527 0.908 0.03 0.032
1 0.364 0.732 0.02 0.024
1 0.236 0.905 0.028 0.03
1 0.114 0.677 0.036 0.022
1 0.514 0.495 0.028 0.022
1 0.8 0.427 0.028 0.026
1 0.792 0.389 0.02 0.026
1 0.704 0.322 0.04 0.032
1 0.685 0.288 0.022 0.032
1 0.783 0.286 0.018 0.044
1 0.908 0.343 0.024 0.034
1 0.788 0.151 0.024 0.03
1 0.874 0.171 0.032 0.026
1 0.749 0.165 0.026 0.034
1 0.723 0.136 0.026 0.024
1 0.764 0.041 0.024 0.018
1 0.776 0.007 0.036 0.014
1 0.804 0.017 0.032 0.026
1 0.82 0.004 0.044 0.008
1 0.98 0.06 0.02 0.024
1 0.961 0.102 0.014 0.028
1 0.994 0.112 0.008 0.028
1 0.984 0.931 0.028 0.022
1 0.935 0.919 0.018 0.022
1 0.971 0.991 0.042 0.014
1 0.887 0.987 0.022 0.022
1 0.893 0.949 0.018 0.03
2 0.469 0.245 0.058 0.074
2 0.452 0.193 0.044 0.042
2 0.814 0.695 0.032 0.05
2 0.839 0.626 0.03 0.04
2 0.825 0.595 0.026 0.046
2 0.958 0.497 0.028 0.042
2 0.954 0.643 0.04 0.042
2 0.912 0.595 0.032 0.038
2 0.831 0.794 0.038 0.052
2 0.643 0.781 0.034 0.026
2 0.663 0.865 0.034 0.038
2 0.767 0.863 0.03 0.034
2 0.652 0.915 0.032 0.062
2 0.339 0.895 0.038 0.038
2 0.47 0.841 0.032 0.05
2 0.504 0.909 0.028 0.038
2 0.43 0.952 0.02 0.032
2 0.424 0.708 0.032 0.028
2 0.516 0.725 0.024 0.038
2 0.55 0.654 0.02 0.024
2 0.139 0.854 0.042 0.032
2 0.168 0.794 0.044 0.044
2 0.087 0.727 0.046 0.026
2 0.161 0.634 0.03 0.028
2 0.011 0.692 0.022 0.052
2 0.317 0.516 0.058 0.032
2 0.432 0.521 0.032 0.05
2 0.402 0.543 0.028 0.026
2 0.514 0.441 0.044 0.046
2 0.936 0.446 0.052 0.04
2 0.833 0.342 0.022 0.032
2 0.597 0.246 0.038 0.036