0 0.719 0.606 0.062 0.036
0 0.81 0.682 0.032 0.044
0 0.887 0.604 0.038 0.04
0 0.924 0.616 0.044 0.052
0 0.924 0.513 0.044 0.046
0 0.948 0.492 0.032 0.036
0 0.983 0.491 0.03 0.062
0 0.737 0.552 0.066 0.04
0 0.549 0.439 0.05 0.046
0 0.422 0.464 0.056 0.048
0 0.333 0.47 0.054 0.052
0 0.069 0.501 0.058 0.042
0 0.092 0.562 0.044 0.04
0 0.03 0.617 0.044 0.042
0 0.092 0.663 0.048 0.058
0 0.098 0.72 0.06 0.048
0 0.166 0.671 0.04 0.03
0 0.307 0.7 0.05 0.064
0 0.412 0.809 0.048 0.046
0 0.455 0.875 0.038 0.046
0 0.504 0.961 0.04 0.03
0 0.621 0.738 0.042 0.04
0 0.476 0.451 0.044 0.034
0 0.539 0.369 0.058 0.042
0 0.574 0.349 0.04 0.042
0 0.606 0.398 0.024 0.024
0 0.729 0.46 0.054 0.056
0 0.693 0.567 0.046 0.05
0 0.538 0.642 0.052 0.048
0 0.505 0.549 0.05 0.066
0 0.264 0.819 0.064 0.046
0 0.334 0.93 0.064 0.04
0 0.181 0.96 0.034 0.052
0 0.076 0.895 0.044 0.054
0 0.016 0.921 0.028 0.062
0 0.007 0.979 0.01 0.038
0 0.278 0.991 0.044 0.014
0 0.222 0.954 0.044 0.068
0 0.15 0.839 0.04 0.038
0 0.177 0.773 0.05 0.042
0 0.457 0.722 0.062 0.056
0 0.923 0.911 0.03 0.046
0 0.859 0.939 0.054 0.05
0 0.811 0.891 0.03 0.038
0 0.414 0.575 0.048 0.046
0 0.397 0.523 0.046 0.034
0 0.256 0.586 0.06 0.052
0 0.205 0.538 0.058 0.064
0 0.171 0.495 0.034 0.042
0 0.208 0.449 0.044 0.038
0 0.469 0.262 0.038 0.04
0 0.425 0.257 0.042 0.034
0 0.378 0.271 0.048 0.038
0 0.323 0.319 0.046 0.034
0 0.261 0.341 0.058 0.054
0 0.232 0.365 0.032 0.042
0 0.09 0.376 0.052 0.052
0 0.147 0.327 0.046 0.042
0 0.044 0.317 0.04 0.038
0 0.104 0.274 0.048 0.036
0 0.366 0.22 0.04 0.036
0 0.514 0.189 0.036 0.03
0 0.422 0.13 0.056 0.064
0 0.713 0.08 0.038 0.036
0 0.606 0.051 0.052 0.038
0 0.52 0.078 0.08 0.052
0 0.576 0.13 0.032 0.052
0 0.916 0.23 0.052 0.06
0 0.844 0.247 0.076 0.046
0 0.77 0.248 0.052 0.048
0 0.916 0.09 0.044 0.06
0 0.851 0.12 0.058 0.052
0 0.798 0.113 0.052 0.062
0 0.721 0.166 0.042 0.04
0 0.706 0.173 0.052 0.078
0 0.658 0.174 0.04 0.036
0 0.569 0.265 0.058 0.046
0 0.532 0.283 0.04 0.046
0 0.286 0.242 0.064 0.04
0 0.243 0.167 0.046 0.05
0 0.155 0.108 0.042 0.036
0 0.254 0.043 0.028 0.026
0 0.212 0.041 0.024 0.034
0 0.06 0.201 0.044 0.042
0 0.962 0.625 0.064 0.042
0 0.8 0.38 0.064 0.052
0 0.793 0.332 0.05 0.06
0 0.943 0.341 0.034 0.046
0 0.878 0.298 0.048 0.04
0 0.725 0.311 0.042 0.042
0 0.696 0.321 0.028 0.042
0 0.695 0.245 0.07 0.054
0 0.328 0.169 0.044 0.042
0 0.181 0.04 0.026 0.028
0 0.554 0.011 0.092 0.018
0 0.962 0.018 0.052 0.032
0 0.919 0.043 0.046 0.034
0 0.847 0.016 0.05 0.028
0 0.808 0.481 0.036 0.062
0 0.837 0.483 0.038 0.046
0 0.733 0.417 0.042 0.042
0 0.602 0.2 0.068 0.06
0 0.542 0.114 0.02 0.024
0 0.514 0.126 0.028 0.032
0 0.465 0.568 0.038 0.04
0 0.407 0.69 0.054 0.052
0 0.472 0.652 0.044 0.036
0 0.858 0.789 0.036 0.038
0 0.951 0.839 0.054 0.05
0 0.927 0.824 0.042 0.044
0 0.72 0.675 0.052 0.062
0 0.635 0.974 0.078 0.048
0 0.337 0.857 0.062 0.07
0 0.771 0.759 0.058 0.078
0 0.414 0.373 0.036 0.038
0 0.241 0.522 0.042 0.036
0 0.266 0.499 0.04 0.038
0 0.079 0.436 0.038 0.04
0 0.028 0.383 0.028 0.038
0 0.305 0.202 0.066 0.048
0 0.638 0.199 0.032 0.034
0 0.635 0.088 0.042 0.032
0 0.143 0.035 0.042 0.026
0 0.676 0.801 0.052 0.038
0 0.648 0.82 0.04 0.028
0 0.512 0.841 0.04 0.038
0 0.273 0.655 0.05 0.03
0 0.293 0.629 0.042 0.03
0 0.307 0.647 0.03 0.026
0 0.626 0.878 0.052 0.048
0 0.63 0.851 0.04 0.046
0 0.532 0.799 0.036 0.03
0 0.56 0.802 0.028 0.032
0 0.693 0.72 0.026 0.028
0 0.956 0.74 0.028 0.028
0 0.967 0.988 0.05 0.02
0 0.79 0.917 0.048 0.042
0 0.664 0.432 0.032 0.02
0 0.651 0.539 0.03 0.03
0 0.633 0.527 0.022 0.026
0 0.63 0.505 0.036 0.018
0 0.368 0.421 0.036 0.03
0 0.404 0.384 0.056 0.04
0 0.062 0.16 0.044 0.028
0 0.011 0.085 0.018 0.034
0 0.184 0.637 0.032 0.026
0 0.209 0.645 0.038 0.03
0 0.668 0.028 0.028 0.036
0 0.409 0.222 0.042 0.036
0 0.993 0.305 0.01 0.026
0 0.993 0.186 0.01 0.028
0 0.977 0.176 0.026 0.04
0 0.95 0.175 0.04 0.034
0 0.56 0.217 0.032 0.03
0 0.592 0.323 0.024 0.018
0 0.012 0.382 0.02 0.024
0 0.12 0.234 0.052 0.056
0 0.006 0.241 0.008 0.038
0 0.012 0.186 0.02 0.052
0 0.988 0.958 0.02 0.04
0 0.911 0.455 0.034 0.022
0 0.913 0.438 0.03 0.024
0 0.922 0.341 0.024 0.046
0 0.96 0.087 0.024 0.034
0 0.503 0.66 0.042 0.036
0 0.769 0.427 0.038 0.038
0 0.14 0.423 0.032 0.038
0 0.308 0.487 0.048 0.058
0 0.876 0.778 0.02 0.02
0 0.897 0.773 0.03 0.026
0 0.843 0.728 0.038 0.024
0 0.837 0.907 0.03 0.034
0 0.844 0.978 0.028 0.028
0 0.254 0.426 0.032 0.028
0 0.078 0.767 0.024 0.018
0 0.046 0.741 0.028 0.018
0 0.054 0.758 0.016 0.016
0 0.097 0.773 0.014 0.014
1 0.691 0.857 0.018 0.026
1 0.899 0.342 0.014 0.032
1 0.874 0.337 0.02 0.034
1 0.446 0.214 0.02 0.028
1 0.351 0.283 0.022 0.018
1 0.181 0.173 0.018 0.022
1 0.167 0.187 0.022 0.022
1 0.749 0.051 0.038 0.018
1 0.526 0.05 0.04 0.016
1 0.759 0.193 0.034 0.022
1 0.757 0.28 0.03 0.024
1 0.272 0.406 0.02 0.036
1 0.189 0.24 0.034 0.024
1 0.639 0.313 0.034 0.022
1 0.613 0.529 0.026 0.05
1 0.624 0.66 0.028 0.02
1 0.303 0.609 0.022 0.01
1 0.409 0.039 0.018 0.018
1 0.448 0.545 0.02 0.022
1 0.305 0.567 0.022 0.026
1 0.013 0.53 0.018 0.024
1 0.701 0.979 0.026 0.026
1 0.88 0.988 0.028 0.02
1 0.995 0.877 0.006 0.038
1 0.776 0.46 0.016 0.016
1 0.948 0.104 0.016 0.024
1 0.892 0.025 0.024 0.026
1 0.849 0.53 0.034 0.02
1 0.775 0.594 0.022 0.02
1 0.526 0.995 0.024 0.006
1 0.565 0.973 0.03 0.026
1 0.57 0.927 0.02 0.034
1 0.519 0.928 0.022 0.024
1 0.033 0.872 0.018 0.02
1 0.202 0.836 0.036 0.024
1 0.142 0.808 0.032 0.024
1 0.185 0.021 0.038 0.026
1 0.272 0.006 0.032 0.008
1 0.865 0.75 0.034 0.016
1 0.821 0.782 0.026 0.02
1 0.806 0.792 0.02 0.02
1 0.663 0.887 0.022 0.038
1 0.581 0.854 0.018 0.024
1 0.244 0.485 0.024 0.034
1 0.544 0.349 0.016 0.018
1 0.57 0.901 0.016 0.018
1 0.415 0.944 0.01 0.008
1 0.092 0.763 0.02 0.014
2 0.79 0.058 0.02 0.032
2 0.986 0.264 0.02 0.016
2 0.658 0.279 0.004 0.006
2 0.335 0.615 0.006 0.014
2 0.583 0.576 0.014 0.012
2 0.97 0.713 0.024 0.018
2 0.78 0.688 0.008 0.02
2 0.682 0.473 0.016 0.01
2 0.626 0.45 0.012 0.016
2 0.693 0.392 0.006 0.008
2 0.949 0.277 0.01 0.01
2 0.922 0.016 0.024 0.016
2 0.877 0.423 0.038 0.022
2 0.265 0.914 0.018 0.028
2 0.144 0.886 0.024 0.02
2 0.441 0.046 0.034 0.036
2 0.157 0.013 0.014 0.006
2 0.003 0.014 0.002 0.024
2 0.331 0.124 0.006 0.02
2 0.765 0.996 0.022 0.004
2 0.245 0.977 0.018 0.014
2 0.143 0.726 0.01 0.016
2 0.529 0.745 0.026 0.026
2 0.735 0.272 0.01 0.004
2 0.592 0.863 0.012 0.014
2 0.13 0.272 0.02 0.02
2 0.028 0.187 0.012 0.014
2 0.022 0.206 0.032 0.028
2 0.36 0.188 0.012 0.012
2 0.573 0.086 0.014 0.008
2 0.601 0.016 0.01 0.008
2 0.324 0.391 0.016 0.01
2 0.52 0.486 0.008 0.008
2 0.575 0.494 0.006 0.016
2 0.816 0.516 0.008 0.012
2 0.819 0.858 0.014 0.008
2 0.939 0.724 0.01 0.004
2 0.95 0.721 0.008 0.006
2 0.895 0.124 0.01 0.024
2 0.906 0.142 0.024 0.028
2 0.449 0.102 0.01 0.012
2 0.445 0.084 0.01 0.008
2 0.375 0.889 0.014 0.026
2 0.126 0.762 0.012 0.02
2 0.118 0.779 0.028 0.026