0 0.378 0.314 0.044 0.076
0 0.397 0.671 0.042 0.066
0 0.441 0.707 0.046 0.074
0 0.515 0.696 0.038 0.056
0 0.485 0.722 0.038 0.096
0 0.589 0.752 0.05 0.068
0 0.548 0.757 0.04 0.058
0 0.526 0.744 0.024 0.036
0 0.652 0.764 0.048 0.048
0 0.642 0.693 0.036 0.042
0 0.691 0.68 0.062 0.056
0 0.699 0.721 0.05 0.046
0 0.314 0.768 0.032 0.056
0 0.329 0.727 0.038 0.07
0 0.383 0.752 0.05 0.068
0 0.356 0.708 0.036 0.06
0 0.434 0.913 0.064 0.046
0 0.504 0.821 0.056 0.054
0 0.436 0.821 0.056 0.066
0 0.648 0.972 0.056 0.044
0 0.669 0.989 0.026 0.018
0 0.098 0.806 0.06 0.088
0 0.139 0.858 0.046 0.06
0 0.198 0.88 0.048 0.052
0 0.162 0.806 0.044 0.056
0 0.137 0.754 0.038 0.06
0 0.085 0.733 0.05 0.066
0 0.107 0.715 0.034 0.07
0 0.242 0.789 0.04 0.042
0 0.251 0.749 0.034 0.042
0 0.275 0.799 0.038 0.058
0 0.315 0.67 0.042 0.052
0 0.311 0.623 0.058 0.058
0 0.319 0.585 0.042 0.054
0 0.25 0.584 0.04 0.056
0 0.216 0.546 0.036 0.036
0 0.235 0.521 0.034 0.05
0 0.265 0.485 0.042 0.074
0 0.366 0.475 0.056 0.082
0 0.027 0.57 0.034 0.056
0 0.066 0.594 0.06 0.068
0 0.124 0.597 0.044 0.062
0 0.164 0.631 0.036 0.05
0 0.083 0.856 0.034 0.024
0 0.319 0.97 0.038 0.032
0 0.213 0.935 0.026 0.03
0 0.253 0.985 0.058 0.026
0 0.05 0.657 0.048 0.078
0 0.012 0.631 0.024 0.054
0 0.052 0.526 0.048 0.052
0 0.116 0.517 0.064 0.074
0 0.146 0.502 0.06 0.092
0 0.41 0.637 0.016 0.034
0 0.443 0.624 0.034 0.06
0 0.457 0.588 0.046 0.052
0 0.558 0.602 0.028 0.052
0 0.622 0.546 0.04 0.064
0 0.68 0.555 0.048 0.062
0 0.315 0.524 0.03 0.044
0 0.294 0.501 0.016 0.042
0 0.354 0.577 0.044 0.058
0 0.242 0.38 0.056 0.084
0 0.315 0.351 0.054 0.062
0 0.365 0.411 0.042 0.05
0 0.494 0.507 0.044 0.086
0 0.507 0.461 0.034 0.066
0 0.558 0.449 0.04 0.066
0 0.46 0.434 0.04 0.056
0 0.499 0.382 0.046 0.068
0 0.579 0.399 0.042 0.058
0 0.547 0.347 0.042 0.054
0 0.627 0.313 0.046 0.074
0 0.572 0.344 0.032 0.056
0 0.564 0.289 0.044 0.054
0 0.525 0.263 0.046 0.078
0 0.538 0.202 0.044 0.064
0 0.537 0.148 0.034 0.06
0 0.631 0.245 0.054 0.082
0 0.566 0.087 0.044 0.066
0 0.434 0.333 0.028 0.038
0 0.029 0.46 0.038 0.064
0 0.116 0.385 0.044 0.058
0 0.144 0.366 0.04 0.064
0 0.08 0.351 0.04 0.026
0 0.087 0.322 0.03 0.032
0 0.029 0.338 0.05 0.06
0 0.069 0.265 0.058 0.078
0 0.116 0.294 0.04 0.072
0 0.2 0.259 0.036 0.07
0 0.14 0.245 0.044 0.082
0 0.125 0.191 0.038 0.042
0 0.078 0.143 0.044 0.074
0 0.174 0.141 0.052 0.074
0 0.048 0.199 0.036 0.058
0 0.012 0.167 0.024 0.058
0 0.007 0.039 0.014 0.058
0 0.04 0.049 0.048 0.054
0 0.058 0.024 0.048 0.044
0 0.018 0.01 0.036 0.016
0 0.112 0.048 0.044 0.052
0 0.15 0.03 0.048 0.056
0 0.2 0.047 0.04 0.05
0 0.468 0.294 0.048 0.076
0 0.464 0.239 0.048 0.086
0 0.344 0.216 0.044 0.06
0 0.347 0.156 0.054 0.084
0 0.276 0.205 0.06 0.074
0 0.313 0.038 0.046 0.06
0 0.458 0.103 0.04 0.062
0 0.354 0.029 0.044 0.054
0 0.387 0.025 0.026 0.046
0 0.807 0.642 0.042 0.076
0 0.834 0.68 0.032 0.064
0 0.707 0.606 0.05 0.052
0 0.764 0.572 0.032 0.032
0 0.759 0.542 0.042 0.04
0 0.821 0.585 0.042 0.054
0 0.843 0.563 0.034 0.058
0 0.947 0.578 0.038 0.044
0 0.989 0.58 0.018 0.048
0 0.966 0.571 0.028 0.046
0 0.647 0.413 0.038 0.054
0 0.687 0.433 0.034 0.042
0 0.677 0.399 0.038 0.042
0 0.696 0.492 0.04 0.064
0 0.762 0.477 0.036 0.058
0 0.757 0.432 0.042 0.048
0 0.764 0.382 0.032 0.036
0 0.788 0.358 0.048 0.048
0 0.852 0.413 0.024 0.026
0 0.839 0.396 0.026 0.032
0 0.868 0.454 0.048 0.036
0 0.74 0.283 0.052 0.078
0 0.707 0.287 0.046 0.074
0 0.698 0.23 0.052 0.052
0 0.848 0.309 0.044 0.086
0 0.753 0.195 0.05 0.062
0 0.815 0.199 0.038 0.054
0 0.851 0.215 0.046 0.066
0 0.929 0.281 0.05 0.078
0 0.69 0.167 0.04 0.042
0 0.714 0.137 0.04 0.066
0 0.659 0.101 0.05 0.054
0 0.609 0.137 0.058 0.082
0 0.494 0.078 0.04 0.052
0 0.499 0.028 0.046 0.052
0 0.91 0.196 0.056 0.072
0 0.946 0.215 0.044 0.05
0 0.977 0.22 0.042 0.06
0 0.811 0.273 0.046 0.058
0 0.897 0.42 0.038 0.052
0 0.921 0.462 0.03 0.032
0 0.936 0.451 0.04 0.046
0 0.784 0.066 0.044 0.072
0 0.932 0.644 0.036 0.056
0 0.605 0.022 0.046 0.04
0 0.646 0.03 0.036 0.056
0 0.928 0.097 0.06 0.074
0 0.917 0.054 0.038 0.028
0 0.974 0.046 0.048 0.088
0 0.292 0.709 0.02 0.038
0 0.692 0.054 0.044 0.04
1 0.639 0.731 0.018 0.03
1 0.775 0.759 0.034 0.042
1 0.859 0.711 0.022 0.026
1 0.518 0.888 0.036 0.028
1 0.547 0.859 0.022 0.03
1 0.507 0.954 0.022 0.024
1 0.578 0.955 0.02 0.022
1 0.586 0.938 0.012 0.016
1 0.674 0.923 0.016 0.018
1 0.811 0.942 0.018 0.024
1 0.92 0.834 0.028 0.024
1 0.975 0.85 0.026 0.04
1 0.726 0.798 0.028 0.024
1 0.077 0.691 0.022 0.018
1 0.185 0.738 0.022 0.02
1 0.436 0.498 0.036 0.032
1 0.095 0.576 0.014 0.024
1 0.044 0.852 0.028 0.024
1 0.035 0.828 0.018 0.02
1 0.025 0.821 0.018 0.03
1 0.36 0.892 0.02 0.048
1 0.371 0.826 0.018 0.024
1 0.382 0.818 0.012 0.02
1 0.179 0.529 0.034 0.03
1 0.539 0.577 0.018 0.038
1 0.312 0.482 0.012 0.048
1 0.286 0.358 0.024 0.024
1 0.49 0.429 0.02 0.022
1 0.606 0.185 0.048 0.034
1 0.426 0.299 0.028 0.026
1 0.064 0.422 0.024 0.048
1 0.033 0.361 0.022 0.026
1 0.028 0.242 0.016 0.024
1 0.023 0.22 0.018 0.02
1 0.173 0.264 0.026 0.028
1 0.228 0.238 0.032 0.044
1 0.025 0.166 0.018 0.032
1 0.426 0.217 0.028 0.026
1 0.256 0.067 0.02 0.03
1 0.386 0.115 0.024 0.034
1 0.836 0.625 0.016 0.018
1 0.693 0.649 0.018 0.018
1 0.728 0.654 0.028 0.028
1 0.643 0.59 0.018 0.016
1 0.917 0.586 0.03 0.028
1 0.706 0.384 0.036 0.028
1 0.633 0.45 0.022 0.04
1 0.827 0.358 0.022 0.036
1 0.475 0.04 0.038 0.02
1 0.517 0.064 0.026 0.02
1 0.556 0.01 0.036 0.016
1 0.786 0.281 0.024 0.038
1 0.756 0.091 0.016 0.022
1 0.757 0.059 0.01 0.022
1 0.916 0.653 0.016 0.018
1 0.951 0.139 0.018 0.03
1 0.187 0.815 0.018 0.05
1 0.1 0.97 0.02 0.02
1 0.109 0.988 0.014 0.016
2 0.28 0.089 0.04 0.058
2 0.427 0.057 0.022 0.038
2 0.101 0.638 0.018 0.036
2 0.837 0.518 0.018 0.02
2 0.821 0.496 0.026 0.036
2 0.979 0.343 0.022 0.026
2 0.953 0.336 0.018 0.028
2 0.954 0.367 0.024 0.03
2 0.263 0.67 0.026 0.024
2 0.284 0.678 0.02 0.02
2 0.246 0.645 0.012 0.014
2 0.263 0.643 0.014 0.014
2 0.205 0.803 0.022 0.034
2 0.283 0.88 0.018 0.016