0 0.895 0.907 0.054 0.066
0 0.847 0.893 0.03 0.034
0 0.82 0.855 0.036 0.038
0 0.784 0.814 0.04 0.048
0 0.745 0.763 0.07 0.07
0 0.675 0.786 0.038 0.036
0 0.658 0.705 0.04 0.034
0 0.706 0.684 0.048 0.048
0 0.637 0.662 0.05 0.036
0 0.611 0.634 0.05 0.036
0 0.562 0.662 0.036 0.048
0 0.507 0.687 0.042 0.038
0 0.596 0.549 0.04 0.034
0 0.533 0.571 0.042 0.034
0 0.532 0.532 0.044 0.048
0 0.583 0.495 0.042 0.038
0 0.603 0.481 0.03 0.026
0 0.583 0.472 0.014 0.016
0 0.554 0.452 0.028 0.052
0 0.523 0.432 0.042 0.048
0 0.481 0.457 0.038 0.054
0 0.43 0.471 0.044 0.042
0 0.448 0.399 0.048 0.046
0 0.471 0.596 0.038 0.028
0 0.45 0.616 0.052 0.04
0 0.388 0.508 0.036 0.024
0 0.928 0.402 0.04 0.048
0 0.99 0.366 0.016 0.044
0 0.911 0.368 0.038 0.028
0 0.847 0.359 0.062 0.062
0 0.813 0.343 0.066 0.05
0 0.753 0.367 0.058 0.054
0 0.815 0.507 0.046 0.042
0 0.75 0.312 0.052 0.036
0 0.693 0.293 0.054 0.042
0 0.634 0.231 0.036 0.034
0 0.579 0.26 0.042 0.036
0 0.548 0.199 0.036 0.03
0 0.548 0.177 0.04 0.03
0 0.616 0.117 0.048 0.034
0 0.619 0.047 0.05 0.042
0 0.679 0.031 0.042 0.034
0 0.743 0.121 0.046 0.054
0 0.848 0.061 0.04 0.038
0 0.807 0.046 0.046 0.032
0 0.794 0.115 0.052 0.034
0 0.887 0.152 0.046 0.032
0 0.941 0.224 0.05 0.032
0 0.89 0.281 0.048 0.03
0 0.876 0.235 0.036 0.042
0 0.855 0.245 0.038 0.026
0 0.858 0.27 0.044 0.028
0 0.921 0.129 0.042 0.03
0 0.961 0.044 0.026 0.028
0 0.663 0.194 0.03 0.024
0 0.6 0.276 0.044 0.032
0 0.561 0.316 0.038 0.04
0 0.478 0.291 0.072 0.046
0 0.438 0.268 0.036 0.036
0 0.365 0.276 0.062 0.04
0 0.381 0.237 0.062 0.046
0 0.323 0.216 0.042 0.04
0 0.335 0.178 0.038 0.032
0 0.357 0.146 0.046 0.028
0 0.458 0.136 0.052 0.04
0 0.474 0.046 0.048 0.04
0 0.434 0.077 0.064 0.038
0 0.257 0.035 0.05 0.066
0 0.222 0.04 0.032 0.044
0 0.199 0.098 0.054 0.048
0 0.194 0.145 0.044 0.034
0 0.16 0.197 0.036 0.026
0 0.203 0.257 0.038 0.042
0 0.178 0.226 0.024 0.02
0 0.089 0.222 0.05 0.06
0 0.061 0.203 0.046 0.07
0 0.033 0.209 0.026 0.034
0 0.336 0.318 0.056 0.04
0 0.273 0.377 0.034 0.034
0 0.263 0.48 0.05 0.048
0 0.261 0.515 0.042 0.034
0 0.212 0.525 0.048 0.038
0 0.224 0.483 0.04 0.046
0 0.21 0.45 0.04 0.044
0 0.163 0.458 0.038 0.048
0 0.12 0.458 0.048 0.056
0 0.167 0.419 0.054 0.038
0 0.157 0.325 0.05 0.034
0 0.182 0.351 0.044 0.03
0 0.217 0.336 0.026 0.028
0 0.105 0.402 0.046 0.032
0 0.067 0.394 0.038 0.036
0 0.043 0.367 0.046 0.042
0 0.082 0.293 0.044 0.034
0 0.039 0.312 0.026 0.028
0 0.007 0.45 0.01 0.044
0 0.082 0.502 0.04 0.044
0 0.155 0.624 0.05 0.036
0 0.103 0.631 0.046 0.034
0 0.082 0.597 0.036 0.026
0 0.097 0.557 0.054 0.042
0 0.054 0.576 0.036 0.04
0 0.284 0.603 0.04 0.038
0 0.251 0.556 0.038 0.024
0 0.277 0.636 0.042 0.036
0 0.223 0.691 0.038 0.05
0 0.247 0.662 0.034 0.04
0 0.238 0.784 0.048 0.04
0 0.218 0.76 0.044 0.036
0 0.162 0.802 0.048 0.032
0 0.093 0.787 0.05 0.034
0 0.051 0.772 0.038 0.04
0 0.025 0.75 0.046 0.048
0 0.058 0.901 0.044 0.038
0 0.06 0.848 0.052 0.076
0 0.025 0.939 0.042 0.046
0 0.089 0.947 0.038 0.05
0 0.261 0.846 0.042 0.048
0 0.214 0.871 0.06 0.082
0 0.491 0.854 0.042 0.052
0 0.481 0.817 0.046 0.05
0 0.401 0.889 0.07 0.058
0 0.434 0.896 0.036 0.036
0 0.441 0.779 0.046 0.034
0 0.541 0.814 0.038 0.044
0 0.615 0.764 0.05 0.04
0 0.6 0.736 0.052 0.056
0 0.417 0.752 0.054 0.048
0 0.401 0.807 0.066 0.05
0 0.295 0.783 0.046 0.058
0 0.279 0.709 0.042 0.026
0 0.349 0.67 0.018 0.036
0 0.308 0.645 0.032 0.054
0 0.123 0.563 0.042 0.026
0 0.01 0.56 0.016 0.04
0 0.014 0.383 0.024 0.034
0 0.612 0.367 0.052 0.034
0 0.565 0.38 0.038 0.032
0 0.778 0.592 0.072 0.044
0 0.766 0.555 0.04 0.034
0 0.762 0.486 0.048 0.044
0 0.778 0.497 0.044 0.034
0 0.902 0.63 0.04 0.032
0 0.927 0.745 0.042 0.042
0 0.976 0.766 0.044 0.044
0 0.991 0.529 0.014 0.026
0 0.707 0.477 0.054 0.034
0 0.676 0.481 0.04 0.042
0 0.494 0.359 0.052 0.046
0 0.384 0.387 0.068 0.046
0 0.322 0.413 0.04 0.042
0 0.391 0.42 0.038 0.036
0 0.711 0.917 0.058 0.05
0 0.655 0.908 0.046 0.044
0 0.857 0.929 0.042 0.046
0 0.957 0.983 0.05 0.03
0 0.982 0.894 0.032 0.052
0 0.93 0.899 0.032 0.046
0 0.836 0.968 0.036 0.036
0 0.804 0.965 0.028 0.05
0 0.757 0.987 0.058 0.022
0 0.59 0.919 0.044 0.05
0 0.495 0.935 0.026 0.026
0 0.643 0.993 0.026 0.01
0 0.541 0.988 0.05 0.02
0 0.469 0.98 0.026 0.028
0 0.439 0.993 0.03 0.01
0 0.403 0.99 0.042 0.016
0 0.309 0.949 0.034 0.042
0 0.24 0.989 0.028 0.018
0 0.175 0.983 0.042 0.03
0 0.137 0.949 0.03 0.026
0 0.119 0.952 0.026 0.036
0 0.039 0.827 0.038 0.05
0 0.019 0.81 0.034 0.036
0 0.066 0.748 0.016 0.024
0 0.385 0.844 0.038 0.048
0 0.363 0.853 0.034 0.058
0 0.368 0.74 0.044 0.044
0 0.407 0.521 0.03 0.018
0 0.71 0.813 0.044 0.046
0 0.564 0.828 0.056 0.056
0 0.354 0.892 0.024 0.028
0 0.277 0.937 0.03 0.03
0 0.522 0.616 0.036 0.04
0 0.43 0.592 0.032 0.036
0 0.966 0.466 0.036 0.028
0 0.992 0.477 0.012 0.022
0 0.916 0.582 0.032 0.032
0 0.878 0.627 0.028 0.038
0 0.662 0.528 0.04 0.036
0 0.101 0.163 0.046 0.034
0 0.102 0.071 0.032 0.046
0 0.132 0.096 0.036 0.04
0 0.16 0.138 0.028 0.028
0 0.018 0.177 0.032 0.034
0 0.049 0.08 0.07 0.072
0 0.06 0.025 0.064 0.046
0 0.32 0.099 0.048 0.042
0 0.343 0.09 0.026 0.028
0 0.298 0.087 0.024 0.034
0 0.136 0.169 0.028 0.026
0 0.861 0.174 0.046 0.032
0 0.959 0.703 0.022 0.03
0 0.994 0.702 0.008 0.028
0 0.948 0.574 0.02 0.02
0 0.939 0.53 0.022 0.02
0 0.738 0.538 0.02 0.024
0 0.734 0.571 0.028 0.026
0 0.713 0.57 0.026 0.02
0 0.659 0.554 0.022 0.028
0 0.7 0.544 0.024 0.024
0 0.916 0.5 0.016 0.02
0 0.844 0.56 0.024 0.02
0 0.881 0.699 0.014 0.022
0 0.993 0.947 0.01 0.034
0 0.821 0.227 0.018 0.026
0 0.729 0.24 0.026 0.028
0 0.672 0.412 0.028 0.036
0 0.679 0.358 0.026 0.024
0 0.695 0.383 0.034 0.018
0 0.494 0.241 0.02 0.034
0 0.477 0.211 0.03 0.034
0 0.674 0.14 0.036 0.02
0 0.623 0.009 0.03 0.014
0 0.303 0.15 0.022 0.024
0 0.126 0.005 0.032 0.006
0 0.211 0.004 0.038 0.004
0 0.358 0.768 0.016 0.036
0 0.347 0.749 0.01 0.018
0 0.328 0.765 0.024 0.026
0 0.492 0.159 0.016 0.026
0 0.494 0.134 0.008 0.016
0 0.514 0.157 0.016 0.01
0 0.551 0.078 0.022 0.02
0 0.548 0.05 0.02 0.032
0 0.538 0.073 0.024 0.022
0 0.814 0.008 0.036 0.012
0 0.85 0.132 0.02 0.024
0 0.829 0.119 0.018 0.022
0 0.749 0.246 0.022 0.032
0 0.633 0.27 0.03 0.02
0 0.514 0.345 0.02 0.018
0 0.339 0.357 0.026 0.014
0 0.679 0.1 0.034 0.02
0 0.772 0.038 0.016 0.016
0 0.926 0.009 0.02 0.014
0 0.988 0.458 0.02 0.02
0 0.944 0.756 0.024 0.028
0 0.586 0.996 0.028 0.004
0 0.56 0.886 0.048 0.024
0 0.315 0.996 0.026 0.004
0 0.276 0.972 0.036 0.04
0 0.292 0.892 0.024 0.044
0 0.264 0.787 0.012 0.018
0 0.157 0.713 0.026 0.022
0 0.351 0.63 0.014 0.02
0 0.337 0.641 0.018 0.018
0 0.399 0.544 0.014 0.012
0 0.412 0.541 0.012 0.014
0 0.008 0.52 0.012 0.04
0 0.046 0.513 0.016 0.014
0 0.034 0.248 0.028 0.032
0 0.381 0.335 0.014 0.014
0 0.704 0.235 0.028 0.018
0 0.661 0.309 0.018 0.018
0 0.734 0.714 0.012 0.012
0 0.725 0.723 0.01 0.01
0 0.871 0.684 0.018 0.016
0 0.874 0.407 0.032 0.026
0 0.508 0.138 0.02 0.02
0 0.323 0.151 0.018 0.022
0 0.276 0.062 0.024 0.02
0 0.279 0.089 0.026 0.038
0 0.236 0.33 0.016 0.02
0 0.26 0.303 0.016 0.01
0 0.361 0.412 0.014 0.012
0 0.347 0.408 0.01 0.012
0 0.285 0.557 0.014 0.018
0 0.123 0.593 0.03 0.022
0 0.034 0.652 0.044 0.024
0 0.144 0.852 0.032 0.016
0 0.064 0.991 0.048 0.014
0 0.512 0.986 0.012 0.016
0 0.949 0.497 0.026 0.03
0 0.997 0.499 0.002 0.018
0 0.987 0.498 0.018 0.016
0 0.996 0.64 0.004 0.02
0 0.692 0.318 0.02 0.016
0 0.668 0.321 0.028 0.022
0 0.037 0.44 0.03 0.044
1 0.887 0.822 0.018 0.032
1 0.714 0.548 0.012 0.016
1 0.691 0.533 0.014 0.018
1 0.935 0.508 0.01 0.008
1 0.928 0.495 0.012 0.01
1 0.967 0.362 0.018 0.02
1 0.306 0.567 0.02 0.03
1 0.429 0.532 0.018 0.024
1 0.434 0.698 0.012 0.012
1 0.522 0.646 0.008 0.008
1 0.901 0.088 0.014 0.016
1 0.893 0.099 0.01 0.014
1 0.878 0.081 0.012 0.014
1 0.523 0.354 0.006 0.012
1 0.289 0.335 0.01 0.01
1 0.279 0.339 0.002 0.002
1 0.162 0.386 0.032 0.012
1 0.974 0.114 0.02 0.016
1 0.995 0.054 0.006 0.016
1 0.968 0.237 0.012 0.018
1 0.848 0.593 0.012 0.01
1 0.832 0.592 0.02 0.008
1 0.832 0.605 0.012 0.01
1 0.975 0.72 0.014 0.012
1 0.946 0.831 0.012 0.01
1 0.986 0.8 0.008 0.008
1 0.944 0.942 0.02 0.016
1 0.952 0.956 0.02 0.012
1 0.679 0.943 0.018 0.01
1 0.456 0.907 0.012 0.022
1 0.322 0.906 0.024 0.016
1 0.274 0.79 0.008 0.008
1 0.275 0.779 0.006 0.006
1 0.335 0.633 0.006 0.01
1 0.329 0.624 0.006 0.012
1 0.339 0.623 0.006 0.01
1 0.324 0.615 0.008 0.01
1 0.041 0.523 0.01 0.01
1 0.092 0.379 0.024 0.018
1 0.368 0.339 0.008 0.01
1 0.779 0.241 0.006 0.01
1 0.772 0.233 0.004 0.01
1 0.29 0.05 0.012 0.024
1 0.641 0.406 0.01 0.016
1 0.651 0.345 0.006 0.006
1 0.645 0.299 0.01 0.006
1 0.351 0.809 0.014 0.01
2 0.39 0.331 0.016 0.01
2 0.896 0.456 0.012 0.02
2 0.179 0.005 0.022 0.006
2 0.017 0.045 0.014 0.038