0 0.339 0.046 0.058 0.052
0 0.28 0.01 0.036 0.02
0 0.084 0.13 0.06 0.06
0 0.051 0.04 0.034 0.056
0 0.072 0.053 0.024 0.03
0 0.042 0.363 0.06 0.086
0 0.009 0.334 0.014 0.032
0 0.007 0.437 0.01 0.038
0 0.02 0.721 0.036 0.054
0 0.016 0.756 0.028 0.036
0 0.015 0.828 0.026 0.04
0 0.045 0.903 0.086 0.11
0 0.016 0.939 0.028 0.05
0 0.198 0.408 0.064 0.076
0 0.474 0.238 0.044 0.056
0 0.746 0.456 0.076 0.088
0 0.431 0.456 0.038 0.036
0 0.276 0.609 0.052 0.078
0 0.282 0.943 0.06 0.074
0 0.605 0.975 0.038 0.046
0 0.64 0.979 0.044 0.038
0 0.888 0.983 0.056 0.03
0 0.906 0.96 0.044 0.064
0 0.875 0.899 0.026 0.034
0 0.724 0.981 0.028 0.034
0 0.556 0.92 0.056 0.052
0 0.683 0.872 0.034 0.044
0 0.695 0.901 0.034 0.034
0 0.256 0.857 0.048 0.058
0 0.512 0.79 0.068 0.064
0 0.367 0.971 0.062 0.054
0 0.437 0.958 0.07 0.08
0 0.463 0.892 0.066 0.096
0 0.966 0.236 0.064 0.088
0 0.979 0.155 0.038 0.046
0 0.895 0.02 0.038 0.04
0 0.152 0.643 0.036 0.05
0 0.218 0.972 0.072 0.052
0 0.188 0.888 0.048 0.044
0 0.177 0.763 0.066 0.13
0 0.381 0.514 0.086 0.064
0 0.419 0.567 0.054 0.074
0 0.878 0.551 0.068 0.054
0 0.697 0.294 0.082 0.092
0 0.527 0.331 0.042 0.058
0 0.599 0.13 0.038 0.068
0 0.336 0.099 0.04 0.05
0 0.219 0.282 0.038 0.056
0 0.237 0.233 0.054 0.07
0 0.141 0.316 0.062 0.076
0 0.023 0.177 0.038 0.054
0 0.701 0.22 0.038 0.056
0 0.235 0.526 0.034 0.036
0 0.69 0.689 0.048 0.082
0 0.798 0.795 0.036 0.05
0 0.797 0.022 0.034 0.044
0 0.864 0.069 0.032 0.03
0 0.96 0.069 0.028 0.038
0 0.996 0.104 0.004 0.02
0 0.918 0.096 0.044 0.052
0 0.945 0.12 0.026 0.024
0 0.896 0.114 0.024 0.028
0 0.842 0.096 0.04 0.044
0 0.723 0.01 0.034 0.02
0 0.685 0.02 0.018 0.032
0 0.784 0.123 0.052 0.062
0 0.74 0.078 0.076 0.144
0 0.555 0.012 0.05 0.024
0 0.513 0.125 0.046 0.05
0 0.507 0.143 0.042 0.042
0 0.921 0.247 0.066 0.078
0 0.85 0.184 0.048 0.036
0 0.622 0.277 0.08 0.074
0 0.07 0.255 0.032 0.026
0 0.226 0.37 0.064 0.072
0 0.365 0.313 0.062 0.07
0 0.45 0.392 0.02 0.024
0 0.352 0.405 0.048 0.05
0 0.393 0.407 0.058 0.046
0 0.38 0.434 0.028 0.02
0 0.593 0.447 0.054 0.038
0 0.591 0.497 0.07 0.078
0 0.642 0.528 0.064 0.124
0 0.697 0.357 0.042 0.03
0 0.833 0.347 0.07 0.078
0 0.908 0.367 0.044 0.054
0 0.867 0.41 0.054 0.044
0 0.971 0.395 0.03 0.026
0 0.96 0.435 0.032 0.022
0 0.917 0.407 0.03 0.022
0 0.978 0.466 0.04 0.088
0 0.86 0.449 0.032 0.022
0 0.955 0.838 0.07 0.076
0 0.827 0.736 0.03 0.028
0 0.793 0.842 0.042 0.04
0 0.924 0.745 0.036 0.042
0 0.112 0.74 0.032 0.04
0 0.196 0.618 0.02 0.024
0 0.217 0.617 0.026 0.03
0 0.056 0.829 0.032 0.042
0 0.962 0.584 0.02 0.024
0 0.952 0.617 0.08 0.074
0 0.91 0.635 0.06 0.09
0 0.826 0.553 0.048 0.058
0 0.831 0.595 0.03 0.038
0 0.735 0.53 0.034 0.032
0 0.594 0.592 0.024 0.036
0 0.653 0.648 0.022 0.028
0 0.661 0.767 0.062 0.082
0 0.63 0.731 0.06 0.086
0 0.47 0.66 0.044 0.036
0 0.526 0.72 0.04 0.064
0 0.587 0.722 0.03 0.044
0 0.383 0.675 0.03 0.07
0 0.384 0.791 0.036 0.03
0 0.33 0.732 0.032 0.032
0 0.236 0.755 0.04 0.046
0 0.365 0.724 0.022 0.02
0 0.408 0.74 0.04 0.056
0 0.19 0.543 0.036 0.074
0 0.215 0.777 0.03 0.03
0 0.408 0.797 0.028 0.03
0 0.259 0.499 0.03 0.042
1 0.2 0.099 0.024 0.018
1 0.054 0.285 0.02 0.038
1 0.076 0.284 0.02 0.02
1 0.016 0.539 0.028 0.022
1 0.635 0.387 0.026 0.022
1 0.502 0.397 0.024 0.03
1 0.89 0.837 0.024 0.03
1 0.746 0.785 0.028 0.038
1 0.75 0.746 0.028 0.032
1 0.127 0.102 0.042 0.032
1 0.41 0.121 0.024 0.022
1 0.505 0.179 0.03 0.034
1 0.649 0.18 0.026 0.028
1 0.678 0.229 0.012 0.026
1 0.289 0.182 0.01 0.016
1 0.884 0.226 0.012 0.016
1 0.86 0.242 0.02 0.024
1 0.732 0.16 0.012 0.016
1 0.764 0.2 0.024 0.028
1 0.092 0.333 0.016 0.022
1 0.145 0.363 0.042 0.014
1 0.153 0.381 0.022 0.022
1 0.249 0.332 0.03 0.02
1 0.365 0.364 0.018 0.028
1 0.269 0.395 0.006 0.01
1 0.364 0.443 0.024 0.018
1 0.748 0.35 0.028 0.02
1 0.709 0.399 0.03 0.03
1 0.945 0.398 0.018 0.028
1 0.796 0.446 0.008 0.024
1 0.789 0.454 0.018 0.016
1 0.94 0.782 0.02 0.016
1 0.081 0.686 0.018 0.028
1 0.036 0.643 0.024 0.018
1 0.94 0.539 0.012 0.014
1 0.93 0.542 0.008 0.02
1 0.504 0.842 0.02 0.016
1 0.244 0.678 0.02 0.024
1 0.062 0.576 0.024 0.04
1 0.308 0.768 0.02 0.016
1 0.233 0.921 0.018 0.018
1 0.223 0.901 0.014 0.022
2 0.822 0.684 0.044 0.08
2 0.788 0.632 0.024 0.028
2 0.763 0.649 0.018 0.022
2 0.79 0.693 0.028 0.014
2 0.438 0.17 0.024 0.036
2 0.138 0.876 0.02 0.02
2 0.958 0.912 0.032 0.032
2 0.094 0.019 0.028 0.038
2 0.384 0.023 0.036 0.03
2 0.107 0.08 0.03 0.028
2 0.809 0.21 0.038 0.028
2 0.072 0.237 0.02 0.014
2 0.115 0.432 0.046 0.036
2 0.312 0.327 0.028 0.018
2 0.58 0.363 0.016 0.018
2 0.623 0.419 0.034 0.034
2 0.568 0.384 0.02 0.02
2 0.557 0.377 0.018 0.022
2 0.548 0.4 0.024 0.02
2 0.835 0.829 0.038 0.038
2 0.814 0.89 0.052 0.072
2 0.364 0.889 0.024 0.022
2 0.983 0.532 0.03 0.072
2 0.699 0.531 0.022 0.034
2 0.798 0.509 0.032 0.03
2 0.561 0.88 0.022 0.032
2 0.562 0.539 0.024 0.026
2 0.268 0.69 0.04 0.064
2 0.251 0.714 0.066 0.052
2 0.125 0.538 0.066 0.132
2 0.044 0.602 0.02 0.04
2 0.056 0.645 0.028 0.062
2 0.218 0.867 0.024 0.018