0 0.128 0.986 0.044 0.024
0 0.012 0.893 0.024 0.058
0 0.124 0.763 0.048 0.046
0 0.229 0.745 0.05 0.042
0 0.266 0.715 0.036 0.05
0 0.315 0.708 0.042 0.064
0 0.131 0.532 0.034 0.048
0 0.217 0.618 0.034 0.044
0 0.136 0.349 0.044 0.062
0 0.017 0.282 0.034 0.052
0 0.087 0.22 0.042 0.048
0 0.161 0.186 0.034 0.06
0 0.204 0.171 0.048 0.062
0 0.181 0.228 0.05 0.036
0 0.059 0.27 0.038 0.036
0 0.049 0.25 0.03 0.036
0 0.007 0.022 0.014 0.036
0 0.235 0.058 0.042 0.044
0 0.102 0.02 0.056 0.036
0 0.158 0.095 0.04 0.03
0 0.313 0.113 0.046 0.038
0 0.344 0.051 0.044 0.058
0 0.36 0.112 0.036 0.04
0 0.388 0.144 0.04 0.052
0 0.404 0.014 0.04 0.024
0 0.352 0.188 0.044 0.04
0 0.321 0.246 0.042 0.036
0 0.293 0.319 0.03 0.046
0 0.296 0.3 0.028 0.04
0 0.344 0.312 0.048 0.064
0 0.44 0.357 0.048 0.058
0 0.379 0.466 0.038 0.04
0 0.416 0.472 0.036 0.04
0 0.405 0.524 0.038 0.044
0 0.358 0.605 0.04 0.046
0 0.466 0.493 0.032 0.038
0 0.464 0.54 0.04 0.036
0 0.465 0.586 0.038 0.036
0 0.519 0.556 0.05 0.064
0 0.452 0.643 0.04 0.042
0 0.437 0.69 0.046 0.056
0 0.534 0.66 0.04 0.06
0 0.476 0.73 0.048 0.052
0 0.442 0.823 0.036 0.05
0 0.475 0.83 0.042 0.052
0 0.468 0.946 0.056 0.068
0 0.352 0.958 0.06 0.076
0 0.391 0.973 0.07 0.05
0 0.456 0.995 0.04 0.006
0 0.471 0.783 0.046 0.038
0 0.541 0.811 0.038 0.042
0 0.617 0.915 0.038 0.046
0 0.663 0.885 0.05 0.042
0 0.739 0.975 0.042 0.046
0 0.809 0.845 0.054 0.058
0 0.837 0.959 0.042 0.05
0 0.943 0.97 0.046 0.048
0 0.986 0.991 0.024 0.018
0 0.926 0.825 0.036 0.042
0 0.982 0.763 0.032 0.042
0 0.986 0.727 0.024 0.042
0 0.982 0.707 0.032 0.03
0 0.96 0.539 0.04 0.046
0 0.828 0.606 0.048 0.048
0 0.816 0.714 0.028 0.048
0 0.782 0.788 0.036 0.048
0 0.685 0.725 0.054 0.046
0 0.638 0.611 0.04 0.042
0 0.676 0.61 0.048 0.052
0 0.724 0.672 0.044 0.036
0 0.744 0.592 0.036 0.056
0 0.705 0.554 0.05 0.048
0 0.8 0.571 0.04 0.042
0 0.838 0.522 0.036 0.04
0 0.99 0.465 0.016 0.054
0 0.891 0.44 0.038 0.04
0 0.838 0.406 0.04 0.048
0 0.719 0.392 0.046 0.056
0 0.678 0.388 0.036 0.056
0 0.611 0.377 0.038 0.046
0 0.592 0.364 0.048 0.064
0 0.593 0.321 0.042 0.058
0 0.566 0.321 0.028 0.05
0 0.619 0.26 0.038 0.04
0 0.523 0.294 0.026 0.052
0 0.547 0.279 0.026 0.034
0 0.573 0.213 0.046 0.042
0 0.614 0.21 0.04 0.048
0 0.498 0.491 0.044 0.046
0 0.435 0.313 0.046 0.042
0 0.661 0.201 0.038 0.05
0 0.6 0.157 0.044 0.046
0 0.609 0.12 0.042 0.052
0 0.648 0.115 0.04 0.042
0 0.545 0.101 0.034 0.042
0 0.504 0.088 0.04 0.044
0 0.694 0.2 0.028 0.036
0 0.63 0.029 0.056 0.054
0 0.589 0.014 0.03 0.024
0 0.561 0.019 0.034 0.034
0 0.726 0.088 0.036 0.044
0 0.732 0.047 0.04 0.038
0 0.75 0.373 0.028 0.03
0 0.763 0.163 0.026 0.046
0 0.785 0.232 0.042 0.04
0 0.831 0.264 0.038 0.04
0 0.88 0.302 0.044 0.044
0 0.958 0.349 0.04 0.05
0 0.993 0.248 0.01 0.036
0 0.938 0.143 0.036 0.034
0 0.902 0.125 0.04 0.03
0 0.872 0.103 0.032 0.034
0 0.933 0.203 0.026 0.038
0 0.87 0.15 0.036 0.032
0 0.829 0.142 0.026 0.028
0 0.835 0.021 0.05 0.038
0 0.966 0.024 0.04 0.044
0 0.061 0.894 0.038 0.028
0 0.024 0.966 0.048 0.04
0 0.152 0.698 0.036 0.036
0 0.268 0.458 0.048 0.04
0 0.234 0.307 0.04 0.046
0 0.24 0.363 0.032 0.038
0 0.011 0.094 0.022 0.028
0 0.372 0.343 0.032 0.054
0 0.12 0.802 0.048 0.04
0 0.38 0.716 0.056 0.04
0 0.602 0.934 0.024 0.028
0 0.562 0.992 0.032 0.012
0 0.743 0.17 0.018 0.04
0 0.908 0.311 0.036 0.026
1 0.043 0.826 0.018 0.024
1 0.073 0.319 0.03 0.026
1 0.087 0.035 0.026 0.03
1 0.153 0.066 0.03 0.032
1 0.405 0.1 0.03 0.036
1 0.57 0.949 0.024 0.03
1 0.345 0.891 0.026 0.022
1 0.758 0.879 0.028 0.03
1 0.798 0.94 0.028 0.028
1 0.94 0.767 0.024 0.034
1 0.979 0.585 0.03 0.03
1 0.912 0.529 0.02 0.026
1 0.654 0.783 0.028 0.018
1 0.652 0.741 0.024 0.034
1 0.599 0.694 0.034 0.032
1 0.611 0.67 0.034 0.032
1 0.762 0.539 0.02 0.018
1 0.813 0.534 0.022 0.036
1 0.749 0.507 0.03 0.018
1 0.994 0.42 0.008 0.02
1 0.873 0.355 0.022 0.03
1 0.799 0.409 0.026 0.034
1 0.708 0.449 0.024 0.03
1 0.659 0.417 0.022 0.026
1 0.546 0.416 0.028 0.028
1 0.413 0.211 0.03 0.022
1 0.486 0.011 0.024 0.018
1 0.767 0.133 0.014 0.014
1 0.515 0.422 0.026 0.024
1 0.052 0.92 0.02 0.024
1 0.228 0.924 0.032 0.036
1 0.098 0.851 0.024 0.026
1 0.004 0.782 0.008 0.028
1 0.18 0.685 0.016 0.018
1 0.033 0.608 0.022 0.032
1 0.004 0.519 0.008 0.022
1 0.103 0.502 0.03 0.04
1 0.191 0.391 0.026 0.034
1 0.207 0.368 0.03 0.032
1 0.053 0.43 0.026 0.028
1 0.298 0.577 0.02 0.03
1 0.176 0.781 0.02 0.034
1 0.215 0.974 0.026 0.028
1 0.225 0.959 0.022 0.014
1 0.778 0.944 0.016 0.02
1 0.413 0.624 0.018 0.02
1 0.443 0.747 0.018 0.026
1 0.426 0.894 0.024 0.02
1 0.536 0.994 0.016 0.008
2 0.294 0.668 0.044 0.052
2 0.313 0.023 0.034 0.042
2 0.912 0.949 0.044 0.054
2 0.915 0.709 0.03 0.034
2 0.955 0.711 0.026 0.022
2 0.982 0.651 0.032 0.034
2 0.872 0.619 0.036 0.05
2 0.925 0.611 0.022 0.046
2 0.881 0.539 0.034 0.046
2 0.764 0.475 0.036 0.03
2 0.903 0.48 0.034 0.036
2 0.956 0.468 0.044 0.048
2 0.933 0.459 0.014 0.014
2 0.934 0.412 0.02 0.02
2 0.557 0.254 0.026 0.016
2 0.422 0.157 0.044 0.05
2 0.57 0.084 0.02 0.024
2 0.792 0.02 0.032 0.024
2 0.986 0.187 0.024 0.046
2 0.796 0.195 0.032 0.034
2 0.915 0.074 0.03 0.036
2 0.054 0.764 0.028 0.032
2 0.12 0.663 0.036 0.034
2 0.241 0.574 0.054 0.048
2 0.293 0.534 0.046 0.056
2 0.223 0.499 0.042 0.05
2 0.245 0.411 0.034 0.026
2 0.179 0.427 0.018 0.018
2 0.089 0.185 0.022 0.022
2 0.104 0.273 0.028 0.046
2 0.059 0.361 0.022 0.03
2 0.041 0.024 0.018 0.016
2 0.11 0.05 0.02 0.02
2 0.324 0.304 0.024 0.044
2 0.346 0.417 0.016 0.022
2 0.359 0.414 0.01 0.02
2 0.45 0.467 0.012 0.014
2 0.444 0.463 0.024 0.038
2 0.162 0.963 0.028 0.038
2 0.376 0.871 0.04 0.042
2 0.223 0.699 0.034 0.038
2 0.247 0.764 0.022 0.028
2 0.347 0.799 0.038 0.03
2 0.899 0.872 0.018 0.016
2 0.886 0.903 0.024 0.022
2 0.9 0.919 0.024 0.022
2 0.788 0.745 0.016 0.018
2 0.785 0.323 0.022 0.034
2 0.923 0.369 0.034 0.05
2 0.869 0.418 0.022 0.016
2 0.839 0.111 0.018 0.018
2 0.68 0.128 0.024 0.032
2 0.68 0.029 0.024 0.03
2 0.512 0.158 0.032 0.036
2 0.904 0.223 0.024 0.03
2 0.931 0.241 0.018 0.01
2 0.919 0.278 0.03 0.024
2 0.617 0.549 0.046 0.034
2 0.44 0.882 0.068 0.032
2 0.569 0.723 0.03 0.03
2 0.591 0.936 0.022 0.076
2 0.524 0.977 0.016 0.022
2 0.625 0.174 0.022 0.028
2 0.326 0.159 0.028 0.042
2 0.571 0.109 0.018 0.014