0 0.675 0.545 0.078 0.07
0 0.068 0.98 0.048 0.036
0 0.02 0.959 0.036 0.07
0 0.962 0.552 0.072 0.06
0 0.904 0.532 0.04 0.048
0 0.883 0.475 0.074 0.046
0 0.975 0.805 0.042 0.03
0 0.884 0.734 0.064 0.052
0 0.851 0.7 0.05 0.052
0 0.775 0.677 0.062 0.05
0 0.699 0.667 0.062 0.05
0 0.698 0.623 0.044 0.03
0 0.659 0.581 0.074 0.05
0 0.559 0.637 0.07 0.054
0 0.644 0.755 0.064 0.05
0 0.601 0.892 0.046 0.04
0 0.519 0.848 0.07 0.068
0 0.5 0.929 0.048 0.05
0 0.424 0.887 0.056 0.046
0 0.438 0.75 0.068 0.044
0 0.428 0.691 0.048 0.046
0 0.37 0.683 0.04 0.046
0 0.345 0.729 0.042 0.038
0 0.287 0.729 0.042 0.054
0 0.23 0.719 0.044 0.05
0 0.977 0.984 0.042 0.028
0 0.821 0.97 0.062 0.044
0 0.278 0.92 0.048 0.044
0 0.212 0.892 0.064 0.076
0 0.195 0.98 0.05 0.032
0 0.064 0.813 0.048 0.038
0 0.088 0.819 0.032 0.054
0 0.156 0.731 0.06 0.042
0 0.037 0.737 0.054 0.038
0 0.142 0.575 0.04 0.05
0 0.048 0.594 0.04 0.048
0 0.068 0.53 0.036 0.032
0 0.1 0.53 0.032 0.032
0 0.116 0.478 0.036 0.04
0 0.082 0.299 0.052 0.062
0 0.066 0.366 0.052 0.04
0 0.016 0.309 0.028 0.046
0 0.056 0.338 0.024 0.048
0 0.06 0.44 0.052 0.028
0 0.054 0.421 0.036 0.018
0 0.111 0.204 0.05 0.028
0 0.024 0.193 0.044 0.046
0 0.039 0.153 0.038 0.034
0 0.062 0.014 0.044 0.024
0 0.174 0.05 0.052 0.036
0 0.062 0.121 0.032 0.054
0 0.09 0.131 0.024 0.034
0 0.182 0.111 0.044 0.038
0 0.196 0.012 0.044 0.02
0 0.988 0.111 0.02 0.046
0 0.957 0.187 0.05 0.05
0 0.86 0.633 0.056 0.042
0 0.799 0.55 0.054 0.036
0 0.76 0.539 0.04 0.05
0 0.926 0.361 0.072 0.05
0 0.847 0.244 0.042 0.052
0 0.901 0.138 0.058 0.048
0 0.886 0.021 0.072 0.038
0 0.768 0.028 0.068 0.052
0 0.684 0.058 0.044 0.048
0 0.636 0.021 0.068 0.038
0 0.716 0.13 0.04 0.056
0 0.666 0.205 0.06 0.058
0 0.659 0.455 0.042 0.038
0 0.579 0.43 0.102 0.068
0 0.508 0.547 0.068 0.046
0 0.596 0.031 0.032 0.034
0 0.577 0.106 0.042 0.04
0 0.478 0.081 0.06 0.05
0 0.396 0.029 0.056 0.022
0 0.397 0.173 0.078 0.034
0 0.519 0.166 0.042 0.056
0 0.423 0.218 0.09 0.048
0 0.367 0.252 0.07 0.052
0 0.337 0.292 0.07 0.06
0 0.33 0.34 0.052 0.04
0 0.583 0.289 0.038 0.038
0 0.469 0.173 0.042 0.03
0 0.637 0.2 0.066 0.044
0 0.839 0.298 0.066 0.052
0 0.821 0.44 0.046 0.032
0 0.716 0.39 0.044 0.048
0 0.446 0.456 0.052 0.064
0 0.517 0.484 0.034 0.044
0 0.386 0.464 0.044 0.04
0 0.418 0.401 0.032 0.038
0 0.414 0.569 0.092 0.05
0 0.782 0.285 0.04 0.038
0 0.728 0.341 0.036 0.034
0 0.56 0.294 0.024 0.032
0 0.226 0.36 0.056 0.048
0 0.287 0.473 0.046 0.038
0 0.338 0.6 0.044 0.028
0 0.816 0.594 0.052 0.06
0 0.808 0.599 0.064 0.058
0 0.396 0.799 0.044 0.054
0 0.468 0.649 0.032 0.058
1 0.064 0.913 0.024 0.026
1 0.869 0.525 0.03 0.018
1 0.941 0.49 0.022 0.012
1 0.916 0.49 0.024 0.024
1 0.658 0.801 0.024 0.022
1 0.992 0.945 0.012 0.022
1 0.988 0.919 0.02 0.026
1 0.966 0.909 0.024 0.022
1 0.933 0.879 0.038 0.03
1 0.846 0.813 0.052 0.03
1 0.923 0.811 0.054 0.03
1 0.866 0.761 0.02 0.014
1 0.84 0.73 0.024 0.016
1 0.727 0.782 0.022 0.028
1 0.732 0.712 0.016 0.02
1 0.713 0.908 0.034 0.02
1 0.815 0.899 0.018 0.018
1 0.797 0.887 0.026 0.022
1 0.737 0.909 0.026 0.022
1 0.86 0.865 0.012 0.018
1 0.605 0.983 0.022 0.022
1 0.53 0.944 0.016 0.02
1 0.541 0.948 0.018 0.02
1 0.381 0.965 0.026 0.014
1 0.24 0.971 0.012 0.018
1 0.249 0.965 0.01 0.01
1 0.126 0.839 0.028 0.034
1 0.032 0.697 0.028 0.018
1 0.071 0.608 0.022 0.024
1 0.341 0.025 0.018 0.026
1 0.954 0.24 0.02 0.024
1 0.904 0.204 0.028 0.02
1 0.878 0.176 0.02 0.028
1 0.852 0.067 0.024 0.034
1 0.981 0.006 0.022 0.008
1 0.746 0.143 0.02 0.026
1 0.689 0.126 0.026 0.04
1 0.608 0.164 0.036 0.028
1 0.569 0.143 0.014 0.034
1 0.541 0.137 0.034 0.03
1 0.686 0.472 0.032 0.028
1 0.54 0.051 0.016 0.018
1 0.569 0.36 0.018 0.024
1 0.805 0.315 0.026 0.022
1 0.79 0.423 0.016 0.014
1 0.69 0.416 0.024 0.024
1 0.666 0.396 0.028 0.024
1 0.436 0.364 0.016 0.016
1 0.38 0.373 0.008 0.022
1 0.394 0.4 0.012 0.012
1 0.404 0.529 0.032 0.026
1 0.423 0.514 0.014 0.016
1 0.446 0.521 0.012 0.018
1 0.32 0.165 0.016 0.018
1 0.356 0.188 0.016 0.016
1 0.252 0.183 0.02 0.026
1 0.284 0.218 0.016 0.02
1 0.236 0.192 0.02 0.02
1 0.179 0.271 0.014 0.03
1 0.705 0.312 0.022 0.032
1 0.798 0.207 0.016 0.018
1 0.795 0.198 0.018 0.02
1 0.175 0.41 0.022 0.028
1 0.283 0.514 0.026 0.024
1 0.585 0.552 0.022 0.028
1 0.574 0.491 0.024 0.07
1 0.856 0.594 0.024 0.028
1 0.295 0.811 0.026 0.022
1 0.335 0.795 0.026 0.038
1 0.435 0.813 0.026 0.026
1 0.583 0.809 0.022 0.018
1 0.588 0.679 0.024 0.03
1 0.646 0.659 0.016 0.018
1 0.485 0.606 0.026 0.024
1 0.405 0.622 0.018 0.02
1 0.401 0.636 0.018 0.012
1 0.305 0.652 0.026 0.024
1 0.479 0.791 0.026 0.018
1 0.491 0.783 0.034 0.018
2 0.839 0.133 0.018 0.01
2 0.421 0.429 0.054 0.034
2 0.882 0.261 0.028 0.03
2 0.756 0.212 0.012 0.02
2 0.202 0.09 0.012 0.02
2 0.27 0.434 0.016 0.02
2 0.208 0.25 0.016 0.024
2 0.592 0.756 0.016 0.02
2 0.59 0.736 0.032 0.04
2 0.592 0.513 0.028 0.046
2 0.44 0.261 0.016 0.018
2 0.551 0.242 0.014 0.02
2 0.21 0.655 0.02 0.014
2 0.296 0.97 0.028 0.02
2 0.821 0.76 0.03 0.024
2 0.321 0.392 0.046 0.016
2 0.786 0.347 0.04 0.018
2 0.74 0.748 0.028 0.032