0 0.065 0.969 0.054 0.058
0 0.089 0.955 0.026 0.038
0 0.148 0.977 0.032 0.042
0 0.167 0.976 0.018 0.028
0 0.092 0.896 0.04 0.068
0 0.044 0.833 0.044 0.066
0 0.027 0.774 0.03 0.056
0 0.108 0.86 0.04 0.056
0 0.143 0.861 0.03 0.05
0 0.115 0.823 0.03 0.038
0 0.104 0.778 0.04 0.052
0 0.16 0.809 0.024 0.05
0 0.185 0.899 0.042 0.078
0 0.23 0.92 0.036 0.056
0 0.246 0.905 0.024 0.034
0 0.272 0.995 0.032 0.006
0 0.298 0.981 0.036 0.034
0 0.344 0.975 0.044 0.046
0 0.403 0.975 0.05 0.046
0 0.272 0.865 0.02 0.03
0 0.257 0.82 0.038 0.06
0 0.233 0.786 0.038 0.052
0 0.269 0.749 0.046 0.058
0 0.304 0.755 0.032 0.066
0 0.374 0.824 0.032 0.056
0 0.442 0.94 0.032 0.072
0 0.483 0.979 0.042 0.038
0 0.522 0.99 0.028 0.016
0 0.568 0.954 0.036 0.068
0 0.645 0.979 0.046 0.038
0 0.682 0.987 0.028 0.022
0 0.626 0.967 0.02 0.03
0 0.721 0.971 0.034 0.054
0 0.783 0.996 0.022 0.004
0 0.811 0.98 0.038 0.036
0 0.793 0.942 0.034 0.06
0 0.646 0.915 0.04 0.062
0 0.702 0.868 0.032 0.044
0 0.736 0.891 0.036 0.058
0 0.83 0.941 0.036 0.042
0 0.826 0.907 0.032 0.026
0 0.864 0.946 0.036 0.048
0 0.878 0.909 0.028 0.05
0 0.931 0.911 0.026 0.038
0 0.955 0.915 0.034 0.042
0 0.994 0.971 0.008 0.054
0 0.915 0.854 0.038 0.06
0 0.876 0.81 0.032 0.048
0 0.922 0.776 0.04 0.044
0 0.959 0.797 0.038 0.07
0 0.981 0.787 0.034 0.066
0 0.905 0.71 0.042 0.048
0 0.961 0.675 0.042 0.042
0 0.922 0.652 0.028 0.06
0 0.947 0.609 0.034 0.042
0 0.872 0.644 0.028 0.048
0 0.828 0.636 0.028 0.052
0 0.055 0.687 0.022 0.038
0 0.081 0.618 0.034 0.044
0 0.08 0.568 0.036 0.056
0 0.152 0.658 0.036 0.048
0 0.159 0.662 0.03 0.096
0 0.04 0.456 0.036 0.036
0 0.003 0.469 0.006 0.026
0 0.035 0.329 0.038 0.046
0 0.062 0.369 0.032 0.042
0 0.011 0.224 0.022 0.04
0 0.006 0.193 0.012 0.022
0 0.006 0.162 0.012 0.04
0 0.047 0.184 0.026 0.056
0 0.08 0.233 0.032 0.046
0 0.028 0.036 0.032 0.048
0 0.062 0.04 0.04 0.064
0 0.111 0.087 0.034 0.05
0 0.169 0.061 0.03 0.042
0 0.211 0.088 0.034 0.048
0 0.272 0.097 0.028 0.054
0 0.281 0.148 0.03 0.056
0 0.25 0.175 0.028 0.05
0 0.162 0.132 0.04 0.06
0 0.117 0.158 0.03 0.036
0 0.185 0.183 0.038 0.05
0 0.186 0.229 0.028 0.046
0 0.307 0.229 0.034 0.054
0 0.368 0.17 0.036 0.064
0 0.396 0.227 0.028 0.058
0 0.417 0.113 0.038 0.034
0 0.458 0.146 0.016 0.028
0 0.487 0.168 0.022 0.028
0 0.486 0.14 0.028 0.032
0 0.462 0.054 0.044 0.048
0 0.472 0.024 0.032 0.032
0 0.55 0.017 0.04 0.03
0 0.615 0.024 0.05 0.044
0 0.565 0.101 0.034 0.058
0 0.619 0.106 0.026 0.056
0 0.753 0.007 0.042 0.01
0 0.85 0.01 0.028 0.016
0 0.832 0.019 0.024 0.034
0 0.877 0.05 0.038 0.04
0 0.951 0.052 0.03 0.06
0 0.9 0.133 0.044 0.046
0 0.793 0.048 0.022 0.024
0 0.696 0.085 0.048 0.046
0 0.782 0.135 0.028 0.05
0 0.794 0.147 0.032 0.058
0 0.847 0.144 0.03 0.052
0 0.879 0.201 0.034 0.054
0 0.961 0.249 0.038 0.054
0 0.98 0.281 0.028 0.05
0 0.892 0.301 0.036 0.046
0 0.988 0.376 0.02 0.052
0 0.875 0.34 0.046 0.064
0 0.905 0.359 0.034 0.038
0 0.827 0.265 0.042 0.05
0 0.796 0.269 0.032 0.054
0 0.865 0.422 0.034 0.056
0 0.883 0.462 0.03 0.048
0 0.979 0.481 0.03 0.05
0 0.962 0.512 0.028 0.056
0 0.846 0.513 0.032 0.046
0 0.843 0.563 0.034 0.05
0 0.171 0.379 0.022 0.03
0 0.255 0.353 0.042 0.034
0 0.218 0.356 0.028 0.028
0 0.295 0.312 0.026 0.036
0 0.354 0.316 0.032 0.06
0 0.325 0.349 0.026 0.026
0 0.658 0.188 0.032 0.044
0 0.672 0.171 0.036 0.066
0 0.709 0.192 0.034 0.032
0 0.73 0.282 0.024 0.04
0 0.725 0.325 0.034 0.046
0 0.67 0.358 0.032 0.044
0 0.642 0.223 0.044 0.05
0 0.626 0.249 0.024 0.046
0 0.593 0.241 0.042 0.074
0 0.563 0.261 0.034 0.058
0 0.54 0.269 0.032 0.034
0 0.215 0.581 0.038 0.038
0 0.184 0.546 0.028 0.04
0 0.197 0.532 0.038 0.04
0 0.237 0.529 0.038 0.042
0 0.173 0.488 0.03 0.044
0 0.201 0.48 0.03 0.044
0 0.209 0.432 0.038 0.036
0 0.236 0.45 0.032 0.04
0 0.279 0.444 0.022 0.036
0 0.299 0.415 0.03 0.05
0 0.36 0.408 0.04 0.044
0 0.38 0.394 0.04 0.04
0 0.448 0.336 0.036 0.048
0 0.439 0.398 0.026 0.036
0 0.574 0.402 0.024 0.056
0 0.613 0.415 0.03 0.046
0 0.643 0.421 0.026 0.05
0 0.63 0.457 0.032 0.038
0 0.668 0.432 0.028 0.048
0 0.55 0.444 0.032 0.048
0 0.569 0.439 0.014 0.026
0 0.51 0.432 0.036 0.044
0 0.526 0.488 0.032 0.048
0 0.492 0.483 0.02 0.038
0 0.442 0.516 0.028 0.048
0 0.381 0.504 0.034 0.048
0 0.332 0.561 0.028 0.046
0 0.288 0.592 0.04 0.048
0 0.414 0.723 0.032 0.046
0 0.434 0.838 0.036 0.056
0 0.464 0.868 0.036 0.052
0 0.51 0.866 0.04 0.056
0 0.474 0.83 0.032 0.052
0 0.509 0.755 0.034 0.038
0 0.578 0.867 0.032 0.054
0 0.579 0.835 0.034 0.038
0 0.572 0.77 0.028 0.06
0 0.604 0.764 0.028 0.024
0 0.638 0.823 0.04 0.054
0 0.677 0.788 0.038 0.024
0 0.673 0.765 0.034 0.042
0 0.639 0.725 0.042 0.034
0 0.667 0.675 0.022 0.046
0 0.683 0.69 0.018 0.032
0 0.705 0.714 0.03 0.052
0 0.713 0.684 0.026 0.032
0 0.492 0.654 0.028 0.048
0 0.502 0.684 0.02 0.028
0 0.512 0.6 0.04 0.052
0 0.564 0.612 0.032 0.052
0 0.594 0.615 0.028 0.054
0 0.577 0.525 0.022 0.046
0 0.601 0.538 0.026 0.048
0 0.748 0.447 0.032 0.05
0 0.721 0.483 0.026 0.038
0 0.789 0.509 0.03 0.042
0 0.792 0.546 0.032 0.044
0 0.662 0.535 0.028 0.05
0 0.693 0.531 0.026 0.046
0 0.684 0.502 0.028 0.024
0 0.724 0.549 0.032 0.046
0 0.699 0.582 0.034 0.044
0 0.746 0.59 0.032 0.052
0 0.72 0.619 0.04 0.046
1 0.011 0.782 0.014 0.012
1 0.057 0.765 0.018 0.026
1 0.152 0.897 0.016 0.034
1 0.224 0.962 0.028 0.028
1 0.255 0.937 0.014 0.018
1 0.32 0.939 0.024 0.03
1 0.388 0.993 0.02 0.01
1 0.28 0.884 0.02 0.028
1 0.482 0.946 0.032 0.028
1 0.679 0.958 0.018 0.024
1 0.622 0.884 0.032 0.028
1 0.983 0.909 0.026 0.022
1 0.924 0.986 0.02 0.024
1 0.84 0.751 0.028 0.046
1 0.85 0.78 0.016 0.032
1 0.865 0.716 0.014 0.024
1 0.908 0.675 0.016 0.018
1 0.946 0.69 0.024 0.02
1 0.021 0.939 0.014 0.022
1 0.103 0.705 0.026 0.022
1 0.14 0.721 0.016 0.018
1 0.005 0.565 0.01 0.026
1 0.05 0.347 0.02 0.018
1 0.005 0.335 0.01 0.038
1 0.029 0.069 0.018 0.018
1 0.111 0.009 0.03 0.014
1 0.223 0.013 0.014 0.022
1 0.276 0.009 0.02 0.014
1 0.253 0.054 0.018 0.028
1 0.24 0.097 0.016 0.03
1 0.157 0.259 0.022 0.038
1 0.419 0.276 0.022 0.024
1 0.471 0.247 0.03 0.038
1 0.399 0.092 0.022 0.02
1 0.455 0.114 0.018 0.024
1 0.414 0.153 0.016 0.034
1 0.575 0.046 0.018 0.016
1 0.541 0.1 0.014 0.016
1 0.66 0.134 0.016 0.024
1 0.695 0.049 0.022 0.018
1 0.67 0.01 0.016 0.016
1 0.907 0.074 0.022 0.012
1 0.786 0.072 0.02 0.016
1 0.725 0.137 0.018 0.026
1 0.809 0.114 0.01 0.024
1 0.842 0.158 0.012 0.02
1 0.996 0.303 0.004 0.014
1 0.997 0.282 0.002 0.02
1 0.88 0.254 0.016 0.02
1 0.996 0.349 0.004 0.014
1 0.923 0.414 0.014 0.016
1 0.932 0.42 0.008 0.012
1 0.805 0.347 0.014 0.026
1 0.953 0.574 0.01 0.02
1 0.864 0.537 0.012 0.018
1 0.117 0.378 0.026 0.032
1 0.16 0.348 0.016 0.024
1 0.191 0.326 0.022 0.016
1 0.208 0.299 0.024 0.022
1 0.218 0.322 0.016 0.008
1 0.274 0.288 0.016 0.028
1 0.75 0.195 0.024 0.018
1 0.695 0.3 0.026 0.028
1 0.653 0.316 0.014 0.012
1 0.554 0.182 0.02 0.02
1 0.562 0.205 0.024 0.006
1 0.161 0.435 0.014 0.022
1 0.187 0.433 0.018 0.014
1 0.256 0.423 0.016 0.022
1 0.504 0.33 0.016 0.024
1 0.502 0.408 0.02 0.02
1 0.525 0.382 0.022 0.02
1 0.586 0.37 0.016 0.024
1 0.572 0.461 0.02 0.026
1 0.322 0.532 0.028 0.02
1 0.232 0.679 0.016 0.018
1 0.464 0.662 0.016 0.028
1 0.418 0.677 0.016 0.022
1 0.481 0.789 0.018 0.03
1 0.436 0.767 0.012 0.01
1 0.687 0.825 0.026 0.026
1 0.667 0.807 0.03 0.018
1 0.744 0.797 0.028 0.03
1 0.777 0.777 0.022 0.014
1 0.745 0.739 0.014 0.022
1 0.741 0.723 0.018 0.014
1 0.755 0.719 0.006 0.018
1 0.744 0.699 0.012 0.01
1 0.737 0.682 0.014 0.02
1 0.754 0.684 0.016 0.016
1 0.501 0.631 0.01 0.014
1 0.541 0.685 0.014 0.01
1 0.534 0.668 0.008 0.02
1 0.567 0.652 0.03 0.016
1 0.44 0.579 0.012 0.014
1 0.526 0.63 0.028 0.024
1 0.469 0.518 0.018 0.024
1 0.735 0.426 0.014 0.028
1 0.781 0.471 0.01 0.034
1 0.756 0.484 0.012 0.016
1 0.774 0.598 0.02 0.02
1 0.941 0.204 0.022 0.008
2 0.974 0.895 0.02 0.018
2 0.314 0.138 0.032 0.056
2 0.443 0.02 0.018 0.028
2 0.904 0.06 0.02 0.012
2 0.326 0.317 0.016 0.026
2 0.526 0.411 0.016 0.03
2 0.355 0.622 0.038 0.048
2 0.6 0.788 0.016 0.016
2 0.607 0.812 0.022 0.02
2 0.723 0.812 0.014 0.028
2 0.301 0.667 0.03 0.038
2 0.331 0.718 0.014 0.02
2 0.33 0.699 0.016 0.018
2 0.321 0.685 0.018 0.018
2 0.756 0.53 0.028 0.04
2 0.75 0.549 0.012 0.014
2 0.837 0.685 0.018 0.026
2 0.785 0.7 0.018 0.04
2 0.325 0.037 0.026 0.03
2 0.572 0.334 0.016 0.024
2 0.958 0.213 0.012 0.01
2 0.041 0.525 0.01 0.03
2 0.006 0.526 0.012 0.028
2 0.273 0.252 0.034 0.036
2 0.293 0.201 0.022 0.026
2 0.296 0.515 0.012 0.014
2 0.183 0.719 0.018 0.014