0 0.182 0.084 0.064 0.084
0 0.368 0.063 0.068 0.086
0 0.328 0.119 0.064 0.094
0 0.252 0.189 0.044 0.046
0 0.182 0.244 0.04 0.06
0 0.037 0.158 0.062 0.072
0 0.036 0.086 0.04 0.072
0 0.255 0.277 0.042 0.07
0 0.315 0.249 0.066 0.086
0 0.417 0.229 0.038 0.066
0 0.469 0.169 0.07 0.082
0 0.487 0.101 0.046 0.042
0 0.567 0.12 0.054 0.06
0 0.609 0.147 0.05 0.058
0 0.641 0.073 0.046 0.062
0 0.694 0.131 0.04 0.062
0 0.726 0.122 0.024 0.036
0 0.827 0.074 0.05 0.076
0 0.889 0.026 0.03 0.052
0 0.058 0.302 0.04 0.06
0 0.111 0.334 0.05 0.06
0 0.165 0.367 0.046 0.054
0 0.229 0.416 0.042 0.064
0 0.248 0.421 0.044 0.054
0 0.283 0.457 0.034 0.058
0 0.32 0.419 0.044 0.07
0 0.364 0.429 0.028 0.046
0 0.345 0.45 0.03 0.036
0 0.023 0.527 0.046 0.066
0 0.094 0.535 0.044 0.078
0 0.165 0.516 0.042 0.1
0 0.703 0.259 0.066 0.09
0 0.165 0.594 0.05 0.048
0 0.222 0.566 0.032 0.024
0 0.306 0.599 0.032 0.082
0 0.491 0.419 0.058 0.054
0 0.522 0.358 0.048 0.056
0 0.618 0.338 0.044 0.06
0 0.699 0.39 0.054 0.068
0 0.812 0.317 0.048 0.086
0 0.846 0.354 0.04 0.072
0 0.573 0.214 0.05 0.048
0 0.433 0.322 0.042 0.048
0 0.46 0.329 0.048 0.042
0 0.795 0.447 0.034 0.054
0 0.821 0.43 0.03 0.052
0 0.955 0.468 0.066 0.064
0 0.885 0.53 0.082 0.076
0 0.784 0.482 0.048 0.04
0 0.605 0.425 0.03 0.046
0 0.612 0.46 0.02 0.024
0 0.63 0.429 0.016 0.03
0 0.645 0.52 0.046 0.048
0 0.673 0.57 0.042 0.06
0 0.749 0.561 0.038 0.046
0 0.783 0.58 0.05 0.052
0 0.831 0.568 0.034 0.04
0 0.704 0.633 0.036 0.038
0 0.74 0.645 0.032 0.038
0 0.84 0.677 0.052 0.034
0 0.852 0.719 0.04 0.054
0 0.9 0.721 0.04 0.046
0 0.941 0.698 0.03 0.032
0 0.976 0.698 0.04 0.036
0 0.819 0.728 0.03 0.044
0 0.882 0.782 0.036 0.04
0 0.914 0.783 0.036 0.034
0 0.869 0.844 0.046 0.048
0 0.917 0.849 0.046 0.046
0 0.982 0.882 0.032 0.044
0 0.967 0.898 0.022 0.04
0 0.927 0.929 0.058 0.046
0 0.888 0.979 0.044 0.038
0 0.856 0.891 0.044 0.042
0 0.861 0.619 0.038 0.038
0 0.908 0.623 0.044 0.042
0 0.958 0.581 0.036 0.058
0 0.378 0.663 0.044 0.042
0 0.422 0.703 0.048 0.054
0 0.472 0.687 0.036 0.046
0 0.408 0.754 0.048 0.048
0 0.494 0.777 0.044 0.066
0 0.566 0.772 0.036 0.048
0 0.637 0.761 0.05 0.05
0 0.611 0.813 0.05 0.07
0 0.708 0.886 0.044 0.04
0 0.756 0.885 0.04 0.042
0 0.77 0.906 0.04 0.036
0 0.681 0.958 0.058 0.048
0 0.732 0.941 0.036 0.046
0 0.625 0.919 0.078 0.074
0 0.178 0.77 0.04 0.044
0 0.155 0.794 0.03 0.036
0 0.212 0.805 0.032 0.046
0 0.346 0.701 0.048 0.038
0 0.32 0.762 0.048 0.06
0 0.34 0.769 0.04 0.054
0 0.39 0.818 0.044 0.048
0 0.339 0.829 0.034 0.03
0 0.322 0.849 0.032 0.026
0 0.309 0.896 0.042 0.076
0 0.363 0.908 0.05 0.044
0 0.413 0.892 0.042 0.04
0 0.401 0.956 0.046 0.064
0 0.456 0.972 0.036 0.052
0 0.496 0.964 0.036 0.056
0 0.563 0.95 0.034 0.036
0 0.042 0.849 0.052 0.046
0 0.061 0.817 0.038 0.046
0 0.077 0.885 0.038 0.038
0 0.078 0.934 0.036 0.048
0 0.153 0.928 0.038 0.052
0 0.149 0.88 0.022 0.044
0 0.183 0.876 0.042 0.056
0 0.236 0.865 0.04 0.042
0 0.248 0.895 0.032 0.038
0 0.127 0.748 0.034 0.048
0 0.075 0.676 0.034 0.048
0 0.166 0.689 0.036 0.058
0 0.221 0.696 0.042 0.044
0 0.094 0.61 0.04 0.044
0 0.105 0.567 0.038 0.034
0 0.445 0.593 0.042 0.058
0 0.521 0.51 0.05 0.064
0 0.596 0.718 0.044 0.04
0 0.111 0.471 0.022 0.022
0 0.515 0.886 0.038 0.04
0 0.363 0.139 0.034 0.042
0 0.772 0.274 0.04 0.048
1 0.19 0.154 0.028 0.032
1 0.257 0.149 0.034 0.03
1 0.25 0.083 0.028 0.03
1 0.29 0.177 0.032 0.018
1 0.199 0.281 0.014 0.026
1 0.631 0.128 0.022 0.032
1 0.916 0.077 0.028 0.03
1 0.125 0.526 0.022 0.024
1 0.209 0.528 0.022 0.024
1 0.203 0.513 0.026 0.022
1 0.647 0.248 0.026 0.036
1 0.377 0.549 0.022 0.03
1 0.366 0.461 0.032 0.038
1 0.521 0.284 0.018 0.024
1 0.546 0.307 0.028 0.03
1 0.569 0.288 0.026 0.024
1 0.783 0.321 0.018 0.026
1 0.901 0.325 0.022 0.022
1 0.924 0.362 0.02 0.024
1 0.608 0.201 0.02 0.034
1 0.48 0.296 0.024 0.028
1 0.33 0.323 0.024 0.022
1 0.396 0.319 0.02 0.022
1 0.676 0.198 0.028 0.032
1 0.852 0.401 0.016 0.022
1 0.872 0.4 0.024 0.024
1 0.875 0.477 0.042 0.026
1 0.798 0.51 0.02 0.02
1 0.749 0.448 0.022 0.032
1 0.05 0.228 0.032 0.024
1 0.053 0.414 0.026 0.028
1 0.026 0.443 0.02 0.018
1 0.03 0.462 0.016 0.016
1 0.928 0.866 0.028 0.02
1 0.926 0.972 0.024 0.024
1 0.875 0.597 0.038 0.03
1 0.649 0.787 0.03 0.014
1 0.719 0.845 0.03 0.022
1 0.796 0.847 0.016 0.034
1 0.412 0.808 0.012 0.016
1 0.177 0.922 0.014 0.02
1 0.17 0.9 0.02 0.016
1 0.258 0.926 0.036 0.02
1 0.319 0.971 0.022 0.026
1 0.336 0.976 0.012 0.024
1 0.268 0.835 0.028 0.022
1 0.244 0.836 0.016 0.016
1 0.128 0.782 0.024 0.024
1 0.253 0.701 0.022 0.026
1 0.523 0.549 0.018 0.022
1 0.576 0.557 0.024 0.022
1 0.574 0.73 0.016 0.024
1 0.749 0.694 0.03 0.028
1 0.572 0.905 0.012 0.022
1 0.582 0.894 0.016 0.016
1 0.186 0.908 0.012 0.02
1 0.848 0.225 0.04 0.034
1 0.943 0.241 0.018 0.042
1 0.989 0.304 0.018 0.028
1 0.126 0.656 0.028 0.04
1 0.105 0.685 0.026 0.022
2 0.728 0.554 0.024 0.044
2 0.52 0.951 0.012 0.018
2 0.252 0.8 0.032 0.028
2 0.799 0.674 0.03 0.032
2 0.541 0.416 0.014 0.02
2 0.535 0.426 0.022 0.016
2 0.527 0.414 0.01 0.016
2 0.145 0.403 0.026 0.022
2 0.415 0.549 0.03 0.046
2 0.423 0.568 0.03 0.028
2 0.391 0.599 0.01 0.026
2 0.345 0.603 0.014 0.014
2 0.428 0.494 0.04 0.036
2 0.46 0.51 0.028 0.02
2 0.452 0.537 0.032 0.042
2 0.48 0.503 0.016 0.022
2 0.511 0.654 0.022 0.02
2 0.517 0.676 0.026 0.02
2 0.549 0.677 0.03 0.026
2 0.664 0.654 0.032 0.024
2 0.438 0.142 0.032 0.04
2 0.771 0.11 0.03 0.024
2 0.046 0.262 0.04 0.044
2 0.564 0.469 0.024 0.03
2 0.186 0.453 0.02 0.026
2 0.197 0.473 0.018 0.014