0 0.384 0.666 0.056 0.048
0 0.124 0.85 0.012 0.016
0 0.117 0.862 0.022 0.02
0 0.244 0.784 0.044 0.036
0 0.337 0.792 0.046 0.056
0 0.282 0.827 0.028 0.026
0 0.278 0.937 0.04 0.066
0 0.305 0.995 0.018 0.006
0 0.344 0.974 0.052 0.048
0 0.382 0.864 0.02 0.02
0 0.436 0.882 0.044 0.044
0 0.398 0.916 0.036 0.044
0 0.353 0.914 0.014 0.02
0 0.428 0.973 0.028 0.03
0 0.565 0.992 0.03 0.012
0 0.518 0.878 0.044 0.036
0 0.692 0.926 0.044 0.04
0 0.721 0.971 0.038 0.054
0 0.809 0.993 0.026 0.01
0 0.835 0.989 0.026 0.018
0 0.874 0.988 0.032 0.02
0 0.915 0.978 0.034 0.04
0 0.981 0.969 0.034 0.05
0 0.984 0.908 0.028 0.048
0 0.873 0.935 0.018 0.026
0 0.916 0.873 0.036 0.042
0 0.975 0.769 0.034 0.046
0 0.859 0.889 0.03 0.03
0 0.813 0.864 0.046 0.044
0 0.879 0.785 0.034 0.05
0 0.692 0.829 0.044 0.062
0 0.649 0.858 0.034 0.048
0 0.508 0.775 0.036 0.046
0 0.568 0.757 0.044 0.038
0 0.302 0.667 0.044 0.054
0 0.25 0.642 0.04 0.044
0 0.213 0.656 0.034 0.044
0 0.283 0.599 0.042 0.046
0 0.333 0.598 0.05 0.056
0 0.375 0.554 0.026 0.032
0 0.319 0.523 0.05 0.042
0 0.266 0.501 0.04 0.042
0 0.176 0.518 0.04 0.036
0 0.128 0.529 0.032 0.038
0 0.12 0.571 0.044 0.042
0 0.038 0.56 0.028 0.032
0 0.098 0.477 0.048 0.054
0 0.105 0.41 0.046 0.052
0 0.129 0.405 0.026 0.038
0 0.19 0.449 0.04 0.034
0 0.024 0.336 0.044 0.044
0 0.051 0.278 0.05 0.032
0 0.058 0.229 0.048 0.034
0 0.075 0.15 0.042 0.052
0 0.141 0.165 0.042 0.058
0 0.167 0.204 0.038 0.028
0 0.047 0.075 0.038 0.038
0 0.008 0.049 0.016 0.046
0 0.068 0.024 0.056 0.036
0 0.176 0.031 0.044 0.042
0 0.162 0.072 0.06 0.04
0 0.188 0.116 0.056 0.044
0 0.2 0.145 0.036 0.022
0 0.235 0.119 0.034 0.038
0 0.342 0.067 0.048 0.05
0 0.338 0.135 0.04 0.026
0 0.306 0.167 0.048 0.042
0 0.222 0.211 0.024 0.022
0 0.278 0.195 0.036 0.034
0 0.255 0.193 0.034 0.038
0 0.391 0.166 0.046 0.036
0 0.371 0.209 0.03 0.046
0 0.415 0.209 0.042 0.042
0 0.198 0.273 0.032 0.026
0 0.201 0.297 0.026 0.03
0 0.229 0.297 0.014 0.014
0 0.224 0.288 0.028 0.016
0 0.235 0.335 0.054 0.038
0 0.33 0.446 0.036 0.032
0 0.309 0.413 0.022 0.018
0 0.39 0.402 0.052 0.036
0 0.287 0.355 0.05 0.034
0 0.32 0.352 0.036 0.032
0 0.425 0.307 0.054 0.042
0 0.477 0.227 0.054 0.046
0 0.54 0.101 0.052 0.034
0 0.517 0.023 0.054 0.042
0 0.726 0.024 0.056 0.044
0 0.66 0.084 0.048 0.036
0 0.854 0.036 0.032 0.052
0 0.976 0.014 0.04 0.024
0 0.941 0.053 0.054 0.05
0 0.964 0.163 0.036 0.03
0 0.963 0.193 0.026 0.03
0 0.988 0.216 0.02 0.044
0 0.883 0.138 0.038 0.036
0 0.787 0.106 0.038 0.024
0 0.775 0.146 0.034 0.048
0 0.872 0.22 0.052 0.032
0 0.931 0.288 0.03 0.032
0 0.976 0.336 0.028 0.032
0 0.939 0.384 0.026 0.044
0 0.995 0.423 0.006 0.034
0 0.974 0.444 0.028 0.036
0 0.943 0.465 0.026 0.034
0 0.885 0.442 0.038 0.032
0 0.859 0.392 0.042 0.036
0 0.612 0.165 0.044 0.042
0 0.573 0.195 0.042 0.042
0 0.575 0.248 0.05 0.036
0 0.569 0.294 0.062 0.036
0 0.71 0.207 0.056 0.05
0 0.796 0.266 0.04 0.048
0 0.843 0.295 0.054 0.058
0 0.754 0.302 0.04 0.044
0 0.666 0.312 0.044 0.04
0 0.624 0.348 0.048 0.056
0 0.504 0.386 0.04 0.036
0 0.573 0.458 0.038 0.036
0 0.513 0.477 0.038 0.034
0 0.504 0.561 0.052 0.038
0 0.559 0.676 0.042 0.032
0 0.545 0.654 0.022 0.02
0 0.576 0.625 0.044 0.038
0 0.625 0.677 0.038 0.038
0 0.672 0.684 0.04 0.04
0 0.693 0.745 0.038 0.042
0 0.762 0.766 0.048 0.052
0 0.788 0.381 0.056 0.046
0 0.716 0.42 0.044 0.052
0 0.645 0.448 0.014 0.02
0 0.669 0.45 0.042 0.036
0 0.709 0.5 0.046 0.032
0 0.792 0.567 0.056 0.034
0 0.808 0.519 0.04 0.03
0 0.808 0.477 0.052 0.042
0 0.773 0.485 0.034 0.022
0 0.849 0.525 0.022 0.03
0 0.858 0.504 0.024 0.032
0 0.95 0.54 0.04 0.032
0 0.855 0.571 0.026 0.038
0 0.947 0.601 0.038 0.038
0 0.955 0.658 0.042 0.04
0 0.798 0.643 0.04 0.042
1 0.051 0.828 0.014 0.02
1 0.105 0.888 0.014 0.016
1 0.149 0.914 0.018 0.024
1 0.155 0.89 0.022 0.024
1 0.169 0.861 0.026 0.034
1 0.091 0.788 0.01 0.048
1 0.111 0.822 0.01 0.024
1 0.124 0.831 0.02 0.022
1 0.133 0.722 0.014 0.02
1 0.131 0.705 0.026 0.014
1 0.028 0.654 0.028 0.028
1 0.004 0.639 0.008 0.014
1 0.271 0.855 0.026 0.026
1 0.256 0.815 0.008 0.01
1 0.303 0.824 0.026 0.028
1 0.368 0.856 0.016 0.02
1 0.339 0.915 0.01 0.018
1 0.348 0.933 0.008 0.014
1 0.346 0.898 0.008 0.008
1 0.495 0.909 0.022 0.026
1 0.6 0.914 0.032 0.024
1 0.886 0.951 0.012 0.022
1 0.943 0.839 0.01 0.026
1 0.823 0.911 0.03 0.026
1 0.874 0.87 0.024 0.02
1 0.778 0.826 0.024 0.02
1 0.798 0.808 0.012 0.024
1 0.898 0.801 0.016 0.026
1 0.427 0.77 0.018 0.024
1 0.537 0.74 0.026 0.028
1 0.618 0.773 0.02 0.018
1 0.489 0.706 0.03 0.024
1 0.068 0.537 0.024 0.006
1 0.008 0.49 0.016 0.02
1 0.112 0.499 0.024 0.014
1 0.214 0.428 0.024 0.024
1 0.116 0.35 0.024 0.02
1 0.126 0.336 0.024 0.012
1 0.003 0.183 0.006 0.018
1 0.105 0.05 0.022 0.032
1 0.132 0.048 0.024 0.024
1 0.384 0.077 0.016 0.014
1 0.226 0.182 0.024 0.02
1 0.252 0.24 0.028 0.012
1 0.213 0.298 0.014 0.016
1 0.251 0.436 0.018 0.016
1 0.264 0.444 0.02 0.016
1 0.317 0.46 0.038 0.016
1 0.371 0.332 0.026 0.02
1 0.473 0.26 0.026 0.02
1 0.472 0.113 0.024 0.026
1 0.671 0.055 0.022 0.022
1 0.969 0.1 0.022 0.024
1 0.97 0.118 0.02 0.012
1 0.805 0.156 0.022 0.024
1 0.882 0.27 0.016 0.028
1 0.985 0.378 0.022 0.032
1 0.898 0.471 0.02 0.018
1 0.613 0.295 0.018 0.014
1 0.812 0.326 0.028 0.012
1 0.801 0.316 0.018 0.02
1 0.576 0.386 0.02 0.02
1 0.521 0.353 0.022 0.018
1 0.509 0.431 0.034 0.03
1 0.448 0.501 0.028 0.026
1 0.441 0.56 0.022 0.028
1 0.569 0.567 0.018 0.018
1 0.583 0.563 0.01 0.014
1 0.597 0.615 0.022 0.03
1 0.69 0.653 0.024 0.018
1 0.77 0.407 0.02 0.014
1 0.673 0.553 0.022 0.026
1 0.718 0.558 0.036 0.024
1 0.74 0.445 0.016 0.01
1 0.907 0.518 0.026 0.012
1 0.908 0.566 0.024 0.024
1 0.887 0.555 0.018 0.022
1 0.876 0.642 0.024 0.032
1 0.958 0.633 0.016 0.01
1 0.971 0.689 0.022 0.01
1 0.948 0.697 0.048 0.026
1 0.93 0.72 0.012 0.012
1 0.829 0.706 0.022 0.024
1 0.788 0.702 0.028 0.028
1 0.772 0.686 0.016 0.028
2 0.06 0.911 0.02 0.034
2 0.079 0.936 0.018 0.032
2 0.004 0.968 0.008 0.028
2 0.384 0.959 0.02 0.022
2 0.54 0.949 0.024 0.034
2 0.654 0.936 0.036 0.028
2 0.667 0.929 0.022 0.014
2 0.963 0.868 0.014 0.024
2 0.846 0.896 0.012 0.024
2 0.832 0.803 0.028 0.05
2 0.625 0.874 0.014 0.024
2 0.152 0.502 0.016 0.028
2 0.088 0.568 0.024 0.016
2 0.141 0.227 0.01 0.018
2 0.414 0.265 0.044 0.026
2 0.481 0.181 0.022 0.014
2 0.549 0.074 0.018 0.016
2 0.494 0.007 0.024 0.01
2 0.812 0.092 0.02 0.016
2 0.811 0.113 0.022 0.018
2 0.909 0.378 0.034 0.04
2 0.532 0.404 0.04 0.028
2 0.559 0.534 0.046 0.032
2 0.585 0.568 0.038 0.032
2 0.674 0.747 0.012 0.014
2 0.732 0.728 0.044 0.032
2 0.782 0.466 0.02 0.024
2 0.92 0.502 0.028 0.028
2 0.97 0.578 0.012 0.028
2 0.902 0.608 0.048 0.024
2 0.966 0.629 0.02 0.018
2 0.921 0.674 0.03 0.04
2 0.145 0.823 0.018 0.018
2 0.398 0.871 0.008 0.022
2 0.234 0.875 0.008 0.014