0 0.903 0.049 0.038 0.03
0 0.993 0.112 0.01 0.044
0 0.974 0.135 0.044 0.05
0 0.916 0.159 0.032 0.038
0 0.889 0.199 0.034 0.042
0 0.99 0.268 0.016 0.04
0 0.942 0.284 0.036 0.04
0 0.995 0.434 0.006 0.02
0 0.969 0.47 0.046 0.044
0 0.973 0.587 0.046 0.034
0 0.898 0.528 0.044 0.056
0 0.848 0.487 0.044 0.046
0 0.869 0.333 0.046 0.058
0 0.833 0.3 0.03 0.04
0 0.852 0.267 0.04 0.026
0 0.835 0.214 0.05 0.036
0 0.797 0.383 0.042 0.038
0 0.892 0.636 0.036 0.032
0 0.88 0.592 0.028 0.032
0 0.843 0.611 0.034 0.026
0 0.856 0.588 0.02 0.028
0 0.842 0.578 0.024 0.024
0 0.904 0.701 0.036 0.034
0 0.924 0.742 0.032 0.036
0 0.952 0.807 0.036 0.034
0 0.961 0.938 0.03 0.028
0 0.996 0.927 0.004 0.026
0 0.927 0.866 0.042 0.044
0 0.884 0.939 0.072 0.054
0 0.874 0.88 0.056 0.032
0 0.904 0.871 0.028 0.034
0 0.874 0.984 0.032 0.024
0 0.847 0.98 0.03 0.032
0 0.82 0.977 0.032 0.03
0 0.79 0.991 0.028 0.014
0 0.719 0.984 0.042 0.028
0 0.742 0.953 0.036 0.034
0 0.819 0.815 0.026 0.022
0 0.839 0.809 0.018 0.03
0 0.85 0.811 0.02 0.026
0 0.857 0.813 0.018 0.022
0 0.869 0.727 0.03 0.03
0 0.853 0.715 0.026 0.038
0 0.795 0.73 0.034 0.04
0 0.779 0.742 0.034 0.036
0 0.781 0.763 0.026 0.022
0 0.749 0.765 0.05 0.038
0 0.67 0.703 0.044 0.046
0 0.692 0.66 0.052 0.04
0 0.616 0.717 0.036 0.042
0 0.745 0.6 0.042 0.032
0 0.727 0.54 0.034 0.028
0 0.803 0.522 0.038 0.036
0 0.74 0.428 0.036 0.044
0 0.68 0.435 0.036 0.03
0 0.601 0.435 0.026 0.026
0 0.618 0.483 0.04 0.034
0 0.623 0.381 0.01 0.026
0 0.625 0.562 0.034 0.04
0 0.797 0.058 0.034 0.02
0 0.774 0.084 0.032 0.024
0 0.75 0.17 0.028 0.032
0 0.704 0.116 0.032 0.028
0 0.601 0.01 0.046 0.02
0 0.642 0.06 0.04 0.036
0 0.665 0.082 0.046 0.036
0 0.608 0.102 0.036 0.036
0 0.716 0.206 0.036 0.04
0 0.659 0.232 0.038 0.04
0 0.589 0.138 0.038 0.032
0 0.52 0.064 0.052 0.032
0 0.524 0.151 0.036 0.038
0 0.537 0.203 0.042 0.03
0 0.565 0.235 0.026 0.026
0 0.591 0.247 0.038 0.034
0 0.646 0.332 0.036 0.032
0 0.581 0.995 0.042 0.006
0 0.493 0.947 0.05 0.038
0 0.529 0.891 0.034 0.034
0 0.605 0.821 0.042 0.034
0 0.523 0.83 0.038 0.048
0 0.567 0.804 0.026 0.028
0 0.589 0.782 0.046 0.032
0 0.543 0.329 0.03 0.026
0 0.533 0.3 0.03 0.02
0 0.488 0.787 0.048 0.042
0 0.416 0.988 0.048 0.02
0 0.373 0.929 0.03 0.042
0 0.398 0.869 0.032 0.03
0 0.415 0.857 0.038 0.026
0 0.341 0.785 0.034 0.038
0 0.306 0.886 0.052 0.04
0 0.011 0.964 0.018 0.036
0 0.007 0.991 0.01 0.014
0 0.025 0.888 0.046 0.056
0 0.122 0.938 0.036 0.032
0 0.146 0.92 0.028 0.028
0 0.196 0.914 0.04 0.028
0 0.137 0.87 0.038 0.036
0 0.035 0.816 0.03 0.036
0 0.051 0.766 0.026 0.032
0 0.076 0.767 0.028 0.034
0 0.136 0.803 0.04 0.034
0 0.186 0.797 0.04 0.034
0 0.181 0.759 0.034 0.03
0 0.222 0.749 0.032 0.034
0 0.073 0.707 0.038 0.026
0 0.015 0.665 0.026 0.05
0 0.326 0.728 0.04 0.024
0 0.285 0.686 0.042 0.032
0 0.444 0.679 0.024 0.042
0 0.478 0.65 0.04 0.064
0 0.519 0.63 0.05 0.044
0 0.473 0.578 0.042 0.028
0 0.52 0.558 0.028 0.032
0 0.46 0.547 0.032 0.014
0 0.404 0.623 0.048 0.05
0 0.374 0.63 0.02 0.04
0 0.437 0.512 0.034 0.044
0 0.342 0.519 0.036 0.03
0 0.273 0.622 0.026 0.028
0 0.062 0.608 0.04 0.044
0 0.124 0.618 0.044 0.044
0 0.179 0.609 0.022 0.022
0 0.146 0.569 0.036 0.038
0 0.211 0.574 0.034 0.036
0 0.186 0.545 0.024 0.03
0 0.164 0.543 0.024 0.034
0 0.016 0.557 0.028 0.038
0 0.061 0.501 0.038 0.042
0 0.011 0.469 0.018 0.05
0 0.106 0.446 0.032 0.048
0 0.214 0.013 0.04 0.026
0 0.367 0.056 0.034 0.024
0 0.463 0.095 0.042 0.038
0 0.45 0.129 0.016 0.022
0 0.36 0.097 0.036 0.03
0 0.379 0.131 0.022 0.026
0 0.424 0.207 0.036 0.054
0 0.352 0.166 0.024 0.024
0 0.375 0.241 0.038 0.038
0 0.474 0.303 0.032 0.03
0 0.443 0.307 0.03 0.038
0 0.388 0.333 0.036 0.03
0 0.266 0.501 0.028 0.042
0 0.167 0.48 0.038 0.04
0 0.208 0.435 0.028 0.05
0 0.285 0.421 0.042 0.054
0 0.395 0.44 0.046 0.048
0 0.395 0.4 0.042 0.04
0 0.366 0.425 0.028 0.038
0 0.032 0.333 0.032 0.034
0 0.03 0.355 0.048 0.026
0 0.06 0.336 0.016 0.02
0 0.125 0.284 0.042 0.032
0 0.056 0.171 0.032 0.046
0 0.038 0.152 0.02 0.024
0 0.134 0.233 0.036 0.022
0 0.176 0.243 0.044 0.05
0 0.201 0.231 0.034 0.07
0 0.26 0.271 0.032 0.042
0 0.333 0.259 0.046 0.038
0 0.127 0.163 0.034 0.034
0 0.253 0.161 0.018 0.03
0 0.236 0.161 0.024 0.038
0 0.295 0.141 0.034 0.038
0 0.242 0.116 0.044 0.044
0 0.236 0.081 0.028 0.022
0 0.209 0.065 0.042 0.05
0 0.196 0.144 0.04 0.04
0 0.138 0.046 0.036 0.028
0 0.12 0.033 0.028 0.018
0 0.1 0.057 0.032 0.03
0 0.036 0.027 0.016 0.034
0 0.007 0.062 0.01 0.028
0 0.007 0.187 0.01 0.03
1 0.965 0.048 0.022 0.02
1 0.955 0.111 0.026 0.022
1 0.913 0.647 0.014 0.018
1 0.754 0.896 0.036 0.024
1 0.738 0.842 0.024 0.024
1 0.767 0.514 0.022 0.028
1 0.772 0.481 0.016 0.014
1 0.757 0.47 0.018 0.016
1 0.767 0.053 0.014 0.03
1 0.805 0.098 0.03 0.016
1 0.752 0.146 0.016 0.016
1 0.72 0.229 0.02 0.018
1 0.75 0.3 0.02 0.012
1 0.54 0.113 0.028 0.018
1 0.555 0.227 0.034 0.026
1 0.615 0.283 0.01 0.018
1 0.809 0.311 0.018 0.018
1 0.568 0.844 0.012 0.02
1 0.555 0.388 0.026 0.024
1 0.511 0.421 0.026 0.014
1 0.475 0.819 0.014 0.018
1 0.45 0.976 0.012 0.008
1 0.422 0.936 0.008 0.024
1 0.399 0.913 0.022 0.03
1 0.386 0.814 0.016 0.02
1 0.325 0.817 0.03 0.034
1 0.22 0.994 0.012 0.008
1 0.038 0.986 0.028 0.024
1 0.157 0.752 0.022 0.024
1 0.055 0.678 0.01 0.016
1 0.271 0.777 0.018 0.022
1 0.428 0.717 0.02 0.014
1 0.385 0.592 0.022 0.024
1 0.411 0.54 0.014 0.02
1 0.367 0.573 0.026 0.014
1 0.344 0.57 0.02 0.02
1 0.315 0.625 0.018 0.022
1 0.252 0.556 0.024 0.016
1 0.043 0.451 0.018 0.022
1 0.064 0.427 0.024 0.026
1 0.008 0.373 0.012 0.014
1 0.396 0.016 0.024 0.024
1 0.438 0.13 0.008 0.016
1 0.426 0.366 0.024 0.02
1 0.183 0.37 0.018 0.028
1 0.111 0.335 0.022 0.022
1 0.164 0.188 0.028 0.036
1 0.253 0.197 0.022 0.022
1 0.232 0.197 0.02 0.022
1 0.163 0.087 0.026 0.022
1 0.161 0.064 0.022 0.016
1 0.073 0.106 0.03 0.028
2 0.966 0.263 0.02 0.022
2 0.973 0.564 0.026 0.02
2 0.851 0.235 0.038 0.022
2 0.986 0.674 0.02 0.016
2 0.761 0.634 0.03 0.02
2 0.647 0.426 0.026 0.028
2 0.636 0.394 0.02 0.024
2 0.842 0.061 0.024 0.022
2 0.773 0.119 0.022 0.018
2 0.661 0.2 0.05 0.02
2 0.628 0.923 0.056 0.038
2 0.595 0.861 0.034 0.026
2 0.654 0.796 0.032 0.032
2 0.658 0.35 0.012 0.012
2 0.464 0.805 0.016 0.026
2 0.455 0.983 0.026 0.018
2 0.347 0.688 0.03 0.028
2 0.05 0.404 0.028 0.02
2 0.364 0.182 0.02 0.028
2 0.42 0.339 0.036 0.022
2 0.237 0.519 0.03 0.026
2 0.231 0.433 0.018 0.034
2 0.324 0.465 0.024 0.046
2 0.032 0.294 0.02 0.02
2 0.097 0.293 0.038 0.038
2 0.069 0.267 0.022 0.03
2 0.115 0.071 0.022 0.03
2 0.144 0.103 0.02 0.018
2 0.578 0.551 0.02 0.038
2 0.612 0.54 0.012 0.02
2 0.604 0.495 0.036 0.03
2 0.634 0.525 0.016 0.022
2 0.819 0.462 0.018 0.012
2 0.76 0.269 0.032 0.018
2 0.328 0.987 0.036 0.022
2 0.054 0.831 0.016 0.018
2 0.32 0.385 0.02 0.018
2 0.259 0.074 0.014 0.012
2 0.065 0.015 0.01 0.01
2 0.062 0.002 0.012 0.004
2 0.062 0.03 0.008 0.012
2 0.105 0.158 0.022 0.016
2 0.433 0.115 0.022 0.014
2 0.232 0.637 0.012 0.014
2 0.248 0.38 0.012 0.02
2 0.345 0.318 0.014 0.016
2 0.543 0.51 0.022 0.016