0 0.647 0.639 0.038 0.03
0 0.613 0.632 0.034 0.036
0 0.547 0.659 0.03 0.054
0 0.584 0.705 0.04 0.038
0 0.735 0.686 0.034 0.032
0 0.699 0.761 0.03 0.038
0 0.71 0.867 0.028 0.042
0 0.792 0.801 0.032 0.03
0 0.866 0.762 0.052 0.06
0 0.903 0.753 0.034 0.038
0 0.968 0.74 0.032 0.048
0 0.98 0.684 0.036 0.04
0 0.954 0.603 0.032 0.05
0 0.857 0.549 0.038 0.038
0 0.97 0.494 0.04 0.04
0 0.967 0.528 0.046 0.032
0 0.92 0.457 0.028 0.034
0 0.86 0.463 0.028 0.034
0 0.881 0.387 0.026 0.038
0 0.881 0.416 0.034 0.028
0 0.911 0.275 0.034 0.03
0 0.944 0.25 0.036 0.032
0 0.883 0.259 0.054 0.066
0 0.502 0.208 0.032 0.036
0 0.449 0.204 0.034 0.036
0 0.418 0.169 0.036 0.046
0 0.482 0.154 0.032 0.048
0 0.388 0.167 0.032 0.042
0 0.511 0.104 0.038 0.036
0 0.565 0.117 0.034 0.038
0 0.575 0.055 0.038 0.038
0 0.558 0.087 0.028 0.034
0 0.483 0.054 0.038 0.036
0 0.448 0.01 0.032 0.02
0 0.389 0.018 0.038 0.036
0 0.419 0.07 0.038 0.032
0 0.586 0.166 0.036 0.044
0 0.638 0.269 0.04 0.062
0 0.542 0.26 0.044 0.048
0 0.43 0.269 0.036 0.054
0 0.321 0.228 0.034 0.048
0 0.271 0.294 0.03 0.04
0 0.294 0.276 0.032 0.032
0 0.223 0.238 0.03 0.048
0 0.163 0.186 0.03 0.044
0 0.106 0.16 0.032 0.044
0 0.178 0.161 0.02 0.03
0 0.054 0.179 0.028 0.042
0 0.045 0.22 0.034 0.044
0 0.069 0.237 0.03 0.03
0 0.095 0.245 0.03 0.038
0 0.047 0.337 0.038 0.058
0 0.148 0.336 0.032 0.048
0 0.011 0.393 0.018 0.042
0 0.019 0.445 0.034 0.038
0 0.058 0.517 0.028 0.034
0 0.105 0.549 0.03 0.038
0 0.093 0.62 0.034 0.048
0 0.012 0.639 0.02 0.054
0 0.096 0.684 0.04 0.048
0 0.038 0.684 0.032 0.04
0 0.147 0.665 0.03 0.046
0 0.209 0.645 0.026 0.046
0 0.186 0.726 0.036 0.044
0 0.171 0.777 0.038 0.046
0 0.239 0.796 0.022 0.048
0 0.199 0.829 0.03 0.034
0 0.138 0.839 0.032 0.038
0 0.083 0.879 0.03 0.038
0 0.036 0.791 0.032 0.054
0 0.077 0.734 0.03 0.048
0 0.284 0.911 0.028 0.042
0 0.252 0.933 0.024 0.046
0 0.268 0.987 0.036 0.022
0 0.269 0.962 0.026 0.032
0 0.36 0.913 0.04 0.046
0 0.394 0.934 0.028 0.04
0 0.418 0.983 0.044 0.03
0 0.388 0.994 0.02 0.008
0 0.534 0.889 0.044 0.046
0 0.577 0.862 0.03 0.04
0 0.473 0.814 0.042 0.048
0 0.455 0.781 0.014 0.034
0 0.431 0.797 0.022 0.03
0 0.392 0.803 0.032 0.038
0 0.357 0.742 0.042 0.06
0 0.398 0.656 0.036 0.032
0 0.412 0.669 0.024 0.034
0 0.343 0.659 0.03 0.034
0 0.302 0.642 0.028 0.036
0 0.497 0.61 0.034 0.044
0 0.434 0.516 0.024 0.028
0 0.398 0.529 0.028 0.042
0 0.58 0.393 0.04 0.038
0 0.534 0.384 0.032 0.036
0 0.466 0.438 0.036 0.048
0 0.736 0.5 0.036 0.036
0 0.718 0.462 0.052 0.036
0 0.748 0.449 0.028 0.026
0 0.677 0.434 0.034 0.04
0 0.634 0.464 0.032 0.032
0 0.771 0.545 0.034 0.038
0 0.725 0.597 0.042 0.038
0 0.817 0.652 0.038 0.04
0 0.815 0.683 0.042 0.026
0 0.837 0.627 0.042 0.046
0 0.82 0.57 0.02 0.028
0 0.908 0.513 0.032 0.038
0 0.901 0.568 0.018 0.036
0 0.688 0.563 0.036 0.042
0 0.975 0.86 0.046 0.044
0 0.91 0.919 0.04 0.042
0 0.879 0.902 0.03 0.028
0 0.764 0.957 0.032 0.05
0 0.813 0.933 0.03 0.034
0 0.828 0.953 0.036 0.042
0 0.701 0.92 0.038 0.032
0 0.991 0.962 0.014 0.048
0 0.973 0.988 0.026 0.02
0 0.99 0.99 0.02 0.016
0 0.74 0.859 0.024 0.026
0 0.658 0.715 0.036 0.034
0 0.535 0.571 0.03 0.018
0 0.407 0.436 0.034 0.04
0 0.294 0.43 0.032 0.036
0 0.111 0.456 0.03 0.04
0 0.178 0.476 0.036 0.028
0 0.188 0.452 0.032 0.036
0 0.218 0.498 0.028 0.024
0 0.206 0.493 0.032 0.038
0 0.158 0.478 0.016 0.04
0 0.215 0.561 0.018 0.034
0 0.891 0.041 0.038 0.038
0 0.857 0.098 0.034 0.028
0 0.75 0.16 0.036 0.04
0 0.725 0.174 0.038 0.044
0 0.699 0.057 0.034 0.038
0 0.658 0.071 0.028 0.038
0 0.653 0.047 0.03 0.026
0 0.745 0.1 0.03 0.032
0 0.887 0.191 0.038 0.042
0 0.976 0.228 0.032 0.032
0 0.92 0.114 0.036 0.044
0 0.803 0.325 0.038 0.038
0 0.978 0.294 0.024 0.028
0 0.087 0.403 0.034 0.046
0 0.182 0.056 0.028 0.052
0 0.224 0.08 0.036 0.032
0 0.217 0.034 0.03 0.036
0 0.163 0.014 0.03 0.028
0 0.111 0.009 0.034 0.018
0 0.28 0.008 0.028 0.016
0 0.295 0.145 0.03 0.038
0 0.352 0.862 0.036 0.036
0 0.487 0.669 0.038 0.034
0 0.119 0.981 0.046 0.034
0 0.16 0.907 0.02 0.026
0 0.14 0.926 0.024 0.032
0 0.825 0.139 0.014 0.034
0 0.906 0.335 0.028 0.034
0 0.386 0.299 0.02 0.038
0 0.268 0.775 0.036 0.026
0 0.339 0.591 0.022 0.038
0 0.027 0.662 0.018 0.024
0 0.008 0.599 0.012 0.038
0 0.004 0.475 0.004 0.018
0 0.816 0.391 0.036 0.034
0 0.816 0.363 0.032 0.03
0 0.988 0.587 0.02 0.034
0 0.969 0.577 0.026 0.03
0 0.887 0.627 0.026 0.026
0 0.456 0.575 0.028 0.03
0 0.434 0.538 0.024 0.024
0 0.796 0.11 0.028 0.024
0 0.846 0.128 0.024 0.024
0 0.949 0.087 0.054 0.026
0 0.616 0.222 0.028 0.024
0 0.091 0.326 0.034 0.032
0 0.128 0.235 0.016 0.042
0 0.472 0.079 0.032 0.03
0 0.371 0.098 0.026 0.04
0 0.318 0.151 0.024 0.038
0 0.249 0.158 0.018 0.028
0 0.404 0.244 0.024 0.028
0 0.652 0.676 0.028 0.032
0 0.796 0.004 0.016 0.008
0 0.635 0.005 0.014 0.01
1 0.993 0.91 0.01 0.024
1 0.641 0.759 0.026 0.022
1 0.924 0.883 0.02 0.026
1 0.546 0.519 0.024 0.026
1 0.979 0.319 0.018 0.018
1 0.303 0.769 0.018 0.022
1 0.506 0.968 0.016 0.02
1 0.197 0.398 0.014 0.016
1 0.364 0.385 0.016 0.022
1 0.205 0.38 0.018 0.02
1 0.435 0.38 0.022 0.02
1 0.837 0.823 0.014 0.026
1 0.255 0.493 0.018 0.018
1 0.777 0.841 0.03 0.014
1 0.782 0.826 0.02 0.012
1 0.801 0.765 0.014 0.022
1 0.599 0.782 0.018 0.024
1 0.469 0.747 0.018 0.022
1 0.191 0.983 0.014 0.01
1 0.248 0.887 0.012 0.014
1 0.015 0.724 0.018 0.024
1 0.319 0.675 0.022 0.022
1 0.025 0.513 0.018 0.026
1 0.973 0.386 0.01 0.024
1 0.957 0.541 0.018 0.018
1 0.571 0.551 0.018 0.018
1 0.781 0.289 0.018 0.014
1 0.971 0.034 0.01 0.016
1 0.981 0.049 0.01 0.01
1 0.615 0.371 0.03 0.022
1 0.154 0.386 0.016 0.016
1 0.081 0.061 0.014 0.018
1 0.081 0.004 0.01 0.008
1 0.261 0.558 0.018 0.012
1 0.664 0.01 0.024 0.02
1 0.353 0.351 0.014 0.014
2 0.433 0.914 0.018 0.02
2 0.371 0.884 0.022 0.02
2 0.818 0.869 0.024 0.022
2 0.252 0.36 0.028 0.036
2 0.374 0.24 0.016 0.02
2 0.918 0.857 0.024 0.022
2 0.866 0.962 0.032 0.04
2 0.726 0.927 0.024 0.026
2 0.469 0.904 0.022 0.028
2 0.437 0.85 0.022 0.028
2 0.552 0.792 0.02 0.024
2 0.542 0.754 0.02 0.02
2 0.36 0.968 0.016 0.028
2 0.827 0.768 0.01 0.028
2 0.666 0.816 0.032 0.024
2 0.198 0.939 0.036 0.026
2 0.172 0.954 0.016 0.028
2 0.032 0.581 0.008 0.01
2 0.184 0.678 0.024 0.024
2 0.137 0.596 0.022 0.036
2 0.157 0.585 0.026 0.03
2 0.007 0.521 0.01 0.022
2 0.965 0.339 0.026 0.026
2 0.468 0.56 0.036 0.032
2 0.751 0.244 0.018 0.024
2 0.888 0.16 0.024 0.028
2 0.97 0.052 0.012 0.02
2 0.949 0.045 0.018 0.022
2 0.362 0.453 0.032 0.022
2 0.362 0.492 0.016 0.024
2 0.22 0.438 0.016 0.016
2 0.238 0.433 0.02 0.018
2 0.169 0.276 0.022 0.016
2 0.252 0.028 0.012 0.028
2 0.325 0.02 0.022 0.024
2 0.57 0.646 0.016 0.028
2 0.704 0.621 0.016 0.018
2 0.687 0.535 0.03 0.018
2 0.511 0.472 0.022 0.012
2 0.919 0.382 0.03 0.032
2 0.915 0.416 0.014 0.012
2 0.78 0.215 0.036 0.022