0 0.622 0.686 0.044 0.076
0 0.603 0.329 0.042 0.066
0 0.559 0.293 0.046 0.074
0 0.485 0.304 0.038 0.056
0 0.515 0.278 0.038 0.096
0 0.411 0.248 0.05 0.068
0 0.452 0.243 0.04 0.058
0 0.474 0.256 0.024 0.036
0 0.348 0.236 0.048 0.048
0 0.358 0.307 0.036 0.042
0 0.309 0.32 0.062 0.056
0 0.301 0.279 0.05 0.046
0 0.686 0.232 0.032 0.056
0 0.671 0.273 0.038 0.07
0 0.617 0.248 0.05 0.068
0 0.644 0.292 0.036 0.06
0 0.566 0.087 0.064 0.046
0 0.496 0.179 0.056 0.054
0 0.564 0.179 0.056 0.066
0 0.352 0.028 0.056 0.044
0 0.332 0.01 0.024 0.02
0 0.902 0.194 0.06 0.088
0 0.861 0.142 0.046 0.06
0 0.802 0.12 0.048 0.052
0 0.838 0.194 0.044 0.056
0 0.863 0.246 0.038 0.06
0 0.915 0.267 0.05 0.066
0 0.893 0.285 0.034 0.07
0 0.758 0.211 0.04 0.042
0 0.749 0.251 0.034 0.042
0 0.725 0.201 0.038 0.058
0 0.685 0.33 0.042 0.052
0 0.689 0.377 0.058 0.058
0 0.681 0.415 0.042 0.054
0 0.75 0.416 0.04 0.056
0 0.784 0.454 0.036 0.036
0 0.765 0.479 0.034 0.05
0 0.735 0.515 0.042 0.074
0 0.634 0.525 0.056 0.082
0 0.973 0.43 0.034 0.056
0 0.934 0.406 0.06 0.068
0 0.876 0.403 0.044 0.062
0 0.836 0.369 0.036 0.05
0 0.917 0.144 0.034 0.024
0 0.681 0.03 0.038 0.032
0 0.787 0.065 0.026 0.03
0 0.748 0.014 0.056 0.028
0 0.95 0.343 0.048 0.078
0 0.987 0.37 0.022 0.056
0 0.948 0.474 0.048 0.052
0 0.884 0.483 0.064 0.074
0 0.854 0.498 0.06 0.092
0 0.59 0.363 0.016 0.034
0 0.557 0.376 0.034 0.06
0 0.543 0.412 0.046 0.052
0 0.442 0.398 0.028 0.052
0 0.378 0.454 0.04 0.064
0 0.32 0.445 0.048 0.062
0 0.685 0.476 0.03 0.044
0 0.706 0.499 0.016 0.042
0 0.646 0.423 0.044 0.058
0 0.758 0.62 0.056 0.084
0 0.685 0.649 0.054 0.062
0 0.635 0.589 0.042 0.05
0 0.506 0.493 0.044 0.086
0 0.493 0.539 0.034 0.066
0 0.442 0.551 0.04 0.066
0 0.54 0.566 0.04 0.056
0 0.501 0.618 0.046 0.068
0 0.421 0.601 0.042 0.058
0 0.453 0.653 0.042 0.054
0 0.373 0.687 0.046 0.074
0 0.428 0.656 0.032 0.056
0 0.436 0.711 0.044 0.054
0 0.475 0.737 0.046 0.078
0 0.462 0.798 0.044 0.064
0 0.463 0.852 0.034 0.06
0 0.369 0.755 0.054 0.082
0 0.434 0.913 0.044 0.066
0 0.566 0.667 0.028 0.038
0 0.971 0.54 0.038 0.064
0 0.884 0.615 0.044 0.058
0 0.856 0.634 0.04 0.064
0 0.92 0.649 0.04 0.026
0 0.913 0.678 0.03 0.032
0 0.971 0.662 0.05 0.06
0 0.931 0.735 0.058 0.078
0 0.884 0.706 0.04 0.072
0 0.8 0.741 0.036 0.07
0 0.86 0.755 0.044 0.082
0 0.875 0.809 0.038 0.042
0 0.922 0.857 0.044 0.074
0 0.826 0.859 0.052 0.074
0 0.952 0.801 0.036 0.058
0 0.987 0.834 0.022 0.06
0 0.992 0.962 0.012 0.06
0 0.96 0.951 0.048 0.054
0 0.942 0.976 0.048 0.044
0 0.982 0.99 0.036 0.016
0 0.888 0.952 0.044 0.052
0 0.85 0.97 0.048 0.056
0 0.8 0.953 0.04 0.05
0 0.532 0.706 0.048 0.076
0 0.536 0.761 0.048 0.086
0 0.656 0.784 0.044 0.06
0 0.653 0.844 0.054 0.084
0 0.724 0.795 0.06 0.074
0 0.687 0.962 0.046 0.06
0 0.542 0.897 0.04 0.062
0 0.646 0.971 0.044 0.054
0 0.613 0.975 0.026 0.046
0 0.193 0.358 0.042 0.076
0 0.166 0.32 0.032 0.064
0 0.293 0.394 0.05 0.052
0 0.236 0.428 0.032 0.032
0 0.241 0.458 0.042 0.04
0 0.179 0.415 0.042 0.054
0 0.157 0.437 0.034 0.058
0 0.053 0.422 0.038 0.044
0 0.011 0.42 0.018 0.048
0 0.034 0.429 0.028 0.046
0 0.353 0.587 0.038 0.054
0 0.313 0.567 0.034 0.042
0 0.323 0.601 0.038 0.042
0 0.304 0.508 0.04 0.064
0 0.238 0.523 0.036 0.058
0 0.243 0.568 0.042 0.048
0 0.236 0.618 0.032 0.036
0 0.212 0.642 0.048 0.048
0 0.148 0.587 0.024 0.026
0 0.161 0.604 0.026 0.032
0 0.132 0.546 0.048 0.036
0 0.26 0.717 0.052 0.078
0 0.293 0.713 0.046 0.074
0 0.302 0.77 0.052 0.052
0 0.152 0.691 0.044 0.086
0 0.247 0.805 0.05 0.062
0 0.185 0.801 0.038 0.054
0 0.149 0.785 0.046 0.066
0 0.071 0.719 0.05 0.078
0 0.31 0.833 0.04 0.042
0 0.286 0.863 0.04 0.066
0 0.341 0.899 0.05 0.054
0 0.391 0.863 0.058 0.082
0 0.506 0.922 0.04 0.052
0 0.501 0.972 0.046 0.052
0 0.09 0.804 0.056 0.072
0 0.054 0.785 0.044 0.05
0 0.023 0.78 0.042 0.06
0 0.189 0.727 0.046 0.058
0 0.103 0.58 0.038 0.052
0 0.079 0.538 0.03 0.032
0 0.064 0.549 0.04 0.046
0 0.216 0.934 0.044 0.072
0 0.068 0.356 0.036 0.056
0 0.395 0.978 0.046 0.04
0 0.354 0.97 0.036 0.056
0 0.072 0.903 0.06 0.074
0 0.083 0.946 0.038 0.028
0 0.026 0.954 0.048 0.088
0 0.708 0.291 0.02 0.038
0 0.308 0.946 0.044 0.04
1 0.361 0.269 0.018 0.03
1 0.225 0.241 0.034 0.042
1 0.141 0.289 0.022 0.026
1 0.482 0.112 0.036 0.028
1 0.453 0.141 0.022 0.03
1 0.493 0.046 0.022 0.024
1 0.422 0.045 0.02 0.022
1 0.414 0.062 0.012 0.016
1 0.326 0.077 0.016 0.018
1 0.189 0.058 0.018 0.024
1 0.08 0.166 0.028 0.024
1 0.025 0.15 0.026 0.04
1 0.274 0.202 0.028 0.024
1 0.923 0.309 0.022 0.018
1 0.815 0.262 0.022 0.02
1 0.564 0.502 0.036 0.032
1 0.905 0.424 0.014 0.024
1 0.956 0.148 0.028 0.024
1 0.965 0.172 0.018 0.02
1 0.975 0.179 0.018 0.03
1 0.64 0.108 0.02 0.048
1 0.629 0.174 0.018 0.024
1 0.618 0.182 0.012 0.02
1 0.821 0.471 0.034 0.03
1 0.461 0.423 0.018 0.038
1 0.688 0.518 0.012 0.048
1 0.714 0.642 0.024 0.024
1 0.51 0.571 0.02 0.022
1 0.394 0.815 0.048 0.034
1 0.574 0.701 0.028 0.026
1 0.936 0.578 0.024 0.048
1 0.967 0.639 0.022 0.026
1 0.972 0.758 0.016 0.024
1 0.977 0.78 0.018 0.02
1 0.827 0.736 0.026 0.028
1 0.772 0.762 0.032 0.044
1 0.975 0.834 0.018 0.032
1 0.574 0.783 0.028 0.026
1 0.744 0.933 0.02 0.03
1 0.614 0.885 0.024 0.034
1 0.164 0.375 0.016 0.018
1 0.307 0.351 0.018 0.018
1 0.272 0.346 0.028 0.028
1 0.357 0.41 0.018 0.016
1 0.083 0.414 0.03 0.028
1 0.294 0.616 0.036 0.028
1 0.367 0.55 0.022 0.04
1 0.173 0.642 0.022 0.036
1 0.525 0.96 0.038 0.02
1 0.483 0.936 0.026 0.02
1 0.444 0.99 0.036 0.016
1 0.214 0.719 0.024 0.038
1 0.244 0.909 0.016 0.022
1 0.243 0.941 0.01 0.022
1 0.084 0.347 0.016 0.018
1 0.049 0.861 0.018 0.03
1 0.813 0.185 0.018 0.05
1 0.9 0.03 0.02 0.02
1 0.891 0.012 0.014 0.016
2 0.72 0.911 0.04 0.058
2 0.573 0.943 0.022 0.038
2 0.899 0.362 0.018 0.036
2 0.163 0.482 0.018 0.02
2 0.179 0.504 0.026 0.036
2 0.021 0.657 0.022 0.026
2 0.047 0.664 0.018 0.028
2 0.046 0.633 0.024 0.03
2 0.737 0.33 0.026 0.024
2 0.716 0.322 0.02 0.02
2 0.754 0.355 0.012 0.014
2 0.737 0.357 0.014 0.014
2 0.795 0.197 0.022 0.034
2 0.717 0.12 0.018 0.016