0 0.413 0.735 0.046 0.066
0 0.672 0.729 0.06 0.05
0 0.568 0.719 0.056 0.05
0 0.502 0.625 0.04 0.054
0 0.572 0.583 0.044 0.038
0 0.696 0.637 0.032 0.042
0 0.91 0.733 0.06 0.054
0 0.809 0.749 0.062 0.054
0 0.862 0.717 0.06 0.042
0 0.729 0.846 0.062 0.056
0 0.842 0.823 0.048 0.038
0 0.856 0.91 0.032 0.044
0 0.742 0.892 0.028 0.02
0 0.721 0.9 0.026 0.02
0 0.651 0.983 0.038 0.03
0 0.601 0.987 0.042 0.022
0 0.551 0.973 0.054 0.05
0 0.46 0.964 0.052 0.052
0 0.326 0.916 0.032 0.052
0 0.406 0.824 0.036 0.016
0 0.266 0.941 0.04 0.046
0 0.118 0.899 0.036 0.03
0 0.15 0.811 0.028 0.054
0 0.14 0.804 0.028 0.036
0 0.193 0.839 0.026 0.038
0 0.054 0.871 0.032 0.03
0 0.074 0.983 0.028 0.03
0 0.04 0.938 0.04 0.032
0 0.02 0.986 0.04 0.024
0 0.159 0.983 0.018 0.03
0 0.178 0.985 0.028 0.026
0 0.066 0.809 0.036 0.034
0 0.035 0.755 0.034 0.034
0 0.081 0.696 0.022 0.028
0 0.071 0.731 0.026 0.046
0 0.023 0.659 0.022 0.022
0 0.038 0.602 0.056 0.04
0 0.02 0.567 0.036 0.034
0 0.011 0.525 0.022 0.05
0 0.13 0.427 0.028 0.014
0 0.233 0.517 0.034 0.038
0 0.16 0.685 0.04 0.058
0 0.303 0.727 0.038 0.022
0 0.359 0.636 0.034 0.056
0 0.335 0.638 0.026 0.056
0 0.466 0.609 0.016 0.034
0 0.514 0.669 0.036 0.026
0 0.438 0.457 0.06 0.042
0 0.639 0.459 0.038 0.05
0 0.54 0.402 0.036 0.032
0 0.537 0.35 0.038 0.04
0 0.628 0.339 0.084 0.058
0 0.581 0.303 0.05 0.046
0 0.661 0.39 0.038 0.036
0 0.537 0.439 0.026 0.03
0 0.391 0.278 0.046 0.044
0 0.355 0.194 0.038 0.044
0 0.406 0.231 0.052 0.042
0 0.352 0.269 0.04 0.034
0 0.314 0.211 0.032 0.05
0 0.39 0.353 0.036 0.05
0 0.409 0.356 0.022 0.04
0 0.243 0.24 0.046 0.044
0 0.457 0.174 0.046 0.06
0 0.591 0.233 0.038 0.034
0 0.651 0.244 0.058 0.036
0 0.637 0.111 0.046 0.038
0 0.66 0.19 0.024 0.028
0 0.692 0.175 0.044 0.042
0 0.685 0.159 0.022 0.022
0 0.587 0.198 0.03 0.028
0 0.556 0.172 0.016 0.02
0 0.755 0.304 0.034 0.028
0 0.733 0.411 0.038 0.046
0 0.854 0.432 0.04 0.048
0 0.877 0.547 0.046 0.038
0 0.963 0.51 0.03 0.032
0 0.971 0.357 0.054 0.042
0 0.983 0.403 0.03 0.022
0 0.924 0.383 0.02 0.038
0 0.936 0.32 0.06 0.044
0 0.794 0.337 0.048 0.034
0 0.846 0.223 0.044 0.042
0 0.91 0.171 0.04 0.026
0 0.768 0.042 0.04 0.048
0 0.877 0.17 0.026 0.032
0 0.925 0.128 0.018 0.028
0 0.927 0.052 0.022 0.032
0 0.689 0.007 0.046 0.01
0 0.574 0.037 0.028 0.038
0 0.557 0.043 0.034 0.03
0 0.466 0.012 0.064 0.02
0 0.717 0.243 0.042 0.046
0 0.147 0.261 0.07 0.042
0 0.186 0.316 0.064 0.04
0 0.073 0.1 0.038 0.048
0 0.205 0.086 0.026 0.02
0 0.244 0.091 0.028 0.014
0 0.271 0.176 0.018 0.032
0 0.182 0.193 0.016 0.026
0 0.014 0.144 0.024 0.02
0 0.043 0.029 0.058 0.054
0 0.046 0.281 0.028 0.018
0 0.267 0.318 0.018 0.024
0 0.398 0.482 0.024 0.016
0 0.39 0.499 0.032 0.014
0 0.367 0.501 0.026 0.026
0 0.539 0.646 0.018 0.028
0 0.56 0.657 0.056 0.058
0 0.65 0.632 0.032 0.044
0 0.693 0.558 0.022 0.028
0 0.8 0.45 0.044 0.04
0 0.987 0.635 0.022 0.03
0 0.995 0.581 0.006 0.022
0 0.991 0.555 0.014 0.022
0 0.951 0.782 0.074 0.048
0 0.871 0.964 0.05 0.056
0 0.977 0.948 0.042 0.04
0 0.985 0.894 0.026 0.048
0 0.965 0.822 0.026 0.024
0 0.899 0.889 0.026 0.026
0 0.554 0.858 0.048 0.056
0 0.508 0.958 0.024 0.028
0 0.926 0.422 0.032 0.02
0 0.836 0.992 0.044 0.012
1 0.476 0.897 0.024 0.022
1 0.386 0.905 0.024 0.022
1 0.178 0.857 0.02 0.018
1 0.392 0.859 0.016 0.018
1 0.282 0.85 0.024 0.024
1 0.082 0.544 0.012 0.02
1 0.055 0.431 0.018 0.022
1 0.056 0.551 0.016 0.022
1 0.247 0.685 0.022 0.026
1 0.708 0.693 0.02 0.022
1 0.762 0.688 0.024 0.024
1 0.533 0.291 0.018 0.018
1 0.62 0.164 0.016 0.02
1 0.718 0.212 0.02 0.02
1 0.824 0.303 0.012 0.018
1 0.672 0.073 0.016 0.014
1 0.333 0.415 0.01 0.014
2 0.793 0.916 0.018 0.036
2 0.769 0.894 0.03 0.028
2 0.688 0.886 0.016 0.016
2 0.357 0.82 0.03 0.024
2 0.405 0.802 0.018 0.024
2 0.406 0.84 0.028 0.012
2 0.386 0.841 0.024 0.022
2 0.245 0.897 0.038 0.022
2 0.065 0.934 0.022 0.02
2 0.007 0.799 0.014 0.022
2 0.092 0.463 0.032 0.034
2 0.164 0.588 0.048 0.056
2 0.177 0.732 0.026 0.036
2 0.494 0.719 0.028 0.022
2 0.436 0.326 0.024 0.032
2 0.491 0.299 0.018 0.022
2 0.809 0.512 0.046 0.036
2 0.926 0.352 0.024 0.024
2 0.446 0.024 0.036 0.02
2 0.69 0.095 0.028 0.022
2 0.786 0.127 0.02 0.022
2 0.793 0.148 0.018 0.032
2 0.201 0.218 0.026 0.02
2 0.007 0.128 0.014 0.02
2 0.012 0.015 0.016 0.022
2 0.042 0.146 0.016 0.012
2 0.285 0.31 0.054 0.032
2 0.293 0.334 0.066 0.04
2 0.335 0.463 0.034 0.018
2 0.309 0.494 0.014 0.02
2 0.624 0.572 0.036 0.028
2 0.58 0.471 0.044 0.074
2 0.488 0.582 0.016 0.024
2 0.765 0.466 0.046 0.048
2 0.969 0.735 0.026 0.022
2 0.5 0.826 0.02 0.024
2 0.507 0.804 0.022 0.028
2 0.611 0.047 0.018 0.038
2 0.74 0.203 0.016 0.014
2 0.36 0.318 0.036 0.016
2 0.036 0.641 0.052 0.018
2 0.226 0.694 0.016 0.016
2 0.45 0.666 0.02 0.02
2 0.12 0.458 0.02 0.028
2 0.99 0.855 0.016 0.03
2 0.077 0.904 0.03 0.02
2 0.282 0.99 0.024 0.016