0 0.561 0.611 0.046 0.054
0 0.895 0.15 0.038 0.032
0 0.855 0.167 0.038 0.054
0 0.774 0.148 0.032 0.04
0 0.795 0.144 0.022 0.032
0 0.766 0.054 0.036 0.036
0 0.766 0.08 0.048 0.036
0 0.983 0.081 0.03 0.062
0 0.918 0.076 0.044 0.044
0 0.934 0.137 0.048 0.05
0 0.947 0.071 0.026 0.034
0 0.946 0.105 0.044 0.034
0 0.653 0.054 0.042 0.044
0 0.519 0.039 0.038 0.058
0 0.539 0.091 0.046 0.058
0 0.388 0.061 0.036 0.03
0 0.382 0.033 0.04 0.03
0 0.373 0.134 0.05 0.056
0 0.323 0.081 0.038 0.054
0 0.24 0.148 0.036 0.052
0 0.209 0.104 0.042 0.048
0 0.14 0.158 0.036 0.04
0 0.076 0.159 0.032 0.034
0 0.032 0.183 0.028 0.046
0 0.105 0.207 0.034 0.046
0 0.074 0.267 0.032 0.046
0 0.105 0.277 0.046 0.05
0 0.108 0.311 0.036 0.038
0 0.174 0.24 0.036 0.052
0 0.2 0.24 0.028 0.048
0 0.374 0.189 0.044 0.042
0 0.623 0.139 0.038 0.05
0 0.678 0.179 0.036 0.03
0 0.696 0.193 0.032 0.03
0 0.694 0.237 0.052 0.042
0 0.562 0.183 0.04 0.05
0 0.588 0.173 0.036 0.046
0 0.49 0.142 0.04 0.06
0 0.452 0.089 0.044 0.038
0 0.427 0.055 0.026 0.038
0 0.438 0.043 0.012 0.022
0 0.615 0.04 0.018 0.032
0 0.803 0.007 0.042 0.014
0 0.853 0.022 0.042 0.044
0 0.965 0.204 0.034 0.052
0 0.96 0.333 0.052 0.042
0 0.935 0.428 0.046 0.048
0 0.9 0.419 0.028 0.038
0 0.92 0.508 0.036 0.044
0 0.853 0.464 0.034 0.06
0 0.726 0.318 0.044 0.036
0 0.685 0.293 0.042 0.042
0 0.649 0.284 0.034 0.04
0 0.592 0.248 0.036 0.036
0 0.496 0.272 0.052 0.036
0 0.462 0.277 0.024 0.03
0 0.508 0.307 0.028 0.038
0 0.473 0.368 0.038 0.048
0 0.402 0.414 0.04 0.048
0 0.364 0.491 0.04 0.05
0 0.31 0.512 0.04 0.056
0 0.254 0.562 0.032 0.048
0 0.211 0.53 0.026 0.024
0 0.18 0.451 0.02 0.03
0 0.179 0.468 0.034 0.044
0 0.178 0.326 0.044 0.052
0 0.248 0.306 0.04 0.056
0 0.36 0.266 0.036 0.048
0 0.27 0.034 0.048 0.056
0 0.256 0.008 0.028 0.016
0 0.288 0.013 0.04 0.026
0 0.844 0.356 0.036 0.044
0 0.855 0.327 0.03 0.034
0 0.918 0.247 0.036 0.05
0 0.891 0.291 0.034 0.042
0 0.745 0.365 0.042 0.058
0 0.737 0.498 0.038 0.044
0 0.755 0.528 0.026 0.04
0 0.736 0.546 0.028 0.052
0 0.682 0.48 0.036 0.06
0 0.69 0.402 0.044 0.044
0 0.723 0.406 0.034 0.056
0 0.85 0.543 0.044 0.042
0 0.817 0.462 0.034 0.04
0 0.792 0.541 0.048 0.058
0 0.779 0.615 0.034 0.05
0 0.827 0.617 0.046 0.05
0 0.83 0.658 0.036 0.04
0 0.83 0.765 0.04 0.054
0 0.923 0.822 0.042 0.048
0 0.966 0.828 0.036 0.06
0 0.952 0.75 0.036 0.048
0 0.926 0.672 0.044 0.068
0 0.922 0.631 0.044 0.038
0 0.895 0.55 0.034 0.032
0 0.69 0.631 0.036 0.062
0 0.654 0.623 0.04 0.05
0 0.601 0.519 0.054 0.058
0 0.614 0.398 0.028 0.04
0 0.555 0.436 0.042 0.036
0 0.487 0.441 0.042 0.058
0 0.526 0.547 0.036 0.05
0 0.41 0.491 0.028 0.046
0 0.387 0.517 0.022 0.026
0 0.37 0.583 0.04 0.062
0 0.394 0.612 0.04 0.048
0 0.382 0.644 0.048 0.04
0 0.322 0.58 0.04 0.048
0 0.196 0.647 0.036 0.042
0 0.259 0.429 0.038 0.05
0 0.084 0.369 0.028 0.05
0 0.011 0.277 0.018 0.038
0 0.038 0.408 0.044 0.036
0 0.024 0.401 0.032 0.054
0 0.011 0.43 0.018 0.06
0 0.095 0.523 0.038 0.046
0 0.109 0.579 0.034 0.066
0 0.165 0.576 0.03 0.036
0 0.17 0.594 0.024 0.024
0 0.128 0.695 0.036 0.058
0 0.097 0.771 0.026 0.046
0 0.167 0.757 0.034 0.042
0 0.127 0.812 0.03 0.04
0 0.065 0.776 0.022 0.036
0 0.01 0.85 0.016 0.032
0 0.235 0.671 0.03 0.03
0 0.241 0.683 0.042 0.038
0 0.236 0.711 0.032 0.026
0 0.233 0.727 0.046 0.018
0 0.228 0.746 0.04 0.028
0 0.41 0.752 0.036 0.048
0 0.463 0.735 0.042 0.05
0 0.355 0.788 0.046 0.064
0 0.329 0.795 0.03 0.03
0 0.302 0.814 0.04 0.028
0 0.31 0.846 0.032 0.036
0 0.316 0.868 0.024 0.032
0 0.333 0.881 0.03 0.034
0 0.258 0.891 0.036 0.058
0 0.313 0.965 0.026 0.054
0 0.369 0.921 0.03 0.042
0 0.355 0.982 0.026 0.024
0 0.395 0.981 0.03 0.034
0 0.24 0.985 0.04 0.026
0 0.182 0.96 0.032 0.032
0 0.195 0.934 0.042 0.04
0 0.104 0.967 0.032 0.034
0 0.085 0.93 0.026 0.04
0 0.083 0.951 0.03 0.03
0 0.058 0.942 0.028 0.036
0 0.048 0.975 0.024 0.038
0 0.016 0.896 0.028 0.036
0 0.121 0.876 0.03 0.028
0 0.134 0.907 0.044 0.026
0 0.432 0.892 0.044 0.06
0 0.464 0.842 0.04 0.048
0 0.489 0.895 0.034 0.058
0 0.612 0.862 0.044 0.044
0 0.567 0.819 0.038 0.042
0 0.575 0.792 0.026 0.036
0 0.616 0.761 0.032 0.038
0 0.652 0.819 0.044 0.05
0 0.69 0.831 0.032 0.046
0 0.732 0.816 0.036 0.052
0 0.723 0.768 0.038 0.04
0 0.69 0.763 0.024 0.018
0 0.666 0.761 0.028 0.034
0 0.621 0.694 0.038 0.04
0 0.623 0.669 0.026 0.026
0 0.513 0.622 0.026 0.032
0 0.523 0.642 0.034 0.036
0 0.66 0.559 0.024 0.026
0 0.649 0.575 0.034 0.034
0 0.829 0.845 0.042 0.046
0 0.831 0.945 0.034 0.046
0 0.859 0.913 0.034 0.038
0 0.865 0.883 0.022 0.018
0 0.873 0.853 0.034 0.046
0 0.556 0.94 0.04 0.052
0 0.71 0.906 0.02 0.036
0 0.71 0.918 0.028 0.032
0 0.614 0.979 0.036 0.038
0 0.653 0.986 0.038 0.024
0 0.704 0.97 0.036 0.036
0 0.882 0.976 0.04 0.044
0 0.957 0.969 0.03 0.026
0 0.959 0.954 0.042 0.02
0 0.944 0.931 0.02 0.022
0 0.952 0.913 0.036 0.034
0 0.967 0.895 0.034 0.042
0 0.043 0.598 0.042 0.048
0 0.075 0.621 0.038 0.046
0 0.197 0.595 0.03 0.038
0 0.019 0.521 0.034 0.062
0 0.163 0.019 0.038 0.034
0 0.295 0.675 0.042 0.054
0 0.488 0.061 0.06 0.054
0 0.437 0.12 0.042 0.032
0 0.082 0.066 0.036 0.048
0 0.564 0.352 0.028 0.068
0 0.527 0.351 0.034 0.062
0 0.657 0.443 0.038 0.058
0 0.479 0.648 0.038 0.068
0 0.518 0.912 0.04 0.044
0 0.963 0.27 0.042 0.044
0 0.297 0.085 0.022 0.042
0 0.792 0.363 0.04 0.05
0 0.421 0.276 0.034 0.048
0 0.619 0.179 0.03 0.034
0 0.593 0.39 0.014 0.02
0 0.319 0.396 0.034 0.048
0 0.012 0.14 0.02 0.056
0 0.096 0.24 0.032 0.032
0 0.953 0.367 0.026 0.038
0 0.272 0.514 0.032 0.044
0 0.064 0.648 0.02 0.016
0 0.047 0.518 0.026 0.036
0 0.552 0.538 0.024 0.036
0 0.439 0.751 0.022 0.042
0 0.782 0.856 0.028 0.044
0 0.433 0.976 0.042 0.044
0 0.551 0.973 0.026 0.022
1 0.03 0.215 0.024 0.03
1 0.537 0.147 0.022 0.03
1 0.891 0.577 0.022 0.018
1 0.594 0.415 0.02 0.018
1 0.37 0.888 0.016 0.028
1 0.936 0.042 0.02 0.032
1 0.139 0.184 0.026 0.016
1 0.274 0.104 0.028 0.024
1 0.178 0.802 0.02 0.028
1 0.055 0.833 0.022 0.022
1 0.131 0.929 0.018 0.022
1 0.179 0.821 0.022 0.022
1 0.171 0.837 0.018 0.022
1 0.262 0.767 0.02 0.03
1 0.524 0.945 0.024 0.022
1 0.458 0.934 0.016 0.024
1 0.138 0.637 0.024 0.022
1 0.578 0.08 0.024 0.028
1 0.31 0.122 0.024 0.024
1 0.152 0.112 0.028 0.024
1 0.084 0.106 0.016 0.028
1 0.32 0.224 0.02 0.028
1 0.624 0.203 0.04 0.022
1 0.479 0.299 0.022 0.022
1 0.736 0.126 0.016 0.016
1 0.439 0.556 0.03 0.016
1 0.346 0.561 0.016 0.014
1 0.338 0.55 0.008 0.012
1 0.088 0.012 0.02 0.024
1 0.006 0.047 0.008 0.01
1 0.22 0.301 0.02 0.022
1 0.147 0.348 0.014 0.036
1 0.603 0.909 0.026 0.03
1 0.578 0.92 0.024 0.024
1 0.554 0.899 0.016 0.022
1 0.511 0.814 0.018 0.036
1 0.485 0.806 0.01 0.016
1 0.923 0.161 0.018 0.018
1 0.891 0.45 0.018 0.028
1 0.381 0.327 0.026 0.038
1 0.304 0.327 0.032 0.026
1 0.291 0.359 0.026 0.026
1 0.397 0.852 0.022 0.028
1 0.375 0.736 0.026 0.036
1 0.332 0.734 0.02 0.024
1 0.311 0.722 0.022 0.032
1 0.392 0.235 0.012 0.018
1 0.335 0.267 0.018 0.018
1 0.874 0.248 0.024 0.024
1 0.852 0.261 0.016 0.014
1 0.229 0.613 0.022 0.03
1 0.01 0.645 0.016 0.046
1 0.068 0.725 0.024 0.038
1 0.063 0.474 0.018 0.024
1 0.017 0.563 0.014 0.018
1 0.926 0.58 0.02 0.02
1 0.949 0.535 0.022 0.026
1 0.986 0.509 0.024 0.026
1 0.954 0.69 0.024 0.028
1 0.98 0.633 0.024 0.03
1 0.855 0.744 0.022 0.028
1 0.794 0.725 0.028 0.03
1 0.768 0.726 0.024 0.02
1 0.57 0.718 0.016 0.016
1 0.475 0.986 0.026 0.024
1 0.498 0.987 0.024 0.022
2 0.283 0.231 0.03 0.046
2 0.831 0.098 0.042 0.028
2 0.452 0.602 0.036 0.036
2 0.184 0.075 0.024 0.03
2 0.157 0.059 0.022 0.018
2 0.132 0.068 0.028 0.028
2 0.901 0.916 0.026 0.028
2 0.488 0.221 0.024 0.022
2 0.468 0.193 0.024 0.022
2 0.75 0.015 0.032 0.026
2 0.621 0.378 0.018 0.028
2 0.517 0.423 0.026 0.054
2 0.39 0.444 0.028 0.02
2 0.14 0.601 0.02 0.03
2 0.126 0.618 0.02 0.012
2 0.823 0.524 0.022 0.044
2 0.22 0.503 0.02 0.022
2 0.169 0.534 0.018 0.016
2 0.718 0.719 0.024 0.026
2 0.15 0.986 0.024 0.024
2 0.754 0.967 0.024 0.034
2 0.808 0.951 0.016 0.018
2 0.278 0.927 0.028 0.038
2 0.282 0.964 0.02 0.028