0 0.045 0.874 0.034 0.052
0 0.08 0.819 0.036 0.038
0 0.131 0.98 0.026 0.036
0 0.153 0.872 0.026 0.04
0 0.197 0.86 0.038 0.044
0 0.214 0.996 0.02 0.004
0 0.325 0.99 0.03 0.016
0 0.344 0.985 0.032 0.026
0 0.374 0.937 0.024 0.038
0 0.415 0.949 0.034 0.038
0 0.491 0.981 0.03 0.034
0 0.546 0.978 0.048 0.04
0 0.922 0.988 0.048 0.02
0 0.021 0.7 0.038 0.064
0 0.192 0.732 0.044 0.048
0 0.223 0.706 0.042 0.072
0 0.166 0.599 0.036 0.058
0 0.1 0.609 0.04 0.062
0 0.047 0.6 0.034 0.04
0 0.235 0.633 0.038 0.054
0 0.012 0.498 0.024 0.044
0 0.031 0.395 0.042 0.034
0 0.131 0.436 0.07 0.08
0 0.154 0.499 0.04 0.05
0 0.2 0.536 0.044 0.048
0 0.259 0.518 0.034 0.032
0 0.282 0.543 0.032 0.05
0 0.343 0.557 0.038 0.054
0 0.389 0.555 0.03 0.054
0 0.436 0.553 0.02 0.05
0 0.455 0.558 0.022 0.04
0 0.127 0.26 0.042 0.04
0 0.084 0.172 0.036 0.036
0 0.01 0.23 0.012 0.044
0 0.159 0.012 0.038 0.02
0 0.201 0.008 0.038 0.012
0 0.209 0.048 0.03 0.052
0 0.25 0.049 0.044 0.046
0 0.234 0.116 0.044 0.06
0 0.341 0.012 0.034 0.02
0 0.362 0.03 0.032 0.04
0 0.534 0.016 0.044 0.028
0 0.924 0.016 0.04 0.028
0 0.834 0.016 0.024 0.028
0 0.808 0.04 0.06 0.06
0 0.977 0.085 0.03 0.05
0 0.925 0.092 0.038 0.064
0 0.844 0.151 0.04 0.058
0 0.699 0.1 0.038 0.068
0 0.589 0.115 0.034 0.046
0 0.608 0.045 0.044 0.046
0 0.405 0.109 0.026 0.046
0 0.453 0.07 0.018 0.032
0 0.482 0.084 0.032 0.06
0 0.482 0.179 0.028 0.022
0 0.489 0.209 0.038 0.026
0 0.989 0.303 0.018 0.042
0 0.98 0.393 0.036 0.066
0 0.797 0.427 0.038 0.062
0 0.823 0.463 0.03 0.038
0 0.813 0.235 0.05 0.054
0 0.617 0.333 0.038 0.054
0 0.647 0.345 0.03 0.05
0 0.559 0.33 0.034 0.04
0 0.52 0.261 0.032 0.038
0 0.454 0.267 0.036 0.054
0 0.396 0.289 0.032 0.05
0 0.208 0.325 0.032 0.034
0 0.293 0.378 0.05 0.068
0 0.368 0.392 0.048 0.092
0 0.423 0.405 0.038 0.038
0 0.481 0.395 0.046 0.066
0 0.451 0.454 0.042 0.068
0 0.502 0.443 0.032 0.042
0 0.347 0.279 0.01 0.01
0 0.942 0.482 0.032 0.04
0 0.869 0.535 0.034 0.05
0 0.901 0.632 0.03 0.028
0 0.853 0.609 0.042 0.054
0 0.816 0.517 0.044 0.054
0 0.733 0.497 0.03 0.034
0 0.741 0.544 0.034 0.056
0 0.667 0.554 0.034 0.056
0 0.604 0.521 0.036 0.042
0 0.531 0.609 0.046 0.038
0 0.493 0.682 0.034 0.048
0 0.529 0.666 0.038 0.036
0 0.399 0.718 0.038 0.056
0 0.335 0.653 0.034 0.054
0 0.433 0.822 0.05 0.044
0 0.541 0.846 0.042 0.04
0 0.542 0.905 0.024 0.058
0 0.595 0.843 0.042 0.05
0 0.631 0.878 0.026 0.036
0 0.692 0.926 0.024 0.036
0 0.748 0.994 0.032 0.008
0 0.75 0.959 0.032 0.054
0 0.732 0.924 0.032 0.032
0 0.763 0.605 0.034 0.054
0 0.74 0.656 0.052 0.056
0 0.7 0.687 0.044 0.058
0 0.786 0.723 0.032 0.046
0 0.634 0.655 0.036 0.046
0 0.638 0.795 0.036 0.058
0 0.695 0.839 0.042 0.058
0 0.736 0.851 0.028 0.03
0 0.81 0.878 0.032 0.04
0 0.83 0.901 0.024 0.046
0 0.9 0.905 0.044 0.042
0 0.936 0.855 0.028 0.034
0 0.913 0.813 0.034 0.086
0 0.958 0.778 0.036 0.064
0 0.976 0.716 0.024 0.028
0 0.551 0.72 0.014 0.036
0 0.857 0.74 0.038 0.06
0 0.18 0.906 0.02 0.036
0 0.945 0.619 0.034 0.058
0 0.946 0.686 0.028 0.048
0 0.179 0.967 0.042 0.062
0 0.989 0.794 0.018 0.052
0 0.587 0.449 0.026 0.034
0 0.168 0.831 0.024 0.034
0 0.536 0.679 0.04 0.058
0 0.534 0.63 0.036 0.02
0 0.815 0.643 0.034 0.074
0 0.853 0.4 0.026 0.072
1 0.904 0.584 0.016 0.02
1 0.046 0.833 0.02 0.022
1 0.028 0.982 0.02 0.02
1 0.16 0.815 0.012 0.01
1 0.277 0.967 0.018 0.022
1 0.339 0.93 0.018 0.028
1 0.01 0.66 0.02 0.02
1 0.132 0.701 0.024 0.022
1 0.197 0.488 0.034 0.02
1 0.258 0.578 0.016 0.02
1 0.295 0.581 0.022 0.022
1 0.295 0.609 0.014 0.018
1 0.394 0.52 0.012 0.02
1 0.43 0.496 0.024 0.024
1 0.074 0.362 0.012 0.016
1 0.07 0.342 0.02 0.028
1 0.043 0.273 0.014 0.03
1 0.063 0.261 0.03 0.026
1 0.089 0.218 0.014 0.04
1 0.106 0.145 0.012 0.018
1 0.085 0.12 0.01 0.028
1 0.024 0.155 0.028 0.022
1 0.069 0.041 0.014 0.054
1 0.064 0.004 0.012 0.004
1 0.183 0.031 0.01 0.01
1 0.183 0.111 0.014 0.042
1 0.46 0.007 0.024 0.01
1 0.588 0.061 0.02 0.026
1 0.726 0.04 0.016 0.016
1 0.742 0.055 0.016 0.018
1 0.506 0.139 0.032 0.03
1 0.531 0.196 0.022 0.02
1 0.417 0.212 0.018 0.02
1 0.883 0.413 0.034 0.022
1 0.786 0.217 0.016 0.022
1 0.556 0.277 0.02 0.018
1 0.28 0.256 0.04 0.024
1 0.365 0.24 0.014 0.012
1 0.382 0.236 0.012 0.016
1 0.285 0.337 0.018 0.026
1 0.5 0.36 0.02 0.024
1 0.83 0.267 0.024 0.014
1 0.879 0.451 0.01 0.014
1 0.921 0.543 0.022 0.034
1 0.732 0.476 0.016 0.012
1 0.405 0.641 0.014 0.01
1 0.389 0.779 0.018 0.022
1 0.285 0.805 0.018 0.022
1 0.618 0.956 0.016 0.024
1 0.718 0.954 0.012 0.02
1 0.784 0.677 0.016 0.03
1 0.704 0.753 0.02 0.026
1 0.633 0.724 0.022 0.036
1 0.539 0.728 0.01 0.02
1 0.603 0.798 0.018 0.024
1 0.937 0.958 0.018 0.02
1 0.829 0.799 0.006 0.014
1 0.23 0.239 0.016 0.018
1 0.041 0.232 0.03 0.02
1 0.027 0.218 0.018 0.024
1 0.045 0.204 0.026 0.02
1 0.004 0.905 0.008 0.026
1 0.009 0.886 0.018 0.02
1 0.123 0.937 0.022 0.03
1 0.992 0.826 0.012 0.02
1 0.836 0.1 0.04 0.044
1 0.619 0.249 0.022 0.018
1 0.01 0.113 0.02 0.046
1 0.031 0.128 0.018 0.04
1 0.024 0.324 0.016 0.032
1 0.608 0.462 0.012 0.012
1 0.613 0.444 0.018 0.012
1 0.606 0.734 0.016 0.04
1 0.973 0.475 0.014 0.034
1 0.803 0.383 0.01 0.022
1 0.789 0.385 0.006 0.018
1 0.786 0.363 0.012 0.018
1 0.556 0.609 0.004 0.014
2 0.172 0.086 0.02 0.02
2 0.562 0.227 0.012 0.014
2 0.626 0.923 0.024 0.022
2 0.818 0.66 0.024 0.04
2 0.768 0.686 0.016 0.028
2 0.87 0.821 0.02 0.034
2 0.934 0.819 0.012 0.014
2 0.217 0.283 0.022 0.022
2 0.296 0.77 0.032 0.028
2 0.522 0.839 0.032 0.05
2 0.934 0.137 0.008 0.022
2 0.244 0.991 0.02 0.014
2 0.242 0.969 0.016 0.026
2 0.222 0.975 0.008 0.006
2 0.307 0.941 0.026 0.022
2 0.016 0.907 0.016 0.018
2 0.047 0.306 0.034 0.036
2 0.611 0.706 0.026 0.012
2 0.985 0.918 0.01 0.016
2 0.909 0.868 0.006 0.024