0 0.343 0.734 0.046 0.076
0 0.357 0.614 0.05 0.064
0 0.392 0.644 0.04 0.048
0 0.487 0.617 0.046 0.062
0 0.152 0.392 0.056 0.064
0 0.225 0.363 0.038 0.046
0 0.402 0.791 0.044 0.054
0 0.098 0.77 0.052 0.068
0 0.153 0.775 0.062 0.058
0 0.163 0.874 0.054 0.06
0 0.215 0.883 0.05 0.042
0 0.27 0.899 0.048 0.046
0 0.19 0.503 0.044 0.046
0 0.226 0.532 0.052 0.032
0 0.252 0.597 0.048 0.058
0 0.293 0.594 0.046 0.06
0 0.069 0.909 0.046 0.046
0 0.271 0.956 0.066 0.068
0 0.363 0.898 0.046 0.076
0 0.462 0.939 0.048 0.046
0 0.546 0.955 0.056 0.062
0 0.538 0.936 0.044 0.056
0 0.356 0.847 0.036 0.03
0 0.213 0.815 0.042 0.05
0 0.165 0.831 0.034 0.034
0 0.116 0.896 0.036 0.028
0 0.201 0.932 0.034 0.024
0 0.426 0.86 0.048 0.06
0 0.448 0.752 0.028 0.06
0 0.529 0.752 0.046 0.068
0 0.608 0.846 0.06 0.04
0 0.631 0.893 0.022 0.042
0 0.678 0.895 0.044 0.074
0 0.253 0.807 0.062 0.078
0 0.164 0.69 0.052 0.048
0 0.045 0.505 0.038 0.042
0 0.09 0.521 0.044 0.054
0 0.166 0.47 0.064 0.084
0 0.252 0.478 0.06 0.072
0 0.254 0.402 0.064 0.072
0 0.344 0.508 0.048 0.056
0 0.808 0.821 0.044 0.042
0 0.86 0.833 0.036 0.042
0 0.866 0.797 0.044 0.046
0 0.88 0.752 0.032 0.04
0 0.935 0.814 0.042 0.068
0 0.954 0.828 0.044 0.064
0 0.979 0.866 0.038 0.06
0 0.83 0.698 0.048 0.076
0 0.702 0.806 0.048 0.064
0 0.6 0.97 0.036 0.052
0 0.673 0.966 0.038 0.064
0 0.713 0.957 0.054 0.062
0 0.862 0.709 0.028 0.054
0 0.893 0.702 0.034 0.052
0 0.716 0.478 0.048 0.072
0 0.753 0.452 0.05 0.092
0 0.785 0.453 0.03 0.05
0 0.643 0.709 0.058 0.074
0 0.606 0.754 0.064 0.08
0 0.181 0.918 0.03 0.028
0 0.218 0.919 0.04 0.03
0 0.079 0.804 0.038 0.024
0 0.422 0.557 0.052 0.07
0 0.397 0.538 0.066 0.064
0 0.589 0.645 0.054 0.078
0 0.664 0.595 0.052 0.078
0 0.67 0.65 0.028 0.044
0 0.624 0.518 0.04 0.06
0 0.764 0.539 0.056 0.078
0 0.829 0.524 0.042 0.048
0 0.831 0.575 0.034 0.046
0 0.911 0.548 0.05 0.076
0 0.852 0.626 0.048 0.06
0 0.719 0.709 0.042 0.05
0 0.748 0.696 0.028 0.048
0 0.736 0.671 0.024 0.018
0 0.976 0.523 0.044 0.086
0 0.922 0.484 0.036 0.044
0 0.366 0.37 0.056 0.06
0 0.352 0.343 0.044 0.05
0 0.034 0.431 0.06 0.062
0 0.091 0.338 0.042 0.048
0 0.111 0.341 0.042 0.046
0 0.064 0.302 0.04 0.044
0 0.143 0.278 0.062 0.06
0 0.058 0.146 0.064 0.076
0 0.113 0.146 0.026 0.036
0 0.254 0.227 0.048 0.05
0 0.219 0.308 0.034 0.048
0 0.261 0.284 0.046 0.052
0 0.282 0.327 0.032 0.034
0 0.299 0.346 0.018 0.032
0 0.72 0.507 0.024 0.022
0 0.756 0.123 0.048 0.074
0 0.82 0.114 0.04 0.052
0 0.789 0.054 0.046 0.06
0 0.85 0.066 0.024 0.036
0 0.966 0.115 0.048 0.09
0 0.89 0.161 0.028 0.062
0 0.921 0.158 0.03 0.048
0 0.932 0.184 0.024 0.04
0 0.969 0.208 0.042 0.064
0 0.962 0.249 0.032 0.026
0 0.894 0.088 0.036 0.044
0 0.905 0.059 0.026 0.03
0 0.923 0.035 0.03 0.03
0 0.626 0.087 0.044 0.058
0 0.697 0.038 0.058 0.056
0 0.756 0.015 0.044 0.026
0 0.439 0.138 0.042 0.068
0 0.497 0.132 0.042 0.08
0 0.531 0.12 0.026 0.04
0 0.54 0.074 0.032 0.032
0 0.505 0.03 0.05 0.056
0 0.563 0.021 0.042 0.038
0 0.478 0.023 0.044 0.042
0 0.207 0.164 0.074 0.088
0 0.297 0.084 0.046 0.056
0 0.277 0.053 0.042 0.062
0 0.222 0.025 0.04 0.046
0 0.34 0.154 0.06 0.072
0 0.219 0.097 0.038 0.046
0 0.339 0.274 0.046 0.06
0 0.324 0.296 0.032 0.04
0 0.456 0.22 0.044 0.048
0 0.49 0.236 0.028 0.036
0 0.527 0.259 0.038 0.078
0 0.579 0.246 0.05 0.06
0 0.537 0.335 0.042 0.042
0 0.642 0.194 0.04 0.072
0 0.696 0.221 0.044 0.066
0 0.766 0.215 0.04 0.058
0 0.683 0.383 0.026 0.034
0 0.698 0.428 0.048 0.068
0 0.704 0.341 0.048 0.046
0 0.698 0.303 0.048 0.042
0 0.723 0.285 0.042 0.034
0 0.844 0.358 0.028 0.036
0 0.844 0.272 0.036 0.032
0 0.856 0.213 0.04 0.066
0 0.542 0.366 0.036 0.032
0 0.422 0.317 0.06 0.078
0 0.422 0.365 0.032 0.038
0 0.611 0.222 0.018 0.052
1 0.185 0.406 0.03 0.028
1 0.35 0.556 0.024 0.02
1 0.123 0.912 0.022 0.02
1 0.035 0.969 0.018 0.026
1 0.304 0.975 0.02 0.014
1 0.511 0.985 0.03 0.026
1 0.301 0.85 0.018 0.02
1 0.414 0.892 0.02 0.016
1 0.4 0.889 0.008 0.014
1 0.476 0.749 0.02 0.034
1 0.553 0.818 0.018 0.016
1 0.558 0.809 0.02 0.014
1 0.179 0.66 0.034 0.024
1 0.255 0.643 0.022 0.026
1 0.082 0.482 0.02 0.032
1 0.051 0.713 0.022 0.038
1 0.078 0.662 0.024 0.024
1 0.203 0.725 0.034 0.034
1 0.134 0.553 0.036 0.03
1 0.203 0.567 0.018 0.018
1 0.301 0.732 0.018 0.02
1 0.724 0.886 0.016 0.028
1 0.751 0.904 0.018 0.024
1 0.613 0.929 0.018 0.022
1 0.839 0.435 0.034 0.026
1 0.853 0.454 0.018 0.02
1 0.862 0.465 0.028 0.026
1 0.783 0.948 0.018 0.024
1 0.88 0.914 0.016 0.024
1 0.903 0.902 0.022 0.02
1 0.909 0.925 0.014 0.018
1 0.103 0.822 0.018 0.02
1 0.428 0.499 0.024 0.03
1 0.402 0.468 0.02 0.044
1 0.409 0.44 0.01 0.02
1 0.456 0.673 0.024 0.034
1 0.44 0.652 0.024 0.02
1 0.483 0.571 0.026 0.022
1 0.539 0.573 0.022 0.026
1 0.581 0.581 0.022 0.03
1 0.935 0.628 0.018 0.024
1 0.949 0.606 0.018 0.024
1 0.812 0.771 0.024 0.034
1 0.776 0.666 0.024 0.024
1 0.772 0.695 0.02 0.022
1 0.02 0.303 0.024 0.03
1 0.032 0.338 0.012 0.016
1 0.044 0.351 0.008 0.01
1 0.053 0.343 0.01 0.01
1 0.266 0.313 0.02 0.022
1 0.728 0.055 0.024 0.026
1 0.411 0.029 0.034 0.026
1 0.341 0.026 0.014 0.04
1 0.287 0.16 0.01 0.044
1 0.213 0.066 0.03 0.02
1 0.034 0.266 0.028 0.036
1 0.05 0.27 0.02 0.028
1 0.295 0.233 0.022 0.022
1 0.392 0.268 0.016 0.024
1 0.407 0.274 0.014 0.02
1 0.382 0.222 0.036 0.024
1 0.573 0.314 0.018 0.024
1 0.602 0.282 0.028 0.04
1 0.573 0.169 0.03 0.03
1 0.585 0.196 0.022 0.024
1 0.587 0.408 0.018 0.032
1 0.605 0.397 0.018 0.038
1 0.627 0.427 0.03 0.026
1 0.742 0.302 0.016 0.016
1 0.908 0.386 0.032 0.02
1 0.943 0.323 0.022 0.03
1 0.443 0.347 0.014 0.022
1 0.396 0.354 0.024 0.024
1 0.476 0.483 0.024 0.03
1 0.143 0.098 0.026 0.024
1 0.379 0.105 0.022 0.022
1 0.819 0.804 0.018 0.016
1 0.208 0.4 0.016 0.024
1 0.203 0.37 0.01 0.024
2 0.362 0.441 0.032 0.026
2 0.816 0.312 0.02 0.016
2 0.971 0.685 0.018 0.046
2 0.704 0.178 0.032 0.028
2 0.651 0.275 0.018 0.018
2 0.586 0.896 0.028 0.024