0 0.065 0.032 0.03 0.048
0 0.116 0.012 0.048 0.024
0 0.123 0.048 0.03 0.036
0 0.271 0.016 0.038 0.032
0 0.363 0.005 0.03 0.01
0 0.485 0.011 0.034 0.022
0 0.521 0.013 0.042 0.026
0 0.995 0.012 0.006 0.024
0 0.991 0.042 0.014 0.032
0 0.96 0.04 0.02 0.04
0 0.996 0.084 0.004 0.028
0 0.883 0.041 0.022 0.022
0 0.877 0.066 0.05 0.032
0 0.869 0.102 0.042 0.036
0 0.895 0.132 0.034 0.052
0 0.815 0.146 0.038 0.04
0 0.964 0.226 0.036 0.068
0 0.92 0.229 0.036 0.026
0 0.882 0.291 0.044 0.05
0 0.863 0.21 0.046 0.052
0 0.126 0.111 0.04 0.066
0 0.089 0.146 0.026 0.024
0 0.097 0.169 0.038 0.046
0 0.153 0.202 0.026 0.048
0 0.046 0.229 0.044 0.054
0 0.07 0.305 0.036 0.038
0 0.096 0.357 0.044 0.062
0 0.004 0.352 0.008 0.068
0 0.221 0.283 0.038 0.046
0 0.196 0.23 0.032 0.032
0 0.232 0.192 0.052 0.052
0 0.236 0.154 0.044 0.04
0 0.221 0.131 0.05 0.05
0 0.028 0.963 0.044 0.046
0 0.055 0.987 0.046 0.022
0 0.093 0.971 0.042 0.054
0 0.141 0.979 0.042 0.038
0 0.157 0.954 0.03 0.056
0 0.196 0.884 0.044 0.06
0 0.086 0.818 0.036 0.04
0 0.059 0.896 0.034 0.048
0 0.013 0.819 0.026 0.054
0 0.021 0.503 0.042 0.046
0 0.019 0.467 0.038 0.03
0 0.008 0.593 0.016 0.038
0 0.035 0.615 0.05 0.038
0 0.945 0.949 0.054 0.046
0 0.912 0.975 0.04 0.046
0 0.825 0.977 0.046 0.042
0 0.946 0.862 0.016 0.024
0 0.924 0.863 0.016 0.022
0 0.889 0.884 0.042 0.048
0 0.85 0.877 0.028 0.038
0 0.822 0.886 0.02 0.024
0 0.795 0.89 0.038 0.052
0 0.75 0.954 0.036 0.044
0 0.679 0.973 0.038 0.05
0 0.521 0.981 0.034 0.034
0 0.493 0.974 0.014 0.024
0 0.461 0.966 0.054 0.028
0 0.36 0.985 0.044 0.026
0 0.419 0.95 0.034 0.048
0 0.303 0.936 0.05 0.064
0 0.259 0.914 0.038 0.048
0 0.344 0.822 0.048 0.064
0 0.432 0.879 0.048 0.054
0 0.519 0.862 0.058 0.056
0 0.59 0.923 0.056 0.078
0 0.589 0.855 0.058 0.086
0 0.691 0.843 0.034 0.042
0 0.713 0.834 0.034 0.028
0 0.749 0.84 0.026 0.048
0 0.153 0.755 0.026 0.042
0 0.177 0.764 0.018 0.024
0 0.19 0.738 0.036 0.04
0 0.206 0.759 0.032 0.062
0 0.236 0.72 0.032 0.036
0 0.18 0.627 0.056 0.058
0 0.289 0.612 0.034 0.04
0 0.212 0.556 0.06 0.068
0 0.178 0.559 0.056 0.054
0 0.241 0.428 0.038 0.044
0 0.25 0.405 0.028 0.018
0 0.188 0.435 0.056 0.074
0 0.903 0.721 0.03 0.062
0 0.991 0.71 0.014 0.04
0 0.8 0.697 0.06 0.122
0 0.697 0.751 0.042 0.05
0 0.669 0.728 0.026 0.04
0 0.717 0.687 0.034 0.05
0 0.753 0.589 0.03 0.03
0 0.743 0.603 0.038 0.038
0 0.734 0.567 0.04 0.034
0 0.766 0.551 0.032 0.022
0 0.374 0.671 0.06 0.082
0 0.453 0.592 0.046 0.06
0 0.461 0.621 0.058 0.066
0 0.385 0.521 0.034 0.046
0 0.482 0.815 0.036 0.062
0 0.454 0.756 0.032 0.028
0 0.515 0.722 0.054 0.076
0 0.529 0.684 0.03 0.032
0 0.533 0.645 0.034 0.05
0 0.581 0.683 0.026 0.034
0 0.632 0.694 0.04 0.056
0 0.661 0.666 0.022 0.036
0 0.878 0.619 0.032 0.038
0 0.955 0.573 0.022 0.042
0 0.877 0.516 0.038 0.036
0 0.818 0.517 0.028 0.058
0 0.893 0.472 0.058 0.092
0 0.956 0.463 0.036 0.058
0 0.978 0.419 0.036 0.038
0 0.826 0.353 0.044 0.05
0 0.83 0.423 0.076 0.074
0 0.76 0.456 0.04 0.044
0 0.533 0.581 0.026 0.042
0 0.564 0.536 0.056 0.08
0 0.587 0.517 0.046 0.054
0 0.522 0.452 0.04 0.056
0 0.437 0.441 0.066 0.078
0 0.521 0.41 0.03 0.028
0 0.525 0.385 0.038 0.026
0 0.405 0.376 0.03 0.036
0 0.396 0.328 0.04 0.044
0 0.428 0.279 0.048 0.054
0 0.323 0.3 0.038 0.06
0 0.385 0.194 0.03 0.06
0 0.36 0.202 0.036 0.048
0 0.313 0.236 0.05 0.052
0 0.312 0.192 0.036 0.052
0 0.431 0.136 0.05 0.044
0 0.368 0.098 0.072 0.06
0 0.496 0.084 0.06 0.076
0 0.57 0.103 0.044 0.062
0 0.63 0.133 0.048 0.066
0 0.697 0.102 0.038 0.064
0 0.643 0.054 0.03 0.028
0 0.575 0.283 0.058 0.066
0 0.775 0.207 0.05 0.058
0 0.634 0.339 0.036 0.026
0 0.632 0.306 0.028 0.032
0 0.69 0.326 0.024 0.044
0 0.72 0.318 0.028 0.044
0 0.672 0.394 0.056 0.076
0 0.728 0.405 0.06 0.082
0 0.76 0.332 0.06 0.104
1 0.044 0.017 0.016 0.014
1 0.034 0.03 0.012 0.012
1 0.227 0.041 0.03 0.018
1 0.651 0.006 0.042 0.012
1 0.708 0.019 0.028 0.018
1 0.821 0.006 0.03 0.012
1 0.923 0.004 0.014 0.008
1 0.949 0.114 0.026 0.028
1 0.863 0.031 0.014 0.006
1 0.854 0.158 0.028 0.024
1 0.992 0.265 0.012 0.026
1 0.13 0.178 0.02 0.028
1 0.088 0.255 0.028 0.018
1 0.033 0.268 0.03 0.02
1 0.196 0.348 0.032 0.032
1 0.213 0.104 0.022 0.024
1 0.147 0.929 0.01 0.014
1 0.208 0.97 0.02 0.02
1 0.195 0.926 0.03 0.032
1 0.173 0.916 0.006 0.008
1 0.151 0.847 0.018 0.018
1 0.145 0.864 0.01 0.02
1 0.136 0.863 0.012 0.022
1 0.062 0.848 0.02 0.024
1 0.006 0.863 0.012 0.022
1 0.107 0.509 0.042 0.022
1 0.1 0.53 0.044 0.024
1 0.069 0.564 0.026 0.016
1 0.034 0.548 0.024 0.024
1 0.018 0.577 0.02 0.022
1 0.041 0.647 0.026 0.014
1 0.019 0.681 0.018 0.022
1 0.921 0.921 0.014 0.014
1 0.95 0.897 0.012 0.01
1 0.707 0.919 0.022 0.034
1 0.653 0.939 0.018 0.018
1 0.636 0.918 0.016 0.016
1 0.436 0.993 0.036 0.01
1 0.376 0.913 0.024 0.022
1 0.374 0.843 0.016 0.026
1 0.501 0.892 0.018 0.016
1 0.503 0.907 0.01 0.01
1 0.739 0.828 0.01 0.012
1 0.749 0.783 0.022 0.022
1 0.776 0.778 0.016 0.024
1 0.203 0.695 0.022 0.022
1 0.163 0.71 0.022 0.02
1 0.228 0.501 0.028 0.022
1 0.279 0.498 0.026 0.02
1 0.275 0.456 0.018 0.02
1 0.26 0.374 0.012 0.028
1 0.126 0.45 0.008 0.012
1 0.851 0.75 0.026 0.06
1 0.866 0.695 0.016 0.026
1 0.759 0.674 0.026 0.024
1 0.744 0.633 0.028 0.022
1 0.271 0.802 0.014 0.024
1 0.307 0.737 0.034 0.014
1 0.424 0.608 0.016 0.024
1 0.396 0.564 0.016 0.02
1 0.334 0.545 0.024 0.022
1 0.519 0.801 0.03 0.014
1 0.596 0.711 0.02 0.026
1 0.838 0.595 0.02 0.03
1 0.935 0.569 0.026 0.014
1 0.992 0.376 0.012 0.024
1 0.964 0.35 0.028 0.028
1 0.955 0.324 0.014 0.008
1 0.822 0.296 0.024 0.024
1 0.738 0.496 0.024 0.02
1 0.67 0.442 0.012 0.024
1 0.624 0.434 0.024 0.016
1 0.434 0.36 0.016 0.02
1 0.457 0.314 0.014 0.02
1 0.43 0.234 0.02 0.036
1 0.351 0.165 0.022 0.018
1 0.439 0.163 0.022 0.014
1 0.447 0.103 0.022 0.026
1 0.605 0.077 0.018 0.022
1 0.65 0.107 0.024 0.038
1 0.644 0.208 0.016 0.032
1 0.622 0.239 0.02 0.014
1 0.599 0.36 0.018 0.024
1 0.785 0.332 0.018 0.02
1 0.919 0.819 0.022 0.018
1 0.767 0.268 0.014 0.02
1 0.255 0.11 0.014 0.016
1 0.137 0.63 0.01 0.024
2 0.098 0.882 0.028 0.04
2 0.493 0.907 0.01 0.03
2 0.508 0.918 0.016 0.016
2 0.514 0.904 0.012 0.012
2 0.238 0.492 0.036 0.028
2 0.745 0.079 0.034 0.03
2 0.763 0.171 0.046 0.066
2 0.943 0.833 0.022 0.026
2 0.921 0.592 0.018 0.024
2 0.91 0.538 0.032 0.02
2 0.855 0.266 0.034 0.028
2 0.536 0.137 0.024 0.038
2 0.282 0.245 0.02 0.058
2 0.09 0.667 0.028 0.034