0 0.086 0.526 0.096 0.092
0 0.351 0.93 0.042 0.052
0 0.306 0.949 0.052 0.05
0 0.453 0.949 0.054 0.05
0 0.52 0.978 0.036 0.04
0 0.578 0.953 0.056 0.05
0 0.032 0.722 0.044 0.076
0 0.116 0.831 0.044 0.034
0 0.794 0.68 0.064 0.06
0 0.853 0.627 0.05 0.046
0 0.873 0.674 0.042 0.052
0 0.905 0.614 0.038 0.052
0 0.953 0.609 0.054 0.046
0 0.98 0.789 0.036 0.054
0 0.852 0.784 0.04 0.048
0 0.044 0.13 0.056 0.04
0 0.035 0.087 0.046 0.03
0 0.016 0.335 0.032 0.046
0 0.011 0.402 0.022 0.032
0 0.032 0.36 0.036 0.032
0 0.013 0.262 0.026 0.048
0 0.152 0.302 0.048 0.044
0 0.116 0.384 0.048 0.04
0 0.196 0.385 0.036 0.034
0 0.165 0.364 0.042 0.032
0 0.311 0.1 0.038 0.044
0 0.353 0.092 0.038 0.048
0 0.294 0.025 0.044 0.03
0 0.383 0.107 0.05 0.034
0 0.436 0.091 0.04 0.05
0 0.454 0.811 0.052 0.054
0 0.462 0.744 0.052 0.052
0 0.233 0.495 0.054 0.082
0 0.263 0.532 0.058 0.04
0 0.243 0.607 0.066 0.054
0 0.442 0.597 0.088 0.054
0 0.726 0.483 0.06 0.07
0 0.876 0.503 0.052 0.054
0 0.807 0.522 0.046 0.06
0 0.968 0.15 0.06 0.052
0 0.798 0.154 0.048 0.072
0 0.907 0.112 0.03 0.048
0 0.873 0.04 0.038 0.032
0 0.888 0.01 0.028 0.016
0 0.941 0.018 0.034 0.032
0 0.984 0.028 0.028 0.052
0 0.902 0.064 0.04 0.032
0 0.978 0.214 0.04 0.056
0 0.847 0.149 0.038 0.042
0 0.194 0.021 0.028 0.038
0 0.511 0.111 0.054 0.058
0 0.4 0.016 0.048 0.028
0 0.45 0.032 0.044 0.028
0 0.593 0.017 0.062 0.03
0 0.726 0.024 0.036 0.044
0 0.34 0.501 0.048 0.042
0 0.355 0.457 0.034 0.03
0 0.596 0.411 0.052 0.046
0 0.678 0.654 0.04 0.044
0 0.447 0.407 0.054 0.046
0 0.467 0.324 0.046 0.056
0 0.414 0.463 0.048 0.066
0 0.607 0.349 0.058 0.042
0 0.873 0.333 0.038 0.054
0 0.667 0.259 0.038 0.046
0 0.71 0.273 0.044 0.05
0 0.735 0.149 0.034 0.046
0 0.553 0.282 0.034 0.04
0 0.497 0.214 0.03 0.028
0 0.753 0.313 0.038 0.042
0 0.941 0.25 0.042 0.04
0 0.981 0.4 0.034 0.052
0 0.578 0.74 0.044 0.052
0 0.609 0.729 0.046 0.042
0 0.688 0.389 0.04 0.03
0 0.753 0.391 0.038 0.03
0 0.818 0.397 0.052 0.03
0 0.518 0.511 0.044 0.034
0 0.176 0.803 0.044 0.046
0 0.222 0.816 0.04 0.04
0 0.364 0.831 0.048 0.046
0 0.283 0.296 0.054 0.052
0 0.242 0.08 0.044 0.024
0 0.661 0.056 0.046 0.044
0 0.606 0.109 0.048 0.042
0 0.627 0.146 0.03 0.036
0 0.814 0.264 0.04 0.044
0 0.866 0.451 0.06 0.042
0 0.829 0.23 0.054 0.032
0 0.855 0.168 0.046 0.04
0 0.388 0.635 0.048 0.042
0 0.629 0.633 0.038 0.034
0 0.683 0.694 0.05 0.044
0 0.709 0.371 0.022 0.042
0 0.725 0.376 0.03 0.036
0 0.42 0.183 0.068 0.038
0 0.445 0.199 0.038 0.038
0 0.193 0.599 0.038 0.054
0 0.17 0.733 0.064 0.062
0 0.024 0.932 0.048 0.056
0 0.531 0.553 0.038 0.034
0 0.513 0.602 0.03 0.036
0 0.496 0.554 0.04 0.048
0 0.028 0.622 0.032 0.032
0 0.59 0.586 0.044 0.036
0 0.207 0.854 0.038 0.036
0 0.988 0.962 0.02 0.036
1 0.103 0.574 0.022 0.028
1 0.128 0.585 0.024 0.026
1 0.278 0.969 0.02 0.034
1 0.848 0.715 0.024 0.022
1 0.944 0.77 0.028 0.032
1 0.881 0.774 0.014 0.028
1 0.929 0.951 0.018 0.022
1 0.913 0.561 0.026 0.026
1 0.943 0.542 0.014 0.012
1 0.988 0.512 0.02 0.028
1 0.977 0.532 0.022 0.02
1 0.082 0.089 0.028 0.01
1 0.087 0.083 0.022 0.014
1 0.12 0.137 0.016 0.026
1 0.015 0.183 0.026 0.022
1 0.097 0.289 0.022 0.03
1 0.09 0.407 0.02 0.022
1 0.174 0.168 0.036 0.024
1 0.162 0.186 0.024 0.02
1 0.121 0.105 0.03 0.034
1 0.418 0.084 0.02 0.04
1 0.749 0.04 0.022 0.016
1 0.913 0.345 0.018 0.034
1 0.905 0.315 0.022 0.03
1 0.602 0.196 0.02 0.02
1 0.734 0.247 0.036 0.026
1 0.326 0.464 0.016 0.032
1 0.262 0.272 0.024 0.032
1 0.285 0.259 0.018 0.026
1 0.297 0.439 0.018 0.026
1 0.385 0.362 0.026 0.024
1 0.471 0.283 0.026 0.03
1 0.485 0.176 0.026 0.024
1 0.673 0.476 0.026 0.024
1 0.739 0.517 0.018 0.014
1 0.512 0.452 0.024 0.02
1 0.521 0.461 0.03 0.022
1 0.685 0.3 0.014 0.02
1 0.84 0.38 0.024 0.028
1 0.636 0.384 0.028 0.02
1 0.711 0.674 0.018 0.02
1 0.722 0.623 0.02 0.034
1 0.552 0.521 0.02 0.014
1 0.099 0.981 0.03 0.018
1 0.154 0.961 0.02 0.022
1 0.271 0.888 0.034 0.02
1 0.154 0.462 0.016 0.02
1 0.16 0.455 0.02 0.03
1 0.367 0.851 0.026 0.014
1 0.214 0.019 0.024 0.03
1 0.245 0.182 0.026 0.02
1 0.308 0.213 0.024 0.022
1 0.297 0.239 0.014 0.014
1 0.634 0.204 0.032 0.028
1 0.578 0.466 0.036 0.032
1 0.26 0.461 0.02 0.022
1 0.426 0.881 0.024 0.034
1 0.444 0.673 0.028 0.026
1 0.504 0.891 0.024 0.022
1 0.524 0.834 0.024 0.02
1 0.295 0.719 0.022 0.026
1 0.349 0.729 0.018 0.018
1 0.277 0.643 0.018 0.038
1 0.8 0.498 0.036 0.024
1 0.913 0.5 0.026 0.024
1 0.447 0.169 0.014 0.022
1 0.924 0.363 0.02 0.014
1 0.616 0.439 0.024 0.014
1 0.531 0.387 0.01 0.018
1 0.52 0.386 0.012 0.02
1 0.161 0.697 0.03 0.026
1 0.179 0.659 0.026 0.034
1 0.309 0.711 0.014 0.018
1 0.333 0.711 0.018 0.018
1 0.327 0.697 0.026 0.018
1 0.077 0.814 0.022 0.02
1 0.121 0.858 0.03 0.024
1 0.401 0.583 0.03 0.038
1 0.612 0.89 0.036 0.036
1 0.707 0.846 0.034 0.032
1 0.741 0.903 0.038 0.038
1 0.876 0.842 0.032 0.028
1 0.919 0.758 0.03 0.028
1 0.903 0.651 0.014 0.018
1 0.583 0.874 0.05 0.028
1 0.589 0.842 0.038 0.028
1 0.56 0.861 0.028 0.022
1 0.467 0.842 0.034 0.02
2 0.119 0.342 0.05 0.036
2 0.702 0.161 0.032 0.05
2 0.779 0.243 0.014 0.022
2 0.751 0.265 0.022 0.026
2 0.502 0.255 0.032 0.026
2 0.737 0.347 0.014 0.014
2 0.483 0.513 0.014 0.018
2 0.234 0.853 0.028 0.014
2 0.608 0.971 0.016 0.018
2 0.228 0.977 0.016 0.022
2 0.195 0.968 0.034 0.036
2 0.343 0.185 0.022 0.022