0 0.98 0.896 0.036 0.036
0 0.953 0.883 0.038 0.038
0 0.85 0.959 0.032 0.05
0 0.795 0.964 0.038 0.048
0 0.636 0.981 0.048 0.034
0 0.708 0.922 0.032 0.032
0 0.644 0.919 0.02 0.038
0 0.859 0.893 0.05 0.038
0 0.82 0.91 0.028 0.028
0 0.946 0.829 0.04 0.038
0 0.968 0.731 0.036 0.042
0 0.941 0.796 0.022 0.028
0 0.906 0.793 0.036 0.03
0 0.808 0.884 0.036 0.028
0 0.827 0.798 0.046 0.04
0 0.985 0.658 0.026 0.044
0 0.98 0.676 0.02 0.016
0 0.991 0.543 0.014 0.046
0 0.93 0.51 0.036 0.04
0 0.953 0.591 0.046 0.038
0 0.919 0.574 0.038 0.036
0 0.92 0.621 0.04 0.034
0 0.875 0.623 0.034 0.034
0 0.898 0.711 0.032 0.022
0 0.847 0.724 0.05 0.06
0 0.799 0.741 0.03 0.038
0 0.726 0.76 0.04 0.036
0 0.736 0.835 0.032 0.034
0 0.98 0.019 0.036 0.034
0 0.938 0.005 0.028 0.006
0 0.796 0.016 0.02 0.02
0 0.831 0.052 0.022 0.016
0 0.857 0.066 0.034 0.032
0 0.842 0.093 0.032 0.022
0 0.74 0.057 0.052 0.042
0 0.567 0.029 0.054 0.054
0 0.381 0.009 0.054 0.014
0 0.35 0.017 0.04 0.026
0 0.337 0.043 0.03 0.022
0 0.222 0.006 0.028 0.008
0 0.233 0.062 0.042 0.036
0 0.306 0.076 0.044 0.048
0 0.013 0.023 0.022 0.038
0 0.065 0.015 0.07 0.026
0 0.096 0.023 0.052 0.034
0 0.106 0.052 0.056 0.04
0 0.054 0.099 0.04 0.05
0 0.117 0.084 0.034 0.028
0 0.089 0.125 0.05 0.034
0 0.116 0.142 0.052 0.032
0 0.146 0.183 0.072 0.042
0 0.183 0.225 0.042 0.042
0 0.008 0.226 0.012 0.036
0 0.026 0.221 0.02 0.034
0 0.013 0.27 0.022 0.028
0 0.005 0.302 0.006 0.028
0 0.116 0.269 0.04 0.034
0 0.091 0.308 0.03 0.032
0 0.215 0.293 0.022 0.034
0 0.274 0.245 0.032 0.026
0 0.334 0.123 0.044 0.038
0 0.359 0.159 0.054 0.046
0 0.446 0.104 0.048 0.044
0 0.465 0.129 0.03 0.026
0 0.538 0.132 0.04 0.028
0 0.527 0.154 0.03 0.016
0 0.58 0.14 0.044 0.028
0 0.683 0.12 0.046 0.028
0 0.696 0.167 0.04 0.038
0 0.817 0.15 0.054 0.024
0 0.851 0.196 0.038 0.028
0 0.966 0.205 0.048 0.038
0 0.985 0.235 0.026 0.034
0 0.989 0.264 0.018 0.036
0 0.952 0.33 0.04 0.032
0 0.969 0.376 0.026 0.028
0 0.916 0.411 0.02 0.018
0 0.894 0.439 0.044 0.038
0 0.82 0.244 0.056 0.028
0 0.851 0.26 0.05 0.04
0 0.812 0.289 0.044 0.026
0 0.851 0.36 0.038 0.036
0 0.831 0.343 0.022 0.018
0 0.771 0.375 0.046 0.034
0 0.725 0.289 0.046 0.034
0 0.706 0.232 0.052 0.036
0 0.429 0.181 0.046 0.034
0 0.389 0.201 0.018 0.018
0 0.554 0.189 0.04 0.034
0 0.594 0.189 0.04 0.034
0 0.563 0.256 0.042 0.032
0 0.435 0.238 0.038 0.036
0 0.45 0.262 0.032 0.024
0 0.012 0.398 0.02 0.04
0 0.049 0.392 0.038 0.032
0 0.025 0.462 0.038 0.04
0 0.022 0.495 0.028 0.018
0 0.003 0.515 0.002 0.018
0 0.102 0.451 0.044 0.046
0 0.108 0.481 0.04 0.038
0 0.125 0.522 0.058 0.056
0 0.246 0.347 0.068 0.034
0 0.276 0.365 0.048 0.03
0 0.333 0.324 0.046 0.032
0 0.359 0.3 0.038 0.028
0 0.391 0.315 0.038 0.03
0 0.424 0.372 0.04 0.028
0 0.294 0.405 0.028 0.022
0 0.288 0.445 0.036 0.03
0 0.255 0.456 0.042 0.036
0 0.168 0.45 0.02 0.028
0 0.218 0.482 0.044 0.04
0 0.211 0.536 0.03 0.024
0 0.269 0.521 0.03 0.022
0 0.293 0.536 0.018 0.024
0 0.324 0.538 0.04 0.036
0 0.386 0.521 0.032 0.038
0 0.454 0.473 0.036 0.034
0 0.479 0.519 0.058 0.034
0 0.521 0.508 0.022 0.024
0 0.557 0.506 0.034 0.024
0 0.463 0.553 0.042 0.03
0 0.442 0.577 0.044 0.03
0 0.646 0.356 0.048 0.028
0 0.699 0.366 0.038 0.028
0 0.584 0.392 0.032 0.028
0 0.585 0.412 0.042 0.028
0 0.595 0.443 0.042 0.038
0 0.763 0.43 0.038 0.028
0 0.776 0.484 0.032 0.044
0 0.813 0.465 0.034 0.038
0 0.83 0.489 0.04 0.038
0 0.8 0.538 0.036 0.028
0 0.816 0.559 0.036 0.034
0 0.732 0.569 0.032 0.042
0 0.629 0.528 0.062 0.052
0 0.608 0.57 0.044 0.032
0 0.789 0.668 0.042 0.048
0 0.745 0.67 0.03 0.032
0 0.018 0.592 0.032 0.036
0 0.009 0.662 0.014 0.036
0 0.031 0.7 0.038 0.028
0 0.11 0.648 0.044 0.036
0 0.207 0.641 0.022 0.03
0 0.245 0.639 0.026 0.026
0 0.189 0.707 0.046 0.038
0 0.133 0.703 0.038 0.034
0 0.524 0.605 0.036 0.038
0 0.547 0.627 0.034 0.034
0 0.466 0.637 0.04 0.026
0 0.544 0.666 0.04 0.032
0 0.571 0.688 0.046 0.032
0 0.612 0.694 0.036 0.02
0 0.688 0.797 0.032 0.042
0 0.686 0.825 0.024 0.026
0 0.649 0.828 0.042 0.032
0 0.545 0.915 0.042 0.03
0 0.548 0.888 0.036 0.028
0 0.521 0.81 0.05 0.044
0 0.549 0.858 0.066 0.032
0 0.493 0.75 0.046 0.04
0 0.5 0.715 0.02 0.026
0 0.45 0.71 0.036 0.04
0 0.393 0.727 0.034 0.034
0 0.309 0.753 0.05 0.05
0 0.275 0.724 0.042 0.04
0 0.232 0.737 0.032 0.034
0 0.202 0.747 0.04 0.038
0 0.144 0.764 0.032 0.036
0 0.162 0.794 0.04 0.044
0 0.004 0.773 0.004 0.026
0 0.068 0.797 0.04 0.034
0 0.102 0.867 0.048 0.038
0 0.02 0.904 0.036 0.032
0 0.026 0.947 0.024 0.022
0 0.131 0.976 0.026 0.02
0 0.291 0.95 0.038 0.048
0 0.327 0.947 0.034 0.038
0 0.446 0.924 0.06 0.048
0 0.398 0.88 0.04 0.032
0 0.286 0.899 0.036 0.05
0 0.244 0.9 0.036 0.032
0 0.217 0.892 0.034 0.024
0 0.254 0.871 0.02 0.026
0 0.272 0.827 0.032 0.038
0 0.239 0.837 0.034 0.034
0 0.218 0.811 0.036 0.022
0 0.205 0.83 0.042 0.036
1 0.994 0.748 0.008 0.028
1 0.948 0.801 0.016 0.018
1 0.939 0.542 0.022 0.024
1 0.96 0.449 0.012 0.014
1 0.904 0.697 0.024 0.026
1 0.997 0.059 0.002 0.03
1 0.814 0.088 0.024 0.02
1 0.368 0.054 0.036 0.036
1 0.262 0.081 0.012 0.014
1 0.268 0.068 0.036 0.012
1 0.069 0.058 0.022 0.024
1 0.075 0.157 0.014 0.018
1 0.118 0.221 0.012 0.014
1 0.251 0.297 0.018 0.018
1 0.303 0.128 0.022 0.008
1 0.767 0.164 0.022 0.02
1 0.886 0.304 0.024 0.024
1 0.767 0.308 0.026 0.032
1 0.692 0.204 0.04 0.028
1 0.378 0.22 0.012 0.012
1 0.615 0.255 0.026 0.03
1 0.098 0.401 0.032 0.034
1 0.428 0.408 0.024 0.016
1 0.464 0.406 0.016 0.024
1 0.232 0.434 0.012 0.012
1 0.439 0.512 0.026 0.024
1 0.439 0.467 0.03 0.022
1 0.594 0.326 0.02 0.02
1 0.67 0.484 0.028 0.016
1 0.688 0.519 0.012 0.046
1 0.738 0.615 0.036 0.018
1 0.716 0.665 0.028 0.034
1 0.081 0.579 0.034 0.022
1 0.224 0.687 0.028 0.03
1 0.554 0.596 0.024 0.016
1 0.7 0.73 0.024 0.028
1 0.672 0.715 0.02 0.03
1 0.611 0.853 0.022 0.046
1 0.098 0.845 0.024 0.026
1 0.085 0.9 0.022 0.02
1 0.052 0.878 0.032 0.016
1 0.042 0.918 0.012 0.012
1 0.207 0.976 0.018 0.04
1 0.359 0.928 0.022 0.028
1 0.427 0.883 0.022 0.03
2 0.887 0.95 0.03 0.036
2 0.908 0.96 0.016 0.024
2 0.67 0.97 0.024 0.04
2 0.81 0.034 0.016 0.016
2 0.948 0.114 0.032 0.024
2 0.098 0.086 0.016 0.024
2 0.155 0.112 0.022 0.02
2 0.093 0.165 0.026 0.018
2 0.052 0.254 0.032 0.032
2 0.183 0.281 0.034 0.034
2 0.612 0.146 0.024 0.016
2 0.914 0.329 0.028 0.022
2 0.829 0.396 0.042 0.028
2 0.579 0.517 0.026 0.022
2 0.158 0.426 0.048 0.016
2 0.664 0.295 0.024 0.018
2 0.178 0.632 0.032 0.024
2 0.228 0.659 0.012 0.014
2 0.569 0.625 0.01 0.01
2 0.581 0.652 0.022 0.02
2 0.616 0.672 0.02 0.012
2 0.68 0.719 0.02 0.022
2 0.461 0.957 0.022 0.03
2 0.402 0.976 0.02 0.024