0 0.893 0.965 0.042 0.038
0 0.805 0.897 0.026 0.05
0 0.948 0.909 0.044 0.026
0 0.847 0.881 0.046 0.042
0 0.752 0.878 0.036 0.032
0 0.631 0.924 0.054 0.024
0 0.959 0.837 0.03 0.034
0 0.932 0.817 0.036 0.038
0 0.713 0.836 0.062 0.044
0 0.983 0.776 0.03 0.032
0 0.949 0.728 0.046 0.044
0 0.723 0.777 0.054 0.042
0 0.672 0.736 0.036 0.036
0 0.591 0.972 0.058 0.052
0 0.47 0.844 0.096 0.08
0 0.602 0.749 0.048 0.046
0 0.852 0.699 0.048 0.03
0 0.838 0.658 0.056 0.056
0 0.452 0.915 0.056 0.042
0 0.708 0.685 0.048 0.03
0 0.715 0.656 0.05 0.044
0 0.91 0.606 0.044 0.04
0 0.964 0.587 0.052 0.046
0 0.64 0.708 0.044 0.04
0 0.365 0.956 0.062 0.072
0 0.279 0.923 0.042 0.038
0 0.177 0.943 0.074 0.066
0 0.287 0.816 0.074 0.068
0 0.257 0.794 0.054 0.04
0 0.248 0.825 0.02 0.022
0 0.201 0.723 0.066 0.054
0 0.152 0.716 0.048 0.056
0 0.16 0.772 0.056 0.056
0 0.131 0.64 0.038 0.032
0 0.066 0.647 0.048 0.042
0 0.184 0.589 0.056 0.054
0 0.079 0.552 0.054 0.052
0 0.043 0.53 0.03 0.024
0 0.012 0.544 0.02 0.028
0 0.221 0.476 0.094 0.064
0 0.32 0.472 0.036 0.04
0 0.338 0.435 0.06 0.046
0 0.258 0.422 0.068 0.036
0 0.185 0.455 0.038 0.03
0 0.083 0.386 0.066 0.056
0 0.08 0.34 0.04 0.028
0 0.018 0.408 0.032 0.048
0 0.349 0.725 0.05 0.034
0 0.362 0.657 0.04 0.042
0 0.42 0.676 0.064 0.044
0 0.394 0.599 0.084 0.054
0 0.508 0.662 0.048 0.032
0 0.517 0.62 0.05 0.052
0 0.342 0.356 0.04 0.04
0 0.282 0.285 0.06 0.05
0 0.621 0.573 0.05 0.05
0 0.668 0.619 0.052 0.062
0 0.352 0.25 0.064 0.048
0 0.354 0.216 0.048 0.032
0 0.091 0.088 0.038 0.052
0 0.113 0.087 0.026 0.038
0 0.093 0.028 0.046 0.028
0 0.231 0.135 0.054 0.046
0 0.253 0.026 0.038 0.036
0 0.428 0.065 0.06 0.038
0 0.428 0.104 0.052 0.032
0 0.427 0.178 0.042 0.044
0 0.297 0.364 0.054 0.036
0 0.478 0.367 0.048 0.054
0 0.576 0.392 0.052 0.052
0 0.638 0.483 0.056 0.042
0 0.654 0.412 0.056 0.04
0 0.699 0.484 0.03 0.032
0 0.677 0.364 0.058 0.052
0 0.721 0.385 0.054 0.046
0 0.715 0.455 0.046 0.042
0 0.749 0.472 0.046 0.04
0 0.618 0.166 0.044 0.044
0 0.857 0.378 0.054 0.036
0 0.863 0.332 0.058 0.048
0 0.941 0.326 0.046 0.044
0 0.908 0.521 0.056 0.046
0 0.974 0.533 0.048 0.054
0 0.823 0.471 0.038 0.046
0 0.861 0.149 0.062 0.05
0 0.619 0.038 0.058 0.048
0 0.674 0.024 0.052 0.044
0 0.795 0.115 0.05 0.038
0 0.848 0.065 0.056 0.026
0 0.832 0.221 0.06 0.05
0 0.803 0.199 0.054 0.038
0 0.799 0.474 0.038 0.04
0 0.948 0.168 0.04 0.032
0 0.983 0.229 0.03 0.042
0 0.94 0.15 0.048 0.036
0 0.995 0.021 0.006 0.034
0 0.364 0.011 0.052 0.018
0 0.982 0.4 0.032 0.044
0 0.986 0.661 0.024 0.042
0 0.387 0.983 0.046 0.03
0 0.443 0.987 0.046 0.022
0 0.683 0.199 0.038 0.038
0 0.858 0.43 0.048 0.036
0 0.75 0.11 0.04 0.036
0 0.793 0.416 0.05 0.028
0 0.075 0.183 0.046 0.046
0 0.089 0.928 0.05 0.036
0 0.926 0.463 0.036 0.05
0 0.047 0.556 0.034 0.028
0 0.071 0.579 0.038 0.026
1 0.843 0.989 0.03 0.018
1 0.811 0.941 0.018 0.034
1 0.873 0.982 0.022 0.032
1 0.574 0.275 0.032 0.03
1 0.984 0.154 0.024 0.04
1 0.946 0.828 0.016 0.024
1 0.784 0.782 0.028 0.036
1 0.688 0.78 0.032 0.024
1 0.697 0.968 0.026 0.028
1 0.665 0.965 0.03 0.026
1 0.585 0.829 0.022 0.022
1 0.378 0.842 0.024 0.036
1 0.36 0.837 0.024 0.042
1 0.542 0.86 0.036 0.044
1 0.952 0.646 0.036 0.032
1 0.793 0.617 0.034 0.03
1 0.493 0.752 0.026 0.036
1 0.447 0.778 0.03 0.032
1 0.254 0.965 0.036 0.034
1 0.136 0.944 0.024 0.028
1 0.346 0.777 0.028 0.034
1 0.078 0.783 0.032 0.022
1 0.185 0.395 0.026 0.034
1 0.308 0.696 0.02 0.036
1 0.468 0.643 0.024 0.022
1 0.487 0.614 0.026 0.044
1 0.423 0.479 0.026 0.03
1 0.392 0.46 0.024 0.028
1 0.375 0.388 0.034 0.028
1 0.417 0.364 0.026 0.024
1 0.631 0.692 0.03 0.02
1 0.602 0.626 0.032 0.032
1 0.549 0.533 0.042 0.034
1 0.187 0.27 0.03 0.032
1 0.163 0.258 0.03 0.028
1 0.019 0.22 0.022 0.02
1 0.112 0.115 0.02 0.014
1 0.216 0.108 0.028 0.024
1 0.297 0.054 0.038 0.024
1 0.342 0.056 0.036 0.024
1 0.39 0.049 0.024 0.026
1 0.249 0.927 0.018 0.026
1 0.068 0.96 0.04 0.028
1 0.529 0.257 0.03 0.03
1 0.547 0.231 0.03 0.03
1 0.52 0.145 0.032 0.034
1 0.521 0.109 0.018 0.034
1 0.678 0.391 0.028 0.026
1 0.982 0.494 0.024 0.024
1 0.622 0.111 0.028 0.03
1 0.644 0.012 0.04 0.02
1 0.862 0.049 0.032 0.022
1 0.913 0.076 0.054 0.024
1 0.959 0.009 0.054 0.014
1 0.636 0.13 0.016 0.024
1 0.912 0.259 0.032 0.03
1 0.916 0.143 0.02 0.018
1 0.869 0.196 0.018 0.02
1 0.501 0.078 0.014 0.024
1 0.224 0.011 0.024 0.018
1 0.568 0.005 0.02 0.006
1 0.307 0.995 0.022 0.006
1 0.476 0.99 0.024 0.016
1 0.009 0.991 0.014 0.014
1 0.779 0.858 0.022 0.016
1 0.463 0.535 0.038 0.038
1 0.718 0.602 0.032 0.036
1 0.834 0.11 0.02 0.06
1 0.785 0.867 0.018 0.01
2 0.976 0.953 0.028 0.03
2 0.782 0.648 0.028 0.04
2 0.87 0.667 0.032 0.014
2 0.619 0.822 0.022 0.032
2 0.172 0.854 0.024 0.024
2 0.214 0.831 0.024 0.022
2 0.155 0.677 0.014 0.014
2 0.157 0.539 0.018 0.014
2 0.154 0.382 0.116 0.072
2 0.023 0.297 0.026 0.022
2 0.261 0.727 0.03 0.034
2 0.472 0.453 0.052 0.03
2 0.48 0.439 0.036 0.042
2 0.317 0.523 0.022 0.022
2 0.236 0.339 0.036 0.022
2 0.265 0.223 0.086 0.058
2 0.103 0.201 0.046 0.046
2 0.136 0.205 0.02 0.034
2 0.035 0.207 0.026 0.038
2 0.049 0.044 0.026 0.032
2 0.237 0.094 0.054 0.036
2 0.269 0.116 0.026 0.028
2 0.221 0.052 0.038 0.036
2 0.193 0.028 0.034 0.036
2 0.405 0.243 0.03 0.034
2 0.427 0.239 0.022 0.034
2 0.482 0.295 0.02 0.018
2 0.106 0.906 0.028 0.024
2 0.541 0.196 0.026 0.02
2 0.594 0.016 0.064 0.028
2 0.694 0.033 0.016 0.014
2 0.701 0.024 0.014 0.012
2 0.93 0.008 0.032 0.012
2 0.661 0.129 0.034 0.034
2 0.665 0.224 0.018 0.016
2 0.78 0.474 0.016 0.032
2 0.807 0.49 0.022 0.016
2 0.883 0.196 0.01 0.02
2 0.978 0.036 0.04 0.016
2 0.739 0.006 0.042 0.008
2 0.698 0.1 0.032 0.028
2 0.987 0.309 0.022 0.046
2 0.773 0.242 0.018 0.02
2 0.798 0.25 0.032 0.028
2 0.798 0.228 0.016 0.02
2 0.978 0.679 0.02 0.018
2 0.994 0.601 0.008 0.022
2 0.991 0.571 0.01 0.026
2 0.986 0.268 0.024 0.036
2 0.982 0.358 0.024 0.016
2 0.492 0.992 0.02 0.012
2 0.084 0.951 0.012 0.01
2 0.391 0.884 0.062 0.024
2 0.235 0.857 0.034 0.014
2 0.541 0.419 0.014 0.01
2 0.599 0.509 0.014 0.01
2 0.923 0.236 0.018 0.024
2 0.944 0.26 0.028 0.028
2 0.783 0.28 0.03 0.036
2 0.143 0.505 0.022 0.018
2 0.586 0.594 0.02 0.02
2 0.444 0.519 0.024 0.026