0 0.065 0.112 0.038 0.044
0 0.105 0.146 0.034 0.04
0 0.196 0.168 0.04 0.064
0 0.227 0.137 0.038 0.066
0 0.293 0.095 0.034 0.042
0 0.221 0.056 0.034 0.048
0 0.067 0.243 0.034 0.058
0 0.119 0.298 0.042 0.056
0 0.149 0.339 0.042 0.066
0 0.069 0.404 0.034 0.052
0 0.082 0.441 0.032 0.034
0 0.037 0.478 0.038 0.096
0 0.021 0.511 0.042 0.062
0 0.135 0.49 0.03 0.06
0 0.175 0.511 0.042 0.054
0 0.205 0.43 0.038 0.056
0 0.072 0.565 0.032 0.046
0 0.046 0.589 0.032 0.042
0 0.155 0.622 0.034 0.06
0 0.094 0.643 0.032 0.042
0 0.035 0.732 0.034 0.048
0 0.1 0.775 0.036 0.054
0 0.053 0.793 0.042 0.046
0 0.018 0.793 0.036 0.058
0 0.008 0.823 0.016 0.038
0 0.08 0.893 0.04 0.066
0 0.13 0.936 0.028 0.044
0 0.162 0.931 0.024 0.042
0 0.107 0.858 0.026 0.04
0 0.16 0.832 0.036 0.04
0 0.292 0.786 0.036 0.04
0 0.297 0.871 0.046 0.05
0 0.287 0.839 0.034 0.03
0 0.237 0.62 0.03 0.048
0 0.214 0.674 0.048 0.052
0 0.293 0.643 0.038 0.058
0 0.363 0.7 0.046 0.056
0 0.361 0.61 0.046 0.04
0 0.402 0.594 0.036 0.036
0 0.389 0.625 0.034 0.042
0 0.404 0.661 0.028 0.058
0 0.345 0.644 0.042 0.052
0 0.442 0.63 0.036 0.048
0 0.478 0.703 0.032 0.062
0 0.471 0.844 0.034 0.052
0 0.54 0.914 0.036 0.064
0 0.609 0.916 0.038 0.052
0 0.602 0.874 0.036 0.04
0 0.726 0.84 0.032 0.04
0 0.75 0.882 0.032 0.052
0 0.808 0.89 0.04 0.052
0 0.881 0.854 0.038 0.056
0 0.853 0.876 0.034 0.036
0 0.832 0.972 0.06 0.052
0 0.765 0.962 0.034 0.056
0 0.596 0.978 0.032 0.04
0 0.675 0.96 0.046 0.06
0 0.626 0.749 0.04 0.054
0 0.695 0.675 0.042 0.054
0 0.635 0.676 0.034 0.04
0 0.614 0.666 0.016 0.048
0 0.691 0.629 0.042 0.054
0 0.558 0.702 0.036 0.044
0 0.532 0.719 0.048 0.05
0 0.692 0.724 0.04 0.04
0 0.655 0.759 0.03 0.05
0 0.69 0.762 0.036 0.048
0 0.721 0.764 0.038 0.048
0 0.72 0.804 0.036 0.036
0 0.187 0.309 0.042 0.05
0 0.221 0.29 0.042 0.04
0 0.279 0.328 0.034 0.068
0 0.191 0.393 0.026 0.034
0 0.034 0.33 0.04 0.044
0 0.006 0.344 0.012 0.04
0 0.022 0.351 0.028 0.03
0 0.008 0.383 0.016 0.03
0 0.33 0.239 0.024 0.046
0 0.383 0.267 0.042 0.046
0 0.447 0.293 0.03 0.058
0 0.453 0.356 0.038 0.06
0 0.455 0.475 0.038 0.054
0 0.427 0.52 0.034 0.044
0 0.515 0.557 0.054 0.046
0 0.527 0.604 0.042 0.044
0 0.585 0.576 0.03 0.048
0 0.596 0.471 0.036 0.062
0 0.66 0.48 0.04 0.052
0 0.685 0.462 0.038 0.044
0 0.715 0.441 0.038 0.098
0 0.56 0.341 0.048 0.058
0 0.587 0.331 0.046 0.05
0 0.626 0.314 0.028 0.028
0 0.602 0.266 0.04 0.048
0 0.545 0.238 0.038 0.044
0 0.572 0.132 0.032 0.056
0 0.496 0.129 0.04 0.05
0 0.465 0.175 0.034 0.054
0 0.434 0.188 0.04 0.092
0 0.586 0.188 0.028 0.048
0 0.644 0.233 0.036 0.074
0 0.657 0.182 0.05 0.076
0 0.733 0.15 0.034 0.06
0 0.758 0.154 0.036 0.06
0 0.695 0.064 0.03 0.076
0 0.585 0.019 0.038 0.038
0 0.505 0.019 0.042 0.038
0 0.45 0.032 0.028 0.036
0 0.771 0.107 0.038 0.058
0 0.813 0.068 0.026 0.04
0 0.835 0.073 0.038 0.074
0 0.831 0.012 0.046 0.024
0 0.826 0.184 0.036 0.052
0 0.843 0.246 0.034 0.04
0 0.844 0.288 0.032 0.044
0 0.896 0.337 0.036 0.074
0 0.932 0.336 0.036 0.052
0 0.862 0.405 0.028 0.042
0 0.826 0.395 0.036 0.05
0 0.831 0.367 0.034 0.05
0 0.715 0.327 0.03 0.074
0 0.77 0.35 0.028 0.056
0 0.778 0.452 0.04 0.052
0 0.831 0.457 0.026 0.038
0 0.874 0.516 0.028 0.044
0 0.939 0.538 0.03 0.044
0 0.833 0.554 0.038 0.048
0 0.842 0.584 0.036 0.04
0 0.856 0.648 0.044 0.068
0 0.907 0.601 0.038 0.062
0 0.986 0.635 0.024 0.054
0 0.986 0.571 0.024 0.046
0 0.92 0.772 0.036 0.072
0 0.945 0.768 0.022 0.04
0 0.962 0.752 0.032 0.056
0 0.986 0.734 0.024 0.064
0 0.98 0.913 0.036 0.05
0 0.967 0.954 0.038 0.044
0 0.772 0.706 0.032 0.04
0 0.794 0.752 0.04 0.068
0 0.574 0.744 0.036 0.044
0 0.552 0.775 0.04 0.054
0 0.51 0.806 0.032 0.068
0 0.45 0.974 0.04 0.048
0 0.121 0.694 0.026 0.068
0 0.212 0.495 0.028 0.038
0 0.363 0.494 0.034 0.04
0 0.152 0.396 0.044 0.048
0 0.323 0.516 0.05 0.076
0 0.487 0.504 0.042 0.048
0 0.528 0.48 0.048 0.048
0 0.369 0.396 0.034 0.052
0 0.393 0.364 0.038 0.072
0 0.506 0.337 0.036 0.078
0 0.597 0.384 0.03 0.028
0 0.742 0.404 0.032 0.04
0 0.947 0.419 0.026 0.042
0 0.982 0.398 0.032 0.06
0 0.945 0.221 0.034 0.054
0 0.961 0.264 0.03 0.06
0 0.501 0.206 0.034 0.052
0 0.279 0.028 0.042 0.048
0 0.302 0.035 0.024 0.034
0 0.336 0.015 0.028 0.03
0 0.648 0.044 0.028 0.044
0 0.672 0.012 0.04 0.024
0 0.669 0.035 0.026 0.026
0 0.93 0.115 0.036 0.038
0 0.851 0.108 0.034 0.032
0 0.952 0.083 0.024 0.042
0 0.374 0.176 0.048 0.056
0 0.245 0.284 0.022 0.048
0 0.282 0.209 0.048 0.05
0 0.358 0.355 0.04 0.062
0 0.46 0.598 0.036 0.052
0 0.442 0.695 0.044 0.07
0 0.199 0.62 0.046 0.052
0 0.252 0.702 0.028 0.04
0 0.291 0.736 0.034 0.04
0 0.693 0.569 0.034 0.042
0 0.721 0.613 0.026 0.042
0 0.713 0.543 0.03 0.038
0 0.922 0.666 0.044 0.052
0 0.901 0.703 0.034 0.042
0 0.528 0.977 0.036 0.042
0 0.634 0.953 0.028 0.03
0 0.648 0.98 0.032 0.024
0 0.159 0.786 0.026 0.04
0 0.206 0.567 0.04 0.034
0 0.108 0.009 0.024 0.018
0 0.138 0.035 0.036 0.058
0 0.105 0.066 0.022 0.036
0 0.178 0.109 0.032 0.05
0 0.012 0.273 0.024 0.05
0 0.026 0.172 0.032 0.032
0 0.681 0.231 0.018 0.026
0 0.014 0.565 0.028 0.026
0 0.053 0.98 0.046 0.036
0 0.257 0.986 0.018 0.024
0 0.342 0.989 0.028 0.018
0 0.386 0.991 0.028 0.014
0 0.389 0.949 0.022 0.082
0 0.354 0.796 0.028 0.052
0 0.644 0.84 0.036 0.044
0 0.76 0.744 0.02 0.048
0 0.089 0.684 0.03 0.048
0 0.399 0.167 0.022 0.042
0 0.484 0.8 0.028 0.032
1 0.405 0.707 0.03 0.038
1 0.691 0.829 0.026 0.034
1 0.825 0.927 0.034 0.026
1 0.884 0.928 0.028 0.024
1 0.596 0.72 0.024 0.036
1 0.422 0.929 0.024 0.034
1 0.314 0.957 0.028 0.042
1 0.231 0.891 0.03 0.034
1 0.946 0.035 0.02 0.026
1 0.265 0.29 0.03 0.04
1 0.915 0.556 0.026 0.024
1 0.188 0.792 0.028 0.032
1 0.136 0.746 0.028 0.028
1 0.88 0.799 0.036 0.034
1 0.06 0.035 0.02 0.038
1 0.103 0.029 0.022 0.03
1 0.096 0.096 0.024 0.02
1 0.169 0.028 0.018 0.028
1 0.233 0.026 0.018 0.028
1 0.36 0.055 0.016 0.034
1 0.384 0.077 0.016 0.034
1 0.331 0.181 0.034 0.014
1 0.404 0.203 0.02 0.022
1 0.082 0.208 0.032 0.024
1 0.638 0.095 0.016 0.034
1 0.928 0.069 0.016 0.03
1 0.972 0.053 0.008 0.018
1 0.986 0.08 0.016 0.02
1 0.883 0.166 0.034 0.02
1 0.703 0.24 0.018 0.02
1 0.746 0.235 0.016 0.042
1 0.547 0.114 0.022 0.052
1 0.766 0.267 0.02 0.03
1 0.854 0.311 0.016 0.018
1 0.645 0.566 0.026 0.032
1 0.569 0.629 0.03 0.03
1 0.779 0.636 0.018 0.024
1 0.755 0.596 0.026 0.02
1 0.667 0.561 0.014 0.03
1 0.715 0.504 0.018 0.036
1 0.922 0.509 0.024 0.026
1 0.886 0.426 0.012 0.024
1 0.87 0.457 0.012 0.03
1 0.983 0.286 0.014 0.032
1 0.139 0.27 0.018 0.036
1 0.037 0.276 0.018 0.032
1 0.153 0.226 0.018 0.02
1 0.291 0.413 0.022 0.022
1 0.257 0.478 0.022 0.016
1 0.246 0.454 0.012 0.024
1 0.225 0.516 0.018 0.02
1 0.285 0.522 0.018 0.024
1 0.122 0.537 0.016 0.034
1 0.193 0.548 0.034 0.016
1 0.2 0.731 0.036 0.034
1 0.198 0.877 0.02 0.026
1 0.245 0.924 0.022 0.02
1 0.101 0.927 0.018 0.018
1 0.057 0.951 0.018 0.026
1 0.028 0.927 0.02 0.014
1 0.126 0.895 0.016 0.018
1 0.112 0.9 0.012 0.012
1 0.163 0.892 0.01 0.016
1 0.329 0.839 0.014 0.014
1 0.334 0.888 0.012 0.012
1 0.265 0.802 0.026 0.024
1 0.462 0.899 0.024 0.026
1 0.451 0.874 0.022 0.02
1 0.527 0.775 0.018 0.034
1 0.589 0.807 0.022 0.03
1 0.701 0.919 0.026 0.034
1 0.842 0.808 0.012 0.024
1 0.871 0.698 0.026 0.02
1 0.894 0.828 0.02 0.024
1 0.975 0.814 0.026 0.028
1 0.92 0.969 0.028 0.026
1 0.738 0.684 0.016 0.02
1 0.424 0.431 0.024 0.03
1 0.487 0.25 0.018 0.04
1 0.5 0.164 0.028 0.016
1 0.48 0.065 0.02 0.03
1 0.775 0.568 0.014 0.02
1 0.939 0.596 0.018 0.048
1 0.949 0.676 0.014 0.024
1 0.958 0.683 0.012 0.018
1 0.968 0.58 0.016 0.028
1 0.319 0.332 0.022 0.048
1 0.234 0.201 0.024 0.03
1 0.288 0.231 0.008 0.01
1 0.481 0.401 0.022 0.03
1 0.325 0.422 0.022 0.032
1 0.441 0.563 0.018 0.03
1 0.101 0.587 0.026 0.046
1 0.408 0.976 0.012 0.024
1 0.418 0.967 0.024 0.026
1 0.941 0.988 0.014 0.02
1 0.877 0.603 0.014 0.018
1 0.915 0.38 0.018 0.012
1 0.397 0.417 0.014 0.022
1 0.329 0.759 0.014 0.014
1 0.428 0.47 0.024 0.036
2 0.92 0.021 0.024 0.038
2 0.636 0.862 0.028 0.04
2 0.139 0.992 0.022 0.012
2 0.269 0.153 0.022 0.014
2 0.299 0.189 0.006 0.018
2 0.844 0.997 0.02 0.002
2 0.882 0.99 0.024 0.016
2 0.833 0.735 0.018 0.05
2 0.885 0.766 0.01 0.012
2 0.996 0.482 0.004 0.032
2 0.997 0.54 0.002 0.024
2 0.994 0.267 0.008 0.018
2 0.997 0.179 0.002 0.034
2 0.955 0.184 0.01 0.016
2 0.737 0.319 0.014 0.034
2 0.623 0.295 0.01 0.006
2 0.381 0.007 0.014 0.014
2 0.003 0.215 0.006 0.034
2 0.384 0.428 0.008 0.008
2 0.393 0.441 0.01 0.014
2 0.753 0.485 0.01 0.018
2 0.161 0.753 0.038 0.022
2 0.467 0.657 0.006 0.022
2 0.565 0.226 0.018 0.04
2 0.96 0.01 0.012 0.016
2 0.377 0.133 0.03 0.014
2 0.474 0.546 0.008 0.016
2 0.886 0.558 0.016 0.024
2 0.824 0.671 0.008 0.034
2 0.331 0.297 0.018 0.05