0 0.769 0.896 0.066 0.048
0 0.866 0.865 0.036 0.038
0 0.934 0.809 0.048 0.042
0 0.985 0.82 0.026 0.04
0 0.823 0.77 0.046 0.04
0 0.654 0.872 0.048 0.044
0 0.699 0.745 0.038 0.034
0 0.654 0.713 0.044 0.03
0 0.747 0.729 0.046 0.042
0 0.831 0.534 0.062 0.056
0 0.899 0.515 0.054 0.046
0 0.628 0.497 0.052 0.046
0 0.555 0.485 0.038 0.05
0 0.799 0.464 0.062 0.06
0 0.749 0.438 0.054 0.036
0 0.744 0.481 0.044 0.034
0 0.672 0.488 0.044 0.044
0 0.934 0.501 0.032 0.038
0 0.93 0.608 0.056 0.028
0 0.774 0.554 0.036 0.048
0 0.904 0.562 0.032 0.012
0 0.907 0.702 0.046 0.032
0 0.404 0.762 0.052 0.048
0 0.37 0.784 0.052 0.048
0 0.281 0.746 0.018 0.04
0 0.285 0.769 0.026 0.018
0 0.381 0.659 0.042 0.038
0 0.481 0.689 0.046 0.038
0 0.891 0.371 0.05 0.042
0 0.813 0.295 0.038 0.066
0 0.492 0.495 0.044 0.038
0 0.343 0.449 0.042 0.042
0 0.234 0.484 0.048 0.052
0 0.578 0.399 0.04 0.038
0 0.535 0.347 0.014 0.034
0 0.461 0.351 0.034 0.042
0 0.977 0.288 0.038 0.048
0 0.704 0.194 0.072 0.032
0 0.84 0.182 0.052 0.072
0 0.439 0.421 0.07 0.034
0 0.122 0.56 0.044 0.036
0 0.4 0.43 0.028 0.032
0 0.388 0.31 0.068 0.06
0 0.595 0.182 0.074 0.052
0 0.599 0.087 0.046 0.042
0 0.546 0.093 0.048 0.034
0 0.385 0.102 0.07 0.044
0 0.36 0.063 0.048 0.046
0 0.381 0.54 0.07 0.068
0 0.312 0.55 0.044 0.056
0 0.338 0.558 0.024 0.036
0 0.383 0.86 0.05 0.036
0 0.283 0.884 0.086 0.032
0 0.474 0.984 0.04 0.028
0 0.521 0.986 0.046 0.024
0 0.428 0.97 0.04 0.048
0 0.228 0.352 0.048 0.032
0 0.194 0.313 0.056 0.058
0 0.158 0.264 0.068 0.032
0 0.023 0.267 0.042 0.03
0 0.024 0.376 0.044 0.036
0 0.044 0.451 0.04 0.03
0 0.119 0.441 0.038 0.046
0 0.099 0.486 0.046 0.032
0 0.11 0.418 0.052 0.024
0 0.084 0.681 0.064 0.046
0 0.062 0.729 0.036 0.03
0 0.112 0.815 0.052 0.042
0 0.043 0.842 0.062 0.06
0 0.13 0.907 0.036 0.034
0 0.047 0.983 0.054 0.03
0 0.015 0.964 0.026 0.032
0 0.199 0.991 0.03 0.014
0 0.253 0.687 0.054 0.042
0 0.214 0.654 0.032 0.028
0 0.218 0.704 0.04 0.032
0 0.26 0.657 0.02 0.018
0 0.889 0.291 0.046 0.046
0 0.908 0.187 0.048 0.042
0 0.608 0.232 0.048 0.04
0 0.45 0.184 0.032 0.04
0 0.402 0.214 0.048 0.04
0 0.482 0.234 0.032 0.04
0 0.349 0.322 0.022 0.048
0 0.211 0.446 0.042 0.024
0 0.226 0.416 0.04 0.024
0 0.289 0.455 0.038 0.042
0 0.302 0.125 0.068 0.046
0 0.16 0.122 0.044 0.028
0 0.088 0.085 0.016 0.038
0 0.108 0.09 0.028 0.048
0 0.099 0.04 0.066 0.024
0 0.393 0.016 0.046 0.028
0 0.974 0.188 0.048 0.052
0 0.046 0.18 0.06 0.048
0 0.017 0.038 0.03 0.044
0 0.013 0.515 0.022 0.05
0 0.026 0.624 0.048 0.036
0 0.021 0.709 0.038 0.05
0 0.114 0.628 0.04 0.044
0 0.193 0.625 0.05 0.03
0 0.534 0.977 0.032 0.042
0 0.356 0.976 0.068 0.044
0 0.492 0.977 0.02 0.026
0 0.512 0.012 0.056 0.02
0 0.705 0.013 0.046 0.022
0 0.786 0.045 0.084 0.078
0 0.25 0.773 0.036 0.03
0 0.665 0.341 0.034 0.03
0 0.778 0.198 0.032 0.028
0 0.76 0.645 0.024 0.026
0 0.019 0.824 0.03 0.024
0 0.178 0.93 0.028 0.04
0 0.06 0.95 0.032 0.032
0 0.264 0.953 0.028 0.03
0 0.858 0.298 0.036 0.044
0 0.929 0.162 0.018 0.032
0 0.182 0.518 0.024 0.036
0 0.054 0.698 0.028 0.028
0 0.656 0.914 0.032 0.028
0 0.424 0.799 0.036 0.034
0 0.013 0.781 0.022 0.034
0 0.989 0.041 0.018 0.038
0 0.618 0.558 0.02 0.04
0 0.6 0.794 0.04 0.052
0 0.704 0.916 0.056 0.044
0 0.914 0.307 0.04 0.038
0 0.858 0.266 0.02 0.016
0 0.542 0.143 0.052 0.034
0 0.144 0.053 0.052 0.038
0 0.609 0.329 0.022 0.03
0 0.567 0.715 0.038 0.022
0 0.097 0.706 0.018 0.012
1 0.771 0.7 0.018 0.02
1 0.671 0.684 0.034 0.02
1 0.89 0.574 0.024 0.012
1 0.862 0.634 0.028 0.008
1 0.851 0.641 0.03 0.018
1 0.334 0.76 0.028 0.024
1 0.55 0.642 0.028 0.016
1 0.564 0.65 0.012 0.016
1 0.581 0.563 0.026 0.03
1 0.447 0.461 0.03 0.026
1 0.38 0.445 0.02 0.022
1 0.689 0.369 0.026 0.022
1 0.737 0.099 0.022 0.022
1 0.816 0.844 0.028 0.036
1 0.712 0.436 0.024 0.032
1 0.228 0.565 0.028 0.026
1 0.122 0.266 0.028 0.012
1 0.176 0.485 0.028 0.018
1 0.096 0.862 0.028 0.024
1 0.175 0.849 0.022 0.042
1 0.388 0.945 0.02 0.03
1 0.305 0.701 0.026 0.026
1 0.269 0.652 0.018 0.016
1 0.693 0.149 0.022 0.034
1 0.805 0.154 0.022 0.032
1 0.2 0.055 0.028 0.034
1 0.266 0.013 0.032 0.018
1 0.211 0.215 0.022 0.034
1 0.093 0.742 0.022 0.032
1 0.986 0.849 0.02 0.026
1 0.563 0.978 0.022 0.024
1 0.66 0.834 0.028 0.032
1 0.774 0.685 0.012 0.01
1 0.901 0.793 0.018 0.042
1 0.948 0.558 0.02 0.028
1 0.311 0.996 0.026 0.004
1 0.114 0.996 0.028 0.004
1 0.875 0.014 0.026 0.024
1 0.463 0.704 0.018 0.02
1 0.872 0.593 0.032 0.026
1 0.265 0.551 0.01 0.022
1 0.264 0.568 0.02 0.02
1 0.628 0.352 0.024 0.024
1 0.917 0.147 0.018 0.022
2 0.606 0.545 0.016 0.018
2 0.719 0.462 0.014 0.024
2 0.544 0.341 0.008 0.018
2 0.75 0.834 0.052 0.052
2 0.903 0.727 0.026 0.038
2 0.433 0.711 0.026 0.026
2 0.951 0.241 0.018 0.014
2 0.66 0.157 0.016 0.03
2 0.639 0.223 0.022 0.014
2 0.834 0.061 0.032 0.026
2 0.857 0.073 0.018 0.022
2 0.825 0.144 0.022 0.012
2 0.496 0.149 0.028 0.026
2 0.417 0.241 0.026 0.03
2 0.51 0.24 0.024 0.02
2 0.131 0.502 0.042 0.028
2 0.091 0.355 0.03 0.03
2 0.257 0.44 0.018 0.02
2 0.74 0.378 0.056 0.036
2 0.778 0.299 0.036 0.042
2 0.607 0.366 0.022 0.02
2 0.615 0.404 0.014 0.016
2 0.668 0.373 0.02 0.018
2 0.597 0.406 0.014 0.024
2 0.355 0.251 0.018 0.018
2 0.402 0.139 0.04 0.034
2 0.314 0.191 0.024 0.05
2 0.271 0.263 0.038 0.026
2 0.049 0.253 0.022 0.022
2 0.071 0.07 0.022 0.024
2 0.008 0.102 0.012 0.02
2 0.127 0.09 0.014 0.016
2 0.207 0.188 0.01 0.04
2 0.131 0.647 0.03 0.026
2 0.464 0.738 0.028 0.024
2 0.499 0.847 0.038 0.03
2 0.823 0.907 0.03 0.026
2 0.963 0.817 0.018 0.026
2 0.624 0.709 0.032 0.018
2 0.796 0.611 0.06 0.022
2 0.946 0.526 0.02 0.016
2 0.155 0.678 0.03 0.012
2 0.295 0.797 0.014 0.026
2 0.049 0.87 0.018 0.016
2 0.036 0.904 0.028 0.012
2 0.561 0.283 0.026 0.018
2 0.299 0.314 0.034 0.032
2 0.779 0.231 0.018 0.03
2 0.477 0.012 0.026 0.02
2 0.53 0.035 0.024 0.03
2 0.817 0.011 0.026 0.018
2 0.994 0.132 0.008 0.024
2 0.598 0.008 0.016 0.012
2 0.16 0.007 0.024 0.01
2 0.874 0.554 0.04 0.028
2 0.915 0.509 0.022 0.03
2 0.233 0.241 0.03 0.022
2 0.595 0.712 0.022 0.02
2 0.13 0.668 0.02 0.028
2 0.025 0.532 0.03 0.036
2 0.454 0.699 0.008 0.01
2 0.433 0.692 0.01 0.012
2 0.446 0.691 0.008 0.01
2 0.126 0.688 0.024 0.012
2 0.869 0.268 0.022 0.024
2 0.88 0.162 0.024 0.012
2 0.75 0.194 0.028 0.012
2 0.078 0.363 0.024 0.022