0 0.908 0.979 0.06 0.038
0 0.836 0.919 0.068 0.058
0 0.821 0.871 0.05 0.062
0 0.738 0.929 0.036 0.046
0 0.614 0.929 0.04 0.038
0 0.662 0.871 0.056 0.05
0 0.603 0.848 0.066 0.044
0 0.527 0.876 0.066 0.036
0 0.462 0.928 0.048 0.068
0 0.49 0.981 0.06 0.034
0 0.546 0.98 0.04 0.036
0 0.426 0.914 0.04 0.032
0 0.429 0.881 0.058 0.038
0 0.423 0.835 0.038 0.042
0 0.367 0.828 0.042 0.044
0 0.332 0.874 0.04 0.044
0 0.31 0.913 0.036 0.038
0 0.295 0.935 0.042 0.034
0 0.305 0.982 0.046 0.032
0 0.171 0.986 0.054 0.024
0 0.204 0.945 0.068 0.046
0 0.138 0.962 0.028 0.028
0 0.102 0.979 0.06 0.038
0 0.116 0.916 0.044 0.04
0 0.081 0.878 0.062 0.032
0 0.107 0.865 0.038 0.026
0 0.034 0.844 0.052 0.032
0 0.04 0.83 0.02 0.028
0 0.004 0.828 0.004 0.016
0 0.017 0.923 0.03 0.038
0 0.125 0.826 0.046 0.032
0 0.148 0.837 0.052 0.03
0 0.098 0.766 0.06 0.028
0 0.023 0.734 0.042 0.04
0 0.088 0.699 0.056 0.05
0 0.149 0.661 0.038 0.03
0 0.04 0.604 0.052 0.028
0 0.007 0.603 0.01 0.038
0 0.004 0.649 0.004 0.03
0 0.027 0.556 0.05 0.04
0 0.073 0.578 0.066 0.04
0 0.098 0.544 0.048 0.04
0 0.141 0.562 0.038 0.036
0 0.172 0.566 0.04 0.032
0 0.165 0.608 0.062 0.036
0 0.252 0.541 0.04 0.038
0 0.194 0.499 0.052 0.046
0 0.119 0.419 0.046 0.038
0 0.088 0.469 0.052 0.038
0 0.015 0.493 0.026 0.034
0 0.024 0.447 0.044 0.03
0 0.03 0.476 0.056 0.028
0 0.228 0.456 0.064 0.04
0 0.199 0.393 0.05 0.058
0 0.273 0.392 0.042 0.032
0 0.343 0.413 0.03 0.034
0 0.374 0.427 0.044 0.042
0 0.426 0.441 0.048 0.038
0 0.461 0.397 0.05 0.038
0 0.503 0.43 0.046 0.04
0 0.545 0.393 0.05 0.038
0 0.553 0.365 0.05 0.03
0 0.558 0.435 0.044 0.03
0 0.577 0.484 0.058 0.048
0 0.476 0.529 0.04 0.038
0 0.525 0.56 0.05 0.032
0 0.618 0.53 0.056 0.044
0 0.655 0.499 0.03 0.022
0 0.68 0.453 0.04 0.03
0 0.691 0.487 0.022 0.034
0 0.729 0.568 0.03 0.036
0 0.715 0.598 0.03 0.036
0 0.801 0.712 0.018 0.024
0 0.807 0.731 0.022 0.026
0 0.752 0.721 0.04 0.038
0 0.712 0.762 0.06 0.044
0 0.71 0.827 0.072 0.05
0 0.816 0.989 0.044 0.018
0 0.641 0.734 0.05 0.06
0 0.626 0.709 0.044 0.042
0 0.555 0.764 0.082 0.052
0 0.599 0.801 0.034 0.038
0 0.491 0.803 0.058 0.05
0 0.525 0.839 0.054 0.034
0 0.383 0.752 0.034 0.04
0 0.476 0.715 0.056 0.034
0 0.447 0.673 0.038 0.034
0 0.481 0.674 0.042 0.028
0 0.349 0.717 0.038 0.034
0 0.338 0.758 0.052 0.036
0 0.256 0.767 0.052 0.03
0 0.261 0.748 0.03 0.02
0 0.204 0.788 0.056 0.032
0 0.161 0.757 0.058 0.034
0 0.247 0.874 0.054 0.04
0 0.196 0.871 0.044 0.038
0 0.303 0.844 0.054 0.032
0 0.281 0.692 0.058 0.036
0 0.304 0.667 0.04 0.042
0 0.222 0.702 0.04 0.032
0 0.217 0.669 0.058 0.034
0 0.338 0.601 0.024 0.018
0 0.386 0.614 0.044 0.04
0 0.409 0.635 0.03 0.022
0 0.413 0.61 0.018 0.028
0 0.293 0.575 0.046 0.038
0 0.364 0.529 0.044 0.046
0 0.54 0.626 0.08 0.06
0 0.645 0.63 0.062 0.048
0 0.672 0.564 0.06 0.036
0 0.776 0.554 0.052 0.044
0 0.797 0.657 0.046 0.05
0 0.852 0.577 0.06 0.07
0 0.922 0.69 0.04 0.04
0 0.848 0.789 0.052 0.054
0 0.976 0.606 0.044 0.064
0 0.963 0.553 0.05 0.046
0 0.911 0.527 0.03 0.03
0 0.969 0.502 0.054 0.048
0 0.86 0.501 0.04 0.038
0 0.882 0.453 0.032 0.026
0 0.986 0.419 0.024 0.054
0 0.932 0.361 0.032 0.026
0 0.849 0.372 0.038 0.036
0 0.861 0.313 0.05 0.034
0 0.925 0.306 0.05 0.04
0 0.914 0.282 0.02 0.024
0 0.883 0.296 0.018 0.024
0 0.774 0.301 0.072 0.054
0 0.709 0.351 0.066 0.054
0 0.792 0.243 0.044 0.034
0 0.777 0.227 0.034 0.022
0 0.805 0.264 0.022 0.02
0 0.86 0.17 0.06 0.048
0 0.905 0.187 0.03 0.03
0 0.785 0.164 0.054 0.044
0 0.702 0.148 0.036 0.044
0 0.724 0.047 0.04 0.034
0 0.847 0.093 0.03 0.026
0 0.834 0.025 0.064 0.046
0 0.895 0.086 0.026 0.028
0 0.913 0.009 0.038 0.014
0 0.944 0.141 0.06 0.054
0 0.613 0.34 0.082 0.052
0 0.553 0.295 0.046 0.038
0 0.528 0.256 0.048 0.044
0 0.475 0.274 0.038 0.036
0 0.468 0.326 0.04 0.036
0 0.482 0.24 0.044 0.04
0 0.414 0.176 0.056 0.036
0 0.393 0.213 0.07 0.026
0 0.362 0.246 0.052 0.048
0 0.328 0.277 0.052 0.042
0 0.348 0.181 0.048 0.038
0 0.433 0.105 0.05 0.034
0 0.391 0.079 0.038 0.042
0 0.321 0.073 0.042 0.034
0 0.367 0.034 0.038 0.032
0 0.305 0.018 0.05 0.032
0 0.319 0.11 0.054 0.032
0 0.31 0.129 0.048 0.03
0 0.293 0.147 0.05 0.038
0 0.438 0.017 0.04 0.03
0 0.481 0.141 0.062 0.034
0 0.489 0.088 0.046 0.036
0 0.502 0.058 0.048 0.04
0 0.534 0.075 0.04 0.046
0 0.574 0.072 0.044 0.06
0 0.591 0.032 0.046 0.032
0 0.643 0.044 0.046 0.04
0 0.622 0.112 0.076 0.056
0 0.571 0.208 0.046 0.032
0 0.654 0.282 0.036 0.036
0 0.697 0.013 0.054 0.022
0 0.164 0.286 0.056 0.036
0 0.169 0.265 0.062 0.042
0 0.077 0.23 0.05 0.036
0 0.061 0.184 0.066 0.04
0 0.017 0.105 0.03 0.03
0 0.006 0.183 0.008 0.046
0 0.112 0.15 0.032 0.036
0 0.182 0.124 0.052 0.04
0 0.149 0.06 0.058 0.044
0 0.207 0.01 0.038 0.016
0 0.251 0.024 0.042 0.044
0 0.178 0.196 0.048 0.036
0 0.216 0.191 0.048 0.038
0 0.038 0.259 0.072 0.026
0 0.022 0.295 0.04 0.038
0 0.01 0.326 0.016 0.024
0 0.026 0.361 0.048 0.046
0 0.029 0.033 0.054 0.046
0 0.91 0.85 0.052 0.052
0 0.986 0.848 0.024 0.048
1 0.809 0.927 0.026 0.022
1 0.688 0.97 0.02 0.036
1 0.604 0.951 0.02 0.018
1 0.434 0.99 0.044 0.016
1 0.413 0.988 0.022 0.02
1 0.546 0.918 0.024 0.028
1 0.391 0.813 0.022 0.026
1 0.354 0.899 0.024 0.026
1 0.079 0.963 0.018 0.026
1 0.101 0.785 0.03 0.014
1 0.218 0.572 0.028 0.04
1 0.169 0.439 0.026 0.022
1 0.148 0.435 0.02 0.022
1 0.005 0.462 0.006 0.02
1 0.164 0.382 0.02 0.024
1 0.301 0.42 0.026 0.02
1 0.404 0.383 0.024 0.026
1 0.434 0.532 0.024 0.024
1 0.71 0.501 0.02 0.038
1 0.7 0.637 0.028 0.018
1 0.735 0.656 0.022 0.024
1 0.811 0.753 0.014 0.018
1 0.785 0.759 0.022 0.022
1 0.747 0.775 0.022 0.026
1 0.735 0.857 0.026 0.018
1 0.776 0.916 0.02 0.024
1 0.466 0.828 0.02 0.02
1 0.413 0.745 0.03 0.026
1 0.449 0.64 0.026 0.024
1 0.5 0.618 0.02 0.02
1 0.761 0.628 0.022 0.036
1 0.816 0.633 0.02 0.018
1 0.987 0.726 0.022 0.028
1 0.831 0.474 0.014 0.024
1 0.795 0.48 0.014 0.028
1 0.772 0.507 0.024 0.034
1 0.919 0.322 0.018 0.02
1 0.849 0.221 0.022 0.018
1 0.731 0.155 0.022 0.03
1 0.713 0.183 0.022 0.022
1 0.712 0.114 0.02 0.02
1 0.784 0.055 0.024 0.018
1 0.844 0.061 0.024 0.018
1 0.896 0.113 0.028 0.014
1 0.987 0.179 0.018 0.018
1 0.659 0.352 0.03 0.036
1 0.442 0.244 0.024 0.028
1 0.411 0.146 0.026 0.02
1 0.376 0.157 0.024 0.018
1 0.633 0.218 0.022 0.032
1 0.623 0.266 0.03 0.036
1 0.683 0.276 0.022 0.032
1 0.183 0.055 0.018 0.026
1 0.072 0.042 0.028 0.028
1 0.113 0.009 0.03 0.014
1 0.076 0.336 0.032 0.016
1 0.01 0.058 0.016 0.016
1 0.28 0.271 0.016 0.042
1 0.964 0.856 0.02 0.024
2 0.39 0.46 0.052 0.02
2 0.614 0.504 0.04 0.016
2 0.6 0.417 0.04 0.062
2 0.334 0.629 0.04 0.018
2 0.824 0.257 0.024 0.03
2 0.994 0.063 0.008 0.058
2 0.773 0.411 0.05 0.042
2 0.868 0.424 0.032 0.024
2 0.599 0.289 0.026 0.05
2 0.709 0.226 0.038 0.044
2 0.814 0.187 0.032 0.022
2 0.745 0.098 0.026 0.036
2 0.029 0.213 0.03 0.034
2 0.381 0.11 0.03 0.024
2 0.242 0.117 0.028 0.03
2 0.234 0.26 0.028 0.036
2 0.653 0.809 0.038 0.042