0 0.792 0.327 0.052 0.07
0 0.923 0.964 0.058 0.064
0 0.85 0.958 0.06 0.076
0 0.978 0.954 0.04 0.072
0 0.493 0.749 0.034 0.038
0 0.483 0.793 0.038 0.046
0 0.562 0.771 0.048 0.042
0 0.71 0.962 0.044 0.048
0 0.694 0.916 0.056 0.052
0 0.612 0.968 0.056 0.048
0 0.587 0.926 0.054 0.084
0 0.638 0.891 0.032 0.058
0 0.573 0.841 0.042 0.05
0 0.515 0.884 0.054 0.044
0 0.406 0.761 0.048 0.078
0 0.352 0.802 0.048 0.068
0 0.355 0.719 0.062 0.078
0 0.234 0.536 0.072 0.104
0 0.2 0.477 0.036 0.046
0 0.906 0.611 0.052 0.062
0 0.907 0.676 0.046 0.052
0 0.781 0.125 0.042 0.066
0 0.842 0.117 0.048 0.046
0 0.956 0.129 0.044 0.054
0 0.985 0.139 0.026 0.046
0 0.931 0.87 0.034 0.048
0 0.96 0.872 0.032 0.048
0 0.901 0.93 0.042 0.052
0 0.882 0.885 0.04 0.046
0 0.183 0.012 0.042 0.024
0 0.132 0.037 0.04 0.054
0 0.063 0.057 0.042 0.046
0 0.026 0.071 0.044 0.046
0 0.12 0.161 0.036 0.046
0 0.153 0.207 0.034 0.034
0 0.184 0.248 0.048 0.06
0 0.223 0.077 0.038 0.038
0 0.193 0.113 0.058 0.054
0 0.178 0.165 0.064 0.042
0 0.587 0.131 0.05 0.054
0 0.546 0.093 0.032 0.058
0 0.497 0.085 0.042 0.046
0 0.54 0.141 0.04 0.042
0 0.474 0.189 0.06 0.05
0 0.31 0.226 0.04 0.048
0 0.363 0.319 0.034 0.054
0 0.154 0.533 0.048 0.05
0 0.518 0.426 0.044 0.044
0 0.489 0.453 0.038 0.05
0 0.474 0.373 0.048 0.07
0 0.561 0.294 0.046 0.092
0 0.658 0.29 0.052 0.076
0 0.768 0.494 0.044 0.048
0 0.632 0.064 0.052 0.064
0 0.596 0.031 0.044 0.054
0 0.512 0.026 0.044 0.052
0 0.405 0.037 0.042 0.05
0 0.833 0.414 0.034 0.052
0 0.671 0.409 0.058 0.07
0 0.605 0.464 0.034 0.04
0 0.652 0.468 0.032 0.044
0 0.66 0.539 0.052 0.042
0 0.241 0.275 0.074 0.07
0 0.259 0.318 0.054 0.064
0 0.307 0.382 0.05 0.08
0 0.581 0.566 0.046 0.032
0 0.518 0.62 0.04 0.044
0 0.836 0.062 0.056 0.064
0 0.89 0.031 0.032 0.058
0 0.824 0.189 0.032 0.046
0 0.497 0.258 0.034 0.06
0 0.477 0.226 0.038 0.036
0 0.508 0.302 0.024 0.04
0 0.199 0.42 0.05 0.052
0 0.126 0.428 0.06 0.052
0 0.362 0.549 0.044 0.042
0 0.411 0.646 0.046 0.052
0 0.531 0.702 0.042 0.04
0 0.634 0.644 0.048 0.056
0 0.754 0.547 0.032 0.046
0 0.749 0.648 0.038 0.044
0 0.809 0.869 0.05 0.046
0 0.784 0.847 0.052 0.046
0 0.099 0.222 0.034 0.044
0 0.684 0.193 0.044 0.046
0 0.404 0.183 0.044 0.066
0 0.313 0.138 0.038 0.048
0 0.477 0.526 0.034 0.056
0 0.73 0.214 0.032 0.04
0 0.98 0.239 0.036 0.05
0 0.219 0.796 0.038 0.048
0 0.293 0.674 0.042 0.06
0 0.145 0.77 0.046 0.048
0 0.186 0.894 0.048 0.036
0 0.223 0.933 0.05 0.058
0 0.769 0.911 0.042 0.034
0 0.763 0.97 0.038 0.048
0 0.877 0.749 0.038 0.03
0 0.896 0.743 0.02 0.026
0 0.464 0.421 0.036 0.03
0 0.651 0.323 0.03 0.026
0 0.102 0.878 0.04 0.044
0 0.142 0.975 0.044 0.046
0 0.024 0.933 0.024 0.046
0 0.011 0.954 0.018 0.064
0 0.052 0.99 0.032 0.016
0 0.111 0.75 0.026 0.044
0 0.086 0.758 0.028 0.044
0 0.431 0.238 0.034 0.04
0 0.68 0.059 0.024 0.034
0 0.71 0.579 0.044 0.026
0 0.807 0.059 0.042 0.058
0 0.63 0.19 0.036 0.044
0 0.359 0.172 0.03 0.036
0 0.248 0.166 0.024 0.036
0 0.023 0.411 0.042 0.082
0 0.19 0.601 0.032 0.03
0 0.141 0.475 0.066 0.062
0 0.162 0.427 0.032 0.038
0 0.159 0.326 0.038 0.04
0 0.371 0.633 0.026 0.042
0 0.967 0.502 0.03 0.044
0 0.991 0.506 0.014 0.024
0 0.478 0.588 0.028 0.048
0 0.564 0.656 0.036 0.032
0 0.074 0.665 0.032 0.03
0 0.179 0.774 0.026 0.036
0 0.06 0.798 0.024 0.052
0 0.777 0.599 0.042 0.034
0 0.751 0.86 0.034 0.032
0 0.406 0.96 0.032 0.048
0 0.295 0.983 0.042 0.03
0 0.556 0.711 0.052 0.078
0 0.616 0.69 0.028 0.032
0 0.594 0.677 0.028 0.07
0 0.637 0.677 0.018 0.03
1 0.389 0.802 0.018 0.02
1 0.263 0.463 0.03 0.026
1 0.246 0.514 0.028 0.024
1 0.499 0.912 0.03 0.028
1 0.53 0.928 0.024 0.036
1 0.438 0.878 0.02 0.032
1 0.498 0.948 0.028 0.024
1 0.491 0.966 0.026 0.02
1 0.436 0.915 0.032 0.026
1 0.935 0.186 0.022 0.028
1 0.912 0.194 0.024 0.028
1 0.96 0.227 0.016 0.022
1 0.881 0.836 0.018 0.028
1 0.006 0.115 0.008 0.026
1 0.01 0.15 0.016 0.04
1 0.247 0.028 0.042 0.02
1 0.184 0.051 0.016 0.022
1 0.492 0.16 0.024 0.028
1 0.327 0.266 0.05 0.02
1 0.324 0.297 0.016 0.03
1 0.3 0.321 0.028 0.018
1 0.371 0.353 0.03 0.018
1 0.356 0.369 0.032 0.018
1 0.338 0.426 0.024 0.024
1 0.722 0.061 0.024 0.022
1 0.719 0.416 0.034 0.02
1 0.753 0.382 0.03 0.036
1 0.896 0.375 0.032 0.018
1 0.832 0.369 0.02 0.026
1 0.646 0.442 0.02 0.02
1 0.636 0.494 0.028 0.02
1 0.607 0.517 0.018 0.014
1 0.406 0.357 0.032 0.026
1 0.715 0.627 0.034 0.018
1 0.686 0.6 0.016 0.032
1 0.795 0.528 0.022 0.028
1 0.829 0.684 0.018 0.028
1 0.809 0.691 0.014 0.014
1 0.686 0.776 0.028 0.024
1 0.647 0.819 0.022 0.022
1 0.814 0.789 0.04 0.022
1 0.788 0.798 0.02 0.028
1 0.076 0.206 0.02 0.012
1 0.083 0.3 0.022 0.028
1 0.048 0.326 0.016 0.036
1 0.027 0.345 0.026 0.026
1 0.029 0.277 0.03 0.038
1 0.902 0.224 0.036 0.024
1 0.938 0.244 0.028 0.02
1 0.98 0.278 0.02 0.024
1 0.944 0.23 0.016 0.024
1 0.926 0.534 0.02 0.032
1 0.947 0.556 0.022 0.024
1 0.299 0.889 0.026 0.034
1 0.276 0.929 0.028 0.03
1 0.431 0.581 0.018 0.018
1 0.374 0.595 0.028 0.026
1 0.37 0.668 0.032 0.02
1 0.193 0.695 0.034 0.03
1 0.223 0.726 0.022 0.024
1 0.171 0.662 0.022 0.028
1 0.153 0.711 0.022 0.03
1 0.162 0.808 0.024 0.024
1 0.818 0.946 0.024 0.036
1 0.854 0.718 0.032 0.032
1 0.725 0.104 0.022 0.024
1 0.756 0.152 0.028 0.028
1 0.695 0.156 0.026 0.02
1 0.261 0.213 0.022 0.022
1 0.53 0.288 0.02 0.02
1 0.989 0.48 0.018 0.028
1 0.846 0.25 0.024 0.024
1 0.168 0.856 0.028 0.028
1 0.177 0.93 0.014 0.016
1 0.105 0.931 0.022 0.018
1 0.472 0.287 0.028 0.026
1 0.461 0.255 0.026 0.018
1 0.465 0.26 0.042 0.032
1 0.647 0.354 0.022 0.02
1 0.35 0.096 0.02 0.02
1 0.445 0.056 0.034 0.02
1 0.342 0.032 0.028 0.036
1 0.75 0.006 0.024 0.012
1 0.692 0.028 0.04 0.024
1 0.306 0.171 0.016 0.018
1 0.313 0.187 0.026 0.018
1 0.264 0.152 0.024 0.028
1 0.078 0.468 0.024 0.028
1 0.343 0.338 0.022 0.02
1 0.336 0.393 0.016 0.022
1 0.989 0.382 0.018 0.028
1 0.075 0.642 0.018 0.012
1 0.062 0.674 0.012 0.02
1 0.094 0.653 0.016 0.018
1 0.099 0.603 0.022 0.034
1 0.18 0.576 0.012 0.012
1 0.009 0.887 0.014 0.034
1 0.726 0.659 0.016 0.026
1 0.635 0.836 0.026 0.02
1 0.571 0.82 0.022 0.02
1 0.361 0.987 0.034 0.022
1 0.391 0.886 0.014 0.02
1 0.383 0.942 0.022 0.032
1 0.428 0.718 0.02 0.02
1 0.479 0.904 0.034 0.032
1 0.55 0.883 0.02 0.026
1 0.376 0.97 0.028 0.024
2 0.58 0.524 0.04 0.02
2 0.864 0.65 0.028 0.06
2 0.956 0.206 0.02 0.02
2 0.863 0.462 0.046 0.08
2 0.353 0.056 0.058 0.064
2 0.381 0.269 0.026 0.022
2 0.421 0.337 0.022 0.022
2 0.15 0.366 0.016 0.016
2 0.327 0.483 0.03 0.038
2 0.807 0.632 0.018 0.024
2 0.771 0.688 0.038 0.036
2 0.145 0.916 0.03 0.032
2 0.745 0.742 0.034 0.024
2 0.434 0.695 0.016 0.022