0 0.534 0.695 0.044 0.066
0 0.474 0.686 0.044 0.068
0 0.577 0.734 0.058 0.048
0 0.779 0.669 0.038 0.05
0 0.693 0.652 0.038 0.04
0 0.72 0.534 0.056 0.052
0 0.668 0.557 0.04 0.05
0 0.731 0.582 0.046 0.064
0 0.656 0.605 0.036 0.034
0 0.541 0.584 0.046 0.06
0 0.534 0.877 0.044 0.054
0 0.468 0.974 0.04 0.032
0 0.398 0.964 0.04 0.036
0 0.279 0.944 0.038 0.044
0 0.247 0.938 0.038 0.052
0 0.188 0.981 0.036 0.034
0 0.148 0.915 0.036 0.05
0 0.032 0.905 0.036 0.05
0 0.067 0.828 0.038 0.056
0 0.179 0.876 0.046 0.052
0 0.163 0.82 0.046 0.056
0 0.224 0.718 0.036 0.068
0 0.255 0.636 0.042 0.048
0 0.232 0.605 0.04 0.05
0 0.201 0.543 0.034 0.058
0 0.427 0.208 0.026 0.04
0 0.39 0.224 0.028 0.056
0 0.358 0.218 0.036 0.04
0 0.364 0.143 0.04 0.034
0 0.28 0.202 0.04 0.044
0 0.517 0.194 0.034 0.052
0 0.526 0.147 0.036 0.042
0 0.442 0.067 0.044 0.034
0 0.377 0.06 0.034 0.044
0 0.409 0.019 0.034 0.034
0 0.447 0.029 0.038 0.03
0 0.198 0.052 0.04 0.048
0 0.186 0.083 0.032 0.03
0 0.063 0.09 0.034 0.04
0 0.037 0.144 0.046 0.028
0 0.01 0.126 0.016 0.048
0 0.148 0.16 0.04 0.044
0 0.112 0.225 0.044 0.042
0 0.11 0.307 0.052 0.054
0 0.149 0.27 0.03 0.04
0 0.12 0.373 0.036 0.038
0 0.194 0.394 0.036 0.044
0 0.21 0.452 0.04 0.036
0 0.341 0.439 0.058 0.03
0 0.756 0.402 0.036 0.052
0 0.718 0.319 0.032 0.042
0 0.664 0.406 0.044 0.044
0 0.783 0.236 0.042 0.052
0 0.712 0.173 0.044 0.034
0 0.817 0.021 0.034 0.03
0 0.847 0.038 0.038 0.036
0 0.962 0.115 0.032 0.042
0 0.929 0.351 0.034 0.042
0 0.884 0.356 0.032 0.032
0 0.833 0.343 0.03 0.038
0 0.614 0.332 0.04 0.036
0 0.617 0.244 0.034 0.044
0 0.87 0.802 0.044 0.04
0 0.844 0.765 0.04 0.054
0 0.892 0.737 0.044 0.038
0 0.803 0.728 0.038 0.068
0 0.709 0.761 0.038 0.05
0 0.73 0.732 0.036 0.044
0 0.985 0.648 0.026 0.04
0 0.894 0.61 0.044 0.044
0 0.975 0.607 0.042 0.042
0 0.98 0.55 0.036 0.052
0 0.858 0.702 0.04 0.048
0 0.868 0.658 0.036 0.036
0 0.829 0.607 0.042 0.038
0 0.527 0.313 0.038 0.042
0 0.479 0.332 0.038 0.052
0 0.44 0.381 0.036 0.042
0 0.387 0.367 0.05 0.046
0 0.422 0.358 0.028 0.028
0 0.32 0.306 0.036 0.052
0 0.335 0.267 0.038 0.038
0 0.599 0.49 0.034 0.048
0 0.768 0.355 0.036 0.038
0 0.927 0.231 0.042 0.034
0 0.991 0.215 0.014 0.038
0 0.968 0.011 0.04 0.018
0 0.877 0.011 0.046 0.018
0 0.843 0.096 0.042 0.04
0 0.72 0.09 0.016 0.032
0 0.627 0.017 0.038 0.03
0 0.698 0.008 0.04 0.012
0 0.629 0.12 0.03 0.04
0 0.551 0.036 0.026 0.036
0 0.566 0.011 0.024 0.018
0 0.322 0.06 0.032 0.036
0 0.296 0.023 0.036 0.042
0 0.222 0.008 0.04 0.012
0 0.014 0.059 0.024 0.042
0 0.135 0.059 0.03 0.034
0 0.087 0.135 0.03 0.03
0 0.035 0.297 0.03 0.026
0 0.071 0.254 0.01 0.036
0 0.006 0.325 0.008 0.042
0 0.046 0.489 0.036 0.038
0 0.013 0.522 0.022 0.052
0 0.141 0.604 0.042 0.048
0 0.044 0.666 0.048 0.064
0 0.073 0.767 0.042 0.038
0 0.154 0.866 0.044 0.032
0 0.207 0.803 0.022 0.026
0 0.355 0.828 0.03 0.036
0 0.323 0.828 0.034 0.052
0 0.432 0.907 0.032 0.066
0 0.436 0.951 0.028 0.038
0 0.632 0.922 0.052 0.044
0 0.724 0.956 0.032 0.032
0 0.644 0.992 0.044 0.012
0 0.655 0.96 0.038 0.032
0 0.828 0.933 0.04 0.034
0 0.971 0.926 0.05 0.044
0 0.983 0.887 0.03 0.05
0 0.996 0.989 0.008 0.018
0 0.934 0.996 0.028 0.004
0 0.875 0.923 0.026 0.046
0 0.754 0.987 0.028 0.022
0 0.751 0.916 0.038 0.036
0 0.76 0.884 0.036 0.032
0 0.142 0.965 0.044 0.042
0 0.371 0.637 0.034 0.05
0 0.464 0.51 0.048 0.068
0 0.537 0.427 0.034 0.046
0 0.702 0.379 0.044 0.038
0 0.694 0.452 0.04 0.044
0 0.838 0.15 0.04 0.048
0 0.097 0.954 0.038 0.04
0 0.616 0.625 0.052 0.042
0 0.624 0.656 0.04 0.028
0 0.217 0.993 0.022 0.01
0 0.127 0.995 0.046 0.006
0 0.985 0.437 0.026 0.058
0 0.745 0.271 0.026 0.034
0 0.769 0.058 0.038 0.036
0 0.443 0.427 0.042 0.046
0 0.006 0.387 0.008 0.018
0 0.452 0.011 0.036 0.018
0 0.566 0.466 0.04 0.04
1 0.506 0.373 0.028 0.026
1 0.636 0.485 0.02 0.026
1 0.911 0.058 0.014 0.02
1 0.539 0.107 0.026 0.022
1 0.116 0.04 0.024 0.024
1 0.128 0.832 0.016 0.028
1 0.387 0.942 0.022 0.02
1 0.329 0.949 0.018 0.034
1 0.598 0.979 0.036 0.022
1 0.893 0.945 0.026 0.018
1 0.877 0.259 0.022 0.03
1 0.526 0.946 0.024 0.028
1 0.752 0.307 0.016 0.038
1 0.161 0.402 0.014 0.016
1 0.132 0.474 0.02 0.016
1 0.168 0.653 0.02 0.014
1 0.973 0.87 0.018 0.016
1 0.933 0.851 0.018 0.014
1 0.46 0.823 0.024 0.026
1 0.443 0.8 0.022 0.024
1 0.426 0.699 0.016 0.018
1 0.04 0.992 0.036 0.012
1 0.61 0.067 0.024 0.022
1 0.379 0.177 0.022 0.026
1 0.289 0.486 0.026 0.016
1 0.3 0.517 0.024 0.026
1 0.913 0.45 0.018 0.02
1 0.768 0.597 0.016 0.018
1 0.522 0.368 0.02 0.02
1 0.254 0.191 0.016 0.026
2 0.794 0.285 0.036 0.03
2 0.925 0.616 0.026 0.024
2 0.466 0.225 0.024 0.038
2 0.458 0.251 0.02 0.022
2 0.525 0.256 0.026 0.02
2 0.659 0.476 0.022 0.028
2 0.764 0.456 0.016 0.016
2 0.793 0.359 0.022 0.034
2 0.934 0.259 0.028 0.018
2 0.734 0.091 0.012 0.018
2 0.868 0.078 0.032 0.028
2 0.96 0.071 0.016 0.022
2 0.027 0.258 0.038 0.024
2 0.07 0.466 0.032 0.032
2 0.031 0.455 0.014 0.018
2 0.136 0.731 0.036 0.054
2 0.089 0.749 0.026 0.022
2 0.027 0.604 0.014 0.016
2 0.158 0.572 0.008 0.028
2 0.13 0.789 0.012 0.022
2 0.906 0.931 0.012 0.01
2 0.924 0.871 0.016 0.014
2 0.915 0.887 0.022 0.022
2 0.64 0.864 0.016 0.04
2 0.608 0.888 0.028 0.024
2 0.815 0.871 0.038 0.014
2 0.693 0.082 0.034 0.036
2 0.2 0.137 0.02 0.026
2 0.172 0.169 0.02 0.034
2 0.118 0.187 0.02 0.03
2 0.7 0.27 0.032 0.016
2 0.28 0.437 0.02 0.014
2 0.246 0.403 0.028 0.034
2 0.231 0.281 0.014 0.026
2 0.434 0.121 0.028 0.026
2 0.477 0.078 0.018 0.02
2 0.012 0.842 0.02 0.024
2 0.103 0.833 0.01 0.022
2 0.294 0.679 0.028 0.038
2 0.514 0.525 0.032 0.054
2 0.936 0.412 0.02 0.02
2 0.772 0.501 0.028 0.038
2 0.541 0.795 0.03 0.022
2 0.52 0.789 0.016 0.038
2 0.415 0.85 0.03 0.048
2 0.488 0.882 0.012 0.02
2 0.759 0.75 0.014 0.02
2 0.827 0.808 0.022 0.02
2 0.823 0.975 0.03 0.018
2 0.929 0.812 0.018 0.02
2 0.888 0.827 0.012 0.014
2 0.9 0.819 0.012 0.018
2 0.505 0.795 0.01 0.026
2 0.535 0.844 0.006 0.02
2 0.534 0.983 0.028 0.03
2 0.097 0.855 0.014 0.014
2 0.942 0.512 0.028 0.032
2 0.594 0.453 0.016 0.022
2 0.755 0.216 0.034 0.028
2 0.393 0.762 0.022 0.024
2 0.403 0.603 0.022 0.014
2 0.332 0.646 0.008 0.008
2 0.286 0.585 0.028 0.034
2 0.69 0.152 0.024 0.028
2 0.651 0.123 0.014 0.014
2 0.745 0.106 0.006 0.012
2 0.594 0.31 0.024 0.04
2 0.241 0.779 0.014 0.018
2 0.166 0.416 0.028 0.02
2 0.296 0.392 0.016 0.012
2 0.164 0.45 0.024 0.016
2 0.463 0.61 0.022 0.016
2 0.769 0.544 0.018 0.024
2 0.051 0.537 0.03 0.026
2 0.093 0.402 0.018 0.032
2 0.616 0.214 0.04 0.036
2 0.649 0.269 0.014 0.01
2 0.898 0.06 0.02 0.024
2 0.215 0.81 0.022 0.032
2 0.351 0.34 0.034 0.032
2 0.6 0.392 0.016 0.016
2 0.211 0.117 0.038 0.022
2 0.048 0.193 0.044 0.014
2 0.945 0.079 0.022 0.026