0 0.613 0.605 0.05 0.046
0 0.967 0.904 0.058 0.06
0 0.979 0.951 0.038 0.066
0 0.985 0.85 0.026 0.044
0 0.977 0.796 0.038 0.064
0 0.891 0.812 0.046 0.068
0 0.925 0.625 0.054 0.066
0 0.928 0.558 0.044 0.056
0 0.885 0.598 0.034 0.04
0 0.811 0.525 0.054 0.054
0 0.84 0.69 0.052 0.052
0 0.762 0.98 0.06 0.036
0 0.734 0.952 0.04 0.052
0 0.707 0.906 0.066 0.076
0 0.65 0.917 0.044 0.082
0 0.745 0.687 0.066 0.074
0 0.709 0.643 0.038 0.062
0 0.667 0.611 0.062 0.05
0 0.557 0.61 0.05 0.044
0 0.69 0.786 0.056 0.052
0 0.626 0.733 0.052 0.042
0 0.575 0.743 0.046 0.054
0 0.534 0.705 0.072 0.062
0 0.463 0.707 0.062 0.066
0 0.814 0.933 0.044 0.054
0 0.935 0.683 0.042 0.05
0 0.62 0.808 0.052 0.068
0 0.596 0.935 0.028 0.046
0 0.486 0.979 0.052 0.038
0 0.469 0.887 0.066 0.062
0 0.413 0.899 0.062 0.054
0 0.408 0.971 0.056 0.042
0 0.335 0.949 0.046 0.042
0 0.152 0.934 0.04 0.068
0 0.165 0.974 0.054 0.048
0 0.202 0.889 0.056 0.062
0 0.235 0.875 0.03 0.03
0 0.301 0.819 0.042 0.054
0 0.281 0.766 0.062 0.064
0 0.97 0.219 0.056 0.058
0 0.889 0.235 0.042 0.046
0 0.906 0.204 0.048 0.036
0 0.856 0.154 0.056 0.04
0 0.866 0.11 0.048 0.044
0 0.978 0.097 0.04 0.046
0 0.989 0.124 0.018 0.048
0 0.791 0.13 0.062 0.076
0 0.772 0.053 0.04 0.058
0 0.78 0.012 0.06 0.02
0 0.91 0.021 0.036 0.038
0 0.665 0.009 0.038 0.014
0 0.544 0.018 0.028 0.024
0 0.515 0.018 0.046 0.032
0 0.369 0.016 0.062 0.028
0 0.41 0.044 0.044 0.06
0 0.373 0.109 0.046 0.058
0 0.666 0.109 0.052 0.05
0 0.256 0.108 0.04 0.052
0 0.947 0.381 0.05 0.054
0 0.985 0.305 0.026 0.066
0 0.716 0.158 0.052 0.052
0 0.647 0.164 0.054 0.044
0 0.567 0.117 0.05 0.042
0 0.667 0.23 0.05 0.056
0 0.656 0.206 0.056 0.04
0 0.598 0.242 0.052 0.048
0 0.542 0.194 0.06 0.056
0 0.495 0.226 0.058 0.056
0 0.808 0.305 0.052 0.05
0 0.621 0.324 0.042 0.056
0 0.684 0.34 0.044 0.06
0 0.648 0.34 0.052 0.056
0 0.561 0.308 0.038 0.06
0 0.461 0.307 0.07 0.07
0 0.437 0.179 0.078 0.078
0 0.341 0.251 0.05 0.054
0 0.35 0.323 0.056 0.054
0 0.118 0.075 0.056 0.094
0 0.191 0.781 0.054 0.042
0 0.769 0.402 0.046 0.04
0 0.338 0.511 0.06 0.062
0 0.267 0.489 0.046 0.07
0 0.344 0.717 0.04 0.046
0 0.322 0.639 0.052 0.046
0 0.265 0.595 0.062 0.05
0 0.551 0.43 0.062 0.072
0 0.044 0.679 0.052 0.05
0 0.037 0.568 0.046 0.06
0 0.008 0.517 0.012 0.062
0 0.049 0.622 0.058 0.04
0 0.701 0.473 0.062 0.062
0 0.669 0.536 0.058 0.06
0 0.033 0.006 0.034 0.008
0 0.103 0.171 0.042 0.054
0 0.201 0.241 0.082 0.062
0 0.287 0.272 0.038 0.056
0 0.026 0.31 0.044 0.06
0 0.065 0.302 0.038 0.072
0 0.112 0.393 0.06 0.058
0 0.129 0.452 0.058 0.056
0 0.33 0.406 0.06 0.056
0 0.241 0.403 0.05 0.042
0 0.162 0.432 0.028 0.04
0 0.12 0.487 0.04 0.046
0 0.477 0.371 0.054 0.046
0 0.271 0.681 0.054 0.058
0 0.437 0.617 0.05 0.042
0 0.372 0.627 0.044 0.054
0 0.397 0.669 0.042 0.05
0 0.403 0.543 0.042 0.054
0 0.391 0.749 0.038 0.05
1 0.881 0.898 0.018 0.02
1 0.927 0.831 0.034 0.026
1 0.899 0.842 0.022 0.028
1 0.874 0.617 0.016 0.038
1 0.814 0.797 0.02 0.022
1 0.832 0.839 0.028 0.022
1 0.832 0.82 0.028 0.024
1 0.759 0.751 0.034 0.026
1 0.837 0.728 0.034 0.024
1 0.904 0.698 0.036 0.028
1 0.543 0.872 0.026 0.02
1 0.596 0.965 0.02 0.034
1 0.202 0.984 0.02 0.028
1 0.19 0.848 0.024 0.028
1 0.848 0.183 0.044 0.022
1 0.913 0.164 0.026 0.032
1 0.931 0.014 0.014 0.024
1 0.802 0.046 0.02 0.032
1 0.894 0.007 0.028 0.01
1 0.477 0.011 0.026 0.018
1 0.435 0.085 0.03 0.026
1 0.346 0.131 0.028 0.038
1 0.335 0.075 0.026 0.066
1 0.716 0.121 0.036 0.018
1 0.214 0.031 0.028 0.018
1 0.915 0.333 0.03 0.038
1 0.905 0.298 0.03 0.036
1 0.576 0.158 0.028 0.02
1 0.489 0.16 0.018 0.028
1 0.562 0.255 0.024 0.018
1 0.782 0.253 0.024 0.03
1 0.213 0.793 0.018 0.014
1 0.817 0.35 0.026 0.024
1 0.742 0.363 0.028 0.018
1 0.751 0.389 0.05 0.03
1 0.623 0.418 0.038 0.02
1 0.664 0.412 0.036 0.016
1 0.114 0.766 0.028 0.028
1 0.106 0.597 0.02 0.018
1 0.014 0.436 0.024 0.02
1 0.699 0.512 0.026 0.032
1 0.812 0.247 0.032 0.042
1 0.75 0.285 0.04 0.05
1 0.283 0.047 0.026 0.026
1 0.074 0.098 0.02 0.032
1 0.154 0.222 0.028 0.024
1 0.25 0.184 0.02 0.016
1 0.127 0.179 0.018 0.014
1 0.097 0.326 0.03 0.032
1 0.069 0.345 0.026 0.03
1 0.034 0.154 0.024 0.028
1 0.267 0.343 0.022 0.026
1 0.009 0.26 0.014 0.02
1 0.742 0.868 0.028 0.024
1 0.762 0.857 0.024 0.042
1 0.396 0.628 0.028 0.032
1 0.359 0.656 0.014 0.016
1 0.403 0.494 0.022 0.028
1 0.393 0.465 0.03 0.026
1 0.439 0.555 0.03 0.022
1 0.467 0.599 0.022 0.022
1 0.45 0.579 0.024 0.03
1 0.478 0.575 0.016 0.018
1 0.446 0.5 0.032 0.044
1 0.478 0.526 0.032 0.024
1 0.453 0.537 0.03 0.026
1 0.99 0.59 0.016 0.02
1 0.982 0.673 0.024 0.022
1 0.961 0.673 0.01 0.018
1 0.351 0.871 0.046 0.03
1 0.491 0.955 0.022 0.018
2 0.991 0.066 0.014 0.02
2 0.69 0.41 0.072 0.04
2 0.62 0.444 0.032 0.032
2 0.081 0.917 0.026 0.03
2 0.011 0.618 0.018 0.016
2 0.876 0.401 0.016 0.022
2 0.89 0.403 0.012 0.01
2 0.886 0.392 0.012 0.012
2 0.081 0.018 0.014 0.016
2 0.294 0.144 0.044 0.028
2 0.224 0.435 0.016 0.01
2 0.012 0.154 0.02 0.056
2 0.163 0.324 0.018 0.036
2 0.026 0.347 0.044 0.034
2 0.142 0.273 0.016 0.038
2 0.015 0.463 0.026 0.03
2 0.173 0.554 0.022 0.028
2 0.171 0.583 0.022 0.018
2 0.166 0.62 0.02 0.012
2 0.23 0.327 0.012 0.018
2 0.457 0.828 0.026 0.048
2 0.939 0.479 0.03 0.042
2 0.781 0.45 0.026 0.04
2 0.49 0.4 0.028 0.04
2 0.117 0.244 0.018 0.016
2 0.105 0.228 0.014 0.008
2 0.32 0.474 0.02 0.028
2 0.332 0.472 0.016 0.032
2 0.26 0.061 0.048 0.05
2 0.598 0.45 0.028 0.036
2 0.571 0.459 0.018 0.022
2 0.555 0.518 0.022 0.024
2 0.557 0.49 0.018 0.028
2 0.547 0.486 0.01 0.02
2 0.521 0.545 0.046 0.038
2 0.397 0.583 0.026 0.026
2 0.492 0.504 0.02 0.02
2 0.467 0.501 0.002 0.014
2 0.432 0.52 0.036 0.04
2 0.226 0.529 0.016 0.018
2 0.994 0.632 0.008 0.06
2 0.8 0.622 0.02 0.012
2 0.788 0.653 0.008 0.014
2 0.772 0.643 0.02 0.014
2 0.796 0.636 0.008 0.016
2 0.35 0.765 0.04 0.038
2 0.244 0.757 0.012 0.01
2 0.478 0.758 0.016 0.02
2 0.501 0.759 0.022 0.026
2 0.349 0.888 0.014 0.02
2 0.36 0.893 0.008 0.01
2 0.678 0.977 0.044 0.03
2 0.807 0.86 0.014 0.016
2 0.826 0.804 0.02 0.036
2 0.634 0.849 0.016 0.022
2 0.573 0.973 0.018 0.022
2 0.525 0.931 0.014 0.026
2 0.472 0.967 0.016 0.014