0 0.944 0.392 0.044 0.064
0 0.856 0.168 0.052 0.096
0 0.709 0.159 0.038 0.078
0 0.685 0.075 0.042 0.058
0 0.552 0.088 0.036 0.048
0 0.612 0.217 0.028 0.058
0 0.666 0.315 0.028 0.086
0 0.702 0.285 0.036 0.066
0 0.612 0.308 0.028 0.048
0 0.53 0.281 0.028 0.05
0 0.468 0.281 0.04 0.066
0 0.494 0.371 0.04 0.066
0 0.571 0.396 0.026 0.056
0 0.505 0.471 0.038 0.062
0 0.448 0.429 0.04 0.058
0 0.414 0.475 0.036 0.05
0 0.374 0.432 0.032 0.044
0 0.27 0.368 0.028 0.04
0 0.21 0.305 0.032 0.058
0 0.229 0.248 0.03 0.068
0 0.147 0.171 0.054 0.086
0 0.056 0.131 0.028 0.058
0 0.019 0.161 0.034 0.03
0 0.062 0.305 0.032 0.098
0 0.028 0.272 0.028 0.092
0 0.257 0.45 0.034 0.048
0 0.218 0.447 0.024 0.046
0 0.278 0.473 0.04 0.058
0 0.275 0.567 0.03 0.054
0 0.373 0.618 0.038 0.06
0 0.421 0.626 0.026 0.048
0 0.616 0.586 0.044 0.068
0 0.603 0.637 0.03 0.062
0 0.637 0.681 0.03 0.042
0 0.698 0.744 0.032 0.052
0 0.689 0.674 0.03 0.064
0 0.875 0.227 0.046 0.078
0 0.88 0.279 0.04 0.05
0 0.637 0.14 0.078 0.048
0 0.524 0.187 0.032 0.042
0 0.502 0.166 0.036 0.044
0 0.393 0.276 0.03 0.052
0 0.362 0.227 0.04 0.054
0 0.263 0.279 0.038 0.066
0 0.13 0.254 0.044 0.076
0 0.033 0.426 0.034 0.052
0 0.034 0.465 0.036 0.034
0 0.041 0.511 0.03 0.05
0 0.059 0.548 0.034 0.052
0 0.135 0.503 0.034 0.042
0 0.117 0.521 0.038 0.054
0 0.103 0.593 0.03 0.046
0 0.203 0.657 0.042 0.058
0 0.155 0.633 0.026 0.054
0 0.066 0.677 0.032 0.034
0 0.031 0.642 0.03 0.036
0 0.134 0.583 0.028 0.042
0 0.23 0.579 0.032 0.046
0 0.247 0.697 0.026 0.042
0 0.295 0.726 0.026 0.04
0 0.348 0.665 0.032 0.046
0 0.477 0.679 0.03 0.058
0 0.5 0.713 0.032 0.042
0 0.509 0.801 0.03 0.066
0 0.54 0.838 0.032 0.044
0 0.615 0.829 0.03 0.05
0 0.67 0.888 0.036 0.056
0 0.762 0.865 0.024 0.058
0 0.783 0.872 0.03 0.052
0 0.772 0.928 0.032 0.052
0 0.957 0.942 0.026 0.044
0 0.958 0.981 0.032 0.034
0 0.918 0.985 0.036 0.026
0 0.917 0.944 0.038 0.056
0 0.955 0.861 0.042 0.074
0 0.938 0.813 0.04 0.054
0 0.892 0.748 0.036 0.036
0 0.975 0.644 0.046 0.064
0 0.973 0.739 0.05 0.07
0 0.807 0.686 0.03 0.044
0 0.771 0.689 0.03 0.066
0 0.943 0.525 0.042 0.074
0 0.808 0.394 0.044 0.104
0 0.783 0.417 0.022 0.062
0 0.745 0.407 0.03 0.046
0 0.764 0.558 0.036 0.06
0 0.81 0.539 0.02 0.03
0 0.846 0.564 0.032 0.056
0 0.819 0.609 0.038 0.054
0 0.748 0.619 0.028 0.046
0 0.56 0.509 0.044 0.054
0 0.649 0.552 0.022 0.028
0 0.622 0.53 0.028 0.024
0 0.692 0.445 0.028 0.046
0 0.719 0.447 0.026 0.042
0 0.601 0.737 0.03 0.042
0 0.471 0.741 0.022 0.03
0 0.474 0.774 0.016 0.032
0 0.432 0.791 0.028 0.062
0 0.41 0.851 0.024 0.038
0 0.425 0.907 0.026 0.042
0 0.533 0.9 0.034 0.036
0 0.548 0.922 0.032 0.036
0 0.55 0.957 0.028 0.034
0 0.411 0.977 0.03 0.042
0 0.485 0.917 0.026 0.042
0 0.388 0.905 0.032 0.042
0 0.32 0.874 0.028 0.04
0 0.31 0.907 0.036 0.038
0 0.285 0.946 0.03 0.044
0 0.388 0.985 0.032 0.026
0 0.315 0.8 0.046 0.056
0 0.228 0.799 0.04 0.062
0 0.129 0.885 0.022 0.038
0 0.151 0.946 0.018 0.036
0 0.211 0.974 0.03 0.028
0 0.09 0.934 0.028 0.032
0 0.084 0.9 0.032 0.04
0 0.047 0.893 0.03 0.042
0 0.027 0.842 0.03 0.052
0 0.009 0.805 0.014 0.042
0 0.128 0.802 0.028 0.048
0 0.089 0.86 0.03 0.036
0 0.506 0.258 0.04 0.06
0 0.49 0.063 0.032 0.054
0 0.557 0.011 0.034 0.022
0 0.424 0.077 0.048 0.082
0 0.453 0.096 0.026 0.052
0 0.442 0.125 0.028 0.026
0 0.334 0.032 0.032 0.052
0 0.411 0.011 0.046 0.022
0 0.193 0.02 0.046 0.04
0 0.218 0.047 0.028 0.038
0 0.267 0.134 0.034 0.068
0 0.148 0.11 0.024 0.048
0 0.138 0.018 0.032 0.036
0 0.018 0.063 0.032 0.078
0 0.021 0.125 0.038 0.058
0 0.098 0.386 0.024 0.032
0 0.412 0.394 0.028 0.036
0 0.374 0.309 0.048 0.102
0 0.518 0.587 0.036 0.09
0 0.532 0.635 0.028 0.078
0 0.376 0.711 0.044 0.046
0 0.198 0.756 0.024 0.048
0 0.184 0.77 0.04 0.068
0 0.12 0.762 0.024 0.028
0 0.012 0.714 0.02 0.056
0 0.094 0.614 0.028 0.044
0 0.047 0.611 0.034 0.07
0 0.106 0.686 0.024 0.048
0 0.206 0.405 0.032 0.03
0 0.191 0.432 0.034 0.036
0 0.429 0.58 0.022 0.044
0 0.404 0.585 0.024 0.038
0 0.982 0.036 0.032 0.056
0 0.822 0.027 0.028 0.038
0 0.763 0.113 0.022 0.026
0 0.827 0.513 0.042 0.062
0 0.706 0.894 0.036 0.068
0 0.747 0.991 0.022 0.014
0 0.645 0.985 0.03 0.026
0 0.627 0.979 0.022 0.026
0 0.328 0.973 0.068 0.042
0 0.331 0.946 0.038 0.02
0 0.224 0.837 0.024 0.038
0 0.245 0.993 0.018 0.01
0 0.193 0.993 0.018 0.01
0 0.045 0.947 0.018 0.038
0 0.857 0.512 0.018 0.02
0 0.991 0.275 0.014 0.042
0 0.994 0.323 0.008 0.026
0 0.769 0.254 0.03 0.032
0 0.85 0.329 0.028 0.046
0 0.823 0.347 0.022 0.034
0 0.683 0.383 0.022 0.046
0 0.63 0.36 0.02 0.036
0 0.334 0.456 0.044 0.076
0 0.608 0.673 0.02 0.026
0 0.864 0.711 0.028 0.034
0 0.812 0.873 0.024 0.038
0 0.798 0.77 0.036 0.04
0 0.741 0.662 0.034 0.02
0 0.68 0.013 0.036 0.026
0 0.639 0.034 0.022 0.032
0 0.442 0.227 0.02 0.026
0 0.983 0.179 0.03 0.042
0 0.15 0.242 0.044 0.076
0 0.351 0.921 0.026 0.034
0 0.677 0.849 0.026 0.022
0 0.587 0.696 0.03 0.032
0 0.607 0.713 0.01 0.018
0 0.589 0.755 0.018 0.026
0 0.489 0.797 0.018 0.034
1 0.439 0.852 0.026 0.02
1 0.101 0.071 0.018 0.018
1 0.109 0.068 0.014 0.02
1 0.157 0.335 0.018 0.03
1 0.08 0.826 0.02 0.024
1 0.107 0.78 0.014 0.036
1 0.245 0.872 0.018 0.016
1 0.09 0.99 0.028 0.016
1 0.168 0.953 0.012 0.026
1 0.162 0.895 0.012 0.018
1 0.406 0.802 0.016 0.028
1 0.649 0.906 0.018 0.028
1 0.901 0.884 0.018 0.02
1 0.872 0.91 0.024 0.024
1 0.697 0.819 0.042 0.018
1 0.621 0.857 0.014 0.014
1 0.56 0.738 0.024 0.028
1 0.692 0.628 0.02 0.04
1 0.723 0.59 0.014 0.012
1 0.729 0.581 0.018 0.018
1 0.901 0.63 0.018 0.036
1 0.778 0.484 0.016 0.024
1 0.938 0.28 0.016 0.024
1 0.736 0.19 0.032 0.016
1 0.745 0.225 0.026 0.03
1 0.686 0.25 0.02 0.02
1 0.561 0.28 0.018 0.024
1 0.57 0.322 0.008 0.02
1 0.407 0.505 0.014 0.022
1 0.331 0.529 0.014 0.022
1 0.375 0.504 0.018 0.024
1 0.347 0.299 0.018 0.022
1 0.276 0.313 0.02 0.022
1 0.173 0.394 0.018 0.016
1 0.026 0.35 0.02 0.02
1 0.013 0.394 0.018 0.04
1 0.033 0.569 0.026 0.022
1 0.199 0.563 0.022 0.05
1 0.173 0.561 0.01 0.014
1 0.164 0.537 0.016 0.022
1 0.551 0.711 0.022 0.018
1 0.225 0.617 0.01 0.01
1 0.217 0.618 0.01 0.012
1 0.236 0.623 0.016 0.018
1 0.779 0.764 0.022 0.024
1 0.795 0.622 0.018 0.02
1 0.868 0.077 0.024 0.018
1 0.844 0.089 0.032 0.018
1 0.674 0.034 0.016 0.024
1 0.493 0.143 0.03 0.022
1 0.342 0.171 0.036 0.022
1 0.29 0.06 0.02 0.016
1 0.32 0.098 0.012 0.02
1 0.458 0.222 0.016 0.028
1 0.244 0.145 0.004 0.01
1 0.238 0.145 0.008 0.014
1 0.336 0.149 0.024 0.018
1 0.911 0.302 0.014 0.032
1 0.733 0.879 0.01 0.034
1 0.663 0.938 0.018 0.024
2 0.004 0.896 0.004 0.028
2 0.006 0.975 0.008 0.026
2 0.845 0.694 0.014 0.012
2 0.857 0.922 0.022 0.024
2 0.607 0.063 0.022 0.026
2 0.636 0.005 0.016 0.01
2 0.32 0.204 0.024 0.016
2 0.316 0.185 0.012 0.018
2 0.996 0.42 0.004 0.024
2 0.986 0.518 0.02 0.028
2 0.94 0.594 0.012 0.024
2 0.88 0.567 0.016 0.014
2 0.719 0.566 0.014 0.024
2 0.621 0.475 0.018 0.014
2 0.705 0.358 0.01 0.02
2 0.93 0.052 0.028 0.02
2 0.931 0.031 0.014 0.018
2 0.944 0.005 0.016 0.01
2 0.883 0.008 0.014 0.016
2 0.364 0.107 0.024 0.038
2 0.035 0.015 0.022 0.014
2 0.075 0.367 0.018 0.034
2 0.37 0.756 0.036 0.024
2 0.265 0.768 0.01 0.012
2 0.254 0.762 0.012 0.016
2 0.238 0.755 0.016 0.018
2 0.283 0.866 0.014 0.016
2 0.982 0.994 0.016 0.008
2 0.827 0.996 0.014 0.004
2 0.844 0.987 0.02 0.018
2 0.69 0.996 0.016 0.004
2 0.605 0.997 0.014 0.002
2 0.898 0.094 0.016 0.016
2 0.563 0.439 0.03 0.062
2 0.525 0.445 0.006 0.006