0 0.344 0.865 0.04 0.046
0 0.456 0.821 0.044 0.046
0 0.249 0.795 0.054 0.058
0 0.029 0.026 0.058 0.048
0 0.018 0.044 0.036 0.036
0 0.219 0.009 0.042 0.014
0 0.212 0.043 0.032 0.042
0 0.281 0.033 0.038 0.03
0 0.281 0.089 0.034 0.05
0 0.322 0.105 0.044 0.078
0 0.393 0.081 0.034 0.05
0 0.482 0.017 0.048 0.03
0 0.543 0.009 0.034 0.014
0 0.651 0.041 0.038 0.042
0 0.711 0.053 0.07 0.062
0 0.764 0.01 0.036 0.016
0 0.727 0.019 0.054 0.034
0 0.82 0.017 0.044 0.03
0 0.817 0.088 0.07 0.06
0 0.934 0.006 0.028 0.008
0 0.971 0.078 0.054 0.044
0 0.937 0.144 0.046 0.036
0 0.86 0.196 0.056 0.072
0 0.702 0.225 0.036 0.062
0 0.598 0.113 0.044 0.058
0 0.549 0.151 0.042 0.042
0 0.505 0.182 0.054 0.044
0 0.466 0.192 0.044 0.044
0 0.385 0.144 0.054 0.048
0 0.424 0.228 0.036 0.048
0 0.334 0.213 0.048 0.062
0 0.421 0.14 0.07 0.052
0 0.217 0.149 0.03 0.05
0 0.065 0.332 0.03 0.06
0 0.115 0.328 0.046 0.044
0 0.293 0.306 0.03 0.04
0 0.326 0.317 0.036 0.034
0 0.341 0.386 0.034 0.044
0 0.112 0.079 0.04 0.05
0 0.278 0.178 0.056 0.048
0 0.229 0.308 0.054 0.036
0 0.126 0.232 0.052 0.04
0 0.076 0.242 0.052 0.056
0 0.232 0.406 0.036 0.036
0 0.078 0.489 0.04 0.038
0 0.026 0.444 0.036 0.044
0 0.013 0.539 0.026 0.062
0 0.008 0.627 0.016 0.014
0 0.083 0.623 0.05 0.054
0 0.129 0.488 0.038 0.036
0 0.137 0.534 0.046 0.048
0 0.209 0.642 0.03 0.032
0 0.251 0.684 0.05 0.04
0 0.364 0.575 0.04 0.066
0 0.319 0.555 0.042 0.09
0 0.086 0.693 0.052 0.058
0 0.089 0.752 0.05 0.036
0 0.049 0.729 0.046 0.05
0 0.076 0.79 0.06 0.044
0 0.025 0.831 0.05 0.058
0 0.019 0.943 0.038 0.046
0 0.207 0.768 0.034 0.036
0 0.364 0.651 0.024 0.022
0 0.556 0.451 0.048 0.054
0 0.522 0.483 0.04 0.042
0 0.748 0.377 0.052 0.058
0 0.698 0.299 0.052 0.046
0 0.967 0.336 0.062 0.048
0 0.895 0.482 0.05 0.04
0 0.722 0.615 0.044 0.046
0 0.771 0.614 0.05 0.06
0 0.66 0.734 0.088 0.072
0 0.747 0.718 0.038 0.032
0 0.842 0.787 0.04 0.038
0 0.47 0.281 0.04 0.038
0 0.579 0.275 0.038 0.05
0 0.705 0.383 0.03 0.054
0 0.807 0.314 0.054 0.04
0 0.838 0.313 0.036 0.046
0 0.197 0.681 0.026 0.026
0 0.706 0.519 0.016 0.018
0 0.096 0.954 0.028 0.024
0 0.222 0.949 0.044 0.042
0 0.293 0.9 0.034 0.04
0 0.43 0.984 0.04 0.028
0 0.332 0.991 0.024 0.014
0 0.282 0.964 0.036 0.02
0 0.524 0.972 0.064 0.04
0 0.908 0.899 0.048 0.03
0 0.983 0.856 0.03 0.044
0 0.949 0.966 0.054 0.064
0 0.901 0.929 0.03 0.018
0 0.877 0.976 0.05 0.044
0 0.837 0.99 0.042 0.016
0 0.773 0.913 0.03 0.03
0 0.789 0.862 0.034 0.04
0 0.755 0.848 0.03 0.036
0 0.741 0.875 0.03 0.03
0 0.719 0.862 0.034 0.032
0 0.672 0.915 0.084 0.086
0 0.58 0.775 0.064 0.054
0 0.507 0.752 0.046 0.048
0 0.385 0.711 0.034 0.034
0 0.464 0.571 0.04 0.058
0 0.671 0.105 0.05 0.034
0 0.643 0.156 0.038 0.044
0 0.727 0.16 0.038 0.052
0 0.947 0.293 0.038 0.034
0 0.993 0.742 0.01 0.024
0 0.919 0.876 0.03 0.04
0 0.018 0.32 0.036 0.068
0 0.16 0.14 0.04 0.048
0 0.129 0.135 0.022 0.022
0 0.249 0.136 0.022 0.02
0 0.368 0.182 0.032 0.04
0 0.486 0.118 0.024 0.024
0 0.615 0.21 0.054 0.064
0 0.757 0.169 0.03 0.034
0 0.819 0.166 0.038 0.056
0 0.66 0.256 0.032 0.024
0 0.612 0.301 0.044 0.022
0 0.539 0.332 0.05 0.036
0 0.527 0.291 0.046 0.046
0 0.462 0.388 0.068 0.072
0 0.63 0.418 0.052 0.068
0 0.827 0.355 0.022 0.034
0 0.637 0.513 0.022 0.018
0 0.662 0.567 0.032 0.034
0 0.978 0.697 0.028 0.03
0 0.919 0.704 0.09 0.064
0 0.401 0.43 0.066 0.056
0 0.379 0.449 0.038 0.042
0 0.452 0.421 0.036 0.026
0 0.461 0.484 0.038 0.036
0 0.383 0.491 0.038 0.046
0 0.289 0.401 0.058 0.05
0 0.273 0.448 0.038 0.04
0 0.375 0.252 0.042 0.032
0 0.988 0.513 0.02 0.03
0 0.988 0.543 0.02 0.034
0 0.944 0.641 0.044 0.042
0 0.302 0.722 0.052 0.04
0 0.826 0.693 0.032 0.042
0 0.762 0.416 0.028 0.032
0 0.282 0.523 0.028 0.038
0 0.8 0.556 0.048 0.044
0 0.343 0.708 0.038 0.032
0 0.3 0.797 0.024 0.026
0 0.163 0.977 0.042 0.026
0 0.132 0.951 0.076 0.054
0 0.158 0.477 0.032 0.038
0 0.431 0.008 0.042 0.012
0 0.183 0.426 0.062 0.064
0 0.337 0.508 0.026 0.032
0 0.158 0.606 0.048 0.044
0 0.116 0.851 0.064 0.066
0 0.235 0.621 0.05 0.038
0 0.436 0.634 0.052 0.04
0 0.27 0.768 0.044 0.072
0 0.684 0.661 0.032 0.034
0 0.648 0.996 0.028 0.004
0 0.184 0.995 0.036 0.006
0 0.251 0.992 0.054 0.012
1 0.42 0.851 0.036 0.034
1 0.517 0.017 0.03 0.018
1 0.032 0.127 0.032 0.03
1 0.542 0.652 0.024 0.02
1 0.478 0.725 0.024 0.022
1 0.835 0.93 0.018 0.024
1 0.904 0.109 0.028 0.018
1 0.495 0.062 0.03 0.02
1 0.958 0.685 0.028 0.026
1 0.854 0.579 0.024 0.038
1 0.945 0.436 0.01 0.02
1 0.279 0.579 0.018 0.014
1 0.155 0.932 0.022 0.02
1 0.802 0.279 0.016 0.03
1 0.766 0.448 0.032 0.024
1 0.798 0.44 0.032 0.028
1 0.35 0.298 0.036 0.016
1 0.314 0.287 0.02 0.014
1 0.181 0.018 0.03 0.024
1 0.57 0.74 0.032 0.016
1 0.105 0.528 0.022 0.04
1 0.135 0.612 0.026 0.024
1 0.387 0.534 0.026 0.032
1 0.631 0.908 0.018 0.016
1 0.687 0.566 0.018 0.068
2 0.167 0.05 0.026 0.028
2 0.049 0.11 0.058 0.032
2 0.002 0.129 0.004 0.018
2 0.309 0.368 0.034 0.028
2 0.253 0.24 0.034 0.024
2 0.002 0.448 0.004 0.02
2 0.08 0.89 0.028 0.024
2 0.207 0.815 0.026 0.026
2 0.996 0.147 0.004 0.026
2 0.995 0.239 0.006 0.03
2 0.997 0.292 0.002 0.02
2 0.942 0.216 0.04 0.024
2 0.398 0.952 0.032 0.024
2 0.879 0.019 0.046 0.034
2 0.187 0.148 0.014 0.02
2 0.197 0.154 0.018 0.016
2 0.499 0.374 0.034 0.04
2 0.246 0.35 0.028 0.04
2 0.101 0.367 0.022 0.042
2 0.422 0.878 0.02 0.02
2 0.588 0.554 0.044 0.064
2 0.417 0.388 0.03 0.032
2 0.184 0.521 0.036 0.034
2 0.723 0.567 0.042 0.046
2 0.289 0.637 0.046 0.05
2 0.336 0.602 0.04 0.024
2 0.888 0.653 0.024 0.026
2 0.719 0.827 0.042 0.03
2 0.886 0.243 0.044 0.038