0 0.73 0.356 0.036 0.048
0 0.812 0.438 0.044 0.06
0 0.91 0.392 0.032 0.052
0 0.944 0.449 0.04 0.066
0 0.939 0.35 0.038 0.056
0 0.976 0.316 0.044 0.044
0 0.972 0.261 0.04 0.066
0 0.903 0.259 0.046 0.074
0 0.798 0.236 0.048 0.084
0 0.699 0.275 0.05 0.066
0 0.604 0.319 0.036 0.046
0 0.538 0.2 0.08 0.06
0 0.445 0.275 0.05 0.07
0 0.417 0.247 0.038 0.062
0 0.567 0.455 0.034 0.054
0 0.6 0.46 0.032 0.056
0 0.594 0.51 0.036 0.036
0 0.53 0.487 0.032 0.054
0 0.526 0.339 0.044 0.054
0 0.687 0.574 0.034 0.036
0 0.88 0.489 0.044 0.05
0 0.889 0.526 0.042 0.044
0 0.939 0.557 0.042 0.038
0 0.981 0.607 0.034 0.042
0 0.867 0.569 0.03 0.034
0 0.799 0.575 0.042 0.042
0 0.685 0.653 0.038 0.058
0 0.844 0.683 0.04 0.058
0 0.986 0.676 0.024 0.056
0 0.981 0.783 0.034 0.05
0 0.847 0.781 0.038 0.046
0 0.792 0.769 0.044 0.046
0 0.773 0.794 0.042 0.064
0 0.714 0.739 0.048 0.062
0 0.674 0.801 0.068 0.042
0 0.593 0.667 0.046 0.05
0 0.584 0.706 0.032 0.056
0 0.59 0.579 0.044 0.05
0 0.555 0.556 0.03 0.044
0 0.506 0.586 0.036 0.04
0 0.466 0.592 0.04 0.036
0 0.467 0.658 0.034 0.056
0 0.526 0.673 0.036 0.05
0 0.409 0.835 0.066 0.046
0 0.382 0.772 0.044 0.068
0 0.419 0.71 0.042 0.036
0 0.843 0.847 0.046 0.046
0 0.803 0.902 0.038 0.048
0 0.782 0.921 0.032 0.046
0 0.682 0.937 0.056 0.07
0 0.655 0.896 0.046 0.044
0 0.541 0.91 0.042 0.04
0 0.47 0.917 0.044 0.054
0 0.422 0.93 0.06 0.06
0 0.667 0.989 0.05 0.018
0 0.456 0.988 0.052 0.02
0 0.991 0.874 0.014 0.052
0 0.936 0.793 0.028 0.062
0 0.941 0.128 0.054 0.064
0 0.914 0.148 0.036 0.04
0 0.845 0.034 0.054 0.068
0 0.797 0.073 0.042 0.05
0 0.756 0.09 0.04 0.072
0 0.76 0.147 0.048 0.042
0 0.719 0.136 0.042 0.068
0 0.523 0.02 0.03 0.04
0 0.457 0.042 0.046 0.072
0 0.453 0.162 0.046 0.056
0 0.357 0.201 0.054 0.05
0 0.352 0.158 0.04 0.04
0 0.302 0.228 0.036 0.064
0 0.229 0.226 0.038 0.068
0 0.344 0.281 0.04 0.05
0 0.339 0.349 0.042 0.042
0 0.366 0.394 0.044 0.044
0 0.489 0.418 0.034 0.06
0 0.389 0.457 0.034 0.046
0 0.373 0.498 0.054 0.052
0 0.295 0.459 0.034 0.054
0 0.137 0.444 0.038 0.056
0 0.457 0.485 0.046 0.078
0 0.391 0.539 0.034 0.03
0 0.331 0.552 0.034 0.04
0 0.277 0.569 0.038 0.042
0 0.28 0.526 0.044 0.032
0 0.241 0.615 0.042 0.05
0 0.148 0.53 0.044 0.052
0 0.104 0.488 0.036 0.052
0 0.054 0.529 0.04 0.054
0 0.249 0.673 0.034 0.05
0 0.199 0.702 0.038 0.056
0 0.168 0.657 0.052 0.05
0 0.268 0.748 0.04 0.068
0 0.243 0.767 0.03 0.054
0 0.217 0.786 0.026 0.044
0 0.179 0.782 0.038 0.064
0 0.119 0.725 0.034 0.074
0 0.122 0.787 0.04 0.058
0 0.056 0.696 0.032 0.072
0 0.03 0.782 0.044 0.06
0 0.009 0.686 0.014 0.072
0 0.213 0.892 0.042 0.072
0 0.124 0.943 0.056 0.058
0 0.098 0.896 0.028 0.044
0 0.036 0.869 0.04 0.03
0 0.021 0.964 0.038 0.064
0 0.082 0.977 0.044 0.042
0 0.306 0.946 0.036 0.048
0 0.374 0.897 0.036 0.05
0 0.351 0.028 0.062 0.056
0 0.292 0.022 0.032 0.044
0 0.259 0.082 0.034 0.052
0 0.258 0.018 0.036 0.036
0 0.225 0.018 0.038 0.036
0 0.467 0.091 0.026 0.05
0 0.194 0.328 0.032 0.048
0 0.149 0.337 0.038 0.046
0 0.118 0.348 0.044 0.052
0 0.039 0.196 0.042 0.056
0 0.019 0.272 0.034 0.056
0 0.049 0.313 0.038 0.054
0 0.011 0.337 0.018 0.058
0 0.16 0.024 0.056 0.048
0 0.023 0.021 0.042 0.042
0 0.113 0.121 0.034 0.054
0 0.147 0.154 0.042 0.052
0 0.717 0.223 0.038 0.054
0 0.3 0.694 0.04 0.052
0 0.31 0.777 0.044 0.058
0 0.336 0.9 0.052 0.068
0 0.336 0.723 0.04 0.054
0 0.253 0.944 0.038 0.044
0 0.153 0.905 0.034 0.054
0 0.241 0.91 0.038 0.048
0 0.106 0.521 0.036 0.03
0 0.72 0.024 0.044 0.04
0 0.985 0.045 0.026 0.054
0 0.973 0.009 0.034 0.018
0 0.629 0.027 0.038 0.05
0 0.66 0.032 0.016 0.052
0 0.539 0.25 0.042 0.048
1 0.855 0.214 0.03 0.056
1 0.855 0.272 0.034 0.052
1 0.925 0.007 0.03 0.014
1 0.59 0.196 0.032 0.028
1 0.474 0.377 0.028 0.026
1 0.449 0.425 0.038 0.038
1 0.271 0.284 0.03 0.032
1 0.26 0.311 0.04 0.034
1 0.33 0.309 0.04 0.026
1 0.288 0.181 0.024 0.026
1 0.58 0.086 0.028 0.052
1 0.595 0.241 0.038 0.05
1 0.775 0.538 0.03 0.024
1 0.795 0.624 0.034 0.036
1 0.849 0.724 0.034 0.028
1 0.654 0.658 0.016 0.044
1 0.66 0.724 0.028 0.024
1 0.481 0.706 0.034 0.016
1 0.526 0.758 0.024 0.032
1 0.515 0.835 0.022 0.046
1 0.82 0.787 0.024 0.034
1 0.79 0.985 0.044 0.026
1 0.907 0.903 0.042 0.054
1 0.582 0.948 0.044 0.036
1 0.582 0.982 0.032 0.02
1 0.924 0.956 0.048 0.02
1 0.627 0.351 0.022 0.03
1 0.895 0.417 0.03 0.042
1 0.958 0.502 0.028 0.028
1 0.968 0.348 0.024 0.028
1 0.907 0.183 0.038 0.038
1 0.508 0.546 0.048 0.036
1 0.331 0.632 0.022 0.044
1 0.372 0.62 0.036 0.032
1 0.318 0.474 0.024 0.04
1 0.339 0.851 0.026 0.03
1 0.371 0.864 0.026 0.028
1 0.911 0.594 0.042 0.024
1 0.681 0.515 0.042 0.022
1 0.588 0.618 0.044 0.036
1 0.404 0.623 0.028 0.026
1 0.665 0.285 0.022 0.05
1 0.814 0.055 0.02 0.038
1 0.6 0.013 0.024 0.022
1 0.88 0.098 0.016 0.024
1 0.101 0.585 0.03 0.038
1 0.007 0.562 0.01 0.028
1 0.007 0.81 0.01 0.056
1 0.007 0.866 0.01 0.048
1 0.269 0.87 0.03 0.048
2 0.934 0.236 0.036 0.072
2 0.748 0.426 0.048 0.028
2 0.396 0.095 0.036 0.058
2 0.165 0.117 0.022 0.034
2 0.565 0.338 0.026 0.056
2 0.41 0.316 0.028 0.044
2 0.27 0.396 0.024 0.028
2 0.31 0.577 0.024 0.05
2 0.125 0.4 0.034 0.044
2 0.184 0.203 0.032 0.026
2 0.287 0.135 0.022 0.03
2 0.265 0.181 0.022 0.022
2 0.45 0.213 0.02 0.042
2 0.513 0.28 0.026 0.028
2 0.252 0.98 0.04 0.036
2 0.633 0.948 0.038 0.044
2 0.688 0.756 0.048 0.048
2 0.748 0.889 0.032 0.034
2 0.666 0.552 0.024 0.032
2 0.586 0.751 0.036 0.046
2 0.624 0.875 0.024 0.046