0 0.088 0.965 0.04 0.042
0 0.06 0.984 0.032 0.028
0 0.188 0.93 0.068 0.06
0 0.181 0.889 0.046 0.038
0 0.208 0.864 0.044 0.048
0 0.213 0.898 0.022 0.032
0 0.245 0.95 0.102 0.088
0 0.289 0.963 0.066 0.066
0 0.322 0.985 0.064 0.026
0 0.437 0.963 0.086 0.046
0 0.446 0.934 0.068 0.056
0 0.517 0.918 0.102 0.064
0 0.53 0.976 0.088 0.044
0 0.61 0.982 0.072 0.032
0 0.656 0.958 0.08 0.04
0 0.631 0.903 0.094 0.05
0 0.834 0.971 0.06 0.05
0 0.853 0.937 0.05 0.042
0 0.964 0.953 0.06 0.046
0 0.989 0.868 0.018 0.048
0 0.948 0.871 0.064 0.058
0 0.977 0.782 0.042 0.06
0 0.955 0.743 0.062 0.046
0 0.8 0.9 0.068 0.044
0 0.866 0.878 0.068 0.044
0 0.873 0.851 0.066 0.046
0 0.908 0.85 0.02 0.024
0 0.796 0.816 0.044 0.052
0 0.76 0.824 0.04 0.04
0 0.678 0.841 0.052 0.038
0 0.475 0.892 0.074 0.036
0 0.481 0.854 0.078 0.044
0 0.399 0.911 0.07 0.046
0 0.357 0.894 0.082 0.06
0 0.383 0.842 0.046 0.04
0 0.45 0.787 0.052 0.042
0 0.421 0.781 0.046 0.042
0 0.351 0.818 0.07 0.056
0 0.329 0.85 0.038 0.036
0 0.247 0.856 0.042 0.06
0 0.246 0.891 0.036 0.034
0 0.295 0.86 0.03 0.024
0 0.321 0.8 0.062 0.056
0 0.099 0.872 0.038 0.032
0 0.06 0.765 0.036 0.03
0 0.286 0.766 0.06 0.06
0 0.322 0.713 0.04 0.058
0 0.229 0.594 0.034 0.048
0 0.266 0.587 0.048 0.05
0 0.304 0.613 0.06 0.042
0 0.2 0.751 0.036 0.038
0 0.215 0.733 0.042 0.042
0 0.221 0.721 0.046 0.05
0 0.248 0.721 0.032 0.03
0 0.265 0.702 0.034 0.04
0 0.203 0.69 0.034 0.028
0 0.216 0.679 0.028 0.038
0 0.234 0.686 0.016 0.024
0 0.237 0.663 0.022 0.022
0 0.242 0.653 0.056 0.038
0 0.267 0.621 0.022 0.022
0 0.245 0.62 0.03 0.02
0 0.361 0.744 0.058 0.052
0 0.41 0.722 0.048 0.048
0 0.412 0.691 0.072 0.042
0 0.342 0.635 0.072 0.054
0 0.373 0.649 0.054 0.062
0 0.422 0.621 0.048 0.05
0 0.371 0.602 0.058 0.044
0 0.515 0.653 0.062 0.042
0 0.583 0.758 0.042 0.036
0 0.537 0.762 0.086 0.048
0 0.513 0.74 0.042 0.024
0 0.521 0.716 0.046 0.032
0 0.538 0.724 0.056 0.028
0 0.574 0.713 0.04 0.054
0 0.664 0.727 0.052 0.034
0 0.648 0.664 0.056 0.04
0 0.765 0.74 0.054 0.056
0 0.838 0.751 0.048 0.046
0 0.969 0.674 0.058 0.056
0 0.917 0.619 0.058 0.046
0 0.953 0.583 0.054 0.046
0 0.987 0.587 0.022 0.05
0 0.975 0.511 0.046 0.046
0 0.978 0.484 0.032 0.02
0 0.922 0.53 0.06 0.044
0 0.945 0.551 0.054 0.038
0 0.831 0.497 0.046 0.038
0 0.819 0.681 0.05 0.046
0 0.699 0.636 0.054 0.04
0 0.762 0.582 0.052 0.048
0 0.791 0.592 0.054 0.04
0 0.693 0.599 0.042 0.03
0 0.99 0.372 0.016 0.044
0 0.861 0.421 0.058 0.046
0 0.896 0.419 0.04 0.046
0 0.894 0.35 0.052 0.048
0 0.92 0.322 0.044 0.036
0 0.927 0.304 0.038 0.036
0 0.733 0.492 0.054 0.044
0 0.759 0.45 0.054 0.04
0 0.771 0.434 0.034 0.028
0 0.604 0.552 0.06 0.044
0 0.632 0.593 0.048 0.046
0 0.616 0.589 0.028 0.034
0 0.9 0.491 0.052 0.042
0 0.896 0.469 0.056 0.042
0 0.477 0.584 0.074 0.04
0 0.538 0.546 0.072 0.056
0 0.611 0.45 0.062 0.052
0 0.571 0.49 0.022 0.028
0 0.555 0.474 0.022 0.04
0 0.44 0.541 0.068 0.038
0 0.475 0.531 0.034 0.034
0 0.197 0.498 0.046 0.048
0 0.205 0.443 0.034 0.05
0 0.308 0.499 0.044 0.054
0 0.261 0.426 0.038 0.036
0 0.257 0.401 0.038 0.034
0 0.355 0.501 0.062 0.05
0 0.3 0.447 0.072 0.046
0 0.347 0.442 0.034 0.044
0 0.216 0.356 0.04 0.052
0 0.257 0.355 0.042 0.058
0 0.269 0.322 0.046 0.044
0 0.299 0.331 0.046 0.042
0 0.328 0.324 0.044 0.044
0 0.289 0.296 0.038 0.032
0 0.267 0.283 0.058 0.038
0 0.242 0.265 0.052 0.042
0 0.255 0.231 0.058 0.046
0 0.314 0.39 0.032 0.036
0 0.371 0.38 0.038 0.04
0 0.147 0.162 0.038 0.032
0 0.251 0.106 0.038 0.036
0 0.258 0.156 0.052 0.036
0 0.284 0.2 0.044 0.052
0 0.294 0.023 0.052 0.042
0 0.336 0.017 0.044 0.03
0 0.353 0.049 0.07 0.05
0 0.359 0.412 0.062 0.048
0 0.396 0.429 0.048 0.042
0 0.377 0.335 0.058 0.054
0 0.43 0.332 0.052 0.04
0 0.456 0.344 0.06 0.044
0 0.505 0.348 0.058 0.044
0 0.487 0.377 0.038 0.026
0 0.496 0.406 0.06 0.044
0 0.355 0.203 0.078 0.042
0 0.295 0.061 0.05 0.05
0 0.297 0.088 0.042 0.044
0 0.332 0.253 0.068 0.042
0 0.317 0.166 0.058 0.036
0 0.314 0.133 0.056 0.05
0 0.348 0.114 0.056 0.052
0 0.381 0.118 0.026 0.032
0 0.415 0.06 0.058 0.056
0 0.411 0.018 0.046 0.032
0 0.44 0.024 0.028 0.032
0 0.475 0.051 0.054 0.042
0 0.461 0.159 0.062 0.05
0 0.465 0.132 0.066 0.036
0 0.5 0.204 0.068 0.048
0 0.553 0.222 0.058 0.044
0 0.511 0.018 0.046 0.032
0 0.606 0.193 0.076 0.05
0 0.552 0.035 0.072 0.046
0 0.638 0.013 0.06 0.022
0 0.647 0.131 0.054 0.038
0 0.599 0.282 0.054 0.048
0 0.618 0.241 0.064 0.054
0 0.512 0.261 0.052 0.05
0 0.614 0.373 0.06 0.042
0 0.632 0.385 0.06 0.042
0 0.494 0.297 0.048 0.05
0 0.462 0.296 0.028 0.028
0 0.517 0.309 0.038 0.03
0 0.78 0.341 0.064 0.046
0 0.69 0.22 0.044 0.032
0 0.701 0.251 0.062 0.046
0 0.804 0.163 0.052 0.046
0 0.873 0.244 0.07 0.056
0 0.928 0.245 0.044 0.034
0 0.905 0.022 0.05 0.04
0 0.968 0.019 0.036 0.034
0 0.984 0.023 0.028 0.042
0 0.969 0.2 0.058 0.056
0 0.915 0.134 0.09 0.044
0 0.752 0.256 0.052 0.052
0 0.793 0.249 0.038 0.046
0 0.728 0.173 0.052 0.038
0 0.772 0.084 0.036 0.028
0 0.857 0.102 0.07 0.06
1 0.505 0.961 0.034 0.026
1 0.665 0.922 0.022 0.024
1 0.891 0.931 0.026 0.018
1 0.889 0.917 0.026 0.014
1 0.928 0.726 0.032 0.024
1 0.898 0.709 0.016 0.026
1 0.859 0.834 0.018 0.032
1 0.866 0.803 0.032 0.026
1 0.614 0.856 0.044 0.016
1 0.519 0.867 0.054 0.022
1 0.388 0.794 0.012 0.024
1 0.397 0.789 0.01 0.018
1 0.377 0.786 0.014 0.024
1 0.278 0.807 0.028 0.014
1 0.024 0.867 0.032 0.022
1 0.086 0.851 0.032 0.034
1 0.006 0.762 0.012 0.016
1 0.019 0.761 0.018 0.014
1 0.089 0.797 0.026 0.046
1 0.262 0.752 0.024 0.02
1 0.267 0.644 0.014 0.028
1 0.418 0.668 0.024 0.016
1 0.452 0.653 0.028 0.018
1 0.638 0.718 0.032 0.024
1 0.721 0.716 0.018 0.028
1 0.68 0.766 0.032 0.032
1 0.711 0.77 0.026 0.028
1 0.727 0.654 0.034 0.02
1 0.944 0.461 0.04 0.022
1 0.98 0.441 0.036 0.03
1 0.689 0.471 0.03 0.03
1 0.657 0.445 0.026 0.03
1 0.462 0.611 0.024 0.018
1 0.003 0.561 0.006 0.026
1 0.17 0.53 0.032 0.024
1 0.136 0.379 0.028 0.034
1 0.027 0.338 0.03 0.036
1 0.057 0.349 0.022 0.022
1 0.039 0.423 0.022 0.042
1 0.138 0.431 0.032 0.034
1 0.003 0.093 0.006 0.018
1 0.124 0.166 0.016 0.028
1 0.152 0.047 0.024 0.026
1 0.049 0.03 0.03 0.02
1 0.05 0.023 0.02 0.018
1 0.21 0.102 0.04 0.02
1 0.215 0.098 0.026 0.02
1 0.332 0.353 0.032 0.022
1 0.45 0.425 0.028 0.034
1 0.437 0.469 0.026 0.034
1 0.547 0.057 0.03 0.014
1 0.633 0.156 0.03 0.024
1 0.681 0.038 0.038 0.024
1 0.644 0.027 0.036 0.014
1 0.663 0.058 0.034 0.012
1 0.67 0.074 0.032 0.024
1 0.534 0.341 0.02 0.034
1 0.836 0.073 0.04 0.022
1 0.784 0.293 0.028 0.034
1 0.969 0.286 0.03 0.032
1 0.976 0.241 0.016 0.034
1 0.811 0.291 0.038 0.042
2 0.172 0.978 0.016 0.024
2 0.151 0.887 0.01 0.01
2 0.368 0.974 0.044 0.044
2 0.764 0.975 0.036 0.03
2 0.891 0.989 0.046 0.018
2 0.935 0.98 0.03 0.028
2 0.646 0.837 0.02 0.03
2 0.598 0.825 0.048 0.046
2 0.519 0.802 0.058 0.04
2 0.447 0.754 0.05 0.032
2 0.394 0.81 0.016 0.02
2 0.277 0.885 0.022 0.018
2 0.3 0.843 0.028 0.022
2 0.276 0.833 0.028 0.046
2 0.206 0.812 0.032 0.024
2 0.218 0.788 0.04 0.04
2 0.244 0.775 0.036 0.034
2 0.256 0.687 0.048 0.038
2 0.489 0.703 0.058 0.066
2 0.532 0.696 0.036 0.024
2 0.687 0.779 0.026 0.026
2 0.77 0.785 0.032 0.03
2 0.742 0.808 0.036 0.024
2 0.864 0.687 0.028 0.034
2 0.774 0.709 0.016 0.018
2 0.735 0.707 0.014 0.01
2 0.622 0.661 0.024 0.03
2 0.782 0.641 0.056 0.046
2 0.806 0.557 0.04 0.026
2 0.995 0.422 0.006 0.012
2 0.954 0.413 0.02 0.022
2 0.967 0.372 0.034 0.028
2 0.912 0.402 0.048 0.048
2 0.646 0.502 0.064 0.052
2 0.319 0.57 0.03 0.032
2 0.511 0.572 0.038 0.032
2 0.555 0.51 0.054 0.036
2 0.54 0.478 0.012 0.02
2 0.538 0.459 0.012 0.018
2 0.449 0.559 0.058 0.018
2 0.084 0.662 0.036 0.084
2 0.044 0.65 0.012 0.02
2 0.161 0.596 0.022 0.024
2 0.069 0.354 0.018 0.02
2 0.046 0.469 0.024 0.03
2 0.157 0.539 0.018 0.014
2 0.153 0.555 0.018 0.022
2 0.365 0.467 0.014 0.026
2 0.018 0.013 0.036 0.022
2 0.21 0.233 0.036 0.03
2 0.18 0.22 0.036 0.028
2 0.192 0.117 0.048 0.026
2 0.239 0.078 0.022 0.032
2 0.259 0.085 0.014 0.022
2 0.294 0.182 0.024 0.028
2 0.233 0.196 0.022 0.04
2 0.249 0.182 0.01 0.012
2 0.425 0.408 0.026 0.024
2 0.425 0.257 0.05 0.046
2 0.525 0.048 0.046 0.012
2 0.614 0.054 0.068 0.04
2 0.603 0.118 0.034 0.024
2 0.652 0.041 0.02 0.014
2 0.622 0.264 0.02 0.02
2 0.477 0.267 0.034 0.026
2 0.661 0.298 0.054 0.048
2 0.717 0.396 0.058 0.048
2 0.751 0.368 0.042 0.044
2 0.844 0.009 0.036 0.014
2 0.748 0.041 0.036 0.03
2 0.853 0.186 0.038 0.036
2 0.906 0.173 0.056 0.042
2 0.936 0.07 0.056 0.044
2 0.892 0.063 0.024 0.018
2 0.721 0.287 0.038 0.034
2 0.708 0.197 0.032 0.014
2 0.711 0.179 0.014 0.018
2 0.796 0.079 0.068 0.05