0 0.894 0.963 0.04 0.05
0 0.847 0.973 0.034 0.046
0 0.79 0.955 0.04 0.046
0 0.738 0.953 0.032 0.042
0 0.698 0.947 0.044 0.058
0 0.687 0.987 0.05 0.022
0 0.638 0.981 0.04 0.034
0 0.655 0.895 0.03 0.038
0 0.654 0.847 0.044 0.062
0 0.753 0.908 0.03 0.052
0 0.803 0.882 0.042 0.06
0 0.867 0.86 0.038 0.068
0 0.793 0.83 0.042 0.064
0 0.949 0.846 0.038 0.048
0 0.911 0.73 0.038 0.064
0 0.871 0.7 0.038 0.056
0 0.966 0.709 0.04 0.046
0 0.954 0.644 0.048 0.056
0 0.874 0.649 0.032 0.05
0 0.903 0.621 0.042 0.05
0 0.75 0.66 0.036 0.056
0 0.774 0.589 0.04 0.062
0 0.838 0.531 0.044 0.062
0 0.9 0.485 0.04 0.046
0 0.944 0.476 0.036 0.056
0 0.967 0.452 0.042 0.08
0 0.992 0.439 0.012 0.062
0 0.889 0.45 0.042 0.048
0 0.986 0.309 0.024 0.054
0 0.933 0.205 0.046 0.062
0 0.994 0.236 0.008 0.04
0 0.898 0.192 0.036 0.048
0 0.884 0.236 0.036 0.056
0 0.849 0.241 0.034 0.058
0 0.761 0.285 0.05 0.062
0 0.744 0.333 0.04 0.042
0 0.765 0.363 0.022 0.022
0 0.682 0.356 0.048 0.072
0 0.651 0.4 0.038 0.052
0 0.657 0.451 0.05 0.054
0 0.632 0.483 0.048 0.046
0 0.556 0.467 0.04 0.042
0 0.598 0.443 0.04 0.046
0 0.529 0.378 0.042 0.064
0 0.49 0.414 0.032 0.044
0 0.442 0.418 0.032 0.056
0 0.391 0.453 0.05 0.058
0 0.465 0.505 0.038 0.046
0 0.464 0.472 0.04 0.036
0 0.475 0.565 0.046 0.058
0 0.419 0.612 0.034 0.052
0 0.48 0.633 0.04 0.042
0 0.51 0.614 0.04 0.048
0 0.492 0.586 0.044 0.052
0 0.457 0.683 0.034 0.062
0 0.494 0.702 0.032 0.028
0 0.54 0.675 0.04 0.05
0 0.568 0.633 0.048 0.046
0 0.652 0.626 0.036 0.052
0 0.633 0.612 0.034 0.052
0 0.651 0.726 0.026 0.052
0 0.694 0.709 0.04 0.058
0 0.723 0.786 0.038 0.052
0 0.771 0.75 0.026 0.048
0 0.994 0.702 0.008 0.044
0 0.715 0.525 0.042 0.066
0 0.721 0.45 0.03 0.056
0 0.753 0.439 0.038 0.062
0 0.624 0.325 0.048 0.058
0 0.631 0.274 0.03 0.032
0 0.644 0.23 0.04 0.06
0 0.685 0.208 0.038 0.056
0 0.584 0.223 0.044 0.078
0 0.52 0.224 0.04 0.056
0 0.533 0.312 0.038 0.064
0 0.451 0.283 0.042 0.07
0 0.376 0.359 0.044 0.042
0 0.367 0.304 0.022 0.076
0 0.334 0.294 0.032 0.048
0 0.309 0.23 0.042 0.056
0 0.165 0.24 0.038 0.06
0 0.138 0.28 0.032 0.048
0 0.118 0.227 0.032 0.07
0 0.218 0.148 0.044 0.08
0 0.251 0.122 0.034 0.076
0 0.202 0.102 0.052 0.076
0 0.122 0.048 0.036 0.052
0 0.088 0.085 0.048 0.05
0 0.081 0.124 0.042 0.044
0 0.051 0.024 0.05 0.044
0 0.347 0.011 0.026 0.018
0 0.357 0.083 0.042 0.082
0 0.323 0.139 0.038 0.078
0 0.431 0.177 0.046 0.094
0 0.481 0.089 0.046 0.09
0 0.526 0.104 0.036 0.068
0 0.604 0.083 0.032 0.074
0 0.575 0.086 0.03 0.064
0 0.615 0.027 0.034 0.05
0 0.717 0.055 0.054 0.102
0 0.735 0.105 0.038 0.066
0 0.759 0.145 0.038 0.066
0 0.771 0.096 0.038 0.072
0 0.784 0.012 0.044 0.02
0 0.874 0.019 0.044 0.034
0 0.873 0.073 0.042 0.046
0 0.913 0.046 0.038 0.052
0 0.621 0.578 0.034 0.056
0 0.548 0.545 0.032 0.05
0 0.32 0.576 0.04 0.072
0 0.281 0.641 0.046 0.05
0 0.284 0.687 0.056 0.062
0 0.25 0.761 0.048 0.05
0 0.194 0.764 0.04 0.064
0 0.233 0.833 0.038 0.034
0 0.285 0.809 0.03 0.054
0 0.355 0.821 0.038 0.054
0 0.438 0.849 0.04 0.046
0 0.402 0.906 0.028 0.044
0 0.302 0.913 0.028 0.046
0 0.418 0.793 0.036 0.03
0 0.286 0.963 0.048 0.066
0 0.229 0.971 0.03 0.05
0 0.204 0.972 0.024 0.04
0 0.186 0.988 0.04 0.02
0 0.147 0.965 0.038 0.042
0 0.118 0.943 0.032 0.05
0 0.19 0.896 0.048 0.068
0 0.242 0.905 0.032 0.046
0 0.047 0.811 0.034 0.05
0 0.008 0.919 0.012 0.05
0 0.06 0.987 0.036 0.022
0 0.185 0.807 0.03 0.038
0 0.079 0.71 0.042 0.068
0 0.199 0.622 0.034 0.044
0 0.107 0.567 0.042 0.046
0 0.026 0.517 0.04 0.058
0 0.062 0.446 0.032 0.036
0 0.027 0.421 0.038 0.058
0 0.106 0.497 0.04 0.054
0 0.161 0.484 0.046 0.072
0 0.203 0.525 0.054 0.078
0 0.224 0.477 0.028 0.038
0 0.264 0.465 0.028 0.042
0 0.334 0.521 0.044 0.062
0 0.316 0.529 0.02 0.026
0 0.214 0.349 0.036 0.046
0 0.292 0.341 0.028 0.038
0 0.568 0.749 0.052 0.03
1 0.923 0.371 0.022 0.022
1 0.946 0.378 0.024 0.024
1 0.821 0.265 0.018 0.026
1 0.856 0.275 0.028 0.022
1 0.744 0.241 0.02 0.022
1 0.827 0.716 0.018 0.024
1 0.933 0.705 0.018 0.026
1 0.855 0.648 0.014 0.028
1 0.758 0.384 0.02 0.02
1 0.771 0.394 0.022 0.02
1 0.385 0.302 0.014 0.016
1 0.1 0.182 0.024 0.028
1 0.08 0.181 0.02 0.022
1 0.058 0.185 0.02 0.018
1 0.063 0.231 0.026 0.038
1 0.059 0.281 0.038 0.022
1 0.137 0.083 0.026 0.022
1 0.012 0.089 0.02 0.022
1 0.292 0.028 0.024 0.028
1 0.582 0.022 0.028 0.032
1 0.629 0.104 0.014 0.032
1 0.876 0.119 0.012 0.038
1 0.938 0.013 0.02 0.022
1 0.318 0.802 0.02 0.028
1 0.331 0.91 0.018 0.032
1 0.353 0.897 0.022 0.03
1 0.079 0.864 0.022 0.028
1 0.106 0.834 0.02 0.02
1 0.063 0.846 0.022 0.02
1 0.008 0.833 0.012 0.034
1 0.112 0.602 0.028 0.02
1 0.059 0.514 0.018 0.028
1 0.008 0.562 0.012 0.028
1 0.019 0.468 0.018 0.024
1 0.272 0.502 0.016 0.028
1 0.269 0.316 0.026 0.028
1 0.138 0.432 0.024 0.024
1 0.137 0.41 0.022 0.02
1 0.082 0.496 0.02 0.032
1 0.617 0.892 0.014 0.048
1 0.67 0.971 0.02 0.018
1 0.597 0.817 0.034 0.038
1 0.461 0.802 0.018 0.036
1 0.374 0.743 0.02 0.022
1 0.69 0.78 0.016 0.02
1 0.928 0.523 0.024 0.022
1 0.546 0.523 0.04 0.034
1 0.715 0.306 0.018 0.036
1 0.413 0.028 0.026 0.036
1 0.436 0.097 0.024 0.054
1 0.386 0.171 0.04 0.026
1 0.304 0.092 0.02 0.032
1 0.293 0.119 0.018 0.026
1 0.338 0.18 0.02 0.028
1 0.36 0.138 0.02 0.02
1 0.478 0.232 0.032 0.016
1 0.505 0.173 0.03 0.026
1 0.893 0.875 0.026 0.026
1 0.893 0.917 0.03 0.026
1 0.924 0.891 0.02 0.026
1 0.991 0.982 0.014 0.032
1 0.458 0.967 0.016 0.026
1 0.458 0.009 0.024 0.014
1 0.235 0.204 0.026 0.024
1 0.019 0.694 0.03 0.024
1 0.842 0.615 0.016 0.022
2 0.919 0.435 0.026 0.026
2 0.886 0.325 0.032 0.038
2 0.945 0.224 0.014 0.024
2 0.777 0.247 0.03 0.026
2 0.796 0.725 0.024 0.058
2 0.172 0.067 0.036 0.042
2 0.894 0.12 0.024 0.032
2 0.833 0.174 0.014 0.032
2 0.243 0.866 0.03 0.04
2 0.029 0.87 0.038 0.052
2 0.291 0.464 0.026 0.04
2 0.187 0.378 0.026 0.048
2 0.232 0.319 0.02 0.026
2 0.63 0.905 0.012 0.038
2 0.582 0.802 0.032 0.024
2 0.573 0.691 0.026 0.038
2 0.646 0.675 0.032 0.018
2 0.418 0.701 0.04 0.058
2 0.334 0.746 0.02 0.02
2 0.711 0.732 0.026 0.044
2 0.753 0.707 0.034 0.03
2 0.905 0.538 0.022 0.04
2 0.826 0.459 0.024 0.038
2 0.648 0.56 0.024 0.024
2 0.823 0.958 0.026 0.036
2 0.861 0.811 0.034 0.03
2 0.514 0.813 0.072 0.082
2 0.33 0.953 0.036 0.066
2 0.492 0.023 0.048 0.042
2 0.588 0.955 0.072 0.082
2 0.126 0.642 0.032 0.048
2 0.319 0.627 0.022 0.026
2 0.499 0.453 0.03 0.026
2 0.604 0.3 0.032 0.032
2 0.469 0.183 0.018 0.018
2 0.755 0.52 0.038 0.044
2 0.855 0.467 0.03 0.03
2 0.941 0.589 0.022 0.03