0 0.98 0.012 0.028 0.024
0 0.994 0.051 0.008 0.034
0 0.918 0.03 0.04 0.044
0 0.877 0.02 0.042 0.04
0 0.831 0.016 0.062 0.032
0 0.977 0.165 0.042 0.05
0 0.931 0.137 0.034 0.042
0 0.871 0.12 0.062 0.072
0 0.871 0.212 0.034 0.032
0 0.923 0.225 0.054 0.042
0 0.941 0.264 0.05 0.032
0 0.927 0.328 0.042 0.052
0 0.988 0.367 0.02 0.03
0 0.948 0.442 0.036 0.04
0 0.964 0.503 0.048 0.038
0 0.982 0.599 0.032 0.046
0 0.922 0.726 0.04 0.04
0 0.903 0.815 0.046 0.038
0 0.956 0.963 0.036 0.058
0 0.934 0.956 0.04 0.036
0 0.9 0.993 0.052 0.01
0 0.701 0.984 0.038 0.028
0 0.775 0.968 0.054 0.028
0 0.793 0.94 0.046 0.032
0 0.804 0.905 0.036 0.034
0 0.828 0.884 0.032 0.032
0 0.627 0.979 0.034 0.03
0 0.586 0.992 0.052 0.012
0 0.625 0.991 0.034 0.014
0 0.681 0.963 0.038 0.03
0 0.604 0.921 0.036 0.022
0 0.823 0.831 0.042 0.038
0 0.76 0.801 0.036 0.03
0 0.684 0.865 0.044 0.034
0 0.455 0.974 0.034 0.024
0 0.505 0.943 0.046 0.03
0 0.463 0.933 0.038 0.034
0 0.515 0.88 0.034 0.032
0 0.377 0.938 0.038 0.044
0 0.346 0.909 0.048 0.038
0 0.269 0.922 0.034 0.036
0 0.194 0.941 0.032 0.038
0 0.015 0.965 0.026 0.034
0 0.036 0.962 0.016 0.032
0 0.046 0.856 0.06 0.076
0 0.13 0.881 0.048 0.046
0 0.097 0.821 0.022 0.026
0 0.181 0.827 0.05 0.03
0 0.246 0.862 0.048 0.032
0 0.415 0.864 0.042 0.024
0 0.38 0.803 0.032 0.03
0 0.361 0.831 0.046 0.026
0 0.259 0.804 0.042 0.036
0 0.738 0.769 0.04 0.042
0 0.704 0.735 0.028 0.034
0 0.63 0.797 0.028 0.038
0 0.491 0.79 0.018 0.024
0 0.484 0.761 0.048 0.03
0 0.601 0.74 0.042 0.04
0 0.367 0.753 0.038 0.03
0 0.401 0.743 0.03 0.034
0 0.34 0.707 0.06 0.046
0 0.086 0.742 0.048 0.044
0 0.092 0.766 0.036 0.024
0 0.053 0.703 0.042 0.038
0 0.184 0.723 0.048 0.046
0 0.135 0.678 0.058 0.032
0 0.115 0.658 0.046 0.028
0 0.014 0.643 0.024 0.046
0 0.092 0.612 0.052 0.032
0 0.008 0.561 0.012 0.042
0 0.091 0.518 0.042 0.036
0 0.099 0.473 0.07 0.054
0 0.082 0.428 0.04 0.036
0 0.015 0.434 0.026 0.032
0 0.023 0.404 0.042 0.048
0 0.066 0.344 0.048 0.04
0 0.105 0.354 0.034 0.044
0 0.24 0.406 0.048 0.04
0 0.013 0.327 0.022 0.022
0 0.004 0.282 0.004 0.024
0 0.052 0.296 0.024 0.032
0 0.093 0.285 0.046 0.034
0 0.116 0.289 0.028 0.03
0 0.044 0.251 0.04 0.038
0 0.858 0.654 0.048 0.044
0 0.689 0.664 0.038 0.028
0 0.633 0.619 0.058 0.034
0 0.6 0.589 0.044 0.03
0 0.687 0.546 0.034 0.036
0 0.446 0.631 0.04 0.038
0 0.404 0.625 0.04 0.034
0 0.367 0.6 0.026 0.028
0 0.671 0.511 0.046 0.034
0 0.653 0.494 0.042 0.036
0 0.731 0.445 0.046 0.038
0 0.805 0.41 0.034 0.036
0 0.845 0.463 0.034 0.034
0 0.828 0.322 0.02 0.028
0 0.802 0.325 0.032 0.034
0 0.57 0.534 0.032 0.028
0 0.377 0.556 0.042 0.036
0 0.325 0.537 0.05 0.038
0 0.283 0.531 0.046 0.034
0 0.305 0.487 0.046 0.05
0 0.362 0.464 0.048 0.052
0 0.323 0.455 0.042 0.038
0 0.536 0.463 0.048 0.03
0 0.612 0.446 0.028 0.032
0 0.612 0.41 0.032 0.04
0 0.635 0.342 0.05 0.036
0 0.554 0.359 0.04 0.03
0 0.534 0.408 0.056 0.032
0 0.767 0.095 0.034 0.038
0 0.713 0.05 0.046 0.032
0 0.667 0.097 0.046 0.034
0 0.631 0.142 0.03 0.04
0 0.578 0.05 0.064 0.044
0 0.464 0.019 0.036 0.034
0 0.509 0.341 0.042 0.034
0 0.472 0.333 0.036 0.042
0 0.583 0.3 0.042 0.028
0 0.608 0.283 0.02 0.026
0 0.4 0.323 0.04 0.034
0 0.565 0.243 0.078 0.062
0 0.404 0.036 0.032 0.024
0 0.423 0.243 0.042 0.034
0 0.415 0.225 0.058 0.038
0 0.311 0.267 0.05 0.042
0 0.272 0.307 0.036 0.038
0 0.222 0.286 0.044 0.048
0 0.311 0.196 0.038 0.036
0 0.283 0.193 0.03 0.038
0 0.248 0.188 0.068 0.044
0 0.2 0.164 0.036 0.024
0 0.257 0.148 0.05 0.028
0 0.096 0.135 0.04 0.042
0 0.022 0.035 0.04 0.03
0 0.058 0.007 0.036 0.014
0 0.227 0.029 0.046 0.046
0 0.195 0.003 0.03 0.006
1 0.976 0.041 0.02 0.022
1 0.985 0.209 0.018 0.022
1 0.994 0.42 0.008 0.024
1 0.989 0.55 0.018 0.024
1 0.985 0.659 0.026 0.026
1 0.975 0.679 0.018 0.022
1 0.963 0.888 0.026 0.024
1 0.866 0.944 0.024 0.032
1 0.914 0.879 0.02 0.01
1 0.888 0.884 0.04 0.016
1 0.7 0.884 0.016 0.016
1 0.401 0.995 0.03 0.006
1 0.402 0.915 0.02 0.018
1 0.249 0.953 0.022 0.014
1 0.233 0.967 0.014 0.022
1 0.272 0.953 0.004 0.006
1 0.106 0.939 0.016 0.01
1 0.452 0.838 0.024 0.032
1 0.345 0.805 0.022 0.018
1 0.516 0.8 0.012 0.008
1 0.504 0.725 0.02 0.034
1 0.267 0.749 0.014 0.018
1 0.025 0.706 0.01 0.016
1 0.143 0.45 0.018 0.02
1 0.072 0.271 0.02 0.018
1 0.836 0.584 0.016 0.024
1 0.927 0.557 0.022 0.01
1 0.904 0.565 0.02 0.014
1 0.852 0.509 0.024 0.014
1 0.895 0.467 0.022 0.022
1 0.995 0.448 0.006 0.016
1 0.972 0.425 0.012 0.01
1 0.552 0.651 0.04 0.014
1 0.762 0.529 0.02 0.022
1 0.493 0.601 0.026 0.026
1 0.465 0.571 0.022 0.018
1 0.63 0.517 0.016 0.014
1 0.772 0.436 0.024 0.028
1 0.746 0.389 0.012 0.03
1 0.884 0.413 0.02 0.014
1 0.895 0.365 0.022 0.022
1 0.581 0.513 0.018 0.014
1 0.387 0.511 0.014 0.022
1 0.418 0.468 0.016 0.02
1 0.408 0.444 0.016 0.016
1 0.407 0.394 0.022 0.024
1 0.579 0.36 0.014 0.02
1 0.83 0.224 0.016 0.016
1 0.701 0.253 0.026 0.018
1 0.788 0.138 0.028 0.02
1 0.703 0.152 0.022 0.032
1 0.608 0.122 0.02 0.028
1 0.61 0.092 0.024 0.02
1 0.497 0.017 0.03 0.022
1 0.46 0.076 0.02 0.024
1 0.546 0.1 0.024 0.02
1 0.477 0.171 0.026 0.026
1 0.554 0.147 0.02 0.01
1 0.449 0.216 0.018 0.016
1 0.221 0.353 0.01 0.026
1 0.455 0.365 0.01 0.014
1 0.177 0.254 0.026 0.024
1 0.182 0.101 0.024 0.018
1 0.106 0.026 0.016 0.024
1 0.135 0.041 0.014 0.022
1 0.286 0.091 0.024 0.018
1 0.333 0.056 0.018 0.032
1 0.203 0.408 0.01 0.016
2 0.988 0.73 0.02 0.024
2 0.739 0.915 0.042 0.034
2 0.776 0.832 0.024 0.02
2 0.559 0.832 0.038 0.028
2 0.562 0.713 0.032 0.026
2 0.032 0.317 0.016 0.014
2 0.026 0.333 0.012 0.018
2 0.012 0.345 0.012 0.014
2 0.014 0.203 0.024 0.038
2 0.95 0.783 0.016 0.018
2 0.809 0.669 0.026 0.014
2 0.757 0.684 0.038 0.032
2 0.537 0.58 0.03 0.032
2 0.88 0.422 0.02 0.016
2 0.858 0.348 0.024 0.028
2 0.507 0.448 0.03 0.028
2 0.634 0.417 0.02 0.018
2 0.493 0.413 0.034 0.022
2 0.52 0.265 0.024 0.022
2 0.595 0.152 0.018 0.02
2 0.409 0.356 0.038 0.032
2 0.063 0.082 0.018 0.016
2 0.038 0.094 0.032 0.028
2 0.398 0.106 0.024 0.036
2 0.984 0.312 0.012 0.016
2 0.99 0.296 0.008 0.008
2 0.738 0.291 0.024 0.018
2 0.159 0.319 0.014 0.014
2 0.992 0.914 0.012 0.016
2 0.914 0.924 0.032 0.02
2 0.726 0.653 0.028 0.022
2 0.782 0.672 0.02 0.012
2 0.224 0.455 0.02 0.014
2 0.118 0.53 0.02 0.012
2 0.104 0.535 0.012 0.014
2 0.944 0.06 0.016 0.012
2 0.688 0.081 0.024 0.018
2 0.809 0.137 0.014 0.01
2 0.91 0.131 0.02 0.014
2 0.202 0.75 0.016 0.016
0 0.891 0.105 0.114 0.106
0 0.976 0.165 0.044 0.05
0 0.926 0.329 0.044 0.05
0 0.941 0.261 0.05 0.034
0 0.829 0.323 0.018 0.026
0 0.801 0.326 0.034 0.036
0 0.803 0.409 0.034 0.038
0 0.844 0.463 0.032 0.034
0 0.731 0.443 0.054 0.038
0 0.687 0.546 0.038 0.044
0 0.634 0.621 0.06 0.038
0 0.695 0.666 0.05 0.032
0 0.707 0.735 0.038 0.034
0 0.733 0.769 0.054 0.046
0 0.629 0.798 0.034 0.044
0 0.602 0.739 0.056 0.05
0 0.483 0.76 0.05 0.032
0 0.405 0.742 0.038 0.036
0 0.341 0.708 0.074 0.056
0 0.448 0.63 0.056 0.04
0 0.404 0.626 0.048 0.036
0 0.374 0.558 0.048 0.04
0 0.328 0.535 0.06 0.042
0 0.363 0.465 0.042 0.054
0 0.319 0.456 0.054 0.04
0 0.539 0.464 0.058 0.036
0 0.63 0.341 0.06 0.038
0 0.58 0.301 0.052 0.03
0 0.472 0.325 0.036 0.054
0 0.314 0.265 0.056 0.05
0 0.311 0.195 0.038 0.038
0 0.258 0.15 0.056 0.032
0 0.274 0.306 0.048 0.04
0 0.24 0.408 0.056 0.044
0 0.284 0.529 0.044 0.034
0 0.365 0.6 0.03 0.032
0 0.367 0.752 0.038 0.032
0 0.414 0.864 0.044 0.024
0 0.669 0.512 0.05 0.04
0 0.655 0.494 0.07 0.04
0 0.596 0.593 0.06 0.042
0 0.93 0.723 0.056 0.05
0 0.902 0.817 0.052 0.042
0 0.823 0.826 0.062 0.056
0 0.76 0.803 0.04 0.034
0 0.689 0.865 0.058 0.038
0 0.604 0.922 0.04 0.028
0 0.522 0.878 0.06 0.04
0 0.517 0.931 0.078 0.058
0 0.828 0.883 0.044 0.038
0 0.801 0.905 0.042 0.034
0 0.795 0.94 0.062 0.036
0 0.772 0.97 0.056 0.028
0 0.705 0.981 0.05 0.034
0 0.68 0.963 0.052 0.034
0 0.938 0.959 0.06 0.042
0 0.896 0.992 0.052 0.012
0 0.855 0.652 0.05 0.048
0 0.978 0.599 0.04 0.046
0 0.966 0.501 0.06 0.042
0 0.953 0.44 0.05 0.044
0 0.533 0.402 0.062 0.048
0 0.611 0.448 0.038 0.04
0 0.404 0.32 0.048 0.044
0 0.568 0.242 0.108 0.068
0 0.309 0.488 0.058 0.048
0 0.099 0.47 0.074 0.056
0 0.1 0.354 0.04 0.044
0 0.221 0.288 0.046 0.06
0 0.244 0.187 0.072 0.046
0 0.283 0.192 0.03 0.036
0 0.095 0.135 0.046 0.046
0 0.106 0.025 0.016 0.03
0 0.023 0.035 0.042 0.034
0 0.049 0.251 0.05 0.038
0 0.065 0.346 0.054 0.044
0 0.379 0.802 0.042 0.032
0 0.243 0.862 0.062 0.036
0 0.26 0.803 0.052 0.038
0 0.925 0.224 0.062 0.044
0 0.87 0.208 0.04 0.04
0 0.987 0.368 0.022 0.028
0 0.894 0.364 0.02 0.024
0 0.881 0.417 0.026 0.026
0 0.896 0.466 0.024 0.024
0 0.763 0.684 0.062 0.036
0 0.467 0.932 0.05 0.04
0 0.386 0.941 0.064 0.058
0 0.347 0.91 0.054 0.044
0 0.272 0.923 0.044 0.046
0 0.192 0.943 0.036 0.042
0 0.182 0.827 0.056 0.034
0 0.134 0.875 0.076 0.062
0 0.184 0.721 0.056 0.05
0 0.584 0.046 0.076 0.06
0 0.675 0.094 0.058 0.04
0 0.77 0.092 0.04 0.04
0 0.98 0.013 0.028 0.026
0 0.978 0.04 0.028 0.024
0 0.993 0.051 0.01 0.038
0 0.917 0.029 0.042 0.046
0 0.879 0.021 0.054 0.042
0 0.932 0.137 0.04 0.046
0 0.984 0.209 0.02 0.022
0 0.638 0.141 0.048 0.046
0 0.608 0.123 0.024 0.034
0 0.411 0.226 0.058 0.044
0 0.42 0.247 0.056 0.058
0 0.45 0.216 0.024 0.024
0 0.475 0.168 0.034 0.032
0 0.405 0.035 0.034 0.03
0 0.552 0.358 0.044 0.032
0 0.712 0.052 0.048 0.036
0 0.464 0.02 0.036 0.04
0 0.228 0.033 0.048 0.062
0 0.094 0.612 0.052 0.036
0 0.116 0.66 0.06 0.036
0 0.017 0.644 0.03 0.056
0 0.011 0.56 0.018 0.048
0 0.092 0.519 0.048 0.042
0 0.05 0.703 0.044 0.042
0 0.085 0.741 0.058 0.05
0 0.043 0.854 0.07 0.08
0 0.023 0.966 0.042 0.04
0 0.362 0.831 0.052 0.034
0 0.025 0.407 0.046 0.05
0 0.084 0.429 0.06 0.038
0 0.015 0.436 0.026 0.036
0 0.398 0.106 0.032 0.04
0 0.334 0.056 0.024 0.032
0 0.982 0.66 0.032 0.032
0 0.836 0.585 0.02 0.03
0 0.987 0.55 0.022 0.028
0 0.993 0.421 0.01 0.026
0 0.61 0.092 0.028 0.024
0 0.542 0.099 0.04 0.026
0 0.499 0.019 0.034 0.022
0 0.462 0.075 0.02 0.022
0 0.089 0.285 0.058 0.034
0 0.142 0.45 0.024 0.024
0 0.459 0.976 0.058 0.032
0 0.095 0.822 0.026 0.028
0 0.134 0.678 0.064 0.036
0 0.533 0.582 0.042 0.04
0 0.493 0.602 0.026 0.028
0 0.57 0.527 0.048 0.046
0 0.619 0.41 0.062 0.048
0 0.507 0.343 0.05 0.042
0 0.606 0.284 0.024 0.028
0 0.404 0.394 0.028 0.024
0 0.505 0.448 0.034 0.036
0 0.772 0.434 0.024 0.032
0 0.794 0.136 0.048 0.02
0 0.828 0.018 0.06 0.032
0 0.115 0.289 0.03 0.03
0 0.017 0.201 0.03 0.046
0 0.007 0.283 0.01 0.03
0 0.072 0.271 0.024 0.022
0 0.05 0.295 0.024 0.038
0 0.013 0.332 0.022 0.032
0 0.519 0.265 0.026 0.022
0 0.408 0.361 0.044 0.05
0 0.858 0.347 0.024 0.034
0 0.829 0.228 0.018 0.032
0 0.564 0.709 0.052 0.046
0 0.491 0.788 0.022 0.028
0 0.556 0.83 0.064 0.032
0 0.865 0.942 0.026 0.032
0 0.741 0.914 0.058 0.032
0 0.777 0.834 0.034 0.032
0 0.916 0.919 0.044 0.038
0 0.959 0.963 0.038 0.062
0 0.623 0.979 0.05 0.038
0 0.595 0.991 0.074 0.014
0 0.401 0.916 0.022 0.02
0 0.058 0.009 0.036 0.018
0 0.181 0.101 0.034 0.022
0 0.046 0.092 0.056 0.04
0 0.988 0.732 0.02 0.028
0 0.992 0.914 0.012 0.016
1 0.135 0.041 0.014 0.022
1 0.221 0.352 0.01 0.032
1 0.465 0.57 0.022 0.02
1 0.55 0.652 0.044 0.016
1 0.504 0.726 0.02 0.036
1 0.267 0.751 0.014 0.022
1 0.345 0.805 0.026 0.018
1 0.704 0.152 0.02 0.036
1 0.699 0.251 0.026 0.022
1 0.746 0.394 0.016 0.048
1 0.763 0.53 0.022 0.024
1 0.852 0.508 0.028 0.016
1 0.579 0.361 0.014 0.022
1 0.552 0.153 0.024 0.022
1 0.177 0.255 0.026 0.022
1 0.201 0.164 0.046 0.028
1 0.287 0.095 0.022 0.03
1 0.974 0.68 0.02 0.024
1 0.159 0.32 0.014 0.016
1 0.452 0.838 0.028 0.036
1 0.515 0.8 0.014 0.008
1 0.7 0.884 0.02 0.016
1 0.963 0.887 0.03 0.026
1 0.886 0.883 0.044 0.018
1 0.913 0.879 0.018 0.018
1 0.25 0.954 0.024 0.016
1 0.233 0.968 0.018 0.028
1 0.104 0.939 0.024 0.018
1 0.386 0.512 0.012 0.02
1 0.629 0.518 0.018 0.016
1 0.135 0.085 0.01 0.014
1 0.592 0.15 0.02 0.02
1 0.482 0.661 0.016 0.022
1 0.026 0.705 0.008 0.018
1 0.091 0.766 0.038 0.024
2 0.807 0.668 0.026 0.016
2 0.916 0.563 0.048 0.022
2 0.029 0.327 0.022 0.034
2 0.011 0.347 0.01 0.014
2 0.173 0.331 0.018 0.01
2 0.988 0.44 0.02 0.028
2 0.735 0.291 0.018 0.022
2 0.4 0.992 0.032 0.012
2 0.195 0.005 0.026 0.006
2 0.949 0.783 0.022 0.022
2 0.994 0.941 0.008 0.022
2 0.942 0.889 0.012 0.01
2 0.969 0.812 0.006 0.012
2 0.724 0.655 0.028 0.022
2 0.817 0.611 0.018 0.03
2 0.486 0.415 0.024 0.014
2 0.406 0.444 0.016 0.012
2 0.42 0.47 0.02 0.028
2 0.116 0.533 0.044 0.022
2 0.202 0.408 0.012 0.016
2 0.223 0.457 0.03 0.022
2 0.456 0.364 0.012 0.016
2 0.457 0.275 0.022 0.026
2 0.987 0.296 0.01 0.012
2 0.982 0.312 0.016 0.02
2 0.956 0.028 0.016 0.016
2 0.676 0.129 0.016 0.014
2 0.008 0.705 0.012 0.022
2 0.147 0.936 0.018 0.012
2 0.143 0.965 0.026 0.03
2 0.206 0.747 0.008 0.014
2 0.198 0.753 0.012 0.014
2 0.24 0.756 0.012 0.012