0 0.695 0.803 0.034 0.038
0 0.974 0.964 0.044 0.036
0 0.932 0.972 0.04 0.048
0 0.985 0.921 0.026 0.046
0 0.873 0.928 0.042 0.04
0 0.882 0.855 0.06 0.054
0 0.832 0.864 0.036 0.04
0 0.764 0.91 0.052 0.044
0 0.693 0.958 0.058 0.04
0 0.574 0.973 0.08 0.05
0 0.348 0.941 0.056 0.058
0 0.282 0.936 0.044 0.052
0 0.188 0.955 0.044 0.046
0 0.087 0.988 0.038 0.02
0 0.055 0.974 0.046 0.048
0 0.754 0.053 0.084 0.078
0 0.908 0.122 0.052 0.044
0 0.977 0.623 0.042 0.046
0 0.952 0.703 0.04 0.05
0 0.899 0.681 0.058 0.046
0 0.266 0.89 0.044 0.032
0 0.328 0.809 0.052 0.058
0 0.103 0.89 0.046 0.076
0 0.051 0.78 0.058 0.064
0 0.636 0.807 0.064 0.054
0 0.476 0.874 0.072 0.076
0 0.519 0.761 0.054 0.066
0 0.264 0.779 0.064 0.07
0 0.237 0.81 0.046 0.056
0 0.189 0.846 0.042 0.068
0 0.16 0.791 0.048 0.058
0 0.155 0.757 0.062 0.038
0 0.115 0.684 0.066 0.044
0 0.048 0.518 0.052 0.068
0 0.034 0.611 0.044 0.03
0 0.016 0.58 0.028 0.044
0 0.154 0.657 0.048 0.05
0 0.16 0.487 0.052 0.054
0 0.138 0.521 0.044 0.05
0 0.235 0.611 0.058 0.058
0 0.087 0.404 0.062 0.06
0 0.113 0.384 0.058 0.056
0 0.078 0.287 0.06 0.07
0 0.181 0.214 0.07 0.048
0 0.106 0.224 0.044 0.06
0 0.477 0.746 0.03 0.048
0 0.481 0.635 0.09 0.058
0 0.478 0.552 0.072 0.076
0 0.431 0.56 0.046 0.072
0 0.561 0.894 0.05 0.056
0 0.613 0.849 0.042 0.054
0 0.386 0.619 0.04 0.046
0 0.336 0.628 0.044 0.04
0 0.28 0.635 0.028 0.038
0 0.275 0.581 0.034 0.046
0 0.405 0.752 0.042 0.036
0 0.483 0.287 0.05 0.054
0 0.405 0.278 0.058 0.08
0 0.354 0.344 0.044 0.044
0 0.751 0.659 0.05 0.054
0 0.756 0.577 0.052 0.042
0 0.678 0.617 0.048 0.042
0 0.804 0.532 0.036 0.036
0 0.71 0.524 0.032 0.056
0 0.718 0.466 0.036 0.04
0 0.612 0.452 0.052 0.056
0 0.535 0.441 0.054 0.046
0 0.569 0.369 0.062 0.058
0 0.497 0.217 0.05 0.042
0 0.898 0.582 0.048 0.04
0 0.884 0.506 0.052 0.06
0 0.983 0.507 0.03 0.058
0 0.946 0.327 0.048 0.074
0 0.831 0.309 0.042 0.062
0 0.738 0.256 0.056 0.052
0 0.819 0.257 0.03 0.046
0 0.412 0.202 0.032 0.036
0 0.363 0.197 0.05 0.042
0 0.347 0.137 0.066 0.066
0 0.228 0.158 0.048 0.052
0 0.222 0.113 0.032 0.034
0 0.147 0.06 0.058 0.068
0 0.257 0.037 0.062 0.058
0 0.048 0.102 0.032 0.036
0 0.623 0.025 0.062 0.046
0 0.478 0.115 0.048 0.066
0 0.566 0.154 0.06 0.048
0 0.937 0.176 0.05 0.036
0 0.94 0.152 0.036 0.024
0 0.984 0.22 0.028 0.048
0 0.989 0.423 0.018 0.05
0 0.943 0.369 0.046 0.038
0 0.686 0.402 0.04 0.048
0 0.646 0.542 0.044 0.06
0 0.691 0.489 0.026 0.046
0 0.748 0.398 0.048 0.048
0 0.619 0.194 0.042 0.044
0 0.835 0.394 0.066 0.032
0 0.879 0.701 0.022 0.018
0 0.733 0.686 0.054 0.044
0 0.641 0.783 0.034 0.038
1 0.646 0.956 0.028 0.02
1 0.644 0.937 0.028 0.026
1 0.527 0.968 0.018 0.016
1 0.349 0.908 0.034 0.032
1 0.15 0.939 0.028 0.026
1 0.028 0.96 0.016 0.016
1 0.933 0.729 0.018 0.03
1 0.897 0.646 0.018 0.02
1 0.04 0.892 0.032 0.028
1 0.096 0.827 0.028 0.022
1 0.245 0.859 0.022 0.014
1 0.379 0.83 0.022 0.028
1 0.367 0.758 0.018 0.028
1 0.084 0.662 0.02 0.032
1 0.057 0.643 0.03 0.03
1 0.187 0.57 0.03 0.048
1 0.126 0.59 0.036 0.032
1 0.019 0.546 0.026 0.032
1 0.01 0.49 0.016 0.024
1 0.238 0.267 0.032 0.022
1 0.141 0.183 0.026 0.014
1 0.493 0.612 0.03 0.032
1 0.594 0.878 0.036 0.036
1 0.538 0.756 0.028 0.032
1 0.438 0.737 0.028 0.038
1 0.329 0.661 0.034 0.018
1 0.313 0.637 0.018 0.01
1 0.381 0.719 0.026 0.03
1 0.334 0.712 0.032 0.032
1 0.094 0.777 0.024 0.03
1 0.447 0.291 0.022 0.038
1 0.42 0.324 0.032 0.036
1 0.344 0.422 0.016 0.036
1 0.302 0.459 0.016 0.038
1 0.288 0.413 0.016 0.034
1 0.362 0.55 0.028 0.028
1 0.233 0.517 0.022 0.038
1 0.229 0.546 0.034 0.036
1 0.572 0.598 0.036 0.028
1 0.324 0.515 0.036 0.042
1 0.336 0.472 0.044 0.044
1 0.771 0.616 0.03 0.024
1 0.713 0.566 0.034 0.024
1 0.748 0.492 0.02 0.032
1 0.639 0.483 0.026 0.03
1 0.515 0.517 0.022 0.026
1 0.499 0.43 0.03 0.032
1 0.451 0.391 0.022 0.018
1 0.223 0.289 0.038 0.022
1 0.747 0.339 0.022 0.022
1 0.65 0.26 0.02 0.024
1 0.637 0.266 0.022 0.02
1 0.619 0.348 0.022 0.024
1 0.561 0.314 0.026 0.036
1 0.441 0.221 0.026 0.022
1 0.283 0.17 0.018 0.012
1 0.181 0.035 0.022 0.03
1 0.057 0.155 0.038 0.034
1 0.018 0.044 0.024 0.02
1 0.401 0.046 0.022 0.052
1 0.393 0.063 0.022 0.05
1 0.373 0.009 0.026 0.014
1 0.352 0.052 0.02 0.032
1 0.328 0.052 0.028 0.052
1 0.317 0.026 0.03 0.048
1 0.068 0.096 0.032 0.048
1 0.456 0.072 0.024 0.024
1 0.537 0.139 0.018 0.022
1 0.961 0.399 0.022 0.03
1 0.908 0.848 0.04 0.032
1 0.807 0.452 0.022 0.02
1 0.895 0.406 0.014 0.024
1 0.882 0.404 0.02 0.032
1 0.895 0.231 0.03 0.03
1 0.866 0.206 0.016 0.016
1 0.862 0.2 0.024 0.02
1 0.885 0.34 0.03 0.04
1 0.644 0.388 0.024 0.024
1 0.616 0.406 0.028 0.024
1 0.421 0.901 0.038 0.042
1 0.642 0.303 0.036 0.034
1 0.791 0.233 0.038 0.03
1 0.788 0.193 0.028 0.034
1 0.829 0.148 0.034 0.04
1 0.733 0.137 0.03 0.026
1 0.577 0.286 0.03 0.036
1 0.583 0.208 0.03 0.036
1 0.837 0.249 0.018 0.026
1 0.938 0.799 0.012 0.014
1 0.789 0.69 0.034 0.02
1 0.149 0.727 0.03 0.038
1 0.489 0.848 0.05 0.048
2 0.317 0.764 0.034 0.028
2 0.018 0.335 0.032 0.034
2 0.008 0.357 0.012 0.014
2 0.363 0.402 0.014 0.016
2 0.952 0.814 0.036 0.032
2 0.777 0.706 0.026 0.028
2 0.606 0.69 0.056 0.036
2 0.565 0.684 0.05 0.052
2 0.696 0.91 0.016 0.02
2 0.707 0.916 0.01 0.008
2 0.697 0.929 0.01 0.014
2 0.663 0.344 0.022 0.04
2 0.512 0.395 0.012 0.014
2 0.526 0.305 0.02 0.034
2 0.853 0.675 0.014 0.018
2 0.308 0.278 0.02 0.012
2 0.702 0.143 0.028 0.022
2 0.722 0.106 0.02 0.02
2 0.683 0.109 0.05 0.038
2 0.638 0.105 0.012 0.014
2 0.912 0.06 0.016 0.032
2 0.9 0.054 0.016 0.032
2 0.829 0.816 0.014 0.012