0 0.895 0.776 0.03 0.04
0 0.91 0.833 0.032 0.05
0 0.924 0.747 0.036 0.046
0 0.928 0.671 0.036 0.046
0 0.965 0.636 0.03 0.056
0 0.989 0.734 0.018 0.032
0 0.965 0.765 0.026 0.034
0 0.848 0.743 0.036 0.054
0 0.816 0.841 0.036 0.038
0 0.958 0.868 0.036 0.032
0 0.802 0.66 0.044 0.052
0 0.863 0.711 0.038 0.038
0 0.781 0.555 0.05 0.062
0 0.722 0.482 0.036 0.052
0 0.756 0.427 0.048 0.05
0 0.621 0.421 0.058 0.066
0 0.48 0.369 0.06 0.062
0 0.485 0.319 0.05 0.046
0 0.489 0.47 0.046 0.068
0 0.39 0.521 0.052 0.062
0 0.375 0.459 0.05 0.058
0 0.22 0.381 0.048 0.05
0 0.201 0.453 0.038 0.05
0 0.138 0.363 0.04 0.042
0 0.139 0.241 0.046 0.046
0 0.1 0.221 0.044 0.062
0 0.13 0.279 0.036 0.042
0 0.225 0.248 0.054 0.084
0 0.286 0.346 0.048 0.068
0 0.431 0.44 0.054 0.084
0 0.466 0.428 0.032 0.056
0 0.708 0.385 0.052 0.062
0 0.747 0.335 0.046 0.066
0 0.702 0.252 0.044 0.052
0 0.779 0.25 0.054 0.076
0 0.906 0.314 0.04 0.052
0 0.983 0.277 0.03 0.046
0 0.922 0.252 0.052 0.056
0 0.854 0.178 0.04 0.068
0 0.992 0.149 0.012 0.042
0 0.965 0.16 0.046 0.048
0 0.978 0.085 0.04 0.058
0 0.914 0.046 0.04 0.04
0 0.95 0.015 0.048 0.026
0 0.846 0.017 0.04 0.03
0 0.768 0.062 0.036 0.06
0 0.701 0.022 0.05 0.04
0 0.613 0.111 0.038 0.05
0 0.539 0.123 0.05 0.07
0 0.519 0.037 0.074 0.07
0 0.487 0.071 0.038 0.038
0 0.444 0.133 0.06 0.078
0 0.477 0.255 0.074 0.062
0 0.381 0.247 0.046 0.042
0 0.323 0.16 0.046 0.04
0 0.293 0.123 0.038 0.046
0 0.282 0.197 0.044 0.038
0 0.248 0.173 0.04 0.042
0 0.168 0.133 0.048 0.066
0 0.145 0.062 0.062 0.056
0 0.157 0.02 0.046 0.036
0 0.203 0.159 0.042 0.05
0 0.358 0.035 0.096 0.066
0 0.466 0.843 0.04 0.046
0 0.448 0.809 0.052 0.042
0 0.397 0.763 0.05 0.058
0 0.361 0.79 0.034 0.032
0 0.307 0.877 0.046 0.046
0 0.291 0.922 0.038 0.048
0 0.364 0.969 0.04 0.054
0 0.385 0.911 0.034 0.034
0 0.327 0.977 0.038 0.042
0 0.233 0.931 0.038 0.054
0 0.138 0.952 0.044 0.06
0 0.079 0.898 0.054 0.064
0 0.015 0.976 0.026 0.044
0 0.208 0.82 0.036 0.044
0 0.105 0.774 0.046 0.08
0 0.037 0.699 0.07 0.07
0 0.292 0.65 0.032 0.032
0 0.234 0.649 0.04 0.058
0 0.417 0.647 0.054 0.066
0 0.386 0.618 0.036 0.048
0 0.532 0.68 0.06 0.068
0 0.692 0.748 0.064 0.044
0 0.787 0.816 0.046 0.056
0 0.858 0.868 0.028 0.068
0 0.842 0.856 0.016 0.04
0 0.827 0.9 0.034 0.028
0 0.854 0.945 0.028 0.038
0 0.88 0.962 0.032 0.044
0 0.891 0.92 0.026 0.04
0 0.828 0.979 0.032 0.038
0 0.804 0.993 0.036 0.01
0 0.873 0.987 0.038 0.022
0 0.824 0.944 0.028 0.036
0 0.767 0.958 0.042 0.072
0 0.714 0.933 0.032 0.042
0 0.682 0.959 0.028 0.042
0 0.655 0.966 0.03 0.036
0 0.675 0.986 0.034 0.024
0 0.588 0.951 0.028 0.046
0 0.623 0.914 0.042 0.04
0 0.636 0.875 0.048 0.038
0 0.55 0.905 0.06 0.066
0 0.655 0.848 0.038 0.036
0 0.677 0.791 0.042 0.046
0 0.758 0.699 0.04 0.034
0 0.967 0.798 0.03 0.028
0 0.982 0.83 0.024 0.036
0 0.929 0.562 0.034 0.044
0 0.91 0.607 0.036 0.066
0 0.884 0.425 0.048 0.046
0 0.872 0.377 0.036 0.05
0 0.699 0.34 0.034 0.04
0 0.701 0.307 0.05 0.054
0 0.545 0.404 0.046 0.052
0 0.159 0.597 0.054 0.046
0 0.108 0.507 0.048 0.066
0 0.086 0.597 0.04 0.05
0 0.184 0.546 0.036 0.028
0 0.373 0.54 0.046 0.032
0 0.66 0.811 0.04 0.042
0 0.709 0.866 0.046 0.048
0 0.633 0.951 0.026 0.034
0 0.607 0.982 0.022 0.032
0 0.55 0.963 0.044 0.034
0 0.391 0.884 0.038 0.024
0 0.24 0.346 0.028 0.04
0 0.267 0.271 0.034 0.042
0 0.358 0.202 0.036 0.044
0 0.419 0.178 0.042 0.032
0 0.655 0.07 0.046 0.056
0 0.604 0.017 0.052 0.03
0 0.562 0.554 0.044 0.044
0 0.02 0.293 0.036 0.054
0 0.56 0.787 0.032 0.034
0 0.55 0.828 0.028 0.044
0 0.974 0.928 0.02 0.028
0 0.986 0.928 0.016 0.032
0 0.955 0.989 0.034 0.018
0 0.774 0.876 0.036 0.032
0 0.711 0.83 0.026 0.032
0 0.752 0.792 0.028 0.024
0 0.727 0.976 0.038 0.044
0 0.703 0.987 0.018 0.022
0 0.657 0.423 0.046 0.102
0 0.331 0.299 0.034 0.05
0 0.18 0.039 0.02 0.022
0 0.016 0.184 0.028 0.024
0 0.169 0.402 0.05 0.048
0 0.191 0.643 0.042 0.046
0 0.586 0.317 0.036 0.042
0 0.566 0.329 0.028 0.026
0 0.569 0.377 0.03 0.03
0 0.361 0.17 0.022 0.024
0 0.866 0.215 0.024 0.03
0 0.162 0.991 0.036 0.014
0 0.082 0.991 0.032 0.014
0 0.056 0.934 0.028 0.028
0 0.029 0.898 0.034 0.032
0 0.006 0.864 0.008 0.04
0 0.892 0.641 0.02 0.026
0 0.344 0.934 0.04 0.024
0 0.297 0.989 0.022 0.018
0 0.268 0.987 0.048 0.022
0 0.39 0.67 0.064 0.072
0 0.227 0.619 0.03 0.026
0 0.532 0.99 0.032 0.016
0 0.449 0.994 0.022 0.008
0 0.461 0.009 0.034 0.014
0 0.995 0.634 0.006 0.032
1 0.777 0.915 0.022 0.026
1 0.725 0.916 0.026 0.032
1 0.186 0.078 0.036 0.024
1 0.723 0.145 0.022 0.03
1 0.39 0.153 0.024 0.03
1 0.903 0.085 0.022 0.03
1 0.864 0.065 0.024 0.022
1 0.237 0.496 0.034 0.036
1 0.703 0.463 0.006 0.026
1 0.123 0.186 0.026 0.016
1 0.224 0.269 0.012 0.018
1 0.835 0.152 0.018 0.028
1 0.465 0.677 0.018 0.022
1 0.9 0.624 0.02 0.036
1 0.964 0.424 0.02 0.02
1 0.948 0.403 0.016 0.022
1 0.912 0.459 0.02 0.03
1 0.864 0.398 0.016 0.016
1 0.634 0.31 0.02 0.024
1 0.616 0.31 0.02 0.024
1 0.599 0.38 0.018 0.028
1 0.549 0.356 0.026 0.024
1 0.572 0.356 0.02 0.02
1 0.452 0.288 0.024 0.028
1 0.341 0.255 0.022 0.018
1 0.283 0.245 0.034 0.018
1 0.253 0.287 0.018 0.018
1 0.134 0.453 0.036 0.018
1 0.089 0.449 0.026 0.022
1 0.036 0.42 0.024 0.02
1 0.01 0.46 0.016 0.024
1 0.01 0.342 0.016 0.032
1 0.297 0.681 0.022 0.022
1 0.445 0.554 0.018 0.028
1 0.744 0.575 0.016 0.022
1 0.529 0.859 0.022 0.034
1 0.502 0.824 0.02 0.024
1 0.914 0.969 0.02 0.03
1 0.931 0.922 0.022 0.02
1 0.747 0.815 0.038 0.014
1 0.325 0.354 0.018 0.032
1 0.401 0.349 0.022 0.03
1 0.055 0.256 0.022 0.024
1 0.44 0.076 0.024 0.028
1 0.393 0.086 0.03 0.02
1 0.372 0.09 0.016 0.02
1 0.024 0.013 0.032 0.014
1 0.045 0.09 0.022 0.024
1 0.175 0.665 0.026 0.026
1 0.666 0.19 0.02 0.044
1 0.661 0.153 0.022 0.018
1 0.799 0.057 0.022 0.018
1 0.502 0.735 0.024 0.03
1 0.274 0.796 0.032 0.016
1 0.329 0.845 0.022 0.022
1 0.347 0.828 0.026 0.024
1 0.243 0.831 0.018 0.022
1 0.11 0.847 0.016 0.03
1 0.988 0.681 0.02 0.022
1 0.929 0.59 0.026 0.02
1 0.636 0.037 0.044 0.018
1 0.392 0.01 0.02 0.016
1 0.327 0.125 0.022 0.022
1 0.286 0.084 0.016 0.012
1 0.093 0.108 0.026 0.024
1 0.74 0.299 0.008 0.018
1 0.735 0.289 0.002 0.01
1 0.81 0.472 0.012 0.028
1 0.798 0.469 0.016 0.014
1 0.787 0.471 0.03 0.046
1 0.148 0.826 0.044 0.028
1 0.463 0.758 0.022 0.028
1 0.548 0.866 0.016 0.02
1 0.423 0.974 0.018 0.024
1 0.75 0.846 0.02 0.036
1 0.874 0.914 0.012 0.024
1 0.797 0.916 0.014 0.024
1 0.682 0.853 0.008 0.03
1 0.821 0.343 0.022 0.022
1 0.254 0.081 0.028 0.03
1 0.892 0.208 0.024 0.028
1 0.639 0.052 0.01 0.02
1 0.16 0.5 0.02 0.024
1 0.567 0.06 0.014 0.016
1 0.235 0.437 0.018 0.026
1 0.013 0.83 0.022 0.024
1 0.075 0.973 0.022 0.022
1 0.518 0.969 0.02 0.018
1 0.59 0.845 0.02 0.018
1 0.273 0.306 0.022 0.016
2 0.501 0.2 0.034 0.036
2 0.617 0.477 0.042 0.034
2 0.267 0.036 0.038 0.04
2 0.632 0.618 0.04 0.04
2 0.282 0.958 0.028 0.032
2 0.646 0.274 0.04 0.04
2 0.707 0.528 0.038 0.024
2 0.715 0.591 0.03 0.046
2 0.752 0.685 0.02 0.018
2 0.607 0.511 0.038 0.034
2 0.065 0.004 0.018 0.004
2 0.124 0.01 0.012 0.016
2 0.028 0.137 0.02 0.014
2 0.751 0.638 0.03 0.056
2 0.918 0.507 0.02 0.026
2 0.981 0.503 0.022 0.022
2 0.994 0.469 0.008 0.01
2 0.829 0.378 0.01 0.012
2 0.562 0.169 0.012 0.014
2 0.499 0.118 0.01 0.008
2 0.511 0.066 0.01 0.008
2 0.33 0.402 0.012 0.02
2 0.242 0.583 0.024 0.018
2 0.297 0.528 0.022 0.012
2 0.031 0.85 0.006 0.016
2 0.2 0.953 0.02 0.018
2 0.251 0.97 0.01 0.02
2 0.226 0.975 0.008 0.018
2 0.245 0.752 0.006 0.012
2 0.283 0.749 0.01 0.006
2 0.707 0.713 0.03 0.026
2 0.606 0.645 0.016 0.038
2 0.609 0.754 0.026 0.052
2 0.57 0.743 0.008 0.01
2 0.995 0.809 0.006 0.022
2 0.997 0.765 0.002 0.03
2 0.987 0.005 0.022 0.006
2 0.444 0.388 0.02 0.012
2 0.01 0.42 0.016 0.02
2 0.681 0.716 0.022 0.02
2 0.648 0.465 0.012 0.03
2 0.668 0.582 0.012 0.024
2 0.382 0.821 0.024 0.026
2 0.015 0.496 0.026 0.016
2 0.531 0.619 0.018 0.022
2 0.872 0.625 0.016 0.006
2 0.95 0.903 0.012 0.03
0 0.078 0.89 0.048 0.044
0 0.14 0.953 0.04 0.058
0 0.234 0.932 0.036 0.048
0 0.288 0.923 0.032 0.042
0 0.324 0.98 0.032 0.036
0 0.364 0.966 0.036 0.048
0 0.307 0.877 0.042 0.042
0 0.106 0.768 0.048 0.06
0 0.209 0.818 0.034 0.04
0 0.385 0.912 0.03 0.032
0 0.361 0.79 0.038 0.032
0 0.448 0.809 0.044 0.038
0 0.473 0.845 0.026 0.034
0 0.465 0.833 0.034 0.03
0 0.539 0.894 0.038 0.04
0 0.556 0.898 0.044 0.048
0 0.588 0.952 0.028 0.044
0 0.658 0.966 0.028 0.032
0 0.683 0.957 0.03 0.034
0 0.674 0.987 0.028 0.022
0 0.727 0.988 0.03 0.02
0 0.713 0.936 0.03 0.036
0 0.764 0.974 0.032 0.032
0 0.768 0.961 0.04 0.046
0 0.825 0.979 0.026 0.034
0 0.825 0.949 0.026 0.03
0 0.872 0.989 0.032 0.018
0 0.878 0.961 0.032 0.026
0 0.887 0.953 0.022 0.022
0 0.855 0.946 0.026 0.036
0 0.892 0.918 0.024 0.032
0 0.876 0.916 0.016 0.024
0 0.828 0.902 0.028 0.024
0 0.974 0.928 0.024 0.028
0 0.955 0.868 0.03 0.028
0 0.983 0.833 0.022 0.034
0 0.911 0.834 0.03 0.04
0 0.856 0.861 0.024 0.034
0 0.844 0.858 0.016 0.032
0 0.861 0.848 0.014 0.02
0 0.817 0.841 0.03 0.034
0 0.768 0.875 0.024 0.022
0 0.725 0.918 0.026 0.028
0 0.788 0.81 0.04 0.036
0 0.966 0.797 0.028 0.022
0 0.965 0.765 0.026 0.03
0 0.989 0.735 0.018 0.03
0 0.895 0.773 0.03 0.034
0 0.924 0.74 0.032 0.032
0 0.848 0.745 0.032 0.05
0 0.863 0.71 0.03 0.032
0 0.929 0.671 0.034 0.038
0 0.966 0.637 0.028 0.046
0 0.802 0.657 0.04 0.042
0 0.62 0.914 0.032 0.032
0 0.7 0.865 0.02 0.034
0 0.631 0.878 0.038 0.032
0 0.712 0.834 0.02 0.02
0 0.654 0.848 0.028 0.024
0 0.669 0.821 0.018 0.014
0 0.656 0.813 0.024 0.026
0 0.684 0.747 0.048 0.034
0 0.679 0.787 0.038 0.034
0 0.908 0.615 0.032 0.046
0 0.9 0.622 0.016 0.036
0 0.931 0.56 0.026 0.036
0 0.918 0.57 0.016 0.024
0 0.781 0.551 0.046 0.05
0 0.721 0.481 0.034 0.046
0 0.754 0.427 0.048 0.05
0 0.707 0.387 0.05 0.054
0 0.622 0.417 0.048 0.046
0 0.035 0.696 0.054 0.056
0 0.088 0.598 0.036 0.04
0 0.162 0.596 0.044 0.044
0 0.235 0.652 0.038 0.04
0 0.291 0.652 0.03 0.028
0 0.417 0.643 0.05 0.054
0 0.299 0.682 0.018 0.016
0 0.4 0.764 0.044 0.048
0 0.562 0.788 0.024 0.028
0 0.503 0.823 0.018 0.018
0 0.545 0.696 0.034 0.028
0 0.524 0.671 0.036 0.034
0 0.185 0.546 0.034 0.024
0 0.19 0.638 0.024 0.024
0 0.201 0.648 0.018 0.028
0 0.223 0.62 0.022 0.02
0 0.11 0.507 0.044 0.062
0 0.203 0.459 0.034 0.034
0 0.139 0.364 0.038 0.036
0 0.218 0.382 0.04 0.04
0 0.242 0.345 0.024 0.03
0 0.284 0.34 0.036 0.048
0 0.392 0.517 0.048 0.05
0 0.492 0.471 0.04 0.062
0 0.374 0.458 0.044 0.052
0 0.433 0.425 0.05 0.05
0 0.466 0.426 0.032 0.048
0 0.546 0.404 0.044 0.048
0 0.482 0.365 0.048 0.046
0 0.486 0.317 0.044 0.038
0 0.582 0.316 0.032 0.04
0 0.568 0.33 0.028 0.02
0 0.701 0.34 0.03 0.04
0 0.702 0.31 0.044 0.036
0 0.748 0.328 0.036 0.044
0 0.703 0.255 0.038 0.042
0 0.778 0.246 0.052 0.068
0 0.919 0.248 0.042 0.044
0 0.986 0.275 0.024 0.038
0 0.906 0.315 0.04 0.046
0 0.884 0.426 0.048 0.044
0 0.87 0.396 0.028 0.024
0 0.872 0.371 0.036 0.034
0 0.964 0.161 0.04 0.046
0 0.855 0.193 0.042 0.05
0 0.857 0.158 0.034 0.028
0 0.98 0.088 0.036 0.044
0 0.918 0.044 0.032 0.036
0 0.949 0.014 0.046 0.024
0 0.769 0.057 0.034 0.05
0 0.702 0.017 0.044 0.03
0 0.613 0.109 0.034 0.042
0 0.54 0.117 0.036 0.054
0 0.444 0.132 0.052 0.068
0 0.487 0.072 0.034 0.036
0 0.528 0.031 0.04 0.058
0 0.5 0.017 0.028 0.03
0 0.348 0.026 0.072 0.048
0 0.377 0.243 0.034 0.026
0 0.327 0.161 0.034 0.034
0 0.292 0.125 0.036 0.038
0 0.352 0.202 0.024 0.028
0 0.361 0.179 0.026 0.034
0 0.283 0.197 0.042 0.03
0 0.248 0.174 0.036 0.04
0 0.266 0.268 0.028 0.036
0 0.226 0.232 0.048 0.044
0 0.231 0.263 0.038 0.05
0 0.132 0.275 0.028 0.03
0 0.138 0.238 0.04 0.044
0 0.099 0.223 0.038 0.058
0 0.168 0.131 0.044 0.058
0 0.143 0.062 0.042 0.044
0 0.202 0.149 0.024 0.03
0 0.468 0.248 0.044 0.044
0 0.562 0.552 0.036 0.036
0 0.988 0.929 0.016 0.034
0 0.86 0.888 0.028 0.032
0 0.806 0.995 0.028 0.006
0 0.424 0.973 0.016 0.022
0 0.28 0.987 0.02 0.022
0 0.339 0.934 0.026 0.02
0 0.389 0.881 0.03 0.018
0 0.344 0.827 0.028 0.026
0 0.53 0.859 0.02 0.03
0 0.929 0.587 0.022 0.018
0 0.988 0.682 0.02 0.02
0 0.995 0.635 0.006 0.022
0 0.09 0.448 0.024 0.024
0 0.134 0.454 0.036 0.016
0 0.161 0.398 0.038 0.032
0 0.284 0.248 0.028 0.016
0 0.992 0.149 0.012 0.038
0 0.786 0.472 0.024 0.044
0 0.803 0.472 0.022 0.024
0 0.572 0.376 0.028 0.028
0 0.572 0.357 0.02 0.018
0 0.548 0.355 0.024 0.022
0 0.651 0.411 0.034 0.078
0 0.707 0.527 0.038 0.022
0 0.605 0.017 0.042 0.03
0 0.656 0.071 0.04 0.05
0 0.185 0.08 0.03 0.024
0 0.158 0.02 0.04 0.036
0 0.33 0.125 0.02 0.018
0 0.45 0.287 0.02 0.026
0 0.045 0.09 0.022 0.024
0 0.015 0.183 0.026 0.022
0 0.021 0.293 0.038 0.046
0 0.006 0.866 0.008 0.036
0 0.013 0.83 0.022 0.028
1 0.635 0.982 0.014 0.012
1 0.4 0.888 0.016 0.016
1 0.329 0.845 0.018 0.018
1 0.275 0.796 0.026 0.016
1 0.547 0.869 0.014 0.018
1 0.751 0.685 0.018 0.018
1 0.466 0.676 0.016 0.024
1 0.446 0.554 0.016 0.028
1 0.009 0.46 0.014 0.02
1 0.035 0.42 0.022 0.016
1 0.34 0.255 0.02 0.018
1 0.254 0.286 0.016 0.02
1 0.659 0.153 0.022 0.018
1 0.724 0.144 0.02 0.028
1 0.864 0.066 0.02 0.02
1 0.905 0.084 0.022 0.028
1 0.839 0.152 0.022 0.024
1 0.963 0.424 0.018 0.02
1 0.633 0.311 0.018 0.022
1 0.617 0.312 0.018 0.024
1 0.799 0.056 0.022 0.02
1 0.822 0.345 0.016 0.018
1 0.814 0.337 0.012 0.014
1 0.135 0.832 0.014 0.016
2 0.714 0.864 0.024 0.028
2 0.956 0.989 0.028 0.018
2 0.915 0.97 0.018 0.032
2 0.933 0.922 0.026 0.02
2 0.776 0.915 0.02 0.026
2 0.798 0.916 0.016 0.024
2 0.701 0.988 0.018 0.02
2 0.734 0.969 0.02 0.022
2 0.609 0.983 0.022 0.03
2 0.634 0.948 0.024 0.028
2 0.549 0.963 0.038 0.034
2 0.518 0.97 0.02 0.02
2 0.532 0.992 0.024 0.012
2 0.283 0.958 0.026 0.032
2 0.464 0.753 0.02 0.026
2 0.501 0.736 0.022 0.028
2 0.55 0.827 0.028 0.042
2 0.59 0.845 0.02 0.018
2 0.631 0.866 0.022 0.016
2 0.747 0.816 0.034 0.012
2 0.751 0.792 0.03 0.024
2 0.749 0.846 0.018 0.032
2 0.781 0.829 0.026 0.03
2 0.685 0.857 0.014 0.034
2 0.892 0.641 0.02 0.026
2 0.758 0.699 0.04 0.03
2 0.374 0.537 0.032 0.026
2 0.385 0.617 0.034 0.042
2 0.174 0.664 0.028 0.024
2 0.01 0.419 0.016 0.022
2 0.162 0.501 0.02 0.026
2 0.238 0.435 0.016 0.022
2 0.24 0.495 0.024 0.03
2 0.268 0.31 0.04 0.024
2 0.402 0.349 0.02 0.034
2 0.328 0.357 0.02 0.034
2 0.418 0.177 0.04 0.03
2 0.39 0.156 0.024 0.032
2 0.502 0.2 0.036 0.036
2 0.846 0.017 0.036 0.03
2 0.947 0.403 0.014 0.022
2 0.913 0.459 0.018 0.03
2 0.605 0.511 0.038 0.026
2 0.62 0.477 0.032 0.034
2 0.714 0.591 0.028 0.042
2 0.797 0.576 0.018 0.02
2 0.634 0.627 0.032 0.026
2 0.635 0.036 0.042 0.016
2 0.642 0.055 0.012 0.026
2 0.439 0.074 0.022 0.032
2 0.392 0.085 0.024 0.022
2 0.386 0.056 0.04 0.028
2 0.266 0.036 0.036 0.04
2 0.253 0.084 0.022 0.028
2 0.372 0.09 0.016 0.02
2 0.285 0.085 0.018 0.014
2 0.666 0.191 0.02 0.038
2 0.5 0.271 0.024 0.03
2 0.023 0.013 0.034 0.014
2 0.18 0.04 0.02 0.02
2 0.097 0.109 0.026 0.022
2 0.009 0.342 0.014 0.028
2 0.055 0.255 0.022 0.022
2 0.333 0.302 0.03 0.044
2 0.122 0.186 0.028 0.02
2 0.155 0.819 0.026 0.014
2 0.11 0.846 0.016 0.032
2 0.014 0.976 0.024 0.044
2 0.162 0.991 0.032 0.014
2 0.082 0.991 0.028 0.014
2 0.077 0.97 0.022 0.02
2 0.026 0.896 0.028 0.032
2 0.058 0.932 0.028 0.024
2 0.242 0.832 0.02 0.02
2 0.746 0.576 0.016 0.024
2 0.708 0.712 0.028 0.028
2 0.598 0.379 0.02 0.026
2 0.462 0.007 0.028 0.01
2 0.394 0.011 0.02 0.018
2 0.559 0.063 0.038 0.026