0 0.025 0.013 0.05 0.026
0 0.093 0.039 0.05 0.058
0 0.144 0.039 0.06 0.062
0 0.209 0.027 0.05 0.05
0 0.321 0.088 0.078 0.052
0 0.362 0.153 0.056 0.046
0 0.443 0.035 0.058 0.046
0 0.242 0.153 0.064 0.046
0 0.292 0.186 0.072 0.044
0 0.412 0.232 0.068 0.064
0 0.489 0.131 0.042 0.05
0 0.531 0.079 0.042 0.038
0 0.541 0.129 0.054 0.054
0 0.579 0.181 0.054 0.074
0 0.685 0.17 0.046 0.052
0 0.49 0.254 0.056 0.056
0 0.415 0.361 0.042 0.05
0 0.33 0.339 0.048 0.062
0 0.245 0.314 0.042 0.048
0 0.227 0.238 0.062 0.06
0 0.121 0.245 0.042 0.046
0 0.046 0.278 0.052 0.044
0 0.013 0.217 0.026 0.054
0 0.062 0.16 0.052 0.056
0 0.084 0.092 0.068 0.052
0 0.593 0.274 0.074 0.032
0 0.5 0.321 0.044 0.054
0 0.786 0.13 0.068 0.048
0 0.234 0.398 0.04 0.06
0 0.27 0.417 0.04 0.046
0 0.28 0.444 0.044 0.048
0 0.312 0.465 0.048 0.034
0 0.335 0.503 0.034 0.05
0 0.376 0.411 0.032 0.05
0 0.57 0.328 0.036 0.052
0 0.602 0.319 0.04 0.054
0 0.618 0.535 0.052 0.07
0 0.655 0.491 0.042 0.042
0 0.81 0.424 0.052 0.036
0 0.815 0.392 0.038 0.04
0 0.813 0.337 0.034 0.062
0 0.825 0.203 0.058 0.062
0 0.869 0.088 0.066 0.06
0 0.834 0.016 0.06 0.032
0 0.931 0.038 0.054 0.068
0 0.727 0.036 0.066 0.048
0 0.786 0.038 0.044 0.032
0 0.766 0.093 0.052 0.03
0 0.802 0.073 0.036 0.034
0 0.905 0.204 0.042 0.048
0 0.91 0.264 0.04 0.06
0 0.947 0.348 0.038 0.056
0 0.908 0.347 0.04 0.05
0 0.658 0.385 0.036 0.038
0 0.897 0.509 0.038 0.066
0 0.914 0.59 0.04 0.06
0 0.819 0.55 0.046 0.068
0 0.835 0.605 0.058 0.074
0 0.842 0.681 0.056 0.05
0 0.803 0.642 0.042 0.044
0 0.757 0.607 0.062 0.042
0 0.73 0.691 0.04 0.058
0 0.9 0.692 0.036 0.064
0 0.945 0.714 0.03 0.048
0 0.988 0.736 0.02 0.048
0 0.936 0.768 0.064 0.036
0 0.861 0.802 0.046 0.036
0 0.679 0.743 0.042 0.058
0 0.729 0.53 0.05 0.064
0 0.474 0.542 0.044 0.052
0 0.532 0.604 0.056 0.044
0 0.414 0.594 0.04 0.044
0 0.376 0.591 0.032 0.034
0 0.396 0.65 0.048 0.048
0 0.266 0.601 0.048 0.05
0 0.22 0.586 0.052 0.048
0 0.196 0.616 0.044 0.044
0 0.197 0.652 0.05 0.044
0 0.165 0.713 0.046 0.05
0 0.174 0.409 0.04 0.042
0 0.153 0.46 0.066 0.028
0 0.11 0.386 0.04 0.056
0 0.063 0.451 0.042 0.03
0 0.079 0.486 0.038 0.024
0 0.156 0.51 0.04 0.048
0 0.203 0.473 0.038 0.026
0 0.063 0.533 0.038 0.038
0 0.102 0.65 0.036 0.068
0 0.04 0.627 0.036 0.038
0 0.095 0.702 0.054 0.036
0 0.113 0.741 0.046 0.054
0 0.307 0.63 0.042 0.044
0 0.354 0.683 0.076 0.038
0 0.464 0.661 0.044 0.034
0 0.561 0.739 0.046 0.054
0 0.385 0.747 0.05 0.078
0 0.311 0.828 0.054 0.052
0 0.405 0.832 0.07 0.044
0 0.443 0.894 0.05 0.044
0 0.476 0.796 0.04 0.036
0 0.621 0.797 0.07 0.054
0 0.698 0.823 0.044 0.05
0 0.739 0.794 0.038 0.056
0 0.802 0.701 0.036 0.046
0 0.027 0.868 0.054 0.056
0 0.046 0.78 0.04 0.044
0 0.081 0.779 0.038 0.046
0 0.089 0.848 0.042 0.036
0 0.084 0.907 0.044 0.042
0 0.116 0.928 0.04 0.036
0 0.149 0.968 0.07 0.044
0 0.252 0.89 0.04 0.036
0 0.262 0.928 0.052 0.052
0 0.474 0.857 0.048 0.03
0 0.644 0.9 0.044 0.044
0 0.592 0.928 0.056 0.032
0 0.621 0.967 0.05 0.046
0 0.536 0.891 0.052 0.038
0 0.381 0.942 0.082 0.044
0 0.379 0.983 0.054 0.03
0 0.468 0.726 0.044 0.048
0 0.063 0.342 0.05 0.032
0 0.075 0.23 0.058 0.04
0 0.11 0.197 0.052 0.042
0 0.328 0.262 0.068 0.036
0 0.734 0.488 0.068 0.04
0 0.987 0.435 0.022 0.074
0 0.691 0.337 0.034 0.038
0 0.8 0.941 0.044 0.05
0 0.838 0.955 0.04 0.054
0 0.866 0.855 0.068 0.05
0 0.906 0.81 0.04 0.032
0 0.906 0.958 0.068 0.048
0 0.545 0.799 0.03 0.034
0 0.292 0.765 0.064 0.034
0 0.523 0.936 0.046 0.048
0 0.19 0.537 0.036 0.042
0 0.373 0.562 0.066 0.04
0 0.647 0.094 0.09 0.032
0 0.017 0.489 0.034 0.038
0 0.009 0.632 0.018 0.048
0 0.03 0.984 0.04 0.028
0 0.809 0.851 0.034 0.05
0 0.716 0.351 0.036 0.022
0 0.656 0.336 0.032 0.02
0 0.257 0.503 0.038 0.046
0 0.852 0.992 0.04 0.012
1 0.083 0.41 0.03 0.02
1 0.053 0.207 0.038 0.026
1 0.007 0.128 0.014 0.048
1 0.299 0.347 0.022 0.03
1 0.008 0.416 0.016 0.028
1 0.145 0.654 0.022 0.036
1 0.139 0.863 0.03 0.03
1 0.191 0.927 0.018 0.03
1 0.084 0.955 0.028 0.034
1 0.006 0.941 0.012 0.03
1 0.426 0.853 0.028 0.018
1 0.582 0.87 0.04 0.032
1 0.49 0.924 0.032 0.024
1 0.775 0.887 0.038 0.03
1 0.62 0.854 0.028 0.044
1 0.686 0.906 0.024 0.028
1 0.79 0.739 0.024 0.03
1 0.765 0.666 0.034 0.024
1 0.711 0.641 0.03 0.026
1 0.644 0.714 0.02 0.04
1 0.602 0.655 0.028 0.034
1 0.572 0.644 0.028 0.028
1 0.534 0.662 0.044 0.028
1 0.561 0.437 0.03 0.026
1 0.455 0.422 0.03 0.04
1 0.487 0.435 0.042 0.022
1 0.623 0.414 0.034 0.028
1 0.811 0.477 0.022 0.038
1 0.923 0.395 0.038 0.014
1 0.854 0.341 0.02 0.022
1 0.404 0.46 0.028 0.024
1 0.192 0.501 0.032 0.018
1 0.588 0.053 0.024 0.022
1 0.728 0.097 0.024 0.03
1 0.747 0.226 0.022 0.024
1 0.901 0.141 0.034 0.022
1 0.967 0.139 0.014 0.018
1 0.985 0.174 0.014 0.02
1 0.846 0.286 0.024 0.036
1 0.956 0.409 0.02 0.014
1 0.95 0.871 0.02 0.038
1 0.938 0.92 0.036 0.024
2 0.01 0.063 0.02 0.038
2 0.099 0.136 0.026 0.036
2 0.139 0.279 0.034 0.03
2 0.189 0.232 0.018 0.044
2 0.115 0.328 0.046 0.04
2 0.042 0.323 0.04 0.034
2 0.052 0.367 0.032 0.034
2 0.031 0.536 0.026 0.036
2 0.037 0.573 0.03 0.038
2 0.039 0.686 0.046 0.028
2 0.196 0.987 0.04 0.022
2 0.356 0.849 0.04 0.042
2 0.555 0.857 0.05 0.03
2 0.823 0.739 0.022 0.03
2 0.552 0.566 0.036 0.056
2 0.585 0.368 0.062 0.044
2 0.241 0.541 0.042 0.042
2 0.282 0.482 0.032 0.028
2 0.365 0.395 0.038 0.046
2 0.287 0.383 0.03 0.026
2 0.362 0.118 0.04 0.028
2 0.403 0.012 0.034 0.02
2 0.566 0.007 0.044 0.014
2 0.932 0.212 0.02 0.024
2 0.814 0.293 0.028 0.03
2 0.938 0.951 0.044 0.022
2 0.984 0.809 0.028 0.03
2 0.532 0.99 0.036 0.016
2 0.65 0.985 0.032 0.018