0 0.978 0.024 0.036 0.048
0 0.944 0.015 0.052 0.03
0 0.943 0.08 0.046 0.056
0 0.934 0.128 0.048 0.056
0 0.977 0.257 0.042 0.046
0 0.785 0.137 0.038 0.046
0 0.897 0.016 0.034 0.032
0 0.732 0.006 0.036 0.012
0 0.723 0.049 0.046 0.05
0 0.667 0.15 0.05 0.044
0 0.798 0.01 0.044 0.02
0 0.704 0.218 0.048 0.048
0 0.764 0.219 0.036 0.038
0 0.822 0.199 0.06 0.054
0 0.825 0.291 0.046 0.054
0 0.78 0.332 0.064 0.048
0 0.817 0.437 0.034 0.03
0 0.798 0.416 0.052 0.04
0 0.772 0.577 0.048 0.042
0 0.957 0.365 0.058 0.058
0 0.605 0.016 0.058 0.032
0 0.975 0.436 0.046 0.04
0 0.941 0.625 0.082 0.042
0 0.727 0.485 0.038 0.034
0 0.69 0.459 0.04 0.042
0 0.62 0.239 0.036 0.05
0 0.644 0.226 0.052 0.048
0 0.629 0.34 0.046 0.036
0 0.565 0.226 0.042 0.044
0 0.571 0.295 0.038 0.038
0 0.544 0.125 0.044 0.03
0 0.358 0.047 0.044 0.038
0 0.346 0.022 0.052 0.044
0 0.52 0.062 0.048 0.06
0 0.945 0.678 0.058 0.052
0 0.879 0.631 0.054 0.046
0 0.957 0.791 0.05 0.05
0 0.89 0.714 0.076 0.04
0 0.833 0.735 0.042 0.034
0 0.826 0.696 0.044 0.06
0 0.786 0.745 0.048 0.034
0 0.77 0.693 0.056 0.038
0 0.715 0.72 0.054 0.04
0 0.813 0.953 0.05 0.038
0 0.698 0.906 0.068 0.028
0 0.642 0.853 0.06 0.034
0 0.687 0.62 0.074 0.052
0 0.622 0.658 0.052 0.036
0 0.656 0.686 0.048 0.036
0 0.599 0.715 0.046 0.042
0 0.544 0.719 0.048 0.05
0 0.536 0.832 0.044 0.028
0 0.47 0.978 0.052 0.04
0 0.472 0.816 0.044 0.048
0 0.386 0.865 0.068 0.046
0 0.403 0.977 0.05 0.034
0 0.388 0.953 0.04 0.026
0 0.328 0.971 0.044 0.042
0 0.458 0.338 0.044 0.044
0 0.444 0.385 0.028 0.03
0 0.396 0.394 0.06 0.032
0 0.455 0.447 0.062 0.042
0 0.491 0.518 0.042 0.044
0 0.426 0.546 0.044 0.036
0 0.536 0.605 0.048 0.042
0 0.471 0.672 0.054 0.04
0 0.474 0.71 0.048 0.032
0 0.413 0.766 0.05 0.044
0 0.374 0.778 0.04 0.04
0 0.474 0.612 0.04 0.028
0 0.39 0.625 0.04 0.034
0 0.49 0.077 0.048 0.034
0 0.488 0.103 0.048 0.03
0 0.396 0.096 0.032 0.032
0 0.267 0.056 0.03 0.036
0 0.238 0.01 0.032 0.02
0 0.34 0.134 0.04 0.044
0 0.181 0.107 0.05 0.05
0 0.115 0.016 0.034 0.032
0 0.038 0.012 0.044 0.024
0 0.082 0.063 0.052 0.05
0 0.151 0.066 0.034 0.036
0 0.01 0.114 0.016 0.048
0 0.232 0.211 0.04 0.038
0 0.137 0.145 0.042 0.046
0 0.332 0.161 0.028 0.018
0 0.093 0.178 0.058 0.048
0 0.134 0.2 0.052 0.052
0 0.319 0.419 0.046 0.034
0 0.255 0.405 0.034 0.038
0 0.228 0.415 0.036 0.042
0 0.183 0.409 0.046 0.042
0 0.144 0.457 0.056 0.046
0 0.227 0.518 0.042 0.048
0 0.207 0.521 0.046 0.058
0 0.093 0.584 0.046 0.032
0 0.055 0.67 0.05 0.052
0 0.19 0.58 0.044 0.032
0 0.161 0.588 0.05 0.036
0 0.105 0.639 0.046 0.038
0 0.275 0.607 0.054 0.034
0 0.279 0.498 0.042 0.032
0 0.387 0.238 0.054 0.044
0 0.365 0.251 0.042 0.042
0 0.339 0.277 0.058 0.05
0 0.655 0.392 0.038 0.028
0 0.566 0.334 0.052 0.024
0 0.276 0.825 0.048 0.038
0 0.055 0.76 0.042 0.04
0 0.141 0.967 0.05 0.062
0 0.098 0.881 0.048 0.038
0 0.097 0.925 0.054 0.038
0 0.515 0.362 0.038 0.032
0 0.484 0.131 0.032 0.042
0 0.327 0.46 0.054 0.036
0 0.33 0.498 0.048 0.048
0 0.249 0.161 0.042 0.046
0 0.007 0.269 0.01 0.034
0 0.336 0.168 0.052 0.044
0 0.311 0.578 0.042 0.04
0 0.025 0.889 0.03 0.042
0 0.323 0.677 0.042 0.03
0 0.179 0.806 0.046 0.028
0 0.734 0.937 0.036 0.054
0 0.89 0.264 0.048 0.048
0 0.883 0.281 0.046 0.038
1 0.876 0.08 0.032 0.024
1 0.864 0.38 0.024 0.024
1 0.84 0.181 0.04 0.022
1 0.71 0.513 0.016 0.018
1 0.858 0.547 0.028 0.034
1 0.505 0.008 0.026 0.016
1 0.917 0.572 0.022 0.028
1 0.816 0.565 0.028 0.022
1 0.745 0.512 0.03 0.028
1 0.674 0.318 0.036 0.036
1 0.503 0.146 0.026 0.028
1 0.924 0.76 0.024 0.024
1 0.763 0.872 0.026 0.024
1 0.781 0.976 0.026 0.04
1 0.925 0.994 0.026 0.008
1 0.283 0.983 0.026 0.018
1 0.449 0.414 0.026 0.02
1 0.483 0.456 0.026 0.028
1 0.552 0.481 0.02 0.026
1 0.505 0.49 0.034 0.02
1 0.626 0.57 0.028 0.032
1 0.558 0.777 0.032 0.026
1 0.068 0.099 0.044 0.026
1 0.377 0.365 0.014 0.022
1 0.268 0.46 0.028 0.024
1 0.223 0.339 0.022 0.026
1 0.087 0.398 0.018 0.02
1 0.028 0.377 0.028 0.022
1 0.35 0.306 0.032 0.02
1 0.011 0.931 0.018 0.03
1 0.196 0.971 0.036 0.022
1 0.244 0.912 0.024 0.028
1 0.234 0.888 0.02 0.028
1 0.302 0.732 0.024 0.032
1 0.198 0.914 0.048 0.024
1 0.693 0.38 0.034 0.024
1 0.569 0.362 0.046 0.024
1 0.19 0.024 0.02 0.028
1 0.114 0.373 0.028 0.046
1 0.088 0.366 0.036 0.032
1 0.646 0.523 0.028 0.026
1 0.655 0.565 0.034 0.03
1 0.01 0.643 0.016 0.022
1 0.239 0.568 0.03 0.024
1 0.564 0.434 0.016 0.016
1 0.546 0.428 0.02 0.028
1 0.685 0.988 0.026 0.02
1 0.251 0.854 0.03 0.036
1 0.709 0.961 0.03 0.03
1 0.508 0.95 0.024 0.02
1 0.206 0.679 0.036 0.03
1 0.352 0.373 0.028 0.022
1 0.561 0.944 0.038 0.032
1 0.591 0.78 0.026 0.02
1 0.861 0.305 0.038 0.038
2 0.846 0.063 0.04 0.038
2 0.886 0.452 0.028 0.024
2 0.917 0.789 0.022 0.022
2 0.786 0.675 0.032 0.03
2 0.731 0.766 0.034 0.032
2 0.838 0.865 0.028 0.018
2 0.721 0.84 0.014 0.012
2 0.956 0.884 0.056 0.016
2 0.445 0.753 0.038 0.038
2 0.588 0.036 0.044 0.024
2 0.604 0.067 0.028 0.022
2 0.567 0.083 0.038 0.034
2 0.614 0.173 0.024 0.034
2 0.275 0.191 0.014 0.018
2 0.253 0.259 0.03 0.022
2 0.204 0.076 0.028 0.028
2 0.117 0.092 0.03 0.032
2 0.024 0.295 0.024 0.03
2 0.011 0.366 0.018 0.036
2 0.009 0.441 0.014 0.03
2 0.426 0.27 0.036 0.024
2 0.057 0.513 0.034 0.042
2 0.368 0.577 0.04 0.03
2 0.655 0.214 0.03 0.036
2 0.02 0.847 0.02 0.018
2 0.325 0.639 0.026 0.03
2 0.228 0.608 0.032 0.024
2 0.203 0.477 0.026 0.018
2 0.171 0.478 0.03 0.016
2 0.15 0.629 0.044 0.026
2 0.24 0.704 0.064 0.028
2 0.44 0.899 0.028 0.038
2 0.539 0.909 0.058 0.03
2 0.432 0.845 0.052 0.046
2 0.164 0.865 0.032 0.018
2 0.235 0.815 0.018 0.01
2 0.357 0.329 0.034 0.026
2 0.988 0.6 0.02 0.032
2 0.21 0.833 0.056 0.022
2 0.505 0.396 0.034 0.02
2 0.852 0.151 0.04 0.03
2 0.547 0.971 0.018 0.022
2 0.475 0.924 0.058 0.036
2 0.043 0.434 0.014 0.02
2 0.402 0.17 0.028 0.016