0 0.029 0.924 0.054 0.064
0 0.076 0.981 0.044 0.03
0 0.263 0.985 0.058 0.026
0 0.367 0.991 0.042 0.014
0 0.571 0.976 0.066 0.044
0 0.343 0.901 0.038 0.042
0 0.351 0.939 0.05 0.046
0 0.412 0.924 0.048 0.068
0 0.51 0.955 0.036 0.03
0 0.534 0.935 0.04 0.046
0 0.553 0.899 0.054 0.054
0 0.636 0.961 0.068 0.074
0 0.649 0.902 0.07 0.08
0 0.723 0.973 0.05 0.05
0 0.766 0.971 0.056 0.054
0 0.764 0.925 0.048 0.042
0 0.851 0.99 0.046 0.016
0 0.922 0.971 0.044 0.054
0 0.964 0.972 0.064 0.052
0 0.976 0.988 0.044 0.024
0 0.861 0.955 0.046 0.046
0 0.905 0.921 0.058 0.058
0 0.885 0.861 0.046 0.058
0 0.952 0.826 0.052 0.044
0 0.803 0.87 0.042 0.052
0 0.81 0.908 0.028 0.032
0 0.753 0.847 0.05 0.05
0 0.796 0.828 0.04 0.044
0 0.714 0.81 0.028 0.032
0 0.728 0.778 0.056 0.044
0 0.616 0.857 0.052 0.058
0 0.546 0.822 0.068 0.072
0 0.373 0.854 0.058 0.056
0 0.383 0.762 0.082 0.068
0 0.491 0.782 0.054 0.056
0 0.537 0.766 0.034 0.06
0 0.589 0.728 0.066 0.072
0 0.217 0.822 0.086 0.056
0 0.118 0.858 0.044 0.036
0 0.117 0.836 0.03 0.032
0 0.003 0.857 0.006 0.03
0 0.034 0.834 0.036 0.036
0 0.044 0.869 0.032 0.042
0 0.14 0.833 0.04 0.066
0 0.193 0.805 0.034 0.034
0 0.092 0.748 0.092 0.056
0 0.076 0.722 0.068 0.044
0 0.05 0.667 0.056 0.058
0 0.174 0.718 0.068 0.064
0 0.148 0.631 0.052 0.05
0 0.016 0.519 0.032 0.046
0 0.066 0.561 0.056 0.042
0 0.048 0.546 0.04 0.036
0 0.241 0.772 0.074 0.048
0 0.261 0.743 0.046 0.042
0 0.273 0.627 0.042 0.03
0 0.291 0.67 0.046 0.056
0 0.33 0.663 0.036 0.042
0 0.358 0.694 0.068 0.04
0 0.366 0.67 0.032 0.032
0 0.393 0.707 0.046 0.034
0 0.407 0.675 0.038 0.026
0 0.442 0.651 0.056 0.05
0 0.506 0.725 0.052 0.046
0 0.496 0.68 0.032 0.044
0 0.537 0.684 0.034 0.06
0 0.606 0.629 0.064 0.086
0 0.664 0.64 0.032 0.048
0 0.669 0.697 0.05 0.062
0 0.732 0.709 0.052 0.07
0 0.786 0.766 0.06 0.052
0 0.82 0.636 0.048 0.056
0 0.981 0.598 0.034 0.056
0 0.956 0.635 0.052 0.054
0 0.902 0.653 0.036 0.046
0 0.86 0.776 0.032 0.04
0 0.93 0.745 0.052 0.054
0 0.888 0.752 0.036 0.052
0 0.981 0.5 0.034 0.064
0 0.955 0.512 0.038 0.036
0 0.971 0.44 0.038 0.032
0 0.977 0.404 0.042 0.056
0 0.859 0.47 0.054 0.052
0 0.888 0.492 0.036 0.032
0 0.748 0.473 0.044 0.026
0 0.754 0.505 0.056 0.042
0 0.549 0.545 0.054 0.042
0 0.669 0.51 0.042 0.052
0 0.647 0.483 0.062 0.058
0 0.598 0.457 0.044 0.046
0 0.464 0.446 0.076 0.052
0 0.476 0.491 0.024 0.022
0 0.406 0.464 0.06 0.056
0 0.42 0.538 0.048 0.028
0 0.445 0.559 0.05 0.05
0 0.327 0.584 0.034 0.052
0 0.323 0.48 0.054 0.056
0 0.249 0.584 0.066 0.048
0 0.285 0.505 0.034 0.034
0 0.269 0.477 0.034 0.03
0 0.169 0.549 0.046 0.05
0 0.132 0.549 0.028 0.022
0 0.151 0.524 0.022 0.024
0 0.137 0.51 0.026 0.044
0 0.016 0.44 0.032 0.016
0 0.142 0.419 0.036 0.034
0 0.045 0.355 0.054 0.042
0 0.009 0.217 0.018 0.046
0 0.007 0.16 0.014 0.036
0 0.056 0.175 0.044 0.038
0 0.007 0.063 0.014 0.034
0 0.009 0.026 0.018 0.036
0 0.061 0.328 0.042 0.04
0 0.152 0.38 0.06 0.032
0 0.195 0.402 0.062 0.068
0 0.106 0.331 0.044 0.042
0 0.087 0.264 0.086 0.064
0 0.017 0.111 0.034 0.034
0 0.023 0.019 0.046 0.034
0 0.101 0.033 0.054 0.042
0 0.038 0.074 0.044 0.052
0 0.136 0.038 0.024 0.028
0 0.113 0.118 0.042 0.032
0 0.083 0.09 0.042 0.044
0 0.135 0.005 0.03 0.006
0 0.286 0.021 0.068 0.038
0 0.248 0.116 0.06 0.036
0 0.282 0.187 0.04 0.034
0 0.241 0.178 0.062 0.036
0 0.196 0.183 0.036 0.034
0 0.149 0.148 0.054 0.048
0 0.254 0.259 0.076 0.058
0 0.231 0.252 0.042 0.04
0 0.245 0.341 0.054 0.046
0 0.285 0.392 0.046 0.06
0 0.355 0.37 0.058 0.068
0 0.403 0.398 0.046 0.02
0 0.393 0.323 0.062 0.062
0 0.437 0.3 0.042 0.044
0 0.488 0.373 0.056 0.062
0 0.493 0.207 0.066 0.054
0 0.44 0.218 0.048 0.036
0 0.424 0.195 0.06 0.042
0 0.433 0.247 0.042 0.038
0 0.388 0.167 0.036 0.038
0 0.344 0.221 0.036 0.022
0 0.469 0.137 0.078 0.05
0 0.399 0.029 0.058 0.054
0 0.409 0.005 0.022 0.006
0 0.41 0.071 0.044 0.03
0 0.398 0.088 0.052 0.04
0 0.342 0.102 0.068 0.04
0 0.52 0.013 0.056 0.022
0 0.503 0.047 0.038 0.046
0 0.616 0.408 0.056 0.056
0 0.562 0.388 0.048 0.048
0 0.577 0.375 0.046 0.042
0 0.661 0.418 0.058 0.052
0 0.758 0.406 0.052 0.044
0 0.775 0.363 0.038 0.038
0 0.735 0.323 0.042 0.05
0 0.668 0.321 0.052 0.042
0 0.564 0.24 0.04 0.044
0 0.593 0.292 0.026 0.032
0 0.598 0.078 0.072 0.056
0 0.978 0.029 0.04 0.038
0 0.981 0.009 0.034 0.014
0 0.913 0.071 0.058 0.042
0 0.908 0.015 0.04 0.026
0 0.932 0.129 0.044 0.05
0 0.992 0.202 0.012 0.036
0 0.979 0.226 0.038 0.04
0 0.927 0.237 0.042 0.058
0 0.992 0.314 0.012 0.036
0 0.955 0.373 0.034 0.038
0 0.907 0.327 0.046 0.042
0 0.888 0.361 0.036 0.038
0 0.854 0.38 0.052 0.072
0 0.844 0.348 0.06 0.064
0 0.783 0.315 0.058 0.05
0 0.819 0.321 0.022 0.034
0 0.838 0.317 0.016 0.026
0 0.831 0.284 0.03 0.036
0 0.84 0.223 0.04 0.038
0 0.728 0.295 0.044 0.058
0 0.772 0.031 0.036 0.038
0 0.721 0.055 0.054 0.038
0 0.731 0.033 0.046 0.05
0 0.827 0.013 0.034 0.022
0 0.862 0.009 0.04 0.014
0 0.876 0.013 0.032 0.022
0 0.883 0.036 0.022 0.028
0 0.739 0.144 0.042 0.048
0 0.748 0.091 0.052 0.034
0 0.77 0.076 0.032 0.028
0 0.779 0.113 0.054 0.042
0 0.78 0.144 0.052 0.032
0 0.563 0.018 0.038 0.028
0 0.562 0.045 0.044 0.042
1 0.071 0.949 0.026 0.018
1 0.215 0.97 0.022 0.028
1 0.263 0.907 0.03 0.038
1 0.079 0.905 0.022 0.03
1 0.308 0.883 0.028 0.05
1 0.956 0.869 0.024 0.03
1 0.943 0.862 0.022 0.024
1 0.643 0.828 0.026 0.032
1 0.406 0.819 0.02 0.022
1 0.091 0.842 0.022 0.028
1 0.087 0.862 0.018 0.016
1 0.004 0.688 0.008 0.028
1 0.119 0.685 0.03 0.018
1 0.246 0.726 0.02 0.028
1 0.256 0.696 0.028 0.024
1 0.337 0.729 0.026 0.026
1 0.225 0.63 0.026 0.028
1 0.425 0.7 0.022 0.028
1 0.454 0.721 0.024 0.022
1 0.468 0.749 0.024 0.022
1 0.556 0.699 0.032 0.026
1 0.913 0.711 0.042 0.018
1 0.804 0.669 0.028 0.018
1 0.834 0.734 0.016 0.016
1 0.84 0.754 0.028 0.028
1 0.953 0.781 0.018 0.018
1 0.933 0.784 0.022 0.024
1 0.842 0.516 0.028 0.028
1 0.608 0.554 0.04 0.028
1 0.749 0.586 0.034 0.02
1 0.751 0.554 0.018 0.016
1 0.758 0.564 0.024 0.02
1 0.741 0.568 0.018 0.024
1 0.711 0.531 0.03 0.038
1 0.592 0.493 0.028 0.022
1 0.224 0.463 0.024 0.026
1 0.106 0.511 0.04 0.018
1 0.113 0.449 0.026 0.022
1 0.003 0.386 0.006 0.016
1 0.186 0.366 0.028 0.024
1 0.197 0.018 0.022 0.032
1 0.335 0.012 0.018 0.02
1 0.21 0.136 0.028 0.02
1 0.146 0.195 0.052 0.022
1 0.17 0.244 0.036 0.024
1 0.353 0.417 0.034 0.022
1 0.535 0.319 0.042 0.034
1 0.497 0.283 0.026 0.03
1 0.475 0.083 0.026 0.022
1 0.455 0.096 0.018 0.028
1 0.392 0.119 0.024 0.022
1 0.691 0.441 0.018 0.034
1 0.699 0.416 0.018 0.024
1 0.713 0.417 0.022 0.018
1 0.603 0.22 0.026 0.032
1 0.599 0.185 0.03 0.022
1 0.605 0.129 0.042 0.022
1 0.592 0.154 0.024 0.032
1 0.615 0.155 0.03 0.03
1 0.65 0.201 0.04 0.018
1 0.64 0.222 0.024 0.036
1 0.996 0.138 0.004 0.036
1 0.952 0.273 0.016 0.022
1 0.978 0.268 0.02 0.04
1 0.722 0.196 0.032 0.02
1 0.712 0.244 0.028 0.02
1 0.822 0.235 0.028 0.026
1 0.864 0.16 0.028 0.024
1 0.816 0.114 0.024 0.044
1 0.808 0.076 0.02 0.024
1 0.702 0.158 0.024 0.032
1 0.755 0.126 0.022 0.02
2 0.101 0.97 0.038 0.024
2 0.233 0.941 0.038 0.034
2 0.178 0.897 0.024 0.03
2 0.184 0.958 0.036 0.02
2 0.365 0.979 0.066 0.034
2 0.474 0.95 0.028 0.032
2 0.578 0.849 0.036 0.03
2 0.473 0.839 0.03 0.03
2 0.013 0.905 0.018 0.026
2 0.062 0.885 0.028 0.03
2 0.064 0.795 0.032 0.03
2 0.007 0.79 0.014 0.012
2 0.098 0.676 0.028 0.016
2 0.476 0.69 0.004 0.012
2 0.721 0.643 0.054 0.054
2 0.793 0.795 0.022 0.014
2 0.9 0.589 0.028 0.026
2 0.984 0.674 0.02 0.024
2 0.809 0.691 0.042 0.034
2 0.862 0.813 0.036 0.03
2 0.977 0.779 0.018 0.026
2 0.888 0.797 0.028 0.034
2 0.934 0.539 0.02 0.026
2 0.98 0.465 0.016 0.018
2 0.82 0.495 0.04 0.014
2 0.72 0.574 0.024 0.044
2 0.496 0.48 0.052 0.052
2 0.386 0.64 0.028 0.024
2 0.322 0.539 0.02 0.026
2 0.232 0.559 0.024 0.018
2 0.223 0.573 0.026 0.014
2 0.198 0.504 0.052 0.028
2 0.224 0.445 0.052 0.042
2 0.024 0.458 0.04 0.044
2 0.074 0.422 0.016 0.036
2 0.099 0.464 0.034 0.048
2 0.135 0.447 0.038 0.038
2 0.05 0.12 0.024 0.024
2 0.098 0.16 0.032 0.032
2 0.311 0.403 0.014 0.014
2 0.347 0.319 0.034 0.022
2 0.454 0.358 0.048 0.048
2 0.348 0.26 0.008 0.02
2 0.358 0.266 0.012 0.02
2 0.36 0.216 0.048 0.056
2 0.471 0.114 0.038 0.016
2 0.612 0.281 0.048 0.042
2 0.604 0.253 0.04 0.034
2 0.612 0.013 0.032 0.022
2 0.645 0.006 0.03 0.008
2 0.697 0.026 0.038 0.048
2 0.849 0.056 0.038 0.032
2 0.923 0.195 0.018 0.022
2 0.98 0.361 0.008 0.026
2 0.753 0.221 0.038 0.034
2 0.846 0.261 0.012 0.014
2 0.858 0.247 0.036 0.038
2 0.869 0.183 0.03 0.042
2 0.687 0.264 0.026 0.024
2 0.779 0.166 0.042 0.02
2 0.538 0.043 0.02 0.026