0 0.291 0.716 0.058 0.068
0 0.019 0.975 0.038 0.046
0 0.011 0.942 0.022 0.02
0 0.178 0.941 0.056 0.078
0 0.216 0.899 0.044 0.054
0 0.234 0.961 0.056 0.054
0 0.354 0.992 0.04 0.012
0 0.466 0.989 0.036 0.018
0 0.515 0.987 0.034 0.022
0 0.62 0.989 0.044 0.018
0 0.621 0.969 0.042 0.046
0 0.725 0.936 0.042 0.056
0 0.784 0.929 0.052 0.046
0 0.762 0.978 0.052 0.04
0 0.791 0.991 0.034 0.014
0 0.857 0.986 0.038 0.024
0 0.949 0.98 0.05 0.036
0 0.938 0.9 0.044 0.052
0 0.894 0.868 0.024 0.028
0 0.71 0.894 0.048 0.08
0 0.773 0.862 0.042 0.06
0 0.805 0.847 0.034 0.07
0 0.848 0.821 0.048 0.078
0 0.607 0.836 0.05 0.06
0 0.638 0.882 0.064 0.08
0 0.643 0.919 0.034 0.022
0 0.722 0.744 0.04 0.072
0 0.807 0.714 0.034 0.04
0 0.762 0.668 0.044 0.06
0 0.669 0.685 0.042 0.05
0 0.64 0.75 0.04 0.06
0 0.485 0.868 0.058 0.056
0 0.372 0.821 0.06 0.066
0 0.416 0.779 0.044 0.058
0 0.497 0.776 0.062 0.072
0 0.537 0.755 0.034 0.038
0 0.558 0.706 0.052 0.068
0 0.588 0.672 0.032 0.044
0 0.41 0.654 0.036 0.044
0 0.398 0.64 0.056 0.064
0 0.273 0.654 0.046 0.064
0 0.348 0.698 0.052 0.06
0 0.898 0.966 0.052 0.056
0 0.507 0.514 0.042 0.068
0 0.622 0.544 0.044 0.068
0 0.753 0.47 0.046 0.052
0 0.85 0.472 0.044 0.06
0 0.858 0.507 0.028 0.038
0 0.91 0.578 0.048 0.056
0 0.922 0.627 0.048 0.058
0 0.949 0.672 0.054 0.08
0 0.889 0.491 0.042 0.046
0 0.972 0.364 0.052 0.084
0 0.838 0.281 0.048 0.074
0 0.919 0.189 0.05 0.058
0 0.044 0.8 0.064 0.06
0 0.107 0.657 0.05 0.066
0 0.158 0.654 0.048 0.068
0 0.071 0.525 0.054 0.074
0 0.103 0.503 0.046 0.034
0 0.305 0.567 0.054 0.074
0 0.411 0.477 0.05 0.062
0 0.249 0.427 0.074 0.07
0 0.221 0.479 0.042 0.03
0 0.282 0.522 0.048 0.056
0 0.389 0.408 0.05 0.064
0 0.477 0.467 0.046 0.058
0 0.53 0.434 0.036 0.06
0 0.549 0.415 0.042 0.038
0 0.622 0.413 0.04 0.058
0 0.63 0.353 0.048 0.042
0 0.607 0.297 0.038 0.03
0 0.702 0.362 0.032 0.04
0 0.775 0.362 0.058 0.064
0 0.321 0.306 0.054 0.064
0 0.24 0.318 0.052 0.06
0 0.22 0.299 0.04 0.046
0 0.464 0.57 0.052 0.072
0 0.442 0.546 0.028 0.036
0 0.555 0.569 0.026 0.038
0 0.637 0.604 0.03 0.028
0 0.679 0.511 0.034 0.05
0 0.632 0.475 0.024 0.026
0 0.752 0.424 0.052 0.04
0 0.285 0.059 0.062 0.074
0 0.17 0.16 0.06 0.064
0 0.237 0.181 0.07 0.066
0 0.159 0.078 0.038 0.044
0 0.349 0.035 0.046 0.05
0 0.486 0.018 0.052 0.032
0 0.48 0.079 0.044 0.058
0 0.55 0.18 0.044 0.032
0 0.535 0.162 0.034 0.032
0 0.575 0.156 0.034 0.04
0 0.551 0.231 0.054 0.054
0 0.61 0.234 0.056 0.052
0 0.67 0.166 0.04 0.04
0 0.647 0.163 0.054 0.054
0 0.683 0.222 0.042 0.056
0 0.707 0.192 0.042 0.064
0 0.757 0.183 0.042 0.07
0 0.836 0.145 0.044 0.078
0 0.971 0.191 0.034 0.05
0 0.989 0.12 0.018 0.056
0 0.94 0.041 0.056 0.078
0 0.672 0.056 0.04 0.072
0 0.791 0.028 0.034 0.048
0 0.827 0.025 0.038 0.046
0 0.889 0.04 0.034 0.048
0 0.746 0.018 0.036 0.032
0 0.552 0.128 0.04 0.048
0 0.405 0.273 0.054 0.066
0 0.192 0.408 0.064 0.08
0 0.116 0.429 0.048 0.07
0 0.078 0.401 0.068 0.062
0 0.297 0.455 0.046 0.058
0 0.046 0.264 0.06 0.064
0 0.257 0.87 0.03 0.072
0 0.308 0.852 0.04 0.068
0 0.082 0.695 0.044 0.05
0 0.232 0.807 0.04 0.038
0 0.2 0.527 0.048 0.05
0 0.153 0.454 0.034 0.036
0 0.229 0.581 0.046 0.05
0 0.143 0.857 0.058 0.054
0 0.119 0.26 0.038 0.036
0 0.055 0.188 0.046 0.048
0 0.096 0.147 0.032 0.034
0 0.057 0.05 0.05 0.048
0 0.01 0.17 0.02 0.032
0 0.287 0.126 0.042 0.056
0 0.283 0.147 0.046 0.058
0 0.013 0.737 0.026 0.038
0 0.035 0.678 0.034 0.048
0 0.358 0.221 0.032 0.07
0 0.347 0.412 0.034 0.064
0 0.402 0.596 0.024 0.024
0 0.422 0.519 0.032 0.038
0 0.68 0.854 0.024 0.028
0 0.853 0.608 0.05 0.064
0 0.088 0.888 0.032 0.044
0 0.109 0.88 0.03 0.028
0 0.056 0.875 0.048 0.038
0 0.092 0.797 0.032 0.034
0 0.658 0.956 0.04 0.04
0 0.56 0.917 0.04 0.038
0 0.979 0.849 0.034 0.034
0 0.638 0.814 0.032 0.048
0 0.142 0.377 0.032 0.058
0 0.869 0.164 0.05 0.076
0 0.881 0.193 0.026 0.026
0 0.705 0.289 0.042 0.03
0 0.392 0.217 0.036 0.042
0 0.46 0.295 0.028 0.05
0 0.783 0.153 0.022 0.054
1 0.291 0.922 0.03 0.024
1 0.016 0.649 0.024 0.026
1 0.044 0.63 0.02 0.02
1 0.064 0.678 0.016 0.016
1 0.217 0.83 0.022 0.016
1 0.274 0.776 0.028 0.02
1 0.098 0.936 0.024 0.028
1 0.136 0.236 0.016 0.02
1 0.032 0.14 0.02 0.024
1 0.154 0.11 0.02 0.02
1 0.213 0.074 0.03 0.024
1 0.073 0.075 0.022 0.022
1 0.303 0.02 0.022 0.02
1 0.238 0.021 0.024 0.034
1 0.031 0.011 0.034 0.018
1 0.424 0.156 0.024 0.028
1 0.393 0.127 0.022 0.022
1 0.414 0.878 0.024 0.028
1 0.473 0.913 0.022 0.018
1 0.488 0.928 0.02 0.02
1 0.434 0.72 0.02 0.028
1 0.755 0.617 0.018 0.026
1 0.749 0.594 0.014 0.032
1 0.307 0.638 0.022 0.016
1 0.671 0.267 0.034 0.018
1 0.033 0.904 0.022 0.028
1 0.321 0.961 0.026 0.034
1 0.393 0.94 0.018 0.028
1 0.56 0.965 0.024 0.026
1 0.558 0.934 0.064 0.024
1 0.018 0.578 0.02 0.028
1 0.062 0.39 0.024 0.028
1 0.302 0.484 0.02 0.02
1 0.599 0.041 0.034 0.018
1 0.748 0.088 0.028 0.02
1 0.761 0.062 0.022 0.024
1 0.909 0.327 0.022 0.022
1 0.937 0.295 0.022 0.018
1 0.961 0.264 0.022 0.024
1 0.986 0.255 0.024 0.022
1 0.493 0.359 0.022 0.022
1 0.787 0.568 0.018 0.024
1 0.779 0.535 0.022 0.026
1 0.513 0.625 0.026 0.042
1 0.921 0.778 0.022 0.024
1 0.541 0.789 0.022 0.022
1 0.542 0.808 0.016 0.012
1 0.891 0.922 0.022 0.024
1 0.822 0.953 0.016 0.018
1 0.827 0.94 0.014 0.02
1 0.739 0.843 0.018 0.022
1 0.667 0.471 0.022 0.022
1 0.553 0.378 0.034 0.024
1 0.536 0.296 0.02 0.02
1 0.521 0.078 0.014 0.028
1 0.285 0.267 0.014 0.014
1 0.337 0.226 0.01 0.02
1 0.694 0.803 0.012 0.014
1 0.833 0.651 0.014 0.014
1 0.874 0.652 0.008 0.012
2 0.017 0.227 0.034 0.05
2 0.422 0.32 0.028 0.032
2 0.394 0.324 0.044 0.036
2 0.687 0.332 0.034 0.056
2 0.601 0.333 0.042 0.038
2 0.914 0.859 0.012 0.018
2 0.904 0.848 0.02 0.016
2 0.364 0.765 0.02 0.034
2 0.21 0.754 0.024 0.02
2 0.804 0.672 0.024 0.028
2 0.867 0.701 0.034 0.03
2 0.353 0.529 0.03 0.042
2 0.794 0.456 0.02 0.036
2 0.931 0.121 0.018 0.026
2 0.924 0.147 0.016 0.018
2 0.429 0.382 0.038 0.04
2 0.473 0.417 0.042 0.058
2 0.467 0.125 0.03 0.026
2 0.61 0.596 0.028 0.04
2 0.148 0.551 0.04 0.038
2 0.191 0.571 0.014 0.014
2 0.133 0.93 0.018 0.024