0 0.189 0.931 0.046 0.046
0 0.057 0.978 0.062 0.04
0 0.076 0.901 0.044 0.05
0 0.16 0.877 0.044 0.058
0 0.095 0.781 0.054 0.046
0 0.166 0.834 0.048 0.036
0 0.222 0.844 0.048 0.056
0 0.121 0.896 0.034 0.028
0 0.135 0.986 0.038 0.024
0 0.195 0.986 0.042 0.024
0 0.284 0.966 0.044 0.036
0 0.328 0.962 0.048 0.056
0 0.409 0.901 0.054 0.054
0 0.436 0.804 0.052 0.044
0 0.584 0.938 0.052 0.044
0 0.612 0.851 0.052 0.042
0 0.672 0.834 0.044 0.04
0 0.611 0.698 0.05 0.044
0 0.547 0.638 0.046 0.032
0 0.544 0.588 0.04 0.036
0 0.511 0.58 0.05 0.04
0 0.6 0.555 0.04 0.03
0 0.575 0.431 0.054 0.05
0 0.671 0.459 0.05 0.05
0 0.719 0.41 0.042 0.048
0 0.728 0.335 0.064 0.054
0 0.676 0.359 0.092 0.046
0 0.404 0.336 0.056 0.04
0 0.308 0.355 0.056 0.046
0 0.243 0.357 0.038 0.034
0 0.132 0.4 0.048 0.04
0 0.056 0.425 0.048 0.05
0 0.03 0.358 0.06 0.048
0 0.038 0.309 0.048 0.038
0 0.066 0.274 0.04 0.04
0 0.071 0.211 0.042 0.038
0 0.071 0.135 0.038 0.03
0 0.063 0.096 0.038 0.036
0 0.127 0.111 0.05 0.05
0 0.103 0.022 0.05 0.04
0 0.175 0.037 0.046 0.058
0 0.223 0.056 0.046 0.048
0 0.321 0.185 0.038 0.042
0 0.383 0.2 0.05 0.044
0 0.34 0.136 0.048 0.028
0 0.385 0.096 0.05 0.064
0 0.52 0.068 0.064 0.064
0 0.609 0.094 0.03 0.032
0 0.572 0.033 0.052 0.058
0 0.705 0.01 0.054 0.016
0 0.745 0.01 0.042 0.016
0 0.695 0.128 0.062 0.048
0 0.729 0.093 0.05 0.05
0 0.759 0.065 0.054 0.05
0 0.77 0.101 0.028 0.018
0 0.857 0.121 0.07 0.046
0 0.908 0.083 0.06 0.058
0 0.987 0.072 0.022 0.06
0 0.769 0.249 0.042 0.05
0 0.595 0.226 0.054 0.036
0 0.508 0.33 0.06 0.06
0 0.348 0.401 0.072 0.042
0 0.365 0.446 0.07 0.048
0 0.306 0.496 0.056 0.052
0 0.225 0.494 0.046 0.044
0 0.169 0.555 0.05 0.05
0 0.319 0.565 0.058 0.05
0 0.388 0.528 0.056 0.044
0 0.546 0.536 0.056 0.044
0 0.427 0.287 0.062 0.042
0 0.342 0.29 0.056 0.052
0 0.365 0.242 0.046 0.036
0 0.402 0.153 0.044 0.03
0 0.516 0.115 0.048 0.038
0 0.647 0.203 0.058 0.038
0 0.823 0.207 0.046 0.042
0 0.922 0.161 0.048 0.034
0 0.977 0.216 0.042 0.036
0 0.91 0.201 0.056 0.042
0 0.835 0.315 0.062 0.046
0 0.938 0.302 0.04 0.044
0 0.93 0.355 0.048 0.03
0 0.843 0.45 0.05 0.044
0 0.915 0.506 0.05 0.044
0 0.901 0.584 0.042 0.044
0 0.863 0.546 0.046 0.04
0 0.968 0.53 0.048 0.064
0 0.975 0.466 0.038 0.036
0 0.903 0.412 0.042 0.036
0 0.803 0.273 0.03 0.026
0 0.919 0.01 0.038 0.016
0 0.897 0.014 0.038 0.024
0 0.634 0.283 0.06 0.038
0 0.591 0.272 0.042 0.044
0 0.601 0.302 0.066 0.044
0 0.541 0.399 0.05 0.034
0 0.474 0.488 0.052 0.044
0 0.427 0.495 0.054 0.058
0 0.185 0.451 0.046 0.034
0 0.223 0.55 0.062 0.044
0 0.129 0.47 0.046 0.032
0 0.005 0.49 0.01 0.028
0 0.044 0.517 0.044 0.038
0 0.088 0.482 0.06 0.048
0 0.303 0.623 0.058 0.042
0 0.415 0.642 0.054 0.06
0 0.685 0.604 0.058 0.04
0 0.733 0.538 0.046 0.052
0 0.783 0.665 0.054 0.042
0 0.889 0.64 0.05 0.04
0 0.803 0.608 0.034 0.032
0 0.869 0.615 0.014 0.022
0 0.828 0.758 0.048 0.092
0 0.657 0.767 0.05 0.05
0 0.673 0.674 0.026 0.028
0 0.275 0.743 0.042 0.062
0 0.215 0.78 0.046 0.048
0 0.055 0.727 0.042 0.066
0 0.733 0.792 0.042 0.044
0 0.746 0.88 0.052 0.032
0 0.66 0.897 0.044 0.07
0 0.526 0.931 0.048 0.05
0 0.759 0.777 0.042 0.042
0 0.475 0.842 0.034 0.044
0 0.465 0.747 0.034 0.046
0 0.363 0.682 0.046 0.044
0 0.333 0.661 0.042 0.042
0 0.127 0.443 0.038 0.03
0 0.104 0.333 0.04 0.042
0 0.162 0.256 0.044 0.036
0 0.206 0.262 0.044 0.04
0 0.175 0.173 0.042 0.042
0 0.153 0.217 0.058 0.046
0 0.216 0.192 0.052 0.032
0 0.323 0.101 0.066 0.05
0 0.383 0.013 0.058 0.022
0 0.452 0.175 0.032 0.038
0 0.479 0.176 0.026 0.032
0 0.838 0.016 0.044 0.028
0 0.823 0.025 0.046 0.046
0 0.795 0.178 0.046 0.036
0 0.98 0.401 0.036 0.034
0 0.954 0.415 0.028 0.034
0 0.926 0.429 0.02 0.03
0 0.883 0.434 0.026 0.028
0 0.876 0.374 0.06 0.028
0 0.988 0.304 0.02 0.02
0 0.116 0.573 0.044 0.038
0 0.09 0.552 0.036 0.028
0 0.257 0.678 0.058 0.044
0 0.315 0.645 0.022 0.022
0 0.185 0.734 0.054 0.056
0 0.314 0.827 0.048 0.038
0 0.359 0.824 0.062 0.048
0 0.558 0.98 0.06 0.036
0 0.676 0.949 0.052 0.046
0 0.887 0.689 0.038 0.046
0 0.797 0.695 0.07 0.046
0 0.822 0.586 0.044 0.048
0 0.523 0.679 0.03 0.038
0 0.724 0.623 0.044 0.046
0 0.453 0.545 0.022 0.026
0 0.469 0.621 0.022 0.022
0 0.196 0.597 0.028 0.026
0 0.213 0.612 0.038 0.044
0 0.91 0.29 0.02 0.024
0 0.914 0.254 0.02 0.02
0 0.919 0.218 0.03 0.024
0 0.995 0.252 0.006 0.028
0 0.761 0.122 0.026 0.016
0 0.777 0.119 0.018 0.014
0 0.202 0.151 0.024 0.034
0 0.041 0.158 0.046 0.04
0 0.034 0.134 0.032 0.02
0 0.008 0.293 0.016 0.034
0 0.006 0.262 0.012 0.02
0 0.025 0.197 0.026 0.022
0 0.039 0.941 0.026 0.03
0 0.007 0.902 0.014 0.024
0 0.01 0.878 0.02 0.024
0 0.625 0.775 0.03 0.034
0 0.996 0.447 0.004 0.022
0 0.992 0.425 0.012 0.026
0 0.926 0.526 0.036 0.024
0 0.671 0.545 0.034 0.034
0 0.66 0.498 0.036 0.024
0 0.091 0.373 0.03 0.03
0 0.059 0.38 0.042 0.024
0 0.046 0.486 0.024 0.036
0 0.118 0.516 0.02 0.028
0 0.66 0.994 0.032 0.008
0 0.594 0.983 0.016 0.01
0 0.603 0.974 0.018 0.012
0 0.862 0.996 0.02 0.004
0 0.825 0.915 0.022 0.03
0 0.424 0.575 0.02 0.022
0 0.44 0.558 0.02 0.016
0 0.229 0.15 0.026 0.02
0 0.462 0.144 0.028 0.024
0 0.762 0.176 0.02 0.02
0 0.774 0.512 0.024 0.024
0 0.797 0.509 0.026 0.03
0 0.008 0.832 0.016 0.036
0 0.019 0.778 0.038 0.076
0 0.011 0.217 0.022 0.046
0 0.153 0.088 0.03 0.028
0 0.174 0.075 0.048 0.03
0 0.556 0.192 0.028 0.032
0 0.661 0.426 0.054 0.04
0 0.818 0.828 0.06 0.036
0 0.744 0.82 0.02 0.012
0 0.758 0.603 0.028 0.026
0 0.878 0.738 0.02 0.016
0 0.49 0.866 0.024 0.036
0 0.561 0.922 0.014 0.024
0 0.628 0.92 0.032 0.028
0 0.123 0.98 0.03 0.036
0 0.123 0.873 0.034 0.026
0 0.071 0.857 0.034 0.018
0 0.291 0.831 0.026 0.03
0 0.979 0.017 0.014 0.018
0 0.992 0.011 0.012 0.018
0 0.071 0.755 0.03 0.026
0 0.099 0.757 0.026 0.018
0 0.486 0.193 0.032 0.026
0 0.313 0.15 0.038 0.024
0 0.287 0.145 0.022 0.018
0 0.528 0.004 0.028 0.004
0 0.413 0.073 0.018 0.018
0 0.425 0.085 0.006 0.01
0 0.747 0.141 0.026 0.026
0 0.1 0.257 0.028 0.022
0 0.087 0.274 0.014 0.032
0 0.007 0.093 0.014 0.026
0 0.307 0.22 0.018 0.028
0 0.449 0.576 0.026 0.024
0 0.015 0.612 0.03 0.052
1 0.839 0.987 0.014 0.022
1 0.189 0.621 0.022 0.018
1 0.366 0.652 0.024 0.024
1 0.512 0.477 0.012 0.018
1 0.51 0.454 0.016 0.028
1 0.403 0.372 0.038 0.02
1 0.569 0.33 0.018 0.04
1 0.729 0.253 0.014 0.026
1 0.602 0.034 0.016 0.028
1 0.348 0.058 0.02 0.024
1 0.17 0.285 0.028 0.018
1 0.029 0.221 0.022 0.01
1 0.033 0.913 0.034 0.026
1 0.077 0.832 0.034 0.012
1 0.19 0.759 0.02 0.014
1 0.362 0.778 0.028 0.02
1 0.525 0.775 0.026 0.022
1 0.541 0.847 0.018 0.022
1 0.546 0.825 0.04 0.022
1 0.51 0.806 0.028 0.024
1 0.863 0.864 0.022 0.02
1 0.937 0.87 0.034 0.024
1 0.579 0.6 0.03 0.036
1 0.627 0.472 0.022 0.028
1 0.785 0.579 0.03 0.018
1 0.77 0.591 0.036 0.022
1 0.802 0.441 0.024 0.022
1 0.174 0.421 0.02 0.014
1 0.205 0.403 0.026 0.018
1 0.035 0.559 0.034 0.022
1 0.031 0.651 0.022 0.034
1 0.097 0.517 0.014 0.014
1 0.468 0.54 0.02 0.016
1 0.637 0.976 0.018 0.012
1 0.588 0.989 0.012 0.006
1 0.97 0.799 0.02 0.022
1 0.938 0.676 0.02 0.02
1 0.972 0.569 0.004 0.01
1 0.982 0.58 0.012 0.008
1 0.246 0.255 0.032 0.026
1 0.212 0.233 0.008 0.01
1 0.292 0.212 0.016 0.04
1 0.928 0.075 0.02 0.026
1 0.958 0.038 0.02 0.032
1 0.824 0.513 0.02 0.022
1 0.382 0.772 0.02 0.016
1 0.261 0.806 0.022 0.02
1 0.233 0.756 0.03 0.032
1 0.064 0.7 0.032 0.04
1 0.108 0.274 0.032 0.024
1 0.603 0.179 0.026 0.022
1 0.772 0.413 0.028 0.03
1 0.742 0.601 0.016 0.01
1 0.764 0.821 0.016 0.01
1 0.762 0.811 0.012 0.01
1 0.774 0.81 0.012 0.008
1 0.985 0.615 0.026 0.014
1 0.391 0.839 0.014 0.014
1 0.224 0.96 0.008 0.012
1 0.053 0.601 0.034 0.038
1 0.862 0.279 0.008 0.018
1 0.953 0.234 0.014 0.02
1 0.701 0.479 0.014 0.006
1 0.719 0.465 0.006 0.01
1 0.748 0.458 0.008 0.012
1 0.247 0.165 0.018 0.018
1 0.336 0.219 0.024 0.014
2 0.618 0.024 0.02 0.016
2 0.512 0.711 0.02 0.07
2 0.784 0.744 0.016 0.052
2 0.865 0.789 0.01 0.014
2 0.996 0.482 0.004 0.016
2 0.614 0.997 0.024 0.002
2 0.052 0.025 0.016 0.026
2 0.483 0.997 0.022 0.002
2 0.081 0.654 0.014 0.016
2 0.122 0.619 0.02 0.014
2 0.67 0.632 0.016 0.012
2 0.003 0.707 0.006 0.05
2 0.009 0.657 0.018 0.03
2 0.448 0.712 0.016 0.036
2 0.423 0.043 0.014 0.022
2 0.432 0.054 0.012 0.02
2 0.501 0.147 0.01 0.01
2 0.517 0.154 0.006 0.008
2 0.3 0.442 0.028 0.016
2 0.426 0.704 0.02 0.016
2 0.005 0.12 0.01 0.012
2 0.16 0.005 0.028 0.006
2 0.623 0.053 0.014 0.01
2 0.238 0.629 0.004 0.03
2 0.253 0.541 0.038 0.042