0 0.924 0.62 0.052 0.056
0 0.971 0.763 0.054 0.062
0 0.904 0.772 0.048 0.048
0 0.975 0.592 0.046 0.048
0 0.845 0.588 0.054 0.052
0 0.737 0.686 0.05 0.04
0 0.679 0.684 0.054 0.036
0 0.617 0.683 0.05 0.038
0 0.776 0.764 0.072 0.072
0 0.672 0.758 0.056 0.052
0 0.968 0.963 0.052 0.046
0 0.83 0.978 0.052 0.04
0 0.792 0.95 0.052 0.056
0 0.912 0.473 0.064 0.054
0 0.923 0.343 0.078 0.046
0 0.962 0.31 0.072 0.036
0 0.526 0.976 0.04 0.032
0 0.576 0.918 0.044 0.044
0 0.528 0.91 0.032 0.044
0 0.491 0.858 0.038 0.032
0 0.581 0.803 0.046 0.05
0 0.451 0.973 0.034 0.05
0 0.418 0.941 0.028 0.042
0 0.368 0.983 0.044 0.03
0 0.353 0.956 0.034 0.04
0 0.363 0.921 0.038 0.034
0 0.308 0.923 0.036 0.038
0 0.281 0.959 0.038 0.034
0 0.391 0.881 0.046 0.034
0 0.324 0.842 0.036 0.036
0 0.281 0.86 0.026 0.056
0 0.252 0.856 0.036 0.052
0 0.217 0.839 0.034 0.038
0 0.165 0.823 0.034 0.046
0 0.143 0.854 0.038 0.036
0 0.152 0.967 0.04 0.03
0 0.141 0.937 0.05 0.038
0 0.115 0.916 0.05 0.048
0 0.492 0.808 0.024 0.028
0 0.478 0.788 0.036 0.056
0 0.055 0.85 0.03 0.036
0 0.983 0.405 0.03 0.046
0 0.839 0.381 0.038 0.042
0 0.656 0.562 0.044 0.044
0 0.63 0.528 0.088 0.048
0 0.415 0.787 0.034 0.046
0 0.473 0.708 0.042 0.044
0 0.526 0.649 0.04 0.046
0 0.369 0.743 0.03 0.038
0 0.359 0.709 0.042 0.034
0 0.512 0.682 0.044 0.028
0 0.243 0.915 0.034 0.022
0 0.26 0.775 0.036 0.038
0 0.588 0.979 0.032 0.038
0 0.645 0.918 0.026 0.036
0 0.455 0.913 0.03 0.022
0 0.383 0.643 0.046 0.034
0 0.353 0.659 0.03 0.03
0 0.372 0.656 0.012 0.024
0 0.186 0.751 0.028 0.038
0 0.151 0.729 0.03 0.034
0 0.643 0.432 0.058 0.04
0 0.746 0.373 0.06 0.058
0 0.55 0.507 0.068 0.046
0 0.855 0.191 0.062 0.046
0 0.527 0.438 0.05 0.036
0 0.519 0.403 0.054 0.038
0 0.552 0.384 0.06 0.056
0 0.846 0.317 0.056 0.026
0 0.8 0.283 0.048 0.038
0 0.737 0.203 0.05 0.046
0 0.697 0.155 0.078 0.042
0 0.943 0.073 0.058 0.042
0 0.82 0.034 0.052 0.04
0 0.678 0.27 0.04 0.036
0 0.599 0.226 0.05 0.048
0 0.551 0.171 0.058 0.038
0 0.507 0.307 0.038 0.038
0 0.449 0.341 0.05 0.042
0 0.215 0.704 0.034 0.032
0 0.173 0.661 0.046 0.038
0 0.308 0.503 0.052 0.05
0 0.089 0.722 0.042 0.048
0 0.023 0.625 0.042 0.05
0 0.286 0.665 0.036 0.034
0 0.262 0.643 0.036 0.03
0 0.236 0.566 0.036 0.04
0 0.182 0.606 0.04 0.028
0 0.34 0.567 0.036 0.03
0 0.309 0.597 0.034 0.034
0 0.421 0.457 0.038 0.038
0 0.451 0.55 0.03 0.044
0 0.389 0.547 0.046 0.026
0 0.337 0.486 0.038 0.032
0 0.334 0.449 0.04 0.038
0 0.275 0.519 0.034 0.042
0 0.219 0.482 0.038 0.032
0 0.197 0.519 0.034 0.03
0 0.048 0.723 0.024 0.042
0 0.101 0.615 0.038 0.038
0 0.151 0.648 0.03 0.036
0 0.484 0.254 0.044 0.04
0 0.448 0.233 0.036 0.05
0 0.339 0.283 0.046 0.038
0 0.283 0.407 0.034 0.042
0 0.332 0.221 0.04 0.042
0 0.376 0.158 0.04 0.036
0 0.054 0.65 0.028 0.032
0 0.138 0.427 0.044 0.042
0 0.074 0.427 0.036 0.034
0 0.379 0.056 0.046 0.04
0 0.285 0.03 0.058 0.044
0 0.3 0.121 0.028 0.034
0 0.285 0.097 0.046 0.038
0 0.204 0.023 0.044 0.042
0 0.129 0.015 0.042 0.026
0 0.178 0.025 0.024 0.034
0 0.099 0.013 0.05 0.022
0 0.078 0.066 0.048 0.032
0 0.149 0.186 0.038 0.028
0 0.135 0.151 0.042 0.038
0 0.044 0.126 0.032 0.036
0 0.014 0.146 0.024 0.036
0 0.138 0.238 0.044 0.036
0 0.049 0.236 0.034 0.048
0 0.186 0.318 0.036 0.024
0 0.04 0.373 0.032 0.038
0 0.153 0.287 0.046 0.026
0 0.091 0.303 0.038 0.03
0 0.232 0.419 0.02 0.034
0 0.155 0.364 0.038 0.036
1 0.972 0.713 0.032 0.03
1 0.967 0.811 0.03 0.03
1 0.879 0.726 0.046 0.036
1 0.82 0.802 0.052 0.036
1 0.954 0.534 0.04 0.028
1 0.786 0.629 0.028 0.034
1 0.631 0.778 0.022 0.028
1 0.608 0.795 0.024 0.034
1 0.939 0.979 0.022 0.026
1 0.697 0.899 0.034 0.018
1 0.733 0.896 0.03 0.02
1 0.802 0.875 0.024 0.018
1 0.754 0.577 0.02 0.022
1 0.95 0.367 0.04 0.014
1 0.952 0.427 0.024 0.026
1 0.175 0.956 0.026 0.02
1 0.083 0.887 0.026 0.03
1 0.071 0.899 0.034 0.026
1 0.062 0.922 0.02 0.024
1 0.024 0.91 0.044 0.02
1 0.03 0.883 0.024 0.022
1 0.01 0.863 0.016 0.034
1 0.009 0.883 0.014 0.018
1 0.841 0.411 0.026 0.026
1 0.769 0.46 0.026 0.028
1 0.393 0.743 0.014 0.026
1 0.468 0.632 0.024 0.024
1 0.452 0.626 0.008 0.012
1 0.439 0.673 0.014 0.03
1 0.421 0.664 0.01 0.016
1 0.594 0.626 0.024 0.032
1 0.231 0.88 0.022 0.024
1 0.336 0.763 0.028 0.022
1 0.607 0.994 0.026 0.008
1 0.206 0.781 0.016 0.034
1 0.686 0.519 0.032 0.034
1 0.642 0.479 0.028 0.022
1 0.644 0.372 0.032 0.02
1 0.708 0.382 0.024 0.028
1 0.483 0.497 0.018 0.026
1 0.496 0.502 0.012 0.02
1 0.774 0.16 0.02 0.024
1 0.766 0.185 0.02 0.026
1 0.894 0.062 0.032 0.024
1 0.879 0.034 0.03 0.02
1 0.907 0.227 0.018 0.034
1 0.91 0.173 0.024 0.03
1 0.727 0.252 0.022 0.024
1 0.841 0.089 0.022 0.018
1 0.79 0.008 0.052 0.012
1 0.727 0.021 0.026 0.03
1 0.685 0.012 0.046 0.02
1 0.562 0.313 0.024 0.022
1 0.253 0.696 0.026 0.024
1 0.283 0.638 0.018 0.02
1 0.195 0.578 0.03 0.036
1 0.434 0.617 0.02 0.026
1 0.418 0.49 0.028 0.016
1 0.407 0.441 0.022 0.026
1 0.423 0.528 0.022 0.028
1 0.186 0.5 0.024 0.016
1 0.158 0.497 0.024 0.018
1 0.115 0.491 0.034 0.014
1 0.558 0.277 0.012 0.018
1 0.453 0.292 0.026 0.02
1 0.447 0.167 0.034 0.014
1 0.446 0.174 0.02 0.008
1 0.369 0.34 0.03 0.02
1 0.347 0.332 0.022 0.02
1 0.303 0.318 0.018 0.02
1 0.396 0.172 0.016 0.024
1 0.1 0.849 0.016 0.026
1 0.088 0.685 0.016 0.018
1 0.104 0.687 0.012 0.014
1 0.039 0.776 0.014 0.016
1 0.057 0.622 0.018 0.024
1 0.512 0.09 0.028 0.024
1 0.49 0.09 0.016 0.028
1 0.51 0.032 0.024 0.02
1 0.085 0.58 0.018 0.028
1 0.226 0.014 0.02 0.024
1 0.157 0.094 0.026 0.024
1 0.139 0.079 0.022 0.022
1 0.108 0.079 0.028 0.018
1 0.107 0.147 0.022 0.022
1 0.322 0.341 0.032 0.03
1 0.278 0.318 0.02 0.032
1 0.257 0.19 0.018 0.032
1 0.061 0.344 0.022 0.016
1 0.125 0.314 0.026 0.016
1 0.244 0.405 0.028 0.018
1 0.11 0.578 0.008 0.02
1 0.055 0.54 0.022 0.02
2 0.804 0.105 0.028 0.026
2 0.721 0.044 0.034 0.02
2 0.476 0.613 0.032 0.026
2 0.408 0.228 0.028 0.028
2 0.208 0.111 0.04 0.03
2 0.183 0.283 0.022 0.03
2 0.245 0.259 0.014 0.014
2 0.131 0.47 0.022 0.024
2 0.401 0.412 0.03 0.028
2 0.449 0.409 0.026 0.022
2 0.077 0.56 0.038 0.024