0 0.215 0.027 0.07 0.054
0 0.011 0.065 0.022 0.038
0 0.06 0.062 0.052 0.04
0 0.017 0.115 0.034 0.038
0 0.112 0.126 0.044 0.048
0 0.161 0.129 0.038 0.046
0 0.161 0.171 0.066 0.05
0 0.146 0.189 0.036 0.046
0 0.071 0.197 0.018 0.022
0 0.185 0.298 0.046 0.052
0 0.231 0.228 0.042 0.028
0 0.238 0.154 0.032 0.032
0 0.314 0.047 0.048 0.05
0 0.397 0.003 0.026 0.006
0 0.395 0.076 0.038 0.052
0 0.423 0.118 0.042 0.036
0 0.475 0.108 0.046 0.048
0 0.323 0.129 0.042 0.034
0 0.327 0.156 0.03 0.028
0 0.495 0.147 0.022 0.034
0 0.533 0.092 0.046 0.06
0 0.594 0.01 0.024 0.02
0 0.683 0.017 0.046 0.034
0 0.779 0.028 0.05 0.048
0 0.812 0.004 0.024 0.008
0 0.875 0.011 0.042 0.022
0 0.924 0.031 0.04 0.034
0 0.899 0.076 0.054 0.036
0 0.902 0.123 0.052 0.05
0 0.936 0.161 0.032 0.03
0 0.944 0.177 0.02 0.018
0 0.991 0.176 0.014 0.02
0 0.996 0.199 0.004 0.03
0 0.989 0.248 0.018 0.032
0 0.902 0.247 0.048 0.042
0 0.901 0.283 0.046 0.034
0 0.833 0.278 0.038 0.036
0 0.833 0.225 0.046 0.046
0 0.716 0.158 0.028 0.032
0 0.638 0.143 0.044 0.046
0 0.611 0.15 0.042 0.04
0 0.652 0.074 0.024 0.04
0 0.724 0.053 0.04 0.046
0 0.75 0.099 0.048 0.05
0 0.982 0.933 0.032 0.05
0 0.901 0.945 0.038 0.046
0 0.855 0.942 0.042 0.032
0 0.822 0.919 0.044 0.038
0 0.696 0.935 0.052 0.054
0 0.763 0.853 0.03 0.038
0 0.634 0.898 0.064 0.056
0 0.66 0.832 0.04 0.04
0 0.573 0.973 0.05 0.042
0 0.509 0.98 0.038 0.036
0 0.066 0.988 0.052 0.02
0 0.02 0.959 0.04 0.03
0 0.02 0.926 0.04 0.044
0 0.038 0.889 0.032 0.038
0 0.006 0.865 0.012 0.026
0 0.078 0.883 0.048 0.026
0 0.147 0.9 0.038 0.036
0 0.135 0.839 0.042 0.042
0 0.018 0.79 0.036 0.032
0 0.024 0.741 0.028 0.026
0 0.006 0.403 0.012 0.038
0 0.005 0.441 0.01 0.03
0 0.022 0.442 0.028 0.028
0 0.022 0.503 0.04 0.034
0 0.083 0.525 0.042 0.034
0 0.073 0.6 0.034 0.028
0 0.112 0.559 0.048 0.03
0 0.123 0.467 0.042 0.038
0 0.082 0.457 0.048 0.034
0 0.088 0.471 0.032 0.022
0 0.166 0.473 0.036 0.038
0 0.211 0.461 0.038 0.034
0 0.244 0.427 0.052 0.03
0 0.264 0.492 0.036 0.048
0 0.307 0.526 0.038 0.036
0 0.328 0.459 0.06 0.034
0 0.319 0.397 0.034 0.03
0 0.361 0.362 0.034 0.032
0 0.296 0.275 0.092 0.058
0 0.112 0.377 0.04 0.046
0 0.136 0.358 0.024 0.028
0 0.185 0.39 0.034 0.032
0 0.243 0.375 0.03 0.042
0 0.348 0.229 0.04 0.042
0 0.399 0.232 0.018 0.02
0 0.417 0.221 0.034 0.03
0 0.443 0.277 0.05 0.042
0 0.436 0.324 0.048 0.04
0 0.531 0.346 0.046 0.024
0 0.176 0.806 0.048 0.036
0 0.224 0.819 0.044 0.042
0 0.233 0.914 0.034 0.04
0 0.224 0.954 0.036 0.036
0 0.292 0.949 0.036 0.038
0 0.382 0.93 0.02 0.032
0 0.408 0.932 0.024 0.024
0 0.365 0.93 0.022 0.028
0 0.399 0.843 0.058 0.05
0 0.529 0.838 0.038 0.048
0 0.593 0.819 0.054 0.046
0 0.603 0.78 0.054 0.056
0 0.515 0.766 0.046 0.036
0 0.456 0.752 0.068 0.052
0 0.447 0.784 0.042 0.036
0 0.351 0.792 0.034 0.04
0 0.324 0.756 0.064 0.048
0 0.191 0.761 0.05 0.046
0 0.215 0.717 0.034 0.038
0 0.156 0.709 0.044 0.03
0 0.132 0.73 0.028 0.028
0 0.112 0.747 0.04 0.026
0 0.17 0.631 0.044 0.034
0 0.216 0.657 0.036 0.034
0 0.252 0.657 0.036 0.046
0 0.278 0.649 0.02 0.018
0 0.285 0.674 0.03 0.028
0 0.381 0.608 0.034 0.028
0 0.387 0.644 0.042 0.028
0 0.416 0.643 0.024 0.026
0 0.402 0.695 0.044 0.03
0 0.465 0.669 0.066 0.046
0 0.478 0.58 0.04 0.04
0 0.492 0.535 0.024 0.03
0 0.478 0.543 0.028 0.03
0 0.466 0.489 0.04 0.038
0 0.521 0.445 0.038 0.042
0 0.511 0.406 0.05 0.044
0 0.46 0.4 0.052 0.064
0 0.528 0.201 0.036 0.046
0 0.61 0.231 0.056 0.054
0 0.579 0.301 0.034 0.042
0 0.615 0.289 0.03 0.022
0 0.632 0.331 0.044 0.034
0 0.569 0.556 0.054 0.052
0 0.628 0.55 0.044 0.056
0 0.655 0.587 0.046 0.042
0 0.657 0.615 0.03 0.022
0 0.74 0.622 0.036 0.032
0 0.977 0.839 0.026 0.03
0 0.964 0.846 0.024 0.024
0 0.902 0.841 0.032 0.018
0 0.885 0.829 0.038 0.022
0 0.912 0.775 0.028 0.042
0 0.939 0.764 0.034 0.036
0 0.948 0.729 0.04 0.05
0 0.865 0.728 0.03 0.04
0 0.823 0.711 0.03 0.034
0 0.86 0.63 0.04 0.04
0 0.848 0.582 0.032 0.048
0 0.917 0.572 0.03 0.02
0 0.917 0.557 0.022 0.022
0 0.875 0.532 0.03 0.052
0 0.841 0.533 0.026 0.03
0 0.858 0.531 0.012 0.03
0 0.942 0.535 0.044 0.05
0 0.977 0.503 0.03 0.042
0 0.993 0.456 0.01 0.024
0 0.938 0.443 0.032 0.034
0 0.91 0.42 0.032 0.032
0 0.901 0.456 0.026 0.048
0 0.849 0.479 0.03 0.038
0 0.816 0.475 0.02 0.022
0 0.786 0.54 0.016 0.024
0 0.744 0.541 0.024 0.026
0 0.715 0.512 0.034 0.04
0 0.667 0.475 0.038 0.034
0 0.758 0.428 0.028 0.04
0 0.925 0.381 0.026 0.038
0 0.894 0.375 0.036 0.042
0 0.871 0.416 0.026 0.04
0 0.774 0.352 0.032 0.028
0 0.792 0.325 0.028 0.038
0 0.748 0.271 0.02 0.022
0 0.72 0.25 0.044 0.052
0 0.67 0.218 0.028 0.024
0 0.733 0.991 0.042 0.014
0 0.934 0.996 0.048 0.004
0 0.318 0.808 0.02 0.036
1 0.068 0.079 0.024 0.014
1 0.01 0.138 0.02 0.016
1 0.079 0.266 0.018 0.024
1 0.149 0.297 0.022 0.022
1 0.223 0.136 0.018 0.024
1 0.243 0.097 0.018 0.022
1 0.419 0.029 0.014 0.018
1 0.431 0.044 0.018 0.016
1 0.381 0.167 0.014 0.026
1 0.452 0.19 0.016 0.016
1 0.51 0.008 0.028 0.016
1 0.872 0.032 0.02 0.016
1 0.983 0.07 0.022 0.044
1 0.945 0.068 0.014 0.012
1 0.933 0.06 0.01 0.012
1 0.972 0.25 0.012 0.024
1 0.967 0.304 0.014 0.012
1 0.765 0.212 0.018 0.028
1 0.732 0.181 0.016 0.018
1 0.691 0.157 0.018 0.014
1 0.6 0.114 0.028 0.024
1 0.608 0.083 0.024 0.022
1 0.629 0.067 0.018 0.018
1 0.677 0.059 0.01 0.014
1 0.795 0.081 0.026 0.022
1 0.96 0.907 0.016 0.022
1 0.681 0.848 0.022 0.028
1 0.534 0.952 0.028 0.016
1 0.499 0.961 0.03 0.026
1 0.125 0.971 0.014 0.022
1 0.126 0.993 0.036 0.01
1 0.008 0.968 0.016 0.016
1 0.066 0.94 0.02 0.016
1 0.124 0.904 0.024 0.028
1 0.107 0.829 0.018 0.014
1 0.077 0.824 0.018 0.008
1 0.021 0.356 0.018 0.032
1 0.021 0.586 0.022 0.02
1 0.075 0.626 0.018 0.024
1 0.099 0.64 0.018 0.02
1 0.141 0.58 0.018 0.024
1 0.145 0.532 0.026 0.02
1 0.247 0.534 0.018 0.028
1 0.377 0.426 0.018 0.028
1 0.365 0.315 0.022 0.026
1 0.165 0.407 0.018 0.01
1 0.284 0.354 0.012 0.012
1 0.309 0.35 0.01 0.012
1 0.403 0.262 0.026 0.02
1 0.422 0.296 0.024 0.02
1 0.461 0.293 0.022 0.026
1 0.498 0.333 0.016 0.03
1 0.259 0.831 0.022 0.01
1 0.261 0.845 0.022 0.018
1 0.292 0.861 0.02 0.018
1 0.204 0.916 0.024 0.02
1 0.252 0.994 0.024 0.008
1 0.363 0.982 0.022 0.024
1 0.368 0.892 0.02 0.02
1 0.347 0.886 0.018 0.02
1 0.465 0.882 0.022 0.016
1 0.467 0.817 0.022 0.038
1 0.57 0.729 0.036 0.022
1 0.491 0.709 0.022 0.018
1 0.29 0.76 0.016 0.028
1 0.269 0.757 0.014 0.03
1 0.12 0.718 0.02 0.016
1 0.198 0.633 0.012 0.026
1 0.169 0.675 0.026 0.022
1 0.31 0.673 0.02 0.026
1 0.308 0.655 0.02 0.018
1 0.327 0.586 0.014 0.02
1 0.422 0.655 0.02 0.018
1 0.37 0.68 0.028 0.016
1 0.504 0.577 0.012 0.018
1 0.513 0.497 0.026 0.018
1 0.528 0.502 0.016 0.024
1 0.558 0.439 0.016 0.026
1 0.562 0.231 0.02 0.03
1 0.622 0.376 0.016 0.02
1 0.685 0.57 0.03 0.028
1 0.665 0.644 0.022 0.02
1 0.855 0.78 0.018 0.024
1 0.79 0.702 0.024 0.02
1 0.863 0.683 0.034 0.014
1 0.921 0.668 0.03 0.016
1 0.918 0.683 0.024 0.01
1 0.938 0.677 0.016 0.018
1 0.955 0.664 0.022 0.024
1 0.991 0.623 0.014 0.03
1 0.982 0.594 0.016 0.028
1 0.74 0.673 0.02 0.022
1 0.799 0.566 0.018 0.024
1 0.809 0.58 0.014 0.016
1 0.896 0.511 0.008 0.01
1 0.904 0.517 0.008 0.01
1 0.897 0.52 0.01 0.012
1 0.996 0.442 0.004 0.02
1 0.957 0.435 0.022 0.014
1 0.948 0.415 0.02 0.018
1 0.774 0.527 0.016 0.014
1 0.79 0.509 0.02 0.018
1 0.692 0.423 0.016 0.026
1 0.721 0.41 0.014 0.016
1 0.743 0.326 0.018 0.02
1 0.768 0.284 0.02 0.016
1 0.709 0.218 0.03 0.02
1 0.677 0.317 0.014 0.018
1 0.636 0.4 0.024 0.028
1 0.739 0.746 0.018 0.016
1 0.725 0.741 0.014 0.01
1 0.629 0.689 0.034 0.03
1 0.109 0.206 0.018 0.008
2 0.044 0.277 0.028 0.018
2 0.448 0.15 0.04 0.04
2 0.8 0.099 0.02 0.022
2 0.011 0.746 0.022 0.024
2 0.055 0.623 0.014 0.01
2 0.341 0.426 0.03 0.012
2 0.347 0.343 0.03 0.03
2 0.056 0.356 0.04 0.036
2 0.438 0.849 0.024 0.038
2 0.214 0.62 0.024 0.02
2 0.443 0.675 0.018 0.026