0 0.588 0.806 0.04 0.096
0 0.975 0.913 0.034 0.05
0 0.957 0.866 0.018 0.028
0 0.996 0.806 0.004 0.048
0 0.92 0.98 0.04 0.036
0 0.831 0.991 0.034 0.014
0 0.787 0.957 0.03 0.058
0 0.745 0.959 0.042 0.054
0 0.703 0.985 0.034 0.026
0 0.565 0.951 0.05 0.062
0 0.525 0.97 0.022 0.044
0 0.415 0.98 0.03 0.036
0 0.393 0.989 0.042 0.018
0 0.169 0.979 0.046 0.038
0 0.045 0.985 0.026 0.026
0 0.112 0.95 0.04 0.064
0 0.059 0.916 0.014 0.02
0 0.077 0.869 0.026 0.058
0 0.104 0.873 0.02 0.058
0 0.146 0.877 0.024 0.066
0 0.23 0.803 0.032 0.054
0 0.214 0.785 0.02 0.022
0 0.063 0.733 0.034 0.042
0 0.037 0.736 0.022 0.032
0 0.073 0.709 0.034 0.03
0 0.047 0.718 0.018 0.028
0 0.027 0.689 0.022 0.022
0 0.113 0.651 0.03 0.046
0 0.067 0.6 0.022 0.036
0 0.034 0.575 0.024 0.074
0 0.007 0.59 0.01 0.06
0 0.167 0.643 0.026 0.034
0 0.164 0.547 0.048 0.098
0 0.155 0.472 0.038 0.044
0 0.032 0.437 0.028 0.05
0 0.084 0.426 0.036 0.04
0 0.073 0.404 0.038 0.052
0 0.205 0.407 0.03 0.054
0 0.26 0.47 0.052 0.056
0 0.276 0.392 0.04 0.064
0 0.262 0.335 0.032 0.05
0 0.189 0.301 0.026 0.07
0 0.124 0.302 0.028 0.052
0 0.102 0.258 0.02 0.036
0 0.015 0.267 0.026 0.042
0 0.06 0.148 0.032 0.064
0 0.102 0.09 0.036 0.06
0 0.15 0.021 0.02 0.038
0 0.125 0.168 0.038 0.056
0 0.197 0.126 0.03 0.072
0 0.275 0.088 0.018 0.072
0 0.318 0.065 0.032 0.062
0 0.296 0.132 0.024 0.04
0 0.212 0.186 0.024 0.024
0 0.276 0.246 0.06 0.076
0 0.351 0.209 0.05 0.062
0 0.451 0.154 0.03 0.036
0 0.466 0.122 0.032 0.048
0 0.391 0.023 0.042 0.042
0 0.465 0.012 0.034 0.02
0 0.482 0.035 0.04 0.042
0 0.578 0.059 0.032 0.046
0 0.731 0.042 0.034 0.072
0 0.712 0.097 0.036 0.074
0 0.964 0.144 0.044 0.072
0 0.864 0.159 0.024 0.026
0 0.866 0.222 0.04 0.056
0 0.977 0.223 0.026 0.03
0 0.981 0.268 0.034 0.052
0 0.996 0.308 0.004 0.036
0 0.939 0.302 0.034 0.048
0 0.8 0.234 0.036 0.028
0 0.769 0.282 0.046 0.084
0 0.682 0.241 0.032 0.07
0 0.825 0.348 0.038 0.064
0 0.641 0.142 0.03 0.064
0 0.569 0.21 0.034 0.06
0 0.526 0.15 0.028 0.06
0 0.492 0.201 0.032 0.058
0 0.473 0.24 0.03 0.048
0 0.443 0.281 0.026 0.05
0 0.367 0.295 0.03 0.062
0 0.332 0.348 0.036 0.072
0 0.976 0.639 0.04 0.07
0 0.974 0.693 0.036 0.03
0 0.881 0.742 0.038 0.08
0 0.836 0.769 0.04 0.038
0 0.847 0.796 0.046 0.06
0 0.797 0.776 0.026 0.048
0 0.884 0.904 0.032 0.028
0 0.744 0.846 0.032 0.06
0 0.915 0.581 0.042 0.062
0 0.969 0.465 0.034 0.042
0 0.857 0.442 0.018 0.016
0 0.687 0.397 0.03 0.046
0 0.681 0.339 0.014 0.018
0 0.657 0.44 0.046 0.076
0 0.608 0.454 0.02 0.032
0 0.582 0.352 0.036 0.064
0 0.572 0.451 0.032 0.042
0 0.56 0.505 0.032 0.054
0 0.642 0.564 0.04 0.064
0 0.661 0.615 0.038 0.054
0 0.678 0.767 0.044 0.074
0 0.604 0.876 0.056 0.048
0 0.537 0.808 0.046 0.08
0 0.467 0.906 0.038 0.044
0 0.3 0.95 0.024 0.028
0 0.18 0.932 0.016 0.02
0 0.164 0.949 0.02 0.018
0 0.358 0.814 0.032 0.048
0 0.346 0.773 0.028 0.042
0 0.352 0.736 0.032 0.032
0 0.428 0.746 0.028 0.04
0 0.28 0.604 0.012 0.016
0 0.259 0.575 0.018 0.018
0 0.258 0.538 0.024 0.02
0 0.349 0.615 0.03 0.078
0 0.368 0.53 0.024 0.036
0 0.382 0.48 0.016 0.036
0 0.41 0.385 0.028 0.058
0 0.444 0.455 0.044 0.07
0 0.481 0.5 0.026 0.044
0 0.428 0.592 0.036 0.068
0 0.407 0.649 0.034 0.05
0 0.417 0.686 0.018 0.016
0 0.459 0.678 0.022 0.028
0 0.539 0.698 0.038 0.048
0 0.824 0.654 0.02 0.024
0 0.701 0.671 0.042 0.038
0 0.652 0.005 0.024 0.006
1 0.008 0.554 0.012 0.012
1 0.087 0.559 0.03 0.022
1 0.119 0.437 0.022 0.054
1 0.071 0.355 0.022 0.022
1 0.013 0.327 0.022 0.026
1 0.172 0.42 0.02 0.028
1 0.142 0.325 0.016 0.03
1 0.072 0.028 0.016 0.02
1 0.178 0.03 0.02 0.02
1 0.154 0.138 0.016 0.024
1 0.317 0.102 0.022 0.024
1 0.316 0.163 0.032 0.014
1 0.279 0.192 0.03 0.016
1 0.135 0.225 0.018 0.022
1 0.468 0.077 0.02 0.034
1 0.961 0.076 0.026 0.036
1 0.913 0.054 0.018 0.02
1 0.807 0.035 0.014 0.03
1 0.762 0.025 0.016 0.022
1 0.767 0.008 0.022 0.012
1 0.892 0.158 0.016 0.024
1 0.833 0.193 0.018 0.038
1 0.772 0.152 0.024 0.02
1 0.989 0.181 0.018 0.022
1 0.662 0.202 0.016 0.036
1 0.331 0.255 0.022 0.022
1 0.807 0.729 0.038 0.026
1 0.914 0.957 0.036 0.018
1 0.907 0.875 0.018 0.022
1 0.986 0.773 0.024 0.034
1 0.826 0.863 0.036 0.03
1 0.721 0.872 0.022 0.02
1 0.668 0.936 0.024 0.016
1 0.965 0.403 0.018 0.026
1 0.939 0.472 0.018 0.02
1 0.919 0.447 0.022 0.014
1 0.862 0.521 0.024 0.026
1 0.875 0.437 0.026 0.014
1 0.813 0.423 0.034 0.022
1 0.632 0.366 0.016 0.024
1 0.519 0.526 0.026 0.02
1 0.689 0.529 0.018 0.022
1 0.671 0.808 0.018 0.036
1 0.478 0.886 0.028 0.016
1 0.395 0.761 0.022 0.026
1 0.317 0.812 0.014 0.032
1 0.204 0.698 0.016 0.024
1 0.262 0.619 0.024 0.018
1 0.872 0.63 0.028 0.02
1 0.533 0.599 0.014 0.026
1 0.522 0.381 0.016 0.018
1 0.455 0.364 0.018 0.032
1 0.894 0.05 0.012 0.024
1 0.68 0.021 0.016 0.014
1 0.556 0.056 0.012 0.016
2 0.559 0.626 0.03 0.088
2 0.869 0.833 0.014 0.018
2 0.792 0.835 0.008 0.01
2 0.355 0.969 0.018 0.018
2 0.412 0.879 0.02 0.018
2 0.259 0.834 0.018 0.04
2 0.635 0.834 0.01 0.044
2 0.251 0.639 0.026 0.034
2 0.252 0.689 0.024 0.014
2 0.187 0.728 0.014 0.016
2 0.566 0.398 0.02 0.032
2 0.877 0.469 0.026 0.026
2 0.805 0.078 0.006 0.02
2 0.835 0.105 0.01 0.014
2 0.649 0.351 0.018 0.01
2 0.611 0.371 0.006 0.014
2 0.557 0.122 0.022 0.032
2 0.582 0.123 0.02 0.026
2 0.439 0.005 0.022 0.006
2 0.627 0.178 0.014 0.02
2 0.748 0.175 0.012 0.01
2 0.771 0.174 0.01 0.004
2 0.532 0.347 0.012 0.018
2 0.513 0.357 0.006 0.022
2 0.125 0.404 0.01 0.024
2 0.043 0.478 0.014 0.02
2 0.268 0.794 0.016 0.02
2 0.201 0.963 0.018 0.014