0 0.993 0.981 0.014 0.034
0 0.941 0.98 0.03 0.036
0 0.997 0.911 0.002 0.038
0 0.976 0.851 0.032 0.034
0 0.981 0.807 0.026 0.038
0 0.974 0.718 0.04 0.044
0 0.97 0.669 0.028 0.034
0 0.974 0.589 0.028 0.03
0 0.936 0.636 0.028 0.032
0 0.939 0.575 0.03 0.03
0 0.89 0.546 0.032 0.028
0 0.868 0.551 0.024 0.022
0 0.992 0.424 0.012 0.032
0 0.939 0.429 0.014 0.03
0 0.908 0.427 0.032 0.03
0 0.862 0.411 0.036 0.026
0 0.867 0.452 0.038 0.028
0 0.849 0.479 0.022 0.018
0 0.839 0.472 0.026 0.028
0 0.954 0.286 0.032 0.04
0 0.969 0.188 0.03 0.024
0 0.982 0.149 0.028 0.026
0 0.98 0.087 0.032 0.042
0 0.956 0.067 0.032 0.026
0 0.975 0.017 0.03 0.03
0 0.924 0.022 0.04 0.04
0 0.872 0.032 0.028 0.032
0 0.834 0.016 0.032 0.028
0 0.85 0.096 0.032 0.028
0 0.892 0.101 0.02 0.022
0 0.951 0.112 0.03 0.028
0 0.887 0.182 0.03 0.032
0 0.835 0.181 0.038 0.034
0 0.775 0.164 0.038 0.036
0 0.757 0.106 0.042 0.032
0 0.677 0.082 0.05 0.028
0 0.693 0.159 0.042 0.03
0 0.732 0.179 0.048 0.03
0 0.575 0.052 0.034 0.04
0 0.531 0.049 0.026 0.042
0 0.487 0.014 0.042 0.024
0 0.44 0.03 0.032 0.024
0 0.4 0.023 0.06 0.042
0 0.405 0.114 0.042 0.028
0 0.384 0.155 0.032 0.03
0 0.529 0.151 0.042 0.042
0 0.533 0.1 0.022 0.024
0 0.559 0.101 0.018 0.026
0 0.582 0.115 0.032 0.03
0 0.162 0.01 0.04 0.016
0 0.108 0.01 0.04 0.016
0 0.058 0.061 0.044 0.05
0 0.11 0.054 0.052 0.044
0 0.097 0.175 0.042 0.042
0 0.014 0.172 0.024 0.052
0 0.02 0.063 0.036 0.042
0 0.083 0.286 0.038 0.044
0 0.17 0.2 0.056 0.048
0 0.257 0.213 0.034 0.034
0 0.276 0.233 0.028 0.038
0 0.237 0.246 0.05 0.056
0 0.243 0.311 0.066 0.046
0 0.249 0.353 0.046 0.026
0 0.154 0.325 0.064 0.054
0 0.038 0.351 0.04 0.046
0 0.064 0.364 0.028 0.036
0 0.019 0.382 0.034 0.024
0 0.842 0.26 0.032 0.028
0 0.763 0.296 0.034 0.032
0 0.679 0.203 0.042 0.03
0 0.732 0.219 0.044 0.026
0 0.745 0.255 0.042 0.03
0 0.714 0.255 0.028 0.046
0 0.657 0.265 0.03 0.038
0 0.702 0.31 0.032 0.028
0 0.708 0.371 0.032 0.034
0 0.678 0.377 0.032 0.034
0 0.76 0.425 0.04 0.026
0 0.746 0.464 0.036 0.032
0 0.706 0.452 0.028 0.036
0 0.62 0.467 0.036 0.034
0 0.597 0.435 0.034 0.034
0 0.552 0.411 0.032 0.038
0 0.579 0.375 0.034 0.03
0 0.551 0.289 0.026 0.042
0 0.522 0.317 0.036 0.054
0 0.467 0.279 0.038 0.046
0 0.382 0.352 0.032 0.024
0 0.435 0.376 0.038 0.04
0 0.37 0.414 0.048 0.032
0 0.331 0.453 0.054 0.026
0 0.517 0.47 0.034 0.036
0 0.587 0.529 0.038 0.03
0 0.508 0.557 0.028 0.042
0 0.476 0.584 0.036 0.032
0 0.546 0.607 0.04 0.03
0 0.425 0.486 0.018 0.036
0 0.411 0.501 0.022 0.042
0 0.379 0.508 0.03 0.04
0 0.303 0.522 0.042 0.052
0 0.253 0.567 0.038 0.046
0 0.212 0.596 0.032 0.032
0 0.009 0.582 0.014 0.048
0 0.019 0.616 0.022 0.024
0 0.041 0.594 0.05 0.044
0 0.029 0.81 0.054 0.048
0 0.016 0.905 0.028 0.054
0 0.134 0.933 0.04 0.034
0 0.204 0.974 0.064 0.048
0 0.145 0.854 0.042 0.052
0 0.136 0.711 0.036 0.042
0 0.146 0.728 0.044 0.032
0 0.265 0.687 0.038 0.038
0 0.3 0.71 0.036 0.048
0 0.397 0.632 0.042 0.044
0 0.482 0.645 0.032 0.03
0 0.494 0.631 0.032 0.026
0 0.446 0.662 0.032 0.044
0 0.414 0.677 0.024 0.026
0 0.382 0.721 0.04 0.054
0 0.425 0.707 0.03 0.026
0 0.445 0.708 0.03 0.044
0 0.454 0.72 0.024 0.04
0 0.443 0.742 0.026 0.02
0 0.485 0.729 0.018 0.026
0 0.472 0.747 0.024 0.034
0 0.536 0.69 0.028 0.032
0 0.243 0.869 0.038 0.05
0 0.297 0.801 0.022 0.038
0 0.323 0.81 0.03 0.02
0 0.348 0.833 0.036 0.038
0 0.41 0.77 0.036 0.032
0 0.45 0.785 0.032 0.026
0 0.453 0.811 0.05 0.046
0 0.349 0.887 0.026 0.034
0 0.345 0.994 0.014 0.008
0 0.378 0.988 0.028 0.02
0 0.427 0.973 0.046 0.046
0 0.453 0.996 0.026 0.004
0 0.452 0.976 0.04 0.044
0 0.489 0.94 0.026 0.036
0 0.545 0.983 0.03 0.03
0 0.424 0.877 0.032 0.03
0 0.428 0.906 0.02 0.02
0 0.562 0.926 0.02 0.024
0 0.591 0.941 0.026 0.034
0 0.623 0.987 0.034 0.022
0 0.694 0.971 0.036 0.034
0 0.763 0.964 0.046 0.02
0 0.771 0.984 0.034 0.028
0 0.893 0.943 0.03 0.042
0 0.858 0.924 0.02 0.036
0 0.828 0.91 0.028 0.032
0 0.803 0.887 0.03 0.03
0 0.78 0.927 0.032 0.03
0 0.89 0.825 0.028 0.03
0 0.862 0.808 0.032 0.04
0 0.915 0.733 0.05 0.058
0 0.852 0.742 0.028 0.04
0 0.816 0.759 0.032 0.046
0 0.764 0.757 0.044 0.042
0 0.729 0.746 0.026 0.04
0 0.755 0.709 0.03 0.022
0 0.686 0.713 0.028 0.034
0 0.728 0.888 0.04 0.032
0 0.721 0.86 0.026 0.028
0 0.66 0.934 0.028 0.04
0 0.627 0.853 0.07 0.046
0 0.689 0.807 0.03 0.038
0 0.664 0.827 0.028 0.034
0 0.631 0.822 0.03 0.02
0 0.597 0.81 0.046 0.056
0 0.577 0.733 0.034 0.03
0 0.74 0.511 0.036 0.026
0 0.765 0.512 0.018 0.024
0 0.775 0.521 0.026 0.03
0 0.732 0.543 0.028 0.03
0 0.719 0.564 0.046 0.024
0 0.79 0.632 0.028 0.024
0 0.778 0.647 0.032 0.034
0 0.76 0.653 0.016 0.018
0 0.83 0.634 0.024 0.04
0 0.867 0.599 0.038 0.022
0 0.861 0.634 0.014 0.024
0 0.871 0.665 0.026 0.034
1 0.957 0.625 0.022 0.022
1 0.918 0.543 0.02 0.026
1 0.84 0.518 0.028 0.024
1 0.948 0.411 0.02 0.026
1 0.928 0.408 0.008 0.02
1 0.899 0.353 0.026 0.014
1 0.943 0.315 0.018 0.014
1 0.92 0.274 0.028 0.02
1 0.795 0.036 0.01 0.016
1 0.808 0.147 0.012 0.03
1 0.683 0.034 0.03 0.02
1 0.492 0.05 0.02 0.024
1 0.38 0.009 0.02 0.014
1 0.385 0.064 0.022 0.024
1 0.466 0.197 0.016 0.026
1 0.588 0.104 0.036 0.02
1 0.029 0.041 0.022 0.034
1 0.12 0.098 0.024 0.02
1 0.069 0.145 0.034 0.03
1 0.005 0.113 0.006 0.018
1 0.07 0.226 0.04 0.02
1 0.035 0.26 0.014 0.012
1 0.253 0.113 0.018 0.018
1 0.289 0.171 0.014 0.014
1 0.313 0.291 0.018 0.014
1 0.297 0.316 0.01 0.008
1 0.042 0.322 0.02 0.016
1 0.034 0.419 0.032 0.014
1 0.815 0.249 0.014 0.01
1 0.674 0.228 0.032 0.024
1 0.645 0.303 0.026 0.018
1 0.747 0.336 0.03 0.016
1 0.719 0.448 0.01 0.012
1 0.656 0.463 0.024 0.022
1 0.524 0.385 0.02 0.026
1 0.632 0.193 0.012 0.01
1 0.562 0.28 0.032 0.024
1 0.489 0.325 0.018 0.018
1 0.502 0.25 0.024 0.016
1 0.433 0.247 0.026 0.022
1 0.415 0.391 0.022 0.018
1 0.078 0.609 0.02 0.022
1 0.012 0.674 0.02 0.036
1 0.101 0.95 0.018 0.024
1 0.099 0.875 0.018 0.022
1 0.114 0.856 0.02 0.02
1 0.21 0.758 0.032 0.02
1 0.249 0.751 0.022 0.026
1 0.305 0.641 0.018 0.026
1 0.364 0.641 0.032 0.014
1 0.534 0.65 0.02 0.02
1 0.367 0.805 0.01 0.01
1 0.368 0.816 0.012 0.008
1 0.38 0.808 0.008 0.012
1 0.374 0.778 0.02 0.024
1 0.294 0.947 0.028 0.018
1 0.382 0.965 0.024 0.014
1 0.384 0.894 0.024 0.024
1 0.6 0.995 0.02 0.006
1 0.873 0.951 0.014 0.022
1 0.909 0.98 0.018 0.012
1 0.904 0.905 0.024 0.026
1 0.668 0.646 0.044 0.02
1 0.754 0.847 0.012 0.014
1 0.695 0.928 0.022 0.024
1 0.593 0.712 0.03 0.012
1 0.701 0.497 0.03 0.022
1 0.698 0.522 0.012 0.02
1 0.803 0.589 0.022 0.022
2 0.916 0.402 0.012 0.028
2 0.956 0.363 0.024 0.014
2 0.991 0.072 0.014 0.036
2 0.159 0.05 0.042 0.02
2 0.159 0.065 0.014 0.014
2 0.101 0.148 0.046 0.028
2 0.247 0.015 0.038 0.026
2 0.357 0.109 0.038 0.022
2 0.27 0.277 0.008 0.006
2 0.09 0.366 0.024 0.02
2 0.803 0.25 0.014 0.012
2 0.616 0.213 0.02 0.014
2 0.483 0.344 0.022 0.028
2 0.547 0.532 0.022 0.024
2 0.485 0.556 0.022 0.024
2 0.371 0.538 0.018 0.02
2 0.127 0.598 0.026 0.024
2 0.232 0.731 0.028 0.046
2 0.296 0.679 0.016 0.014
2 0.522 0.624 0.012 0.012
2 0.189 0.424 0.03 0.036
2 0.313 0.822 0.022 0.016
2 0.461 0.862 0.006 0.008
2 0.788 0.757 0.016 0.026
2 0.627 0.925 0.026 0.022
2 0.984 0.94 0.028 0.028
2 0.938 0.9 0.024 0.016
2 0.683 0.774 0.018 0.02
2 0.6 0.6 0.02 0.028
2 0.096 0.737 0.024 0.018
2 0.126 0.787 0.012 0.014
2 0.305 0.919 0.018 0.022
2 0.508 0.938 0.016 0.02
2 0.594 0.063 0.008 0.014
2 0.676 0.126 0.016 0.012
2 0.467 0.455 0.026 0.018
2 0.802 0.478 0.012 0.016
2 0.508 0.706 0.012 0.012
2 0.516 0.019 0.016 0.01
2 0.463 0.027 0.01 0.01
2 0.411 0.335 0.01 0.018
2 0.454 0.308 0.012 0.02