0 0.946 0.625 0.036 0.058
0 0.92 0.829 0.028 0.042
0 0.904 0.783 0.032 0.054
0 0.872 0.781 0.044 0.058
0 0.841 0.828 0.046 0.052
0 0.833 0.77 0.03 0.052
0 0.746 0.81 0.044 0.068
0 0.727 0.85 0.03 0.048
0 0.698 0.853 0.032 0.054
0 0.939 0.941 0.03 0.042
0 0.892 0.959 0.032 0.046
0 0.834 0.974 0.032 0.048
0 0.825 0.937 0.026 0.038
0 0.78 0.937 0.04 0.042
0 0.764 0.893 0.04 0.042
0 0.714 0.974 0.036 0.04
0 0.673 0.963 0.038 0.054
0 0.972 0.755 0.048 0.07
0 0.93 0.697 0.036 0.058
0 0.881 0.708 0.038 0.06
0 0.765 0.713 0.034 0.058
0 0.769 0.756 0.022 0.028
0 0.657 0.873 0.054 0.066
0 0.595 0.915 0.046 0.074
0 0.534 0.924 0.044 0.068
0 0.518 0.969 0.032 0.038
0 0.479 0.956 0.03 0.024
0 0.497 0.868 0.05 0.036
0 0.622 0.775 0.04 0.066
0 0.557 0.731 0.042 0.062
0 0.534 0.772 0.032 0.056
0 0.494 0.812 0.04 0.068
0 0.438 0.845 0.032 0.05
0 0.413 0.848 0.038 0.052
0 0.433 0.8 0.03 0.044
0 0.38 0.791 0.048 0.074
0 0.314 0.754 0.04 0.076
0 0.348 0.721 0.044 0.058
0 0.704 0.648 0.044 0.064
0 0.68 0.693 0.032 0.062
0 0.652 0.651 0.036 0.05
0 0.659 0.707 0.042 0.046
0 0.643 0.706 0.03 0.06
0 0.382 0.946 0.032 0.052
0 0.344 0.918 0.036 0.056
0 0.295 0.895 0.038 0.046
0 0.298 0.952 0.04 0.064
0 0.218 0.971 0.036 0.054
0 0.136 0.908 0.032 0.06
0 0.063 0.943 0.034 0.054
0 0.105 0.916 0.026 0.044
0 0.219 0.806 0.038 0.048
0 0.186 0.77 0.036 0.052
0 0.15 0.8 0.04 0.056
0 0.167 0.883 0.034 0.042
0 0.234 0.731 0.032 0.042
0 0.158 0.706 0.04 0.068
0 0.104 0.754 0.028 0.036
0 0.099 0.72 0.042 0.052
0 0.024 0.691 0.04 0.058
0 0.077 0.627 0.042 0.066
0 0.146 0.619 0.036 0.066
0 0.135 0.657 0.046 0.05
0 0.03 0.586 0.04 0.068
0 0.495 0.659 0.046 0.054
0 0.423 0.668 0.042 0.08
0 0.384 0.649 0.036 0.054
0 0.414 0.557 0.036 0.058
0 0.385 0.541 0.038 0.07
0 0.337 0.545 0.038 0.082
0 0.284 0.549 0.032 0.086
0 0.243 0.586 0.038 0.076
0 0.195 0.551 0.03 0.054
0 0.67 0.499 0.048 0.078
0 0.622 0.534 0.04 0.052
0 0.548 0.561 0.048 0.07
0 0.472 0.544 0.044 0.088
0 0.442 0.459 0.036 0.054
0 0.423 0.495 0.038 0.046
0 0.593 0.628 0.034 0.052
0 0.885 0.535 0.034 0.05
0 0.824 0.545 0.036 0.05
0 0.855 0.633 0.042 0.042
0 0.745 0.586 0.034 0.056
0 0.766 0.538 0.036 0.064
0 0.944 0.475 0.036 0.05
0 0.857 0.497 0.038 0.066
0 0.915 0.363 0.038 0.086
0 0.874 0.421 0.036 0.042
0 0.96 0.257 0.04 0.098
0 0.976 0.341 0.028 0.038
0 0.79 0.342 0.044 0.072
0 0.768 0.387 0.04 0.07
0 0.726 0.378 0.04 0.076
0 0.698 0.377 0.02 0.046
0 0.667 0.347 0.03 0.046
0 0.869 0.212 0.05 0.08
0 0.834 0.26 0.036 0.044
0 0.83 0.207 0.024 0.05
0 0.784 0.239 0.032 0.046
0 0.56 0.42 0.052 0.056
0 0.539 0.41 0.042 0.064
0 0.593 0.358 0.042 0.08
0 0.583 0.31 0.026 0.036
0 0.798 0.132 0.056 0.088
0 0.702 0.167 0.052 0.122
0 0.673 0.165 0.03 0.07
0 0.661 0.27 0.05 0.06
0 0.015 0.906 0.026 0.04
0 0.86 0.063 0.044 0.05
0 0.765 0.079 0.03 0.042
0 0.939 0.081 0.03 0.058
0 0.696 0.036 0.052 0.048
0 0.544 0.132 0.044 0.076
0 0.565 0.183 0.034 0.054
0 0.552 0.23 0.032 0.044
0 0.559 0.031 0.042 0.058
0 0.541 0.058 0.03 0.032
0 0.535 0.011 0.018 0.018
0 0.487 0.061 0.022 0.038
0 0.461 0.147 0.03 0.066
0 0.374 0.131 0.048 0.07
0 0.298 0.101 0.036 0.07
0 0.471 0.264 0.03 0.052
0 0.493 0.225 0.026 0.042
0 0.427 0.239 0.03 0.062
0 0.382 0.266 0.044 0.048
0 0.337 0.253 0.034 0.07
0 0.437 0.406 0.026 0.032
0 0.356 0.38 0.032 0.06
0 0.283 0.417 0.03 0.034
0 0.247 0.427 0.034 0.05
0 0.242 0.398 0.036 0.04
0 0.231 0.371 0.03 0.046
0 0.314 0.485 0.04 0.054
0 0.18 0.472 0.04 0.056
0 0.134 0.478 0.032 0.056
0 0.033 0.436 0.034 0.052
0 0.043 0.346 0.046 0.052
0 0.024 0.311 0.04 0.038
0 0.054 0.265 0.056 0.05
0 0.275 0.221 0.034 0.042
0 0.223 0.261 0.034 0.046
0 0.157 0.287 0.026 0.038
0 0.175 0.045 0.054 0.086
0 0.045 0.114 0.038 0.036
0 0.061 0.069 0.034 0.046
0 0.08 0.022 0.036 0.04
0 0.105 0.037 0.034 0.046
0 0.116 0.068 0.04 0.032
0 0.14 0.158 0.028 0.036
1 0.812 0.97 0.008 0.012
1 0.986 0.785 0.02 0.034
1 0.961 0.823 0.022 0.026
1 0.467 0.926 0.022 0.024
1 0.495 0.892 0.03 0.036
1 0.652 0.784 0.02 0.024
1 0.315 0.93 0.018 0.02
1 0.202 0.839 0.02 0.026
1 0.129 0.975 0.03 0.018
1 0.173 0.913 0.018 0.026
1 0.049 0.876 0.022 0.02
1 0.018 0.88 0.02 0.016
1 0.247 0.749 0.01 0.014
1 0.034 0.805 0.024 0.018
1 0.638 0.607 0.02 0.03
1 0.876 0.577 0.016 0.022
1 0.84 0.595 0.028 0.026
1 0.743 0.538 0.014 0.028
1 0.723 0.73 0.022 0.036
1 0.938 0.504 0.024 0.024
1 0.834 0.49 0.016 0.02
1 0.751 0.456 0.022 0.032
1 0.922 0.24 0.016 0.02
1 0.894 0.244 0.024 0.02
1 0.914 0.266 0.028 0.024
1 0.886 0.279 0.02 0.038
1 0.866 0.287 0.016 0.03
1 0.841 0.413 0.018 0.022
1 0.789 0.388 0.018 0.032
1 0.763 0.218 0.018 0.02
1 0.935 0.175 0.026 0.026
1 0.59 0.473 0.016 0.018
1 0.555 0.473 0.014 0.018
1 0.504 0.46 0.024 0.028
1 0.759 0.153 0.018 0.014
1 0.537 0.858 0.018 0.02
1 0.218 0.896 0.02 0.02
1 0.244 0.824 0.016 0.028
1 0.285 0.612 0.018 0.02
1 0.102 0.68 0.02 0.024
1 0.795 0.055 0.022 0.03
1 0.968 0.062 0.016 0.02
1 0.761 0.014 0.018 0.024
1 0.621 0.165 0.022 0.03
1 0.502 0.109 0.02 0.026
1 0.335 0.098 0.026 0.036
1 0.349 0.031 0.018 0.026
1 0.586 0.239 0.016 0.014
1 0.552 0.285 0.02 0.022
1 0.329 0.384 0.01 0.028
1 0.276 0.338 0.02 0.024
1 0.198 0.343 0.016 0.03
1 0.364 0.318 0.008 0.012
1 0.356 0.314 0.008 0.016
1 0.087 0.437 0.026 0.034
1 0.06 0.474 0.02 0.02
1 0.184 0.245 0.024 0.026
1 0.166 0.233 0.024 0.03
1 0.158 0.095 0.032 0.022
1 0.104 0.132 0.016 0.024
1 0.079 0.131 0.022 0.026
1 0.013 0.015 0.022 0.026
1 0.015 0.217 0.014 0.018
1 0.122 0.351 0.016 0.022
1 0.086 0.37 0.02 0.032
1 0.229 0.048 0.022 0.016
1 0.221 0.072 0.03 0.028
1 0.072 0.537 0.012 0.042
1 0.308 0.203 0.012 0.022
1 0.29 0.17 0.016 0.016
1 0.082 0.237 0.016 0.018
2 0.198 0.931 0.032 0.026
2 0.803 0.619 0.034 0.042
2 0.943 0.433 0.022 0.022
2 0.686 0.293 0.024 0.026
2 0.618 0.833 0.024 0.018
2 0.449 0.745 0.014 0.022
2 0.502 0.594 0.028 0.044
2 0.932 0.021 0.016 0.034
2 0.915 0.03 0.014 0.016
2 0.594 0.203 0.012 0.018
2 0.555 0.316 0.026 0.024
2 0.533 0.344 0.03 0.04
2 0.049 0.221 0.01 0.018
2 0.063 0.212 0.018 0.016
2 0.271 0.085 0.018 0.022
2 0.019 0.55 0.014 0.012
2 0.237 0.181 0.022 0.03