0 0.036 0.975 0.036 0.046
0 0.086 0.98 0.02 0.02
0 0.006 0.92 0.008 0.02
0 0.153 0.947 0.034 0.05
0 0.193 0.934 0.03 0.04
0 0.034 0.876 0.024 0.044
0 0.067 0.858 0.034 0.044
0 0.925 0.995 0.022 0.006
0 0.837 0.974 0.03 0.04
0 0.937 0.876 0.042 0.052
0 0.912 0.864 0.024 0.048
0 0.886 0.864 0.016 0.024
0 0.911 0.814 0.03 0.028
0 0.967 0.792 0.018 0.024
0 0.983 0.784 0.026 0.036
0 0.609 0.952 0.034 0.044
0 0.468 0.979 0.04 0.038
0 0.389 0.979 0.042 0.038
0 0.321 0.983 0.038 0.03
0 0.984 0.615 0.028 0.05
0 0.989 0.663 0.018 0.046
0 0.967 0.637 0.038 0.046
0 0.944 0.578 0.032 0.032
0 0.953 0.551 0.026 0.022
0 0.984 0.523 0.028 0.038
0 0.923 0.498 0.026 0.02
0 0.929 0.487 0.034 0.022
0 0.959 0.456 0.034 0.044
0 0.984 0.442 0.028 0.052
0 0.936 0.426 0.048 0.04
0 0.892 0.449 0.028 0.038
0 0.991 0.328 0.014 0.044
0 0.956 0.292 0.06 0.076
0 0.959 0.215 0.05 0.038
0 0.858 0.297 0.048 0.074
0 0.934 0.055 0.036 0.05
0 0.916 0.033 0.036 0.034
0 0.9 0.085 0.036 0.03
0 0.899 0.153 0.05 0.062
0 0.89 0.196 0.04 0.032
0 0.76 0.194 0.06 0.064
0 0.718 0.182 0.036 0.048
0 0.735 0.114 0.046 0.044
0 0.775 0.036 0.038 0.032
0 0.684 0.033 0.04 0.042
0 0.644 0.076 0.04 0.048
0 0.557 0.029 0.046 0.054
0 0.405 0.042 0.05 0.06
0 0.338 0.052 0.04 0.04
0 0.259 0.052 0.038 0.04
0 0.188 0.049 0.032 0.054
0 0.126 0.04 0.04 0.06
0 0.051 0.085 0.05 0.078
0 0.015 0.01 0.026 0.016
0 0.051 0.012 0.042 0.02
0 0.029 0.238 0.034 0.056
0 0.116 0.236 0.048 0.068
0 0.172 0.139 0.048 0.066
0 0.192 0.185 0.044 0.07
0 0.212 0.192 0.032 0.036
0 0.281 0.135 0.054 0.058
0 0.266 0.189 0.04 0.054
0 0.314 0.207 0.036 0.03
0 0.498 0.155 0.044 0.03
0 0.497 0.128 0.034 0.028
0 0.562 0.113 0.048 0.046
0 0.5 0.195 0.036 0.03
0 0.89 0.369 0.044 0.058
0 0.828 0.39 0.028 0.032
0 0.776 0.558 0.028 0.052
0 0.927 0.711 0.034 0.038
0 0.867 0.742 0.034 0.044
0 0.807 0.779 0.038 0.074
0 0.79 0.346 0.016 0.02
0 0.76 0.401 0.028 0.046
0 0.672 0.406 0.028 0.036
0 0.677 0.542 0.058 0.064
0 0.643 0.496 0.038 0.076
0 0.588 0.472 0.028 0.044
0 0.69 0.248 0.028 0.048
0 0.645 0.286 0.042 0.064
0 0.6 0.242 0.06 0.072
0 0.531 0.33 0.026 0.04
0 0.576 0.346 0.048 0.056
0 0.495 0.284 0.042 0.08
0 0.73 0.67 0.044 0.04
0 0.663 0.696 0.042 0.044
0 0.676 0.623 0.04 0.034
0 0.724 0.77 0.044 0.048
0 0.732 0.824 0.024 0.028
0 0.559 0.865 0.034 0.038
0 0.589 0.709 0.03 0.038
0 0.6 0.744 0.036 0.048
0 0.525 0.925 0.046 0.042
0 0.469 0.852 0.026 0.036
0 0.459 0.821 0.046 0.038
0 0.421 0.838 0.026 0.04
0 0.403 0.806 0.038 0.04
0 0.376 0.825 0.024 0.046
0 0.408 0.882 0.04 0.032
0 0.398 0.91 0.032 0.036
0 0.37 0.91 0.024 0.044
0 0.33 0.939 0.032 0.042
0 0.42 0.352 0.024 0.052
0 0.405 0.358 0.026 0.048
0 0.396 0.382 0.02 0.02
0 0.429 0.415 0.03 0.03
0 0.459 0.429 0.018 0.03
0 0.458 0.458 0.024 0.024
0 0.51 0.562 0.044 0.048
0 0.554 0.619 0.04 0.054
0 0.479 0.628 0.038 0.052
0 0.477 0.688 0.034 0.044
0 0.486 0.707 0.032 0.034
0 0.469 0.743 0.026 0.022
0 0.447 0.746 0.022 0.02
0 0.213 0.272 0.026 0.036
0 0.207 0.323 0.026 0.03
0 0.157 0.378 0.038 0.064
0 0.112 0.4 0.044 0.052
0 0.013 0.472 0.022 0.04
0 0.012 0.34 0.02 0.036
0 0.264 0.342 0.04 0.036
0 0.222 0.398 0.028 0.048
0 0.287 0.489 0.046 0.042
0 0.142 0.532 0.032 0.044
0 0.03 0.594 0.056 0.088
0 0.02 0.673 0.036 0.074
0 0.156 0.601 0.04 0.062
0 0.19 0.586 0.02 0.04
0 0.233 0.587 0.038 0.05
0 0.278 0.629 0.032 0.054
0 0.274 0.593 0.04 0.022
0 0.19 0.673 0.032 0.038
0 0.37 0.599 0.056 0.07
0 0.347 0.642 0.046 0.088
0 0.303 0.697 0.054 0.074
0 0.264 0.737 0.032 0.026
0 0.169 0.775 0.042 0.05
0 0.118 0.8 0.04 0.056
0 0.008 0.761 0.012 0.05
0 0.052 0.773 0.028 0.038
0 0.168 0.857 0.028 0.038
0 0.351 0.208 0.018 0.032
1 0.072 0.925 0.016 0.03
1 0.888 0.982 0.02 0.024
1 0.873 0.986 0.014 0.02
1 0.894 0.935 0.012 0.01
1 0.995 0.894 0.006 0.02
1 0.963 0.9 0.018 0.02
1 0.844 0.845 0.02 0.022
1 0.707 0.989 0.014 0.018
1 0.74 0.915 0.02 0.022
1 0.681 0.937 0.018 0.026
1 0.669 0.89 0.022 0.028
1 0.701 0.878 0.03 0.012
1 0.891 0.608 0.022 0.02
1 0.842 0.616 0.032 0.028
1 0.99 0.474 0.016 0.024
1 0.861 0.478 0.018 0.02
1 0.957 0.246 0.022 0.02
1 0.995 0.233 0.006 0.03
1 0.906 0.265 0.016 0.018
1 0.898 0.293 0.008 0.022
1 0.99 0.15 0.016 0.028
1 0.981 0.127 0.018 0.014
1 0.987 0.071 0.022 0.026
1 0.939 0.156 0.014 0.02
1 0.835 0.148 0.026 0.016
1 0.785 0.013 0.03 0.014
1 0.745 0.013 0.034 0.022
1 0.527 0.011 0.03 0.018
1 0.051 0.164 0.018 0.024
1 0.314 0.117 0.02 0.022
1 0.447 0.121 0.03 0.014
1 0.446 0.189 0.024 0.022
1 0.61 0.187 0.024 0.014
1 0.618 0.172 0.028 0.016
1 0.952 0.372 0.02 0.016
1 0.929 0.362 0.01 0.04
1 0.804 0.456 0.02 0.02
1 0.761 0.477 0.026 0.018
1 0.918 0.75 0.04 0.028
1 0.912 0.765 0.024 0.026
1 0.89 0.774 0.024 0.008
1 0.89 0.739 0.016 0.026
1 0.783 0.818 0.014 0.032
1 0.76 0.339 0.028 0.022
1 0.646 0.231 0.02 0.022
1 0.578 0.288 0.024 0.028
1 0.685 0.718 0.018 0.02
1 0.644 0.666 0.028 0.028
1 0.747 0.807 0.018 0.018
1 0.477 0.909 0.018 0.018
1 0.402 0.422 0.02 0.02
1 0.418 0.437 0.012 0.01
1 0.521 0.464 0.014 0.04
1 0.517 0.506 0.014 0.02
1 0.512 0.525 0.012 0.018
1 0.528 0.657 0.016 0.018
1 0.515 0.651 0.022 0.026
1 0.3 0.886 0.02 0.024
1 0.289 0.854 0.018 0.024
1 0.258 0.258 0.02 0.012
1 0.171 0.26 0.026 0.016
1 0.164 0.236 0.016 0.024
1 0.055 0.451 0.018 0.026
1 0.03 0.456 0.008 0.008
1 0.06 0.341 0.016 0.026
1 0.389 0.276 0.018 0.024
1 0.26 0.405 0.028 0.022
1 0.254 0.457 0.016 0.018
1 0.19 0.538 0.02 0.024
1 0.071 0.573 0.026 0.058
1 0.069 0.679 0.014 0.03
1 0.122 0.65 0.02 0.02
1 0.236 0.675 0.016 0.03
1 0.446 0.585 0.024 0.018
1 0.281 0.753 0.018 0.018
1 0.116 0.744 0.012 0.02
1 0.248 0.855 0.012 0.014
1 0.249 0.883 0.01 0.022
1 0.368 0.786 0.02 0.016
1 0.352 0.549 0.012 0.014
1 0.638 0.835 0.012 0.01
2 0.195 0.967 0.022 0.03
2 0.019 0.858 0.034 0.052
2 0.798 0.133 0.028 0.034
2 0.816 0.043 0.028 0.03
2 0.718 0.467 0.016 0.026
2 0.74 0.244 0.028 0.02
2 0.705 0.851 0.042 0.03
2 0.564 0.931 0.02 0.022
2 0.341 0.352 0.022 0.024
2 0.44 0.435 0.02 0.03
2 0.448 0.713 0.028 0.026
2 0.35 0.859 0.032 0.022
2 0.209 0.865 0.026 0.046
2 0.194 0.809 0.02 0.018
2 0.16 0.809 0.02 0.018
2 0.453 0.525 0.034 0.034
2 0.612 0.8 0.02 0.016
2 0.642 0.98 0.02 0.02