0 0.071 0.464 0.066 0.088
0 0.076 0.316 0.056 0.072
0 0.08 0.376 0.064 0.072
0 0.076 0.253 0.052 0.058
0 0.026 0.468 0.04 0.052
0 0.069 0.555 0.07 0.094
0 0.043 0.647 0.07 0.066
0 0.157 0.577 0.046 0.054
0 0.221 0.518 0.054 0.064
0 0.27 0.492 0.044 0.048
0 0.286 0.441 0.08 0.086
0 0.333 0.421 0.07 0.086
0 0.359 0.46 0.046 0.064
0 0.171 0.307 0.038 0.042
0 0.267 0.363 0.034 0.062
0 0.046 0.073 0.044 0.046
0 0.028 0.115 0.048 0.042
0 0.083 0.098 0.05 0.048
0 0.18 0.019 0.048 0.038
0 0.181 0.12 0.05 0.064
0 0.297 0.126 0.034 0.04
0 0.369 0.126 0.046 0.056
0 0.27 0.184 0.044 0.072
0 0.324 0.208 0.048 0.068
0 0.333 0.161 0.05 0.066
0 0.438 0.354 0.052 0.088
0 0.487 0.339 0.042 0.05
0 0.489 0.292 0.066 0.048
0 0.514 0.237 0.056 0.062
0 0.55 0.211 0.036 0.042
0 0.62 0.245 0.04 0.05
0 0.646 0.204 0.052 0.052
0 0.382 0.295 0.044 0.058
0 0.409 0.283 0.042 0.034
0 0.448 0.202 0.04 0.064
0 0.506 0.146 0.036 0.064
0 0.546 0.149 0.04 0.05
0 0.634 0.106 0.08 0.044
0 0.612 0.029 0.04 0.046
0 0.665 0.036 0.038 0.064
0 0.939 0.029 0.042 0.058
0 0.855 0.114 0.038 0.06
0 0.898 0.138 0.052 0.08
0 0.501 0.427 0.07 0.106
0 0.481 0.492 0.054 0.048
0 0.435 0.492 0.038 0.032
0 0.189 0.235 0.054 0.046
0 0.318 0.057 0.056 0.058
0 0.64 0.554 0.068 0.1
0 0.626 0.628 0.036 0.052
0 0.676 0.594 0.072 0.124
0 0.679 0.67 0.062 0.06
0 0.625 0.311 0.042 0.078
0 0.588 0.308 0.028 0.052
0 0.642 0.366 0.036 0.04
0 0.571 0.631 0.038 0.046
0 0.371 0.557 0.042 0.054
0 0.7 0.336 0.04 0.076
0 0.764 0.277 0.048 0.05
0 0.824 0.325 0.044 0.054
0 0.75 0.409 0.044 0.05
0 0.28 0.627 0.04 0.054
0 0.32 0.635 0.036 0.054
0 0.364 0.645 0.04 0.062
0 0.381 0.693 0.05 0.066
0 0.425 0.643 0.054 0.11
0 0.42 0.037 0.04 0.058
0 0.818 0.186 0.048 0.052
0 0.813 0.196 0.05 0.052
0 0.93 0.206 0.048 0.044
0 0.951 0.266 0.042 0.052
0 0.905 0.319 0.034 0.062
0 0.585 0.338 0.042 0.052
0 0.284 0.567 0.028 0.042
0 0.782 0.455 0.06 0.038
0 0.879 0.458 0.05 0.056
0 0.229 0.694 0.062 0.076
0 0.303 0.698 0.058 0.064
0 0.303 0.822 0.078 0.12
0 0.392 0.786 0.032 0.048
0 0.428 0.795 0.06 0.102
0 0.474 0.803 0.032 0.082
0 0.819 0.528 0.022 0.036
0 0.84 0.541 0.028 0.034
0 0.843 0.501 0.026 0.034
0 0.859 0.587 0.038 0.074
0 0.807 0.684 0.054 0.084
0 0.801 0.596 0.074 0.108
0 0.916 0.512 0.04 0.052
0 0.705 0.766 0.066 0.124
0 0.766 0.711 0.036 0.042
0 0.595 0.694 0.05 0.048
0 0.585 0.8 0.042 0.056
0 0.536 0.819 0.024 0.062
0 0.084 0.788 0.052 0.064
0 0.136 0.846 0.06 0.076
0 0.114 0.819 0.032 0.062
0 0.279 0.941 0.062 0.106
0 0.313 0.908 0.054 0.056
0 0.361 0.926 0.034 0.072
0 0.426 0.924 0.068 0.076
0 0.028 0.942 0.04 0.056
0 0.541 0.955 0.03 0.058
0 0.572 0.961 0.032 0.042
0 0.645 0.935 0.07 0.07
0 0.688 0.944 0.068 0.092
0 0.775 0.857 0.074 0.082
0 0.873 0.874 0.042 0.056
0 0.902 0.834 0.024 0.028
0 0.93 0.855 0.052 0.058
0 0.963 0.921 0.066 0.078
0 0.948 0.71 0.068 0.056
0 0.842 0.967 0.04 0.062
0 0.924 0.639 0.044 0.046
0 0.919 0.759 0.038 0.034
0 0.919 0.793 0.026 0.034
1 0.031 0.419 0.022 0.022
1 0.022 0.518 0.028 0.024
1 0.067 0.602 0.022 0.028
1 0.396 0.485 0.02 0.03
1 0.447 0.437 0.034 0.022
1 0.167 0.359 0.026 0.038
1 0.193 0.353 0.022 0.026
1 0.208 0.361 0.028 0.026
1 0.216 0.274 0.024 0.028
1 0.221 0.309 0.026 0.03
1 0.261 0.298 0.038 0.024
1 0.062 0.131 0.024 0.026
1 0.164 0.059 0.024 0.022
1 0.046 0.022 0.024 0.04
1 0.018 0.154 0.036 0.036
1 0.053 0.181 0.018 0.042
1 0.221 0.121 0.022 0.022
1 0.694 0.2 0.016 0.02
1 0.406 0.234 0.024 0.028
1 0.688 0.015 0.024 0.03
1 0.743 0.082 0.022 0.028
1 0.807 0.065 0.018 0.022
1 0.815 0.084 0.022 0.02
1 0.803 0.041 0.03 0.034
1 0.217 0.194 0.03 0.04
1 0.321 0.026 0.022 0.02
1 0.362 0.595 0.028 0.03
1 0.387 0.539 0.022 0.034
1 0.576 0.369 0.02 0.046
1 0.683 0.272 0.026 0.02
1 0.789 0.337 0.026 0.034
1 0.49 0.599 0.032 0.026
1 0.557 0.472 0.026 0.028
1 0.594 0.506 0.024 0.032
1 0.463 0.023 0.022 0.022
1 0.475 0.053 0.03 0.038
1 0.873 0.21 0.018 0.028
1 0.868 0.233 0.032 0.03
1 0.289 0.275 0.018 0.03
1 0.712 0.494 0.024 0.024
1 0.893 0.421 0.022 0.026
1 0.946 0.39 0.028 0.032
1 0.208 0.669 0.02 0.026
1 0.246 0.665 0.024 0.03
1 0.339 0.782 0.026 0.032
1 0.378 0.816 0.028 0.032
1 0.809 0.576 0.018 0.04
1 0.641 0.747 0.014 0.034
1 0.658 0.741 0.016 0.03
1 0.535 0.86 0.034 0.02
1 0.059 0.767 0.022 0.026
1 0.181 0.836 0.014 0.032
1 0.014 0.761 0.028 0.038
1 0.167 0.775 0.03 0.03
1 0.11 0.878 0.02 0.032
1 0.104 0.911 0.028 0.034
1 0.18 0.936 0.016 0.032
1 0.391 0.912 0.026 0.024
1 0.055 0.914 0.022 0.028
1 0.089 0.982 0.034 0.032
1 0.581 0.926 0.022 0.024
1 0.564 0.913 0.028 0.038
1 0.962 0.837 0.024 0.03
1 0.961 0.977 0.014 0.034
1 0.644 0.819 0.028 0.034
1 0.949 0.611 0.022 0.026
2 0.774 0.368 0.036 0.052
2 0.774 0.147 0.028 0.03
2 0.37 0.169 0.02 0.03
2 0.389 0.177 0.014 0.026
2 0.405 0.171 0.018 0.022
2 0.464 0.154 0.008 0.024
2 0.73 0.239 0.028 0.03
2 0.821 0.237 0.026 0.018
2 0.336 0.302 0.02 0.016
2 0.346 0.329 0.016 0.014
2 0.414 0.459 0.024 0.022
2 0.424 0.444 0.016 0.02
2 0.444 0.548 0.044 0.072
2 0.764 0.475 0.028 0.022
2 0.947 0.473 0.034 0.062
2 0.127 0.716 0.026 0.02
2 0.18 0.657 0.012 0.022
2 0.178 0.685 0.012 0.018
2 0.207 0.936 0.018 0.024
2 0.178 0.969 0.04 0.042
2 0.985 0.612 0.026 0.036
2 0.959 0.66 0.03 0.04
2 0.904 0.712 0.02 0.032
2 0.917 0.672 0.018 0.028
2 0.965 0.584 0.018 0.04
2 0.908 0.581 0.02 0.018