0 0.961 0.98 0.038 0.036
0 0.823 0.947 0.034 0.05
0 0.768 0.944 0.032 0.04
0 0.727 0.942 0.018 0.02
0 0.737 0.961 0.03 0.038
0 0.833 0.882 0.03 0.044
0 0.761 0.848 0.046 0.048
0 0.878 0.899 0.044 0.05
0 0.86 0.876 0.036 0.028
0 0.795 0.803 0.034 0.042
0 0.827 0.831 0.038 0.046
0 0.956 0.849 0.024 0.042
0 0.74 0.876 0.036 0.048
0 0.727 0.851 0.034 0.034
0 0.973 0.919 0.03 0.03
0 0.967 0.793 0.026 0.046
0 0.98 0.78 0.036 0.06
0 0.938 0.764 0.024 0.028
0 0.666 0.872 0.032 0.036
0 0.689 0.845 0.022 0.026
0 0.598 0.813 0.04 0.058
0 0.527 0.818 0.042 0.056
0 0.515 0.939 0.03 0.038
0 0.565 0.952 0.038 0.06
0 0.612 0.942 0.024 0.036
0 0.417 0.902 0.042 0.04
0 0.419 0.958 0.038 0.056
0 0.457 0.986 0.03 0.024
0 0.464 0.914 0.024 0.032
0 0.435 0.859 0.022 0.022
0 0.206 0.881 0.072 0.054
0 0.319 0.855 0.026 0.026
0 0.239 0.985 0.046 0.026
0 0.184 0.963 0.032 0.05
0 0.264 0.807 0.036 0.03
0 0.292 0.884 0.024 0.028
0 0.325 0.895 0.022 0.03
0 0.325 0.936 0.014 0.032
0 0.349 0.991 0.03 0.014
0 0.058 0.9 0.06 0.056
0 0.021 0.903 0.034 0.03
0 0.037 0.994 0.034 0.008
0 0.127 0.943 0.026 0.018
0 0.129 0.873 0.018 0.022
0 0.971 0.065 0.042 0.074
0 0.885 0.02 0.034 0.04
0 0.809 0.05 0.018 0.048
0 0.815 0.012 0.022 0.024
0 0.633 0.152 0.03 0.048
0 0.825 0.22 0.046 0.056
0 0.939 0.153 0.042 0.05
0 0.891 0.163 0.038 0.05
0 0.955 0.255 0.03 0.038
0 0.957 0.314 0.038 0.056
0 0.749 0.202 0.042 0.06
0 0.984 0.396 0.028 0.036
0 0.856 0.363 0.048 0.066
0 0.99 0.254 0.016 0.064
0 0.706 0.262 0.032 0.048
0 0.671 0.198 0.046 0.036
0 0.63 0.06 0.024 0.044
0 0.618 0.026 0.024 0.028
0 0.577 0.071 0.026 0.042
0 0.503 0.061 0.034 0.038
0 0.479 0.023 0.038 0.046
0 0.561 0.205 0.038 0.05
0 0.482 0.192 0.044 0.044
0 0.467 0.222 0.046 0.04
0 0.41 0.177 0.044 0.042
0 0.437 0.156 0.026 0.032
0 0.277 0.033 0.034 0.054
0 0.295 0.006 0.03 0.012
0 0.328 0.005 0.02 0.01
0 0.394 0.005 0.016 0.01
0 0.403 0.102 0.022 0.028
0 0.454 0.067 0.02 0.022
0 0.282 0.162 0.048 0.044
0 0.227 0.129 0.03 0.046
0 0.077 0.063 0.054 0.058
0 0.048 0.016 0.04 0.032
0 0.097 0.109 0.05 0.042
0 0.22 0.244 0.04 0.056
0 0.177 0.264 0.054 0.056
0 0.071 0.214 0.042 0.044
0 0.123 0.192 0.034 0.032
0 0.135 0.359 0.054 0.058
0 0.046 0.324 0.052 0.048
0 0.075 0.365 0.03 0.034
0 0.085 0.349 0.026 0.022
0 0.022 0.271 0.04 0.03
0 0.007 0.252 0.01 0.04
0 0.665 0.742 0.038 0.06
0 0.954 0.695 0.032 0.05
0 0.978 0.573 0.04 0.062
0 0.93 0.558 0.036 0.036
0 0.914 0.574 0.044 0.056
0 0.81 0.701 0.028 0.05
0 0.798 0.673 0.024 0.034
0 0.994 0.7 0.008 0.044
0 0.842 0.604 0.036 0.036
0 0.71 0.567 0.036 0.05
0 0.743 0.581 0.026 0.038
0 0.798 0.508 0.036 0.056
0 0.747 0.513 0.038 0.05
0 0.925 0.445 0.022 0.03
0 0.729 0.344 0.038 0.048
0 0.695 0.36 0.046 0.056
0 0.703 0.429 0.038 0.042
0 0.576 0.424 0.044 0.056
0 0.621 0.302 0.042 0.064
0 0.566 0.314 0.036 0.04
0 0.517 0.372 0.042 0.052
0 0.581 0.577 0.034 0.042
0 0.637 0.454 0.046 0.064
0 0.593 0.495 0.046 0.042
0 0.528 0.573 0.044 0.042
0 0.484 0.506 0.044 0.072
0 0.65 0.377 0.036 0.05
0 0.669 0.541 0.03 0.038
0 0.425 0.274 0.034 0.048
0 0.302 0.351 0.048 0.046
0 0.264 0.367 0.04 0.046
0 0.346 0.223 0.024 0.026
0 0.476 0.445 0.028 0.05
0 0.393 0.534 0.046 0.052
0 0.317 0.527 0.042 0.05
0 0.358 0.46 0.02 0.04
0 0.443 0.44 0.01 0.024
0 0.38 0.397 0.048 0.042
0 0.377 0.475 0.018 0.026
0 0.383 0.466 0.022 0.024
0 0.307 0.471 0.03 0.026
0 0.605 0.646 0.034 0.048
0 0.643 0.601 0.03 0.022
0 0.494 0.665 0.024 0.042
0 0.468 0.653 0.024 0.026
0 0.562 0.654 0.024 0.032
0 0.391 0.599 0.03 0.034
0 0.367 0.776 0.03 0.048
0 0.411 0.739 0.034 0.042
0 0.456 0.764 0.032 0.032
0 0.322 0.761 0.044 0.054
0 0.273 0.743 0.042 0.038
0 0.346 0.682 0.036 0.064
0 0.241 0.681 0.034 0.05
0 0.21 0.646 0.04 0.048
0 0.251 0.624 0.03 0.052
0 0.265 0.652 0.038 0.036
0 0.14 0.604 0.052 0.068
0 0.219 0.531 0.062 0.05
0 0.07 0.532 0.048 0.048
0 0.084 0.465 0.048 0.046
0 0.123 0.515 0.054 0.034
0 0.128 0.439 0.04 0.042
0 0.173 0.494 0.022 0.024
0 0.014 0.462 0.024 0.044
0 0.08 0.643 0.028 0.038
0 0.034 0.586 0.036 0.036
0 0.03 0.611 0.032 0.038
0 0.015 0.336 0.026 0.02
0 0.194 0.787 0.036 0.038
0 0.188 0.821 0.02 0.018
0 0.088 0.712 0.056 0.052
0 0.049 0.738 0.05 0.044
0 0.045 0.808 0.034 0.044
0 0.602 0.254 0.056 0.056
0 0.73 0.169 0.024 0.022
0 0.755 0.721 0.022 0.026
1 0.659 0.968 0.018 0.02
1 0.389 0.925 0.014 0.022
1 0.391 0.878 0.022 0.02
1 0.828 0.291 0.016 0.026
1 0.683 0.234 0.022 0.016
1 0.665 0.08 0.014 0.016
1 0.163 0.127 0.018 0.018
1 0.031 0.149 0.018 0.018
1 0.822 0.644 0.02 0.02
1 0.578 0.462 0.02 0.016
1 0.644 0.39 0.016 0.02
1 0.716 0.461 0.02 0.014
1 0.474 0.332 0.02 0.02
1 0.258 0.339 0.016 0.014
1 0.414 0.396 0.02 0.02
1 0.453 0.583 0.014 0.018
1 0.633 0.805 0.01 0.018
1 0.293 0.589 0.01 0.022
1 0.202 0.572 0.008 0.016
1 0.064 0.815 0.02 0.022
1 0.783 0.404 0.014 0.02
2 0.828 0.983 0.032 0.03
2 0.882 0.987 0.032 0.022
2 0.768 0.984 0.028 0.028
2 0.943 0.792 0.022 0.028
2 0.435 0.939 0.026 0.034
2 0.309 0.879 0.018 0.022
2 0.298 0.945 0.02 0.026
2 0.302 0.972 0.02 0.02
2 0.202 0.939 0.02 0.026
2 0.054 0.951 0.024 0.018
2 0.159 0.922 0.018 0.024
2 0.931 0.007 0.022 0.014
2 0.742 0.007 0.02 0.014
2 0.734 0.054 0.024 0.04
2 0.989 0.354 0.018 0.024
2 0.976 0.318 0.024 0.044
2 0.954 0.223 0.036 0.018
2 0.682 0.022 0.016 0.04
2 0.571 0.036 0.022 0.036
2 0.583 0.174 0.034 0.044
2 0.43 0.18 0.02 0.024
2 0.359 0.016 0.018 0.024
2 0.39 0.079 0.036 0.034
2 0.049 0.113 0.022 0.022
2 0.197 0.123 0.026 0.03
2 0.159 0.187 0.03 0.03
2 0.068 0.258 0.036 0.048
2 0.959 0.612 0.022 0.024
2 0.869 0.581 0.022 0.026
2 0.897 0.667 0.022 0.026
2 0.825 0.668 0.018 0.02
2 0.73 0.483 0.02 0.038
2 0.329 0.304 0.018 0.024
2 0.389 0.287 0.022 0.034
2 0.45 0.373 0.028 0.034
2 0.553 0.629 0.022 0.022
2 0.435 0.655 0.034 0.042
2 0.434 0.631 0.024 0.018
2 0.609 0.742 0.018 0.02
2 0.217 0.606 0.038 0.044
2 0.122 0.4 0.032 0.036
2 0.03 0.43 0.028 0.032
2 0.193 0.749 0.018 0.022
2 0.15 0.741 0.016 0.022
2 0.893 0.411 0.022 0.022
2 0.991 0.433 0.014 0.05
2 0.838 0.572 0.024 0.028
2 0.508 0.641 0.032 0.046
2 0.117 0.632 0.018 0.04
2 0.231 0.737 0.034 0.026
2 0.025 0.979 0.038 0.026
2 0.449 0.046 0.018 0.032