0 0.347 0.111 0.058 0.058
0 0.023 0.077 0.046 0.07
0 0.232 0.066 0.064 0.092
0 0.24 0.027 0.048 0.054
0 0.058 0.188 0.044 0.072
0 0.142 0.161 0.06 0.078
0 0.23 0.231 0.04 0.046
0 0.257 0.344 0.058 0.088
0 0.407 0.258 0.03 0.044
0 0.531 0.042 0.054 0.084
0 0.418 0.208 0.036 0.04
0 0.473 0.129 0.042 0.062
0 0.549 0.135 0.046 0.09
0 0.675 0.02 0.046 0.04
0 0.701 0.104 0.042 0.068
0 0.671 0.177 0.05 0.07
0 0.036 0.603 0.06 0.066
0 0.023 0.667 0.046 0.05
0 0.105 0.696 0.054 0.076
0 0.128 0.764 0.044 0.056
0 0.243 0.84 0.05 0.076
0 0.08 0.786 0.036 0.052
0 0.159 0.883 0.038 0.046
0 0.166 0.952 0.044 0.072
0 0.064 0.89 0.068 0.052
0 0.112 0.972 0.048 0.052
0 0.014 0.934 0.028 0.04
0 0.272 0.811 0.052 0.042
0 0.281 0.877 0.038 0.074
0 0.308 0.934 0.056 0.06
0 0.298 0.986 0.036 0.024
0 0.358 0.982 0.036 0.032
0 0.393 0.982 0.03 0.032
0 0.478 0.949 0.044 0.078
0 0.531 0.949 0.058 0.074
0 0.359 0.77 0.042 0.064
0 0.388 0.736 0.048 0.064
0 0.583 0.943 0.05 0.066
0 0.367 0.882 0.038 0.052
0 0.429 0.871 0.038 0.034
0 0.408 0.778 0.036 0.04
0 0.484 0.775 0.044 0.066
0 0.494 0.833 0.052 0.074
0 0.242 0.762 0.048 0.068
0 0.276 0.752 0.036 0.048
0 0.2 0.64 0.044 0.048
0 0.205 0.579 0.03 0.058
0 0.231 0.443 0.05 0.074
0 0.656 0.841 0.056 0.058
0 0.721 0.824 0.03 0.048
0 0.782 0.85 0.044 0.076
0 0.82 0.877 0.048 0.086
0 0.88 0.16 0.04 0.08
0 0.861 0.256 0.046 0.048
0 0.793 0.448 0.05 0.076
0 0.85 0.48 0.048 0.064
0 0.73 0.76 0.04 0.064
0 0.767 0.745 0.042 0.062
0 0.838 0.747 0.048 0.074
0 0.877 0.686 0.054 0.064
0 0.877 0.851 0.038 0.062
0 0.951 0.835 0.054 0.082
0 0.983 0.845 0.03 0.05
0 0.378 0.439 0.048 0.042
0 0.437 0.537 0.05 0.062
0 0.544 0.504 0.036 0.096
0 0.568 0.689 0.044 0.09
0 0.7 0.636 0.06 0.056
0 0.658 0.577 0.052 0.066
0 0.886 0.574 0.044 0.072
0 0.691 0.38 0.034 0.04
0 0.859 0.396 0.042 0.048
0 0.879 0.436 0.042 0.036
0 0.977 0.385 0.042 0.062
0 0.691 0.417 0.054 0.038
0 0.679 0.514 0.042 0.052
0 0.861 0.092 0.046 0.036
0 0.946 0.167 0.04 0.046
0 0.339 0.643 0.03 0.042
0 0.764 0.671 0.036 0.042
0 0.829 0.632 0.034 0.04
0 0.143 0.658 0.022 0.036
0 0.947 0.78 0.038 0.06
1 0.065 0.113 0.022 0.022
1 0.163 0.084 0.034 0.04
1 0.081 0.161 0.022 0.03
1 0.093 0.253 0.022 0.022
1 0.169 0.276 0.022 0.016
1 0.301 0.306 0.05 0.024
1 0.296 0.354 0.02 0.052
1 0.391 0.058 0.022 0.02
1 0.426 0.047 0.016 0.018
1 0.36 0.241 0.02 0.022
1 0.394 0.217 0.024 0.026
1 0.456 0.192 0.028 0.06
1 0.473 0.282 0.022 0.02
1 0.548 0.265 0.024 0.022
1 0.537 0.31 0.022 0.012
1 0.655 0.243 0.018 0.026
1 0.026 0.549 0.028 0.022
1 0.083 0.585 0.022 0.026
1 0.096 0.606 0.016 0.028
1 0.195 0.902 0.018 0.02
1 0.202 0.935 0.02 0.03
1 0.131 0.926 0.026 0.024
1 0.131 0.807 0.042 0.03
1 0.388 0.947 0.024 0.034
1 0.397 0.818 0.026 0.028
1 0.425 0.807 0.026 0.03
1 0.258 0.727 0.016 0.03
1 0.241 0.675 0.03 0.018
1 0.186 0.565 0.012 0.042
1 0.201 0.499 0.042 0.026
1 0.253 0.518 0.018 0.024
1 0.171 0.439 0.022 0.026
1 0.753 0.856 0.022 0.02
1 0.84 0.949 0.02 0.022
1 0.825 0.256 0.026 0.02
1 0.743 0.269 0.018 0.026
1 0.741 0.2 0.022 0.024
1 0.956 0.112 0.02 0.02
1 0.8 0.491 0.048 0.026
1 0.582 0.513 0.024 0.038
1 0.725 0.564 0.026 0.02
1 0.699 0.587 0.026 0.018
1 0.741 0.599 0.022 0.026
1 0.853 0.037 0.03 0.022
1 0.927 0.04 0.026 0.032
1 0.949 0.269 0.03 0.03
1 0.565 0.041 0.022 0.038
1 0.285 0.012 0.026 0.024
1 0.674 0.118 0.012 0.016
1 0.006 0.222 0.012 0.012
1 0.108 0.442 0.024 0.024
1 0.115 0.357 0.03 0.03
1 0.294 0.446 0.024 0.02
1 0.354 0.48 0.032 0.028
1 0.434 0.484 0.02 0.032
1 0.674 0.24 0.024 0.04
1 0.623 0.216 0.014 0.024
1 0.531 0.407 0.022 0.03
1 0.627 0.405 0.018 0.022
1 0.596 0.559 0.032 0.038
1 0.399 0.483 0.03 0.042
1 0.456 0.511 0.016 0.026
1 0.73 0.498 0.044 0.04
1 0.51 0.704 0.032 0.024
1 0.523 0.745 0.014 0.046
1 0.436 0.688 0.04 0.016
1 0.878 0.627 0.02 0.026
1 0.924 0.76 0.02 0.028
1 0.786 0.911 0.024 0.026
1 0.772 0.959 0.032 0.018
1 0.755 0.93 0.03 0.032
2 0.325 0.574 0.042 0.056
2 0.215 0.305 0.018 0.014
2 0.195 0.871 0.022 0.018
2 0.08 0.041 0.032 0.066
2 0.247 0.159 0.01 0.018
2 0.071 0.409 0.038 0.058
2 0.031 0.242 0.018 0.02
2 0.057 0.232 0.03 0.02
2 0.066 0.248 0.024 0.032
2 0.473 0.255 0.018 0.022
2 0.49 0.24 0.008 0.016
2 0.466 0.32 0.036 0.044
2 0.64 0.323 0.036 0.042
2 0.773 0.346 0.022 0.04
2 0.561 0.44 0.014 0.032
2 0.608 0.468 0.044 0.052
2 0.737 0.463 0.014 0.014
2 0.086 0.517 0.016 0.014
2 0.087 0.532 0.014 0.02
2 0.4 0.688 0.028 0.04
2 0.435 0.6 0.046 0.048
2 0.398 0.571 0.04 0.034
2 0.633 0.665 0.022 0.042
2 0.792 0.594 0.02 0.028
2 0.81 0.583 0.016 0.014
2 0.409 0.549 0.022 0.018
2 0.397 0.525 0.014 0.014
2 0.161 0.672 0.014 0.012
2 0.9 0.753 0.016 0.03
2 0.799 0.938 0.018 0.016