0 0.209 0.313 0.062 0.07
0 0.329 0.384 0.046 0.056
0 0.317 0.209 0.042 0.066
0 0.174 0.137 0.04 0.05
0 0.291 0.558 0.042 0.072
0 0.37 0.602 0.048 0.072
0 0.55 0.685 0.036 0.066
0 0.709 0.678 0.038 0.072
0 0.808 0.687 0.036 0.054
0 0.976 0.758 0.044 0.068
0 0.936 0.619 0.036 0.086
0 0.834 0.547 0.052 0.062
0 0.751 0.339 0.042 0.066
0 0.876 0.379 0.068 0.05
0 0.922 0.269 0.04 0.062
0 0.976 0.304 0.036 0.056
0 0.911 0.37 0.046 0.064
0 0.805 0.344 0.046 0.072
0 0.674 0.343 0.036 0.066
0 0.536 0.29 0.052 0.084
0 0.626 0.202 0.028 0.048
0 0.673 0.19 0.034 0.064
0 0.684 0.147 0.044 0.054
0 0.757 0.15 0.042 0.064
0 0.757 0.09 0.034 0.036
0 0.711 0.053 0.034 0.038
0 0.652 0.071 0.052 0.054
0 0.492 0.124 0.048 0.052
0 0.39 0.136 0.04 0.072
0 0.379 0.082 0.038 0.052
0 0.428 0.047 0.052 0.058
0 0.372 0.018 0.044 0.036
0 0.306 0.01 0.036 0.02
0 0.298 0.043 0.04 0.058
0 0.249 0.047 0.038 0.054
0 0.446 0.158 0.04 0.056
0 0.439 0.192 0.05 0.06
0 0.242 0.199 0.048 0.074
0 0.286 0.174 0.028 0.044
0 0.208 0.129 0.048 0.054
0 0.379 0.214 0.042 0.068
0 0.544 0.078 0.064 0.064
0 0.582 0.107 0.02 0.03
0 0.824 0.087 0.036 0.034
0 0.922 0.076 0.044 0.048
0 0.918 0.009 0.044 0.018
0 0.826 0.133 0.036 0.038
0 0.477 0.359 0.03 0.054
0 0.441 0.407 0.046 0.082
0 0.283 0.426 0.05 0.072
0 0.18 0.54 0.044 0.088
0 0.269 0.635 0.058 0.102
0 0.216 0.628 0.032 0.044
0 0.123 0.643 0.026 0.046
0 0.039 0.587 0.05 0.098
0 0.015 0.671 0.03 0.066
0 0.195 0.842 0.038 0.068
0 0.309 0.85 0.05 0.072
0 0.434 0.796 0.064 0.08
0 0.271 0.743 0.046 0.074
0 0.417 0.722 0.038 0.048
0 0.321 0.752 0.03 0.036
0 0.63 0.843 0.04 0.062
0 0.567 0.861 0.05 0.09
0 0.639 0.925 0.042 0.05
0 0.649 0.984 0.054 0.028
0 0.723 0.985 0.042 0.026
0 0.758 0.949 0.032 0.046
0 0.745 0.912 0.03 0.032
0 0.772 0.856 0.044 0.072
0 0.792 0.803 0.036 0.082
0 0.827 0.809 0.034 0.098
0 0.852 0.766 0.032 0.032
0 0.897 0.788 0.034 0.052
0 0.974 0.652 0.048 0.076
0 0.993 0.607 0.01 0.046
0 0.993 0.655 0.01 0.034
0 0.982 0.52 0.028 0.028
0 0.649 0.445 0.038 0.058
0 0.519 0.45 0.05 0.08
0 0.59 0.221 0.032 0.054
0 0.037 0.043 0.046 0.05
0 0.022 0.1 0.044 0.064
0 0.01 0.163 0.02 0.05
0 0.114 0.284 0.056 0.088
0 0.119 0.234 0.034 0.04
0 0.191 0.488 0.07 0.08
0 0.042 0.403 0.028 0.042
0 0.085 0.436 0.026 0.024
0 0.04 0.529 0.044 0.042
0 0.046 0.772 0.06 0.044
0 0.186 0.897 0.02 0.022
0 0.075 0.962 0.034 0.036
0 0.014 0.98 0.028 0.036
0 0.382 0.818 0.04 0.06
0 0.347 0.69 0.03 0.04
0 0.523 0.631 0.026 0.026
0 0.639 0.547 0.042 0.062
0 0.557 0.398 0.03 0.064
0 0.601 0.476 0.03 0.068
0 0.726 0.456 0.024 0.02
0 0.809 0.522 0.046 0.044
0 0.8 0.479 0.036 0.038
0 0.839 0.686 0.042 0.064
0 0.639 0.678 0.022 0.028
0 0.654 0.66 0.028 0.044
0 0.71 0.625 0.032 0.022
0 0.734 0.771 0.032 0.05
0 0.745 0.627 0.034 0.026
0 0.614 0.301 0.048 0.046
0 0.797 0.24 0.026 0.028
0 0.822 0.197 0.036 0.026
0 0.972 0.168 0.04 0.036
0 0.583 0.043 0.03 0.026
0 0.428 0.627 0.036 0.058
0 0.435 0.598 0.05 0.044
0 0.474 0.59 0.028 0.036
0 0.876 0.812 0.028 0.024
0 0.983 0.872 0.03 0.068
0 0.985 0.974 0.026 0.048
0 0.852 0.982 0.04 0.032
0 0.702 0.91 0.044 0.08
0 0.675 0.95 0.05 0.052
0 0.947 0.749 0.022 0.038
0 0.963 0.917 0.034 0.046
0 0.498 0.886 0.02 0.036
0 0.466 0.833 0.024 0.042
0 0.565 0.748 0.022 0.024
0 0.683 0.265 0.05 0.078
0 0.616 0.393 0.02 0.022
0 0.715 0.308 0.026 0.036
0 0.613 0.959 0.022 0.03
0 0.135 0.905 0.034 0.022
0 0.17 0.725 0.024 0.018
0 0.455 0.018 0.046 0.036
0 0.219 0.033 0.026 0.022
0 0.331 0.054 0.038 0.048
0 0.517 0.506 0.022 0.032
0 0.006 0.582 0.012 0.028
0 0.204 0.399 0.02 0.03
0 0.937 0.703 0.022 0.018
0 0.864 0.628 0.028 0.04
0 0.941 0.809 0.018 0.03
1 0.078 0.642 0.02 0.02
1 0.05 0.189 0.02 0.026
1 0.178 0.438 0.028 0.02
1 0.079 0.4 0.026 0.024
1 0.057 0.375 0.022 0.014
1 0.423 0.898 0.03 0.028
1 0.7 0.45 0.028 0.024
1 0.863 0.221 0.018 0.022
1 0.95 0.114 0.024 0.024
1 0.938 0.172 0.024 0.016
1 0.886 0.908 0.02 0.044
1 0.465 0.733 0.022 0.018
1 0.607 0.353 0.018 0.026
1 0.506 0.971 0.02 0.026
1 0.676 0.872 0.016 0.024
1 0.606 0.6 0.028 0.016
1 0.498 0.785 0.02 0.018
1 0.066 0.796 0.02 0.016
1 0.158 0.198 0.012 0.012
1 0.148 0.191 0.012 0.01
1 0.129 0.006 0.014 0.012
1 0.354 0.143 0.016 0.014
1 0.412 0.323 0.016 0.014
1 0.423 0.255 0.01 0.018
1 0.413 0.252 0.006 0.008
1 0.861 0.49 0.018 0.012
1 0.902 0.326 0.02 0.016
1 0.889 0.159 0.01 0.01
1 0.891 0.175 0.01 0.01
1 0.929 0.11 0.01 0.016
2 0.791 0.92 0.022 0.048
2 0.045 0.896 0.022 0.052
2 0.077 0.826 0.018 0.028
2 0.007 0.84 0.014 0.012
2 0.108 0.522 0.02 0.028
2 0.106 0.566 0.008 0.008
2 0.024 0.448 0.012 0.008
2 0.01 0.362 0.02 0.024
2 0.091 0.23 0.01 0.012
2 0.102 0.078 0.008 0.008
2 0.164 0.35 0.016 0.016
2 0.16 0.413 0.012 0.03
2 0.338 0.469 0.016 0.01
2 0.272 0.279 0.016 0.014
2 0.35 0.264 0.012 0.02
2 0.39 0.302 0.012 0.016
2 0.551 0.195 0.014 0.026
2 0.52 0.205 0.02 0.022
2 0.85 0.627 0.032 0.042
2 0.827 0.616 0.026 0.032
2 0.682 0.735 0.02 0.014
2 0.66 0.726 0.008 0.012
2 0.91 0.456 0.016 0.024
2 0.99 0.187 0.016 0.03
2 0.76 0.01 0.012 0.016
2 0.854 0.038 0.012 0.012
2 0.965 0.335 0.018 0.018
2 0.979 0.421 0.014 0.022
2 0.963 0.407 0.026 0.018
2 0.965 0.433 0.01 0.006
2 0.083 0.203 0.01 0.026
2 0.153 0.021 0.026 0.018
2 0.152 0.083 0.012 0.014
2 0.588 0.348 0.008 0.012
2 0.587 0.361 0.006 0.01
2 0.728 0.297 0.016 0.022
2 0.406 0.82 0.012 0.016
2 0.396 0.797 0.016 0.022
2 0.802 0.453 0.012 0.014