0 0.991 0.985 0.014 0.026
0 0.928 0.981 0.04 0.034
0 0.882 0.973 0.044 0.05
0 0.854 0.987 0.036 0.022
0 0.818 0.993 0.024 0.01
0 0.673 0.933 0.054 0.046
0 0.634 0.952 0.056 0.048
0 0.618 0.986 0.036 0.024
0 0.556 0.963 0.064 0.066
0 0.499 0.969 0.026 0.022
0 0.325 0.975 0.082 0.046
0 0.26 0.993 0.024 0.01
0 0.18 0.991 0.04 0.014
0 0.07 0.971 0.108 0.054
0 0.078 0.877 0.04 0.05
0 0.114 0.845 0.056 0.058
0 0.174 0.91 0.072 0.048
0 0.197 0.951 0.05 0.038
0 0.151 0.823 0.034 0.038
0 0.304 0.935 0.052 0.038
0 0.353 0.927 0.054 0.05
0 0.33 0.854 0.052 0.04
0 0.394 0.908 0.04 0.06
0 0.434 0.899 0.052 0.046
0 0.434 0.838 0.076 0.048
0 0.443 0.814 0.07 0.052
0 0.653 0.85 0.046 0.056
0 0.695 0.873 0.05 0.066
0 0.758 0.839 0.02 0.026
0 0.765 0.88 0.026 0.052
0 0.858 0.906 0.032 0.044
0 0.901 0.915 0.042 0.046
0 0.879 0.875 0.026 0.046
0 0.985 0.931 0.026 0.05
0 0.972 0.881 0.048 0.066
0 0.971 0.796 0.042 0.068
0 0.912 0.779 0.024 0.05
0 0.888 0.789 0.028 0.05
0 0.93 0.719 0.04 0.034
0 0.815 0.722 0.066 0.044
0 0.641 0.809 0.054 0.034
0 0.58 0.779 0.064 0.074
0 0.718 0.669 0.08 0.062
0 0.649 0.733 0.034 0.038
0 0.616 0.738 0.048 0.052
0 0.598 0.708 0.048 0.044
0 0.488 0.742 0.06 0.044
0 0.418 0.76 0.08 0.056
0 0.337 0.765 0.07 0.078
0 0.26 0.778 0.052 0.04
0 0.202 0.774 0.052 0.036
0 0.154 0.786 0.076 0.044
0 0.107 0.725 0.062 0.042
0 0.034 0.737 0.064 0.05
0 0.153 0.668 0.054 0.044
0 0.008 0.613 0.012 0.038
0 0.04 0.603 0.02 0.034
0 0.085 0.652 0.086 0.08
0 0.25 0.691 0.112 0.062
0 0.266 0.71 0.06 0.036
0 0.364 0.701 0.056 0.038
0 0.221 0.622 0.066 0.04
0 0.2 0.605 0.044 0.026
0 0.194 0.566 0.044 0.036
0 0.282 0.594 0.076 0.04
0 0.351 0.618 0.054 0.032
0 0.398 0.644 0.048 0.056
0 0.44 0.676 0.036 0.032
0 0.497 0.661 0.046 0.054
0 0.542 0.641 0.076 0.042
0 0.581 0.627 0.018 0.034
0 0.501 0.565 0.03 0.026
0 0.536 0.595 0.06 0.042
0 0.687 0.555 0.05 0.042
0 0.976 0.607 0.024 0.03
0 0.925 0.554 0.078 0.052
0 0.922 0.487 0.072 0.078
0 0.982 0.514 0.032 0.036
0 0.906 0.522 0.032 0.032
0 0.783 0.515 0.066 0.082
0 0.719 0.464 0.09 0.096
0 0.97 0.399 0.056 0.05
0 0.908 0.363 0.052 0.034
0 0.803 0.457 0.038 0.038
0 0.03 0.502 0.044 0.052
0 0.072 0.508 0.04 0.044
0 0.005 0.494 0.006 0.016
0 0.19 0.485 0.084 0.074
0 0.103 0.393 0.058 0.07
0 0.171 0.418 0.074 0.056
0 0.232 0.431 0.056 0.058
0 0.322 0.544 0.064 0.048
0 0.352 0.538 0.084 0.08
0 0.339 0.477 0.058 0.05
0 0.034 0.22 0.06 0.064
0 0.162 0.296 0.032 0.048
0 0.505 0.519 0.082 0.058
0 0.425 0.508 0.046 0.04
0 0.406 0.376 0.056 0.048
0 0.365 0.382 0.022 0.028
0 0.287 0.368 0.05 0.044
0 0.23 0.329 0.024 0.03
0 0.975 0.02 0.046 0.036
0 0.975 0.081 0.046 0.066
0 0.918 0.099 0.056 0.054
0 0.887 0.095 0.022 0.046
0 0.868 0.011 0.04 0.018
0 0.846 0.069 0.044 0.082
0 0.78 0.023 0.068 0.042
0 0.732 0.025 0.024 0.038
0 0.777 0.111 0.062 0.058
0 0.675 0.092 0.046 0.052
0 0.667 0.027 0.038 0.042
0 0.641 0.027 0.046 0.05
0 0.606 0.009 0.02 0.014
0 0.532 0.038 0.064 0.044
0 0.348 0.018 0.076 0.032
0 0.283 0.009 0.026 0.014
0 0.206 0.02 0.06 0.036
0 0.025 0.01 0.046 0.016
0 0.117 0.048 0.042 0.044
0 0.04 0.061 0.04 0.042
0 0.029 0.034 0.042 0.04
0 0.098 0.111 0.06 0.07
0 0.174 0.078 0.036 0.072
0 0.318 0.065 0.06 0.054
0 0.263 0.106 0.05 0.048
0 0.219 0.12 0.042 0.064
0 0.18 0.151 0.052 0.046
0 0.162 0.175 0.052 0.03
0 0.31 0.174 0.056 0.036
0 0.336 0.23 0.068 0.04
0 0.341 0.14 0.066 0.044
0 0.426 0.128 0.056 0.052
0 0.421 0.192 0.078 0.048
0 0.483 0.16 0.05 0.044
0 0.531 0.131 0.034 0.038
0 0.609 0.108 0.082 0.068
0 0.609 0.168 0.05 0.056
0 0.956 0.221 0.02 0.03
0 0.648 0.194 0.036 0.044
0 0.525 0.188 0.062 0.04
0 0.507 0.232 0.054 0.076
0 0.469 0.234 0.038 0.052
0 0.427 0.314 0.054 0.044
0 0.542 0.286 0.06 0.068
0 0.57 0.289 0.032 0.05
0 0.588 0.27 0.048 0.06
0 0.682 0.325 0.064 0.058
0 0.959 0.31 0.042 0.048
0 0.786 0.229 0.092 0.086
0 0.766 0.285 0.048 0.034
0 0.665 0.29 0.058 0.06
0 0.556 0.391 0.064 0.034
0 0.398 0.445 0.028 0.03
0 0.589 0.446 0.062 0.052
0 0.608 0.508 0.036 0.036
0 0.639 0.555 0.026 0.026
0 0.732 0.4 0.08 0.048
0 0.92 0.279 0.056 0.054
1 0.203 0.895 0.014 0.03
1 0.164 0.964 0.02 0.016
1 0.364 0.813 0.032 0.022
1 0.94 0.685 0.048 0.022
1 0.668 0.706 0.032 0.028
1 0.525 0.728 0.03 0.032
1 0.038 0.782 0.028 0.028
1 0.077 0.806 0.046 0.028
1 0.863 0.647 0.03 0.026
1 0.691 0.528 0.038 0.024
1 0.864 0.424 0.04 0.04
1 0.259 0.408 0.018 0.024
1 0.243 0.413 0.026 0.026
1 0.359 0.467 0.018 0.03
1 0.15 0.236 0.02 0.024
1 0.321 0.271 0.018 0.022
1 0.244 0.273 0.032 0.03
1 0.706 0.142 0.048 0.028
1 0.677 0.383 0.026 0.018
1 0.886 0.27 0.04 0.04
1 0.811 0.326 0.026 0.024
1 0.581 0.486 0.022 0.024
1 0.601 0.481 0.026 0.018
2 0.825 0.963 0.026 0.034
2 0.034 0.926 0.012 0.016
2 0.059 0.927 0.03 0.03
2 0.323 0.896 0.038 0.044
2 0.483 0.869 0.03 0.034
2 0.61 0.853 0.036 0.034
2 0.814 0.861 0.032 0.042
2 0.809 0.899 0.026 0.03
2 0.85 0.832 0.036 0.032
2 0.723 0.817 0.022 0.034
2 0.679 0.762 0.01 0.008
2 0.682 0.691 0.032 0.034
2 0.079 0.767 0.034 0.042
2 0.04 0.806 0.02 0.02
2 0.112 0.594 0.024 0.024
2 0.078 0.586 0.04 0.04
2 0.444 0.632 0.044 0.04
2 0.76 0.655 0.044 0.026
2 0.782 0.607 0.044 0.038
2 0.947 0.656 0.026 0.04
2 0.991 0.623 0.014 0.054
2 0.042 0.558 0.032 0.04
2 0.022 0.443 0.04 0.05
2 0.119 0.473 0.054 0.042
2 0.065 0.364 0.034 0.036
2 0.298 0.456 0.024 0.028
2 0.247 0.476 0.058 0.036
2 0.066 0.209 0.024 0.03
2 0.137 0.318 0.046 0.036
2 0.011 0.137 0.018 0.05
2 0.965 0.127 0.05 0.042
2 0.918 0.032 0.02 0.052
2 0.109 0.017 0.038 0.026
2 0.117 0.262 0.042 0.028
2 0.137 0.22 0.034 0.036
2 0.251 0.157 0.026 0.03
2 0.302 0.214 0.02 0.016
2 0.451 0.082 0.054 0.044
2 0.557 0.123 0.066 0.034
2 0.875 0.142 0.022 0.024
2 0.876 0.175 0.028 0.014
2 0.768 0.316 0.02 0.028
2 0.546 0.365 0.056 0.03
2 0.449 0.372 0.046 0.024
2 0.392 0.479 0.032 0.026
2 0.386 0.51 0.016 0.028
2 0.549 0.446 0.014 0.016
2 0.57 0.542 0.052 0.036