0 0.864 0.835 0.044 0.046
0 0.982 0.887 0.032 0.042
0 0.936 0.892 0.032 0.036
0 0.963 0.914 0.034 0.044
0 0.886 0.968 0.052 0.048
0 0.972 0.991 0.052 0.014
0 0.995 0.841 0.006 0.022
0 0.938 0.763 0.052 0.07
0 0.987 0.727 0.022 0.03
0 0.847 0.746 0.042 0.044
0 0.783 0.989 0.038 0.018
0 0.777 0.97 0.022 0.02
0 0.719 0.94 0.038 0.044
0 0.787 0.919 0.03 0.022
0 0.758 0.873 0.044 0.042
0 0.725 0.855 0.026 0.022
0 0.695 0.864 0.038 0.036
0 0.75 0.774 0.024 0.044
0 0.773 0.77 0.03 0.024
0 0.776 0.793 0.032 0.026
0 0.73 0.692 0.036 0.032
0 0.675 0.672 0.038 0.028
0 0.691 0.763 0.038 0.03
0 0.605 0.738 0.054 0.048
0 0.641 0.752 0.046 0.044
0 0.639 0.65 0.038 0.036
0 0.629 0.68 0.034 0.028
0 0.662 0.61 0.036 0.028
0 0.593 0.713 0.034 0.018
0 0.59 0.635 0.048 0.042
0 0.593 0.681 0.026 0.026
0 0.703 0.596 0.018 0.024
0 0.549 0.604 0.042 0.04
0 0.577 0.601 0.034 0.034
0 0.541 0.636 0.038 0.02
0 0.476 0.623 0.032 0.026
0 0.513 0.623 0.018 0.026
0 0.643 0.948 0.038 0.056
0 0.589 0.922 0.042 0.036
0 0.562 0.964 0.032 0.032
0 0.581 0.989 0.058 0.018
0 0.525 0.987 0.038 0.022
0 0.521 0.93 0.062 0.036
0 0.543 0.879 0.042 0.03
0 0.495 0.859 0.034 0.034
0 0.439 0.879 0.038 0.034
0 0.439 0.83 0.058 0.04
0 0.41 0.871 0.024 0.026
0 0.517 0.847 0.026 0.034
0 0.508 0.792 0.024 0.024
0 0.536 0.782 0.024 0.032
0 0.463 0.995 0.026 0.006
0 0.354 0.929 0.024 0.018
0 0.356 0.953 0.024 0.018
0 0.24 0.991 0.036 0.014
0 0.175 0.981 0.03 0.034
0 0.131 0.926 0.042 0.048
0 0.1 0.936 0.036 0.064
0 0.011 0.942 0.018 0.052
0 0.067 0.99 0.03 0.016
0 0.198 0.845 0.028 0.042
0 0.096 0.858 0.032 0.028
0 0.024 0.825 0.044 0.054
0 0.099 0.811 0.046 0.05
0 0.063 0.763 0.03 0.038
0 0.073 0.823 0.038 0.022
0 0.017 0.758 0.03 0.032
0 0.009 0.708 0.014 0.036
0 0.174 0.751 0.036 0.046
0 0.225 0.791 0.034 0.046
0 0.291 0.767 0.05 0.054
0 0.335 0.762 0.034 0.04
0 0.358 0.765 0.028 0.034
0 0.391 0.803 0.03 0.038
0 0.433 0.757 0.034 0.034
0 0.419 0.822 0.042 0.036
0 0.224 0.886 0.024 0.028
0 0.228 0.911 0.036 0.018
0 0.374 0.671 0.04 0.026
0 0.43 0.722 0.028 0.024
0 0.404 0.617 0.052 0.042
0 0.27 0.657 0.04 0.042
0 0.232 0.68 0.04 0.032
0 0.475 0.693 0.034 0.046
0 0.436 0.678 0.04 0.036
0 0.32 0.723 0.036 0.022
0 0.363 0.713 0.054 0.018
0 0.325 0.621 0.026 0.026
0 0.405 0.556 0.05 0.052
0 0.441 0.604 0.034 0.048
0 0.34 0.516 0.048 0.04
0 0.236 0.589 0.044 0.05
0 0.197 0.553 0.042 0.046
0 0.121 0.636 0.018 0.028
0 0.14 0.63 0.024 0.032
0 0.029 0.585 0.042 0.05
0 0.122 0.587 0.04 0.038
0 0.073 0.653 0.054 0.034
0 0.655 0.811 0.038 0.034
0 0.918 0.601 0.044 0.034
0 0.873 0.67 0.03 0.028
0 0.799 0.637 0.038 0.034
0 0.893 0.564 0.038 0.032
0 0.915 0.565 0.022 0.03
0 0.884 0.519 0.036 0.042
0 0.862 0.499 0.048 0.046
0 0.995 0.488 0.006 0.032
0 0.803 0.489 0.046 0.038
0 0.782 0.476 0.02 0.024
0 0.754 0.449 0.04 0.038
0 0.753 0.492 0.03 0.02
0 0.725 0.532 0.034 0.032
0 0.682 0.501 0.028 0.03
0 0.718 0.441 0.036 0.034
0 0.534 0.5 0.036 0.036
0 0.506 0.492 0.04 0.036
0 0.403 0.464 0.042 0.032
0 0.109 0.498 0.038 0.032
0 0.135 0.491 0.03 0.03
0 0.126 0.424 0.048 0.036
0 0.196 0.472 0.052 0.056
0 0.164 0.383 0.068 0.038
0 0.074 0.356 0.04 0.036
0 0.051 0.35 0.034 0.044
0 0.037 0.311 0.054 0.038
0 0.112 0.298 0.032 0.04
0 0.01 0.379 0.016 0.038
0 0.003 0.344 0.002 0.024
0 0.185 0.271 0.038 0.038
0 0.203 0.318 0.046 0.048
0 0.241 0.322 0.042 0.04
0 0.295 0.26 0.042 0.036
0 0.229 0.281 0.034 0.03
0 0.159 0.213 0.054 0.042
0 0.018 0.187 0.032 0.042
0 0.067 0.184 0.026 0.04
0 0.1 0.224 0.04 0.028
0 0.073 0.212 0.018 0.024
0 0.191 0.137 0.046 0.042
0 0.079 0.124 0.062 0.048
0 0.284 0.164 0.088 0.06
0 0.321 0.201 0.05 0.046
0 0.336 0.407 0.028 0.038
0 0.282 0.375 0.028 0.038
0 0.26 0.375 0.024 0.03
0 0.315 0.405 0.022 0.022
0 0.311 0.486 0.026 0.024
0 0.631 0.375 0.038 0.03
0 0.595 0.412 0.046 0.032
0 0.613 0.354 0.046 0.036
0 0.562 0.334 0.048 0.032
0 0.575 0.315 0.034 0.022
0 0.536 0.286 0.036 0.028
0 0.526 0.306 0.028 0.024
0 0.447 0.285 0.018 0.03
0 0.469 0.279 0.03 0.038
0 0.377 0.353 0.03 0.026
0 0.644 0.391 0.04 0.034
0 0.653 0.366 0.026 0.016
0 0.982 0.415 0.032 0.034
0 0.946 0.382 0.032 0.032
0 0.979 0.343 0.038 0.034
0 0.844 0.424 0.028 0.032
0 0.813 0.351 0.058 0.034
0 0.849 0.375 0.05 0.03
0 0.975 0.288 0.042 0.044
0 0.893 0.287 0.05 0.034
0 0.844 0.281 0.052 0.034
0 0.67 0.258 0.04 0.028
0 0.68 0.228 0.032 0.02
0 0.581 0.213 0.05 0.03
0 0.508 0.249 0.032 0.03
0 0.449 0.212 0.026 0.032
0 0.436 0.22 0.024 0.036
0 0.537 0.165 0.038 0.042
0 0.567 0.169 0.018 0.034
0 0.588 0.163 0.02 0.034
0 0.603 0.172 0.03 0.028
0 0.609 0.077 0.034 0.03
0 0.558 0.09 0.032 0.044
0 0.556 0.113 0.012 0.018
0 0.523 0.105 0.03 0.034
0 0.536 0.116 0.024 0.02
0 0.366 0.022 0.044 0.036
0 0.336 0.014 0.048 0.024
0 0.122 0.02 0.04 0.036
0 0.09 0.034 0.044 0.032
0 0.99 0.181 0.016 0.034
0 0.986 0.136 0.024 0.04
0 0.964 0.057 0.048 0.034
0 0.991 0.024 0.014 0.032
0 0.93 0.028 0.04 0.036
0 0.923 0.094 0.046 0.032
0 0.882 0.011 0.044 0.018
0 0.838 0.006 0.036 0.008
0 0.755 0.124 0.038 0.044
0 0.741 0.147 0.05 0.034
0 0.649 0.102 0.022 0.028
0 0.648 0.017 0.036 0.03
0 0.626 0.028 0.024 0.032
0 0.798 0.197 0.04 0.026
0 0.701 0.076 0.05 0.028
0 0.503 0.016 0.038 0.024
0 0.483 0.901 0.038 0.042
1 0.148 0.598 0.016 0.02
1 0.81 0.683 0.02 0.022
1 0.787 0.604 0.026 0.024
1 0.407 0.33 0.022 0.024
1 0.474 0.374 0.016 0.02
1 0.907 0.394 0.022 0.016
1 0.736 0.249 0.016 0.014
1 0.641 0.257 0.018 0.014
1 0.322 0.049 0.024 0.018
1 0.288 0.045 0.016 0.022
1 0.894 0.047 0.012 0.018
1 0.809 0.064 0.026 0.024
1 0.783 0.043 0.018 0.018
1 0.874 0.217 0.028 0.018
2 0.912 0.87 0.032 0.028
2 0.725 0.66 0.022 0.02
2 0.498 0.973 0.032 0.026
2 0.545 0.901 0.022 0.022
2 0.416 0.988 0.036 0.016
2 0.301 0.975 0.026 0.022
2 0.365 0.893 0.026 0.018
2 0.277 0.995 0.026 0.006
2 0.074 0.973 0.028 0.018
2 0.149 0.88 0.026 0.04
2 0.246 0.888 0.016 0.04
2 0.342 0.827 0.024 0.038
2 0.352 0.591 0.024 0.038
2 0.158 0.658 0.028 0.032
2 0.104 0.624 0.032 0.016
2 0.848 0.627 0.032 0.03
2 0.982 0.624 0.028 0.02
2 0.993 0.646 0.01 0.02
2 0.97 0.569 0.016 0.022
2 0.128 0.529 0.024 0.018
2 0.192 0.515 0.032 0.022
2 0.125 0.197 0.026 0.03
2 0.097 0.193 0.026 0.038
2 0.155 0.106 0.042 0.032
2 0.245 0.25 0.034 0.02
2 0.355 0.456 0.034 0.056
2 0.295 0.324 0.022 0.032
2 0.636 0.431 0.032 0.034
2 0.864 0.422 0.016 0.036
2 0.81 0.27 0.016 0.02
2 0.754 0.317 0.02 0.03
2 0.732 0.316 0.02 0.016
2 0.375 0.256 0.026 0.02
2 0.445 0.371 0.018 0.014
2 0.423 0.333 0.014 0.014
2 0.496 0.128 0.02 0.028
2 0.393 0.161 0.034 0.03
2 0.366 0.171 0.028 0.018
2 0.294 0.016 0.032 0.028
2 0.239 0.121 0.034 0.038
2 0.729 0.088 0.022 0.024
2 0.671 0.111 0.026 0.018
2 0.468 0.012 0.036 0.02
2 0.497 0.005 0.026 0.006
2 0.439 0.052 0.018 0.02
2 0.416 0.057 0.028 0.014
2 0.441 0.092 0.018 0.016
2 0.42 0.095 0.02 0.014
2 0.192 0.049 0.016 0.03
2 0.269 0.91 0.038 0.016
2 0.288 0.878 0.028 0.036