0 0.953 0.958 0.03 0.036
0 0.876 0.927 0.032 0.034
0 0.865 0.975 0.026 0.03
0 0.825 0.997 0.034 0.002
0 0.96 0.865 0.04 0.038
0 0.975 0.807 0.042 0.042
0 0.981 0.756 0.034 0.056
0 0.994 0.68 0.008 0.036
0 0.917 0.823 0.03 0.038
0 0.896 0.899 0.024 0.038
0 0.858 0.861 0.044 0.046
0 0.858 0.823 0.032 0.03
0 0.832 0.831 0.024 0.03
0 0.834 0.793 0.032 0.034
0 0.832 0.746 0.04 0.036
0 0.784 0.762 0.04 0.04
0 0.786 0.714 0.044 0.052
0 0.915 0.594 0.046 0.044
0 0.886 0.582 0.036 0.044
0 0.841 0.579 0.034 0.05
0 0.815 0.582 0.03 0.052
0 0.99 0.512 0.016 0.044
0 0.947 0.506 0.046 0.04
0 0.936 0.308 0.044 0.056
0 0.994 0.174 0.008 0.032
0 0.972 0.033 0.02 0.042
0 0.911 0.009 0.03 0.014
0 0.931 0.107 0.034 0.038
0 0.928 0.209 0.032 0.034
0 0.92 0.159 0.048 0.03
0 0.808 0.044 0.056 0.068
0 0.756 0.02 0.044 0.036
0 0.779 0.128 0.042 0.04
0 0.647 0.048 0.034 0.04
0 0.693 0.143 0.034 0.042
0 0.669 0.151 0.022 0.03
0 0.829 0.406 0.038 0.036
0 0.846 0.524 0.032 0.04
0 0.842 0.333 0.044 0.074
0 0.765 0.287 0.038 0.054
0 0.726 0.332 0.044 0.052
0 0.7 0.393 0.052 0.046
0 0.66 0.42 0.024 0.04
0 0.62 0.385 0.016 0.026
0 0.583 0.385 0.03 0.042
0 0.681 0.484 0.038 0.056
0 0.673 0.653 0.038 0.054
0 0.695 0.59 0.046 0.036
0 0.799 0.916 0.034 0.04
0 0.728 0.955 0.028 0.038
0 0.754 0.899 0.032 0.046
0 0.723 0.885 0.03 0.042
0 0.725 0.851 0.026 0.03
0 0.694 0.819 0.024 0.022
0 0.642 0.919 0.036 0.05
0 0.604 0.979 0.036 0.034
0 0.599 0.958 0.038 0.024
0 0.559 0.995 0.038 0.006
0 0.518 0.987 0.028 0.022
0 0.495 0.986 0.03 0.024
0 0.393 0.981 0.038 0.034
0 0.523 0.942 0.014 0.032
0 0.507 0.94 0.026 0.036
0 0.586 0.903 0.032 0.046
0 0.578 0.87 0.016 0.02
0 0.602 0.812 0.032 0.032
0 0.53 0.095 0.024 0.022
0 0.465 0.079 0.026 0.03
0 0.484 0.121 0.024 0.026
0 0.472 0.104 0.02 0.028
0 0.488 0.094 0.016 0.028
0 0.532 0.128 0.048 0.036
0 0.391 0.13 0.054 0.068
0 0.648 0.287 0.044 0.058
0 0.526 0.298 0.056 0.04
0 0.509 0.382 0.05 0.044
0 0.513 0.443 0.046 0.034
0 0.43 0.411 0.04 0.038
0 0.453 0.268 0.058 0.068
0 0.449 0.193 0.034 0.03
0 0.373 0.344 0.042 0.068
0 0.337 0.034 0.07 0.064
0 0.201 0.004 0.022 0.004
0 0.125 0.07 0.054 0.088
0 0.152 0.157 0.056 0.058
0 0.047 0.181 0.042 0.078
0 0.018 0.252 0.032 0.072
0 0.299 0.144 0.046 0.04
0 0.31 0.186 0.028 0.032
0 0.33 0.263 0.04 0.038
0 0.264 0.29 0.052 0.032
0 0.194 0.254 0.036 0.044
0 0.157 0.308 0.054 0.052
0 0.16 0.344 0.032 0.032
0 0.237 0.341 0.046 0.058
0 0.19 0.399 0.044 0.05
0 0.032 0.47 0.04 0.052
0 0.079 0.478 0.046 0.072
0 0.109 0.442 0.034 0.048
0 0.106 0.549 0.032 0.034
0 0.15 0.531 0.032 0.034
0 0.174 0.56 0.036 0.044
0 0.241 0.502 0.03 0.024
0 0.253 0.532 0.042 0.052
0 0.28 0.477 0.048 0.042
0 0.297 0.445 0.05 0.042
0 0.444 0.5 0.036 0.036
0 0.52 0.524 0.036 0.04
0 0.605 0.521 0.042 0.034
0 0.563 0.539 0.03 0.05
0 0.533 0.56 0.03 0.028
0 0.541 0.588 0.018 0.02
0 0.575 0.575 0.046 0.042
0 0.494 0.572 0.04 0.04
0 0.453 0.57 0.038 0.048
0 0.428 0.602 0.028 0.036
0 0.445 0.632 0.042 0.04
0 0.476 0.623 0.032 0.042
0 0.38 0.556 0.036 0.04
0 0.385 0.593 0.046 0.054
0 0.495 0.684 0.046 0.044
0 0.094 0.661 0.04 0.042
0 0.07 0.679 0.04 0.046
0 0.014 0.72 0.024 0.06
0 0.143 0.662 0.03 0.036
0 0.087 0.731 0.046 0.046
0 0.076 0.755 0.04 0.042
0 0.066 0.721 0.016 0.022
0 0.148 0.748 0.036 0.056
0 0.217 0.687 0.038 0.054
0 0.246 0.657 0.044 0.054
0 0.33 0.68 0.032 0.064
0 0.348 0.736 0.052 0.04
0 0.381 0.757 0.034 0.046
0 0.406 0.729 0.024 0.022
0 0.423 0.759 0.042 0.046
0 0.485 0.755 0.034 0.038
0 0.527 0.763 0.038 0.058
0 0.497 0.802 0.034 0.044
0 0.494 0.877 0.036 0.038
0 0.012 0.899 0.02 0.058
0 0.085 0.903 0.034 0.038
0 0.04 0.921 0.028 0.05
0 0.041 0.966 0.034 0.044
0 0.071 0.971 0.034 0.042
0 0.162 0.995 0.036 0.006
0 0.211 0.96 0.034 0.04
0 0.376 0.934 0.036 0.036
0 0.363 0.834 0.03 0.052
0 0.331 0.834 0.034 0.044
0 0.299 0.833 0.03 0.05
0 0.244 0.811 0.04 0.054
0 0.207 0.786 0.038 0.04
0 0.126 0.841 0.04 0.038
0 0.003 0.152 0.002 0.032
1 0.987 0.958 0.022 0.016
1 0.918 0.941 0.024 0.038
1 0.857 0.948 0.022 0.016
1 0.943 0.793 0.022 0.018
1 0.877 0.797 0.022 0.018
1 0.858 0.698 0.024 0.02
1 0.825 0.677 0.026 0.022
1 0.804 0.647 0.016 0.03
1 0.831 0.628 0.03 0.012
1 0.928 0.543 0.016 0.018
1 0.928 0.515 0.012 0.018
1 0.982 0.417 0.032 0.026
1 0.989 0.358 0.014 0.016
1 0.993 0.322 0.01 0.02
1 0.961 0.191 0.022 0.022
1 0.907 0.224 0.022 0.02
1 0.915 0.089 0.022 0.026
1 0.876 0.098 0.016 0.024
1 0.847 0.125 0.026 0.022
1 0.829 0.126 0.01 0.008
1 0.797 0.169 0.026 0.026
1 0.804 0.2 0.028 0.02
1 0.865 0.188 0.018 0.016
1 0.842 0.049 0.02 0.034
1 0.742 0.096 0.024 0.04
1 0.67 0.043 0.016 0.03
1 0.719 0.159 0.014 0.018
1 0.703 0.163 0.006 0.018
1 0.598 0.164 0.032 0.032
1 0.545 0.188 0.022 0.024
1 0.489 0.172 0.026 0.028
1 0.896 0.37 0.016 0.028
1 0.874 0.337 0.012 0.022
1 0.865 0.423 0.022 0.026
1 0.833 0.459 0.022 0.014
1 0.647 0.37 0.018 0.02
1 0.628 0.399 0.02 0.014
1 0.633 0.384 0.014 0.028
1 0.61 0.421 0.016 0.022
1 0.543 0.418 0.022 0.024
1 0.747 0.517 0.014 0.018
1 0.754 0.536 0.02 0.02
1 0.753 0.553 0.018 0.018
1 0.762 0.607 0.02 0.022
1 0.702 0.61 0.028 0.024
1 0.744 0.971 0.008 0.018
1 0.66 0.989 0.016 0.018
1 0.727 0.781 0.022 0.018
1 0.673 0.849 0.026 0.018
1 0.703 0.842 0.01 0.012
1 0.71 0.832 0.012 0.012
1 0.625 0.794 0.026 0.02
1 0.618 0.781 0.024 0.022
1 0.583 0.06 0.01 0.012
1 0.559 0.094 0.018 0.016
1 0.501 0.11 0.018 0.016
1 0.327 0.105 0.018 0.026
1 0.509 0.342 0.022 0.016
1 0.512 0.41 0.016 0.016
1 0.553 0.456 0.01 0.012
1 0.536 0.461 0.012 0.014
1 0.47 0.45 0.016 0.02
1 0.422 0.381 0.02 0.018
1 0.418 0.339 0.02 0.022
1 0.42 0.205 0.012 0.018
1 0.401 0.203 0.014 0.018
1 0.409 0.22 0.018 0.008
1 0.4 0.245 0.02 0.022
1 0.383 0.276 0.018 0.028
1 0.355 0.335 0.018 0.026
1 0.261 0.004 0.03 0.004
1 0.219 0.029 0.026 0.022
1 0.284 0.061 0.036 0.026
1 0.184 0.143 0.02 0.034
1 0.119 0.14 0.014 0.02
1 0.095 0.223 0.026 0.03
1 0.306 0.211 0.02 0.022
1 0.225 0.2 0.014 0.016
1 0.149 0.28 0.014 0.016
1 0.075 0.308 0.022 0.04
1 0.108 0.294 0.016 0.02
1 0.22 0.372 0.016 0.016
1 0.239 0.403 0.026 0.026
1 0.218 0.438 0.024 0.024
1 0.04 0.394 0.02 0.02
1 0.101 0.511 0.026 0.034
1 0.04 0.583 0.02 0.022
1 0.131 0.605 0.018 0.026
1 0.182 0.628 0.02 0.016
1 0.206 0.622 0.02 0.016
1 0.375 0.477 0.018 0.026
1 0.406 0.489 0.012 0.01
1 0.41 0.526 0.02 0.016
1 0.403 0.64 0.022 0.02
1 0.41 0.71 0.024 0.02
1 0.198 0.728 0.016 0.044
1 0.286 0.657 0.024 0.034
1 0.297 0.63 0.018 0.016
1 0.308 0.611 0.02 0.018
1 0.563 0.742 0.018 0.024
1 0.475 0.838 0.022 0.016
1 0.077 0.864 0.018 0.016
1 0.1 0.877 0.016 0.022
1 0.016 0.968 0.024 0.028
1 0.237 0.965 0.014 0.03
1 0.212 0.919 0.036 0.026
1 0.16 0.917 0.02 0.018
1 0.426 0.866 0.024 0.016
1 0.385 0.825 0.026 0.018
1 0.198 0.83 0.016 0.02
1 0.19 0.813 0.012 0.018
1 0.629 0.586 0.018 0.028
1 0.632 0.635 0.012 0.018
1 0.663 0.613 0.014 0.014
1 0.457 0.881 0.014 0.018
1 0.216 0.749 0.02 0.022
1 0.312 0.532 0.012 0.02
1 0.099 0.023 0.014 0.014
1 0.076 0.008 0.016 0.012
1 0.003 0.106 0.002 0.016
2 0.996 0.905 0.004 0.018
2 0.892 0.995 0.016 0.006
2 0.98 0.844 0.024 0.016
2 0.627 0.148 0.022 0.032
2 0.517 0.196 0.018 0.016
2 0.763 0.639 0.03 0.026
2 0.789 0.98 0.034 0.028
2 0.698 0.956 0.024 0.012
2 0.714 0.925 0.016 0.018
2 0.449 0.96 0.03 0.04
2 0.507 0.064 0.03 0.036
2 0.56 0.326 0.032 0.024
2 0.53 0.338 0.016 0.028
2 0.348 0.387 0.04 0.05
2 0.471 0.699 0.022 0.018
2 0.277 0.699 0.034 0.034
2 0.371 0.711 0.038 0.038
2 0.41 0.804 0.028 0.032
2 0.583 0.696 0.034 0.032
2 0.009 0.849 0.014 0.026
2 0.644 0.512 0.016 0.024
2 0.639 0.553 0.014 0.01
2 0.683 0.786 0.03 0.02
2 0.57 0.838 0.016 0.02
2 0.471 0.872 0.01 0.016
2 0.462 0.828 0.032 0.016
2 0.216 0.935 0.028 0.014
2 0.231 0.914 0.018 0.016
2 0.177 0.833 0.014 0.018
2 0.197 0.862 0.018 0.032
2 0.356 0.594 0.02 0.016
2 0.352 0.574 0.016 0.024
2 0.986 0.433 0.016 0.018
2 0.989 0.453 0.006 0.014
2 0.948 0.443 0.024 0.022
2 0.693 0.924 0.014 0.02
2 0.755 0.927 0.006 0.014
2 0.66 0.741 0.024 0.018
2 0.585 0.721 0.014 0.026
2 0.99 0.285 0.012 0.018
2 0.987 0.265 0.014 0.014
2 0.995 0.218 0.006 0.02
2 0.984 0.177 0.012 0.01
2 0.758 0.196 0.02 0.024
2 0.7 0.184 0.016 0.016
2 0.544 0.008 0.028 0.012
2 0.041 0.122 0.014 0.024