0 0.171 0.304 0.042 0.052
0 0.124 0.377 0.044 0.046
0 0.138 0.272 0.036 0.048
0 0.182 0.232 0.036 0.036
0 0.145 0.051 0.046 0.062
0 0.21 0.06 0.044 0.056
0 0.087 0.079 0.046 0.046
0 0.097 0.152 0.042 0.044
0 0.435 0.08 0.05 0.044
0 0.515 0.063 0.038 0.034
0 0.545 0.087 0.07 0.038
0 0.65 0.069 0.064 0.054
0 0.807 0.039 0.054 0.042
0 0.885 0.051 0.05 0.054
0 0.794 0.129 0.04 0.058
0 0.917 0.156 0.05 0.052
0 0.586 0.153 0.052 0.046
0 0.645 0.182 0.054 0.052
0 0.094 0.572 0.044 0.032
0 0.098 0.65 0.032 0.044
0 0.049 0.648 0.046 0.04
0 0.253 0.642 0.046 0.04
0 0.309 0.644 0.038 0.048
0 0.444 0.656 0.064 0.048
0 0.366 0.743 0.04 0.034
0 0.226 0.696 0.036 0.036
0 0.123 0.758 0.034 0.032
0 0.732 0.576 0.052 0.052
0 0.594 0.602 0.044 0.052
0 0.723 0.663 0.042 0.058
0 0.278 0.394 0.044 0.04
0 0.368 0.391 0.04 0.046
0 0.452 0.439 0.048 0.046
0 0.45 0.493 0.044 0.042
0 0.734 0.46 0.06 0.056
0 0.2 0.476 0.04 0.044
0 0.1 0.506 0.036 0.048
0 0.218 0.847 0.04 0.042
0 0.119 0.902 0.054 0.048
0 0.182 0.938 0.032 0.032
0 0.181 0.893 0.03 0.046
0 0.199 0.776 0.026 0.04
0 0.528 0.713 0.056 0.082
0 0.655 0.381 0.042 0.046
0 0.673 0.418 0.046 0.064
0 0.618 0.552 0.036 0.036
0 0.728 0.797 0.048 0.038
0 0.958 0.684 0.044 0.048
0 0.758 0.714 0.036 0.056
0 0.963 0.79 0.062 0.052
0 0.267 0.725 0.066 0.042
0 0.431 0.36 0.038 0.052
0 0.555 0.408 0.042 0.04
0 0.494 0.543 0.04 0.038
0 0.524 0.565 0.04 0.05
0 0.508 0.598 0.04 0.044
0 0.77 0.501 0.056 0.042
0 0.691 0.511 0.062 0.054
0 0.537 0.457 0.046 0.042
0 0.439 0.549 0.05 0.05
0 0.819 0.386 0.07 0.044
0 0.858 0.451 0.052 0.058
0 0.922 0.544 0.052 0.048
0 0.938 0.632 0.044 0.056
0 0.668 0.732 0.068 0.056
0 0.27 0.855 0.052 0.066
0 0.237 0.779 0.05 0.034
0 0.094 0.862 0.044 0.04
0 0.04 0.821 0.028 0.038
0 0.052 0.77 0.028 0.024
0 0.018 0.772 0.036 0.036
0 0.007 0.802 0.014 0.028
0 0.081 0.707 0.026 0.034
0 0.096 0.728 0.044 0.052
0 0.162 0.743 0.04 0.038
0 0.192 0.395 0.036 0.042
0 0.064 0.382 0.028 0.048
0 0.075 0.417 0.034 0.034
0 0.426 0.223 0.044 0.062
0 0.359 0.338 0.058 0.048
0 0.45 0.314 0.04 0.04
0 0.684 0.453 0.04 0.046
0 0.312 0.138 0.048 0.056
0 0.217 0.012 0.058 0.024
0 0.021 0.017 0.038 0.034
0 0.05 0.06 0.056 0.044
0 0.014 0.177 0.028 0.038
0 0.009 0.231 0.018 0.026
0 0.014 0.279 0.024 0.022
0 0.062 0.286 0.036 0.044
0 0.12 0.24 0.036 0.04
0 0.287 0.439 0.038 0.054
0 0.304 0.475 0.044 0.046
0 0.878 0.226 0.092 0.068
0 0.696 0.242 0.048 0.052
0 0.735 0.254 0.046 0.044
0 0.731 0.96 0.054 0.056
0 0.616 0.929 0.04 0.05
0 0.532 0.92 0.04 0.044
0 0.518 0.763 0.036 0.038
0 0.83 0.683 0.036 0.046
0 0.839 0.647 0.046 0.034
0 0.744 0.83 0.036 0.036
0 0.961 0.92 0.042 0.044
0 0.855 0.888 0.054 0.04
0 0.277 0.929 0.038 0.038
0 0.235 0.475 0.026 0.034
0 0.155 0.597 0.046 0.026
0 0.159 0.621 0.042 0.042
0 0.301 0.523 0.062 0.05
0 0.426 0.784 0.06 0.04
0 0.553 0.35 0.046 0.06
0 0.539 0.324 0.038 0.06
0 0.578 0.308 0.056 0.06
0 0.311 0.164 0.062 0.064
0 0.146 0.695 0.028 0.042
0 0.125 0.697 0.03 0.038
0 0.182 0.71 0.02 0.048
0 0.395 0.552 0.038 0.036
0 0.029 0.32 0.022 0.02
0 0.431 0.967 0.058 0.05
0 0.454 0.984 0.04 0.028
0 0.463 0.927 0.05 0.038
0 0.763 0.914 0.046 0.052
0 0.971 0.32 0.042 0.04
0 0.97 0.385 0.048 0.046
0 0.815 0.327 0.07 0.07
0 0.785 0.303 0.038 0.054
0 0.863 0.501 0.066 0.058
0 0.84 0.547 0.048 0.05
0 0.561 0.055 0.054 0.038
0 0.48 0.01 0.048 0.02
0 0.623 0.01 0.05 0.02
0 0.966 0.018 0.048 0.032
0 0.978 0.141 0.04 0.066
0 0.32 0.318 0.024 0.028
0 0.526 0.43 0.02 0.028
0 0.264 0.023 0.044 0.046
0 0.332 0.013 0.04 0.026
0 0.522 0.166 0.048 0.048
0 0.713 0.134 0.046 0.044
0 0.011 0.463 0.022 0.038
0 0.008 0.559 0.016 0.046
0 0.964 0.535 0.04 0.05
0 0.941 0.872 0.058 0.048
0 0.985 0.873 0.026 0.038
0 0.988 0.985 0.02 0.026
0 0.96 0.735 0.032 0.038
0 0.825 0.977 0.03 0.03
0 0.087 0.255 0.03 0.026
0 0.066 0.246 0.028 0.024
0 0.275 0.794 0.034 0.036
0 0.334 0.533 0.024 0.022
0 0.73 0.302 0.036 0.028
0 0.388 0.584 0.024 0.02
0 0.377 0.562 0.026 0.036
0 0.412 0.807 0.028 0.03
0 0.587 0.807 0.062 0.062
0 0.554 0.844 0.048 0.056
0 0.471 0.883 0.046 0.026
0 0.474 0.842 0.044 0.044
0 0.445 0.84 0.038 0.036
0 0.422 0.867 0.028 0.034
0 0.396 0.871 0.036 0.034
0 0.363 0.936 0.042 0.04
0 0.282 0.968 0.032 0.024
0 0.89 0.6 0.048 0.036
0 0.814 0.278 0.024 0.04
0 0.077 0.211 0.046 0.038
0 0.153 0.405 0.042 0.046
0 0.007 0.366 0.01 0.032
0 0.408 0.502 0.032 0.028
0 0.5 0.992 0.032 0.012
0 0.213 0.991 0.03 0.014
0 0.126 0.994 0.036 0.008
0 0.122 0.423 0.016 0.022
0 0.131 0.437 0.038 0.03
0 0.124 0.56 0.028 0.036
0 0.02 0.047 0.036 0.034
0 0.099 0.015 0.046 0.03
1 0.357 0.374 0.026 0.024
1 0.261 0.318 0.022 0.024
1 0.497 0.374 0.01 0.016
1 0.213 0.593 0.018 0.022
1 0.681 0.863 0.03 0.018
1 0.148 0.18 0.048 0.02
1 0.763 0.62 0.006 0.012
1 0.773 0.607 0.014 0.014
1 0.785 0.594 0.01 0.012
1 0.646 0.96 0.02 0.036
1 0.082 0.821 0.016 0.022
1 0.392 0.631 0.036 0.018
1 0.546 0.609 0.02 0.022
1 0.78 0.212 0.024 0.024
1 0.435 0.737 0.03 0.022
1 0.526 0.789 0.028 0.026
1 0.83 0.512 0.02 0.024
1 0.924 0.441 0.032 0.03
1 0.922 0.347 0.032 0.018
1 0.917 0.318 0.018 0.016
1 0.312 0.027 0.024 0.022
1 0.703 0.078 0.018 0.028
1 0.16 0.487 0.02 0.014
1 0.162 0.469 0.016 0.006
1 0.984 0.657 0.028 0.022
1 0.911 0.954 0.026 0.024
1 0.987 0.744 0.018 0.02
1 0.908 0.795 0.016 0.01
1 0.788 0.924 0.028 0.028
1 0.324 0.074 0.036 0.02
1 0.138 0.832 0.028 0.024
1 0.08 0.917 0.02 0.022
1 0.085 0.955 0.022 0.026
1 0.19 0.643 0.016 0.026
1 0.892 0.339 0.036 0.022
1 0.309 0.747 0.022 0.03
1 0.291 0.811 0.022 0.03
1 0.342 0.921 0.016 0.014
1 0.324 0.926 0.012 0.02
1 0.337 0.974 0.022 0.02
1 0.678 0.019 0.02 0.026
1 0.222 0.163 0.024 0.018
1 0.231 0.175 0.038 0.026
1 0.006 0.316 0.012 0.016
1 0.035 0.451 0.022 0.034
1 0.017 0.533 0.018 0.038
1 0.992 0.451 0.012 0.026
1 0.989 0.408 0.018 0.02
1 0.993 0.839 0.01 0.03
1 0.09 0.186 0.024 0.02
1 0.053 0.229 0.022 0.03
1 0.359 0.244 0.022 0.016
2 0.026 0.152 0.008 0.008
2 0.703 0.874 0.018 0.028
2 0.91 0.785 0.008 0.01
2 0.569 0.962 0.014 0.016
2 0.572 0.934 0.024 0.024
2 0.16 0.965 0.016 0.03
2 0.221 0.945 0.026 0.034
2 0.27 0.221 0.024 0.026
2 0.172 0.446 0.016 0.016
2 0.326 0.575 0.012 0.01
2 0.335 0.608 0.01 0.016
2 0.301 0.57 0.006 0.016
2 0.289 0.581 0.006 0.01
2 0.659 0.346 0.01 0.016
2 0.986 0.202 0.016 0.02
2 0.562 0.219 0.032 0.022
2 0.319 0.958 0.01 0.008
2 0.315 0.969 0.01 0.01
2 0.412 0.699 0.008 0.014
2 0.403 0.698 0.01 0.016
2 0.031 0.927 0.022 0.01
2 0.003 0.987 0.006 0.022
2 0.007 0.645 0.01 0.03
2 0.009 0.671 0.01 0.014
2 0.076 0.469 0.016 0.014
2 0.35 0.063 0.02 0.022
2 0.52 0.004 0.024 0.008
2 0.975 0.049 0.022 0.03
2 0.429 0.177 0.018 0.022
2 0.492 0.144 0.016 0.02
2 0.374 0.214 0.04 0.056
2 0.794 0.751 0.032 0.022
2 0.802 0.994 0.032 0.008
2 0.041 0.027 0.01 0.01
2 0.583 0.659 0.014 0.022
2 0.586 0.956 0.02 0.016
2 0.586 0.921 0.02 0.018
2 0.275 0.992 0.026 0.012