0 0.736 0.987 0.036 0.022
0 0.777 0.936 0.054 0.032
0 0.774 0.916 0.044 0.032
0 0.754 0.89 0.02 0.024
0 0.702 0.913 0.052 0.05
0 0.523 0.988 0.046 0.02
0 0.509 0.962 0.07 0.032
0 0.534 0.923 0.052 0.066
0 0.462 0.963 0.048 0.05
0 0.506 0.882 0.052 0.048
0 0.453 0.916 0.058 0.052
0 0.396 0.925 0.024 0.042
0 0.376 0.93 0.02 0.032
0 0.335 0.943 0.062 0.066
0 0.322 0.899 0.044 0.062
0 0.291 0.914 0.05 0.044
0 0.306 0.963 0.052 0.026
0 0.221 0.956 0.046 0.056
0 0.232 0.979 0.052 0.038
0 0.19 0.905 0.048 0.058
0 0.155 0.932 0.038 0.032
0 0.022 0.947 0.04 0.058
0 0.065 0.97 0.062 0.044
0 0.069 0.943 0.042 0.038
0 0.049 0.91 0.038 0.036
0 0.051 0.873 0.05 0.046
0 0.018 0.855 0.032 0.054
0 0.081 0.849 0.038 0.038
0 0.119 0.863 0.034 0.022
0 0.921 0.797 0.038 0.046
0 0.923 0.769 0.03 0.034
0 0.935 0.758 0.03 0.032
0 0.887 0.79 0.03 0.052
0 0.89 0.762 0.032 0.024
0 0.84 0.83 0.048 0.048
0 0.79 0.844 0.052 0.052
0 0.755 0.848 0.042 0.044
0 0.719 0.797 0.05 0.046
0 0.821 0.757 0.058 0.046
0 0.64 0.826 0.048 0.036
0 0.659 0.842 0.05 0.028
0 0.731 0.75 0.05 0.056
0 0.676 0.784 0.036 0.044
0 0.645 0.789 0.038 0.042
0 0.613 0.79 0.034 0.044
0 0.581 0.791 0.05 0.042
0 0.445 0.817 0.042 0.042
0 0.476 0.814 0.028 0.02
0 0.454 0.759 0.064 0.05
0 0.422 0.792 0.04 0.04
0 0.389 0.85 0.054 0.044
0 0.295 0.868 0.042 0.048
0 0.258 0.821 0.052 0.062
0 0.183 0.837 0.05 0.066
0 0.131 0.815 0.038 0.042
0 0.104 0.782 0.04 0.044
0 0.034 0.769 0.052 0.058
0 0.05 0.737 0.048 0.054
0 0.99 0.725 0.016 0.026
0 0.984 0.691 0.028 0.05
0 0.836 0.714 0.052 0.052
0 0.852 0.662 0.052 0.056
0 0.877 0.604 0.046 0.048
0 0.801 0.662 0.054 0.072
0 0.804 0.614 0.048 0.04
0 0.76 0.715 0.032 0.042
0 0.716 0.629 0.04 0.054
0 0.674 0.737 0.028 0.034
0 0.604 0.695 0.044 0.054
0 0.529 0.73 0.05 0.044
0 0.561 0.708 0.034 0.028
0 0.587 0.645 0.03 0.046
0 0.487 0.623 0.046 0.05
0 0.435 0.665 0.042 0.062
0 0.424 0.705 0.032 0.066
0 0.396 0.716 0.04 0.052
0 0.355 0.73 0.046 0.056
0 0.367 0.678 0.042 0.028
0 0.314 0.675 0.056 0.054
0 0.244 0.751 0.052 0.062
0 0.236 0.655 0.048 0.042
0 0.23 0.696 0.036 0.04
0 0.136 0.656 0.06 0.064
0 0.039 0.673 0.042 0.062
0 0.064 0.652 0.04 0.052
0 0.069 0.622 0.038 0.028
0 0.97 0.581 0.056 0.07
0 0.969 0.492 0.042 0.048
0 0.811 0.56 0.042 0.052
0 0.775 0.486 0.042 0.06
0 0.717 0.509 0.062 0.062
0 0.635 0.528 0.058 0.056
0 0.617 0.486 0.042 0.036
0 0.632 0.593 0.04 0.062
0 0.594 0.598 0.028 0.052
0 0.586 0.557 0.044 0.058
0 0.54 0.592 0.04 0.032
0 0.51 0.576 0.036 0.048
0 0.508 0.534 0.044 0.044
0 0.422 0.529 0.032 0.034
0 0.426 0.485 0.04 0.062
0 0.39 0.482 0.044 0.056
0 0.332 0.598 0.036 0.048
0 0.349 0.577 0.054 0.058
0 0.326 0.534 0.048 0.036
0 0.311 0.515 0.058 0.038
0 0.188 0.606 0.044 0.032
0 0.158 0.579 0.048 0.062
0 0.134 0.51 0.04 0.052
0 0.084 0.558 0.04 0.052
0 0.046 0.508 0.028 0.032
0 0.008 0.52 0.012 0.052
0 0.013 0.45 0.022 0.064
0 0.033 0.436 0.046 0.064
0 0.074 0.468 0.052 0.06
0 0.123 0.431 0.066 0.066
0 0.985 0.385 0.026 0.05
0 0.978 0.345 0.04 0.046
0 0.951 0.403 0.038 0.054
0 0.884 0.435 0.048 0.054
0 0.856 0.402 0.036 0.048
0 0.818 0.431 0.068 0.07
0 0.848 0.357 0.032 0.038
0 0.753 0.372 0.046 0.056
0 0.706 0.443 0.048 0.058
0 0.684 0.407 0.036 0.042
0 0.634 0.443 0.036 0.054
0 0.63 0.381 0.052 0.054
0 0.558 0.439 0.048 0.054
0 0.567 0.395 0.046 0.05
0 0.456 0.42 0.044 0.06
0 0.375 0.422 0.042 0.08
0 0.361 0.441 0.026 0.038
0 0.347 0.423 0.026 0.026
0 0.293 0.461 0.046 0.062
0 0.273 0.396 0.05 0.06
0 0.212 0.379 0.028 0.07
0 0.101 0.369 0.046 0.078
0 0.991 0.199 0.014 0.046
0 0.974 0.22 0.044 0.06
0 0.953 0.248 0.034 0.04
0 0.897 0.206 0.046 0.068
0 0.888 0.268 0.04 0.04
0 0.866 0.265 0.036 0.054
0 0.742 0.306 0.044 0.048
0 0.684 0.313 0.044 0.066
0 0.582 0.321 0.056 0.054
0 0.487 0.337 0.034 0.062
0 0.437 0.352 0.05 0.06
0 0.377 0.346 0.046 0.064
0 0.36 0.37 0.02 0.028
0 0.342 0.313 0.044 0.054
0 0.277 0.311 0.034 0.07
0 0.244 0.314 0.036 0.064
0 0.189 0.318 0.042 0.06
0 0.192 0.284 0.048 0.036
0 0.143 0.341 0.042 0.038
0 0.836 0.201 0.04 0.066
0 0.784 0.227 0.052 0.042
0 0.823 0.122 0.05 0.068
0 0.825 0.084 0.046 0.06
0 0.863 0.071 0.034 0.058
0 0.901 0.069 0.03 0.042
0 0.965 0.012 0.03 0.02
0 0.995 0.073 0.006 0.034
0 0.72 0.056 0.052 0.064
0 0.732 0.125 0.036 0.062
0 0.77 0.119 0.04 0.026
0 0.674 0.151 0.048 0.05
0 0.669 0.241 0.05 0.058
0 0.645 0.091 0.05 0.074
0 0.629 0.055 0.018 0.022
0 0.601 0.067 0.046 0.058
0 0.608 0.121 0.056 0.058
0 0.56 0.009 0.036 0.014
0 0.495 0.023 0.074 0.042
0 0.496 0.06 0.024 0.036
0 0.483 0.235 0.042 0.062
0 0.46 0.152 0.036 0.084
0 0.511 0.262 0.03 0.032
0 0.423 0.233 0.046 0.046
0 0.425 0.156 0.034 0.068
0 0.39 0.138 0.044 0.052
0 0.337 0.18 0.066 0.076
0 0.355 0.163 0.034 0.054
0 0.293 0.19 0.038 0.064
0 0.38 0.034 0.04 0.06
0 0.335 0.011 0.046 0.018
0 0.302 0.077 0.048 0.058
0 0.277 0.025 0.05 0.046
0 0.253 0.05 0.03 0.024
0 0.258 0.082 0.036 0.04
0 0.197 0.117 0.054 0.062
0 0.111 0.243 0.054 0.078
0 0.102 0.064 0.048 0.068
0 0.03 0.042 0.052 0.052
0 0.12 0.024 0.072 0.044
0 0.164 0.161 0.044 0.042
0 0.088 0.121 0.04 0.05
0 0.041 0.249 0.03 0.034
0 0.171 0.19 0.038 0.02
0 0.097 0.184 0.046 0.048
0 0.054 0.192 0.028 0.04
0 0.028 0.162 0.04 0.06
0 0.039 0.077 0.034 0.03
0 0.016 0.12 0.028 0.06
0 0.16 0.012 0.04 0.02
0 0.007 0.153 0.01 0.038
1 0.913 0.973 0.03 0.034
1 0.877 0.87 0.022 0.032
1 0.802 0.919 0.028 0.022
1 0.703 0.946 0.026 0.02
1 0.439 0.986 0.022 0.024
1 0.366 0.949 0.032 0.014
1 0.533 0.788 0.026 0.024
1 0.003 0.819 0.002 0.014
1 0.927 0.665 0.026 0.026
1 0.918 0.711 0.02 0.034
1 0.69 0.656 0.024 0.028
1 0.531 0.668 0.022 0.024
1 0.546 0.655 0.032 0.034
1 0.204 0.712 0.024 0.024
1 0.86 0.531 0.028 0.046
1 0.855 0.475 0.018 0.026
1 0.558 0.609 0.028 0.034
1 0.336 0.56 0.02 0.016
1 0.812 0.376 0.032 0.024
1 0.742 0.451 0.028 0.03
1 0.685 0.473 0.018 0.034
1 0.481 0.411 0.018 0.034
1 0.079 0.332 0.026 0.028
1 0.07 0.306 0.028 0.032
1 0.795 0.276 0.018 0.044
1 0.309 0.363 0.014 0.038
1 0.294 0.327 0.028 0.034
1 0.684 0.013 0.02 0.022
1 0.76 0.07 0.024 0.016
1 0.679 0.187 0.03 0.03
1 0.556 0.06 0.028 0.036
1 0.532 0.054 0.032 0.032
1 0.572 0.27 0.024 0.028
1 0.575 0.247 0.034 0.026
1 0.538 0.237 0.024 0.03
1 0.439 0.121 0.03 0.026
1 0.351 0.262 0.026 0.032
2 0.953 0.914 0.018 0.012
2 0.932 0.92 0.02 0.024
2 0.896 0.907 0.04 0.03
2 0.852 0.94 0.028 0.024
2 0.675 0.891 0.014 0.022
2 0.5 0.937 0.016 0.01
2 0.034 0.977 0.024 0.018
2 0.091 0.888 0.038 0.028
2 0.092 0.916 0.02 0.036
2 0.097 0.948 0.022 0.02
2 0.151 0.881 0.046 0.042
2 0.988 0.766 0.02 0.024
2 0.775 0.791 0.034 0.03
2 0.624 0.97 0.024 0.032
2 0.565 0.892 0.026 0.036
2 0.519 0.766 0.034 0.028
2 0.476 0.844 0.028 0.04
2 0.441 0.844 0.014 0.016
2 0.465 0.792 0.018 0.016
2 0.402 0.882 0.024 0.012
2 0.317 0.831 0.054 0.05
2 0.288 0.808 0.016 0.016
2 0.203 0.856 0.022 0.024
2 0.211 0.874 0.038 0.028
2 0.145 0.856 0.014 0.008
2 0.144 0.839 0.012 0.014
2 0.109 0.81 0.01 0.016
2 0.042 0.806 0.012 0.016
2 0.856 0.75 0.016 0.012
2 0.871 0.632 0.046 0.044
2 0.826 0.639 0.008 0.006
2 0.779 0.736 0.038 0.032
2 0.755 0.655 0.042 0.05
2 0.701 0.673 0.006 0.01
2 0.694 0.727 0.012 0.014
2 0.499 0.716 0.014 0.016
2 0.544 0.683 0.04 0.022
2 0.338 0.695 0.024 0.022
2 0.325 0.715 0.01 0.014
2 0.278 0.63 0.028 0.028
2 0.214 0.69 0.028 0.02
2 0.203 0.687 0.03 0.042
2 0.244 0.711 0.008 0.014
2 0.237 0.716 0.01 0.008
2 0.037 0.616 0.034 0.02
2 0.944 0.59 0.028 0.024
2 0.919 0.566 0.034 0.036
2 0.927 0.543 0.026 0.022
2 0.953 0.523 0.026 0.026
2 0.789 0.529 0.018 0.022
2 0.713 0.537 0.026 0.042
2 0.683 0.544 0.03 0.028
2 0.576 0.589 0.02 0.006
2 0.424 0.604 0.036 0.064
2 0.376 0.612 0.036 0.032
2 0.35 0.625 0.024 0.018
2 0.24 0.573 0.024 0.034
2 0.217 0.525 0.038 0.03
2 0.177 0.635 0.038 0.026
2 0.208 0.624 0.016 0.016
2 0.02 0.55 0.024 0.032
2 0.018 0.52 0.02 0.028
2 0.032 0.47 0.012 0.02
2 0.011 0.483 0.018 0.01
2 0.015 0.504 0.014 0.024
2 0.92 0.37 0.024 0.04
2 0.697 0.488 0.018 0.012
2 0.718 0.474 0.012 0.012
2 0.605 0.421 0.03 0.022
2 0.585 0.427 0.026 0.018
2 0.602 0.47 0.012 0.012
2 0.522 0.467 0.028 0.034
2 0.833 0.275 0.046 0.038
2 0.629 0.308 0.03 0.028
2 0.649 0.302 0.022 0.016
2 0.631 0.338 0.038 0.032
2 0.458 0.317 0.028 0.026
2 0.321 0.351 0.022 0.014
2 0.32 0.319 0.024 0.034
2 0.334 0.285 0.032 0.026
2 0.928 0.185 0.016 0.018
2 0.863 0.171 0.022 0.014
2 0.954 0.041 0.036 0.054
2 0.982 0.015 0.024 0.026
2 0.981 0.047 0.03 0.046
2 0.97 0.065 0.012 0.014
2 0.734 0.027 0.012 0.006
2 0.735 0.166 0.022 0.012
2 0.746 0.196 0.02 0.02
2 0.631 0.229 0.034 0.042
2 0.455 0.018 0.054 0.032
2 0.545 0.261 0.026 0.038
2 0.495 0.176 0.022 0.048
2 0.427 0.048 0.038 0.028
2 0.405 0.092 0.014 0.024
2 0.371 0.228 0.018 0.02
2 0.332 0.233 0.02 0.026
2 0.31 0.051 0.016 0.01
2 0.272 0.057 0.032 0.038
2 0.23 0.104 0.008 0.012
2 0.216 0.2 0.028 0.032
2 0.199 0.243 0.034 0.026
2 0.141 0.258 0.01 0.012