0 0.654 0.044 0.048 0.076
0 0.682 0.119 0.048 0.054
0 0.611 0.226 0.046 0.076
0 0.362 0.159 0.044 0.078
0 0.249 0.151 0.054 0.086
0 0.15 0.078 0.032 0.052
0 0.157 0.248 0.042 0.068
0 0.292 0.276 0.052 0.092
0 0.136 0.166 0.052 0.056
0 0.556 0.098 0.04 0.096
0 0.21 0.306 0.044 0.076
0 0.363 0.315 0.042 0.066
0 0.321 0.358 0.042 0.068
0 0.969 0.028 0.058 0.056
0 0.894 0.118 0.052 0.076
0 0.779 0.047 0.05 0.07
0 0.825 0.143 0.042 0.05
0 0.497 0.221 0.042 0.082
0 0.444 0.23 0.044 0.076
0 0.262 0.387 0.044 0.066
0 0.079 0.439 0.066 0.066
0 0.071 0.363 0.038 0.058
0 0.482 0.517 0.048 0.082
0 0.382 0.546 0.052 0.084
0 0.482 0.428 0.044 0.072
0 0.579 0.418 0.046 0.06
0 0.844 0.338 0.048 0.068
0 0.769 0.283 0.05 0.07
0 0.232 0.817 0.048 0.102
0 0.274 0.822 0.044 0.08
0 0.148 0.822 0.04 0.096
0 0.095 0.801 0.042 0.102
0 0.057 0.77 0.046 0.08
0 0.168 0.971 0.044 0.054
0 0.214 0.954 0.032 0.084
0 0.164 0.909 0.044 0.054
0 0.984 0.623 0.028 0.066
0 0.95 0.748 0.04 0.076
0 0.914 0.837 0.04 0.078
0 0.852 0.776 0.044 0.056
0 0.816 0.786 0.04 0.052
0 0.939 0.661 0.034 0.07
0 0.92 0.66 0.036 0.076
0 0.728 0.752 0.036 0.068
0 0.795 0.766 0.038 0.1
0 0.685 0.349 0.05 0.058
0 0.642 0.374 0.04 0.052
0 0.617 0.429 0.034 0.058
0 0.723 0.651 0.038 0.05
0 0.681 0.716 0.042 0.052
0 0.257 0.517 0.042 0.046
0 0.264 0.603 0.036 0.082
0 0.63 0.692 0.04 0.06
0 0.649 0.693 0.03 0.07
0 0.51 0.642 0.06 0.088
0 0.139 0.647 0.042 0.102
0 0.234 0.652 0.028 0.064
0 0.269 0.723 0.05 0.042
0 0.067 0.567 0.038 0.07
0 0.992 0.516 0.012 0.06
0 0.944 0.529 0.04 0.05
0 0.844 0.57 0.036 0.064
0 0.874 0.557 0.02 0.042
0 0.869 0.592 0.03 0.036
0 0.986 0.123 0.024 0.062
0 0.868 0.217 0.032 0.046
0 0.666 0.201 0.04 0.046
0 0.497 0.352 0.034 0.068
0 0.989 0.839 0.018 0.066
0 0.64 0.769 0.036 0.046
0 0.619 0.84 0.038 0.056
0 0.43 0.594 0.036 0.08
0 0.656 0.489 0.04 0.054
0 0.51 0.93 0.036 0.06
0 0.484 0.922 0.036 0.052
0 0.444 0.902 0.032 0.048
0 0.418 0.846 0.028 0.064
0 0.346 0.018 0.052 0.036
0 0.875 0.359 0.03 0.054
0 0.088 0.976 0.032 0.044
0 0.977 0.392 0.03 0.044
0 0.136 0.464 0.036 0.048
0 0.387 0.685 0.042 0.038
0 0.202 0.904 0.028 0.032
0 0.447 0.361 0.03 0.046
0 0.778 0.527 0.032 0.046
0 0.961 0.935 0.034 0.042
0 0.655 0.925 0.03 0.054
0 0.893 0.985 0.038 0.026
0 0.008 0.518 0.012 0.064
0 0.761 0.698 0.026 0.04
0 0.277 0.007 0.034 0.014
0 0.389 0.985 0.034 0.026
0 0.345 0.987 0.022 0.022
0 0.268 0.983 0.024 0.03
0 0.327 0.6 0.026 0.044
0 0.658 0.993 0.032 0.01
0 0.705 0.989 0.022 0.018
0 0.007 0.849 0.01 0.066
0 0.058 0.994 0.016 0.008
0 0.007 0.095 0.01 0.054
1 0.988 0.077 0.016 0.03
1 0.865 0.018 0.01 0.016
1 0.775 0.139 0.018 0.03
1 0.606 0.109 0.024 0.034
1 0.547 0.188 0.022 0.028
1 0.661 0.273 0.018 0.022
1 0.517 0.267 0.014 0.022
1 0.49 0.268 0.02 0.024
1 0.466 0.304 0.02 0.024
1 0.355 0.269 0.022 0.022
1 0.151 0.117 0.022 0.022
1 0.104 0.062 0.028 0.028
1 0.165 0.462 0.018 0.036
1 0.252 0.244 0.02 0.024
1 0.814 0.898 0.016 0.036
1 0.796 0.918 0.032 0.024
1 0.839 0.953 0.03 0.038
1 0.635 0.605 0.03 0.022
1 0.94 0.573 0.02 0.018
1 0.364 0.737 0.016 0.022
1 0.992 0.241 0.012 0.026
1 0.798 0.308 0.02 0.016
1 0.474 0.559 0.02 0.026
1 0.593 0.371 0.022 0.034
1 0.642 0.428 0.02 0.024
1 0.057 0.522 0.022 0.028
1 0.399 0.455 0.026 0.026
1 0.805 0.487 0.026 0.026
1 0.228 0.341 0.024 0.038
1 0.054 0.676 0.024 0.028
1 0.326 0.082 0.016 0.02
1 0.368 0.482 0.024 0.032
1 0.546 0.459 0.024 0.034
1 0.501 0.74 0.018 0.016
1 0.374 0.455 0.028 0.018
1 0.33 0.53 0.028 0.02
1 0.219 0.048 0.022 0.024
1 0.89 0.646 0.016 0.024
1 0.241 0.903 0.018 0.022
1 0.989 0.344 0.018 0.024
1 0.561 0.311 0.022 0.026
1 0.025 0.173 0.026 0.03
1 0.79 0.942 0.02 0.02
1 0.742 0.51 0.028 0.032
1 0.725 0.547 0.018 0.038
1 0.123 0.486 0.022 0.028
1 0.327 0.855 0.026 0.058
1 0.611 0.812 0.03 0.04
1 0.552 0.85 0.024 0.056
1 0.419 0.908 0.022 0.032
1 0.325 0.672 0.018 0.028
1 0.862 0.972 0.02 0.032
1 0.937 0.928 0.03 0.02
1 0.553 0.977 0.026 0.042
1 0.452 0.978 0.032 0.036
1 0.942 0.993 0.028 0.01
1 0.729 0.955 0.022 0.03
1 0.705 0.942 0.022 0.024
1 0.668 0.784 0.02 0.032
1 0.56 0.709 0.02 0.026
1 0.929 0.175 0.018 0.01
1 0.773 0.68 0.018 0.02
1 0.672 0.849 0.024 0.058
1 0.826 0.287 0.02 0.034
1 0.391 0.725 0.026 0.03
1 0.205 0.847 0.022 0.042
1 0.882 0.484 0.028 0.056
1 0.766 0.731 0.024 0.018
1 0.275 0.021 0.018 0.018
1 0.387 0.96 0.022 0.024
1 0.058 0.898 0.028 0.032
2 0.593 0.657 0.018 0.026
2 0.807 0.074 0.026 0.044
2 0.285 0.643 0.01 0.022
2 0.209 0.732 0.01 0.02
2 0.175 0.699 0.01 0.022
2 0.376 0.43 0.02 0.024
2 0.234 0.265 0.008 0.022
2 0.505 0.838 0.014 0.028
2 0.473 0.598 0.014 0.016
2 0.068 0.938 0.024 0.016
2 0.179 0.517 0.014 0.022
2 0.04 0.44 0.012 0.012