0 0.186 0.678 0.06 0.084
0 0.28 0.732 0.068 0.092
0 0.258 0.819 0.06 0.074
0 0.313 0.88 0.026 0.04
0 0.361 0.89 0.042 0.048
0 0.387 0.839 0.042 0.054
0 0.148 0.622 0.084 0.08
0 0.277 0.653 0.062 0.058
0 0.211 0.532 0.066 0.096
0 0.258 0.536 0.056 0.08
0 0.338 0.544 0.06 0.072
0 0.271 0.477 0.046 0.042
0 0.232 0.458 0.04 0.052
0 0.253 0.399 0.046 0.042
0 0.332 0.381 0.04 0.046
0 0.357 0.386 0.038 0.04
0 0.349 0.317 0.038 0.058
0 0.577 0.462 0.062 0.072
0 0.625 0.525 0.054 0.062
0 0.702 0.497 0.044 0.054
0 0.741 0.559 0.054 0.09
0 0.814 0.525 0.072 0.07
0 0.52 0.954 0.032 0.056
0 0.575 0.956 0.034 0.052
0 0.568 0.871 0.064 0.058
0 0.548 0.855 0.04 0.05
0 0.47 0.321 0.048 0.058
0 0.5 0.337 0.04 0.054
0 0.524 0.368 0.056 0.048
0 0.67 0.714 0.064 0.116
0 0.813 0.799 0.062 0.07
0 0.704 0.852 0.068 0.088
0 0.764 0.318 0.052 0.052
0 0.797 0.37 0.038 0.048
0 0.821 0.401 0.058 0.062
0 0.824 0.439 0.052 0.03
0 0.816 0.469 0.04 0.026
0 0.809 0.491 0.038 0.018
0 0.253 0.916 0.07 0.08
0 0.17 0.914 0.036 0.048
0 0.117 0.849 0.034 0.046
0 0.154 0.848 0.044 0.036
0 0.196 0.872 0.032 0.036
0 0.102 0.797 0.052 0.034
0 0.058 0.712 0.024 0.068
0 0.018 0.722 0.036 0.064
0 0.112 0.718 0.052 0.088
0 0.461 0.808 0.038 0.044
0 0.467 0.767 0.042 0.038
0 0.42 0.743 0.032 0.046
0 0.468 0.694 0.036 0.052
0 0.501 0.699 0.03 0.05
0 0.605 0.653 0.038 0.038
0 0.591 0.609 0.05 0.05
0 0.664 0.631 0.04 0.034
0 0.07 0.533 0.036 0.05
0 0.095 0.493 0.05 0.058
0 0.076 0.477 0.04 0.05
0 0.139 0.437 0.058 0.07
0 0.133 0.381 0.062 0.046
0 0.364 0.638 0.04 0.048
0 0.332 0.632 0.024 0.032
0 0.415 0.55 0.038 0.076
0 0.601 0.77 0.09 0.036
0 0.675 0.964 0.058 0.068
0 0.867 0.944 0.066 0.108
0 0.897 0.875 0.058 0.054
0 0.921 0.812 0.058 0.076
0 0.736 0.789 0.048 0.058
0 0.952 0.719 0.056 0.086
0 0.776 0.663 0.06 0.078
0 0.824 0.602 0.048 0.04
0 0.974 0.622 0.036 0.044
0 0.889 0.83 0.038 0.036
0 0.249 0.346 0.038 0.032
0 0.438 0.429 0.036 0.038
0 0.081 0.314 0.046 0.044
0 0.064 0.285 0.048 0.058
0 0.133 0.301 0.054 0.074
0 0.181 0.229 0.034 0.05
0 0.265 0.165 0.03 0.054
0 0.288 0.272 0.04 0.056
0 0.418 0.185 0.032 0.03
0 0.703 0.333 0.022 0.03
0 0.856 0.323 0.044 0.062
0 0.877 0.377 0.046 0.046
0 0.928 0.346 0.032 0.036
0 0.908 0.35 0.02 0.04
0 0.036 0.147 0.048 0.038
0 0.036 0.098 0.048 0.056
0 0.085 0.067 0.03 0.038
0 0.085 0.031 0.046 0.034
0 0.121 0.179 0.042 0.062
0 0.148 0.113 0.06 0.046
0 0.156 0.054 0.06 0.048
0 0.205 0.034 0.038 0.036
0 0.303 0.087 0.05 0.058
0 0.374 0.106 0.044 0.048
0 0.489 0.124 0.034 0.076
0 0.524 0.135 0.036 0.066
0 0.537 0.171 0.03 0.042
0 0.494 0.183 0.036 0.042
0 0.597 0.216 0.058 0.044
0 0.693 0.238 0.05 0.044
0 0.749 0.258 0.038 0.04
0 0.81 0.238 0.072 0.068
0 0.905 0.259 0.038 0.034
0 0.346 0.201 0.048 0.046
0 0.395 0.188 0.038 0.044
0 0.596 0.158 0.048 0.076
0 0.578 0.092 0.036 0.076
0 0.939 0.293 0.034 0.038
0 0.977 0.297 0.042 0.078
0 0.755 0.136 0.03 0.056
0 0.803 0.143 0.034 0.058
0 0.931 0.138 0.042 0.072
0 0.656 0.118 0.044 0.068
0 0.377 0.035 0.034 0.038
0 0.471 0.046 0.054 0.044
0 0.433 0.02 0.03 0.036
0 0.767 0.051 0.05 0.046
0 0.864 0.068 0.04 0.04
0 0.833 0.032 0.034 0.036
0 0.944 0.036 0.036 0.04
0 0.658 0.031 0.028 0.058
0 0.682 0.028 0.032 0.04
0 0.967 0.179 0.042 0.05
1 0.277 0.846 0.026 0.016
1 0.336 0.499 0.028 0.026
1 0.392 0.359 0.02 0.026
1 0.57 0.911 0.012 0.014
1 0.623 0.871 0.026 0.026
1 0.656 0.85 0.012 0.012
1 0.864 0.789 0.024 0.03
1 0.755 0.843 0.022 0.022
1 0.79 0.861 0.012 0.058
1 0.809 0.859 0.022 0.026
1 0.836 0.864 0.032 0.04
1 0.661 0.433 0.026 0.03
1 0.636 0.403 0.02 0.026
1 0.675 0.379 0.018 0.034
1 0.851 0.466 0.018 0.02
1 0.128 0.909 0.02 0.022
1 0.102 0.901 0.028 0.018
1 0.109 0.883 0.026 0.014
1 0.197 0.813 0.03 0.022
1 0.039 0.924 0.026 0.044
1 0.063 0.874 0.026 0.024
1 0.044 0.866 0.024 0.02
1 0.046 0.827 0.028 0.026
1 0.045 0.805 0.026 0.018
1 0.036 0.791 0.028 0.018
1 0.123 0.763 0.018 0.026
1 0.047 0.749 0.022 0.026
1 0.068 0.632 0.032 0.04
1 0.158 0.778 0.012 0.028
1 0.151 0.748 0.014 0.028
1 0.446 0.749 0.028 0.026
1 0.568 0.68 0.02 0.032
1 0.64 0.641 0.008 0.018
1 0.145 0.492 0.03 0.024
1 0.181 0.358 0.03 0.024
1 0.224 0.323 0.044 0.026
1 0.341 0.699 0.03 0.026
1 0.3 0.603 0.02 0.022
1 0.433 0.513 0.03 0.03
1 0.524 0.753 0.02 0.026
1 0.598 0.791 0.036 0.022
1 0.629 0.758 0.018 0.016
1 0.718 0.971 0.02 0.034
1 0.812 0.974 0.024 0.048
1 0.836 0.979 0.012 0.026
1 0.793 0.897 0.022 0.026
1 0.781 0.733 0.034 0.03
1 0.958 0.923 0.02 0.022
1 0.621 0.914 0.022 0.028
1 0.04 0.437 0.028 0.026
1 0.043 0.502 0.018 0.016
1 0.306 0.441 0.028 0.022
1 0.354 0.44 0.032 0.02
1 0.032 0.346 0.024 0.04
1 0.146 0.25 0.02 0.024
1 0.199 0.266 0.014 0.016
1 0.286 0.203 0.032 0.03
1 0.404 0.325 0.02 0.046
1 0.397 0.231 0.022 0.022
1 0.45 0.213 0.024 0.018
1 0.713 0.311 0.022 0.026
1 0.727 0.354 0.018 0.02
1 0.759 0.357 0.03 0.026
1 0.744 0.328 0.024 0.02
1 0.765 0.4 0.022 0.02
1 0.873 0.438 0.022 0.02
1 0.864 0.423 0.024 0.018
1 0.095 0.182 0.01 0.02
1 0.221 0.067 0.022 0.022
1 0.234 0.024 0.02 0.028
1 0.218 0.159 0.024 0.03
1 0.191 0.185 0.018 0.022
1 0.562 0.269 0.024 0.03
1 0.638 0.232 0.028 0.036
1 0.868 0.216 0.02 0.02
1 0.944 0.24 0.02 0.02
1 0.44 0.183 0.008 0.034
1 0.455 0.176 0.018 0.048
1 0.979 0.339 0.026 0.022
1 0.853 0.148 0.026 0.036
1 0.874 0.15 0.02 0.048
1 0.395 0.145 0.018 0.034
1 0.511 0.02 0.022 0.02
1 0.546 0.021 0.032 0.022
1 0.519 0.055 0.022 0.018
1 0.521 0.071 0.022 0.014
1 0.728 0.09 0.024 0.016
1 0.714 0.036 0.024 0.024
1 0.884 0.016 0.028 0.028
1 0.931 0.193 0.026 0.026
1 0.982 0.217 0.028 0.03
1 0.979 0.193 0.01 0.018
2 0.264 0.959 0.032 0.038
2 0.308 0.78 0.056 0.068
2 0.549 0.676 0.014 0.016
2 0.896 0.699 0.052 0.094
2 0.874 0.545 0.04 0.062
2 0.542 0.809 0.016 0.018
2 0.535 0.71 0.018 0.016
2 0.437 0.594 0.026 0.028
2 0.523 0.613 0.022 0.022
2 0.932 0.599 0.028 0.03
2 0.474 0.473 0.028 0.046
2 0.682 0.302 0.016 0.036
2 0.2 0.161 0.032 0.066
2 0.347 0.102 0.022 0.036
2 0.551 0.086 0.018 0.028
2 0.437 0.122 0.03 0.06
2 0.398 0.077 0.036 0.03
2 0.885 0.224 0.018 0.036
2 0.714 0.296 0.04 0.016