0 0.983 0.011 0.03 0.022
0 0.991 0.061 0.014 0.03
0 0.98 0.052 0.016 0.024
0 0.95 0.081 0.028 0.03
0 0.876 0.008 0.024 0.016
0 0.853 0.02 0.014 0.024
0 0.797 0.029 0.038 0.038
0 0.975 0.171 0.026 0.03
0 0.994 0.193 0.008 0.026
0 0.949 0.246 0.034 0.02
0 0.914 0.251 0.02 0.05
0 0.776 0.09 0.052 0.052
0 0.892 0.361 0.044 0.034
0 0.866 0.487 0.04 0.046
0 0.99 0.569 0.016 0.034
0 0.971 0.642 0.042 0.044
0 0.979 0.706 0.038 0.036
0 0.883 0.722 0.038 0.036
0 0.912 0.801 0.036 0.022
0 0.875 0.809 0.042 0.042
0 0.988 0.955 0.02 0.03
0 0.99 0.987 0.02 0.022
0 0.964 0.977 0.044 0.038
0 0.927 0.971 0.026 0.026
0 0.917 0.939 0.014 0.022
0 0.906 0.955 0.024 0.026
0 0.881 0.958 0.034 0.032
0 0.847 0.884 0.038 0.028
0 0.8 0.991 0.028 0.014
0 0.765 0.909 0.046 0.026
0 0.796 0.913 0.02 0.014
0 0.851 0.203 0.034 0.03
0 0.855 0.227 0.026 0.022
0 0.828 0.209 0.032 0.042
0 0.785 0.199 0.034 0.038
0 0.79 0.269 0.02 0.034
0 0.822 0.329 0.032 0.03
0 0.789 0.343 0.03 0.026
0 0.821 0.411 0.026 0.026
0 0.779 0.388 0.042 0.032
0 0.778 0.846 0.024 0.028
0 0.812 0.85 0.02 0.024
0 0.799 0.811 0.018 0.018
0 0.778 0.809 0.036 0.038
0 0.802 0.767 0.052 0.03
0 0.772 0.757 0.028 0.038
0 0.797 0.732 0.034 0.024
0 0.743 0.771 0.034 0.03
0 0.698 0.768 0.036 0.032
0 0.634 0.888 0.052 0.04
0 0.607 0.947 0.046 0.034
0 0.488 0.985 0.052 0.026
0 0.516 0.939 0.044 0.026
0 0.543 0.926 0.034 0.036
0 0.525 0.916 0.022 0.024
0 0.435 0.943 0.038 0.038
0 0.377 0.876 0.05 0.032
0 0.464 0.842 0.048 0.044
0 0.603 0.831 0.046 0.03
0 0.639 0.787 0.038 0.022
0 0.605 0.771 0.042 0.03
0 0.471 0.741 0.054 0.054
0 0.369 0.805 0.038 0.03
0 0.317 0.935 0.054 0.038
0 0.255 0.939 0.042 0.03
0 0.214 0.947 0.04 0.034
0 0.108 0.956 0.04 0.032
0 0.172 0.905 0.048 0.038
0 0.059 0.92 0.054 0.04
0 0.054 0.838 0.04 0.04
0 0.02 0.801 0.036 0.038
0 0.097 0.757 0.03 0.034
0 0.15 0.776 0.04 0.036
0 0.282 0.808 0.036 0.056
0 0.877 0.598 0.046 0.048
0 0.825 0.629 0.042 0.038
0 0.745 0.629 0.038 0.034
0 0.788 0.562 0.036 0.036
0 0.747 0.581 0.034 0.034
0 0.738 0.563 0.036 0.03
0 0.745 0.433 0.042 0.046
0 0.75 0.279 0.036 0.05
0 0.717 0.284 0.058 0.092
0 0.694 0.211 0.04 0.034
0 0.661 0.135 0.03 0.034
0 0.651 0.03 0.022 0.028
0 0.631 0.024 0.026 0.04
0 0.621 0.078 0.034 0.044
0 0.553 0.044 0.05 0.052
0 0.754 0.498 0.02 0.028
0 0.671 0.396 0.046 0.044
0 0.679 0.494 0.05 0.048
0 0.686 0.547 0.02 0.022
0 0.621 0.523 0.042 0.034
0 0.612 0.545 0.036 0.042
0 0.576 0.545 0.04 0.03
0 0.629 0.443 0.054 0.07
0 0.747 0.34 0.046 0.02
0 0.622 0.266 0.036 0.052
0 0.481 0.073 0.026 0.038
0 0.37 0.018 0.032 0.036
0 0.294 0.008 0.036 0.016
0 0.262 0.033 0.056 0.034
0 0.213 0.004 0.034 0.008
0 0.23 0.038 0.032 0.036
0 0.138 0.028 0.044 0.04
0 0.047 0.007 0.042 0.014
0 0.069 0.087 0.046 0.038
0 0.019 0.108 0.034 0.048
0 0.178 0.135 0.024 0.03
0 0.1 0.182 0.036 0.032
0 0.053 0.18 0.034 0.044
0 0.386 0.128 0.052 0.06
0 0.318 0.139 0.044 0.05
0 0.283 0.103 0.026 0.018
0 0.452 0.24 0.048 0.052
0 0.482 0.216 0.02 0.032
0 0.529 0.628 0.03 0.036
0 0.496 0.595 0.04 0.05
0 0.442 0.635 0.02 0.03
0 0.425 0.605 0.042 0.046
0 0.354 0.588 0.052 0.048
0 0.282 0.693 0.02 0.014
0 0.277 0.706 0.026 0.024
0 0.215 0.7 0.046 0.044
0 0.157 0.69 0.026 0.036
0 0.124 0.679 0.036 0.038
0 0.032 0.626 0.036 0.052
0 0.076 0.605 0.028 0.066
0 0.097 0.601 0.022 0.026
0 0.018 0.54 0.032 0.06
0 0.04 0.55 0.02 0.032
0 0.016 0.484 0.028 0.04
0 0.218 0.629 0.036 0.05
0 0.158 0.567 0.036 0.046
0 0.181 0.543 0.038 0.038
0 0.138 0.464 0.036 0.048
0 0.184 0.44 0.052 0.056
0 0.342 0.536 0.044 0.024
0 0.308 0.519 0.036 0.03
0 0.262 0.44 0.032 0.048
0 0.294 0.47 0.024 0.052
0 0.333 0.461 0.034 0.066
0 0.504 0.482 0.036 0.052
0 0.541 0.488 0.042 0.036
0 0.576 0.327 0.032 0.038
0 0.53 0.307 0.032 0.03
0 0.55 0.351 0.032 0.018
0 0.497 0.389 0.038 0.042
0 0.469 0.336 0.022 0.016
0 0.424 0.33 0.032 0.032
0 0.338 0.345 0.036 0.042
0 0.386 0.332 0.024 0.032
0 0.164 0.374 0.032 0.04
0 0.21 0.364 0.04 0.036
0 0.209 0.322 0.03 0.028
0 0.187 0.286 0.03 0.028
0 0.116 0.268 0.032 0.032
0 0.01 0.318 0.016 0.036
0 0.026 0.298 0.032 0.036
0 0.375 0.287 0.034 0.018
1 0.916 0.034 0.02 0.036
1 0.842 0.07 0.024 0.024
1 0.929 0.112 0.014 0.02
1 0.988 0.272 0.016 0.036
1 0.798 0.142 0.028 0.016
1 0.861 0.149 0.01 0.022
1 0.897 0.174 0.022 0.016
1 0.96 0.425 0.02 0.022
1 0.934 0.407 0.032 0.018
1 0.997 0.771 0.002 0.014
1 0.895 0.983 0.03 0.014
1 0.578 0.977 0.02 0.03
1 0.356 0.976 0.024 0.024
1 0.543 0.854 0.01 0.04
1 0.562 0.717 0.016 0.022
1 0.576 0.729 0.016 0.014
1 0.475 0.689 0.03 0.018
1 0.106 0.993 0.032 0.01
1 0.045 0.887 0.018 0.018
1 0.254 0.838 0.024 0.024
1 0.314 0.795 0.028 0.03
1 0.329 0.819 0.01 0.014
1 0.258 0.767 0.02 0.022
1 0.599 0.027 0.034 0.014
1 0.55 0.084 0.016 0.02
1 0.711 0.058 0.014 0.008
1 0.227 0.06 0.018 0.012
1 0.202 0.14 0.02 0.02
1 0.108 0.157 0.016 0.018
1 0.446 0.128 0.028 0.028
1 0.329 0.193 0.026 0.026
1 0.353 0.214 0.022 0.036
1 0.506 0.218 0.016 0.016
1 0.494 0.219 0.008 0.022
1 0.354 0.607 0.032 0.018
1 0.286 0.574 0.032 0.036
1 0.142 0.701 0.016 0.022
1 0.133 0.603 0.03 0.018
1 0.104 0.641 0.012 0.022
1 0.114 0.62 0.012 0.02
1 0.158 0.51 0.016 0.024
1 0.343 0.56 0.014 0.024
1 0.24 0.487 0.02 0.026
1 0.26 0.482 0.012 0.024
1 0.425 0.531 0.022 0.018
1 0.47 0.514 0.036 0.032
1 0.463 0.401 0.018 0.03
1 0.556 0.83 0.016 0.016
1 0.249 0.329 0.022 0.018
1 0.178 0.336 0.024 0.02
1 0.138 0.325 0.044 0.038
1 0.388 0.674 0.02 0.02
1 0.574 0.294 0.008 0.028
2 0.912 0.202 0.032 0.032
2 0.887 0.039 0.046 0.03
2 0.982 0.386 0.032 0.032
2 0.898 0.323 0.028 0.022
2 0.933 0.358 0.022 0.032
2 0.945 0.377 0.018 0.022
2 0.911 0.44 0.034 0.028
2 0.932 0.469 0.024 0.034
2 0.948 0.729 0.028 0.01
2 0.93 0.735 0.032 0.03
2 0.747 0.975 0.038 0.026
2 0.783 0.942 0.022 0.012
2 0.992 0.904 0.012 0.028
2 0.821 0.279 0.026 0.038
2 0.829 0.376 0.026 0.024
2 0.482 0.929 0.02 0.018
2 0.526 0.707 0.024 0.022
2 0.386 0.76 0.032 0.024
2 0.724 0.529 0.024 0.018
2 0.683 0.332 0.022 0.024
2 0.606 0.18 0.028 0.028
2 0.045 0.064 0.022 0.032
2 0.005 0.082 0.006 0.04
2 0.51 0.251 0.036 0.042
2 0.678 0.652 0.032 0.02
2 0.31 0.637 0.02 0.042
2 0.051 0.574 0.018 0.02
2 0.447 0.418 0.018 0.02
2 0.075 0.335 0.026 0.022
2 0.146 0.227 0.02 0.034
2 0.261 0.216 0.026 0.032
2 0.748 0.141 0.024 0.03
2 0.158 0.049 0.016 0.018
2 0.167 0.858 0.042 0.024
2 0.073 0.688 0.022 0.016
2 0.606 0.395 0.012 0.03
2 0.551 0.542 0.022 0.012
2 0.345 0.882 0.01 0.012
2 0.378 0.996 0.04 0.004
2 0.883 0.935 0.018 0.018
2 0.93 0.941 0.02 0.018
2 0.563 0.952 0.018 0.02