0 0.565 0.217 0.034 0.062
0 0.061 0.092 0.034 0.06
0 0.097 0.107 0.034 0.066
0 0.139 0.125 0.038 0.062
0 0.176 0.166 0.04 0.056
0 0.171 0.101 0.03 0.046
0 0.201 0.107 0.026 0.038
0 0.193 0.087 0.03 0.042
0 0.235 0.152 0.042 0.068
0 0.261 0.126 0.03 0.04
0 0.295 0.156 0.034 0.064
0 0.076 0.191 0.04 0.042
0 0.075 0.238 0.038 0.04
0 0.133 0.246 0.038 0.032
0 0.073 0.298 0.038 0.056
0 0.018 0.22 0.036 0.052
0 0.014 0.271 0.028 0.062
0 0.275 0.049 0.034 0.05
0 0.311 0.057 0.042 0.046
0 0.373 0.042 0.05 0.068
0 0.412 0.028 0.044 0.052
0 0.457 0.015 0.046 0.03
0 0.676 0.018 0.044 0.036
0 0.419 0.115 0.042 0.054
0 0.614 0.096 0.028 0.036
0 0.663 0.14 0.034 0.036
0 0.648 0.097 0.028 0.054
0 0.92 0.086 0.036 0.032
0 0.864 0.011 0.044 0.022
0 0.914 0.251 0.048 0.058
0 0.956 0.299 0.036 0.034
0 0.908 0.304 0.044 0.048
0 0.867 0.322 0.042 0.056
0 0.933 0.395 0.038 0.058
0 0.848 0.274 0.032 0.06
0 0.816 0.293 0.048 0.082
0 0.769 0.263 0.046 0.066
0 0.741 0.247 0.038 0.082
0 0.639 0.225 0.038 0.05
0 0.674 0.257 0.04 0.046
0 0.483 0.213 0.05 0.05
0 0.4 0.262 0.056 0.068
0 0.312 0.246 0.044 0.08
0 0.475 0.266 0.034 0.048
0 0.505 0.263 0.038 0.05
0 0.544 0.277 0.04 0.058
0 0.511 0.307 0.038 0.046
0 0.433 0.358 0.054 0.052
0 0.429 0.411 0.034 0.042
0 0.468 0.427 0.04 0.062
0 0.43 0.452 0.032 0.056
0 0.274 0.314 0.036 0.06
0 0.232 0.282 0.052 0.032
0 0.187 0.349 0.046 0.054
0 0.104 0.361 0.032 0.042
0 0.027 0.374 0.046 0.076
0 0.103 0.478 0.038 0.056
0 0.065 0.524 0.042 0.048
0 0.173 0.451 0.038 0.054
0 0.017 0.458 0.034 0.052
0 0.249 0.404 0.03 0.044
0 0.244 0.468 0.044 0.064
0 0.306 0.475 0.036 0.054
0 0.266 0.504 0.036 0.056
0 0.335 0.512 0.038 0.06
0 0.303 0.523 0.03 0.05
0 0.368 0.495 0.04 0.05
0 0.227 0.543 0.014 0.034
0 0.244 0.622 0.04 0.044
0 0.237 0.644 0.038 0.036
0 0.373 0.676 0.038 0.048
0 0.315 0.628 0.03 0.056
0 0.271 0.733 0.038 0.07
0 0.224 0.721 0.044 0.058
0 0.163 0.772 0.046 0.06
0 0.305 0.755 0.046 0.05
0 0.424 0.761 0.028 0.05
0 0.441 0.697 0.042 0.062
0 0.422 0.824 0.04 0.056
0 0.439 0.874 0.038 0.056
0 0.468 0.857 0.04 0.054
0 0.288 0.91 0.032 0.04
0 0.304 0.886 0.036 0.036
0 0.371 0.925 0.026 0.034
0 0.38 0.903 0.028 0.038
0 0.369 0.99 0.034 0.016
0 0.022 0.59 0.032 0.056
0 0.066 0.643 0.04 0.05
0 0.073 0.594 0.042 0.06
0 0.135 0.676 0.034 0.048
0 0.075 0.752 0.03 0.052
0 0.092 0.767 0.032 0.062
0 0.021 0.799 0.03 0.066
0 0.139 0.831 0.038 0.062
0 0.012 0.887 0.024 0.05
0 0.04 0.924 0.04 0.064
0 0.051 0.967 0.042 0.054
0 0.195 0.901 0.034 0.062
0 0.23 0.872 0.036 0.056
0 0.201 0.938 0.018 0.024
0 0.233 0.935 0.026 0.034
0 0.178 0.951 0.032 0.042
0 0.337 0.982 0.034 0.032
0 0.419 0.965 0.054 0.054
0 0.49 0.919 0.044 0.058
0 0.526 0.98 0.028 0.036
0 0.532 0.937 0.044 0.058
0 0.579 0.966 0.034 0.056
0 0.612 0.901 0.052 0.086
0 0.638 0.945 0.024 0.034
0 0.683 0.941 0.026 0.03
0 0.715 0.981 0.03 0.034
0 0.874 0.922 0.048 0.072
0 0.953 0.958 0.034 0.056
0 0.926 0.908 0.02 0.036
0 0.915 0.925 0.026 0.022
0 0.961 0.905 0.022 0.018
0 0.878 0.885 0.04 0.042
0 0.89 0.853 0.032 0.042
0 0.745 0.879 0.042 0.066
0 0.833 0.761 0.046 0.062
0 0.804 0.786 0.036 0.06
0 0.864 0.812 0.044 0.04
0 0.858 0.8 0.032 0.028
0 0.987 0.728 0.022 0.056
0 0.966 0.685 0.044 0.062
0 0.924 0.703 0.04 0.066
0 0.893 0.672 0.046 0.072
0 0.82 0.672 0.016 0.024
0 0.83 0.689 0.02 0.026
0 0.812 0.707 0.04 0.046
0 0.649 0.789 0.046 0.078
0 0.546 0.798 0.032 0.052
0 0.604 0.793 0.036 0.062
0 0.586 0.732 0.044 0.048
0 0.497 0.635 0.038 0.042
0 0.5 0.616 0.024 0.028
0 0.571 0.591 0.034 0.042
0 0.565 0.662 0.03 0.028
0 0.565 0.637 0.034 0.038
0 0.593 0.706 0.026 0.032
0 0.669 0.639 0.054 0.074
0 0.713 0.713 0.046 0.086
0 0.737 0.738 0.038 0.056
0 0.859 0.63 0.038 0.044
0 0.927 0.549 0.034 0.046
0 0.883 0.547 0.046 0.054
0 0.824 0.55 0.04 0.052
0 0.649 0.575 0.042 0.058
0 0.715 0.528 0.038 0.052
0 0.782 0.537 0.044 0.086
0 0.817 0.58 0.022 0.016
0 0.744 0.54 0.028 0.044
0 0.735 0.508 0.022 0.032
0 0.422 0.56 0.036 0.06
0 0.507 0.488 0.042 0.048
0 0.576 0.506 0.036 0.064
0 0.637 0.465 0.034 0.054
0 0.629 0.375 0.038 0.038
0 0.661 0.329 0.03 0.03
0 0.721 0.351 0.054 0.058
0 0.751 0.487 0.038 0.062
0 0.757 0.437 0.046 0.038
0 0.949 0.461 0.058 0.066
0 0.845 0.409 0.03 0.042
0 0.84 0.432 0.024 0.024
0 0.961 0.196 0.022 0.024
0 0.885 0.162 0.01 0.048
0 0.721 0.225 0.01 0.026
0 0.013 0.006 0.026 0.012
0 0.212 0.007 0.036 0.014
0 0.072 0.004 0.016 0.008
0 0.271 0.16 0.022 0.024
0 0.617 0.734 0.018 0.012
0 0.703 0.779 0.03 0.022
0 0.005 0.408 0.01 0.028
1 0.126 0.444 0.02 0.024
1 0.276 0.391 0.02 0.022
1 0.248 0.811 0.02 0.022
1 0.313 0.921 0.022 0.022
1 0.338 0.937 0.016 0.022
1 0.482 0.984 0.016 0.024
1 0.87 0.743 0.012 0.01
1 0.616 0.753 0.02 0.014
1 0.531 0.603 0.014 0.018
1 0.766 0.64 0.016 0.028
1 0.601 0.449 0.026 0.026
1 0.62 0.409 0.024 0.022
1 0.904 0.455 0.016 0.026
1 0.99 0.221 0.016 0.018
1 0.717 0.161 0.014 0.01
1 0.106 0.21 0.012 0.016
1 0.371 0.142 0.014 0.02
1 0.689 0.205 0.026 0.022
1 0.657 0.478 0.014 0.016
1 0.712 0.089 0.02 0.014
1 0.939 0.271 0.014 0.014
2 0.122 0.33 0.028 0.044
2 0.097 0.432 0.038 0.032
2 0.22 0.393 0.06 0.03
2 0.205 0.494 0.034 0.056
2 0.253 0.554 0.018 0.016
2 0.22 0.576 0.024 0.032
2 0.332 0.782 0.028 0.032
2 0.321 0.906 0.034 0.036
2 0.315 0.864 0.042 0.044
2 0.375 0.862 0.026 0.032
2 0.014 0.57 0.02 0.032
2 0.063 0.67 0.034 0.036
2 0.022 0.737 0.04 0.062
2 0.167 0.899 0.022 0.026
2 0.114 0.927 0.024 0.03
2 0.338 0.953 0.016 0.018
2 0.6 0.988 0.024 0.02
2 0.631 0.977 0.034 0.042
2 0.656 0.98 0.04 0.036
2 0.695 0.986 0.022 0.024
2 0.722 0.964 0.028 0.028
2 0.895 0.949 0.014 0.022
2 0.966 0.923 0.028 0.018
2 0.942 0.932 0.02 0.028
2 0.732 0.859 0.024 0.038
2 0.802 0.835 0.016 0.018
2 0.515 0.79 0.022 0.048
2 0.536 0.692 0.02 0.024
2 0.796 0.86 0.028 0.024
2 0.696 0.87 0.02 0.032
2 0.508 0.534 0.052 0.056
2 0.464 0.584 0.012 0.02
2 0.446 0.647 0.02 0.026
2 0.718 0.421 0.048 0.05
2 0.803 0.469 0.03 0.034
2 0.84 0.382 0.048 0.048
2 0.789 0.349 0.038 0.038
2 0.783 0.385 0.018 0.014
2 0.854 0.351 0.036 0.03
2 0.928 0.287 0.016 0.022
2 0.007 0.04 0.014 0.036
2 0.187 0.057 0.022 0.022
2 0.11 0.005 0.012 0.01
2 0.012 0.199 0.024 0.042
2 0.993 0.169 0.01 0.026
2 0.67 0.117 0.02 0.022
2 0.984 0.903 0.028 0.054
2 0.262 0.979 0.032 0.038
2 0.273 0.785 0.026 0.03
2 0.256 0.679 0.028 0.034
2 0.319 0.594 0.026 0.016
2 0.15 0.519 0.02 0.022
2 0.011 0.493 0.018 0.018
2 0.158 0.488 0.02 0.02
2 0.271 0.468 0.014 0.012
2 0.323 0.43 0.034 0.02
2 0.41 0.45 0.024 0.024
2 0.369 0.406 0.026 0.036
2 0.55 0.503 0.016 0.05
2 0.527 0.388 0.03 0.04
2 0.599 0.216 0.026 0.032
2 0.588 0.13 0.016 0.036
2 0.338 0.196 0.048 0.044
2 0.21 0.339 0.028 0.046