0 0.671 0.714 0.05 0.056
0 0.894 0.375 0.04 0.07
0 0.831 0.432 0.05 0.072
0 0.72 0.436 0.056 0.064
0 0.676 0.35 0.044 0.052
0 0.602 0.345 0.044 0.046
0 0.539 0.48 0.054 0.088
0 0.561 0.516 0.066 0.088
0 0.623 0.526 0.038 0.056
0 0.814 0.585 0.036 0.058
0 0.757 0.594 0.026 0.036
0 0.708 0.656 0.04 0.044
0 0.551 0.69 0.03 0.044
0 0.55 0.729 0.04 0.046
0 0.504 0.77 0.04 0.044
0 0.959 0.928 0.038 0.06
0 0.895 0.94 0.034 0.048
0 0.815 0.963 0.042 0.042
0 0.775 0.979 0.034 0.038
0 0.722 0.989 0.036 0.018
0 0.651 0.958 0.03 0.04
0 0.687 0.95 0.042 0.06
0 0.727 0.932 0.046 0.06
0 0.576 0.99 0.04 0.016
0 0.582 0.938 0.036 0.044
0 0.555 0.912 0.046 0.052
0 0.499 0.949 0.042 0.054
0 0.5 0.912 0.04 0.044
0 0.433 0.941 0.038 0.046
0 0.314 0.983 0.024 0.03
0 0.35 0.958 0.04 0.048
0 0.234 0.905 0.044 0.05
0 0.366 0.929 0.052 0.066
0 0.211 0.992 0.042 0.012
0 0.111 0.954 0.038 0.048
0 0.056 0.978 0.048 0.04
0 0.085 0.944 0.034 0.028
0 0.089 0.892 0.054 0.06
0 0.005 0.944 0.006 0.02
0 0.253 0.802 0.046 0.056
0 0.364 0.812 0.04 0.044
0 0.342 0.793 0.032 0.042
0 0.819 0.919 0.038 0.046
0 0.857 0.891 0.046 0.086
0 0.766 0.829 0.052 0.062
0 0.73 0.824 0.036 0.064
0 0.648 0.864 0.044 0.076
0 0.561 0.826 0.038 0.052
0 0.92 0.845 0.036 0.058
0 0.861 0.772 0.066 0.08
0 0.3 0.67 0.04 0.096
0 0.209 0.707 0.05 0.054
0 0.418 0.694 0.04 0.052
0 0.364 0.639 0.04 0.07
0 0.656 0.61 0.032 0.04
0 0.75 0.55 0.028 0.048
0 0.966 0.611 0.052 0.066
0 0.98 0.339 0.036 0.062
0 0.505 0.69 0.03 0.048
0 0.166 0.732 0.032 0.04
0 0.026 0.639 0.048 0.05
0 0.123 0.666 0.046 0.064
0 0.518 0.382 0.04 0.06
0 0.415 0.443 0.038 0.038
0 0.443 0.661 0.034 0.058
0 0.14 0.515 0.044 0.066
0 0.043 0.543 0.046 0.046
0 0.036 0.487 0.064 0.074
0 0.102 0.757 0.036 0.058
0 0.008 0.773 0.012 0.042
0 0.293 0.413 0.038 0.042
0 0.207 0.398 0.046 0.052
0 0.18 0.433 0.028 0.03
0 0.25 0.475 0.036 0.042
0 0.342 0.482 0.048 0.068
0 0.308 0.501 0.028 0.05
0 0.036 0.592 0.032 0.032
0 0.172 0.699 0.016 0.026
0 0.453 0.595 0.038 0.054
0 0.831 0.24 0.054 0.092
0 0.817 0.131 0.042 0.05
0 0.784 0.139 0.036 0.058
0 0.839 0.163 0.038 0.042
0 0.62 0.267 0.032 0.058
0 0.476 0.252 0.04 0.056
0 0.515 0.243 0.062 0.058
0 0.37 0.379 0.032 0.054
0 0.348 0.386 0.02 0.04
0 0.413 0.358 0.03 0.04
0 0.421 0.322 0.03 0.032
0 0.34 0.313 0.032 0.038
0 0.353 0.286 0.026 0.028
0 0.367 0.315 0.026 0.05
0 0.187 0.349 0.042 0.046
0 0.23 0.275 0.044 0.046
0 0.145 0.301 0.046 0.066
0 0.054 0.323 0.048 0.046
0 0.055 0.287 0.03 0.038
0 0.015 0.405 0.026 0.038
0 0.039 0.393 0.046 0.058
0 0.344 0.593 0.032 0.038
0 0.405 0.278 0.034 0.04
0 0.415 0.241 0.026 0.03
0 0.32 0.148 0.028 0.04
0 0.381 0.108 0.046 0.048
0 0.125 0.164 0.07 0.056
0 0.081 0.255 0.034 0.03
0 0.085 0.093 0.038 0.042
0 0.023 0.041 0.042 0.046
0 0.139 0.038 0.034 0.048
0 0.216 0.097 0.036 0.05
0 0.26 0.124 0.024 0.028
0 0.287 0.108 0.038 0.036
0 0.315 0.042 0.066 0.08
0 0.468 0.068 0.044 0.048
0 0.524 0.035 0.044 0.046
0 0.534 0.113 0.036 0.046
0 0.644 0.226 0.048 0.064
0 0.905 0.318 0.046 0.056
0 0.933 0.166 0.034 0.048
0 0.914 0.121 0.044 0.05
0 0.936 0.068 0.04 0.048
0 0.833 0.025 0.042 0.046
0 0.055 0.77 0.038 0.032
0 0.066 0.074 0.044 0.056
0 0.908 0.896 0.032 0.036
0 0.984 0.709 0.028 0.07
0 0.651 0.681 0.034 0.038
0 0.689 0.531 0.042 0.074
0 0.984 0.433 0.028 0.07
0 0.702 0.254 0.04 0.048
0 0.572 0.259 0.04 0.054
0 0.944 0.273 0.044 0.05
0 0.87 0.258 0.036 0.06
0 0.686 0.292 0.032 0.028
0 0.041 0.211 0.062 0.046
0 0.017 0.18 0.03 0.056
0 0.273 0.037 0.038 0.038
0 0.974 0.028 0.04 0.04
1 0.275 0.864 0.026 0.036
1 0.611 0.628 0.022 0.04
1 0.736 0.565 0.016 0.026
1 0.314 0.868 0.024 0.036
1 0.439 0.527 0.018 0.03
1 0.134 0.481 0.028 0.026
1 0.234 0.437 0.024 0.022
1 0.275 0.523 0.026 0.03
1 0.186 0.578 0.016 0.024
1 0.379 0.599 0.022 0.022
1 0.051 0.134 0.018 0.02
1 0.349 0.073 0.022 0.042
1 0.647 0.033 0.018 0.034
1 0.744 0.048 0.02 0.024
1 0.422 0.827 0.02 0.026
1 0.321 0.783 0.018 0.022
1 0.297 0.777 0.022 0.026
1 0.221 0.973 0.014 0.014
1 0.234 0.967 0.02 0.022
1 0.252 0.929 0.024 0.03
1 0.14 0.9 0.024 0.024
1 0.195 0.874 0.026 0.032
1 0.625 0.773 0.022 0.026
1 0.602 0.809 0.028 0.034
1 0.822 0.796 0.024 0.024
1 0.783 0.782 0.022 0.012
1 0.197 0.796 0.022 0.024
1 0.055 0.887 0.018 0.026
1 0.938 0.868 0.02 0.032
1 0.986 0.808 0.024 0.024
1 0.942 0.794 0.048 0.028
1 0.81 0.864 0.02 0.036
1 0.874 0.628 0.02 0.028
1 0.485 0.571 0.026 0.03
1 0.441 0.56 0.026 0.02
1 0.383 0.541 0.026 0.042
1 0.945 0.483 0.022 0.03
1 0.912 0.472 0.024 0.028
1 0.867 0.506 0.014 0.024
1 0.831 0.512 0.018 0.024
1 0.797 0.525 0.022 0.034
1 0.638 0.483 0.024 0.018
1 0.765 0.475 0.026 0.034
1 0.96 0.459 0.024 0.026
1 0.213 0.538 0.026 0.036
1 0.224 0.517 0.028 0.018
1 0.255 0.392 0.026 0.02
1 0.275 0.366 0.03 0.02
1 0.086 0.416 0.024 0.028
1 0.079 0.36 0.026 0.028
1 0.064 0.623 0.02 0.026
1 0.072 0.544 0.024 0.036
1 0.298 0.458 0.02 0.02
1 0.712 0.378 0.032 0.036
1 0.644 0.382 0.024 0.024
1 0.596 0.406 0.028 0.028
1 0.498 0.411 0.016 0.022
1 0.418 0.389 0.028 0.026
1 0.562 0.215 0.024 0.03
1 0.578 0.2 0.02 0.024
1 0.851 0.38 0.022 0.024
1 0.907 0.249 0.03 0.018
1 0.884 0.218 0.036 0.016
1 0.854 0.306 0.024 0.032
1 0.879 0.189 0.022 0.038
1 0.744 0.151 0.02 0.022
1 0.747 0.125 0.018 0.018
1 0.691 0.112 0.038 0.028
1 0.582 0.158 0.028 0.024
1 0.638 0.18 0.036 0.024
1 0.722 0.246 0.016 0.028
1 0.736 0.223 0.012 0.022
1 0.329 0.266 0.022 0.016
1 0.312 0.216 0.02 0.02
1 0.375 0.182 0.038 0.02
1 0.166 0.398 0.02 0.032
1 0.189 0.32 0.026 0.016
1 0.153 0.264 0.022 0.016
1 0.242 0.244 0.024 0.02
1 0.432 0.009 0.008 0.014
1 0.434 0.141 0.024 0.022
1 0.442 0.124 0.02 0.016
1 0.752 0.172 0.024 0.028
2 0.721 0.746 0.034 0.056
2 0.101 0.818 0.03 0.032
2 0.929 0.671 0.018 0.026
2 0.82 0.676 0.036 0.02
2 0.777 0.704 0.026 0.024
2 0.758 0.748 0.024 0.024
2 0.746 0.735 0.012 0.034
2 0.419 0.62 0.022 0.056
2 0.379 0.66 0.042 0.048
2 0.584 0.627 0.032 0.026
2 0.578 0.6 0.024 0.028
2 0.53 0.625 0.02 0.03
2 0.717 0.542 0.022 0.02
2 0.706 0.585 0.024 0.042
2 0.256 0.675 0.016 0.026
2 0.193 0.661 0.018 0.018
2 0.938 0.401 0.036 0.05
2 0.924 0.544 0.024 0.024
2 0.944 0.565 0.012 0.018
2 0.957 0.554 0.014 0.012
2 0.957 0.569 0.014 0.018
2 0.644 0.282 0.016 0.02
2 0.56 0.31 0.02 0.024
2 0.444 0.058 0.032 0.04
2 0.42 0.048 0.024 0.044
2 0.479 0.02 0.038 0.036
2 0.656 0.063 0.032 0.034
2 0.572 0.104 0.012 0.028
2 0.641 0.105 0.018 0.022
2 0.381 0.161 0.03 0.022