0 0.876 0.965 0.044 0.058
0 0.78 0.908 0.032 0.036
0 0.741 0.858 0.03 0.04
0 0.703 0.867 0.034 0.046
0 0.628 0.902 0.044 0.036
0 0.513 0.971 0.038 0.046
0 0.685 0.987 0.042 0.022
0 0.359 0.979 0.046 0.038
0 0.447 0.842 0.042 0.044
0 0.368 0.859 0.04 0.054
0 0.307 0.905 0.038 0.042
0 0.255 0.893 0.042 0.046
0 0.187 0.828 0.038 0.056
0 0.098 0.786 0.04 0.048
0 0.148 0.739 0.04 0.05
0 0.028 0.772 0.052 0.044
0 0.588 0.976 0.044 0.032
0 0.818 0.787 0.04 0.038
0 0.564 0.812 0.048 0.044
0 0.57 0.72 0.036 0.036
0 0.963 0.762 0.038 0.048
0 0.827 0.741 0.034 0.042
0 0.465 0.778 0.046 0.056
0 0.414 0.703 0.044 0.046
0 0.527 0.683 0.038 0.038
0 0.381 0.678 0.034 0.04
0 0.216 0.664 0.048 0.056
0 0.252 0.602 0.04 0.04
0 0.196 0.574 0.04 0.032
0 0.281 0.553 0.026 0.03
0 0.245 0.507 0.034 0.034
0 0.199 0.519 0.034 0.038
0 0.179 0.478 0.034 0.032
0 0.122 0.461 0.036 0.042
0 0.082 0.483 0.04 0.03
0 0.089 0.559 0.038 0.038
0 0.012 0.569 0.024 0.038
0 0.141 0.401 0.038 0.034
0 0.227 0.412 0.038 0.036
0 0.131 0.34 0.046 0.044
0 0.438 0.509 0.036 0.034
0 0.595 0.644 0.042 0.044
0 0.968 0.645 0.032 0.046
0 0.922 0.766 0.04 0.036
0 0.947 0.723 0.042 0.054
0 0.754 0.532 0.04 0.04
0 0.525 0.457 0.054 0.042
0 0.572 0.443 0.036 0.046
0 0.365 0.426 0.046 0.048
0 0.368 0.396 0.044 0.028
0 0.491 0.339 0.026 0.058
0 0.475 0.346 0.034 0.044
0 0.526 0.364 0.044 0.036
0 0.57 0.412 0.044 0.036
0 0.438 0.394 0.04 0.044
0 0.522 0.418 0.044 0.032
0 0.561 0.481 0.034 0.034
0 0.66 0.471 0.032 0.03
0 0.725 0.396 0.038 0.04
0 0.718 0.628 0.032 0.036
0 0.664 0.649 0.032 0.046
0 0.78 0.769 0.048 0.074
0 0.796 0.851 0.036 0.058
0 0.321 0.868 0.038 0.044
0 0.026 0.411 0.032 0.034
0 0.018 0.472 0.036 0.036
0 0.198 0.301 0.036 0.038
0 0.1 0.269 0.052 0.054
0 0.088 0.314 0.048 0.052
0 0.221 0.248 0.038 0.036
0 0.172 0.222 0.048 0.052
0 0.375 0.252 0.042 0.044
0 0.346 0.325 0.036 0.046
0 0.546 0.32 0.032 0.036
0 0.556 0.299 0.036 0.03
0 0.592 0.286 0.04 0.036
0 0.584 0.239 0.04 0.042
0 0.519 0.149 0.034 0.054
0 0.446 0.149 0.052 0.054
0 0.564 0.081 0.048 0.054
0 0.622 0.1 0.044 0.052
0 0.672 0.198 0.032 0.032
0 0.691 0.225 0.038 0.03
0 0.697 0.161 0.05 0.062
0 0.853 0.253 0.034 0.05
0 0.894 0.249 0.04 0.046
0 0.91 0.287 0.04 0.038
0 0.879 0.371 0.038 0.034
0 0.877 0.404 0.034 0.036
0 0.979 0.448 0.034 0.036
0 0.892 0.49 0.044 0.04
0 0.944 0.415 0.032 0.038
0 0.913 0.428 0.034 0.036
0 0.98 0.3 0.036 0.036
0 0.978 0.255 0.04 0.05
0 0.866 0.173 0.032 0.038
0 0.946 0.182 0.044 0.048
0 0.93 0.374 0.04 0.04
0 0.926 0.067 0.032 0.05
0 0.869 0.076 0.038 0.068
0 0.806 0.086 0.036 0.048
0 0.717 0.027 0.038 0.038
0 0.368 0.138 0.04 0.048
0 0.297 0.142 0.042 0.056
0 0.243 0.146 0.034 0.048
0 0.134 0.14 0.048 0.048
0 0.186 0.017 0.048 0.03
0 0.051 0.219 0.038 0.038
0 0.017 0.281 0.034 0.038
0 0.073 0.117 0.05 0.046
0 0.578 0.042 0.056 0.052
0 0.54 0.028 0.044 0.052
0 0.638 0.404 0.04 0.036
0 0.604 0.163 0.048 0.042
0 0.504 0.05 0.024 0.04
0 0.484 0.038 0.04 0.052
0 0.812 0.176 0.044 0.04
0 0.772 0.391 0.024 0.026
0 0.27 0.419 0.036 0.05
0 0.035 0.972 0.034 0.044
0 0.08 0.978 0.032 0.036
0 0.831 0.692 0.034 0.06
0 0.871 0.572 0.042 0.036
0 0.797 0.665 0.03 0.03
0 0.571 0.883 0.034 0.038
0 0.375 0.927 0.046 0.034
0 0.459 0.971 0.038 0.046
0 0.434 0.815 0.04 0.046
0 0.484 0.615 0.048 0.046
0 0.462 0.648 0.04 0.036
0 0.51 0.513 0.024 0.03
0 0.673 0.507 0.03 0.038
0 0.741 0.424 0.03 0.032
0 0.647 0.255 0.038 0.03
0 0.799 0.233 0.038 0.034
0 0.758 0.295 0.044 0.054
0 0.756 0.257 0.04 0.034
0 0.459 0.29 0.026 0.032
0 0.27 0.38 0.036 0.032
0 0.217 0.478 0.026 0.036
0 0.743 0.715 0.046 0.058
0 0.607 0.597 0.026 0.038
0 0.589 0.551 0.034 0.038
0 0.542 0.572 0.028 0.02
0 0.08 0.675 0.036 0.03
0 0.128 0.636 0.04 0.04
0 0.161 0.624 0.038 0.028
0 0.011 0.233 0.022 0.042
0 0.091 0.075 0.054 0.038
0 0.236 0.021 0.032 0.038
0 0.645 0.324 0.026 0.024
0 0.195 0.916 0.034 0.052
0 0.295 0.07 0.046 0.032
0 0.423 0.463 0.03 0.03
0 0.441 0.435 0.038 0.038
0 0.515 0.631 0.018 0.022
0 0.966 0.035 0.044 0.038
0 0.991 0.195 0.014 0.03
0 0.974 0.535 0.028 0.03
0 0.963 0.512 0.026 0.036
0 0.865 0.418 0.034 0.024
0 0.914 0.479 0.024 0.042
0 0.017 0.667 0.03 0.026
0 0.207 0.994 0.026 0.008
0 0.035 0.891 0.042 0.058
0 0.006 0.845 0.012 0.034
0 0.066 0.993 0.036 0.01
0 0.014 0.961 0.028 0.046
0 0.021 0.929 0.038 0.022
0 0.013 0.693 0.026 0.026
0 0.039 0.69 0.03 0.044
0 0.464 0.931 0.036 0.038
0 0.586 0.996 0.032 0.004
0 0.687 0.968 0.034 0.02
0 0.92 0.993 0.032 0.01
0 0.947 0.92 0.034 0.028
0 0.059 0.335 0.018 0.034
0 0.475 0.067 0.022 0.022
0 0.253 0.171 0.018 0.018
0 0.649 0.89 0.022 0.024
0 0.681 0.03 0.026 0.036
0 0.783 0.258 0.018 0.024
0 0.691 0.047 0.018 0.018
0 0.73 0.592 0.044 0.036
0 0.268 0.142 0.012 0.016
0 0.915 0.597 0.038 0.062
1 0.312 0.976 0.016 0.02
1 0.053 0.736 0.022 0.02
1 0.227 0.755 0.022 0.018
1 0.214 0.729 0.024 0.018
1 0.55 0.85 0.024 0.02
1 0.599 0.843 0.018 0.022
1 0.682 0.742 0.02 0.02
1 0.672 0.441 0.02 0.018
1 0.294 0.314 0.02 0.024
1 0.011 0.093 0.022 0.018
1 0.064 0.17 0.02 0.028
1 0.827 0.032 0.018 0.024
1 0.763 0.235 0.014 0.022
2 0.889 0.816 0.038 0.036
2 0.368 0.735 0.044 0.022
2 0.805 0.587 0.03 0.042
2 0.004 0.878 0.008 0.024
2 0.228 0.924 0.02 0.028
2 0.149 0.994 0.034 0.008
2 0.283 0.887 0.022 0.054
2 0.222 0.959 0.024 0.042
2 0.418 0.892 0.036 0.024
2 0.527 0.821 0.05 0.066
2 0.968 0.993 0.02 0.01
2 0.947 0.966 0.018 0.02
2 0.94 0.933 0.028 0.022
2 0.891 0.789 0.038 0.018
2 0.722 0.783 0.028 0.03
2 0.314 0.713 0.028 0.026
2 0.42 0.749 0.048 0.042
2 0.339 0.724 0.03 0.024
2 0.499 0.664 0.018 0.032
2 0.553 0.684 0.034 0.036
2 0.512 0.545 0.04 0.034
2 0.567 0.566 0.018 0.02
2 0.81 0.527 0.028 0.046
2 0.848 0.57 0.02 0.02
2 0.675 0.287 0.038 0.03
2 0.775 0.38 0.034 0.036
2 0.822 0.378 0.024 0.024
2 0.386 0.351 0.048 0.034
2 0.209 0.364 0.03 0.032
2 0.05 0.438 0.036 0.032
2 0.013 0.366 0.026 0.036
2 0.047 0.296 0.038 0.036
2 0.037 0.018 0.03 0.032
2 0.409 0.124 0.034 0.036
2 0.444 0.033 0.036 0.038
2 0.332 0.337 0.032 0.034
2 0.309 0.517 0.018 0.022
2 0.34 0.5 0.02 0.02
2 0.32 0.639 0.032 0.03
2 0.481 0.856 0.038 0.052
2 0.545 0.889 0.026 0.042
2 0.399 0.863 0.026 0.03
2 0.226 0.043 0.028 0.03
2 0.423 0.063 0.03 0.034
2 0.7 0.131 0.036 0.03
2 0.436 0.263 0.02 0.03
2 0.557 0.227 0.018 0.026
2 0.459 0.393 0.03 0.038
2 0.67 0.534 0.028 0.016
2 0.993 0.843 0.01 0.022
2 0.763 0.948 0.034 0.016
2 0.811 0.947 0.018 0.034
2 0.908 0.664 0.028 0.028
2 0.846 0.623 0.04 0.03
2 0.091 0.376 0.03 0.024
2 0.668 0.376 0.032 0.02
2 0.927 0.308 0.026 0.024
2 0.983 0.47 0.03 0.044
2 0.178 0.606 0.02 0.012