0 0.857 0.954 0.046 0.084
0 0.976 0.784 0.044 0.06
0 0.877 0.813 0.038 0.054
0 0.909 0.822 0.038 0.036
0 0.609 0.812 0.042 0.072
0 0.565 0.455 0.062 0.082
0 0.483 0.422 0.046 0.06
0 0.701 0.874 0.046 0.044
0 0.261 0.082 0.07 0.08
0 0.226 0.023 0.04 0.038
0 0.189 0.104 0.042 0.052
0 0.199 0.164 0.05 0.076
0 0.238 0.745 0.036 0.054
0 0.17 0.724 0.036 0.056
0 0.018 0.769 0.032 0.054
0 0.034 0.661 0.04 0.09
0 0.45 0.398 0.068 0.136
0 0.296 0.394 0.052 0.088
0 0.491 0.514 0.062 0.088
0 0.803 0.456 0.066 0.072
0 0.808 0.523 0.056 0.042
0 0.884 0.623 0.048 0.078
0 0.65 0.68 0.048 0.076
0 0.639 0.628 0.046 0.072
0 0.375 0.961 0.042 0.062
0 0.289 0.97 0.038 0.048
0 0.263 0.905 0.042 0.066
0 0.236 0.875 0.044 0.05
0 0.159 0.471 0.066 0.062
0 0.29 0.752 0.036 0.076
0 0.508 0.6 0.044 0.072
0 0.48 0.591 0.04 0.046
0 0.97 0.237 0.056 0.126
0 0.898 0.24 0.052 0.112
0 0.62 0.08 0.052 0.104
0 0.754 0.607 0.056 0.106
0 0.258 0.324 0.044 0.064
0 0.182 0.269 0.048 0.09
0 0.369 0.376 0.046 0.048
0 0.757 0.246 0.058 0.096
0 0.268 0.495 0.052 0.042
0 0.269 0.458 0.05 0.032
0 0.158 0.385 0.056 0.082
0 0.248 0.57 0.044 0.06
0 0.512 0.865 0.048 0.086
0 0.568 0.809 0.032 0.054
0 0.359 0.892 0.046 0.072
0 0.965 0.038 0.046 0.072
0 0.666 0.164 0.04 0.056
0 0.445 0.75 0.07 0.076
0 0.481 0.752 0.022 0.056
0 0.744 0.915 0.044 0.078
0 0.526 0.231 0.044 0.05
0 0.525 0.169 0.042 0.054
0 0.377 0.14 0.054 0.044
0 0.09 0.277 0.044 0.042
0 0.474 0.307 0.052 0.062
0 0.919 0.858 0.042 0.04
0 0.849 0.822 0.03 0.056
0 0.866 0.71 0.032 0.044
0 0.839 0.706 0.022 0.06
0 0.674 0.269 0.044 0.078
0 0.604 0.251 0.036 0.086
0 0.643 0.448 0.034 0.056
0 0.686 0.471 0.064 0.078
0 0.753 0.708 0.046 0.068
0 0.526 0.992 0.032 0.012
0 0.449 0.989 0.034 0.018
0 0.406 0.979 0.04 0.038
0 0.213 0.954 0.042 0.088
0 0.179 0.918 0.038 0.068
0 0.157 0.978 0.046 0.04
0 0.07 0.979 0.032 0.038
0 0.109 0.988 0.034 0.02
0 0.027 0.868 0.046 0.048
0 0.31 0.551 0.06 0.07
0 0.131 0.582 0.038 0.084
0 0.109 0.192 0.054 0.076
0 0.095 0.158 0.05 0.056
0 0.561 0.049 0.094 0.094
0 0.413 0.013 0.058 0.022
0 0.499 0.01 0.038 0.016
0 0.866 0.014 0.032 0.024
0 0.049 0.446 0.05 0.056
0 0.18 0.054 0.044 0.044
0 0.236 0.826 0.044 0.052
0 0.312 0.871 0.048 0.046
0 0.143 0.924 0.026 0.04
0 0.788 0.011 0.024 0.018
1 0.955 0.528 0.026 0.032
1 0.601 0.362 0.042 0.036
1 0.707 0.721 0.018 0.018
1 0.743 0.782 0.022 0.024
1 0.968 0.347 0.032 0.034
1 0.947 0.095 0.018 0.03
1 0.197 0.616 0.022 0.02
1 0.085 0.504 0.026 0.016
1 0.095 0.522 0.026 0.02
1 0.214 0.514 0.016 0.032
1 0.369 0.416 0.026 0.028
1 0.779 0.095 0.018 0.026
1 0.767 0.048 0.018 0.052
1 0.692 0.555 0.032 0.026
1 0.578 0.712 0.024 0.028
1 0.381 0.725 0.018 0.034
1 0.412 0.689 0.028 0.042
1 0.014 0.534 0.02 0.024
1 0.027 0.515 0.03 0.022
1 0.279 0.691 0.018 0.03
1 0.461 0.686 0.026 0.024
1 0.475 0.661 0.026 0.022
1 0.671 0.962 0.03 0.02
1 0.76 0.945 0.024 0.058
1 0.547 0.82 0.022 0.024
1 0.553 0.899 0.03 0.034
1 0.318 0.841 0.02 0.022
1 0.411 0.153 0.014 0.018
1 0.139 0.082 0.018 0.032
1 0.61 0.622 0.02 0.028
1 0.103 0.243 0.018 0.018
1 0.701 0.906 0.022 0.016
1 0.858 0.876 0.024 0.032
1 0.877 0.893 0.018 0.018
1 0.945 0.724 0.038 0.024
1 0.955 0.612 0.026 0.036
1 0.928 0.586 0.024 0.028
1 0.101 0.861 0.022 0.03
1 0.045 0.974 0.022 0.028
1 0.164 0.54 0.028 0.048
1 0.607 0.417 0.022 0.022
1 0.514 0.078 0.04 0.056
1 0.47 0.042 0.024 0.024
1 0.459 0.055 0.026 0.026
1 0.85 0.288 0.016 0.02
1 0.154 0.032 0.028 0.024
1 0.205 0.794 0.026 0.024
1 0.051 0.698 0.022 0.028
1 0.104 0.734 0.024 0.028
1 0.09 0.916 0.024 0.028
1 0.114 0.887 0.02 0.03
1 0.14 0.143 0.008 0.018
1 0.701 0.53 0.018 0.012
1 0.504 0.031 0.032 0.022
1 0.288 0.279 0.032 0.058
1 0.097 0.059 0.034 0.042
1 0.107 0.05 0.022 0.032
1 0.676 0.417 0.024 0.038
1 0.67 0.392 0.04 0.028
1 0.876 0.3 0.02 0.024
1 0.864 0.289 0.012 0.014
1 0.343 0.775 0.006 0.022
1 0.348 0.754 0.016 0.028
1 0.822 0.108 0.008 0.016
1 0.836 0.105 0.02 0.018
1 0.847 0.093 0.014 0.014
1 0.849 0.079 0.026 0.014
1 0.727 0.639 0.026 0.038
2 0.027 0.287 0.034 0.026
2 0.339 0.306 0.062 0.04
2 0.375 0.276 0.01 0.028
2 0.3 0.321 0.032 0.026
2 0.365 0.534 0.034 0.032
2 0.028 0.119 0.032 0.07
2 0.076 0.379 0.028 0.038
2 0.098 0.325 0.052 0.046
2 0.683 0.103 0.034 0.054
2 0.791 0.371 0.022 0.026
2 0.744 0.4 0.024 0.016
2 0.839 0.226 0.03 0.056
2 0.802 0.244 0.024 0.044
2 0.39 0.2 0.02 0.028
2 0.987 0.532 0.014 0.028
2 0.915 0.368 0.018 0.024
2 0.916 0.152 0.032 0.02
2 0.858 0.154 0.024 0.032
2 0.753 0.164 0.038 0.048
2 0.237 0.399 0.018 0.03
2 0.172 0.419 0.028 0.014
2 0.737 0.873 0.022 0.03
2 0.635 0.901 0.014 0.03
2 0.615 0.952 0.018 0.016
2 0.585 0.884 0.01 0.016
2 0.981 0.979 0.026 0.026
2 0.872 0.991 0.044 0.014
2 0.593 0.645 0.026 0.07
2 0.981 0.415 0.034 0.138
2 0.376 0.831 0.024 0.03
2 0.831 0.752 0.038 0.032
2 0.796 0.687 0.024 0.034
2 0.733 0.741 0.038 0.034
2 0.99 0.687 0.016 0.014
2 0.88 0.912 0.016 0.016
2 0.317 0.994 0.022 0.008
2 0.009 0.964 0.014 0.028
2 0.011 0.986 0.018 0.024
2 0.282 0.567 0.028 0.026
2 0.104 0.599 0.024 0.026
2 0.436 0.062 0.024 0.032
2 0.418 0.043 0.02 0.022
2 0.006 0.504 0.008 0.02
2 0.066 0.729 0.044 0.062
2 0.079 0.756 0.046 0.052
2 0.039 0.915 0.03 0.03
2 0.769 0.011 0.022 0.018
2 0.227 0.634 0.022 0.02
2 0.627 0.202 0.022 0.04
2 0.868 0.31 0.02 0.024
2 0.358 0.818 0.028 0.024
2 0.203 0.739 0.026 0.034
2 0.232 0.699 0.048 0.042
2 0.187 0.767 0.018 0.014
2 0.348 0.729 0.024 0.034