0 0.976 0.015 0.044 0.03
0 0.957 0.182 0.038 0.068
0 0.886 0.165 0.052 0.07
0 0.976 0.283 0.044 0.066
0 0.86 0.245 0.052 0.054
0 0.863 0.318 0.038 0.056
0 0.82 0.333 0.036 0.034
0 0.989 0.382 0.018 0.044
0 0.944 0.4 0.04 0.044
0 0.987 0.454 0.022 0.036
0 0.941 0.456 0.034 0.036
0 0.929 0.48 0.022 0.024
0 0.983 0.55 0.03 0.048
0 0.986 0.806 0.024 0.036
0 0.993 0.925 0.01 0.03
0 0.939 0.909 0.042 0.022
0 0.986 0.976 0.024 0.036
0 0.95 0.977 0.024 0.03
0 0.937 0.993 0.03 0.01
0 0.903 0.858 0.038 0.036
0 0.82 0.924 0.04 0.028
0 0.795 0.849 0.046 0.038
0 0.702 0.81 0.04 0.04
0 0.731 0.896 0.034 0.028
0 0.619 0.933 0.042 0.03
0 0.529 0.994 0.026 0.008
0 0.461 0.987 0.014 0.018
0 0.369 0.973 0.042 0.046
0 0.287 0.976 0.062 0.044
0 0.298 0.936 0.036 0.032
0 0.107 0.939 0.034 0.034
0 0.004 0.901 0.004 0.026
0 0.063 0.893 0.042 0.03
0 0.104 0.871 0.04 0.034
0 0.216 0.932 0.032 0.032
0 0.107 0.779 0.03 0.026
0 0.084 0.788 0.028 0.02
0 0.483 0.882 0.038 0.024
0 0.493 0.857 0.038 0.03
0 0.539 0.844 0.038 0.032
0 0.579 0.862 0.038 0.032
0 0.576 0.896 0.036 0.02
0 0.384 0.839 0.036 0.038
0 0.339 0.844 0.042 0.032
0 0.274 0.825 0.04 0.03
0 0.1 0.712 0.04 0.032
0 0.024 0.718 0.02 0.016
0 0.004 0.707 0.004 0.014
0 0.009 0.612 0.014 0.02
0 0.037 0.563 0.042 0.038
0 0.106 0.618 0.04 0.044
0 0.212 0.625 0.036 0.038
0 0.283 0.624 0.05 0.044
0 0.305 0.659 0.038 0.034
0 0.357 0.708 0.034 0.04
0 0.455 0.785 0.042 0.038
0 0.523 0.802 0.034 0.032
0 0.575 0.716 0.046 0.028
0 0.613 0.69 0.034 0.032
0 0.626 0.716 0.032 0.036
0 0.663 0.745 0.034 0.038
0 0.68 0.701 0.036 0.046
0 0.877 0.726 0.034 0.036
0 0.894 0.781 0.028 0.022
0 0.965 0.712 0.034 0.036
0 0.936 0.699 0.044 0.046
0 0.928 0.646 0.032 0.04
0 0.951 0.62 0.022 0.016
0 0.928 0.605 0.02 0.042
0 0.894 0.614 0.016 0.024
0 0.873 0.543 0.042 0.034
0 0.655 0.617 0.03 0.042
0 0.639 0.533 0.042 0.03
0 0.529 0.549 0.034 0.038
0 0.475 0.618 0.038 0.052
0 0.5 0.63 0.032 0.036
0 0.423 0.606 0.034 0.04
0 0.435 0.566 0.026 0.032
0 0.277 0.573 0.026 0.014
0 0.355 0.579 0.034 0.026
0 0.369 0.564 0.038 0.024
0 0.372 0.538 0.024 0.028
0 0.063 0.502 0.03 0.044
0 0.024 0.434 0.032 0.036
0 0.004 0.401 0.004 0.03
0 0.83 0.493 0.04 0.038
0 0.765 0.44 0.046 0.044
0 0.809 0.424 0.042 0.048
0 0.748 0.404 0.032 0.04
0 0.693 0.131 0.034 0.046
0 0.679 0.179 0.03 0.038
0 0.695 0.057 0.018 0.022
0 0.639 0.041 0.026 0.018
0 0.723 0.237 0.01 0.014
0 0.705 0.247 0.026 0.026
0 0.602 0.192 0.032 0.048
0 0.564 0.141 0.056 0.082
0 0.509 0.061 0.026 0.022
0 0.494 0.076 0.028 0.016
0 0.466 0.137 0.032 0.046
0 0.439 0.21 0.03 0.028
0 0.42 0.166 0.012 0.016
0 0.4 0.208 0.044 0.072
0 0.359 0.149 0.046 0.046
0 0.366 0.1 0.028 0.044
0 0.131 0.506 0.046 0.052
0 0.118 0.425 0.04 0.038
0 0.179 0.461 0.038 0.038
0 0.206 0.519 0.036 0.046
0 0.247 0.495 0.038 0.042
0 0.051 0.358 0.046 0.032
0 0.022 0.331 0.036 0.038
0 0.04 0.286 0.04 0.044
0 0.092 0.357 0.028 0.046
0 0.193 0.404 0.042 0.044
0 0.358 0.448 0.04 0.048
0 0.352 0.415 0.032 0.038
0 0.326 0.377 0.036 0.042
0 0.257 0.317 0.034 0.038
0 0.203 0.254 0.046 0.036
0 0.306 0.231 0.028 0.038
0 0.487 0.481 0.026 0.026
0 0.514 0.469 0.032 0.038
0 0.471 0.447 0.018 0.026
0 0.443 0.438 0.034 0.064
0 0.494 0.406 0.028 0.048
0 0.527 0.352 0.042 0.048
0 0.498 0.303 0.024 0.03
0 0.457 0.327 0.038 0.054
0 0.64 0.371 0.032 0.034
0 0.697 0.36 0.026 0.028
0 0.826 0.005 0.02 0.01
0 0.089 0.168 0.034 0.044
0 0.014 0.082 0.02 0.028
0 0.017 0.047 0.018 0.03
0 0.083 0.012 0.034 0.024
0 0.15 0.122 0.036 0.068
0 0.305 0.164 0.026 0.028
1 0.967 0.028 0.026 0.016
1 0.997 0.177 0.002 0.03
1 0.959 0.263 0.022 0.014
1 0.923 0.223 0.022 0.014
1 0.832 0.1 0.028 0.024
1 0.969 0.918 0.018 0.016
1 0.86 0.898 0.02 0.02
1 0.77 0.955 0.02 0.034
1 0.791 0.891 0.014 0.018
1 0.628 0.99 0.028 0.016
1 0.034 0.97 0.024 0.02
1 0.082 0.911 0.028 0.018
1 0.178 0.921 0.016 0.022
1 0.17 0.905 0.008 0.018
1 0.064 0.794 0.016 0.012
1 0.444 0.911 0.028 0.018
1 0.314 0.751 0.016 0.022
1 0.04 0.693 0.02 0.026
1 0.012 0.698 0.008 0.012
1 0.07 0.688 0.032 0.02
1 0.181 0.623 0.01 0.014
1 0.18 0.598 0.016 0.012
1 0.185 0.636 0.01 0.012
1 0.485 0.801 0.014 0.022
1 0.947 0.602 0.014 0.02
1 0.86 0.631 0.024 0.018
1 0.788 0.574 0.02 0.012
1 0.767 0.572 0.022 0.02
1 0.588 0.587 0.02 0.026
1 0.477 0.673 0.026 0.026
1 0.267 0.552 0.03 0.016
1 0.39 0.525 0.016 0.018
1 0.771 0.48 0.018 0.012
1 0.787 0.408 0.014 0.028
1 0.835 0.392 0.018 0.012
1 0.761 0.253 0.03 0.026
1 0.743 0.255 0.014 0.018
1 0.604 0.121 0.028 0.026
1 0.445 0.093 0.018 0.014
1 0.246 0.208 0.012 0.02
1 0.443 0.512 0.014 0.024
1 0.49 0.336 0.016 0.02
1 0.355 0.3 0.022 0.028
1 0.638 0.489 0.032 0.038
1 0.675 0.419 0.034 0.054
1 0.643 0.419 0.026 0.018
1 0.781 0.086 0.014 0.008
1 0.009 0.155 0.014 0.018
1 0.226 0.171 0.028 0.018
1 0.261 0.171 0.018 0.014
2 0.926 0.243 0.024 0.022
2 0.923 0.928 0.022 0.02
2 0.923 0.855 0.022 0.018
2 0.845 0.838 0.022 0.02
2 0.776 0.803 0.036 0.042
2 0.832 0.789 0.036 0.022
2 0.672 0.907 0.028 0.018
2 0.701 0.956 0.014 0.02
2 0.73 0.936 0.012 0.016
2 0.756 0.985 0.028 0.026
2 0.49 0.98 0.024 0.02
2 0.471 0.978 0.014 0.02
2 0.139 0.989 0.034 0.018
2 0.156 0.911 0.02 0.026
2 0.479 0.951 0.038 0.026
2 0.469 0.924 0.022 0.012
2 0.316 0.822 0.02 0.028
2 0.242 0.787 0.04 0.03
2 0.179 0.776 0.03 0.032
2 0.056 0.601 0.032 0.026
2 0.258 0.706 0.044 0.04
2 0.715 0.762 0.034 0.02
2 0.755 0.682 0.03 0.04
2 0.868 0.596 0.044 0.032
2 0.593 0.547 0.034 0.046
2 0.019 0.496 0.026 0.028
2 0.883 0.474 0.022 0.024
2 0.903 0.408 0.034 0.028
2 0.941 0.358 0.03 0.024
2 0.39 0.657 0.028 0.03
2 0.503 0.69 0.018 0.016
2 0.698 0.838 0.028 0.016
2 0.799 0.138 0.034 0.04
2 0.752 0.14 0.036 0.04
2 0.719 0.052 0.022 0.032
2 0.301 0.44 0.022 0.028
2 0.462 0.284 0.016 0.028
2 0.009 0.196 0.014 0.016
2 0.021 0.143 0.01 0.018
2 0.005 0.104 0.006 0.032
2 0.295 0.108 0.026 0.036
2 0.251 0.019 0.03 0.038
2 0.225 0.062 0.026 0.02
2 0.257 0.132 0.018 0.024
2 0.965 0.876 0.018 0.016
2 0.925 0.893 0.018 0.018
2 0.752 0.832 0.016 0.016
2 0.775 0.924 0.03 0.016
2 0.138 0.917 0.012 0.018
2 0.145 0.79 0.022 0.008
2 0.023 0.778 0.018 0.016
2 0.432 0.721 0.016 0.022
2 0.105 0.458 0.03 0.02
2 0.203 0.102 0.018 0.024
2 0.461 0.173 0.014 0.018
2 0.394 0.135 0.02 0.026
2 0.251 0.054 0.022 0.024