0 0.94 0.025 0.056 0.05
0 0.861 0.039 0.03 0.058
0 0.795 0.046 0.058 0.088
0 0.856 0.125 0.04 0.066
0 0.675 0.11 0.066 0.104
0 0.547 0.031 0.05 0.062
0 0.481 0.096 0.03 0.044
0 0.475 0.157 0.038 0.066
0 0.437 0.131 0.034 0.086
0 0.387 0.146 0.034 0.076
0 0.417 0.038 0.026 0.044
0 0.486 0.018 0.028 0.036
0 0.385 0.028 0.038 0.056
0 0.268 0.147 0.04 0.082
0 0.225 0.148 0.042 0.056
0 0.208 0.076 0.024 0.048
0 0.125 0.092 0.034 0.064
0 0.085 0.037 0.034 0.07
0 0.037 0.092 0.038 0.064
0 0.008 0.106 0.012 0.056
0 0.25 0.032 0.044 0.064
0 0.226 0.196 0.044 0.032
0 0.551 0.142 0.03 0.048
0 0.584 0.132 0.032 0.044
0 0.634 0.178 0.036 0.044
0 0.661 0.205 0.038 0.054
0 0.644 0.288 0.044 0.068
0 0.723 0.321 0.034 0.074
0 0.775 0.204 0.038 0.048
0 0.767 0.151 0.042 0.054
0 0.554 0.263 0.04 0.054
0 0.533 0.314 0.034 0.048
0 0.608 0.318 0.04 0.056
0 0.507 0.25 0.03 0.048
0 0.444 0.201 0.036 0.05
0 0.409 0.195 0.034 0.054
0 0.393 0.233 0.034 0.074
0 0.433 0.303 0.026 0.046
0 0.469 0.302 0.034 0.064
0 0.488 0.278 0.028 0.052
0 0.481 0.412 0.038 0.072
0 0.423 0.466 0.042 0.064
0 0.44 0.514 0.032 0.056
0 0.469 0.507 0.034 0.046
0 0.371 0.541 0.026 0.054
0 0.303 0.468 0.03 0.06
0 0.188 0.407 0.048 0.05
0 0.167 0.321 0.042 0.058
0 0.209 0.303 0.026 0.07
0 0.105 0.315 0.05 0.074
0 0.129 0.223 0.042 0.078
0 0.05 0.228 0.036 0.06
0 0.328 0.509 0.024 0.034
0 0.288 0.576 0.032 0.024
0 0.331 0.604 0.03 0.044
0 0.326 0.666 0.04 0.056
0 0.378 0.616 0.028 0.044
0 0.429 0.695 0.038 0.046
0 0.438 0.652 0.032 0.048
0 0.458 0.632 0.032 0.04
0 0.506 0.64 0.028 0.056
0 0.525 0.574 0.03 0.044
0 0.584 0.586 0.02 0.048
0 0.644 0.586 0.024 0.036
0 0.678 0.518 0.04 0.036
0 0.652 0.45 0.032 0.04
0 0.586 0.432 0.028 0.052
0 0.516 0.461 0.02 0.038
0 0.557 0.422 0.026 0.032
0 0.737 0.467 0.03 0.05
0 0.734 0.515 0.032 0.034
0 0.834 0.517 0.052 0.058
0 0.764 0.408 0.036 0.056
0 0.798 0.358 0.04 0.076
0 0.882 0.216 0.024 0.036
0 0.917 0.174 0.03 0.048
0 0.971 0.219 0.042 0.05
0 0.98 0.276 0.036 0.072
0 0.982 0.374 0.032 0.068
0 0.984 0.113 0.028 0.106
0 0.92 0.453 0.032 0.062
0 0.983 0.49 0.03 0.072
0 0.91 0.548 0.036 0.068
0 0.844 0.622 0.032 0.048
0 0.919 0.648 0.03 0.048
0 0.864 0.685 0.044 0.062
0 0.907 0.694 0.026 0.048
0 0.983 0.653 0.03 0.046
0 0.951 0.584 0.026 0.04
0 0.744 0.687 0.032 0.042
0 0.6 0.709 0.028 0.038
0 0.526 0.69 0.032 0.036
0 0.52 0.74 0.032 0.044
0 0.491 0.672 0.038 0.048
0 0.509 0.798 0.038 0.06
0 0.563 0.807 0.03 0.042
0 0.6 0.808 0.032 0.052
0 0.801 0.765 0.034 0.05
0 0.773 0.776 0.03 0.036
0 0.703 0.85 0.034 0.048
0 0.871 0.807 0.038 0.058
0 0.903 0.807 0.03 0.074
0 0.933 0.877 0.03 0.054
0 0.929 0.912 0.03 0.036
0 0.991 0.934 0.014 0.036
0 0.95 0.98 0.028 0.032
0 0.832 0.955 0.02 0.042
0 0.794 0.931 0.04 0.05
0 0.746 0.899 0.024 0.018
0 0.706 0.887 0.036 0.038
0 0.65 0.917 0.028 0.062
0 0.691 0.963 0.038 0.062
0 0.547 0.951 0.03 0.042
0 0.489 0.93 0.03 0.044
0 0.61 0.905 0.02 0.03
0 0.388 0.773 0.032 0.066
0 0.319 0.787 0.034 0.046
0 0.348 0.82 0.036 0.056
0 0.385 0.839 0.026 0.042
0 0.432 0.824 0.02 0.048
0 0.215 0.794 0.03 0.04
0 0.207 0.743 0.034 0.042
0 0.201 0.701 0.026 0.038
0 0.178 0.662 0.032 0.044
0 0.087 0.581 0.026 0.042
0 0.054 0.545 0.028 0.038
0 0.078 0.398 0.044 0.064
0 0.137 0.433 0.022 0.05
0 0.158 0.831 0.044 0.078
0 0.094 0.835 0.028 0.038
0 0.057 0.895 0.03 0.062
0 0.1 0.899 0.032 0.054
0 0.022 0.802 0.032 0.052
0 0.071 0.736 0.03 0.052
0 0.259 0.641 0.026 0.042
0 0.294 0.892 0.032 0.044
0 0.335 0.937 0.03 0.046
0 0.191 0.882 0.026 0.04
0 0.139 0.972 0.026 0.048
0 0.17 0.985 0.032 0.026
0 0.096 0.971 0.028 0.046
0 0.013 0.978 0.022 0.04
0 0.184 0.909 0.024 0.034
0 0.266 0.93 0.028 0.048
0 0.236 0.881 0.02 0.042
0 0.216 0.852 0.024 0.036
0 0.211 0.606 0.022 0.036
0 0.161 0.635 0.026 0.042
0 0.039 0.488 0.026 0.04
0 0.043 0.681 0.022 0.026
0 0.041 0.708 0.026 0.024
0 0.975 0.791 0.026 0.034
0 0.472 0.989 0.032 0.018
0 0.42 0.945 0.024 0.038
0 0.271 0.77 0.034 0.04
0 0.266 0.531 0.032 0.05
0 0.007 0.389 0.01 0.046
0 0.013 0.531 0.022 0.022
0 0.103 0.72 0.026 0.036
0 0.198 0.938 0.024 0.028
1 0.125 0.004 0.022 0.008
1 0.275 0.094 0.03 0.036
1 0.32 0.112 0.032 0.032
1 0.315 0.166 0.022 0.02
1 0.3 0.184 0.02 0.02
1 0.606 0.005 0.02 0.01
1 0.675 0.24 0.018 0.024
1 0.677 0.263 0.026 0.034
1 0.556 0.296 0.024 0.028
1 0.136 0.168 0.016 0.036
1 0.049 0.176 0.026 0.02
1 0.296 0.281 0.02 0.026
1 0.29 0.366 0.02 0.032
1 0.372 0.424 0.032 0.028
1 0.325 0.548 0.022 0.02
1 0.545 0.558 0.026 0.02
1 0.674 0.495 0.024 0.022
1 0.657 0.431 0.022 0.01
1 0.673 0.387 0.018 0.018
1 0.634 0.404 0.02 0.024
1 0.756 0.555 0.02 0.03
1 0.811 0.489 0.026 0.03
1 0.831 0.409 0.022 0.026
1 0.736 0.4 0.02 0.02
1 0.874 0.268 0.024 0.032
1 0.916 0.337 0.016 0.03
1 0.994 0.191 0.008 0.034
1 0.915 0.715 0.022 0.022
1 0.962 0.697 0.016 0.034
1 0.96 0.661 0.016 0.03
1 0.961 0.537 0.026 0.03
1 0.905 0.391 0.018 0.018
1 0.71 0.69 0.02 0.02
1 0.712 0.668 0.016 0.012
1 0.462 0.687 0.024 0.022
1 0.866 0.753 0.024 0.03
1 0.83 0.782 0.024 0.024
1 0.742 0.812 0.02 0.02
1 0.668 0.79 0.02 0.032
1 0.631 0.838 0.03 0.04
1 0.981 0.982 0.026 0.032
1 0.596 0.939 0.032 0.022
1 0.487 0.96 0.018 0.02
1 0.302 0.7 0.024 0.036
1 0.313 0.721 0.03 0.03
1 0.232 0.661 0.016 0.018
1 0.225 0.634 0.034 0.024
1 0.249 0.575 0.022 0.026
1 0.112 0.39 0.02 0.032
1 0.01 0.482 0.016 0.028
1 0.033 0.532 0.01 0.036
1 0.063 0.657 0.022 0.026
1 0.053 0.746 0.022 0.02
1 0.285 0.975 0.026 0.022
1 0.213 0.993 0.022 0.01
1 0.039 0.595 0.022 0.026
1 0.665 0.946 0.014 0.028
2 0.014 0.033 0.024 0.066
2 0.337 0.153 0.026 0.046
2 0.424 0.086 0.04 0.056
2 0.607 0.039 0.038 0.046
2 0.589 0.288 0.034 0.064
2 0.458 0.325 0.016 0.03
2 0.293 0.427 0.022 0.03
2 0.072 0.264 0.02 0.028
2 0.104 0.219 0.032 0.054
2 0.559 0.454 0.022 0.024
2 0.808 0.57 0.02 0.052
2 0.795 0.441 0.026 0.046
2 0.829 0.353 0.042 0.066
2 0.905 0.29 0.034 0.064
2 0.545 0.67 0.018 0.044
2 0.909 0.941 0.014 0.026
2 0.441 0.989 0.03 0.018
2 0.455 0.924 0.034 0.048
2 0.404 0.869 0.028 0.022
2 0.241 0.493 0.026 0.034
2 0.084 0.492 0.032 0.02
2 0.04 0.331 0.028 0.034
2 0.225 0.592 0.018 0.024
2 0.126 0.687 0.028 0.018
2 0.01 0.68 0.016 0.028
2 0.016 0.772 0.028 0.02
2 0.241 0.967 0.022 0.026
2 0.076 0.993 0.02 0.01
2 0.007 0.913 0.01 0.042
2 0.46 0.595 0.028 0.026
2 0.57 0.665 0.028 0.042