0 0.105 0.776 0.03 0.04
0 0.09 0.833 0.032 0.05
0 0.076 0.747 0.036 0.046
0 0.072 0.671 0.036 0.046
0 0.035 0.636 0.03 0.056
0 0.01 0.733 0.02 0.03
0 0.035 0.765 0.026 0.034
0 0.152 0.743 0.036 0.054
0 0.184 0.841 0.036 0.038
0 0.042 0.868 0.036 0.032
0 0.198 0.66 0.044 0.052
0 0.137 0.711 0.038 0.038
0 0.219 0.555 0.05 0.062
0 0.278 0.482 0.036 0.052
0 0.244 0.427 0.048 0.05
0 0.379 0.421 0.058 0.066
0 0.52 0.369 0.06 0.062
0 0.515 0.319 0.05 0.046
0 0.511 0.47 0.046 0.068
0 0.61 0.521 0.052 0.062
0 0.625 0.459 0.05 0.058
0 0.78 0.381 0.048 0.05
0 0.799 0.453 0.038 0.05
0 0.862 0.363 0.04 0.042
0 0.861 0.241 0.046 0.046
0 0.9 0.221 0.044 0.062
0 0.87 0.279 0.036 0.042
0 0.775 0.248 0.054 0.084
0 0.714 0.346 0.048 0.068
0 0.569 0.44 0.054 0.084
0 0.534 0.428 0.032 0.056
0 0.292 0.385 0.052 0.062
0 0.253 0.335 0.046 0.066
0 0.298 0.252 0.044 0.052
0 0.221 0.25 0.054 0.076
0 0.094 0.314 0.04 0.052
0 0.016 0.276 0.032 0.044
0 0.078 0.252 0.052 0.056
0 0.146 0.178 0.04 0.068
0 0.007 0.148 0.014 0.04
0 0.035 0.16 0.046 0.048
0 0.021 0.084 0.042 0.056
0 0.086 0.046 0.04 0.04
0 0.05 0.015 0.048 0.026
0 0.154 0.017 0.04 0.03
0 0.232 0.062 0.036 0.06
0 0.299 0.022 0.05 0.04
0 0.387 0.111 0.038 0.05
0 0.461 0.123 0.05 0.07
0 0.481 0.037 0.074 0.07
0 0.513 0.071 0.038 0.038
0 0.556 0.133 0.06 0.078
0 0.523 0.255 0.074 0.062
0 0.619 0.247 0.046 0.042
0 0.677 0.16 0.046 0.04
0 0.707 0.123 0.038 0.046
0 0.718 0.197 0.044 0.038
0 0.752 0.173 0.04 0.042
0 0.832 0.133 0.048 0.066
0 0.855 0.062 0.062 0.056
0 0.843 0.02 0.046 0.036
0 0.797 0.159 0.042 0.05
0 0.642 0.035 0.096 0.066
0 0.534 0.843 0.04 0.046
0 0.552 0.809 0.052 0.042
0 0.603 0.763 0.05 0.058
0 0.639 0.79 0.034 0.032
0 0.693 0.877 0.046 0.046
0 0.709 0.922 0.038 0.048
0 0.636 0.969 0.04 0.054
0 0.615 0.911 0.034 0.034
0 0.675 0.977 0.038 0.042
0 0.767 0.931 0.038 0.054
0 0.862 0.952 0.044 0.06
0 0.921 0.898 0.054 0.064
0 0.986 0.977 0.024 0.046
0 0.792 0.82 0.036 0.044
0 0.895 0.774 0.046 0.08
0 0.963 0.699 0.07 0.07
0 0.708 0.65 0.032 0.032
0 0.766 0.649 0.04 0.058
0 0.583 0.647 0.054 0.066
0 0.614 0.618 0.036 0.048
0 0.468 0.68 0.06 0.068
0 0.308 0.748 0.064 0.044
0 0.213 0.816 0.046 0.056
0 0.142 0.868 0.028 0.068
0 0.158 0.856 0.016 0.04
0 0.173 0.9 0.034 0.028
0 0.146 0.945 0.028 0.038
0 0.12 0.962 0.032 0.044
0 0.109 0.92 0.026 0.04
0 0.174 0.979 0.032 0.038
0 0.198 0.993 0.036 0.01
0 0.129 0.987 0.038 0.022
0 0.176 0.944 0.028 0.036
0 0.233 0.958 0.042 0.072
0 0.286 0.933 0.032 0.042
0 0.318 0.959 0.028 0.042
0 0.345 0.966 0.03 0.036
0 0.327 0.986 0.034 0.024
0 0.412 0.951 0.028 0.046
0 0.377 0.914 0.042 0.04
0 0.364 0.875 0.048 0.038
0 0.45 0.905 0.06 0.066
0 0.345 0.848 0.038 0.036
0 0.323 0.791 0.042 0.046
0 0.242 0.699 0.04 0.034
0 0.033 0.798 0.03 0.028
0 0.018 0.83 0.024 0.036
0 0.071 0.562 0.034 0.044
0 0.09 0.607 0.036 0.066
0 0.116 0.425 0.048 0.046
0 0.128 0.377 0.036 0.05
0 0.301 0.34 0.034 0.04
0 0.299 0.307 0.05 0.054
0 0.455 0.404 0.046 0.052
0 0.841 0.597 0.054 0.046
0 0.892 0.507 0.048 0.066
0 0.914 0.597 0.04 0.05
0 0.816 0.546 0.036 0.028
0 0.627 0.54 0.046 0.032
0 0.34 0.811 0.04 0.042
0 0.291 0.866 0.046 0.048
0 0.367 0.951 0.026 0.034
0 0.395 0.982 0.022 0.032
0 0.45 0.963 0.044 0.034
0 0.609 0.884 0.038 0.024
0 0.76 0.346 0.028 0.04
0 0.733 0.271 0.034 0.042
0 0.642 0.202 0.036 0.044
0 0.581 0.178 0.042 0.032
0 0.345 0.07 0.046 0.056
0 0.396 0.017 0.052 0.03
0 0.438 0.554 0.044 0.044
0 0.98 0.293 0.036 0.054
0 0.44 0.787 0.032 0.034
0 0.45 0.828 0.028 0.044
0 0.026 0.928 0.02 0.028
0 0.014 0.928 0.016 0.032
0 0.047 0.989 0.034 0.018
0 0.226 0.876 0.036 0.032
0 0.289 0.83 0.026 0.032
0 0.248 0.792 0.028 0.024
0 0.275 0.976 0.038 0.044
0 0.299 0.987 0.018 0.022
0 0.343 0.423 0.046 0.102
0 0.669 0.299 0.034 0.05
0 0.82 0.039 0.02 0.022
0 0.984 0.184 0.028 0.024
0 0.831 0.402 0.05 0.048
0 0.809 0.643 0.042 0.046
0 0.414 0.317 0.036 0.042
0 0.434 0.329 0.028 0.026
0 0.431 0.377 0.03 0.03
0 0.639 0.17 0.022 0.024
0 0.134 0.215 0.024 0.03
0 0.84 0.991 0.036 0.014
0 0.92 0.991 0.032 0.014
0 0.944 0.934 0.028 0.028
0 0.971 0.898 0.034 0.032
0 0.994 0.864 0.008 0.04
0 0.108 0.641 0.02 0.026
0 0.656 0.934 0.04 0.024
0 0.705 0.989 0.022 0.018
0 0.734 0.987 0.048 0.022
0 0.61 0.67 0.064 0.072
0 0.773 0.619 0.03 0.026
0 0.47 0.99 0.032 0.016
0 0.553 0.994 0.022 0.008
0 0.539 0.009 0.034 0.014
0 0.004 0.633 0.008 0.03
1 0.223 0.915 0.022 0.026
1 0.275 0.916 0.026 0.032
1 0.814 0.078 0.036 0.024
1 0.277 0.145 0.022 0.03
1 0.61 0.153 0.024 0.03
1 0.097 0.085 0.022 0.03
1 0.136 0.065 0.024 0.022
1 0.763 0.496 0.034 0.036
1 0.297 0.463 0.006 0.026
1 0.877 0.186 0.026 0.016
1 0.776 0.269 0.012 0.018
1 0.165 0.152 0.018 0.028
1 0.535 0.677 0.018 0.022
1 0.1 0.624 0.02 0.036
1 0.036 0.424 0.02 0.02
1 0.052 0.403 0.016 0.022
1 0.088 0.459 0.02 0.03
1 0.136 0.398 0.016 0.016
1 0.366 0.31 0.02 0.024
1 0.384 0.31 0.02 0.024
1 0.401 0.38 0.018 0.028
1 0.451 0.356 0.026 0.024
1 0.428 0.356 0.02 0.02
1 0.548 0.288 0.024 0.028
1 0.659 0.255 0.022 0.018
1 0.717 0.245 0.034 0.018
1 0.747 0.287 0.018 0.018
1 0.866 0.453 0.036 0.018
1 0.911 0.449 0.026 0.022
1 0.964 0.42 0.024 0.02
1 0.99 0.46 0.016 0.024
1 0.99 0.342 0.016 0.032
1 0.703 0.681 0.022 0.022
1 0.555 0.554 0.018 0.028
1 0.256 0.575 0.016 0.022
1 0.471 0.859 0.022 0.034
1 0.498 0.824 0.02 0.024
1 0.086 0.969 0.02 0.03
1 0.069 0.922 0.022 0.02
1 0.253 0.815 0.038 0.014
1 0.675 0.354 0.018 0.032
1 0.599 0.349 0.022 0.03
1 0.945 0.256 0.022 0.024
1 0.56 0.076 0.024 0.028
1 0.607 0.086 0.03 0.02
1 0.628 0.09 0.016 0.02
1 0.976 0.013 0.032 0.014
1 0.955 0.09 0.022 0.024
1 0.825 0.665 0.026 0.026
1 0.334 0.19 0.02 0.044
1 0.339 0.153 0.022 0.018
1 0.201 0.057 0.022 0.018
1 0.498 0.735 0.024 0.03
1 0.726 0.796 0.032 0.016
1 0.671 0.845 0.022 0.022
1 0.653 0.828 0.026 0.024
1 0.757 0.831 0.018 0.022
1 0.89 0.847 0.016 0.03
1 0.011 0.68 0.022 0.02
1 0.071 0.59 0.026 0.02
1 0.364 0.037 0.044 0.018
1 0.608 0.01 0.02 0.016
1 0.673 0.125 0.022 0.022
1 0.714 0.084 0.016 0.012
1 0.907 0.108 0.026 0.024
1 0.26 0.299 0.008 0.018
1 0.265 0.289 0.002 0.01
1 0.19 0.472 0.012 0.028
1 0.202 0.469 0.016 0.014
1 0.213 0.471 0.03 0.046
1 0.852 0.826 0.044 0.028
1 0.537 0.758 0.022 0.028
1 0.452 0.866 0.016 0.02
1 0.577 0.974 0.018 0.024
1 0.25 0.846 0.02 0.036
1 0.126 0.914 0.012 0.024
1 0.203 0.916 0.014 0.024
1 0.318 0.853 0.008 0.03
1 0.179 0.343 0.022 0.022
1 0.746 0.081 0.028 0.03
1 0.108 0.208 0.024 0.028
1 0.361 0.052 0.01 0.02
1 0.84 0.5 0.02 0.024
1 0.433 0.06 0.014 0.016
1 0.765 0.437 0.018 0.026
1 0.987 0.83 0.022 0.024
1 0.925 0.973 0.022 0.022
1 0.482 0.969 0.02 0.018
1 0.41 0.845 0.02 0.018
1 0.727 0.306 0.022 0.016
2 0.499 0.2 0.034 0.036
2 0.383 0.477 0.042 0.034
2 0.733 0.036 0.038 0.04
2 0.368 0.618 0.04 0.04
2 0.718 0.958 0.028 0.032
2 0.354 0.274 0.04 0.04
2 0.293 0.528 0.038 0.024
2 0.285 0.591 0.03 0.046
2 0.248 0.685 0.02 0.018
2 0.393 0.511 0.038 0.034
2 0.935 0.004 0.018 0.004
2 0.876 0.01 0.012 0.016
2 0.972 0.137 0.02 0.014
2 0.249 0.638 0.03 0.056
2 0.082 0.507 0.02 0.026
2 0.019 0.503 0.022 0.022
2 0.006 0.469 0.008 0.01
2 0.171 0.378 0.01 0.012
2 0.438 0.169 0.012 0.014
2 0.501 0.118 0.01 0.008
2 0.489 0.066 0.01 0.008
2 0.67 0.402 0.012 0.02
2 0.758 0.583 0.024 0.018
2 0.703 0.528 0.022 0.012
2 0.969 0.85 0.006 0.016
2 0.8 0.953 0.02 0.018
2 0.749 0.97 0.01 0.02
2 0.774 0.975 0.008 0.018
2 0.755 0.752 0.006 0.012
2 0.717 0.749 0.01 0.006
2 0.293 0.713 0.03 0.026
2 0.394 0.645 0.016 0.038
2 0.391 0.754 0.026 0.052
2 0.43 0.743 0.008 0.01
2 0.004 0.808 0.008 0.02
2 0.002 0.764 0.004 0.028
2 0.012 0.004 0.024 0.004
2 0.556 0.388 0.02 0.012
2 0.99 0.42 0.016 0.02
2 0.319 0.716 0.022 0.02
2 0.352 0.465 0.012 0.03
2 0.332 0.582 0.012 0.024
2 0.618 0.821 0.024 0.026
2 0.985 0.496 0.026 0.016
2 0.469 0.619 0.018 0.022
2 0.128 0.625 0.016 0.006
2 0.05 0.903 0.012 0.03
0 0.922 0.89 0.048 0.044
0 0.86 0.953 0.04 0.058
0 0.766 0.932 0.036 0.048
0 0.712 0.923 0.032 0.042
0 0.678 0.98 0.032 0.036
0 0.636 0.966 0.036 0.048
0 0.693 0.877 0.042 0.042
0 0.894 0.768 0.048 0.06
0 0.791 0.818 0.034 0.04
0 0.615 0.912 0.03 0.032
0 0.639 0.79 0.038 0.032
0 0.552 0.809 0.044 0.038
0 0.527 0.845 0.026 0.034
0 0.535 0.833 0.034 0.03
0 0.461 0.894 0.038 0.04
0 0.444 0.898 0.044 0.048
0 0.412 0.952 0.028 0.044
0 0.342 0.966 0.028 0.032
0 0.317 0.957 0.03 0.034
0 0.328 0.987 0.028 0.022
0 0.275 0.988 0.03 0.02
0 0.287 0.936 0.03 0.036
0 0.236 0.974 0.032 0.032
0 0.232 0.961 0.04 0.046
0 0.175 0.979 0.026 0.034
0 0.175 0.949 0.026 0.03
0 0.13 0.989 0.032 0.018
0 0.122 0.961 0.032 0.026
0 0.113 0.953 0.022 0.022
0 0.145 0.946 0.026 0.036
0 0.108 0.918 0.024 0.032
0 0.124 0.916 0.016 0.024
0 0.172 0.902 0.028 0.024
0 0.026 0.928 0.024 0.028
0 0.045 0.868 0.03 0.028
0 0.017 0.833 0.022 0.034
0 0.089 0.834 0.03 0.04
0 0.144 0.861 0.024 0.034
0 0.156 0.858 0.016 0.032
0 0.139 0.848 0.014 0.02
0 0.183 0.841 0.03 0.034
0 0.232 0.875 0.024 0.022
0 0.275 0.918 0.026 0.028
0 0.212 0.81 0.04 0.036
0 0.034 0.797 0.028 0.022
0 0.035 0.765 0.026 0.03
0 0.01 0.734 0.02 0.028
0 0.105 0.773 0.03 0.034
0 0.076 0.74 0.032 0.032
0 0.152 0.745 0.032 0.05
0 0.137 0.71 0.03 0.032
0 0.071 0.671 0.034 0.038
0 0.034 0.637 0.028 0.046
0 0.198 0.657 0.04 0.042
0 0.38 0.914 0.032 0.032
0 0.3 0.865 0.02 0.034
0 0.369 0.878 0.038 0.032
0 0.288 0.834 0.02 0.02
0 0.346 0.848 0.028 0.024
0 0.331 0.821 0.018 0.014
0 0.344 0.813 0.024 0.026
0 0.316 0.747 0.048 0.034
0 0.321 0.787 0.038 0.034
0 0.092 0.615 0.032 0.046
0 0.1 0.622 0.016 0.036
0 0.069 0.56 0.026 0.036
0 0.082 0.57 0.016 0.024
0 0.219 0.551 0.046 0.05
0 0.279 0.481 0.034 0.046
0 0.246 0.427 0.048 0.05
0 0.293 0.387 0.05 0.054
0 0.378 0.417 0.048 0.046
0 0.965 0.696 0.054 0.056
0 0.912 0.598 0.036 0.04
0 0.838 0.596 0.044 0.044
0 0.765 0.652 0.038 0.04
0 0.709 0.652 0.03 0.028
0 0.583 0.643 0.05 0.054
0 0.701 0.682 0.018 0.016
0 0.6 0.764 0.044 0.048
0 0.438 0.788 0.024 0.028
0 0.497 0.823 0.018 0.018
0 0.455 0.696 0.034 0.028
0 0.476 0.671 0.036 0.034
0 0.815 0.546 0.034 0.024
0 0.81 0.638 0.024 0.024
0 0.799 0.648 0.018 0.028
0 0.777 0.62 0.022 0.02
0 0.89 0.507 0.044 0.062
0 0.797 0.459 0.034 0.034
0 0.861 0.364 0.038 0.036
0 0.782 0.382 0.04 0.04
0 0.758 0.345 0.024 0.03
0 0.716 0.34 0.036 0.048
0 0.608 0.517 0.048 0.05
0 0.508 0.471 0.04 0.062
0 0.626 0.458 0.044 0.052
0 0.567 0.425 0.05 0.05
0 0.534 0.426 0.032 0.048
0 0.454 0.404 0.044 0.048
0 0.518 0.365 0.048 0.046
0 0.514 0.317 0.044 0.038
0 0.418 0.316 0.032 0.04
0 0.432 0.33 0.028 0.02
0 0.299 0.34 0.03 0.04
0 0.298 0.31 0.044 0.036
0 0.252 0.328 0.036 0.044
0 0.297 0.255 0.038 0.042
0 0.222 0.246 0.052 0.068
0 0.081 0.248 0.042 0.044
0 0.013 0.274 0.026 0.036
0 0.094 0.315 0.04 0.046
0 0.116 0.426 0.048 0.044
0 0.13 0.396 0.028 0.024
0 0.128 0.371 0.036 0.034
0 0.036 0.161 0.04 0.046
0 0.145 0.193 0.042 0.05
0 0.143 0.158 0.034 0.028
0 0.019 0.087 0.038 0.042
0 0.082 0.044 0.032 0.036
0 0.051 0.014 0.046 0.024
0 0.231 0.057 0.034 0.05
0 0.298 0.017 0.044 0.03
0 0.387 0.109 0.034 0.042
0 0.46 0.117 0.036 0.054
0 0.556 0.132 0.052 0.068
0 0.513 0.072 0.034 0.036
0 0.472 0.031 0.04 0.058
0 0.5 0.017 0.028 0.03
0 0.652 0.026 0.072 0.048
0 0.623 0.243 0.034 0.026
0 0.673 0.161 0.034 0.034
0 0.708 0.125 0.036 0.038
0 0.648 0.202 0.024 0.028
0 0.639 0.179 0.026 0.034
0 0.717 0.197 0.042 0.03
0 0.752 0.174 0.036 0.04
0 0.734 0.268 0.028 0.036
0 0.774 0.232 0.048 0.044
0 0.769 0.263 0.038 0.05
0 0.868 0.275 0.028 0.03
0 0.862 0.238 0.04 0.044
0 0.901 0.223 0.038 0.058
0 0.832 0.131 0.044 0.058
0 0.857 0.062 0.042 0.044
0 0.798 0.149 0.024 0.03
0 0.532 0.248 0.044 0.044
0 0.438 0.552 0.036 0.036
0 0.012 0.929 0.016 0.034
0 0.14 0.888 0.028 0.032
0 0.196 0.995 0.028 0.006
0 0.576 0.973 0.016 0.022
0 0.72 0.987 0.02 0.022
0 0.661 0.934 0.026 0.02
0 0.611 0.881 0.03 0.018
0 0.656 0.827 0.028 0.026
0 0.47 0.859 0.02 0.03
0 0.071 0.587 0.022 0.018
0 0.011 0.681 0.022 0.018
0 0.004 0.634 0.008 0.02
0 0.91 0.448 0.024 0.024
0 0.866 0.454 0.036 0.016
0 0.839 0.398 0.038 0.032
0 0.716 0.248 0.028 0.016
0 0.007 0.148 0.014 0.036
0 0.214 0.472 0.024 0.044
0 0.197 0.472 0.022 0.024
0 0.428 0.376 0.028 0.028
0 0.428 0.357 0.02 0.018
0 0.452 0.355 0.024 0.022
0 0.349 0.411 0.034 0.078
0 0.293 0.527 0.038 0.022
0 0.395 0.017 0.042 0.03
0 0.344 0.071 0.04 0.05
0 0.815 0.08 0.03 0.024
0 0.842 0.02 0.04 0.036
0 0.67 0.125 0.02 0.018
0 0.55 0.287 0.02 0.026
0 0.955 0.09 0.022 0.024
0 0.985 0.183 0.026 0.022
0 0.979 0.293 0.038 0.046
0 0.994 0.866 0.008 0.036
0 0.987 0.83 0.022 0.028
1 0.365 0.982 0.014 0.012
1 0.6 0.888 0.016 0.016
1 0.671 0.845 0.018 0.018
1 0.725 0.796 0.026 0.016
1 0.453 0.869 0.014 0.018
1 0.249 0.685 0.018 0.018
1 0.534 0.676 0.016 0.024
1 0.554 0.554 0.016 0.028
1 0.991 0.46 0.014 0.02
1 0.965 0.42 0.022 0.016
1 0.66 0.255 0.02 0.018
1 0.746 0.286 0.016 0.02
1 0.341 0.153 0.022 0.018
1 0.276 0.144 0.02 0.028
1 0.136 0.066 0.02 0.02
1 0.095 0.084 0.022 0.028
1 0.161 0.152 0.022 0.024
1 0.037 0.424 0.018 0.02
1 0.367 0.311 0.018 0.022
1 0.383 0.312 0.018 0.024
1 0.201 0.056 0.022 0.02
1 0.178 0.345 0.016 0.018
1 0.186 0.337 0.012 0.014
1 0.865 0.832 0.014 0.016
2 0.286 0.864 0.024 0.028
2 0.046 0.989 0.028 0.018
2 0.085 0.97 0.018 0.032
2 0.067 0.922 0.026 0.02
2 0.224 0.915 0.02 0.026
2 0.202 0.916 0.016 0.024
2 0.301 0.988 0.018 0.02
2 0.266 0.969 0.02 0.022
2 0.393 0.983 0.022 0.03
2 0.366 0.948 0.024 0.028
2 0.451 0.963 0.038 0.034
2 0.482 0.97 0.02 0.02
2 0.47 0.992 0.024 0.012
2 0.717 0.958 0.026 0.032
2 0.536 0.753 0.02 0.026
2 0.499 0.736 0.022 0.028
2 0.45 0.827 0.028 0.042
2 0.41 0.845 0.02 0.018
2 0.369 0.866 0.022 0.016
2 0.253 0.816 0.034 0.012
2 0.249 0.792 0.03 0.024
2 0.251 0.846 0.018 0.032
2 0.219 0.829 0.026 0.03
2 0.315 0.857 0.014 0.034
2 0.108 0.641 0.02 0.026
2 0.242 0.699 0.04 0.03
2 0.626 0.537 0.032 0.026
2 0.615 0.617 0.034 0.042
2 0.826 0.664 0.028 0.024
2 0.99 0.419 0.016 0.022
2 0.838 0.501 0.02 0.026
2 0.762 0.435 0.016 0.022
2 0.76 0.495 0.024 0.03
2 0.732 0.31 0.04 0.024
2 0.598 0.349 0.02 0.034
2 0.672 0.357 0.02 0.034
2 0.582 0.177 0.04 0.03
2 0.61 0.156 0.024 0.032
2 0.498 0.2 0.036 0.036
2 0.154 0.017 0.036 0.03
2 0.053 0.403 0.014 0.022
2 0.087 0.459 0.018 0.03
2 0.395 0.511 0.038 0.026
2 0.38 0.477 0.032 0.034
2 0.286 0.591 0.028 0.042
2 0.203 0.576 0.018 0.02
2 0.366 0.627 0.032 0.026
2 0.365 0.036 0.042 0.016
2 0.358 0.055 0.012 0.026
2 0.561 0.074 0.022 0.032
2 0.608 0.085 0.024 0.022
2 0.614 0.056 0.04 0.028
2 0.734 0.036 0.036 0.04
2 0.747 0.084 0.022 0.028
2 0.628 0.09 0.016 0.02
2 0.715 0.085 0.018 0.014
2 0.334 0.191 0.02 0.038
2 0.5 0.271 0.024 0.03
2 0.977 0.013 0.034 0.014
2 0.82 0.04 0.02 0.02
2 0.903 0.109 0.026 0.022
2 0.991 0.342 0.014 0.028
2 0.945 0.255 0.022 0.022
2 0.667 0.302 0.03 0.044
2 0.878 0.186 0.028 0.02
2 0.845 0.819 0.026 0.014
2 0.89 0.846 0.016 0.032
2 0.987 0.977 0.022 0.046
2 0.84 0.991 0.032 0.014
2 0.92 0.991 0.028 0.014
2 0.923 0.97 0.022 0.02
2 0.974 0.896 0.028 0.032
2 0.942 0.932 0.028 0.024
2 0.758 0.832 0.02 0.02
2 0.254 0.576 0.016 0.024
2 0.292 0.712 0.028 0.028
2 0.402 0.379 0.02 0.026
2 0.538 0.007 0.028 0.01
2 0.606 0.011 0.02 0.018
2 0.441 0.063 0.038 0.026