0 0.076 0.989 0.048 0.018
0 0.045 0.977 0.022 0.038
0 0.108 0.951 0.036 0.054
0 0.213 0.985 0.046 0.026
0 0.291 0.99 0.046 0.016
0 0.182 0.929 0.048 0.074
0 0.227 0.939 0.03 0.05
0 0.219 0.915 0.022 0.026
0 0.284 0.963 0.028 0.018
0 0.332 0.957 0.044 0.078
0 0.302 0.899 0.052 0.062
0 0.445 0.993 0.042 0.01
0 0.486 0.987 0.04 0.022
0 0.461 0.953 0.022 0.038
0 0.537 0.997 0.022 0.002
0 0.527 0.971 0.042 0.054
0 0.62 0.976 0.044 0.044
0 0.678 0.995 0.04 0.006
0 0.725 0.985 0.042 0.026
0 0.776 0.991 0.036 0.014
0 0.824 0.97 0.024 0.028
0 0.85 0.963 0.036 0.07
0 0.883 0.988 0.046 0.02
0 0.934 0.96 0.048 0.076
0 0.997 0.99 0.002 0.016
0 0.991 0.921 0.014 0.042
0 0.993 0.892 0.01 0.044
0 0.851 0.871 0.042 0.078
0 0.803 0.923 0.054 0.066
0 0.768 0.847 0.088 0.058
0 0.692 0.931 0.064 0.082
0 0.658 0.844 0.028 0.024
0 0.633 0.854 0.05 0.044
0 0.603 0.84 0.022 0.024
0 0.577 0.857 0.05 0.046
0 0.57 0.815 0.048 0.038
0 0.522 0.895 0.032 0.054
0 0.465 0.899 0.042 0.046
0 0.464 0.849 0.024 0.03
0 0.455 0.858 0.038 0.04
0 0.432 0.876 0.036 0.04
0 0.403 0.932 0.062 0.08
0 0.41 0.898 0.048 0.04
0 0.376 0.88 0.052 0.068
0 0.261 0.834 0.038 0.06
0 0.277 0.867 0.018 0.03
0 0.174 0.847 0.068 0.094
0 0.085 0.896 0.042 0.044
0 0.035 0.903 0.046 0.046
0 0.007 0.951 0.014 0.042
0 0.016 0.867 0.032 0.054
0 0.011 0.808 0.022 0.056
0 0.148 0.791 0.032 0.066
0 0.005 0.752 0.01 0.052
0 0.116 0.739 0.052 0.062
0 0.158 0.715 0.044 0.046
0 0.058 0.689 0.036 0.042
0 0.21 0.727 0.04 0.042
0 0.258 0.741 0.032 0.038
0 0.352 0.785 0.068 0.062
0 0.382 0.749 0.048 0.046
0 0.421 0.814 0.042 0.068
0 0.463 0.802 0.046 0.044
0 0.538 0.769 0.044 0.054
0 0.584 0.759 0.036 0.046
0 0.618 0.772 0.048 0.068
0 0.644 0.752 0.052 0.064
0 0.675 0.782 0.042 0.06
0 0.941 0.793 0.058 0.058
0 0.92 0.731 0.052 0.066
0 0.995 0.678 0.006 0.036
0 0.843 0.692 0.058 0.06
0 0.913 0.678 0.038 0.044
0 0.905 0.66 0.046 0.032
0 0.781 0.675 0.042 0.038
0 0.776 0.653 0.048 0.034
0 0.657 0.708 0.022 0.024
0 0.675 0.685 0.038 0.038
0 0.634 0.643 0.052 0.054
0 0.597 0.632 0.038 0.052
0 0.561 0.668 0.038 0.052
0 0.536 0.684 0.048 0.052
0 0.487 0.679 0.022 0.026
0 0.472 0.713 0.024 0.034
0 0.461 0.69 0.034 0.036
0 0.47 0.653 0.044 0.034
0 0.276 0.662 0.032 0.04
0 0.04 0.54 0.052 0.072
0 0.07 0.543 0.024 0.054
0 0.041 0.486 0.062 0.06
0 0.04 0.445 0.064 0.054
0 0.223 0.535 0.074 0.082
0 0.227 0.6 0.042 0.084
0 0.32 0.563 0.08 0.098
0 0.391 0.557 0.026 0.026
0 0.54 0.548 0.032 0.04
0 0.979 0.639 0.038 0.042
0 0.979 0.597 0.038 0.05
0 0.971 0.606 0.038 0.044
0 0.904 0.579 0.04 0.038
0 0.88 0.603 0.036 0.038
0 0.909 0.512 0.038 0.092
0 0.869 0.496 0.046 0.072
0 0.847 0.541 0.022 0.03
0 0.875 0.545 0.042 0.034
0 0.761 0.575 0.034 0.05
0 0.725 0.505 0.022 0.034
0 0.654 0.481 0.072 0.106
0 0.106 0.436 0.056 0.1
0 0.137 0.402 0.062 0.088
0 0.207 0.414 0.07 0.108
0 0.177 0.439 0.038 0.046
0 0.154 0.46 0.044 0.052
0 0.443 0.482 0.042 0.068
0 0.474 0.478 0.032 0.044
0 0.003 0.033 0.006 0.042
0 0.053 0.037 0.054 0.058
0 0.092 0.014 0.04 0.024
0 0.112 0.065 0.06 0.062
0 0.212 0.087 0.044 0.046
0 0.048 0.108 0.028 0.024
0 0.316 0.007 0.028 0.01
0 0.329 0.032 0.046 0.06
0 0.374 0.018 0.052 0.032
0 0.369 0.083 0.022 0.022
0 0.46 0.057 0.024 0.034
0 0.51 0.035 0.052 0.066
0 0.548 0.039 0.024 0.034
0 0.578 0.042 0.04 0.052
0 0.613 0.057 0.054 0.078
0 0.624 0.013 0.04 0.022
0 0.673 0.026 0.034 0.048
0 0.984 0.014 0.028 0.024
0 0.994 0.043 0.008 0.034
0 0.991 0.08 0.014 0.028
0 0.994 0.135 0.008 0.05
0 0.982 0.141 0.024 0.022
0 0.898 0.105 0.048 0.062
0 0.837 0.105 0.042 0.042
0 0.824 0.122 0.068 0.052
0 0.784 0.133 0.052 0.058
0 0.842 0.182 0.068 0.068
0 0.895 0.194 0.062 0.064
0 0.924 0.191 0.036 0.054
0 0.99 0.214 0.016 0.032
0 0.751 0.159 0.026 0.03
0 0.742 0.172 0.024 0.024
0 0.703 0.169 0.042 0.058
0 0.639 0.145 0.03 0.026
0 0.671 0.185 0.05 0.042
0 0.655 0.198 0.062 0.076
0 0.525 0.12 0.062 0.064
0 0.489 0.125 0.03 0.018
0 0.494 0.165 0.048 0.05
0 0.437 0.195 0.034 0.03
0 0.375 0.148 0.07 0.076
0 0.358 0.173 0.036 0.034
0 0.216 0.201 0.048 0.058
0 0.199 0.188 0.018 0.032
0 0.129 0.163 0.05 0.046
0 0.016 0.279 0.032 0.054
0 0.005 0.32 0.01 0.024
0 0.169 0.341 0.046 0.058
0 0.035 0.387 0.022 0.038
0 0.043 0.366 0.026 0.024
0 0.299 0.344 0.034 0.052
0 0.281 0.294 0.066 0.076
0 0.342 0.248 0.024 0.04
0 0.358 0.235 0.02 0.034
0 0.509 0.258 0.034 0.06
0 0.437 0.304 0.078 0.08
0 0.441 0.366 0.058 0.056
0 0.445 0.409 0.046 0.05
0 0.405 0.352 0.054 0.084
0 0.295 0.474 0.03 0.032
0 0.301 0.444 0.038 0.024
0 0.326 0.418 0.048 0.06
0 0.375 0.391 0.046 0.054
0 0.994 0.415 0.008 0.022
0 0.953 0.335 0.026 0.026
0 0.904 0.369 0.04 0.05
0 0.947 0.366 0.042 0.044
0 0.963 0.395 0.05 0.034
0 0.891 0.417 0.046 0.038
0 0.876 0.259 0.044 0.066
0 0.779 0.29 0.054 0.056
0 0.823 0.337 0.03 0.026
0 0.578 0.314 0.06 0.072
0 0.536 0.311 0.036 0.046
0 0.625 0.386 0.086 0.096
0 0.649 0.354 0.034 0.044
0 0.713 0.406 0.046 0.06
0 0.71 0.335 0.04 0.026
0 0.796 0.428 0.064 0.096
0 0.845 0.414 0.05 0.064
0 0.805 0.373 0.054 0.038
0 0.388 0.673 0.064 0.066
0 0.376 0.631 0.048 0.046
0 0.41 0.63 0.044 0.056
0 0.384 0.636 0.024 0.016
1 0.222 0.764 0.032 0.024
1 0.333 0.618 0.022 0.028
1 0.823 0.573 0.034 0.03
1 0.106 0.095 0.036 0.018
1 0.156 0.105 0.02 0.022
1 0.005 0.19 0.01 0.04
1 0.292 0.818 0.016 0.056
1 0.023 0.837 0.018 0.018
1 0.031 0.733 0.034 0.022
1 0.726 0.767 0.032 0.014
1 0.144 0.658 0.02 0.024
1 0.171 0.657 0.034 0.03
1 0.077 0.667 0.026 0.026
1 0.947 0.565 0.038 0.022
1 0.924 0.591 0.024 0.018
1 0.616 0.438 0.02 0.024
1 0.185 0.075 0.034 0.022
1 0.717 0.057 0.018 0.026
1 0.696 0.106 0.016 0.032
1 0.788 0.193 0.028 0.026
1 0.729 0.224 0.014 0.016
1 0.222 0.317 0.032 0.018
1 0.307 0.492 0.014 0.016
1 0.532 0.436 0.02 0.024
1 0.544 0.424 0.012 0.028
1 0.93 0.325 0.028 0.018
1 0.707 0.362 0.03 0.02
2 0.932 0.86 0.052 0.056
2 0.888 0.849 0.012 0.022
2 0.787 0.897 0.022 0.03
2 0.696 0.972 0.024 0.028
2 0.495 0.873 0.026 0.026
2 0.257 0.875 0.022 0.034
2 0.145 0.915 0.026 0.018
2 0.068 0.772 0.032 0.044
2 0.788 0.795 0.024 0.03
2 0.863 0.744 0.034 0.032
2 0.84 0.636 0.056 0.068
2 0.715 0.709 0.042 0.042
2 0.597 0.798 0.014 0.024
2 0.524 0.606 0.02 0.024
2 0.027 0.637 0.042 0.058
2 0.184 0.571 0.02 0.034
2 0.988 0.516 0.02 0.024
2 0.949 0.493 0.038 0.062
2 0.766 0.618 0.04 0.028
2 0.732 0.614 0.028 0.024
2 0.57 0.512 0.032 0.036
2 0.163 0.508 0.074 0.048
2 0.169 0.545 0.058 0.038
2 0.467 0.584 0.026 0.02
2 0.273 0.073 0.014 0.022
2 0.459 0.017 0.026 0.03
2 0.565 0.004 0.03 0.004
2 0.724 0.006 0.032 0.008
2 0.874 0.061 0.04 0.05
2 0.929 0.052 0.03 0.056
2 0.971 0.206 0.026 0.02
2 0.994 0.186 0.008 0.032
2 0.596 0.187 0.02 0.022
2 0.461 0.156 0.026 0.02
2 0.296 0.189 0.032 0.054
2 0.056 0.232 0.016 0.02
2 0.102 0.264 0.064 0.06
2 0.181 0.282 0.026 0.04
2 0.188 0.253 0.024 0.014
2 0.225 0.268 0.022 0.032
2 0.32 0.509 0.044 0.034
2 0.479 0.456 0.042 0.052
2 0.493 0.418 0.046 0.048
2 0.489 0.372 0.034 0.032
2 0.898 0.446 0.02 0.02
2 0.838 0.298 0.06 0.092
2 0.724 0.301 0.044 0.05
2 0.753 0.408 0.026 0.036
2 0.408 0.675 0.02 0.026
2 0.407 0.27 0.022 0.032
0 0.108 0.949 0.04 0.046
0 0.182 0.925 0.052 0.066
0 0.302 0.897 0.056 0.058
0 0.377 0.875 0.05 0.058
0 0.403 0.917 0.062 0.086
0 0.332 0.955 0.048 0.066
0 0.291 0.991 0.042 0.014
0 0.215 0.983 0.05 0.03
0 0.225 0.939 0.03 0.046
0 0.26 0.836 0.04 0.068
0 0.359 0.781 0.042 0.05
0 0.381 0.748 0.05 0.044
0 0.422 0.809 0.04 0.058
0 0.433 0.874 0.038 0.04
0 0.466 0.897 0.04 0.042
0 0.459 0.854 0.038 0.044
0 0.524 0.893 0.032 0.05
0 0.576 0.857 0.048 0.042
0 0.632 0.854 0.044 0.044
0 0.571 0.817 0.042 0.038
0 0.537 0.766 0.042 0.052
0 0.584 0.752 0.032 0.036
0 0.644 0.77 0.096 0.068
0 0.69 0.932 0.06 0.076
0 0.779 0.846 0.062 0.056
0 0.804 0.921 0.048 0.066
0 0.852 0.868 0.04 0.072
0 0.933 0.959 0.046 0.07
0 0.88 0.987 0.044 0.022
0 0.847 0.963 0.034 0.07
0 0.777 0.989 0.038 0.018
0 0.725 0.986 0.05 0.024
0 0.678 0.994 0.04 0.008
0 0.619 0.977 0.046 0.042
0 0.528 0.97 0.052 0.056
0 0.486 0.988 0.04 0.02
0 0.391 0.646 0.082 0.096
0 0.463 0.698 0.038 0.052
0 0.47 0.654 0.04 0.04
0 0.548 0.67 0.06 0.068
0 0.619 0.636 0.07 0.056
0 0.778 0.664 0.044 0.06
0 0.761 0.573 0.034 0.05
0 0.842 0.668 0.06 0.104
0 0.909 0.671 0.05 0.058
0 0.921 0.73 0.05 0.06
0 0.94 0.785 0.056 0.046
0 0.993 0.889 0.01 0.054
0 0.079 0.99 0.054 0.016
0 0.007 0.951 0.014 0.042
0 0.036 0.902 0.044 0.052
0 0.085 0.895 0.038 0.038
0 0.179 0.85 0.062 0.072
0 0.148 0.786 0.036 0.06
0 0.115 0.739 0.05 0.058
0 0.16 0.714 0.044 0.048
0 0.209 0.727 0.038 0.038
0 0.016 0.865 0.032 0.05
0 0.01 0.806 0.02 0.052
0 0.006 0.749 0.012 0.046
0 0.059 0.685 0.038 0.038
0 0.222 0.557 0.072 0.13
0 0.046 0.495 0.072 0.158
0 0.016 0.278 0.032 0.052
0 0.005 0.188 0.01 0.044
0 0.132 0.162 0.044 0.048
0 0.215 0.201 0.05 0.062
0 0.282 0.308 0.068 0.116
0 0.376 0.149 0.072 0.074
0 0.495 0.159 0.042 0.038
0 0.511 0.253 0.046 0.054
0 0.578 0.305 0.06 0.062
0 0.442 0.295 0.064 0.066
0 0.447 0.41 0.05 0.048
0 0.407 0.339 0.05 0.058
0 0.44 0.361 0.06 0.046
0 0.653 0.478 0.066 0.104
0 0.717 0.401 0.038 0.054
0 0.784 0.294 0.048 0.056
0 0.62 0.385 0.076 0.082
0 0.875 0.252 0.042 0.06
0 0.868 0.494 0.048 0.06
0 0.911 0.51 0.038 0.084
0 0.876 0.543 0.036 0.034
0 0.98 0.639 0.036 0.042
0 0.975 0.595 0.046 0.05
0 0.441 0.477 0.038 0.054
0 0.474 0.478 0.032 0.048
0 0.539 0.547 0.03 0.038
0 0.319 0.558 0.082 0.108
0 0.325 0.414 0.046 0.06
0 0.373 0.386 0.046 0.04
0 0.204 0.403 0.056 0.09
0 0.133 0.417 0.11 0.122
0 0.05 0.032 0.048 0.044
0 0.112 0.066 0.06 0.064
0 0.093 0.016 0.042 0.028
0 0.212 0.086 0.044 0.044
0 0.184 0.076 0.032 0.024
0 0.326 0.027 0.04 0.05
0 0.314 0.008 0.024 0.012
0 0.374 0.013 0.044 0.022
0 0.512 0.03 0.048 0.056
0 0.604 0.042 0.084 0.08
0 0.524 0.116 0.064 0.056
0 0.791 0.408 0.086 0.112
0 0.889 0.417 0.046 0.042
0 0.85 0.411 0.04 0.062
0 0.66 0.19 0.072 0.06
0 0.701 0.165 0.034 0.05
0 0.746 0.162 0.036 0.04
0 0.811 0.122 0.094 0.072
0 0.838 0.178 0.06 0.056
0 0.902 0.186 0.076 0.052
0 0.901 0.102 0.05 0.064
0 0.983 0.013 0.03 0.022
0 0.992 0.083 0.012 0.03
0 0.992 0.041 0.012 0.038
0 0.986 0.134 0.024 0.048
0 0.67 0.024 0.032 0.044
1 0.217 0.914 0.018 0.02
1 0.282 0.963 0.032 0.022
1 0.278 0.867 0.024 0.026
1 0.603 0.838 0.018 0.02
1 0.658 0.843 0.024 0.022
1 0.461 0.951 0.026 0.034
1 0.497 0.87 0.022 0.024
1 0.487 0.678 0.022 0.028
1 0.668 0.694 0.044 0.052
1 0.714 0.708 0.04 0.04
1 0.734 0.615 0.028 0.022
1 0.99 0.921 0.016 0.042
1 0.824 0.968 0.024 0.028
1 0.223 0.762 0.034 0.024
1 0.257 0.741 0.026 0.03
1 0.031 0.733 0.03 0.018
1 0.023 0.836 0.018 0.02
1 0.076 0.662 0.028 0.032
1 0.143 0.656 0.022 0.032
1 0.171 0.655 0.03 0.03
1 0.277 0.661 0.03 0.034
1 0.183 0.569 0.03 0.03
1 0.035 0.383 0.026 0.03
1 0.043 0.362 0.026 0.02
1 0.004 0.318 0.008 0.02
1 0.342 0.246 0.024 0.04
1 0.357 0.236 0.022 0.032
1 0.438 0.193 0.032 0.03
1 0.488 0.125 0.032 0.018
1 0.462 0.158 0.024 0.02
1 0.534 0.304 0.028 0.036
1 0.65 0.35 0.032 0.044
1 0.715 0.334 0.038 0.024
1 0.707 0.364 0.03 0.02
1 0.822 0.336 0.028 0.02
1 0.904 0.362 0.044 0.036
1 0.932 0.324 0.032 0.02
1 0.825 0.572 0.03 0.032
1 0.878 0.598 0.04 0.036
1 0.924 0.59 0.024 0.02
1 0.905 0.575 0.042 0.034
1 0.85 0.541 0.02 0.022
1 0.524 0.606 0.02 0.02
1 0.47 0.586 0.028 0.02
1 0.393 0.556 0.022 0.024
1 0.568 0.511 0.028 0.034
1 0.615 0.439 0.026 0.026
1 0.535 0.431 0.026 0.034
1 0.727 0.505 0.026 0.034
1 0.334 0.616 0.028 0.028
1 0.311 0.491 0.018 0.014
1 0.293 0.473 0.026 0.034
1 0.302 0.446 0.04 0.028
1 0.171 0.334 0.046 0.044
1 0.225 0.317 0.03 0.022
1 0.225 0.269 0.022 0.034
1 0.186 0.254 0.028 0.016
1 0.057 0.231 0.022 0.022
1 0.156 0.107 0.024 0.026
1 0.046 0.107 0.028 0.026
1 0.107 0.095 0.038 0.018
1 0.546 0.037 0.024 0.034
1 0.462 0.053 0.024 0.022
1 0.638 0.142 0.028 0.02
1 0.962 0.389 0.04 0.038
1 0.948 0.359 0.036 0.03
1 0.96 0.333 0.032 0.026
1 0.987 0.512 0.022 0.032
1 0.945 0.564 0.038 0.024
1 0.788 0.191 0.028 0.026
1 0.97 0.206 0.028 0.024
1 0.992 0.213 0.012 0.034
1 0.7 0.101 0.028 0.038
1 0.718 0.056 0.024 0.032
1 0.369 0.083 0.026 0.026
1 0.594 0.185 0.024 0.022
1 0.004 0.034 0.008 0.032
2 0.461 0.8 0.042 0.044
2 0.931 0.847 0.046 0.062
2 0.698 0.971 0.028 0.026
2 0.442 0.992 0.044 0.012
2 0.045 0.972 0.03 0.044
2 0.294 0.819 0.02 0.054
2 0.065 0.77 0.038 0.044
2 0.028 0.634 0.04 0.052
2 0.164 0.518 0.08 0.072
2 0.841 0.288 0.054 0.068
2 0.949 0.494 0.034 0.06
2 0.861 0.744 0.03 0.032
2 0.775 0.793 0.074 0.046
2 0.722 0.768 0.032 0.02
2 0.181 0.279 0.03 0.034
2 0.105 0.269 0.054 0.058
2 0.163 0.221 0.026 0.038
2 0.728 0.302 0.04 0.044
2 0.729 0.226 0.018 0.02
2 0.903 0.057 0.086 0.054
2 0.487 0.408 0.05 0.116
2 0.408 0.266 0.024 0.028
2 0.406 0.221 0.064 0.074
2 0.297 0.185 0.034 0.05