0 0.85 0.679 0.032 0.042
0 0.872 0.615 0.044 0.05
0 0.989 0.909 0.018 0.082
0 0.963 0.925 0.034 0.046
0 0.893 0.943 0.046 0.074
0 0.835 0.947 0.038 0.05
0 0.895 0.818 0.042 0.044
0 0.823 0.813 0.054 0.058
0 0.768 0.818 0.036 0.068
0 0.716 0.796 0.044 0.052
0 0.649 0.761 0.03 0.05
0 0.657 0.811 0.05 0.042
0 0.731 0.88 0.038 0.04
0 0.656 0.907 0.036 0.054
0 0.634 0.971 0.044 0.054
0 0.534 0.977 0.044 0.042
0 0.604 0.899 0.044 0.034
0 0.614 0.836 0.04 0.056
0 0.701 0.936 0.038 0.048
0 0.581 0.854 0.03 0.06
0 0.446 0.799 0.048 0.082
0 0.478 0.888 0.036 0.044
0 0.421 0.821 0.05 0.058
0 0.334 0.796 0.04 0.056
0 0.299 0.803 0.03 0.066
0 0.262 0.877 0.044 0.042
0 0.163 0.832 0.034 0.052
0 0.102 0.833 0.032 0.054
0 0.048 0.846 0.06 0.068
0 0.092 0.936 0.04 0.056
0 0.063 0.978 0.042 0.04
0 0.161 0.98 0.038 0.036
0 0.23 0.963 0.044 0.07
0 0.232 0.91 0.032 0.036
0 0.199 0.968 0.042 0.048
0 0.211 0.995 0.034 0.006
0 0.292 0.976 0.048 0.044
0 0.497 0.966 0.03 0.064
0 0.474 0.937 0.028 0.05
0 0.682 0.719 0.036 0.062
0 0.594 0.662 0.036 0.048
0 0.505 0.703 0.034 0.046
0 0.486 0.661 0.032 0.05
0 0.442 0.648 0.056 0.088
0 0.333 0.645 0.046 0.058
0 0.39 0.71 0.04 0.052
0 0.4 0.68 0.044 0.048
0 0.274 0.704 0.036 0.044
0 0.156 0.733 0.06 0.062
0 0.077 0.784 0.042 0.064
0 0.025 0.786 0.042 0.052
0 0.11 0.708 0.036 0.056
0 0.122 0.591 0.056 0.086
0 0.364 0.439 0.048 0.094
0 0.413 0.438 0.038 0.06
0 0.446 0.499 0.048 0.038
0 0.656 0.482 0.024 0.04
0 0.702 0.518 0.048 0.064
0 0.877 0.504 0.042 0.044
0 0.864 0.534 0.052 0.048
0 0.773 0.57 0.058 0.08
0 0.975 0.587 0.046 0.046
0 0.981 0.669 0.034 0.042
0 0.991 0.724 0.014 0.048
0 0.813 0.747 0.046 0.054
0 0.926 0.656 0.06 0.052
0 0.756 0.643 0.052 0.058
0 0.674 0.631 0.048 0.058
0 0.568 0.607 0.044 0.082
0 0.468 0.582 0.052 0.076
0 0.332 0.487 0.032 0.042
0 0.23 0.535 0.044 0.062
0 0.237 0.566 0.038 0.04
0 0.136 0.474 0.028 0.048
0 0.108 0.428 0.04 0.08
0 0.051 0.441 0.034 0.062
0 0.017 0.351 0.03 0.07
0 0.033 0.307 0.034 0.042
0 0.069 0.247 0.038 0.05
0 0.173 0.294 0.034 0.048
0 0.252 0.31 0.048 0.068
0 0.237 0.199 0.054 0.09
0 0.345 0.198 0.046 0.064
0 0.386 0.24 0.032 0.064
0 0.294 0.153 0.032 0.066
0 0.187 0.116 0.042 0.064
0 0.12 0.132 0.028 0.044
0 0.122 0.067 0.036 0.038
0 0.103 0.1 0.046 0.072
0 0.019 0.083 0.034 0.078
0 0.212 0.017 0.044 0.03
0 0.115 0.008 0.03 0.012
0 0.374 0.077 0.064 0.082
0 0.544 0.132 0.04 0.088
0 0.605 0.14 0.058 0.064
0 0.681 0.105 0.034 0.078
0 0.784 0.132 0.028 0.056
0 0.833 0.194 0.062 0.076
0 0.933 0.158 0.078 0.056
0 0.919 0.093 0.042 0.058
0 0.972 0.038 0.052 0.064
0 0.878 0.06 0.056 0.06
0 0.828 0.104 0.028 0.064
0 0.984 0.249 0.028 0.062
0 0.919 0.228 0.03 0.036
0 0.984 0.163 0.028 0.046
0 0.99 0.106 0.016 0.028
0 0.887 0.31 0.05 0.08
0 0.973 0.347 0.042 0.058
0 0.926 0.394 0.048 0.052
0 0.778 0.361 0.032 0.074
0 0.731 0.39 0.062 0.108
0 0.709 0.344 0.042 0.044
0 0.704 0.279 0.052 0.086
0 0.622 0.337 0.052 0.066
0 0.596 0.415 0.048 0.074
0 0.571 0.441 0.046 0.054
0 0.535 0.418 0.038 0.052
0 0.488 0.394 0.056 0.076
0 0.477 0.329 0.042 0.066
0 0.393 0.311 0.046 0.066
0 0.226 0.361 0.04 0.058
0 0.708 0.221 0.056 0.05
0 0.535 0.254 0.05 0.068
0 0.598 0.056 0.032 0.056
0 0.555 0.074 0.046 0.084
0 0.547 0.025 0.03 0.046
0 0.775 0.484 0.07 0.064
0 0.944 0.474 0.028 0.032
0 0.91 0.429 0.032 0.042
0 0.971 0.413 0.03 0.046
0 0.946 0.5 0.024 0.016
0 0.989 0.454 0.018 0.02
0 0.872 0.411 0.024 0.018
0 0.971 0.291 0.018 0.022
0 0.551 0.298 0.098 0.096
0 0.303 0.498 0.022 0.032
0 0.207 0.645 0.03 0.038
0 0.361 0.922 0.034 0.048
0 0.379 0.905 0.018 0.03
0 0.371 0.874 0.022 0.036
0 0.298 0.866 0.032 0.052
0 0.27 0.804 0.024 0.036
0 0.239 0.775 0.026 0.022
0 0.52 0.923 0.052 0.066
0 0.655 0.841 0.026 0.022
0 0.879 0.761 0.042 0.03
0 0.957 0.62 0.054 0.064
0 0.707 0.694 0.03 0.028
0 0.668 0.596 0.02 0.024
0 0.419 0.549 0.022 0.022
0 0.553 0.757 0.05 0.042
0 0.586 0.792 0.024 0.024
0 0.528 0.861 0.036 0.034
0 0.55 0.806 0.044 0.044
0 0.403 0.744 0.018 0.016
0 0.442 0.986 0.02 0.024
0 0.389 0.869 0.018 0.03
0 0.015 0.918 0.026 0.056
0 0.237 0.798 0.026 0.028
0 0.06 0.726 0.024 0.048
0 0.092 0.655 0.02 0.042
0 0.04 0.542 0.032 0.064
0 0.019 0.485 0.03 0.034
0 0.025 0.459 0.034 0.018
0 0.23 0.665 0.032 0.046
0 0.491 0.079 0.022 0.038
0 0.474 0.119 0.024 0.03
0 0.393 0.206 0.034 0.052
0 0.436 0.219 0.02 0.03
0 0.983 0.989 0.026 0.018
0 0.921 0.91 0.026 0.028
0 0.993 0.854 0.01 0.024
0 0.214 0.603 0.024 0.034
0 0.019 0.74 0.026 0.032
0 0.017 0.622 0.026 0.052
0 0.737 0.149 0.03 0.022
0 0.808 0.049 0.024 0.018
0 0.809 0.01 0.03 0.016
0 0.724 0.125 0.032 0.038
0 0.964 0.005 0.032 0.006
0 0.896 0.13 0.016 0.024
0 0.902 0.152 0.02 0.02
0 0.852 0.357 0.02 0.03
0 0.991 0.418 0.014 0.036
0 0.951 0.29 0.022 0.056
0 0.618 0.378 0.032 0.024
0 0.492 0.197 0.028 0.026
0 0.5 0.159 0.024 0.038
0 0.037 0.167 0.03 0.038
0 0.006 0.135 0.008 0.042
0 0.014 0.009 0.028 0.014
0 0.402 0.006 0.032 0.008
0 0.196 0.218 0.04 0.052
0 0.241 0.442 0.022 0.04
0 0.162 0.638 0.032 0.044
0 0.136 0.656 0.012 0.016
1 0.599 0.927 0.026 0.014
1 0.499 0.459 0.03 0.01
1 0.574 0.497 0.032 0.018
1 0.702 0.455 0.02 0.022
1 0.91 0.499 0.024 0.022
1 0.368 0.371 0.028 0.03
1 0.776 0.933 0.02 0.03
1 0.802 0.904 0.028 0.012
1 0.923 0.75 0.038 0.016
1 0.845 0.71 0.03 0.016
1 0.627 0.666 0.018 0.02
1 0.369 0.572 0.01 0.02
1 0.835 0.24 0.022 0.016
1 0.796 0.233 0.028 0.014
1 0.441 0.191 0.022 0.01
1 0.457 0.202 0.014 0.016
1 0.841 0.322 0.018 0.024
1 0.81 0.379 0.02 0.014
1 0.809 0.029 0.014 0.01
1 0.799 0.034 0.006 0.012
1 0.124 0.306 0.016 0.024
1 0.572 0.369 0.02 0.018
1 0.718 0.649 0.024 0.034
1 0.635 0.57 0.026 0.024
1 0.505 0.599 0.022 0.022
1 0.44 0.284 0.012 0.012
1 0.465 0.245 0.006 0.01
1 0.462 0.236 0.012 0.012
1 0.064 0.285 0.02 0.018
1 0.272 0.037 0.012 0.022
1 0.159 0.043 0.018 0.026
1 0.328 0.236 0.012 0.016
1 0.3 0.236 0.008 0.012
1 0.291 0.231 0.01 0.022
1 0.107 0.5 0.018 0.016
1 0.193 0.732 0.014 0.016
1 0.743 0.2 0.01 0.012
1 0.467 0.174 0.018 0.012
1 0.742 0.062 0.02 0.028
1 0.157 0.421 0.014 0.018
1 0.305 0.518 0.01 0.008
1 0.291 0.518 0.006 0.008
1 0.644 0.122 0.008 0.012
1 0.425 0.094 0.014 0.02
1 0.314 0.048 0.016 0.016
1 0.336 0.08 0.016 0.02
1 0.416 0.049 0.016 0.014
1 0.41 0.121 0.012 0.014
1 0.331 0.05 0.022 0.016
1 0.113 0.369 0.006 0.01
1 0.383 0.579 0.01 0.014
1 0.17 0.592 0.016 0.024
1 0.114 0.379 0.004 0.01
1 0.137 0.372 0.006 0.012
1 0.125 0.369 0.002 0.006
1 0.121 0.367 0.002 0.01
1 0.425 0.114 0.006 0.016
1 0.755 0.187 0.018 0.022
2 0.94 0.995 0.032 0.006
2 0.829 0.995 0.03 0.006
2 0.902 0.639 0.028 0.034
2 0.954 0.539 0.028 0.018
2 0.565 0.523 0.026 0.018
2 0.321 0.549 0.018 0.014
2 0.356 0.737 0.024 0.042
2 0.296 0.739 0.024 0.022
2 0.583 0.196 0.034 0.02
2 0.817 0.296 0.014 0.02
2 0.807 0.327 0.014 0.014
2 0.318 0.915 0.02 0.026
2 0.148 0.926 0.028 0.024
2 0.022 0.834 0.016 0.036
2 0.958 0.741 0.02 0.022
2 0.925 0.718 0.014 0.012
2 0.73 0.832 0.012 0.008
2 0.705 0.976 0.014 0.02
2 0.833 0.865 0.022 0.026
2 0.68 0.038 0.02 0.016
2 0.645 0.007 0.038 0.01
2 0.326 0.277 0.028 0.034
2 0.309 0.247 0.014 0.018
2 0.051 0.595 0.018 0.022
2 0.255 0.635 0.002 0.014
2 0.431 0.038 0.006 0.008
2 0.411 0.025 0.014 0.022
2 0.049 0.687 0.014 0.026
2 0.12 0.675 0.012 0.026
2 0.2 0.711 0.004 0.006
2 0.384 0.836 0.016 0.044
2 0.564 0.656 0.024 0.028
0 0.962 0.928 0.036 0.052
0 0.989 0.911 0.018 0.078
0 0.894 0.944 0.044 0.068
0 0.824 0.81 0.048 0.064
0 0.893 0.817 0.042 0.046
0 0.77 0.82 0.032 0.064
0 0.834 0.95 0.04 0.044
0 0.703 0.941 0.042 0.054
0 0.656 0.906 0.04 0.052
0 0.634 0.97 0.048 0.056
0 0.603 0.897 0.046 0.034
0 0.583 0.851 0.03 0.058
0 0.656 0.811 0.044 0.042
0 0.714 0.796 0.044 0.056
0 0.73 0.881 0.044 0.042
0 0.814 0.748 0.044 0.052
0 0.684 0.715 0.04 0.054
0 0.652 0.761 0.036 0.05
0 0.614 0.837 0.036 0.054
0 0.448 0.802 0.048 0.08
0 0.425 0.823 0.038 0.058
0 0.478 0.89 0.036 0.048
0 0.397 0.695 0.054 0.078
0 0.332 0.645 0.04 0.054
0 0.275 0.704 0.034 0.044
0 0.335 0.793 0.042 0.05
0 0.297 0.798 0.03 0.08
0 0.296 0.865 0.036 0.046
0 0.265 0.878 0.042 0.04
0 0.233 0.911 0.034 0.038
0 0.231 0.964 0.034 0.064
0 0.199 0.971 0.046 0.05
0 0.209 0.994 0.026 0.008
0 0.162 0.983 0.04 0.03
0 0.065 0.98 0.046 0.036
0 0.294 0.977 0.044 0.042
0 0.474 0.934 0.028 0.048
0 0.495 0.964 0.034 0.068
0 0.534 0.979 0.04 0.038
0 0.523 0.924 0.05 0.064
0 0.484 0.663 0.032 0.05
0 0.507 0.703 0.034 0.042
0 0.441 0.639 0.066 0.07
0 0.163 0.734 0.062 0.06
0 0.163 0.833 0.034 0.054
0 0.102 0.831 0.036 0.05
0 0.045 0.846 0.07 0.056
0 0.024 0.788 0.044 0.052
0 0.074 0.779 0.044 0.058
0 0.111 0.706 0.038 0.06
0 0.124 0.593 0.052 0.086
0 0.23 0.535 0.044 0.054
0 0.238 0.572 0.04 0.06
0 0.209 0.644 0.03 0.04
0 0.23 0.665 0.036 0.046
0 0.041 0.544 0.034 0.06
0 0.135 0.472 0.026 0.044
0 0.053 0.44 0.038 0.06
0 0.109 0.428 0.038 0.08
0 0.362 0.439 0.044 0.09
0 0.414 0.439 0.036 0.058
0 0.446 0.499 0.044 0.038
0 0.47 0.58 0.048 0.076
0 0.592 0.66 0.032 0.048
0 0.674 0.631 0.044 0.054
0 0.774 0.57 0.056 0.076
0 0.873 0.615 0.046 0.054
0 0.852 0.678 0.032 0.044
0 0.925 0.655 0.058 0.05
0 0.98 0.669 0.036 0.042
0 0.991 0.725 0.014 0.05
0 0.701 0.519 0.042 0.058
0 0.862 0.533 0.052 0.05
0 0.877 0.504 0.042 0.048
0 0.774 0.48 0.068 0.064
0 0.975 0.588 0.046 0.052
0 0.958 0.617 0.052 0.062
0 0.927 0.394 0.042 0.052
0 0.973 0.344 0.042 0.052
0 0.972 0.418 0.028 0.036
0 0.943 0.475 0.03 0.03
0 0.91 0.43 0.028 0.04
0 0.778 0.36 0.032 0.068
0 0.887 0.312 0.054 0.08
0 0.835 0.193 0.058 0.07
0 0.784 0.131 0.028 0.054
0 0.68 0.105 0.036 0.07
0 0.828 0.101 0.032 0.066
0 0.88 0.059 0.056 0.062
0 0.919 0.094 0.046 0.056
0 0.971 0.038 0.05 0.064
0 0.933 0.154 0.078 0.056
0 0.983 0.163 0.03 0.046
0 0.982 0.249 0.032 0.062
0 0.904 0.137 0.032 0.046
0 0.703 0.278 0.05 0.084
0 0.706 0.219 0.056 0.054
0 0.61 0.14 0.048 0.056
0 0.545 0.135 0.038 0.078
0 0.624 0.346 0.052 0.084
0 0.73 0.393 0.064 0.106
0 0.571 0.439 0.046 0.058
0 0.598 0.415 0.044 0.074
0 0.534 0.415 0.04 0.054
0 0.49 0.386 0.048 0.064
0 0.477 0.332 0.038 0.068
0 0.39 0.312 0.044 0.06
0 0.534 0.254 0.052 0.068
0 0.547 0.296 0.086 0.096
0 0.386 0.235 0.032 0.062
0 0.346 0.198 0.048 0.06
0 0.294 0.15 0.036 0.064
0 0.374 0.075 0.06 0.078
0 0.553 0.076 0.046 0.08
0 0.6 0.055 0.032 0.054
0 0.71 0.342 0.052 0.044
0 0.07 0.248 0.036 0.048
0 0.033 0.307 0.038 0.042
0 0.018 0.351 0.032 0.066
0 0.256 0.313 0.044 0.062
0 0.567 0.604 0.042 0.08
0 0.656 0.482 0.028 0.04
0 0.755 0.641 0.05 0.062
0 0.363 0.921 0.034 0.046
0 0.093 0.931 0.042 0.058
0 0.011 0.92 0.018 0.056
0 0.981 0.989 0.03 0.018
0 0.94 0.995 0.028 0.006
0 0.237 0.198 0.058 0.088
0 0.12 0.131 0.028 0.046
0 0.188 0.116 0.04 0.064
0 0.105 0.103 0.042 0.066
0 0.12 0.067 0.04 0.042
0 0.019 0.083 0.034 0.082
0 0.014 0.008 0.028 0.012
0 0.116 0.009 0.028 0.014
0 0.212 0.019 0.044 0.034
0 0.395 0.206 0.034 0.056
0 0.225 0.361 0.038 0.054
0 0.06 0.726 0.024 0.044
1 0.707 0.695 0.03 0.03
1 0.656 0.843 0.028 0.026
1 0.546 0.023 0.032 0.038
1 0.489 0.079 0.022 0.042
1 0.475 0.12 0.03 0.028
1 0.502 0.159 0.02 0.034
1 0.582 0.198 0.04 0.02
1 0.738 0.15 0.032 0.024
1 0.721 0.123 0.026 0.038
1 0.808 0.05 0.024 0.02
1 0.81 0.01 0.024 0.016
1 0.805 0.031 0.026 0.018
1 0.834 0.241 0.028 0.018
1 0.798 0.233 0.028 0.018
1 0.915 0.227 0.026 0.034
1 0.97 0.291 0.028 0.022
1 0.953 0.295 0.022 0.042
1 0.99 0.106 0.016 0.028
1 0.853 0.356 0.026 0.028
1 0.81 0.378 0.024 0.024
1 0.872 0.41 0.024 0.016
1 0.988 0.453 0.02 0.018
1 0.991 0.417 0.014 0.038
1 0.944 0.502 0.024 0.016
1 0.91 0.5 0.024 0.024
1 0.954 0.538 0.028 0.016
1 0.703 0.456 0.022 0.024
1 0.838 0.321 0.02 0.026
1 0.434 0.218 0.024 0.028
1 0.446 0.197 0.036 0.026
1 0.174 0.291 0.032 0.042
1 0.124 0.307 0.02 0.018
1 0.063 0.284 0.026 0.024
1 0.302 0.502 0.024 0.036
1 0.57 0.498 0.032 0.02
1 0.562 0.522 0.032 0.02
1 0.498 0.459 0.028 0.014
1 0.367 0.572 0.014 0.024
1 0.416 0.55 0.024 0.024
1 0.629 0.665 0.022 0.026
1 0.669 0.596 0.022 0.02
1 0.844 0.71 0.032 0.02
1 0.92 0.75 0.036 0.02
1 0.879 0.761 0.042 0.034
1 0.902 0.639 0.028 0.034
1 0.599 0.928 0.03 0.012
1 0.378 0.904 0.02 0.028
1 0.44 0.987 0.024 0.022
1 0.371 0.875 0.018 0.03
1 0.269 0.807 0.026 0.034
1 0.24 0.775 0.024 0.022
1 0.404 0.745 0.024 0.018
1 0.775 0.93 0.022 0.028
1 0.801 0.903 0.03 0.018
1 0.295 0.233 0.018 0.026
1 0.106 0.5 0.02 0.016
1 0.02 0.487 0.032 0.038
1 0.023 0.459 0.038 0.022
1 0.572 0.37 0.024 0.02
1 0.366 0.373 0.028 0.03
1 0.743 0.195 0.026 0.03
1 0.463 0.24 0.018 0.024
2 0.33 0.487 0.032 0.046
2 0.168 0.617 0.028 0.094
2 0.212 0.6 0.032 0.04
2 0.635 0.567 0.034 0.026
2 0.715 0.646 0.03 0.04
2 0.955 0.742 0.026 0.028
2 0.553 0.757 0.05 0.046
2 0.548 0.806 0.044 0.04
2 0.587 0.791 0.03 0.026
2 0.528 0.858 0.044 0.036
2 0.388 0.854 0.028 0.06
2 0.321 0.915 0.026 0.026
2 0.233 0.798 0.022 0.028
2 0.295 0.74 0.026 0.028
2 0.355 0.737 0.026 0.042
2 0.021 0.9 0.022 0.032
2 0.145 0.927 0.038 0.03
2 0.923 0.909 0.03 0.03
2 0.992 0.857 0.012 0.03
2 0.199 0.219 0.038 0.062
2 0.157 0.043 0.022 0.03
2 0.271 0.039 0.018 0.026
2 0.458 0.173 0.044 0.034
2 0.42 0.108 0.032 0.048
2 0.407 0.03 0.054 0.056
2 0.326 0.042 0.044 0.04
2 0.335 0.08 0.018 0.024
2 0.32 0.261 0.044 0.066
2 0.243 0.442 0.026 0.048
2 0.16 0.426 0.02 0.028
2 0.016 0.625 0.024 0.058
2 0.051 0.596 0.018 0.02
2 0.089 0.655 0.026 0.05
2 0.022 0.738 0.032 0.036
2 0.048 0.69 0.028 0.036
2 0.131 0.671 0.042 0.058
2 0.119 0.368 0.046 0.036
2 0.505 0.599 0.022 0.026
2 0.442 0.687 0.028 0.022
2 0.562 0.66 0.02 0.04
2 0.034 0.17 0.044 0.052
2 0.437 0.282 0.018 0.02
2 0.813 0.309 0.022 0.05
2 0.743 0.071 0.042 0.038