0 0.031 0.93 0.022 0.04
0 0.079 0.928 0.038 0.052
0 0.039 0.867 0.042 0.046
0 0.067 0.846 0.022 0.032
0 0.004 0.805 0.008 0.042
0 0.017 0.808 0.014 0.02
0 0.166 0.98 0.04 0.036
0 0.139 0.887 0.022 0.03
0 0.194 0.91 0.032 0.06
0 0.24 0.975 0.028 0.03
0 0.289 0.985 0.022 0.026
0 0.278 0.979 0.032 0.03
0 0.427 0.993 0.026 0.01
0 0.945 0.985 0.038 0.026
0 0.907 0.986 0.03 0.024
0 0.815 0.965 0.042 0.066
0 0.847 0.99 0.026 0.016
0 0.743 0.973 0.042 0.05
0 0.678 0.965 0.056 0.066
0 0.489 0.926 0.042 0.032
0 0.274 0.857 0.036 0.058
0 0.171 0.785 0.034 0.062
0 0.251 0.819 0.038 0.03
0 0.255 0.754 0.026 0.012
0 0.243 0.736 0.022 0.036
0 0.229 0.719 0.018 0.038
0 0.052 0.641 0.04 0.066
0 0.02 0.528 0.032 0.06
0 0.072 0.419 0.032 0.062
0 0.131 0.448 0.038 0.06
0 0.151 0.509 0.026 0.05
0 0.121 0.36 0.03 0.044
0 0.099 0.209 0.03 0.054
0 0.077 0.14 0.042 0.072
0 0.009 0.04 0.018 0.044
0 0.152 0.01 0.028 0.016
0 0.21 0.085 0.032 0.05
0 0.306 0.054 0.024 0.048
0 0.336 0.161 0.04 0.05
0 0.326 0.214 0.036 0.056
0 0.339 0.264 0.03 0.036
0 0.154 0.204 0.028 0.056
0 0.257 0.337 0.034 0.046
0 0.267 0.304 0.026 0.044
0 0.24 0.418 0.032 0.052
0 0.369 0.381 0.042 0.066
0 0.447 0.347 0.038 0.054
0 0.415 0.222 0.03 0.048
0 0.382 0.019 0.036 0.034
0 0.411 0.011 0.026 0.018
0 0.508 0.03 0.028 0.036
0 0.613 0.012 0.034 0.02
0 0.591 0.037 0.03 0.058
0 0.592 0.109 0.028 0.05
0 0.552 0.099 0.032 0.05
0 0.508 0.084 0.052 0.044
0 0.53 0.11 0.028 0.016
0 0.521 0.126 0.03 0.02
0 0.686 0.036 0.032 0.048
0 0.721 0.017 0.026 0.03
0 0.782 0.019 0.028 0.034
0 0.965 0.054 0.026 0.04
0 0.915 0.055 0.03 0.046
0 0.931 0.098 0.026 0.036
0 0.864 0.069 0.032 0.042
0 0.907 0.127 0.022 0.046
0 0.986 0.14 0.024 0.032
0 0.997 0.199 0.002 0.034
0 0.983 0.28 0.03 0.076
0 0.824 0.173 0.036 0.062
0 0.746 0.162 0.032 0.044
0 0.753 0.142 0.03 0.06
0 0.679 0.176 0.03 0.048
0 0.644 0.253 0.02 0.038
0 0.656 0.273 0.016 0.03
0 0.568 0.252 0.044 0.064
0 0.529 0.279 0.022 0.042
0 0.823 0.278 0.038 0.056
0 0.901 0.306 0.034 0.052
0 0.756 0.324 0.04 0.068
0 0.721 0.318 0.022 0.044
0 0.717 0.401 0.034 0.046
0 0.806 0.45 0.036 0.06
0 0.88 0.468 0.036 0.048
0 0.916 0.539 0.048 0.062
0 0.989 0.563 0.018 0.058
0 0.803 0.524 0.03 0.032
0 0.725 0.452 0.03 0.044
0 0.65 0.441 0.04 0.058
0 0.255 0.573 0.03 0.058
0 0.261 0.636 0.034 0.048
0 0.305 0.646 0.018 0.016
0 0.356 0.678 0.036 0.068
0 0.311 0.719 0.026 0.05
0 0.309 0.768 0.022 0.044
0 0.301 0.796 0.01 0.012
0 0.28 0.807 0.028 0.022
0 0.353 0.863 0.018 0.026
0 0.457 0.805 0.038 0.046
0 0.567 0.85 0.062 0.072
0 0.407 0.738 0.03 0.06
0 0.441 0.704 0.034 0.06
0 0.474 0.684 0.024 0.048
0 0.521 0.689 0.042 0.05
0 0.523 0.637 0.038 0.054
0 0.394 0.558 0.044 0.08
0 0.343 0.541 0.026 0.05
0 0.432 0.512 0.032 0.056
0 0.47 0.517 0.02 0.03
0 0.476 0.429 0.04 0.07
0 0.548 0.426 0.02 0.04
0 0.589 0.499 0.034 0.058
0 0.656 0.519 0.028 0.05
0 0.695 0.54 0.038 0.056
0 0.71 0.609 0.036 0.038
0 0.678 0.646 0.032 0.052
0 0.595 0.658 0.034 0.056
0 0.649 0.716 0.03 0.04
0 0.681 0.791 0.034 0.05
0 0.555 0.806 0.034 0.028
0 0.867 0.875 0.026 0.038
0 0.93 0.865 0.024 0.03
0 0.822 0.846 0.04 0.036
0 0.82 0.814 0.028 0.04
0 0.949 0.75 0.03 0.044
0 0.989 0.752 0.018 0.052
0 0.994 0.733 0.008 0.038
0 0.905 0.635 0.026 0.042
0 0.883 0.622 0.046 0.044
0 0.874 0.707 0.036 0.034
0 0.828 0.713 0.024 0.054
0 0.782 0.751 0.024 0.03
0 0.81 0.657 0.032 0.034
0 0.79 0.628 0.036 0.052
0 0.619 0.617 0.03 0.058
0 0.145 0.571 0.022 0.03
0 0.183 0.567 0.01 0.022
0 0.198 0.575 0.02 0.046
0 0.234 0.62 0.008 0.024
0 0.223 0.586 0.014 0.036
0 0.663 0.295 0.022 0.018
1 0.013 0.953 0.026 0.018
1 0.048 0.951 0.008 0.026
1 0.027 0.897 0.014 0.018
1 0.029 0.884 0.018 0.028
1 0.067 0.824 0.018 0.016
1 0.122 0.994 0.016 0.008
1 0.21 0.988 0.016 0.016
1 0.142 0.908 0.008 0.012
1 0.325 0.976 0.01 0.012
1 0.652 0.988 0.02 0.02
1 0.579 0.965 0.022 0.018
1 0.497 0.959 0.022 0.022
1 0.495 0.9 0.022 0.02
1 0.388 0.968 0.012 0.008
1 0.327 0.945 0.018 0.026
1 0.371 0.922 0.018 0.024
1 0.203 0.882 0.014 0.016
1 0.207 0.787 0.026 0.018
1 0.191 0.747 0.018 0.038
1 0.211 0.777 0.014 0.014
1 0.23 0.77 0.016 0.012
1 0.245 0.762 0.01 0.012
1 0.006 0.541 0.012 0.014
1 0.025 0.478 0.014 0.028
1 0.065 0.104 0.018 0.016
1 0.026 0.009 0.024 0.014
1 0.059 0.047 0.014 0.022
1 0.212 0.052 0.024 0.02
1 0.235 0.095 0.014 0.022
1 0.273 0.075 0.018 0.01
1 0.282 0.088 0.016 0.012
1 0.363 0.113 0.026 0.014
1 0.225 0.2 0.01 0.02
1 0.161 0.264 0.014 0.016
1 0.176 0.267 0.012 0.014
1 0.243 0.388 0.022 0.012
1 0.309 0.426 0.022 0.02
1 0.421 0.311 0.022 0.022
1 0.425 0.284 0.018 0.02
1 0.517 0.013 0.014 0.018
1 0.547 0.004 0.014 0.004
1 0.648 0.082 0.012 0.02
1 0.654 0.102 0.016 0.016
1 0.615 0.136 0.014 0.016
1 0.688 0.004 0.012 0.004
1 0.701 0.007 0.01 0.01
1 0.703 0.074 0.014 0.02
1 0.802 0.035 0.016 0.014
1 0.795 0.026 0.014 0.02
1 0.853 0.012 0.018 0.02
1 0.86 0.029 0.016 0.014
1 0.883 0.11 0.01 0.032
1 0.806 0.068 0.024 0.032
1 0.568 0.181 0.02 0.022
1 0.675 0.25 0.022 0.036
1 0.576 0.276 0.02 0.02
1 0.912 0.264 0.016 0.02
1 0.869 0.36 0.01 0.016
1 0.875 0.407 0.018 0.014
1 0.972 0.513 0.02 0.018
1 0.87 0.557 0.02 0.022
1 0.747 0.498 0.018 0.016
1 0.684 0.462 0.02 0.02
1 0.333 0.804 0.026 0.024
1 0.362 0.895 0.008 0.01
1 0.489 0.834 0.014 0.024
1 0.621 0.656 0.018 0.016
1 0.642 0.672 0.02 0.024
1 0.541 0.769 0.022 0.018
1 0.518 0.807 0.02 0.022
1 0.627 0.811 0.018 0.022
1 0.646 0.861 0.02 0.03
1 0.661 0.881 0.022 0.018
1 0.782 0.898 0.016 0.024
1 0.78 0.868 0.024 0.02
1 0.849 0.898 0.022 0.016
1 0.871 0.899 0.018 0.014
1 0.889 0.896 0.01 0.012
1 0.902 0.9 0.016 0.012
1 0.901 0.848 0.014 0.024
1 0.865 0.781 0.01 0.014
1 0.918 0.7 0.016 0.04
1 0.763 0.736 0.018 0.02
1 0.645 0.625 0.014 0.018
1 0.695 0.672 0.018 0.028
1 0.496 0.584 0.016 0.024
1 0.461 0.571 0.018 0.018
1 0.4 0.623 0.024 0.018
1 0.573 0.662 0.018 0.024
1 0.475 0.651 0.01 0.01
1 0.159 0.659 0.018 0.034
1 0.211 0.689 0.034 0.014
1 0.219 0.528 0.026 0.016
1 0.175 0.61 0.014 0.016
1 0.167 0.604 0.014 0.016
1 0.154 0.597 0.02 0.014
1 0.223 0.612 0.01 0.012
1 0.943 0.35 0.01 0.016
1 0.891 0.357 0.014 0.018
1 0.847 0.739 0.026 0.01
1 0.596 0.2 0.02 0.016
1 0.307 0.237 0.014 0.022
1 0.874 0.951 0.008 0.014
2 0.114 0.843 0.02 0.046
2 0.121 0.873 0.014 0.01
2 0.329 0.987 0.01 0.01
2 0.297 0.909 0.018 0.034
2 0.281 0.893 0.014 0.014
2 0.081 0.569 0.018 0.026
2 0.123 0.528 0.026 0.032
2 0.066 0.017 0.012 0.014
2 0.261 0.047 0.018 0.014
2 0.259 0.02 0.03 0.02
2 0.632 0.029 0.02 0.014
2 0.518 0.149 0.02 0.014
2 0.537 0.164 0.018 0.024
2 0.775 0.235 0.034 0.062
2 0.469 0.881 0.018 0.014
2 0.78 0.882 0.024 0.024
2 0.486 0.613 0.024 0.03
2 0.56 0.671 0.024 0.014
2 0.553 0.652 0.022 0.016
2 0.127 0.584 0.014 0.032
2 0.195 0.487 0.022 0.034
2 0.412 0.385 0.032 0.05
2 0.522 0.394 0.016 0.032
2 0.549 0.342 0.022 0.036
2 0.589 0.294 0.014 0.024
2 0.044 0.429 0.012 0.022
2 0.029 0.39 0.014 0.024
2 0.107 0.463 0.01 0.014
2 0.132 0.312 0.012 0.024
2 0.218 0.128 0.02 0.032
2 0.384 0.957 0.02 0.018
2 0.363 0.948 0.01 0.016
2 0.288 0.16 0.008 0.016