0 0.019 0.986 0.038 0.024
0 0.088 0.987 0.02 0.022
0 0.023 0.878 0.042 0.036
0 0.087 0.884 0.042 0.068
0 0.051 0.827 0.026 0.018
0 0.161 0.948 0.034 0.04
0 0.172 0.88 0.052 0.072
0 0.117 0.817 0.042 0.038
0 0.26 0.983 0.048 0.03
0 0.335 0.976 0.046 0.044
0 0.333 0.905 0.022 0.03
0 0.447 0.954 0.042 0.052
0 0.528 0.99 0.04 0.016
0 0.668 0.988 0.044 0.02
0 0.712 0.988 0.036 0.02
0 0.784 0.987 0.032 0.022
0 0.9 0.978 0.048 0.04
0 0.901 0.796 0.042 0.052
0 0.842 0.781 0.044 0.046
0 0.938 0.605 0.04 0.05
0 0.959 0.556 0.03 0.056
0 0.888 0.601 0.048 0.074
0 0.825 0.483 0.046 0.066
0 0.863 0.439 0.046 0.038
0 0.987 0.381 0.022 0.046
0 0.992 0.296 0.012 0.044
0 0.953 0.278 0.042 0.044
0 0.93 0.302 0.032 0.036
0 0.91 0.292 0.024 0.04
0 0.965 0.227 0.03 0.038
0 0.922 0.24 0.032 0.032
0 0.905 0.198 0.034 0.036
0 0.988 0.162 0.02 0.04
0 0.96 0.167 0.036 0.038
0 0.985 0.003 0.026 0.002
0 0.978 0.023 0.04 0.026
0 0.978 0.046 0.04 0.052
0 0.995 0.101 0.006 0.034
0 0.872 0.009 0.032 0.014
0 0.756 0.008 0.036 0.012
0 0.833 0.08 0.038 0.048
0 0.011 0.012 0.022 0.02
0 0.052 0.029 0.04 0.054
0 0.037 0.069 0.038 0.042
0 0.083 0.114 0.046 0.06
0 0.115 0.022 0.046 0.04
0 0.111 0.067 0.038 0.042
0 0.153 0.015 0.038 0.026
0 0.174 0.09 0.036 0.04
0 0.168 0.055 0.028 0.038
0 0.236 0.051 0.044 0.042
0 0.236 0.005 0.02 0.006
0 0.296 0.018 0.04 0.032
0 0.332 0.014 0.036 0.024
0 0.418 0.014 0.036 0.024
0 0.392 0.035 0.036 0.042
0 0.406 0.105 0.032 0.042
0 0.373 0.101 0.026 0.03
0 0.343 0.093 0.034 0.034
0 0.286 0.1 0.032 0.044
0 0.496 0.125 0.04 0.046
0 0.532 0.077 0.036 0.074
0 0.61 0.004 0.02 0.004
0 0.624 0.026 0.036 0.024
0 0.596 0.046 0.048 0.064
0 0.657 0.107 0.038 0.082
0 0.704 0.051 0.02 0.022
0 0.719 0.098 0.046 0.056
0 0.832 0.166 0.036 0.04
0 0.845 0.181 0.026 0.034
0 0.795 0.18 0.042 0.044
0 0.854 0.23 0.024 0.024
0 0.718 0.216 0.06 0.048
0 0.657 0.183 0.05 0.03
0 0.562 0.197 0.04 0.042
0 0.543 0.219 0.034 0.042
0 0.412 0.197 0.048 0.038
0 0.281 0.169 0.038 0.034
0 0.323 0.188 0.034 0.052
0 0.023 0.211 0.046 0.054
0 0.005 0.252 0.01 0.04
0 0.109 0.188 0.038 0.052
0 0.167 0.204 0.038 0.028
0 0.146 0.231 0.032 0.046
0 0.207 0.222 0.038 0.052
0 0.223 0.188 0.038 0.028
0 0.09 0.302 0.056 0.04
0 0.056 0.334 0.04 0.068
0 0.018 0.429 0.036 0.066
0 0.077 0.443 0.022 0.042
0 0.121 0.412 0.038 0.056
0 0.153 0.305 0.042 0.038
0 0.211 0.309 0.034 0.034
0 0.615 0.237 0.042 0.034
0 0.651 0.236 0.034 0.036
0 0.785 0.282 0.046 0.044
0 0.748 0.309 0.036 0.042
0 0.789 0.333 0.046 0.05
0 0.761 0.373 0.046 0.05
0 0.713 0.372 0.03 0.032
0 0.702 0.406 0.056 0.068
0 0.64 0.317 0.028 0.046
0 0.605 0.301 0.05 0.054
0 0.554 0.264 0.036 0.04
0 0.642 0.391 0.048 0.058
0 0.617 0.405 0.03 0.05
0 0.5 0.278 0.052 0.084
0 0.401 0.255 0.026 0.038
0 0.398 0.228 0.012 0.028
0 0.518 0.357 0.036 0.042
0 0.053 0.716 0.034 0.052
0 0.077 0.635 0.03 0.058
0 0.122 0.635 0.04 0.054
0 0.144 0.593 0.04 0.054
0 0.138 0.508 0.052 0.04
0 0.168 0.404 0.024 0.048
0 0.162 0.369 0.036 0.046
0 0.167 0.79 0.05 0.028
0 0.153 0.766 0.022 0.032
0 0.227 0.781 0.042 0.034
0 0.207 0.858 0.014 0.036
0 0.314 0.839 0.044 0.062
0 0.375 0.829 0.058 0.066
0 0.48 0.935 0.028 0.034
0 0.496 0.921 0.016 0.022
0 0.527 0.904 0.034 0.02
0 0.641 0.946 0.038 0.036
0 0.175 0.652 0.05 0.06
0 0.244 0.678 0.04 0.06
0 0.307 0.656 0.042 0.064
0 0.202 0.554 0.028 0.032
0 0.292 0.237 0.024 0.018
0 0.338 0.293 0.04 0.034
0 0.34 0.243 0.024 0.018
0 0.343 0.266 0.022 0.032
0 0.342 0.33 0.04 0.032
0 0.344 0.389 0.028 0.038
0 0.346 0.42 0.032 0.032
0 0.347 0.449 0.03 0.026
0 0.326 0.483 0.032 0.054
0 0.262 0.453 0.052 0.086
0 0.279 0.532 0.038 0.044
0 0.347 0.557 0.042 0.062
0 0.385 0.561 0.034 0.05
0 0.399 0.492 0.018 0.048
0 0.405 0.532 0.026 0.04
0 0.336 0.641 0.036 0.038
0 0.4 0.766 0.036 0.044
0 0.416 0.712 0.056 0.076
0 0.492 0.728 0.04 0.048
0 0.595 0.799 0.062 0.062
0 0.568 0.862 0.036 0.04
0 0.612 0.86 0.036 0.032
0 0.702 0.87 0.068 0.044
0 0.725 0.801 0.062 0.074
0 0.762 0.759 0.048 0.046
0 0.677 0.779 0.062 0.054
0 0.671 0.725 0.054 0.058
0 0.578 0.722 0.028 0.032
0 0.699 0.654 0.034 0.04
0 0.667 0.631 0.042 0.038
0 0.739 0.563 0.042 0.05
0 0.719 0.518 0.054 0.06
0 0.659 0.479 0.038 0.058
0 0.631 0.565 0.042 0.058
0 0.591 0.522 0.038 0.052
0 0.54 0.44 0.04 0.052
0 0.491 0.437 0.034 0.042
0 0.405 0.431 0.03 0.05
0 0.522 0.524 0.04 0.064
0 0.499 0.572 0.03 0.036
0 0.445 0.577 0.038 0.05
0 0.521 0.609 0.038 0.038
0 0.57 0.652 0.036 0.032
0 0.34 0.225 0.02 0.018
0 0.361 0.231 0.014 0.018
0 0.422 0.32 0.012 0.036
0 0.462 0.35 0.032 0.024
0 0.797 0.635 0.018 0.026
1 0.08 0.942 0.008 0.008
1 0.003 0.783 0.006 0.022
1 0.073 0.832 0.018 0.016
1 0.2 0.845 0.016 0.014
1 0.114 0.863 0.016 0.018
1 0.373 0.993 0.022 0.01
1 0.335 0.938 0.026 0.028
1 0.287 0.929 0.006 0.01
1 0.292 0.918 0.016 0.016
1 0.368 0.938 0.02 0.016
1 0.394 0.951 0.016 0.022
1 0.557 0.993 0.026 0.01
1 0.118 0.921 0.008 0.014
1 0.639 0.994 0.018 0.008
1 0.734 0.982 0.016 0.02
1 0.931 0.986 0.014 0.02
1 0.943 0.996 0.022 0.004
1 0.881 0.914 0.018 0.016
1 0.949 0.904 0.018 0.02
1 0.881 0.886 0.022 0.024
1 0.87 0.839 0.016 0.026
1 0.969 0.804 0.022 0.032
1 0.931 0.699 0.014 0.034
1 0.946 0.677 0.032 0.018
1 0.898 0.666 0.032 0.028
1 0.971 0.613 0.014 0.014
1 0.862 0.541 0.036 0.034
1 0.81 0.581 0.024 0.026
1 0.805 0.535 0.018 0.026
1 0.981 0.423 0.034 0.022
1 0.925 0.409 0.026 0.014
1 0.972 0.344 0.02 0.02
1 0.934 0.172 0.016 0.012
1 0.958 0.112 0.024 0.028
1 0.913 0.054 0.03 0.028
1 0.805 0.008 0.022 0.012
1 0.019 0.054 0.022 0.024
1 0.151 0.074 0.01 0.028
1 0.163 0.134 0.022 0.024
1 0.407 0.071 0.03 0.03
1 0.532 0.037 0.016 0.022
1 0.62 0.101 0.036 0.042
1 0.629 0.138 0.014 0.008
1 0.755 0.18 0.034 0.036
1 0.821 0.217 0.022 0.026
1 0.301 0.202 0.018 0.028
1 0.038 0.26 0.016 0.024
1 0.083 0.33 0.018 0.02
1 0.098 0.355 0.016 0.014
1 0.046 0.416 0.012 0.016
1 0.836 0.333 0.016 0.038
1 0.834 0.298 0.024 0.02
1 0.866 0.292 0.008 0.012
1 0.815 0.392 0.022 0.016
1 0.572 0.33 0.02 0.024
1 0.597 0.353 0.018 0.018
1 0.415 0.281 0.014 0.03
1 0.536 0.348 0.02 0.02
1 0.541 0.382 0.022 0.016
1 0.064 0.785 0.008 0.018
1 0.048 0.775 0.008 0.01
1 0.097 0.78 0.01 0.024
1 0.087 0.741 0.014 0.026
1 0.068 0.669 0.02 0.022
1 0.169 0.436 0.022 0.024
1 0.24 0.378 0.016 0.02
1 0.227 0.37 0.026 0.024
1 0.166 0.757 0.012 0.01
1 0.233 0.824 0.018 0.008
1 0.276 0.839 0.012 0.01
1 0.396 0.844 0.024 0.024
1 0.419 0.895 0.018 0.022
1 0.492 0.881 0.032 0.018
1 0.557 0.921 0.03 0.022
1 0.205 0.583 0.026 0.022
1 0.321 0.343 0.018 0.018
1 0.293 0.619 0.022 0.01
1 0.339 0.617 0.022 0.014
1 0.386 0.622 0.02 0.016
1 0.406 0.622 0.016 0.016
1 0.434 0.814 0.016 0.02
1 0.47 0.838 0.016 0.028
1 0.469 0.794 0.03 0.02
1 0.446 0.766 0.012 0.012
1 0.651 0.815 0.022 0.018
1 0.757 0.884 0.03 0.02
1 0.77 0.832 0.02 0.02
1 0.793 0.802 0.03 0.024
1 0.79 0.727 0.012 0.03
1 0.815 0.743 0.01 0.022
1 0.795 0.669 0.022 0.022
1 0.758 0.666 0.032 0.028
1 0.757 0.629 0.018 0.018
1 0.718 0.471 0.028 0.014
1 0.605 0.487 0.01 0.026
1 0.567 0.524 0.014 0.04
1 0.543 0.489 0.006 0.014
1 0.473 0.596 0.014 0.02
1 0.521 0.644 0.022 0.024
1 0.553 0.627 0.026 0.018
1 0.291 0.271 0.018 0.026
1 0.592 0.592 0.008 0.016
2 0.087 0.965 0.006 0.018
2 0.007 0.844 0.014 0.02
2 0.85 0.945 0.02 0.022
2 0.849 0.92 0.022 0.02
2 0.922 0.02 0.036 0.032
2 0.858 0.037 0.056 0.046
2 0.493 0.078 0.026 0.02
2 0.547 0.005 0.034 0.006
2 0.697 0.134 0.034 0.036
2 0.775 0.07 0.018 0.02
2 0.797 0.11 0.014 0.016
2 0.352 0.133 0.04 0.026
2 0.021 0.378 0.034 0.048
2 0.689 0.246 0.03 0.024
2 0.707 0.264 0.014 0.012
2 0.258 0.863 0.044 0.046
2 0.354 0.773 0.02 0.026
2 0.491 0.787 0.026 0.026
2 0.709 0.711 0.03 0.054
2 0.733 0.631 0.022 0.03
2 0.648 0.516 0.012 0.016
2 0.471 0.46 0.026 0.036
2 0.501 0.803 0.022 0.022
2 0.283 0.368 0.014 0.016
2 0.292 0.39 0.012 0.012
2 0.263 0.361 0.01 0.014
2 0.122 0.102 0.012 0.016
2 0.281 0.246 0.014 0.02
2 0.35 0.209 0.02 0.03
2 0.448 0.308 0.012 0.032
2 0.121 0.934 0.01 0.016
2 0.732 0.458 0.02 0.012