0 0.981 0.99 0.034 0.016
0 0.975 0.962 0.042 0.056
0 0.927 0.979 0.022 0.022
0 0.91 0.94 0.044 0.064
0 0.874 0.976 0.04 0.044
0 0.838 0.948 0.048 0.068
0 0.82 0.889 0.044 0.042
0 0.974 0.859 0.048 0.066
0 0.903 0.862 0.046 0.06
0 0.742 0.972 0.048 0.052
0 0.727 0.905 0.042 0.062
0 0.668 0.989 0.052 0.018
0 0.655 0.971 0.062 0.046
0 0.537 0.982 0.058 0.032
0 0.402 0.946 0.048 0.052
0 0.285 0.953 0.07 0.066
0 0.203 0.979 0.066 0.038
0 0.213 0.925 0.054 0.058
0 0.235 0.899 0.046 0.058
0 0.316 0.899 0.048 0.05
0 0.085 0.979 0.05 0.038
0 0.013 0.966 0.022 0.056
0 0.067 0.902 0.05 0.068
0 0.099 0.938 0.038 0.052
0 0.114 0.849 0.028 0.034
0 0.103 0.789 0.046 0.022
0 0.239 0.794 0.058 0.072
0 0.25 0.747 0.044 0.062
0 0.285 0.775 0.03 0.042
0 0.338 0.812 0.032 0.036
0 0.371 0.808 0.022 0.052
0 0.443 0.881 0.046 0.05
0 0.48 0.93 0.044 0.036
0 0.497 0.915 0.038 0.046
0 0.471 0.811 0.038 0.03
0 0.454 0.84 0.052 0.036
0 0.493 0.858 0.05 0.044
0 0.565 0.825 0.046 0.066
0 0.552 0.876 0.052 0.056
0 0.651 0.92 0.034 0.052
0 0.594 0.924 0.044 0.04
0 0.624 0.916 0.024 0.032
0 0.605 0.872 0.046 0.064
0 0.985 0.787 0.026 0.062
0 0.974 0.789 0.032 0.066
0 0.934 0.819 0.028 0.03
0 0.926 0.803 0.04 0.046
0 0.992 0.622 0.012 0.048
0 0.963 0.591 0.034 0.058
0 0.9 0.618 0.048 0.06
0 0.862 0.618 0.04 0.044
0 0.868 0.652 0.044 0.028
0 0.831 0.757 0.026 0.034
0 0.816 0.734 0.04 0.056
0 0.786 0.726 0.044 0.068
0 0.771 0.776 0.062 0.092
0 0.7 0.778 0.052 0.056
0 0.82 0.626 0.032 0.04
0 0.803 0.591 0.042 0.054
0 0.756 0.644 0.044 0.04
0 0.743 0.676 0.046 0.056
0 0.736 0.584 0.064 0.052
0 0.636 0.64 0.06 0.076
0 0.651 0.759 0.042 0.058
0 0.649 0.72 0.03 0.024
0 0.614 0.753 0.048 0.074
0 0.432 0.739 0.048 0.046
0 0.381 0.755 0.042 0.062
0 0.339 0.727 0.054 0.066
0 0.342 0.685 0.044 0.046
0 0.277 0.67 0.062 0.076
0 0.125 0.716 0.05 0.06
0 0.153 0.705 0.03 0.034
0 0.053 0.659 0.054 0.058
0 0.083 0.641 0.054 0.054
0 0.181 0.621 0.058 0.066
0 0.054 0.543 0.064 0.054
0 0.079 0.529 0.042 0.05
0 0.145 0.516 0.054 0.048
0 0.123 0.564 0.034 0.028
0 0.01 0.458 0.016 0.048
0 0.065 0.415 0.038 0.042
0 0.135 0.474 0.046 0.06
0 0.18 0.463 0.048 0.042
0 0.273 0.533 0.054 0.07
0 0.297 0.51 0.046 0.064
0 0.339 0.498 0.042 0.064
0 0.38 0.56 0.04 0.08
0 0.547 0.502 0.034 0.048
0 0.548 0.546 0.028 0.044
0 0.66 0.562 0.06 0.076
0 0.764 0.544 0.032 0.056
0 0.804 0.523 0.048 0.05
0 0.979 0.479 0.038 0.046
0 0.946 0.452 0.036 0.052
0 0.892 0.504 0.044 0.04
0 0.885 0.441 0.046 0.038
0 0.882 0.403 0.044 0.026
0 0.963 0.436 0.042 0.032
0 0.937 0.356 0.034 0.04
0 0.99 0.349 0.016 0.05
0 0.942 0.248 0.048 0.056
0 0.984 0.204 0.028 0.076
0 0.989 0.246 0.018 0.028
0 0.98 0.042 0.036 0.052
0 0.946 0.046 0.036 0.064
0 0.937 0.085 0.042 0.046
0 0.914 0.193 0.028 0.038
0 0.902 0.281 0.044 0.038
0 0.893 0.249 0.034 0.038
0 0.887 0.126 0.05 0.06
0 0.858 0.091 0.056 0.042
0 0.795 0.105 0.034 0.054
0 0.796 0.024 0.044 0.044
0 0.754 0.03 0.048 0.056
0 0.787 0.394 0.034 0.044
0 0.749 0.406 0.05 0.044
0 0.81 0.368 0.028 0.048
0 0.844 0.305 0.04 0.046
0 0.831 0.281 0.038 0.05
0 0.738 0.271 0.036 0.05
0 0.72 0.01 0.04 0.016
0 0.655 0.026 0.054 0.048
0 0.787 0.179 0.05 0.05
0 0.756 0.15 0.036 0.06
0 0.71 0.254 0.04 0.036
0 0.713 0.218 0.05 0.044
0 0.647 0.378 0.062 0.064
0 0.581 0.434 0.038 0.056
0 0.646 0.277 0.048 0.062
0 0.604 0.262 0.04 0.056
0 0.661 0.217 0.038 0.042
0 0.666 0.186 0.036 0.044
0 0.65 0.136 0.04 0.052
0 0.63 0.11 0.04 0.044
0 0.591 0.022 0.046 0.04
0 0.562 0.021 0.044 0.038
0 0.519 0.085 0.05 0.062
0 0.556 0.07 0.028 0.028
0 0.586 0.139 0.036 0.042
0 0.545 0.135 0.042 0.042
0 0.489 0.16 0.058 0.044
0 0.486 0.116 0.044 0.048
0 0.627 0.33 0.034 0.036
0 0.597 0.318 0.038 0.048
0 0.577 0.333 0.034 0.042
0 0.547 0.296 0.046 0.064
0 0.558 0.247 0.04 0.042
0 0.467 0.375 0.062 0.07
0 0.424 0.195 0.048 0.054
0 0.484 0.264 0.04 0.028
0 0.455 0.246 0.05 0.048
0 0.363 0.377 0.038 0.058
0 0.396 0.275 0.036 0.042
0 0.358 0.291 0.04 0.042
0 0.364 0.25 0.036 0.044
0 0.298 0.36 0.04 0.056
0 0.321 0.279 0.038 0.054
0 0.297 0.298 0.038 0.044
0 0.254 0.331 0.044 0.05
0 0.243 0.292 0.03 0.048
0 0.19 0.335 0.04 0.026
0 0.212 0.331 0.048 0.046
0 0.01 0.286 0.016 0.04
0 0.104 0.316 0.04 0.048
0 0.049 0.272 0.05 0.048
0 0.027 0.244 0.046 0.04
0 0.02 0.214 0.032 0.028
0 0.009 0.199 0.014 0.022
0 0.013 0.166 0.022 0.036
0 0.184 0.27 0.04 0.048
0 0.124 0.265 0.052 0.046
0 0.099 0.193 0.042 0.054
0 0.314 0.183 0.044 0.046
0 0.299 0.22 0.05 0.04
0 0.052 0.02 0.052 0.036
0 0.124 0.02 0.036 0.036
0 0.17 0.014 0.048 0.024
0 0.226 0.044 0.056 0.056
0 0.269 0.023 0.054 0.042
0 0.011 0.071 0.018 0.054
0 0.025 0.105 0.046 0.046
0 0.04 0.079 0.032 0.038
0 0.128 0.15 0.044 0.052
0 0.174 0.122 0.044 0.052
0 0.216 0.123 0.048 0.058
0 0.281 0.112 0.046 0.048
0 0.202 0.17 0.044 0.044
0 0.254 0.159 0.04 0.054
0 0.325 0.089 0.05 0.054
0 0.358 0.04 0.036 0.048
0 0.373 0.079 0.042 0.054
1 0.364 0.959 0.048 0.018
1 0.334 0.982 0.024 0.032
1 0.306 0.86 0.024 0.028
1 0.016 0.909 0.012 0.018
1 0.007 0.91 0.01 0.016
1 0.02 0.753 0.024 0.022
1 0.04 0.831 0.036 0.054
1 0.304 0.794 0.012 0.008
1 0.358 0.855 0.016 0.042
1 0.701 0.743 0.03 0.018
1 0.795 0.632 0.018 0.024
1 0.43 0.766 0.04 0.02
1 0.391 0.674 0.022 0.052
1 0.401 0.714 0.01 0.024
1 0.412 0.544 0.024 0.032
1 0.552 0.593 0.02 0.038
1 0.997 0.517 0.002 0.022
1 0.869 0.5 0.014 0.032
1 0.982 0.429 0.032 0.022
1 0.961 0.342 0.018 0.024
1 0.963 0.364 0.018 0.028
1 0.939 0.201 0.022 0.014
1 0.942 0.188 0.036 0.016
1 0.936 0.176 0.024 0.016
1 0.727 0.429 0.034 0.022
1 0.805 0.317 0.018 0.022
1 0.767 0.341 0.026 0.03
1 0.754 0.114 0.032 0.02
1 0.55 0.436 0.024 0.024
1 0.413 0.327 0.03 0.026
1 0.254 0.387 0.04 0.022
1 0.421 0.419 0.026 0.022
1 0.154 0.214 0.02 0.04
1 0.091 0.093 0.022 0.022
1 0.06 0.142 0.024 0.02
1 0.049 0.161 0.034 0.026
1 0.167 0.157 0.03 0.022
1 0.265 0.059 0.034 0.038
1 0.493 0.005 0.026 0.006
1 0.407 0.01 0.022 0.016
1 0.427 0.005 0.022 0.006
2 0.892 0.888 0.032 0.028
2 0.787 0.933 0.046 0.05
2 0.57 0.977 0.044 0.042
2 0.48 0.987 0.064 0.022
2 0.41 0.981 0.052 0.034
2 0.095 0.967 0.03 0.026
2 0.025 0.93 0.034 0.02
2 0.027 0.887 0.006 0.014
2 0.091 0.812 0.058 0.032
2 0.202 0.787 0.036 0.07
2 0.314 0.77 0.036 0.04
2 0.352 0.885 0.048 0.038
2 0.499 0.846 0.026 0.036
2 0.715 0.836 0.062 0.048
2 0.921 0.66 0.018 0.02
2 0.836 0.648 0.02 0.028
2 0.856 0.69 0.048 0.06
2 0.743 0.798 0.038 0.032
2 0.696 0.709 0.024 0.022
2 0.708 0.645 0.044 0.054
2 0.533 0.742 0.066 0.084
2 0.498 0.755 0.028 0.038
2 0.303 0.709 0.034 0.07
2 0.071 0.702 0.058 0.048
2 0.226 0.6 0.036 0.044
2 0.092 0.579 0.052 0.058
2 0.164 0.546 0.036 0.032
2 0.15 0.565 0.02 0.026
2 0.024 0.396 0.04 0.052
2 0.085 0.451 0.046 0.054
2 0.443 0.661 0.046 0.042
2 0.497 0.634 0.054 0.044
2 0.43 0.484 0.048 0.06
2 0.482 0.503 0.052 0.038
2 0.453 0.449 0.026 0.014
2 0.584 0.558 0.036 0.048
2 0.691 0.519 0.034 0.042
2 0.757 0.524 0.03 0.032
2 0.771 0.498 0.026 0.028
2 0.937 0.497 0.026 0.026
2 0.923 0.517 0.022 0.022
2 0.981 0.016 0.034 0.028
2 0.972 0.152 0.044 0.028
2 0.955 0.124 0.03 0.024
2 0.871 0.289 0.018 0.022
2 0.854 0.147 0.028 0.038
2 0.85 0.042 0.016 0.02
2 0.837 0.353 0.05 0.026
2 0.787 0.319 0.026 0.038
2 0.781 0.236 0.026 0.064
2 0.775 0.263 0.014 0.01
2 0.706 0.077 0.044 0.074
2 0.74 0.168 0.024 0.028
2 0.73 0.147 0.024 0.026
2 0.564 0.132 0.028 0.056
2 0.491 0.322 0.022 0.032
2 0.518 0.317 0.04 0.03
2 0.634 0.179 0.024 0.022
2 0.614 0.214 0.044 0.04
2 0.559 0.221 0.034 0.03
2 0.388 0.361 0.032 0.058
2 0.39 0.164 0.024 0.044
2 0.284 0.427 0.032 0.03
2 0.175 0.379 0.034 0.058
2 0.078 0.206 0.036 0.036
2 0.27 0.198 0.028 0.036
2 0.2 0.207 0.024 0.026
2 0.281 0.161 0.03 0.026
2 0.378 0.015 0.036 0.026