0 0.792 0.673 0.052 0.07
0 0.923 0.036 0.058 0.064
0 0.85 0.042 0.06 0.076
0 0.978 0.046 0.04 0.072
0 0.493 0.251 0.034 0.038
0 0.483 0.207 0.038 0.046
0 0.562 0.229 0.048 0.042
0 0.71 0.038 0.044 0.048
0 0.694 0.084 0.056 0.052
0 0.612 0.032 0.056 0.048
0 0.587 0.074 0.054 0.084
0 0.638 0.109 0.032 0.058
0 0.573 0.159 0.042 0.05
0 0.515 0.116 0.054 0.044
0 0.406 0.239 0.048 0.078
0 0.352 0.198 0.048 0.068
0 0.355 0.281 0.062 0.078
0 0.234 0.464 0.072 0.104
0 0.2 0.523 0.036 0.046
0 0.906 0.389 0.052 0.062
0 0.907 0.324 0.046 0.052
0 0.781 0.875 0.042 0.066
0 0.842 0.883 0.048 0.046
0 0.956 0.871 0.044 0.054
0 0.985 0.863 0.026 0.046
0 0.931 0.13 0.034 0.048
0 0.96 0.128 0.032 0.048
0 0.901 0.07 0.042 0.052
0 0.882 0.115 0.04 0.046
0 0.184 0.987 0.044 0.022
0 0.132 0.963 0.04 0.054
0 0.063 0.943 0.042 0.046
0 0.026 0.929 0.044 0.046
0 0.12 0.839 0.036 0.046
0 0.153 0.793 0.034 0.034
0 0.184 0.752 0.048 0.06
0 0.223 0.923 0.038 0.038
0 0.193 0.887 0.058 0.054
0 0.178 0.835 0.064 0.042
0 0.587 0.869 0.05 0.054
0 0.546 0.907 0.032 0.058
0 0.497 0.915 0.042 0.046
0 0.54 0.859 0.04 0.042
0 0.474 0.811 0.06 0.05
0 0.31 0.774 0.04 0.048
0 0.363 0.681 0.034 0.054
0 0.154 0.467 0.048 0.05
0 0.518 0.574 0.044 0.044
0 0.489 0.547 0.038 0.05
0 0.474 0.627 0.048 0.07
0 0.561 0.706 0.046 0.092
0 0.658 0.71 0.052 0.076
0 0.768 0.506 0.044 0.048
0 0.632 0.936 0.052 0.064
0 0.596 0.969 0.044 0.054
0 0.513 0.973 0.046 0.05
0 0.405 0.963 0.042 0.05
0 0.833 0.586 0.034 0.052
0 0.671 0.591 0.058 0.07
0 0.605 0.536 0.034 0.04
0 0.652 0.532 0.032 0.044
0 0.66 0.461 0.052 0.042
0 0.241 0.725 0.074 0.07
0 0.259 0.682 0.054 0.064
0 0.307 0.618 0.05 0.08
0 0.581 0.434 0.046 0.032
0 0.518 0.38 0.04 0.044
0 0.836 0.938 0.056 0.064
0 0.89 0.969 0.032 0.058
0 0.824 0.811 0.032 0.046
0 0.497 0.742 0.034 0.06
0 0.477 0.774 0.038 0.036
0 0.508 0.698 0.024 0.04
0 0.199 0.58 0.05 0.052
0 0.126 0.572 0.06 0.052
0 0.362 0.451 0.044 0.042
0 0.411 0.354 0.046 0.052
0 0.531 0.298 0.042 0.04
0 0.634 0.356 0.048 0.056
0 0.754 0.453 0.032 0.046
0 0.749 0.352 0.038 0.044
0 0.809 0.131 0.05 0.046
0 0.784 0.153 0.052 0.046
0 0.099 0.778 0.034 0.044
0 0.684 0.807 0.044 0.046
0 0.404 0.817 0.044 0.066
0 0.313 0.862 0.038 0.048
0 0.477 0.474 0.034 0.056
0 0.73 0.786 0.032 0.04
0 0.98 0.763 0.036 0.05
0 0.219 0.204 0.038 0.048
0 0.293 0.326 0.042 0.06
0 0.145 0.23 0.046 0.048
0 0.186 0.106 0.048 0.036
0 0.223 0.067 0.05 0.058
0 0.769 0.089 0.042 0.034
0 0.763 0.03 0.038 0.048
0 0.877 0.251 0.038 0.03
0 0.896 0.257 0.02 0.026
0 0.464 0.579 0.036 0.03
0 0.651 0.677 0.03 0.026
0 0.102 0.122 0.04 0.044
0 0.142 0.025 0.044 0.046
0 0.024 0.067 0.024 0.046
0 0.011 0.046 0.018 0.064
0 0.052 0.01 0.032 0.016
0 0.111 0.25 0.026 0.044
0 0.086 0.242 0.028 0.044
0 0.431 0.762 0.034 0.04
0 0.68 0.941 0.024 0.034
0 0.71 0.421 0.044 0.026
0 0.807 0.941 0.042 0.058
0 0.63 0.81 0.036 0.044
0 0.359 0.828 0.03 0.036
0 0.248 0.834 0.024 0.036
0 0.023 0.589 0.042 0.082
0 0.19 0.399 0.032 0.03
0 0.141 0.525 0.066 0.062
0 0.162 0.573 0.032 0.038
0 0.159 0.674 0.038 0.04
0 0.371 0.367 0.026 0.042
0 0.967 0.498 0.03 0.044
0 0.991 0.496 0.014 0.024
0 0.478 0.412 0.028 0.048
0 0.564 0.344 0.036 0.032
0 0.074 0.335 0.032 0.03
0 0.179 0.226 0.026 0.036
0 0.06 0.202 0.024 0.052
0 0.777 0.401 0.042 0.034
0 0.751 0.14 0.034 0.032
0 0.406 0.04 0.032 0.048
0 0.295 0.017 0.042 0.03
0 0.556 0.289 0.052 0.078
0 0.616 0.31 0.028 0.032
0 0.594 0.323 0.028 0.07
0 0.637 0.323 0.018 0.03
1 0.389 0.198 0.018 0.02
1 0.263 0.537 0.03 0.026
1 0.246 0.486 0.028 0.024
1 0.499 0.088 0.03 0.028
1 0.53 0.072 0.024 0.036
1 0.438 0.122 0.02 0.032
1 0.498 0.052 0.028 0.024
1 0.491 0.034 0.026 0.02
1 0.436 0.085 0.032 0.026
1 0.935 0.814 0.022 0.028
1 0.912 0.806 0.024 0.028
1 0.96 0.773 0.016 0.022
1 0.881 0.164 0.018 0.028
1 0.006 0.885 0.008 0.026
1 0.01 0.85 0.016 0.04
1 0.247 0.972 0.042 0.02
1 0.184 0.949 0.016 0.022
1 0.492 0.84 0.024 0.028
1 0.327 0.734 0.05 0.02
1 0.324 0.703 0.016 0.03
1 0.3 0.679 0.028 0.018
1 0.371 0.647 0.03 0.018
1 0.356 0.631 0.032 0.018
1 0.338 0.574 0.024 0.024
1 0.722 0.939 0.024 0.022
1 0.719 0.584 0.034 0.02
1 0.753 0.618 0.03 0.036
1 0.896 0.625 0.032 0.018
1 0.832 0.631 0.02 0.026
1 0.646 0.558 0.02 0.02
1 0.636 0.506 0.028 0.02
1 0.607 0.483 0.018 0.014
1 0.406 0.643 0.032 0.026
1 0.715 0.373 0.034 0.018
1 0.686 0.4 0.016 0.032
1 0.795 0.472 0.022 0.028
1 0.829 0.316 0.018 0.028
1 0.809 0.309 0.014 0.014
1 0.686 0.224 0.028 0.024
1 0.647 0.181 0.022 0.022
1 0.814 0.211 0.04 0.022
1 0.788 0.202 0.02 0.028
1 0.076 0.794 0.02 0.012
1 0.083 0.7 0.022 0.028
1 0.048 0.674 0.016 0.036
1 0.027 0.655 0.026 0.026
1 0.029 0.723 0.03 0.038
1 0.902 0.776 0.036 0.024
1 0.938 0.756 0.028 0.02
1 0.98 0.722 0.02 0.024
1 0.944 0.77 0.016 0.024
1 0.926 0.466 0.02 0.032
1 0.947 0.444 0.022 0.024
1 0.299 0.111 0.026 0.034
1 0.276 0.071 0.028 0.03
1 0.431 0.419 0.018 0.018
1 0.374 0.405 0.028 0.026
1 0.37 0.332 0.032 0.02
1 0.193 0.305 0.034 0.03
1 0.223 0.274 0.022 0.024
1 0.171 0.338 0.022 0.028
1 0.153 0.289 0.022 0.03
1 0.162 0.192 0.024 0.024
1 0.818 0.054 0.024 0.036
1 0.854 0.282 0.032 0.032
1 0.725 0.896 0.022 0.024
1 0.756 0.848 0.028 0.028
1 0.695 0.844 0.026 0.02
1 0.261 0.787 0.022 0.022
1 0.53 0.712 0.02 0.02
1 0.989 0.522 0.018 0.028
1 0.846 0.75 0.024 0.024
1 0.168 0.144 0.028 0.028
1 0.177 0.07 0.014 0.016
1 0.105 0.069 0.022 0.018
1 0.472 0.713 0.028 0.026
1 0.461 0.745 0.026 0.018
1 0.465 0.74 0.042 0.032
1 0.647 0.646 0.022 0.02
1 0.35 0.904 0.02 0.02
1 0.445 0.944 0.034 0.02
1 0.342 0.968 0.028 0.036
1 0.751 0.993 0.026 0.01
1 0.692 0.972 0.04 0.024
1 0.306 0.829 0.016 0.018
1 0.313 0.813 0.026 0.018
1 0.264 0.848 0.024 0.028
1 0.078 0.532 0.024 0.028
1 0.343 0.662 0.022 0.02
1 0.336 0.607 0.016 0.022
1 0.989 0.62 0.018 0.028
1 0.075 0.358 0.018 0.012
1 0.062 0.326 0.012 0.02
1 0.094 0.347 0.016 0.018
1 0.099 0.397 0.022 0.034
1 0.18 0.424 0.012 0.012
1 0.009 0.113 0.014 0.034
1 0.726 0.341 0.016 0.026
1 0.635 0.164 0.026 0.02
1 0.571 0.18 0.022 0.02
1 0.361 0.013 0.034 0.022
1 0.391 0.114 0.014 0.02
1 0.383 0.058 0.022 0.032
1 0.428 0.282 0.02 0.02
1 0.479 0.096 0.034 0.032
1 0.55 0.117 0.02 0.026
1 0.376 0.03 0.028 0.024
2 0.58 0.476 0.04 0.02
2 0.864 0.35 0.028 0.06
2 0.956 0.794 0.02 0.02
2 0.863 0.538 0.046 0.08
2 0.353 0.944 0.058 0.064
2 0.381 0.731 0.026 0.022
2 0.421 0.663 0.022 0.022
2 0.15 0.634 0.016 0.016
2 0.327 0.517 0.03 0.038
2 0.807 0.368 0.018 0.024
2 0.771 0.312 0.038 0.036
2 0.145 0.084 0.03 0.032
2 0.745 0.258 0.034 0.024
2 0.434 0.305 0.016 0.022