0 0.883 0.577 0.062 0.05
0 0.845 0.015 0.058 0.026
0 0.742 0.027 0.064 0.05
0 0.655 0.025 0.062 0.046
0 0.693 0.153 0.054 0.038
0 0.829 0.203 0.066 0.05
0 0.906 0.114 0.056 0.048
0 0.959 0.167 0.062 0.042
0 0.954 0.206 0.056 0.044
0 0.972 0.435 0.052 0.034
0 0.929 0.341 0.062 0.05
0 0.969 0.366 0.058 0.064
0 0.79 0.275 0.08 0.05
0 0.908 0.691 0.064 0.038
0 0.825 0.703 0.062 0.038
0 0.777 0.677 0.074 0.038
0 0.796 0.575 0.048 0.042
0 0.766 0.807 0.056 0.034
0 0.836 0.626 0.076 0.052
0 0.825 0.057 0.058 0.054
0 0.673 0.562 0.062 0.052
0 0.575 0.535 0.078 0.05
0 0.614 0.554 0.044 0.032
0 0.514 0.555 0.056 0.046
0 0.531 0.585 0.078 0.042
0 0.743 0.738 0.062 0.048
0 0.473 0.67 0.066 0.048
0 0.55 0.653 0.072 0.038
0 0.425 0.599 0.066 0.054
0 0.643 0.817 0.078 0.046
0 0.572 0.797 0.072 0.046
0 0.466 0.947 0.076 0.054
0 0.449 0.804 0.058 0.048
0 0.389 0.819 0.062 0.038
0 0.749 0.865 0.07 0.058
0 0.551 0.402 0.074 0.048
0 0.805 0.975 0.07 0.046
0 0.857 0.865 0.054 0.038
0 0.251 0.941 0.038 0.058
0 0.265 0.882 0.042 0.04
0 0.286 0.752 0.064 0.064
0 0.432 0.882 0.04 0.044
0 0.602 0.706 0.052 0.04
0 0.614 0.652 0.056 0.032
0 0.328 0.694 0.06 0.052
0 0.229 0.765 0.058 0.054
0 0.245 0.685 0.05 0.05
0 0.109 0.888 0.034 0.032
0 0.139 0.894 0.022 0.036
0 0.026 0.859 0.036 0.038
0 0.179 0.823 0.05 0.054
0 0.122 0.83 0.036 0.04
0 0.078 0.825 0.052 0.038
0 0.055 0.763 0.038 0.054
0 0.111 0.724 0.042 0.036
0 0.124 0.771 0.044 0.038
0 0.028 0.74 0.044 0.036
0 0.025 0.694 0.034 0.052
0 0.198 0.595 0.036 0.058
0 0.143 0.606 0.05 0.044
0 0.035 0.647 0.042 0.046
0 0.243 0.531 0.046 0.042
0 0.16 0.537 0.04 0.042
0 0.217 0.53 0.042 0.044
0 0.438 0.525 0.076 0.046
0 0.448 0.476 0.072 0.056
0 0.192 0.476 0.044 0.052
0 0.101 0.458 0.042 0.044
0 0.066 0.505 0.056 0.042
0 0.631 0.942 0.058 0.044
0 0.495 0.192 0.082 0.056
0 0.117 0.394 0.058 0.052
0 0.322 0.37 0.064 0.048
0 0.259 0.346 0.05 0.048
0 0.185 0.304 0.042 0.032
0 0.157 0.316 0.038 0.052
0 0.09 0.277 0.044 0.054
0 0.058 0.302 0.036 0.06
0 0.75 0.089 0.06 0.05
0 0.532 0.282 0.08 0.048
0 0.584 0.306 0.044 0.036
0 0.499 0.375 0.062 0.03
0 0.542 0.341 0.048 0.03
0 0.399 0.162 0.07 0.048
0 0.438 0.117 0.084 0.046
0 0.611 0.093 0.038 0.042
0 0.496 0.06 0.068 0.06
0 0.419 0.063 0.058 0.05
0 0.381 0.022 0.066 0.04
0 0.343 0.241 0.046 0.034
0 0.242 0.115 0.056 0.058
0 0.249 0.169 0.05 0.042
0 0.199 0.254 0.058 0.06
0 0.03 0.382 0.056 0.068
0 0.202 0.176 0.04 0.032
0 0.196 0.196 0.052 0.032
0 0.328 0.191 0.06 0.042
0 0.243 0.039 0.062 0.042
0 0.173 0.019 0.058 0.034
0 0.183 0.069 0.054 0.042
0 0.036 0.222 0.044 0.04
0 0.012 0.241 0.02 0.03
0 0.542 0.248 0.04 0.036
0 0.577 0.26 0.042 0.04
0 0.96 0.89 0.076 0.044
0 0.871 0.753 0.07 0.062
0 0.964 0.6 0.064 0.068
0 0.398 0.862 0.076 0.048
0 0.519 0.674 0.038 0.04
0 0.691 0.532 0.062 0.036
0 0.732 0.524 0.028 0.032
0 0.694 0.388 0.052 0.048
0 0.522 0.1 0.048 0.044
0 0.867 0.099 0.034 0.038
0 0.903 0.264 0.058 0.056
1 0.905 0.167 0.026 0.026
1 0.772 0.208 0.032 0.024
1 0.856 0.328 0.028 0.024
1 0.764 0.312 0.028 0.024
1 0.638 0.339 0.024 0.03
1 0.64 0.274 0.016 0.016
1 0.891 0.415 0.022 0.03
1 0.877 0.431 0.014 0.022
1 0.894 0.37 0.036 0.02
1 0.899 0.672 0.018 0.024
1 0.785 0.64 0.03 0.02
1 0.885 0.622 0.034 0.024
1 0.86 0.604 0.024 0.024
1 0.827 0.595 0.014 0.018
1 0.681 0.652 0.03 0.02
1 0.779 0.761 0.022 0.026
1 0.5 0.844 0.048 0.024
1 0.837 0.893 0.03 0.026
1 0.372 0.77 0.02 0.032
1 0.334 0.766 0.016 0.028
1 0.333 0.918 0.03 0.028
1 0.262 0.984 0.028 0.024
1 0.206 0.96 0.032 0.028
1 0.182 0.957 0.016 0.022
1 0.185 0.93 0.014 0.032
1 0.2 0.891 0.016 0.022
1 0.301 0.882 0.03 0.036
1 0.28 0.84 0.036 0.024
1 0.14 0.974 0.04 0.024
1 0.093 0.975 0.038 0.014
1 0.152 0.94 0.044 0.036
1 0.054 0.894 0.024 0.028
1 0.054 0.965 0.02 0.026
1 0.137 0.802 0.022 0.024
1 0.152 0.749 0.024 0.046
1 0.329 0.645 0.022 0.03
1 0.262 0.615 0.02 0.03
1 0.438 0.683 0.028 0.03
1 0.035 0.801 0.034 0.022
1 0.087 0.63 0.022 0.032
1 0.067 0.648 0.03 0.028
1 0.012 0.648 0.02 0.028
1 0.161 0.717 0.042 0.07
1 0.132 0.685 0.02 0.026
1 0.137 0.641 0.018 0.018
1 0.212 0.405 0.016 0.034
1 0.158 0.431 0.024 0.03
1 0.114 0.486 0.036 0.032
1 0.065 0.541 0.034 0.026
1 0.139 0.311 0.01 0.022
1 0.378 0.873 0.02 0.034
1 0.577 0.356 0.026 0.036
1 0.674 0.938 0.028 0.024
1 0.666 0.916 0.036 0.016
1 0.359 0.124 0.034 0.012
1 0.36 0.114 0.024 0.008
1 0.27 0.293 0.024 0.034
1 0.223 0.276 0.018 0.028
1 0.282 0.037 0.028 0.03
1 0.07 0.126 0.032 0.028
1 0.045 0.051 0.026 0.022
1 0.074 0.014 0.012 0.024
1 0.034 0.198 0.028 0.02
1 0.127 0.351 0.034 0.03
1 0.013 0.292 0.022 0.028
1 0.927 0.873 0.03 0.03
1 0.92 0.813 0.02 0.034
1 0.909 0.801 0.022 0.022
1 0.875 0.793 0.05 0.014
1 0.832 0.762 0.024 0.036
1 0.7 0.921 0.028 0.026
1 0.025 0.918 0.026 0.028
1 0.01 0.906 0.016 0.036
1 0.763 0.52 0.026 0.032
1 0.86 0.505 0.04 0.042
1 0.885 0.273 0.03 0.034
1 0.949 0.095 0.018 0.01
1 0.838 0.437 0.012 0.014
1 0.838 0.437 0.04 0.038
1 0.595 0.491 0.022 0.014
1 0.57 0.468 0.028 0.024
2 0.594 0.376 0.016 0.012
2 0.625 0.348 0.01 0.012
2 0.784 0.845 0.044 0.03
2 0.816 0.807 0.044 0.03
2 0.162 0.785 0.036 0.03
2 0.412 0.361 0.048 0.038
2 0.45 0.336 0.024 0.02
2 0.475 0.417 0.034 0.018
2 0.431 0.433 0.022 0.03
2 0.378 0.454 0.016 0.02
2 0.465 0.223 0.058 0.054
2 0.551 0.163 0.034 0.03
2 0.541 0.48 0.026 0.024
2 0.681 0.429 0.042 0.018
2 0.689 0.354 0.022 0.02
2 0.734 0.352 0.04 0.028
2 0.336 0.411 0.048 0.042
2 0.301 0.414 0.018 0.028
2 0.29 0.394 0.016 0.016
2 0.188 0.358 0.028 0.04
2 0.183 0.394 0.006 0.016