0 0.06 0.073 0.044 0.054
0 0.068 0.029 0.036 0.058
0 0.21 0.017 0.044 0.034
0 0.287 0.032 0.062 0.06
0 0.342 0.088 0.064 0.068
0 0.277 0.121 0.058 0.086
0 0.117 0.18 0.054 0.084
0 0.154 0.191 0.056 0.07
0 0.183 0.224 0.042 0.064
0 0.263 0.244 0.058 0.06
0 0.316 0.247 0.064 0.074
0 0.349 0.176 0.058 0.056
0 0.435 0.172 0.062 0.088
0 0.064 0.17 0.04 0.064
0 0.141 0.278 0.058 0.068
0 0.165 0.324 0.038 0.056
0 0.178 0.365 0.036 0.062
0 0.07 0.346 0.048 0.1
0 0.031 0.296 0.054 0.048
0 0.057 0.233 0.038 0.042
0 0.307 0.436 0.054 0.064
0 0.329 0.344 0.066 0.112
0 0.389 0.346 0.042 0.088
0 0.258 0.503 0.076 0.058
0 0.192 0.497 0.04 0.038
0 0.199 0.561 0.054 0.102
0 0.146 0.434 0.04 0.06
0 0.068 0.444 0.048 0.068
0 0.02 0.453 0.036 0.05
0 0.021 0.54 0.042 0.06
0 0.028 0.593 0.056 0.066
0 0.103 0.503 0.042 0.058
0 0.021 0.677 0.042 0.042
0 0.079 0.713 0.038 0.062
0 0.097 0.755 0.038 0.042
0 0.144 0.8 0.044 0.072
0 0.24 0.772 0.048 0.056
0 0.189 0.81 0.038 0.068
0 0.201 0.671 0.034 0.046
0 0.116 0.903 0.036 0.046
0 0.07 0.876 0.04 0.036
0 0.02 0.944 0.04 0.052
0 0.067 0.928 0.046 0.048
0 0.166 0.956 0.032 0.052
0 0.244 0.893 0.048 0.054
0 0.237 0.961 0.042 0.042
0 0.067 0.972 0.042 0.04
0 0.338 0.887 0.04 0.05
0 0.395 0.876 0.042 0.048
0 0.402 0.75 0.052 0.06
0 0.349 0.754 0.042 0.068
0 0.301 0.753 0.042 0.05
0 0.52 0.777 0.056 0.074
0 0.474 0.871 0.052 0.066
0 0.535 0.973 0.046 0.05
0 0.532 0.915 0.04 0.054
0 0.589 0.808 0.042 0.048
0 0.615 0.725 0.046 0.058
0 0.68 0.726 0.04 0.044
0 0.726 0.66 0.044 0.036
0 0.721 0.598 0.034 0.06
0 0.786 0.601 0.056 0.066
0 0.848 0.626 0.04 0.064
0 0.767 0.691 0.03 0.046
0 0.798 0.675 0.036 0.054
0 0.85 0.69 0.044 0.04
0 0.815 0.744 0.042 0.048
0 0.85 0.788 0.04 0.04
0 0.752 0.821 0.04 0.054
0 0.677 0.818 0.07 0.072
0 0.518 0.603 0.048 0.078
0 0.615 0.605 0.034 0.046
0 0.452 0.715 0.036 0.054
0 0.415 0.694 0.034 0.044
0 0.429 0.581 0.046 0.066
0 0.466 0.575 0.044 0.074
0 0.519 0.486 0.054 0.06
0 0.573 0.458 0.058 0.068
0 0.554 0.419 0.044 0.054
0 0.632 0.467 0.052 0.058
0 0.467 0.41 0.038 0.04
0 0.52 0.343 0.072 0.138
0 0.541 0.208 0.062 0.06
0 0.495 0.265 0.054 0.058
0 0.582 0.224 0.064 0.068
0 0.707 0.17 0.054 0.06
0 0.652 0.16 0.032 0.048
0 0.702 0.124 0.048 0.06
0 0.807 0.091 0.058 0.082
0 0.807 0.154 0.054 0.052
0 0.902 0.106 0.056 0.084
0 0.866 0.073 0.04 0.054
0 0.794 0.02 0.08 0.04
0 0.655 0.087 0.038 0.042
0 0.561 0.075 0.058 0.05
0 0.471 0.052 0.074 0.06
0 0.415 0.021 0.082 0.042
0 0.499 0.123 0.034 0.046
0 0.709 0.281 0.042 0.054
0 0.674 0.328 0.04 0.064
0 0.78 0.328 0.036 0.076
0 0.834 0.378 0.06 0.076
0 0.866 0.319 0.056 0.082
0 0.91 0.237 0.076 0.066
0 0.914 0.405 0.068 0.07
0 0.842 0.462 0.088 0.084
0 0.69 0.482 0.036 0.048
0 0.632 0.346 0.04 0.06
0 0.918 0.32 0.068 0.096
0 0.964 0.466 0.068 0.1
0 0.97 0.367 0.052 0.042
0 0.899 0.569 0.046 0.054
0 0.963 0.792 0.042 0.052
0 0.882 0.794 0.04 0.032
0 0.75 0.885 0.04 0.05
0 0.769 0.779 0.034 0.034
0 0.806 0.875 0.052 0.05
0 0.855 0.894 0.046 0.056
0 0.856 0.938 0.044 0.052
0 0.935 0.844 0.042 0.048
0 0.558 0.022 0.048 0.036
0 0.586 0.009 0.04 0.018
0 0.255 0.431 0.03 0.034
0 0.32 0.592 0.044 0.108
0 0.379 0.603 0.046 0.09
0 0.29 0.703 0.052 0.05
0 0.044 0.716 0.032 0.044
0 0.062 0.747 0.032 0.034
0 0.014 0.735 0.028 0.054
0 0.473 0.752 0.038 0.08
0 0.574 0.665 0.048 0.038
0 0.602 0.856 0.044 0.068
0 0.506 0.886 0.044 0.056
0 0.454 0.936 0.048 0.04
0 0.376 0.986 0.084 0.024
0 0.737 0.973 0.046 0.05
0 0.787 0.957 0.05 0.054
0 0.582 0.981 0.04 0.034
0 0.583 0.947 0.034 0.034
0 0.917 0.725 0.046 0.066
0 0.968 0.733 0.044 0.058
0 0.99 0.75 0.016 0.04
0 0.572 0.347 0.048 0.074
0 0.586 0.291 0.06 0.058
1 0.534 0.269 0.028 0.022
1 0.621 0.223 0.026 0.038
1 0.671 0.235 0.014 0.034
1 0.69 0.24 0.02 0.032
1 0.973 0.898 0.03 0.044
1 0.906 0.885 0.02 0.034
1 0.923 0.935 0.026 0.034
1 0.988 0.669 0.02 0.03
1 0.794 0.52 0.02 0.036
1 0.77 0.487 0.024 0.026
1 0.751 0.506 0.026 0.024
1 0.732 0.457 0.028 0.026
1 0.69 0.414 0.032 0.036
1 0.61 0.424 0.024 0.028
1 0.981 0.288 0.026 0.044
1 0.96 0.078 0.032 0.048
1 0.74 0.044 0.028 0.028
1 0.718 0.013 0.032 0.026
1 0.525 0.099 0.026 0.022
1 0.514 0.038 0.02 0.032
1 0.419 0.117 0.022 0.03
1 0.357 0.011 0.026 0.022
1 0.164 0.087 0.02 0.038
1 0.15 0.028 0.036 0.024
1 0.121 0.013 0.026 0.022
1 0.096 0.006 0.024 0.012
1 0.037 0.095 0.014 0.018
1 0.075 0.28 0.026 0.028
1 0.031 0.248 0.026 0.02
1 0.284 0.343 0.024 0.038
1 0.267 0.374 0.022 0.036
1 0.104 0.349 0.024 0.026
1 0.01 0.401 0.016 0.034
1 0.159 0.52 0.026 0.02
1 0.148 0.634 0.02 0.028
1 0.055 0.654 0.03 0.028
1 0.101 0.832 0.022 0.02
1 0.056 0.796 0.032 0.028
1 0.174 0.87 0.024 0.024
1 0.313 0.708 0.034 0.028
1 0.341 0.793 0.038 0.018
1 0.56 0.717 0.028 0.03
1 0.365 0.968 0.038 0.02
1 0.381 0.949 0.014 0.022
1 0.368 0.875 0.02 0.026
1 0.275 0.939 0.042 0.018
1 0.171 0.919 0.026 0.018
1 0.098 0.927 0.016 0.026
1 0.117 0.99 0.034 0.016
1 0.039 0.991 0.026 0.014
1 0.617 0.882 0.026 0.04
1 0.628 0.945 0.04 0.03
1 0.698 0.947 0.032 0.038
1 0.368 0.481 0.028 0.022
1 0.37 0.708 0.02 0.028
1 0.042 0.49 0.032 0.024
2 0.46 0.526 0.048 0.06
2 0.949 0.868 0.042 0.04
2 0.936 0.55 0.032 0.052
2 0.768 0.406 0.068 0.056
2 0.724 0.33 0.06 0.08
2 0.723 0.073 0.022 0.026
2 0.931 0.029 0.022 0.03
2 0.987 0.148 0.022 0.052
2 0.993 0.219 0.01 0.03
2 0.967 0.212 0.026 0.032
2 0.004 0.191 0.008 0.074
2 0.077 0.249 0.03 0.022
2 0.109 0.382 0.018 0.032
2 0.441 0.1 0.026 0.056
2 0.295 0.656 0.038 0.036
2 0.28 0.628 0.032 0.032
2 0.25 0.555 0.032 0.038
2 0.283 0.569 0.018 0.042
2 0.103 0.633 0.03 0.042
2 0.671 0.9 0.034 0.036
2 0.722 0.904 0.04 0.028
2 0.617 0.664 0.034 0.044
2 0.58 0.525 0.048 0.038
2 0.422 0.457 0.056 0.03
2 0.889 0.627 0.042 0.058
2 0.883 0.68 0.022 0.036
2 0.861 0.656 0.046 0.028
2 0.976 0.554 0.032 0.04
2 0.35 0.694 0.032 0.056