0 0.008 0.037 0.016 0.046
0 0.018 0.069 0.036 0.042
0 0.051 0.014 0.022 0.028
0 0.085 0.012 0.03 0.024
0 0.059 0.037 0.026 0.014
0 0.067 0.048 0.018 0.02
0 0.054 0.059 0.02 0.018
0 0.161 0.021 0.038 0.03
0 0.095 0.06 0.026 0.044
0 0.122 0.085 0.032 0.034
0 0.16 0.071 0.024 0.034
0 0.033 0.116 0.022 0.04
0 0.006 0.181 0.012 0.046
0 0.022 0.21 0.012 0.04
0 0.07 0.193 0.04 0.042
0 0.002 0.261 0.004 0.03
0 0.025 0.26 0.03 0.036
0 0.099 0.206 0.022 0.028
0 0.101 0.229 0.03 0.022
0 0.121 0.132 0.034 0.036
0 0.14 0.132 0.032 0.06
0 0.159 0.143 0.03 0.03
0 0.198 0.146 0.028 0.036
0 0.207 0.093 0.018 0.03
0 0.225 0.101 0.026 0.046
0 0.258 0.04 0.024 0.02
0 0.235 0.05 0.018 0.016
0 0.244 0.113 0.016 0.018
0 0.23 0.135 0.02 0.022
0 0.198 0.196 0.028 0.028
0 0.172 0.168 0.012 0.02
0 0.172 0.189 0.02 0.026
0 0.16 0.209 0.02 0.034
0 0.196 0.227 0.032 0.03
0 0.018 0.312 0.036 0.048
0 0.017 0.355 0.034 0.05
0 0.017 0.465 0.034 0.05
0 0.059 0.465 0.034 0.034
0 0.091 0.449 0.026 0.026
0 0.11 0.498 0.048 0.044
0 0.138 0.492 0.028 0.036
0 0.005 0.672 0.01 0.04
0 0.049 0.8 0.038 0.056
0 0.103 0.981 0.042 0.034
0 0.146 0.99 0.028 0.016
0 0.21 0.969 0.024 0.038
0 0.34 0.964 0.04 0.044
0 0.344 0.901 0.064 0.046
0 0.322 0.858 0.044 0.036
0 0.288 0.824 0.048 0.056
0 0.399 0.963 0.03 0.03
0 0.433 0.908 0.038 0.04
0 0.5 0.98 0.04 0.036
0 0.533 0.825 0.038 0.034
0 0.505 0.781 0.018 0.022
0 0.51 0.809 0.016 0.018
0 0.051 0.311 0.03 0.034
0 0.075 0.316 0.034 0.048
0 0.061 0.385 0.038 0.038
0 0.075 0.406 0.026 0.028
0 0.134 0.375 0.032 0.042
0 0.177 0.395 0.03 0.042
0 0.188 0.332 0.024 0.032
0 0.209 0.29 0.03 0.044
0 0.248 0.313 0.036 0.034
0 0.22 0.423 0.032 0.03
0 0.165 0.532 0.034 0.032
0 0.218 0.512 0.032 0.036
0 0.21 0.56 0.044 0.044
0 0.171 0.577 0.042 0.046
0 0.197 0.731 0.046 0.066
0 0.253 0.569 0.042 0.038
0 0.246 0.493 0.032 0.058
0 0.285 0.457 0.026 0.022
0 0.312 0.492 0.024 0.04
0 0.324 0.448 0.028 0.032
0 0.362 0.478 0.024 0.068
0 0.383 0.453 0.034 0.034
0 0.313 0.745 0.042 0.03
0 0.442 0.746 0.048 0.052
0 0.428 0.802 0.044 0.06
0 0.368 0.62 0.036 0.036
0 0.334 0.578 0.04 0.036
0 0.449 0.572 0.034 0.028
0 0.466 0.587 0.04 0.038
0 0.458 0.622 0.028 0.048
0 0.486 0.648 0.032 0.052
0 0.413 0.621 0.026 0.03
0 0.297 0.371 0.026 0.03
0 0.308 0.351 0.024 0.038
0 0.322 0.353 0.016 0.038
0 0.344 0.355 0.024 0.038
0 0.299 0.296 0.038 0.036
0 0.319 0.274 0.03 0.036
0 0.355 0.24 0.03 0.024
0 0.279 0.142 0.03 0.036
0 0.289 0.187 0.034 0.046
0 0.31 0.143 0.028 0.034
0 0.367 0.037 0.042 0.034
0 0.365 0.012 0.062 0.024
0 0.425 0.019 0.026 0.038
0 0.459 0.022 0.018 0.02
0 0.371 0.1 0.026 0.028
0 0.399 0.105 0.03 0.038
0 0.367 0.141 0.03 0.03
0 0.371 0.176 0.03 0.032
0 0.378 0.201 0.032 0.03
0 0.422 0.245 0.032 0.046
0 0.419 0.169 0.03 0.034
0 0.676 0.017 0.04 0.034
0 0.601 0.01 0.038 0.02
0 0.58 0.037 0.032 0.026
0 0.481 0.07 0.026 0.032
0 0.452 0.105 0.028 0.038
0 0.501 0.091 0.026 0.034
0 0.534 0.077 0.028 0.03
0 0.524 0.113 0.024 0.042
0 0.507 0.174 0.022 0.032
0 0.986 0.016 0.024 0.032
0 0.946 0.006 0.036 0.012
0 0.825 0.006 0.042 0.012
0 0.988 0.119 0.02 0.054
0 0.971 0.068 0.034 0.052
0 0.94 0.098 0.028 0.04
0 0.813 0.064 0.03 0.048
0 0.781 0.079 0.034 0.038
0 0.68 0.08 0.036 0.048
0 0.692 0.046 0.024 0.028
0 0.662 0.072 0.032 0.052
0 0.573 0.106 0.022 0.028
0 0.573 0.149 0.022 0.034
0 0.615 0.134 0.03 0.04
0 0.553 0.203 0.026 0.038
0 0.584 0.221 0.016 0.034
0 0.487 0.251 0.03 0.034
0 0.478 0.3 0.036 0.052
0 0.514 0.281 0.028 0.042
0 0.553 0.277 0.034 0.038
0 0.38 0.348 0.032 0.028
0 0.382 0.39 0.028 0.036
0 0.417 0.401 0.026 0.046
0 0.682 0.118 0.024 0.024
0 0.718 0.118 0.028 0.028
0 0.649 0.171 0.026 0.034
0 0.698 0.173 0.036 0.042
0 0.811 0.121 0.034 0.038
0 0.799 0.202 0.042 0.048
0 0.842 0.199 0.024 0.042
0 0.867 0.197 0.03 0.058
0 0.917 0.167 0.026 0.026
0 0.956 0.24 0.028 0.032
0 0.871 0.241 0.026 0.034
0 0.827 0.265 0.026 0.03
0 0.803 0.247 0.03 0.03
0 0.753 0.252 0.046 0.036
0 0.663 0.218 0.026 0.024
0 0.64 0.24 0.028 0.028
0 0.603 0.318 0.018 0.024
0 0.56 0.325 0.028 0.046
0 0.516 0.344 0.028 0.028
0 0.501 0.321 0.03 0.026
0 0.791 0.974 0.038 0.048
0 0.873 0.984 0.062 0.028
0 0.975 0.977 0.042 0.034
0 0.902 0.927 0.024 0.03
0 0.799 0.895 0.042 0.054
0 0.861 0.891 0.042 0.05
0 0.733 0.93 0.046 0.048
0 0.725 0.863 0.046 0.05
0 0.601 0.861 0.042 0.042
0 0.6 0.819 0.044 0.034
0 0.637 0.821 0.022 0.038
0 0.512 0.607 0.032 0.05
0 0.551 0.624 0.034 0.032
0 0.578 0.593 0.036 0.034
0 0.537 0.551 0.034 0.042
0 0.466 0.525 0.024 0.034
0 0.438 0.542 0.024 0.024
0 0.52 0.458 0.032 0.04
0 0.481 0.402 0.038 0.048
0 0.716 0.737 0.048 0.062
0 0.761 0.74 0.042 0.048
0 0.831 0.735 0.034 0.046
0 0.847 0.704 0.034 0.036
0 0.873 0.713 0.018 0.03
0 0.894 0.72 0.024 0.048
0 0.902 0.685 0.016 0.034
0 0.879 0.683 0.026 0.022
0 0.991 0.745 0.014 0.026
0 0.993 0.711 0.01 0.022
0 0.978 0.724 0.036 0.028
0 0.964 0.668 0.024 0.028
0 0.984 0.629 0.028 0.03
0 0.623 0.628 0.03 0.048
0 0.653 0.67 0.022 0.016
0 0.706 0.634 0.04 0.044
0 0.729 0.64 0.018 0.024
0 0.768 0.665 0.028 0.042
0 0.99 0.589 0.016 0.05
0 0.965 0.59 0.026 0.032
0 0.941 0.592 0.026 0.032
0 0.924 0.614 0.028 0.032
0 0.893 0.63 0.03 0.032
0 0.859 0.635 0.022 0.022
0 0.807 0.629 0.038 0.03
0 0.888 0.594 0.036 0.044
0 0.919 0.561 0.034 0.03
0 0.949 0.558 0.026 0.032
0 0.993 0.521 0.01 0.018
0 0.936 0.528 0.036 0.04
0 0.993 0.484 0.01 0.036
0 0.578 0.497 0.024 0.03
0 0.582 0.522 0.032 0.032
0 0.582 0.544 0.028 0.032
0 0.612 0.491 0.028 0.038
0 0.641 0.463 0.038 0.034
0 0.61 0.414 0.028 0.036
0 0.606 0.379 0.028 0.034
0 0.583 0.374 0.034 0.036
0 0.63 0.353 0.028 0.03
0 0.648 0.561 0.036 0.034
0 0.686 0.571 0.032 0.054
0 0.742 0.576 0.036 0.036
0 0.785 0.549 0.034 0.034
0 0.829 0.576 0.03 0.028
0 0.863 0.567 0.022 0.034
0 0.86 0.529 0.024 0.042
0 0.883 0.511 0.026 0.034
0 0.864 0.486 0.024 0.044
0 0.879 0.454 0.03 0.036
0 0.908 0.449 0.032 0.034
0 0.811 0.521 0.026 0.034
0 0.728 0.516 0.02 0.032
0 0.751 0.525 0.026 0.05
0 0.694 0.46 0.044 0.024
0 0.741 0.444 0.026 0.032
0 0.807 0.454 0.026 0.04
0 0.633 0.281 0.034 0.034
0 0.66 0.294 0.028 0.036
0 0.68 0.316 0.032 0.04
0 0.702 0.34 0.024 0.028
0 0.721 0.353 0.03 0.034
0 0.7 0.375 0.024 0.034
0 0.719 0.384 0.026 0.032
0 0.785 0.427 0.026 0.03
0 0.756 0.385 0.032 0.03
0 0.789 0.386 0.022 0.036
0 0.81 0.387 0.028 0.03
0 0.812 0.332 0.032 0.036
0 0.861 0.297 0.03 0.046
0 0.904 0.323 0.036 0.05
0 0.869 0.342 0.034 0.024
0 0.469 0.908 0.034 0.044
0 0.363 0.936 0.038 0.036
0 0.219 0.876 0.03 0.028
1 0.125 0.02 0.018 0.02
1 0.235 0.013 0.018 0.026
1 0.005 0.131 0.01 0.026
1 0.09 0.148 0.004 0.012
1 0.102 0.152 0.004 0.012
1 0.252 0.072 0.016 0.024
1 0.224 0.173 0.02 0.026
1 0.139 0.224 0.014 0.016
1 0.15 0.225 0.008 0.014
1 0.041 0.419 0.026 0.018
1 0.087 0.52 0.018 0.016
1 0.006 0.542 0.012 0.024
1 0.011 0.754 0.022 0.02
1 0.097 0.794 0.018 0.028
1 0.08 0.798 0.012 0.012
1 0.051 0.891 0.026 0.014
1 0.109 0.822 0.018 0.016
1 0.108 0.835 0.012 0.01
1 0.146 0.859 0.028 0.022
1 0.133 0.904 0.022 0.024
1 0.1 0.952 0.016 0.016
1 0.127 0.995 0.01 0.006
1 0.318 0.985 0.016 0.014
1 0.363 0.876 0.026 0.024
1 0.596 0.949 0.024 0.03
1 0.584 0.917 0.032 0.018
1 0.535 0.896 0.022 0.024
1 0.505 0.795 0.026 0.022
1 0.113 0.306 0.022 0.028
1 0.053 0.363 0.022 0.014
1 0.169 0.327 0.014 0.022
1 0.234 0.334 0.028 0.016
1 0.235 0.362 0.022 0.024
1 0.272 0.357 0.024 0.026
1 0.107 0.684 0.014 0.032
1 0.075 0.627 0.014 0.026
1 0.226 0.679 0.028 0.026
1 0.276 0.613 0.016 0.026
1 0.285 0.585 0.018 0.022
1 0.246 0.591 0.02 0.018
1 0.305 0.766 0.022 0.02
1 0.333 0.772 0.018 0.016
1 0.402 0.547 0.024 0.022
1 0.428 0.521 0.02 0.018
1 0.325 0.072 0.018 0.024
1 0.389 0.22 0.018 0.012
1 0.392 0.23 0.016 0.008
1 0.407 0.219 0.014 0.018
1 0.518 0.126 0.016 0.024
1 0.47 0.196 0.012 0.02
1 0.886 0.004 0.02 0.008
1 0.944 0.065 0.02 0.014
1 0.864 0.077 0.012 0.014
1 0.755 0.09 0.022 0.02
1 0.575 0.115 0.018 0.026
1 0.567 0.224 0.014 0.02
1 0.356 0.283 0.016 0.022
1 0.345 0.419 0.014 0.026
1 0.419 0.366 0.014 0.02
1 0.745 0.134 0.018 0.036
1 0.773 0.145 0.01 0.018
1 0.767 0.15 0.014 0.02
1 0.754 0.174 0.016 0.02
1 0.927 0.183 0.03 0.018
1 0.731 0.287 0.03 0.006
1 0.588 0.248 0.012 0.016
1 0.592 0.296 0.02 0.024
1 0.744 0.98 0.016 0.024
1 0.928 0.956 0.036 0.024
1 0.858 0.96 0.02 0.02
1 0.637 0.85 0.022 0.012
1 0.627 0.877 0.03 0.026
1 0.604 0.782 0.02 0.032
1 0.568 0.736 0.02 0.012
1 0.528 0.513 0.016 0.026
1 0.49 0.526 0.028 0.02
1 0.439 0.473 0.01 0.01
1 0.449 0.483 0.006 0.014
1 0.442 0.493 0.008 0.014
1 0.432 0.483 0.008 0.006
1 0.426 0.49 0.004 0.008
1 0.938 0.716 0.02 0.024
1 0.952 0.691 0.012 0.018
1 0.717 0.657 0.018 0.022
1 0.829 0.666 0.022 0.016
1 0.994 0.534 0.008 0.016
1 0.994 0.447 0.008 0.026
1 0.592 0.451 0.004 0.01
1 0.647 0.374 0.014 0.02
1 0.67 0.506 0.028 0.024
1 0.693 0.419 0.018 0.034
1 0.82 0.42 0.008 0.012
1 0.741 0.307 0.006 0.01
1 0.833 0.292 0.01 0.02
1 0.887 0.279 0.01 0.01
1 0.923 0.358 0.026 0.012
1 0.891 0.389 0.01 0.01
1 0.956 0.369 0.016 0.034
1 0.961 0.337 0.006 0.038
1 0.987 0.346 0.022 0.016
1 0.997 0.906 0.002 0.012
1 0.788 0.8 0.016 0.02
1 0.71 0.821 0.012 0.014
1 0.198 0.896 0.016 0.012
1 0.244 0.803 0.02 0.022
1 0.363 0.832 0.014 0.012
1 0.378 0.832 0.008 0.016
1 0.37 0.84 0.016 0.004
1 0.135 0.561 0.01 0.01
1 0.143 0.552 0.006 0.012
1 0.135 0.542 0.01 0.016
2 0.895 0.874 0.014 0.04
2 0.978 0.903 0.012 0.01
2 0.961 0.894 0.022 0.016
2 0.935 0.879 0.01 0.014
2 0.121 0.045 0.026 0.018
2 0.073 0.147 0.03 0.046
2 0.535 0.774 0.034 0.052
2 0.159 0.462 0.026 0.024
2 0.056 0.633 0.024 0.026
2 0.041 0.615 0.022 0.018
2 0.308 0.681 0.052 0.03
2 0.355 0.219 0.014 0.018
2 0.339 0.158 0.022 0.024
2 0.436 0.212 0.008 0.016
2 0.535 0.007 0.018 0.014
2 0.971 0.198 0.03 0.032
2 0.904 0.233 0.024 0.03
2 0.572 0.33 0.016 0.032
2 0.931 0.928 0.034 0.032
2 0.84 0.936 0.02 0.024
2 0.583 0.766 0.018 0.032
2 0.568 0.751 0.012 0.014
2 0.923 0.787 0.03 0.022
2 0.654 0.642 0.024 0.02
2 0.761 0.579 0.018 0.038
2 0.769 0.481 0.03 0.022
2 0.965 0.291 0.022 0.026
2 0.969 0.317 0.038 0.018
2 0.908 0.087 0.024 0.066
2 0.853 0.129 0.018 0.022
2 0.689 0.768 0.01 0.012
2 0.496 0.881 0.016 0.014
2 0.405 0.938 0.014 0.024
2 0.309 0.921 0.014 0.018
2 0.39 0.812 0.024 0.044
2 0.264 0.853 0.016 0.026
2 0.149 0.191 0.014 0.022