0 0.038 0.938 0.036 0.028
0 0.03 0.896 0.028 0.032
0 0.082 0.98 0.04 0.028
0 0.254 0.865 0.044 0.046
0 0.199 0.764 0.046 0.044
0 0.19 0.747 0.028 0.034
0 0.161 0.65 0.042 0.036
0 0.281 0.602 0.042 0.036
0 0.237 0.573 0.042 0.042
0 0.264 0.545 0.036 0.054
0 0.408 0.622 0.044 0.04
0 0.378 0.685 0.032 0.022
0 0.363 0.754 0.038 0.032
0 0.398 0.834 0.032 0.036
0 0.504 0.88 0.04 0.032
0 0.579 0.864 0.03 0.024
0 0.558 0.843 0.036 0.03
0 0.602 0.801 0.032 0.03
0 0.515 0.819 0.034 0.026
0 0.652 0.833 0.044 0.026
0 0.621 0.934 0.034 0.032
0 0.684 0.907 0.044 0.038
0 0.741 0.903 0.042 0.026
0 0.799 0.947 0.046 0.038
0 0.797 0.979 0.046 0.038
0 0.741 0.706 0.042 0.032
0 0.856 0.7 0.04 0.04
0 0.817 0.811 0.046 0.03
0 0.865 0.852 0.058 0.032
0 0.07 0.128 0.052 0.052
0 0.32 0.107 0.044 0.05
0 0.384 0.18 0.044 0.044
0 0.502 0.174 0.044 0.036
0 0.578 0.18 0.044 0.036
0 0.64 0.132 0.036 0.044
0 0.723 0.11 0.042 0.024
0 0.811 0.121 0.034 0.03
0 0.747 0.054 0.038 0.028
0 0.838 0.055 0.032 0.034
0 0.525 0.063 0.042 0.03
0 0.579 0.015 0.038 0.026
0 0.18 0.988 0.032 0.02
0 0.237 0.961 0.034 0.03
0 0.277 0.963 0.018 0.018
0 0.356 0.98 0.032 0.024
0 0.362 0.994 0.036 0.008
0 0.134 0.56 0.044 0.048
0 0.15 0.546 0.024 0.028
0 0.069 0.473 0.038 0.038
0 0.118 0.476 0.036 0.032
0 0.185 0.469 0.034 0.022
0 0.441 0.287 0.026 0.03
0 0.53 0.298 0.036 0.028
0 0.575 0.339 0.034 0.03
0 0.649 0.376 0.034 0.028
0 0.69 0.378 0.036 0.032
0 0.64 0.334 0.044 0.044
0 0.63 0.307 0.064 0.03
0 0.752 0.368 0.036 0.028
0 0.806 0.378 0.032 0.036
0 0.736 0.438 0.036 0.028
0 0.828 0.353 0.036 0.034
0 0.847 0.283 0.034 0.022
0 0.864 0.233 0.032 0.03
0 0.972 0.398 0.048 0.048
0 0.95 0.435 0.048 0.034
0 0.859 0.426 0.038 0.028
0 0.887 0.469 0.038 0.022
0 0.883 0.451 0.054 0.03
0 0.538 0.224 0.044 0.028
0 0.43 0.959 0.052 0.05
0 0.932 0.811 0.048 0.026
0 0.961 0.885 0.05 0.026
0 0.921 0.897 0.058 0.026
0 0.94 0.979 0.044 0.022
0 0.245 0.314 0.046 0.052
0 0.318 0.365 0.052 0.038
0 0.653 0.512 0.03 0.028
0 0.826 0.598 0.04 0.028
0 0.557 0.623 0.034 0.026
0 0.724 0.157 0.036 0.022
0 0.773 0.171 0.034 0.03
0 0.842 0.182 0.036 0.028
0 0.858 0.152 0.028 0.024
0 0.031 0.823 0.038 0.034
0 0.007 0.769 0.014 0.034
0 0.005 0.734 0.01 0.016
0 0.008 0.687 0.016 0.022
0 0.297 0.491 0.042 0.034
0 0.783 0.76 0.038 0.028
0 0.91 0.727 0.048 0.026
0 0.931 0.669 0.054 0.034
0 0.941 0.627 0.054 0.038
0 0.861 0.623 0.038 0.026
0 0.782 0.611 0.04 0.026
0 0.042 0.996 0.032 0.004
0 0.14 0.692 0.024 0.02
0 0.023 0.427 0.014 0.014
0 0.012 0.27 0.024 0.04
0 0.079 0.362 0.018 0.02
0 0.041 0.179 0.022 0.03
0 0.074 0.214 0.052 0.036
0 0.003 0.04 0.006 0.024
0 0.091 0.008 0.038 0.012
0 0.121 0.007 0.026 0.01
0 0.178 0.055 0.036 0.034
0 0.164 0.135 0.052 0.066
0 0.232 0.045 0.02 0.022
0 0.253 0.055 0.026 0.026
0 0.35 0.023 0.036 0.03
0 0.379 0.076 0.034 0.028
0 0.647 0.068 0.038 0.02
0 0.899 0.004 0.026 0.004
0 0.905 0.045 0.026 0.026
0 0.919 0.052 0.018 0.024
0 0.992 0.082 0.012 0.016
0 0.99 0.156 0.016 0.028
0 0.929 0.144 0.038 0.032
0 0.937 0.177 0.018 0.022
0 0.964 0.186 0.032 0.028
0 0.682 0.195 0.044 0.022
0 0.39 0.235 0.016 0.022
0 0.386 0.259 0.02 0.014
0 0.356 0.307 0.02 0.022
0 0.594 0.235 0.04 0.03
0 0.986 0.279 0.024 0.026
0 0.131 0.345 0.038 0.046
0 0.163 0.341 0.054 0.046
0 0.204 0.351 0.036 0.05
0 0.516 0.383 0.044 0.046
0 0.487 0.403 0.042 0.05
0 0.331 0.411 0.038 0.038
0 0.966 0.579 0.044 0.03
0 0.906 0.583 0.06 0.03
0 0.683 0.461 0.042 0.026
0 0.602 0.499 0.044 0.022
0 0.506 0.5 0.04 0.024
0 0.424 0.506 0.032 0.028
0 0.225 0.677 0.03 0.026
0 0.331 0.791 0.03 0.022
0 0.338 0.826 0.028 0.016
0 0.971 0.952 0.03 0.036
0 0.993 0.941 0.01 0.03
0 0.519 0.692 0.042 0.02
0 0.522 0.604 0.032 0.032
0 0.627 0.688 0.03 0.02
0 0.674 0.662 0.032 0.024
0 0.637 0.595 0.046 0.03
0 0.595 0.555 0.03 0.03
0 0.609 0.534 0.038 0.02
0 0.67 0.56 0.04 0.028
0 0.732 0.565 0.036 0.03
1 0.095 0.898 0.026 0.016
1 0.167 0.878 0.022 0.024
1 0.158 0.83 0.016 0.012
1 0.221 0.615 0.018 0.018
1 0.148 0.624 0.02 0.012
1 0.312 0.912 0.016 0.016
1 0.294 0.922 0.024 0.016
1 0.773 0.81 0.018 0.016
1 0.113 0.854 0.018 0.024
1 0.103 0.823 0.01 0.006
1 0.139 0.821 0.018 0.022
1 0.198 0.874 0.012 0.008
1 0.217 0.981 0.014 0.018
1 0.407 0.995 0.026 0.006
1 0.014 0.557 0.008 0.034
1 0.054 0.296 0.032 0.024
1 0.059 0.36 0.014 0.016
1 0.002 0.148 0.004 0.024
1 0.319 0.075 0.022 0.018
1 0.401 0.015 0.042 0.018
1 0.262 0.153 0.016 0.018
1 0.3 0.178 0.024 0.02
1 0.914 0.164 0.032 0.02
1 0.808 0.15 0.02 0.016
1 0.625 0.186 0.022 0.02
1 0.366 0.22 0.02 0.016
1 0.316 0.234 0.016 0.012
1 0.914 0.31 0.028 0.024
1 0.28 0.427 0.02 0.026
1 0.221 0.502 0.018 0.016
1 0.399 0.412 0.018 0.028
1 0.419 0.445 0.022 0.014
1 0.458 0.46 0.028 0.012
1 0.874 0.546 0.02 0.016
1 0.815 0.495 0.018 0.014
1 0.355 0.572 0.022 0.02
1 0.329 0.625 0.014 0.01
1 0.237 0.641 0.026 0.022
1 0.273 0.752 0.022 0.024
1 0.374 0.915 0.016 0.014
1 0.444 0.906 0.016 0.016
1 0.541 0.918 0.038 0.024
1 0.755 0.968 0.03 0.016
1 0.863 0.991 0.01 0.01
1 0.993 0.834 0.01 0.024
1 0.435 0.818 0.018 0.02
1 0.461 0.772 0.018 0.036
1 0.471 0.639 0.026 0.018
1 0.445 0.621 0.022 0.014
1 0.64 0.71 0.016 0.016
1 0.66 0.706 0.016 0.016
1 0.636 0.734 0.016 0.012
1 0.551 0.778 0.014 0.012
1 0.742 0.553 0.012 0.014
1 0.72 0.532 0.028 0.02
1 0.316 0.719 0.012 0.014
1 0.47 0.451 0.012 0.014
1 0.461 0.438 0.014 0.008
2 0.096 0.955 0.028 0.018
2 0.167 0.916 0.026 0.016
2 0.93 0.85 0.04 0.024
2 0.01 0.864 0.02 0.02
2 0.02 0.589 0.012 0.026
2 0.003 0.601 0.006 0.018
2 0.115 0.73 0.026 0.032
2 0.107 0.587 0.022 0.022
2 0.122 0.584 0.016 0.016
2 0.049 0.405 0.022 0.058
2 0.006 0.368 0.012 0.024
2 0.127 0.096 0.018 0.016
2 0.261 0.01 0.038 0.016
2 0.469 0.124 0.03 0.028
2 0.733 0.007 0.038 0.01
2 0.605 0.062 0.018 0.016
2 0.558 0.098 0.04 0.024
2 0.952 0.049 0.032 0.022
2 0.47 0.223 0.02 0.014
2 0.889 0.278 0.022 0.016
2 0.82 0.297 0.024 0.018
2 0.797 0.33 0.01 0.008
2 0.738 0.256 0.024 0.024
2 0.404 0.458 0.016 0.02
2 0.959 0.517 0.03 0.022
2 0.994 0.567 0.008 0.022
2 0.865 0.517 0.026 0.014
2 0.471 0.529 0.026 0.018
2 0.389 0.542 0.022 0.024
2 0.203 0.409 0.022 0.03
2 0.267 0.637 0.022 0.014
2 0.264 0.818 0.024 0.036
2 0.579 0.983 0.018 0.014
2 0.565 0.966 0.018 0.016
2 0.566 0.996 0.032 0.004
2 0.877 0.929 0.038 0.022
2 0.65 0.771 0.048 0.03
2 0.667 0.794 0.026 0.02
2 0.476 0.656 0.032 0.016
2 0.402 0.751 0.016 0.022
2 0.396 0.794 0.016 0.008
2 0.104 0.229 0.016 0.014