0 0.033 0.971 0.03 0.05
0 0.071 0.974 0.026 0.044
0 0.126 0.988 0.024 0.02
0 0.141 0.976 0.026 0.04
0 0.058 0.915 0.036 0.038
0 0.168 0.927 0.032 0.038
0 0.147 0.882 0.034 0.028
0 0.109 0.878 0.03 0.028
0 0.017 0.863 0.034 0.05
0 0.243 0.954 0.018 0.036
0 0.248 0.933 0.024 0.034
0 0.206 0.902 0.028 0.024
0 0.2 0.89 0.028 0.024
0 0.166 0.839 0.032 0.046
0 0.172 0.814 0.028 0.036
0 0.161 0.782 0.034 0.028
0 0.129 0.782 0.026 0.032
0 0.05 0.802 0.032 0.036
0 0.063 0.739 0.022 0.042
0 0.003 0.753 0.006 0.022
0 0.009 0.689 0.018 0.046
0 0.012 0.613 0.024 0.042
0 0.035 0.586 0.038 0.044
0 0.063 0.605 0.03 0.042
0 0.094 0.615 0.028 0.05
0 0.116 0.601 0.032 0.038
0 0.058 0.642 0.036 0.036
0 0.114 0.659 0.032 0.034
0 0.176 0.669 0.028 0.038
0 0.215 0.666 0.034 0.056
0 0.169 0.727 0.03 0.038
0 0.113 0.729 0.026 0.034
0 0.289 0.76 0.038 0.032
0 0.303 0.794 0.042 0.04
0 0.261 0.861 0.034 0.038
0 0.353 0.879 0.03 0.034
0 0.369 0.926 0.042 0.036
0 0.407 0.992 0.03 0.012
0 0.357 0.997 0.03 0.002
0 0.473 0.991 0.034 0.014
0 0.44 0.956 0.02 0.048
0 0.499 0.972 0.034 0.04
0 0.581 0.989 0.034 0.018
0 0.586 0.942 0.04 0.032
0 0.014 0.508 0.024 0.036
0 0.051 0.506 0.026 0.032
0 0.058 0.461 0.036 0.042
0 0.067 0.42 0.03 0.04
0 0.09 0.408 0.032 0.044
0 0.113 0.545 0.026 0.046
0 0.147 0.554 0.026 0.032
0 0.185 0.564 0.034 0.04
0 0.236 0.627 0.032 0.034
0 0.254 0.602 0.028 0.036
0 0.246 0.549 0.02 0.03
0 0.254 0.489 0.028 0.058
0 0.222 0.469 0.028 0.054
0 0.288 0.479 0.028 0.038
0 0.322 0.557 0.032 0.038
0 0.315 0.664 0.026 0.04
0 0.313 0.72 0.03 0.032
0 0.376 0.793 0.036 0.038
0 0.398 0.767 0.016 0.022
0 0.416 0.755 0.024 0.018
0 0.4 0.729 0.036 0.03
0 0.414 0.702 0.024 0.024
0 0.383 0.616 0.034 0.04
0 0.103 0.339 0.038 0.054
0 0.493 0.856 0.026 0.044
0 0.532 0.865 0.024 0.042
0 0.576 0.885 0.028 0.046
0 0.631 0.921 0.03 0.05
0 0.675 0.96 0.034 0.056
0 0.75 0.981 0.04 0.03
0 0.848 0.988 0.028 0.02
0 0.877 0.99 0.03 0.016
0 0.955 0.986 0.034 0.024
0 0.894 0.96 0.032 0.036
0 0.989 0.88 0.018 0.044
0 0.974 0.916 0.036 0.044
0 0.934 0.918 0.02 0.04
0 0.833 0.922 0.034 0.048
0 0.791 0.866 0.034 0.048
0 0.797 0.824 0.038 0.04
0 0.867 0.805 0.026 0.042
0 0.985 0.747 0.026 0.054
0 0.871 0.737 0.038 0.042
0 0.85 0.763 0.028 0.038
0 0.941 0.693 0.038 0.046
0 0.995 0.66 0.006 0.032
0 0.967 0.623 0.038 0.054
0 0.958 0.528 0.036 0.064
0 0.918 0.57 0.044 0.056
0 0.833 0.659 0.03 0.042
0 0.826 0.591 0.028 0.046
0 0.773 0.678 0.046 0.068
0 0.749 0.734 0.042 0.032
0 0.736 0.892 0.028 0.04
0 0.7 0.893 0.032 0.05
0 0.662 0.884 0.024 0.04
0 0.618 0.84 0.032 0.04
0 0.665 0.831 0.042 0.058
0 0.725 0.812 0.034 0.044
0 0.694 0.807 0.028 0.034
0 0.699 0.783 0.038 0.03
0 0.657 0.757 0.038 0.046
0 0.617 0.765 0.03 0.054
0 0.528 0.799 0.036 0.034
0 0.048 0.13 0.044 0.052
0 0.151 0.073 0.042 0.058
0 0.275 0.04 0.038 0.044
0 0.265 0.075 0.038 0.042
0 0.329 0.133 0.038 0.038
0 0.363 0.15 0.042 0.036
0 0.232 0.17 0.032 0.052
0 0.241 0.145 0.03 0.022
0 0.27 0.219 0.028 0.046
0 0.335 0.219 0.034 0.058
0 0.112 0.215 0.036 0.062
0 0.164 0.277 0.04 0.034
0 0.222 0.31 0.032 0.052
0 0.198 0.361 0.04 0.046
0 0.321 0.316 0.038 0.048
0 0.299 0.319 0.03 0.042
0 0.32 0.364 0.044 0.044
0 0.371 0.541 0.046 0.038
0 0.399 0.502 0.03 0.048
0 0.491 0.6 0.03 0.048
0 0.464 0.669 0.036 0.042
0 0.526 0.661 0.036 0.042
0 0.533 0.686 0.026 0.024
0 0.532 0.704 0.02 0.024
0 0.605 0.666 0.03 0.044
0 0.585 0.664 0.014 0.036
0 0.669 0.689 0.026 0.042
0 0.702 0.648 0.016 0.028
0 0.681 0.639 0.022 0.014
0 0.665 0.622 0.018 0.02
0 0.905 0.053 0.026 0.018
0 0.903 0.007 0.018 0.01
0 0.846 0.026 0.052 0.048
0 0.841 0.049 0.034 0.042
0 0.752 0.06 0.036 0.064
0 0.674 0.066 0.02 0.044
0 0.602 0.013 0.04 0.022
0 0.547 0.031 0.058 0.058
0 0.443 0.03 0.034 0.04
0 0.498 0.078 0.044 0.052
0 0.52 0.11 0.024 0.02
0 0.528 0.126 0.024 0.024
0 0.441 0.118 0.03 0.048
0 0.414 0.073 0.04 0.054
0 0.397 0.149 0.03 0.074
0 0.473 0.274 0.042 0.048
0 0.462 0.22 0.032 0.024
0 0.485 0.22 0.01 0.02
0 0.475 0.181 0.03 0.022
0 0.474 0.198 0.032 0.02
0 0.932 0.159 0.048 0.094
0 0.992 0.228 0.012 0.068
0 0.944 0.25 0.044 0.052
0 0.826 0.205 0.036 0.058
0 0.811 0.139 0.026 0.042
0 0.752 0.139 0.044 0.046
0 0.704 0.168 0.024 0.04
0 0.757 0.205 0.022 0.042
0 0.773 0.213 0.022 0.038
0 0.54 0.171 0.044 0.042
0 0.627 0.259 0.038 0.042
0 0.517 0.242 0.022 0.036
0 0.517 0.342 0.038 0.052
0 0.588 0.395 0.04 0.062
0 0.501 0.455 0.034 0.042
0 0.491 0.466 0.026 0.028
0 0.537 0.484 0.038 0.036
0 0.543 0.579 0.022 0.026
0 0.993 0.302 0.01 0.028
0 0.995 0.332 0.006 0.032
0 0.963 0.344 0.038 0.06
0 0.942 0.388 0.024 0.036
0 0.93 0.38 0.02 0.036
0 0.867 0.393 0.034 0.05
0 0.9 0.481 0.044 0.05
0 0.701 0.332 0.03 0.048
0 0.741 0.353 0.034 0.026
0 0.745 0.336 0.03 0.02
0 0.78 0.386 0.044 0.06
0 0.818 0.373 0.028 0.058
0 0.646 0.409 0.032 0.046
0 0.633 0.436 0.022 0.04
0 0.606 0.446 0.036 0.044
0 0.681 0.444 0.022 0.048
0 0.77 0.475 0.016 0.038
0 0.781 0.472 0.018 0.048
0 0.78 0.53 0.04 0.048
0 0.699 0.551 0.026 0.038
0 0.684 0.523 0.032 0.042
0 0.661 0.534 0.046 0.044
1 0.11 0.915 0.02 0.026
1 0.187 0.974 0.022 0.028
1 0.27 0.973 0.02 0.018
1 0.278 0.938 0.012 0.012
1 0.146 0.832 0.012 0.012
1 0.11 0.77 0.008 0.008
1 0.11 0.82 0.024 0.024
1 0.101 0.8 0.014 0.012
1 0.035 0.753 0.018 0.014
1 0.041 0.616 0.018 0.016
1 0.125 0.715 0.014 0.022
1 0.242 0.751 0.02 0.022
1 0.297 0.853 0.006 0.038
1 0.376 0.897 0.016 0.014
1 0.361 0.948 0.022 0.012
1 0.399 0.949 0.014 0.018
1 0.405 0.971 0.022 0.022
1 0.321 0.994 0.026 0.008
1 0.436 0.992 0.016 0.012
1 0.549 0.996 0.026 0.004
1 0.004 0.493 0.008 0.038
1 0.059 0.486 0.006 0.008
1 0.011 0.448 0.018 0.024
1 0.017 0.411 0.006 0.018
1 0.152 0.431 0.024 0.018
1 0.254 0.578 0.028 0.016
1 0.418 0.833 0.012 0.014
1 0.42 0.809 0.016 0.014
1 0.413 0.773 0.014 0.022
1 0.398 0.695 0.012 0.018
1 0.415 0.673 0.018 0.01
1 0.414 0.663 0.012 0.01
1 0.279 0.649 0.01 0.018
1 0.008 0.234 0.016 0.02
1 0.007 0.345 0.006 0.026
1 0.741 0.952 0.022 0.024
1 0.927 0.972 0.026 0.02
1 0.968 0.894 0.016 0.016
1 0.991 0.785 0.01 0.026
1 0.912 0.73 0.016 0.024
1 0.93 0.604 0.02 0.02
1 0.867 0.573 0.014 0.03
1 0.86 0.662 0.02 0.02
1 0.796 0.718 0.02 0.024
1 0.768 0.763 0.024 0.014
1 0.737 0.868 0.022 0.024
1 0.536 0.776 0.012 0.016
1 0.571 0.799 0.01 0.01
1 0.001 0.037 0.002 0.014
1 0.128 0.013 0.024 0.018
1 0.166 0.088 0.024 0.028
1 0.33 0.099 0.02 0.014
1 0.348 0.109 0.016 0.018
1 0.358 0.103 0.012 0.018
1 0.346 0.093 0.008 0.01
1 0.251 0.17 0.01 0.028
1 0.307 0.226 0.018 0.02
1 0.116 0.258 0.012 0.02
1 0.236 0.392 0.024 0.024
1 0.314 0.443 0.032 0.014
1 0.433 0.62 0.01 0.012
1 0.446 0.644 0.02 0.012
1 0.447 0.628 0.018 0.02
1 0.472 0.638 0.02 0.012
1 0.486 0.633 0.012 0.006
1 0.493 0.624 0.014 0.008
1 0.987 0.015 0.014 0.026
1 0.948 0.083 0.016 0.018
1 0.985 0.086 0.018 0.016
1 0.823 0.099 0.026 0.018
1 0.698 0.049 0.016 0.022
1 0.628 0.066 0.012 0.028
1 0.512 0.096 0.02 0.016
1 0.532 0.099 0.02 0.026
1 0.421 0.103 0.018 0.026
1 0.4 0.199 0.02 0.034
1 0.423 0.251 0.022 0.022
1 0.988 0.176 0.016 0.024
1 0.722 0.21 0.016 0.012
1 0.719 0.221 0.014 0.01
1 0.57 0.178 0.016 0.02
1 0.597 0.183 0.01 0.022
1 0.606 0.162 0.016 0.02
1 0.627 0.192 0.014 0.028
1 0.483 0.367 0.022 0.034
1 0.513 0.395 0.014 0.022
1 0.56 0.396 0.012 0.028
1 0.464 0.436 0.012 0.02
1 0.452 0.434 0.008 0.012
1 0.55 0.511 0.008 0.014
1 0.611 0.545 0.03 0.018
1 0.541 0.599 0.01 0.01
1 0.562 0.597 0.016 0.022
1 0.954 0.309 0.024 0.01
1 0.873 0.351 0.01 0.022
1 0.764 0.353 0.012 0.018
1 0.731 0.299 0.022 0.014
1 0.652 0.351 0.012 0.018
1 0.64 0.365 0.008 0.01
1 0.829 0.485 0.026 0.026
1 0.818 0.538 0.008 0.024
1 0.749 0.571 0.014 0.014
1 0.711 0.573 0.01 0.018
1 0.441 0.542 0.014 0.024
1 0.052 0.103 0.012 0.014
1 0.132 0.458 0.012 0.012
2 0.011 0.943 0.022 0.034
2 0.114 0.858 0.024 0.024
2 0.082 0.845 0.02 0.018
2 0.012 0.709 0.016 0.026
2 0.008 0.567 0.016 0.026
2 0.031 0.412 0.022 0.024
2 0.893 0.789 0.022 0.038
2 0.972 0.824 0.024 0.024
2 0.887 0.546 0.03 0.032
2 0.86 0.625 0.028 0.042
2 0.011 0.011 0.022 0.018
2 0.023 0.035 0.014 0.026
2 0.046 0.037 0.02 0.034
2 0.111 0.064 0.022 0.024
2 0.446 0.611 0.012 0.018
2 0.691 0.668 0.026 0.016
2 0.45 0.767 0.028 0.022
2 0.459 0.727 0.014 0.026
2 0.15 0.755 0.02 0.01
2 0.723 0.04 0.022 0.028
2 0.786 0.162 0.028 0.06
2 0.657 0.14 0.018 0.02
2 0.451 0.418 0.018 0.008
2 0.891 0.393 0.01 0.022
2 0.942 0.475 0.016 0.022
2 0.865 0.48 0.01 0.016
2 0.137 0.19 0.022 0.024
2 0.249 0.288 0.01 0.02
2 0.189 0.141 0.018 0.022
2 0.161 0.162 0.022 0.02
2 0.187 0.536 0.022 0.02
2 0.232 0.551 0.008 0.014