0 0.97 0.982 0.044 0.032
0 0.87 0.978 0.024 0.036
0 0.839 0.994 0.034 0.008
0 0.841 0.964 0.034 0.044
0 0.906 0.943 0.028 0.046
0 0.923 0.933 0.022 0.034
0 0.888 0.906 0.024 0.036
0 0.939 0.887 0.026 0.038
0 0.983 0.785 0.03 0.058
0 0.946 0.736 0.052 0.052
0 0.952 0.666 0.04 0.08
0 0.987 0.653 0.022 0.058
0 0.99 0.582 0.016 0.036
0 0.866 0.775 0.04 0.05
0 0.845 0.802 0.038 0.044
0 0.89 0.604 0.04 0.036
0 0.912 0.553 0.028 0.03
0 0.857 0.539 0.03 0.03
0 0.847 0.499 0.034 0.054
0 0.929 0.443 0.034 0.038
0 0.963 0.418 0.026 0.032
0 0.958 0.365 0.032 0.026
0 0.923 0.383 0.022 0.026
0 0.989 0.322 0.018 0.028
0 0.982 0.292 0.032 0.032
0 0.993 0.133 0.01 0.034
0 0.931 0.189 0.034 0.038
0 0.925 0.009 0.03 0.014
0 0.856 0.03 0.016 0.024
0 0.901 0.089 0.026 0.038
0 0.877 0.106 0.038 0.032
0 0.868 0.169 0.036 0.038
0 0.792 0.055 0.028 0.042
0 0.795 0.098 0.022 0.044
0 0.728 0.032 0.036 0.04
0 0.642 0.01 0.028 0.016
0 0.647 0.04 0.03 0.032
0 0.629 0.09 0.03 0.036
0 0.711 0.086 0.03 0.028
0 0.716 0.121 0.028 0.026
0 0.73 0.179 0.028 0.046
0 0.773 0.176 0.03 0.04
0 0.829 0.232 0.026 0.028
0 0.914 0.265 0.036 0.038
0 0.908 0.29 0.044 0.04
0 0.862 0.294 0.028 0.044
0 0.829 0.313 0.038 0.034
0 0.791 0.298 0.022 0.016
0 0.762 0.292 0.04 0.052
0 0.722 0.251 0.036 0.038
0 0.672 0.287 0.032 0.05
0 0.656 0.175 0.044 0.05
0 0.606 0.161 0.028 0.05
0 0.583 0.188 0.03 0.028
0 0.847 0.374 0.034 0.028
0 0.797 0.435 0.042 0.042
0 0.728 0.362 0.036 0.028
0 0.735 0.325 0.042 0.03
0 0.706 0.404 0.036 0.044
0 0.747 0.462 0.026 0.04
0 0.62 0.411 0.036 0.058
0 0.608 0.35 0.036 0.028
0 0.716 0.548 0.044 0.052
0 0.784 0.546 0.032 0.032
0 0.773 0.58 0.034 0.048
0 0.806 0.622 0.04 0.044
0 0.732 0.63 0.04 0.04
0 0.664 0.617 0.044 0.042
0 0.566 0.547 0.032 0.05
0 0.549 0.584 0.026 0.04
0 0.808 0.853 0.036 0.054
0 0.78 0.908 0.036 0.044
0 0.756 0.873 0.02 0.034
0 0.753 0.843 0.038 0.03
0 0.716 0.882 0.04 0.048
0 0.712 0.844 0.016 0.016
0 0.641 0.899 0.038 0.054
0 0.785 0.786 0.038 0.044
0 0.714 0.733 0.04 0.042
0 0.645 0.722 0.022 0.032
0 0.592 0.775 0.036 0.038
0 0.504 0.765 0.036 0.034
0 0.455 0.813 0.03 0.038
0 0.455 0.942 0.042 0.04
0 0.366 0.971 0.028 0.026
0 0.275 0.949 0.038 0.038
0 0.085 0.989 0.038 0.018
0 0.011 0.986 0.018 0.024
0 0.034 0.922 0.04 0.044
0 0.105 0.886 0.042 0.036
0 0.077 0.892 0.022 0.032
0 0.008 0.88 0.012 0.048
0 0.04 0.817 0.024 0.034
0 0.075 0.787 0.026 0.026
0 0.1 0.8 0.036 0.036
0 0.145 0.778 0.05 0.048
0 0.316 0.842 0.032 0.052
0 0.396 0.743 0.036 0.038
0 0.505 0.673 0.038 0.058
0 0.453 0.627 0.034 0.042
0 0.391 0.676 0.038 0.06
0 0.387 0.634 0.046 0.024
0 0.398 0.592 0.056 0.048
0 0.475 0.559 0.03 0.034
0 0.443 0.555 0.038 0.038
0 0.381 0.538 0.03 0.048
0 0.334 0.533 0.036 0.042
0 0.434 0.505 0.036 0.034
0 0.498 0.473 0.04 0.066
0 0.56 0.407 0.036 0.042
0 0.465 0.421 0.038 0.05
0 0.527 0.344 0.03 0.036
0 0.452 0.01 0.028 0.016
0 0.485 0.04 0.026 0.028
0 0.515 0.085 0.042 0.046
0 0.419 0.01 0.018 0.016
0 0.357 0.019 0.026 0.034
0 0.323 0.047 0.03 0.034
0 0.374 0.06 0.036 0.036
0 0.274 0.039 0.032 0.038
0 0.269 0.093 0.03 0.03
0 0.279 0.146 0.038 0.028
0 0.328 0.173 0.028 0.03
0 0.265 0.207 0.026 0.042
0 0.496 0.162 0.028 0.04
0 0.46 0.188 0.032 0.024
0 0.446 0.17 0.036 0.04
0 0.428 0.203 0.032 0.03
0 0.537 0.224 0.022 0.02
0 0.56 0.235 0.028 0.03
0 0.582 0.237 0.02 0.03
0 0.584 0.266 0.024 0.032
0 0.563 0.291 0.026 0.034
0 0.52 0.304 0.036 0.032
0 0.441 0.335 0.03 0.034
0 0.398 0.384 0.044 0.04
0 0.396 0.289 0.028 0.038
0 0.379 0.294 0.022 0.044
0 0.361 0.281 0.022 0.038
0 0.19 0.005 0.024 0.006
0 0.072 0.023 0.036 0.042
0 0.023 0.021 0.03 0.038
0 0.15 0.081 0.028 0.046
0 0.115 0.113 0.038 0.038
0 0.18 0.123 0.032 0.034
0 0.021 0.13 0.01 0.02
0 0.062 0.139 0.028 0.03
0 0.053 0.176 0.03 0.032
0 0.012 0.214 0.02 0.036
0 0.02 0.24 0.028 0.036
0 0.1 0.224 0.036 0.04
0 0.198 0.223 0.032 0.046
0 0.216 0.287 0.032 0.042
0 0.008 0.337 0.012 0.022
0 0.02 0.39 0.036 0.028
0 0.029 0.43 0.038 0.032
0 0.283 0.337 0.042 0.026
0 0.211 0.366 0.034 0.04
0 0.268 0.37 0.016 0.016
0 0.264 0.36 0.016 0.012
0 0.323 0.403 0.042 0.034
0 0.365 0.471 0.034 0.046
0 0.272 0.418 0.02 0.032
0 0.182 0.394 0.02 0.016
0 0.162 0.408 0.02 0.032
0 0.184 0.417 0.028 0.038
0 0.17 0.439 0.02 0.01
0 0.257 0.558 0.046 0.052
0 0.003 0.557 0.002 0.03
0 0.023 0.563 0.03 0.05
0 0.111 0.597 0.042 0.042
0 0.093 0.636 0.038 0.036
0 0.068 0.658 0.028 0.04
0 0.011 0.647 0.018 0.038
0 0.136 0.705 0.028 0.046
0 0.196 0.667 0.044 0.046
0 0.226 0.666 0.016 0.04
0 0.326 0.661 0.044 0.042
1 0.985 0.713 0.018 0.022
1 0.995 0.523 0.006 0.022
1 0.915 0.819 0.022 0.018
1 0.905 0.783 0.018 0.026
1 0.884 0.794 0.016 0.024
1 0.888 0.675 0.02 0.038
1 0.871 0.66 0.014 0.052
1 0.928 0.513 0.016 0.022
1 0.898 0.468 0.024 0.024
1 0.977 0.37 0.01 0.02
1 0.989 0.276 0.014 0.016
1 0.972 0.244 0.028 0.028
1 0.985 0.16 0.026 0.024
1 0.959 0.019 0.022 0.03
1 0.905 0.028 0.022 0.016
1 0.907 0.016 0.01 0.012
1 0.908 0.073 0.02 0.018
1 0.905 0.154 0.014 0.036
1 0.819 0.081 0.018 0.014
1 0.685 0.062 0.022 0.024
1 0.684 0.003 0.02 0.002
1 0.701 0.004 0.006 0.004
1 0.607 0.019 0.018 0.026
1 0.736 0.147 0.016 0.014
1 0.81 0.179 0.02 0.026
1 0.804 0.275 0.016 0.018
1 0.692 0.256 0.02 0.024
1 0.695 0.289 0.014 0.026
1 0.643 0.133 0.014 0.034
1 0.859 0.421 0.018 0.018
1 0.758 0.409 0.016 0.026
1 0.776 0.35 0.024 0.02
1 0.768 0.363 0.024 0.018
1 0.681 0.428 0.026 0.028
1 0.623 0.476 0.022 0.028
1 0.625 0.368 0.018 0.02
1 0.74 0.527 0.02 0.018
1 0.776 0.885 0.016 0.014
1 0.686 0.856 0.024 0.024
1 0.604 0.954 0.016 0.024
1 0.671 0.798 0.022 0.012
1 0.597 0.741 0.014 0.026
1 0.414 0.889 0.02 0.03
1 0.361 0.989 0.01 0.014
1 0.279 0.991 0.03 0.014
1 0.303 0.997 0.018 0.002
1 0.204 0.752 0.016 0.02
1 0.207 0.87 0.006 0.024
1 0.183 0.913 0.014 0.014
1 0.388 0.812 0.012 0.032
1 0.397 0.782 0.014 0.016
1 0.383 0.775 0.022 0.014
1 0.336 0.743 0.012 0.022
1 0.351 0.578 0.022 0.02
1 0.572 0.499 0.028 0.022
1 0.561 0.338 0.018 0.028
1 0.542 0.098 0.012 0.02
1 0.304 0.018 0.02 0.016
1 0.343 0.076 0.022 0.02
1 0.266 0.064 0.02 0.02
1 0.305 0.125 0.022 0.022
1 0.362 0.194 0.02 0.02
1 0.471 0.202 0.018 0.012
1 0.404 0.24 0.024 0.02
1 0.452 0.278 0.028 0.02
1 0.51 0.245 0.012 0.022
1 0.519 0.262 0.014 0.02
1 0.404 0.311 0.008 0.01
1 0.175 0.017 0.018 0.01
1 0.04 0.025 0.024 0.026
1 0.12 0.136 0.028 0.016
1 0.062 0.109 0.008 0.026
1 0.065 0.27 0.022 0.036
1 0.057 0.335 0.018 0.018
1 0.025 0.331 0.01 0.01
1 0.071 0.463 0.026 0.022
1 0.319 0.44 0.018 0.024
1 0.15 0.44 0.016 0.012
1 0.056 0.607 0.012 0.018
1 0.252 0.655 0.024 0.03
2 0.991 0.915 0.014 0.038
2 0.916 0.988 0.032 0.02
2 0.899 0.735 0.03 0.03
2 0.935 0.565 0.022 0.03
2 0.964 0.074 0.032 0.028
2 0.844 0.052 0.028 0.036
2 0.881 0.209 0.022 0.022
2 0.768 0.073 0.016 0.03
2 0.637 0.281 0.022 0.05
2 0.825 0.582 0.046 0.028
2 0.657 0.579 0.018 0.018
2 0.787 0.955 0.022 0.022
2 0.745 0.976 0.014 0.024
2 0.729 0.947 0.022 0.026
2 0.447 0.877 0.022 0.026
2 0.295 0.967 0.018 0.018
2 0.027 0.778 0.034 0.04
2 0.122 0.82 0.024 0.024
2 0.323 0.783 0.038 0.03
2 0.249 0.77 0.038 0.06
2 0.268 0.785 0.012 0.01
2 0.503 0.255 0.018 0.018
2 0.477 0.33 0.026 0.016
2 0.071 0.501 0.034 0.034
2 0.254 0.354 0.02 0.024
2 0.172 0.374 0.028 0.024
2 0.123 0.405 0.01 0.014
2 0.148 0.502 0.016 0.028
2 0.24 0.512 0.032 0.052
2 0.158 0.648 0.02 0.036
2 0.574 0.72 0.024 0.024
2 0.823 0.657 0.014 0.038
2 0.846 0.697 0.02 0.014
2 0.632 0.65 0.016 0.02