0 0.714 0.359 0.044 0.05
0 0.965 0.553 0.046 0.05
0 0.931 0.52 0.038 0.064
0 0.88 0.495 0.032 0.046
0 0.769 0.508 0.042 0.048
0 0.955 0.963 0.054 0.07
0 0.664 0.942 0.072 0.112
0 0.982 0.873 0.032 0.066
0 0.957 0.871 0.026 0.046
0 0.802 0.863 0.052 0.058
0 0.956 0.716 0.044 0.052
0 0.9 0.775 0.04 0.054
0 0.892 0.71 0.032 0.044
0 0.838 0.671 0.056 0.07
0 0.775 0.7 0.03 0.04
0 0.746 0.69 0.04 0.04
0 0.693 0.786 0.046 0.056
0 0.604 0.968 0.044 0.06
0 0.878 0.017 0.048 0.034
0 0.919 0.072 0.034 0.032
0 0.95 0.067 0.032 0.054
0 0.871 0.068 0.038 0.04
0 0.859 0.121 0.058 0.046
0 0.9 0.177 0.04 0.05
0 0.945 0.219 0.046 0.046
0 0.926 0.246 0.036 0.04
0 0.878 0.328 0.04 0.04
0 0.878 0.36 0.04 0.032
0 0.931 0.378 0.038 0.032
0 0.893 0.399 0.034 0.062
0 0.936 0.41 0.036 0.032
0 0.801 0.315 0.034 0.046
0 0.813 0.176 0.034 0.04
0 0.775 0.054 0.038 0.052
0 0.738 0.081 0.04 0.038
0 0.69 0.13 0.04 0.036
0 0.72 0.161 0.044 0.042
0 0.785 0.252 0.034 0.04
0 0.635 0.069 0.042 0.042
0 0.076 0.023 0.048 0.046
0 0.179 0.125 0.046 0.046
0 0.083 0.117 0.046 0.038
0 0.017 0.095 0.03 0.046
0 0.044 0.162 0.048 0.052
0 0.256 0.197 0.044 0.042
0 0.195 0.193 0.046 0.046
0 0.333 0.053 0.03 0.042
0 0.285 0.029 0.046 0.054
0 0.227 0.011 0.046 0.022
0 0.412 0.088 0.036 0.048
0 0.408 0.129 0.044 0.038
0 0.122 0.688 0.048 0.064
0 0.057 0.699 0.054 0.074
0 0.189 0.321 0.038 0.05
0 0.161 0.338 0.034 0.068
0 0.185 0.427 0.054 0.074
0 0.201 0.493 0.042 0.062
0 0.325 0.363 0.054 0.058
0 0.101 0.387 0.046 0.054
0 0.156 0.95 0.044 0.096
0 0.091 0.856 0.054 0.068
0 0.24 0.801 0.052 0.058
0 0.186 0.854 0.036 0.052
0 0.171 0.618 0.026 0.036
0 0.188 0.602 0.024 0.044
0 0.138 0.54 0.036 0.04
0 0.015 0.263 0.026 0.042
0 0.396 0.747 0.048 0.042
0 0.437 0.669 0.046 0.078
0 0.389 0.676 0.054 0.08
0 0.317 0.629 0.054 0.078
0 0.433 0.262 0.05 0.06
0 0.438 0.42 0.056 0.064
0 0.676 0.462 0.04 0.052
0 0.589 0.482 0.058 0.072
0 0.62 0.226 0.032 0.036
0 0.433 0.549 0.042 0.042
0 0.369 0.512 0.038 0.036
0 0.413 0.51 0.038 0.052
0 0.291 0.496 0.03 0.04
0 0.691 0.585 0.038 0.05
0 0.34 0.167 0.036 0.038
0 0.541 0.146 0.05 0.04
0 0.572 0.219 0.032 0.034
0 0.662 0.77 0.04 0.068
0 0.28 0.36 0.028 0.036
0 0.451 0.012 0.046 0.024
0 0.373 0.969 0.046 0.058
0 0.519 0.882 0.046 0.064
0 0.468 0.845 0.052 0.054
0 0.569 0.444 0.03 0.028
0 0.224 0.989 0.044 0.018
0 0.016 0.761 0.028 0.05
0 0.028 0.96 0.036 0.064
1 0.892 0.56 0.02 0.028
1 0.855 0.569 0.026 0.022
1 0.804 0.532 0.024 0.016
1 0.748 0.55 0.032 0.016
1 0.733 0.516 0.018 0.032
1 0.831 0.988 0.022 0.02
1 0.838 0.989 0.016 0.018
1 0.84 0.815 0.032 0.014
1 0.743 0.873 0.03 0.022
1 0.643 0.825 0.014 0.022
1 0.947 0.11 0.014 0.02
1 0.934 0.163 0.024 0.022
1 0.948 0.133 0.036 0.038
1 0.968 0.17 0.024 0.028
1 0.955 0.419 0.014 0.026
1 0.915 0.395 0.01 0.014
1 0.926 0.437 0.028 0.014
1 0.913 0.43 0.018 0.016
1 0.979 0.462 0.03 0.024
1 0.805 0.033 0.034 0.022
1 0.689 0.16 0.022 0.016
1 0.631 0.133 0.022 0.03
1 0.64 0.16 0.016 0.024
1 0.792 0.342 0.028 0.028
1 0.819 0.375 0.026 0.026
1 0.79 0.21 0.012 0.02
1 0.771 0.212 0.022 0.016
1 0.017 0.022 0.026 0.024
1 0.19 0.089 0.028 0.03
1 0.201 0.137 0.018 0.03
1 0.115 0.142 0.022 0.02
1 0.08 0.194 0.016 0.032
1 0.109 0.24 0.026 0.024
1 0.185 0.232 0.022 0.028
1 0.187 0.174 0.03 0.02
1 0.467 0.126 0.026 0.02
1 0.476 0.174 0.024 0.02
1 0.446 0.05 0.016 0.036
1 0.468 0.047 0.02 0.01
1 0.472 0.056 0.024 0.008
1 0.162 0.403 0.028 0.026
1 0.09 0.635 0.032 0.026
1 0.073 0.612 0.026 0.02
1 0.044 0.651 0.02 0.03
1 0.123 0.64 0.026 0.032
1 0.252 0.568 0.032 0.02
1 0.25 0.616 0.024 0.032
1 0.248 0.124 0.024 0.02
1 0.292 0.121 0.032 0.03
1 0.329 0.756 0.03 0.02
1 0.294 0.765 0.024 0.022
1 0.199 0.261 0.014 0.022
1 0.462 0.368 0.024 0.032
1 0.409 0.342 0.018 0.024
1 0.472 0.243 0.02 0.034
1 0.63 0.242 0.024 0.016
1 0.619 0.576 0.038 0.016
1 0.629 0.667 0.022 0.034
1 0.53 0.63 0.024 0.028
1 0.37 0.233 0.028 0.026
1 0.366 0.204 0.02 0.032
1 0.667 0.29 0.022 0.024
1 0.448 0.159 0.044 0.014
1 0.441 0.174 0.018 0.016
1 0.601 0.147 0.022 0.018
1 0.455 0.015 0.022 0.026
1 0.718 0.113 0.016 0.018
1 0.086 0.163 0.012 0.018
1 0.339 0.267 0.022 0.034
1 0.355 0.28 0.014 0.02
1 0.462 0.737 0.024 0.03
1 0.53 0.777 0.02 0.018
1 0.533 0.799 0.018 0.014
1 0.576 0.411 0.02 0.018
1 0.47 0.479 0.016 0.01
1 0.466 0.489 0.02 0.01
1 0.517 0.974 0.018 0.036
1 0.494 0.957 0.02 0.03
1 0.268 0.878 0.028 0.036
1 0.247 0.862 0.018 0.028
1 0.451 0.801 0.01 0.014
1 0.44 0.798 0.012 0.02
1 0.563 0.525 0.014 0.014
1 0.513 0.4 0.03 0.032
1 0.561 0.531 0.042 0.03
1 0.344 0.328 0.028 0.02
1 0.218 0.328 0.02 0.012
1 0.508 0.778 0.024 0.02
1 0.007 0.892 0.01 0.052
1 0.061 0.981 0.026 0.022
1 0.075 0.994 0.03 0.008
1 0.619 0.753 0.018 0.014
1 0.411 0.646 0.026 0.028
1 0.594 0.339 0.008 0.014
2 0.921 0.463 0.022 0.026
2 0.846 0.249 0.028 0.026
2 0.866 0.266 0.016 0.024
2 0.873 0.295 0.022 0.03
2 0.701 0.199 0.018 0.018
2 0.658 0.151 0.016 0.018
2 0.561 0.256 0.034 0.048
2 0.492 0.104 0.02 0.016
2 0.545 0.077 0.034 0.046
2 0.341 0.019 0.026 0.026
2 0.738 0.045 0.032 0.026
2 0.149 0.275 0.03 0.03
2 0.135 0.232 0.026 0.032
2 0.121 0.205 0.026 0.034
2 0.358 0.852 0.044 0.044
2 0.605 0.821 0.026 0.05
2 0.606 0.868 0.036 0.056
2 0.532 0.579 0.036 0.038
2 0.651 0.404 0.034 0.044
2 0.163 0.786 0.022 0.024
2 0.217 0.738 0.026 0.028
2 0.415 0.968 0.03 0.048
2 0.635 0.76 0.01 0.016
2 0.634 0.781 0.024 0.034
2 0.62 0.766 0.016 0.02
2 0.542 0.026 0.024 0.032
2 0.042 0.951 0.036 0.03
2 0.666 0.259 0.024 0.026
2 0.097 0.562 0.006 0.012
2 0.146 0.045 0.024 0.022
2 0.705 0.318 0.014 0.012