0 0.09 0.107 0.048 0.042
0 0.039 0.148 0.042 0.052
0 0.019 0.042 0.038 0.056
0 0.008 0.125 0.016 0.042
0 0.012 0.239 0.024 0.042
0 0.107 0.222 0.038 0.052
0 0.181 0.179 0.042 0.042
0 0.224 0.109 0.04 0.054
0 0.28 0.141 0.048 0.054
0 0.314 0.107 0.044 0.038
0 0.338 0.122 0.036 0.052
0 0.332 0.017 0.044 0.034
0 0.219 0.056 0.046 0.052
0 0.254 0.036 0.032 0.036
0 0.05 0.081 0.04 0.03
0 0.39 0.08 0.044 0.044
0 0.376 0.118 0.036 0.036
0 0.452 0.095 0.056 0.058
0 0.461 0.034 0.038 0.048
0 0.467 0.006 0.042 0.012
0 0.561 0.048 0.042 0.036
0 0.565 0.096 0.046 0.036
0 0.537 0.176 0.03 0.044
0 0.486 0.201 0.048 0.05
0 0.563 0.145 0.03 0.046
0 0.629 0.119 0.038 0.042
0 0.609 0.085 0.042 0.046
0 0.651 0.029 0.042 0.058
0 0.62 0.011 0.032 0.022
0 0.766 0.048 0.032 0.032
0 0.847 0.047 0.05 0.038
0 0.858 0.108 0.032 0.06
0 0.891 0.079 0.038 0.042
0 0.924 0.031 0.036 0.054
0 0.884 0.005 0.028 0.01
0 0.742 0.115 0.048 0.05
0 0.699 0.104 0.046 0.056
0 0.758 0.144 0.028 0.052
0 0.79 0.187 0.04 0.05
0 0.693 0.188 0.034 0.044
0 0.678 0.227 0.044 0.046
0 0.62 0.228 0.04 0.048
0 0.649 0.223 0.026 0.05
0 0.683 0.29 0.034 0.044
0 0.74 0.273 0.04 0.046
0 0.752 0.286 0.04 0.048
0 0.794 0.243 0.044 0.046
0 0.851 0.238 0.042 0.044
0 0.842 0.276 0.032 0.04
0 0.873 0.257 0.034 0.07
0 0.969 0.199 0.038 0.058
0 0.971 0.139 0.042 0.046
0 0.987 0.122 0.022 0.06
0 0.987 0.067 0.022 0.05
0 0.99 0.016 0.016 0.032
0 0.924 0.363 0.036 0.042
0 0.962 0.41 0.028 0.032
0 0.991 0.354 0.014 0.064
0 0.978 0.43 0.032 0.052
0 0.992 0.402 0.012 0.036
0 0.807 0.419 0.03 0.054
0 0.723 0.412 0.038 0.064
0 0.656 0.39 0.048 0.056
0 0.644 0.35 0.044 0.052
0 0.525 0.299 0.042 0.058
0 0.224 0.269 0.036 0.054
0 0.338 0.305 0.036 0.054
0 0.377 0.376 0.042 0.06
0 0.463 0.447 0.038 0.022
0 0.472 0.476 0.044 0.036
0 0.518 0.491 0.036 0.054
0 0.551 0.436 0.034 0.04
0 0.349 0.46 0.046 0.064
0 0.299 0.448 0.058 0.08
0 0.269 0.5 0.03 0.052
0 0.262 0.571 0.048 0.062
0 0.234 0.551 0.036 0.05
0 0.201 0.557 0.034 0.066
0 0.159 0.418 0.034 0.056
0 0.102 0.343 0.04 0.03
0 0.113 0.281 0.038 0.054
0 0.152 0.33 0.036 0.068
0 0.181 0.338 0.034 0.056
0 0.204 0.321 0.028 0.042
0 0.194 0.382 0.028 0.06
0 0.29 0.336 0.04 0.032
0 0.291 0.364 0.034 0.032
0 0.408 0.539 0.04 0.062
0 0.403 0.611 0.03 0.038
0 0.429 0.625 0.042 0.05
0 0.468 0.608 0.036 0.056
0 0.567 0.576 0.03 0.028
0 0.581 0.602 0.03 0.052
0 0.621 0.607 0.038 0.03
0 0.642 0.558 0.044 0.052
0 0.648 0.583 0.04 0.034
0 0.742 0.612 0.036 0.048
0 0.791 0.585 0.042 0.046
0 0.82 0.614 0.068 0.048
0 0.886 0.605 0.032 0.046
0 0.879 0.657 0.03 0.046
0 0.836 0.668 0.048 0.052
0 0.924 0.695 0.044 0.05
0 0.978 0.571 0.032 0.05
0 0.935 0.539 0.038 0.05
0 0.877 0.516 0.05 0.056
0 0.867 0.564 0.034 0.044
0 0.949 0.591 0.022 0.058
0 0.993 0.663 0.01 0.042
0 0.913 0.785 0.034 0.038
0 0.949 0.814 0.034 0.048
0 0.894 0.879 0.036 0.05
0 0.936 0.905 0.056 0.05
0 0.975 0.911 0.03 0.05
0 0.992 0.897 0.012 0.054
0 0.85 0.924 0.04 0.036
0 0.883 0.981 0.038 0.034
0 0.85 0.993 0.028 0.01
0 0.788 0.976 0.04 0.044
0 0.768 0.916 0.04 0.04
0 0.788 0.872 0.032 0.048
0 0.824 0.858 0.032 0.044
0 0.858 0.838 0.036 0.048
0 0.866 0.789 0.032 0.034
0 0.778 0.785 0.036 0.038
0 0.758 0.745 0.032 0.046
0 0.799 0.718 0.03 0.052
0 0.823 0.713 0.03 0.034
0 0.713 0.771 0.054 0.058
0 0.631 0.804 0.038 0.044
0 0.641 0.744 0.038 0.052
0 0.693 0.711 0.03 0.034
0 0.63 0.719 0.044 0.046
0 0.57 0.682 0.032 0.052
0 0.512 0.682 0.032 0.056
0 0.49 0.738 0.028 0.04
0 0.454 0.778 0.044 0.048
0 0.391 0.764 0.042 0.052
0 0.339 0.847 0.03 0.046
0 0.401 0.857 0.038 0.042
0 0.375 0.9 0.046 0.056
0 0.264 0.908 0.032 0.044
0 0.273 0.868 0.054 0.052
0 0.251 0.842 0.038 0.044
0 0.259 0.793 0.042 0.042
0 0.193 0.892 0.03 0.032
0 0.157 0.82 0.038 0.052
0 0.179 0.946 0.042 0.04
0 0.193 0.972 0.046 0.052
0 0.127 0.985 0.034 0.026
0 0.045 0.898 0.038 0.044
0 0.019 0.808 0.038 0.064
0 0.076 0.686 0.048 0.064
0 0.14 0.72 0.048 0.072
0 0.187 0.647 0.054 0.046
0 0.263 0.676 0.034 0.048
0 0.29 0.656 0.032 0.052
0 0.322 0.643 0.036 0.066
0 0.357 0.67 0.038 0.036
0 0.376 0.673 0.032 0.046
0 0.67 0.511 0.04 0.062
0 0.742 0.479 0.028 0.046
0 0.634 0.461 0.044 0.058
0 0.632 0.505 0.032 0.03
0 0.579 0.452 0.038 0.06
0 0.981 0.25 0.034 0.056
0 0.039 0.416 0.038 0.06
0 0.011 0.41 0.018 0.044
0 0.025 0.552 0.046 0.052
0 0.041 0.595 0.038 0.058
0 0.091 0.587 0.038 0.058
0 0.006 0.651 0.012 0.07
0 0.244 0.74 0.044 0.056
0 0.366 0.979 0.044 0.038
0 0.41 0.985 0.032 0.026
0 0.442 0.987 0.028 0.022
0 0.473 0.991 0.034 0.014
0 0.499 0.865 0.03 0.062
0 0.532 0.925 0.032 0.042
0 0.565 0.894 0.042 0.044
0 0.491 0.919 0.03 0.046
0 0.583 0.985 0.038 0.026
0 0.587 0.932 0.05 0.052
0 0.626 0.948 0.04 0.048
0 0.664 0.929 0.032 0.05
0 0.707 0.933 0.054 0.042
0 0.66 0.859 0.04 0.046
0 0.72 0.867 0.032 0.05
0 0.738 0.894 0.028 0.072
1 0.359 0.01 0.018 0.02
1 0.549 0.009 0.034 0.014
1 0.511 0.044 0.018 0.024
1 0.767 0.022 0.026 0.02
1 0.7 0.065 0.02 0.018
1 0.651 0.182 0.03 0.028
1 0.613 0.267 0.026 0.018
1 0.736 0.224 0.036 0.024
1 0.803 0.28 0.018 0.028
1 0.925 0.137 0.018 0.026
1 0.903 0.45 0.018 0.028
1 0.708 0.364 0.02 0.036
1 0.672 0.365 0.024 0.026
1 0.584 0.321 0.028 0.058
1 0.401 0.204 0.034 0.02
1 0.412 0.221 0.028 0.018
1 0.315 0.257 0.026 0.046
1 0.271 0.226 0.018 0.02
1 0.419 0.364 0.018 0.032
1 0.432 0.416 0.02 0.024
1 0.438 0.44 0.016 0.02
1 0.553 0.39 0.026 0.016
1 0.554 0.408 0.032 0.016
1 0.215 0.526 0.018 0.016
1 0.221 0.362 0.026 0.028
1 0.264 0.346 0.016 0.024
1 0.372 0.583 0.02 0.018
1 0.49 0.577 0.024 0.026
1 0.972 0.756 0.02 0.024
1 0.942 0.78 0.024 0.02
1 0.925 0.876 0.018 0.024
1 0.859 0.886 0.022 0.028
1 0.531 0.75 0.038 0.02
1 0.328 0.806 0.028 0.036
1 0.348 0.789 0.02 0.018
1 0.316 0.898 0.016 0.024
1 0.21 0.829 0.024 0.026
1 0.204 0.862 0.02 0.02
1 0.12 0.927 0.02 0.026
1 0.183 0.715 0.034 0.038
1 0.178 0.675 0.028 0.018
1 0.32 0.718 0.024 0.032
1 0.719 0.499 0.018 0.034
1 0.747 0.516 0.026 0.024
1 0.652 0.437 0.016 0.026
1 0.557 0.511 0.026 0.034
1 0.028 0.32 0.024 0.028
1 0.13 0.472 0.024 0.02
1 0.092 0.5 0.02 0.024
1 0.279 0.971 0.034 0.026
1 0.481 0.972 0.022 0.02
1 0.469 0.926 0.018 0.036
1 0.541 0.975 0.022 0.022
1 0.645 0.841 0.026 0.026
1 0.15 0.256 0.024 0.028
2 0.169 0.041 0.042 0.046
2 0.05 0.047 0.024 0.026
2 0.208 0.011 0.032 0.022
2 0.917 0.228 0.034 0.028
2 0.759 0.411 0.03 0.038
2 0.554 0.237 0.04 0.038
2 0.443 0.211 0.046 0.086
2 0.286 0.263 0.032 0.042
2 0.279 0.203 0.026 0.026
2 0.522 0.357 0.024 0.042
2 0.43 0.319 0.032 0.046
2 0.22 0.392 0.02 0.024
2 0.251 0.311 0.034 0.05
2 0.471 0.539 0.03 0.026
2 0.483 0.556 0.022 0.024
2 0.438 0.549 0.02 0.042
2 0.909 0.504 0.034 0.044
2 0.935 0.577 0.034 0.046
2 0.903 0.557 0.022 0.03
2 0.995 0.545 0.006 0.026
2 0.983 0.71 0.022 0.04
2 0.996 0.702 0.004 0.04
2 0.94 0.751 0.028 0.026
2 0.977 0.839 0.026 0.062
2 0.753 0.972 0.038 0.04
2 0.063 0.967 0.034 0.042
2 0.017 0.966 0.026 0.052
2 0.017 0.91 0.018 0.036
2 0.065 0.77 0.042 0.056
2 0.356 0.643 0.028 0.034
2 0.405 0.711 0.03 0.03
2 0.615 0.648 0.038 0.044
2 0.576 0.642 0.032 0.028
2 0.519 0.631 0.034 0.034
2 0.876 0.481 0.032 0.026
2 0.939 0.384 0.022 0.028
2 0.533 0.065 0.03 0.042
2 0.349 0.068 0.054 0.028
2 0.128 0.454 0.04 0.028
2 0.068 0.476 0.02 0.028
2 0.125 0.594 0.026 0.032
2 0.165 0.592 0.026 0.048
2 0.17 0.771 0.032 0.03
2 0.316 0.986 0.04 0.024
2 0.955 0.992 0.034 0.012
2 0.927 0.965 0.018 0.018
2 0.553 0.991 0.03 0.014
2 0.223 0.459 0.034 0.042
2 0.095 0.143 0.03 0.026
2 0.376 0.216 0.02 0.032