0 0.42 0.421 0.056 0.046
0 0.629 0.346 0.062 0.048
0 0.679 0.335 0.046 0.042
0 0.651 0.303 0.03 0.042
0 0.701 0.299 0.07 0.046
0 0.68 0.417 0.072 0.05
0 0.54 0.437 0.052 0.038
0 0.572 0.456 0.048 0.048
0 0.533 0.465 0.03 0.022
0 0.428 0.512 0.044 0.06
0 0.658 0.487 0.04 0.054
0 0.806 0.517 0.072 0.05
0 0.73 0.537 0.028 0.05
0 0.682 0.609 0.052 0.046
0 0.865 0.546 0.046 0.036
0 0.832 0.578 0.06 0.04
0 0.777 0.649 0.07 0.042
0 0.857 0.695 0.102 0.062
0 0.667 0.742 0.062 0.056
0 0.862 0.756 0.02 0.032
0 0.893 0.755 0.034 0.026
0 0.796 0.816 0.04 0.068
0 0.845 0.823 0.042 0.042
0 0.75 0.931 0.064 0.046
0 0.824 0.97 0.088 0.048
0 0.839 0.909 0.058 0.038
0 0.753 0.889 0.038 0.038
0 0.971 0.85 0.054 0.056
0 0.564 0.199 0.064 0.062
0 0.667 0.185 0.062 0.042
0 0.798 0.138 0.06 0.052
0 0.778 0.199 0.056 0.042
0 0.834 0.258 0.052 0.056
0 0.926 0.3 0.052 0.056
0 0.966 0.584 0.052 0.04
0 0.9 0.625 0.048 0.034
0 0.236 0.779 0.06 0.05
0 0.12 0.853 0.044 0.038
0 0.156 0.832 0.048 0.04
0 0.207 0.85 0.042 0.044
0 0.031 0.777 0.038 0.034
0 0.057 0.833 0.054 0.034
0 0.013 0.867 0.026 0.046
0 0.035 0.872 0.026 0.04
0 0.155 0.905 0.042 0.042
0 0.319 0.95 0.042 0.044
0 0.343 0.691 0.042 0.05
0 0.353 0.759 0.042 0.038
0 0.306 0.839 0.056 0.038
0 0.442 0.877 0.064 0.046
0 0.514 0.977 0.056 0.042
0 0.557 0.923 0.062 0.054
0 0.459 0.688 0.066 0.044
0 0.458 0.748 0.04 0.028
0 0.608 0.893 0.036 0.034
0 0.394 0.148 0.036 0.04
0 0.408 0.18 0.036 0.044
0 0.373 0.256 0.042 0.064
0 0.418 0.271 0.04 0.046
0 0.454 0.218 0.044 0.036
0 0.972 0.047 0.052 0.046
0 0.948 0.179 0.052 0.042
0 0.47 0.086 0.06 0.064
0 0.449 0.021 0.034 0.042
0 0.65 0.025 0.044 0.034
0 0.223 0.052 0.05 0.04
0 0.302 0.024 0.056 0.036
0 0.344 0.09 0.048 0.036
0 0.284 0.08 0.036 0.028
0 0.164 0.054 0.044 0.032
0 0.151 0.088 0.042 0.032
0 0.254 0.146 0.032 0.036
0 0.287 0.142 0.034 0.032
0 0.328 0.167 0.044 0.034
0 0.197 0.033 0.026 0.022
0 0.031 0.162 0.042 0.032
0 0.057 0.137 0.03 0.03
0 0.115 0.176 0.038 0.036
0 0.036 0.237 0.036 0.042
0 0.025 0.381 0.034 0.034
0 0.079 0.352 0.046 0.04
0 0.109 0.318 0.038 0.032
0 0.083 0.288 0.046 0.032
0 0.162 0.288 0.036 0.032
0 0.028 0.454 0.04 0.036
0 0.101 0.445 0.038 0.03
0 0.126 0.455 0.032 0.034
0 0.175 0.244 0.042 0.036
0 0.229 0.223 0.042 0.046
0 0.177 0.338 0.05 0.032
0 0.269 0.43 0.042 0.044
0 0.192 0.424 0.036 0.044
0 0.198 0.509 0.04 0.05
0 0.184 0.569 0.036 0.042
0 0.231 0.593 0.042 0.034
0 0.276 0.554 0.032 0.056
0 0.38 0.583 0.04 0.05
0 0.012 0.52 0.024 0.04
0 0.052 0.5 0.036 0.032
0 0.096 0.504 0.036 0.036
0 0.033 0.597 0.038 0.03
0 0.097 0.558 0.03 0.032
0 0.126 0.638 0.036 0.032
0 0.201 0.655 0.038 0.034
0 0.123 0.723 0.034 0.046
0 0.169 0.717 0.034 0.038
0 0.36 0.377 0.064 0.042
0 0.1 0.236 0.036 0.028
0 0.118 0.282 0.028 0.028
0 0.161 0.618 0.038 0.028
0 0.247 0.646 0.03 0.036
0 0.244 0.926 0.044 0.028
1 0.608 0.386 0.028 0.02
1 0.589 0.609 0.018 0.022
1 0.656 0.634 0.028 0.028
1 0.823 0.559 0.01 0.018
1 0.672 0.771 0.008 0.014
1 0.704 0.789 0.02 0.022
1 0.762 0.777 0.04 0.022
1 0.714 0.857 0.02 0.022
1 0.788 0.237 0.032 0.018
1 0.889 0.22 0.018 0.032
1 0.801 0.438 0.026 0.02
1 0.927 0.421 0.018 0.022
1 0.962 0.471 0.024 0.018
1 0.987 0.484 0.022 0.024
1 0.966 0.619 0.02 0.022
1 0.969 0.661 0.026 0.022
1 0.193 0.821 0.022 0.026
1 0.241 0.847 0.018 0.022
1 0.24 0.973 0.024 0.018
1 0.25 0.986 0.032 0.016
1 0.32 0.697 0.02 0.03
1 0.421 0.784 0.034 0.02
1 0.423 0.713 0.026 0.022
1 0.429 0.925 0.046 0.022
1 0.556 0.971 0.024 0.022
1 0.61 0.979 0.024 0.026
1 0.982 0.116 0.028 0.016
1 0.574 0.081 0.02 0.022
1 0.568 0.137 0.052 0.03
1 0.619 0.121 0.026 0.026
1 0.656 0.115 0.02 0.03
1 0.472 0.01 0.016 0.02
1 0.487 0.019 0.018 0.018
1 0.127 0.062 0.026 0.028
1 0.148 0.03 0.024 0.012
1 0.013 0.135 0.022 0.022
1 0.071 0.466 0.03 0.02
1 0.249 0.268 0.018 0.032
1 0.176 0.526 0.012 0.032
1 0.356 0.529 0.02 0.038
1 0.371 0.457 0.026 0.022
1 0.364 0.355 0.028 0.018
1 0.665 0.226 0.03 0.024
1 0.386 0.074 0.016 0.016
1 0.205 0.357 0.018 0.03
1 0.633 0.254 0.022 0.016
1 0.012 0.295 0.024 0.018
1 0.016 0.353 0.02 0.022
1 0.167 0.379 0.026 0.018
1 0.276 0.631 0.024 0.014
1 0.071 0.724 0.022 0.032
1 0.345 0.893 0.026 0.03
1 0.211 0.914 0.026 0.028
1 0.539 0.677 0.018 0.038
1 0.801 0.777 0.034 0.026
1 0.646 0.866 0.032 0.016
1 0.641 0.882 0.014 0.02
1 0.913 0.936 0.022 0.032
2 0.954 0.701 0.016 0.03
2 0.281 0.958 0.03 0.028
2 0.218 0.989 0.02 0.018
2 0.473 0.788 0.042 0.032
2 0.896 0.152 0.02 0.02
2 0.766 0.333 0.036 0.026
2 0.734 0.054 0.052 0.04
2 0.293 0.177 0.022 0.026
2 0.315 0.607 0.034 0.03
2 0.345 0.608 0.018 0.024
2 0.133 0.143 0.03 0.034
2 0.089 0.149 0.022 0.022
2 0.084 0.131 0.012 0.014
2 0.068 0.267 0.016 0.018
2 0.146 0.305 0.008 0.014
2 0.13 0.217 0.032 0.03
2 0.189 0.208 0.026 0.024
2 0.243 0.196 0.01 0.012
2 0.295 0.245 0.026 0.062
2 0.32 0.263 0.012 0.022
2 0.274 0.381 0.016 0.014
2 0.413 0.365 0.038 0.022
2 0.785 0.609 0.038 0.014
2 0.084 0.612 0.02 0.032
2 0.097 0.625 0.014 0.034
2 0.168 0.641 0.036 0.018
2 0.166 0.773 0.04 0.03
2 0.448 0.625 0.032 0.018
2 0.538 0.622 0.008 0.012
2 0.564 0.757 0.04 0.066
2 0.23 0.952 0.02 0.016
2 0.247 0.947 0.018 0.014
2 0.244 0.884 0.024 0.024
2 0.36 0.865 0.028 0.014
2 0.333 0.869 0.014 0.01
2 0.406 0.883 0.028 0.026
2 0.41 0.853 0.024 0.018
2 0.735 0.823 0.054 0.054
2 0.783 0.873 0.038 0.042