0 0.995 0.991 0.006 0.014
0 0.976 0.983 0.028 0.026
0 0.95 0.994 0.028 0.008
0 0.883 0.975 0.03 0.038
0 0.994 0.893 0.008 0.03
0 0.913 0.917 0.05 0.042
0 0.876 0.927 0.028 0.034
0 0.829 0.944 0.03 0.036
0 0.788 0.951 0.024 0.03
0 0.711 0.993 0.026 0.01
0 0.573 0.988 0.034 0.02
0 0.604 0.922 0.024 0.036
0 0.837 0.91 0.026 0.024
0 0.807 0.909 0.038 0.026
0 0.898 0.842 0.032 0.028
0 0.924 0.746 0.044 0.036
0 0.877 0.778 0.042 0.056
0 0.802 0.848 0.024 0.036
0 0.801 0.802 0.034 0.036
0 0.775 0.799 0.018 0.026
0 0.712 0.845 0.024 0.038
0 0.658 0.84 0.032 0.044
0 0.621 0.856 0.026 0.04
0 0.566 0.89 0.04 0.048
0 0.462 0.986 0.048 0.024
0 0.413 0.983 0.05 0.03
0 0.368 0.993 0.028 0.01
0 0.44 0.93 0.048 0.032
0 0.17 0.978 0.06 0.04
0 0.015 0.973 0.026 0.042
0 0.009 0.952 0.014 0.028
0 0.017 0.876 0.03 0.064
0 0.075 0.919 0.026 0.026
0 0.108 0.882 0.052 0.04
0 0.153 0.9 0.03 0.024
0 0.181 0.88 0.05 0.064
0 0.202 0.85 0.048 0.028
0 0.285 0.89 0.046 0.052
0 0.32 0.809 0.04 0.046
0 0.294 0.813 0.016 0.018
0 0.403 0.799 0.046 0.034
0 0.503 0.793 0.034 0.038
0 0.551 0.761 0.042 0.038
0 0.578 0.792 0.032 0.032
0 0.565 0.815 0.03 0.038
0 0.975 0.691 0.026 0.034
0 0.996 0.756 0.004 0.02
0 0.991 0.641 0.014 0.058
0 0.953 0.617 0.054 0.038
0 0.985 0.574 0.026 0.048
0 0.907 0.58 0.034 0.036
0 0.918 0.528 0.04 0.036
0 0.858 0.666 0.044 0.036
0 0.799 0.676 0.038 0.036
0 0.72 0.709 0.036 0.034
0 0.697 0.725 0.034 0.034
0 0.634 0.71 0.032 0.04
0 0.61 0.76 0.036 0.036
0 0.695 0.798 0.026 0.024
0 0.536 0.696 0.06 0.044
0 0.475 0.734 0.022 0.048
0 0.411 0.703 0.03 0.034
0 0.348 0.737 0.048 0.046
0 0.401 0.761 0.022 0.03
0 0.087 0.797 0.05 0.046
0 0.1 0.694 0.056 0.04
0 0.158 0.695 0.048 0.046
0 0.218 0.709 0.056 0.054
0 0.213 0.634 0.054 0.04
0 0.028 0.618 0.044 0.052
0 0.073 0.586 0.05 0.044
0 0.051 0.505 0.042 0.054
0 0.098 0.47 0.052 0.044
0 0.168 0.555 0.056 0.038
0 0.233 0.524 0.038 0.056
0 0.353 0.573 0.05 0.054
0 0.679 0.672 0.038 0.032
0 0.684 0.609 0.024 0.038
0 0.707 0.598 0.034 0.032
0 0.768 0.579 0.032 0.034
0 0.745 0.563 0.026 0.034
0 0.738 0.526 0.032 0.036
0 0.768 0.459 0.036 0.038
0 0.967 0.433 0.046 0.03
0 0.984 0.419 0.028 0.042
0 0.869 0.433 0.054 0.042
0 0.988 0.352 0.02 0.028
0 0.994 0.325 0.008 0.03
0 0.979 0.255 0.038 0.05
0 0.92 0.259 0.024 0.042
0 0.961 0.057 0.062 0.054
0 0.915 0.029 0.046 0.038
0 0.83 0.004 0.024 0.004
0 0.731 0.019 0.038 0.03
0 0.8 0.06 0.04 0.044
0 0.755 0.084 0.042 0.036
0 0.825 0.143 0.05 0.038
0 0.822 0.18 0.056 0.032
0 0.802 0.225 0.052 0.042
0 0.822 0.382 0.04 0.044
0 0.807 0.321 0.03 0.034
0 0.705 0.267 0.042 0.054
0 0.668 0.179 0.044 0.034
0 0.625 0.171 0.046 0.042
0 0.663 0.121 0.062 0.058
0 0.588 0.11 0.044 0.036
0 0.559 0.158 0.038 0.04
0 0.538 0.192 0.04 0.028
0 0.595 0.006 0.03 0.008
0 0.533 0.015 0.042 0.026
0 0.558 0.06 0.044 0.04
0 0.5 0.068 0.032 0.04
0 0.432 0.065 0.032 0.03
0 0.407 0.068 0.042 0.036
0 0.45 0.104 0.028 0.04
0 0.467 0.11 0.022 0.028
0 0.169 0.017 0.034 0.03
0 0.147 0.027 0.018 0.022
0 0.158 0.06 0.04 0.02
0 0.212 0.1 0.028 0.06
0 0.163 0.112 0.054 0.044
0 0.105 0.092 0.046 0.04
0 0.051 0.074 0.05 0.044
0 0.02 0.06 0.036 0.032
0 0.35 0.125 0.032 0.046
0 0.408 0.149 0.036 0.038
0 0.428 0.182 0.028 0.04
0 0.372 0.189 0.032 0.034
0 0.314 0.173 0.036 0.038
0 0.279 0.178 0.038 0.028
0 0.227 0.161 0.038 0.038
0 0.179 0.181 0.046 0.054
0 0.079 0.223 0.046 0.038
0 0.579 0.219 0.03 0.034
0 0.571 0.241 0.018 0.01
0 0.581 0.253 0.038 0.03
0 0.538 0.272 0.044 0.036
0 0.456 0.326 0.036 0.032
0 0.412 0.327 0.036 0.042
0 0.34 0.323 0.056 0.038
0 0.326 0.301 0.04 0.022
0 0.316 0.341 0.056 0.046
0 0.226 0.263 0.044 0.046
0 0.182 0.291 0.036 0.046
0 0.223 0.344 0.026 0.044
0 0.141 0.284 0.042 0.028
0 0.115 0.282 0.018 0.032
0 0.027 0.309 0.05 0.066
0 0.008 0.354 0.012 0.028
0 0.084 0.378 0.048 0.04
0 0.172 0.369 0.052 0.034
0 0.157 0.42 0.046 0.032
0 0.186 0.457 0.048 0.054
0 0.298 0.433 0.056 0.046
0 0.298 0.486 0.044 0.044
0 0.356 0.523 0.056 0.026
0 0.466 0.486 0.048 0.064
0 0.507 0.488 0.026 0.04
0 0.526 0.471 0.04 0.038
0 0.549 0.374 0.038 0.036
0 0.594 0.352 0.032 0.032
0 0.657 0.371 0.038 0.034
0 0.631 0.414 0.034 0.044
0 0.657 0.434 0.034 0.048
0 0.691 0.415 0.034 0.034
0 0.743 0.418 0.03 0.048
0 0.691 0.488 0.03 0.044
0 0.695 0.522 0.03 0.028
0 0.629 0.546 0.03 0.032
0 0.405 0.591 0.022 0.026
1 0.745 0.992 0.022 0.012
1 0.669 0.98 0.018 0.02
1 0.624 0.963 0.024 0.018
1 0.959 0.814 0.022 0.02
1 0.917 0.811 0.018 0.014
1 0.853 0.806 0.018 0.032
1 0.517 0.969 0.026 0.038
1 0.124 0.921 0.028 0.014
1 0.346 0.886 0.036 0.024
1 0.398 0.878 0.02 0.036
1 0.347 0.841 0.03 0.03
1 0.438 0.832 0.016 0.028
1 0.909 0.546 0.026 0.02
1 0.842 0.595 0.032 0.022
1 0.676 0.705 0.024 0.026
1 0.665 0.735 0.026 0.018
1 0.505 0.734 0.022 0.016
1 0.49 0.734 0.024 0.036
1 0.328 0.758 0.016 0.02
1 0.118 0.747 0.044 0.022
1 0.151 0.741 0.01 0.014
1 0.155 0.778 0.018 0.012
1 0.25 0.705 0.016 0.03
1 0.284 0.638 0.024 0.024
1 0.051 0.621 0.018 0.022
1 0.293 0.575 0.03 0.018
1 0.477 0.647 0.03 0.03
1 0.858 0.485 0.028 0.022
1 0.837 0.478 0.03 0.016
1 0.988 0.379 0.02 0.022
1 0.963 0.354 0.018 0.02
1 0.93 0.079 0.016 0.026
1 0.862 0.021 0.024 0.018
1 0.871 0.072 0.026 0.028
1 0.908 0.136 0.028 0.024
1 0.905 0.198 0.034 0.024
1 0.902 0.349 0.016 0.014
1 0.891 0.346 0.014 0.02
1 0.856 0.359 0.024 0.034
1 0.495 0.199 0.022 0.018
1 0.515 0.055 0.018 0.018
1 0.482 0.14 0.02 0.036
1 0.461 0.145 0.022 0.026
1 0.295 0.034 0.018 0.02
1 0.279 0.022 0.014 0.016
1 0.23 0.022 0.028 0.024
1 0.144 0.178 0.012 0.028
1 0.16 0.212 0.028 0.02
1 0.041 0.21 0.014 0.008
1 0.615 0.24 0.014 0.012
1 0.547 0.231 0.018 0.022
1 0.374 0.405 0.02 0.034
1 0.313 0.376 0.018 0.024
1 0.291 0.381 0.022 0.022
1 0.095 0.268 0.018 0.024
1 0.104 0.388 0.008 0.02
1 0.122 0.396 0.04 0.028
1 0.141 0.403 0.01 0.014
1 0.216 0.466 0.016 0.028
1 0.315 0.536 0.01 0.016
1 0.321 0.526 0.014 0.008
1 0.468 0.546 0.04 0.02
1 0.497 0.399 0.018 0.03
1 0.516 0.434 0.016 0.016
1 0.577 0.384 0.022 0.02
1 0.76 0.368 0.016 0.024
1 0.627 0.586 0.026 0.024
1 0.583 0.529 0.03 0.026
1 0.557 0.547 0.022 0.018
2 0.898 0.962 0.028 0.016
2 0.707 0.967 0.03 0.026
2 0.732 0.967 0.016 0.01
2 0.627 0.929 0.022 0.026
2 0.77 0.838 0.008 0.012
2 0.226 0.974 0.02 0.024
2 0.362 0.844 0.016 0.032
2 0.182 0.82 0.02 0.02
2 0.201 0.82 0.018 0.016
2 0.024 0.537 0.012 0.014
2 0.338 0.634 0.016 0.028
2 0.359 0.68 0.03 0.04
2 0.793 0.552 0.026 0.032
2 0.751 0.537 0.042 0.038
2 0.704 0.218 0.044 0.032
2 0.503 0.196 0.022 0.028
2 0.043 0.016 0.038 0.024
2 0.223 0.301 0.014 0.042
2 0.333 0.472 0.01 0.02
2 0.732 0.396 0.016 0.024
2 0.769 0.413 0.022 0.022
2 0.541 0.577 0.03 0.042
2 0.45 0.579 0.024 0.022
2 0.009 0.254 0.014 0.032
2 0.076 0.326 0.02 0.032
2 0.272 0.071 0.016 0.014
2 0.283 0.119 0.018 0.022
2 0.651 0.013 0.018 0.018
2 0.626 0.019 0.016 0.018
2 0.325 0.613 0.018 0.022
2 0.338 0.609 0.008 0.022
2 0.282 0.794 0.016 0.02
2 0.874 0.35 0.02 0.024
2 0.958 0.375 0.012 0.018
2 0.901 0.267 0.018 0.022
2 0.425 0.525 0.018 0.01