0 0.889 0.122 0.05 0.064
0 0.956 0.138 0.036 0.056
0 0.921 0.236 0.038 0.06
0 0.987 0.262 0.022 0.056
0 0.972 0.324 0.024 0.044
0 0.926 0.368 0.044 0.072
0 0.923 0.415 0.054 0.094
0 0.925 0.498 0.05 0.1
0 0.866 0.459 0.048 0.046
0 0.868 0.497 0.028 0.042
0 0.974 0.54 0.044 0.056
0 0.985 0.511 0.026 0.042
0 0.909 0.508 0.014 0.02
0 0.875 0.561 0.046 0.07
0 0.951 0.609 0.054 0.078
0 0.853 0.616 0.034 0.056
0 0.941 0.709 0.03 0.054
0 0.898 0.694 0.028 0.052
0 0.918 0.76 0.036 0.108
0 0.885 0.769 0.034 0.058
0 0.76 0.492 0.044 0.068
0 0.839 0.769 0.042 0.062
0 0.896 0.82 0.032 0.048
0 0.921 0.845 0.022 0.062
0 0.901 0.874 0.042 0.044
0 0.933 0.913 0.03 0.042
0 0.974 0.951 0.048 0.066
0 0.9 0.954 0.052 0.08
0 0.979 0.885 0.03 0.034
0 0.862 0.874 0.04 0.024
0 0.832 0.874 0.048 0.044
0 0.806 0.92 0.028 0.044
0 0.821 0.972 0.046 0.052
0 0.7 0.873 0.036 0.07
0 0.698 0.925 0.036 0.034
0 0.77 0.787 0.04 0.054
0 0.748 0.734 0.052 0.06
0 0.649 0.622 0.038 0.064
0 0.677 0.609 0.03 0.058
0 0.704 0.625 0.024 0.034
0 0.69 0.642 0.036 0.044
0 0.671 0.81 0.046 0.056
0 0.625 0.829 0.034 0.05
0 0.635 0.859 0.03 0.03
0 0.63 0.893 0.044 0.046
0 0.608 0.869 0.028 0.042
0 0.958 0.019 0.024 0.038
0 0.854 0.055 0.04 0.05
0 0.818 0.073 0.036 0.062
0 0.84 0.163 0.056 0.082
0 0.715 0.016 0.05 0.032
0 0.723 0.112 0.054 0.088
0 0.659 0.009 0.046 0.018
0 0.672 0.028 0.032 0.04
0 0.672 0.127 0.048 0.07
0 0.642 0.12 0.032 0.052
0 0.737 0.26 0.046 0.064
0 0.697 0.243 0.034 0.062
0 0.747 0.324 0.034 0.06
0 0.738 0.37 0.036 0.028
0 0.694 0.363 0.032 0.062
0 0.661 0.351 0.034 0.058
0 0.64 0.291 0.052 0.058
0 0.622 0.4 0.056 0.076
0 0.568 0.31 0.052 0.06
0 0.57 0.284 0.056 0.048
0 0.609 0.181 0.042 0.054
0 0.591 0.086 0.05 0.064
0 0.478 0.055 0.044 0.074
0 0.552 0.158 0.028 0.044
0 0.578 0.21 0.032 0.06
0 0.538 0.236 0.04 0.056
0 0.498 0.207 0.04 0.058
0 0.496 0.271 0.044 0.042
0 0.447 0.296 0.046 0.056
0 0.462 0.373 0.036 0.058
0 0.461 0.34 0.03 0.04
0 0.52 0.353 0.044 0.054
0 0.537 0.43 0.05 0.084
0 0.582 0.463 0.028 0.03
0 0.583 0.43 0.042 0.052
0 0.62 0.531 0.044 0.058
0 0.611 0.58 0.042 0.044
0 0.496 0.48 0.048 0.048
0 0.491 0.535 0.038 0.066
0 0.515 0.528 0.034 0.052
0 0.549 0.64 0.046 0.036
0 0.56 0.628 0.032 0.032
0 0.566 0.663 0.036 0.038
0 0.506 0.714 0.048 0.044
0 0.551 0.782 0.038 0.056
0 0.498 0.772 0.032 0.032
0 0.44 0.724 0.032 0.044
0 0.42 0.783 0.032 0.046
0 0.449 0.576 0.046 0.06
0 0.411 0.628 0.046 0.056
0 0.365 0.684 0.046 0.04
0 0.359 0.719 0.038 0.042
0 0.305 0.653 0.046 0.082
0 0.291 0.547 0.046 0.07
0 0.55 0.876 0.028 0.04
0 0.564 0.888 0.044 0.04
0 0.611 0.932 0.038 0.024
0 0.676 0.974 0.048 0.032
0 0.618 0.978 0.032 0.04
0 0.597 0.958 0.034 0.032
0 0.541 0.97 0.03 0.044
0 0.483 0.979 0.05 0.038
0 0.466 0.938 0.036 0.044
0 0.467 0.886 0.046 0.048
0 0.401 0.869 0.046 0.066
0 0.392 0.958 0.036 0.08
0 0.359 0.971 0.038 0.054
0 0.232 0.972 0.044 0.052
0 0.315 0.951 0.038 0.074
0 0.197 0.938 0.038 0.06
0 0.347 0.878 0.038 0.048
0 0.322 0.814 0.04 0.052
0 0.273 0.875 0.038 0.046
0 0.214 0.893 0.044 0.054
0 0.133 0.977 0.026 0.034
0 0.129 0.945 0.038 0.038
0 0.048 0.981 0.028 0.034
0 0.015 0.887 0.026 0.046
0 0.416 0.464 0.052 0.084
0 0.459 0.065 0.018 0.034
0 0.353 0.029 0.046 0.058
0 0.315 0.072 0.038 0.072
0 0.397 0.136 0.03 0.04
0 0.352 0.14 0.048 0.056
0 0.344 0.2 0.04 0.064
0 0.302 0.196 0.04 0.072
0 0.032 0.295 0.052 0.07
0 0.181 0.238 0.054 0.072
0 0.266 0.117 0.044 0.042
0 0.147 0.02 0.054 0.04
0 0.055 0.019 0.03 0.038
0 0.074 0.066 0.044 0.04
0 0.204 0.202 0.044 0.044
0 0.027 0.253 0.046 0.026
0 0.289 0.374 0.03 0.048
0 0.235 0.346 0.03 0.032
0 0.329 0.437 0.054 0.078
0 0.28 0.457 0.032 0.046
0 0.235 0.493 0.042 0.062
0 0.193 0.455 0.034 0.062
0 0.148 0.454 0.032 0.056
0 0.099 0.448 0.038 0.056
0 0.039 0.474 0.05 0.068
0 0.061 0.529 0.042 0.054
0 0.043 0.566 0.054 0.084
0 0.023 0.602 0.042 0.068
0 0.047 0.652 0.046 0.044
0 0.192 0.7 0.056 0.056
0 0.203 0.748 0.03 0.048
0 0.262 0.766 0.04 0.056
0 0.236 0.785 0.04 0.058
0 0.143 0.738 0.042 0.032
0 0.063 0.741 0.034 0.046
0 0.988 0.98 0.024 0.036
0 0.867 0.337 0.038 0.074
0 0.165 0.607 0.05 0.034
0 0.133 0.802 0.05 0.048
0 0.891 0.617 0.034 0.042
0 0.48 0.624 0.036 0.032
0 0.326 0.746 0.056 0.076
0 0.33 0.498 0.044 0.056
0 0.432 0.089 0.052 0.046
1 0.937 0.943 0.026 0.026
1 0.912 0.92 0.024 0.032
1 0.778 0.992 0.028 0.012
1 0.622 0.696 0.032 0.028
1 0.848 0.007 0.028 0.014
1 0.554 0.016 0.024 0.032
1 0.533 0.722 0.018 0.02
1 0.381 0.776 0.026 0.02
1 0.403 0.589 0.042 0.018
1 0.595 0.988 0.026 0.02
1 0.334 0.84 0.028 0.032
1 0.27 0.034 0.032 0.036
1 0.026 0.063 0.024 0.042
1 0.183 0.097 0.03 0.026
1 0.032 0.742 0.032 0.032
1 0.992 0.317 0.012 0.038
1 0.985 0.349 0.026 0.026
1 0.758 0.954 0.032 0.024
1 0.702 0.941 0.032 0.03
1 0.633 0.434 0.026 0.024
1 0.608 0.149 0.028 0.026
1 0.534 0.006 0.016 0.012
1 0.496 0.329 0.032 0.03
1 0.606 0.464 0.028 0.028
1 0.393 0.57 0.026 0.032
1 0.561 0.916 0.018 0.02
1 0.639 0.987 0.022 0.022
1 0.576 0.945 0.024 0.034
1 0.291 0.989 0.022 0.018
1 0.272 0.989 0.02 0.018
1 0.166 0.925 0.024 0.03
1 0.032 0.974 0.012 0.028
1 0.489 0.175 0.03 0.026
1 0.388 0.075 0.02 0.046
1 0.283 0.148 0.03 0.024
1 0.188 0.005 0.028 0.01
1 0.091 0.015 0.034 0.03
1 0.073 0.11 0.026 0.024
1 0.192 0.183 0.028 0.026
1 0.019 0.23 0.03 0.016
1 0.208 0.264 0.02 0.028
1 0.289 0.3 0.022 0.02
1 0.326 0.408 0.02 0.028
1 0.188 0.405 0.032 0.034
1 0.234 0.68 0.028 0.028
1 0.011 0.683 0.018 0.042
1 0.006 0.732 0.008 0.032
1 0.778 0.653 0.036 0.026
1 0.711 0.973 0.034 0.03
1 0.126 0.897 0.024 0.022
1 0.23 0.823 0.04 0.03
1 0.322 0.585 0.028 0.026
2 0.957 0.732 0.038 0.036
2 0.868 0.211 0.052 0.07
2 0.762 0.007 0.02 0.014
2 0.518 0.936 0.024 0.036
2 0.977 0.794 0.042 0.04
2 0.976 0.806 0.02 0.024
2 0.987 0.824 0.022 0.028
2 0.659 0.738 0.034 0.032
2 0.699 0.803 0.034 0.034
2 0.686 0.773 0.032 0.038
2 0.492 0.659 0.028 0.022
2 0.653 0.949 0.038 0.034
2 0.447 0.985 0.03 0.026
2 0.021 0.006 0.022 0.012
2 0.906 0.331 0.028 0.078
2 0.816 0.363 0.032 0.058
2 0.824 0.503 0.032 0.046
2 0.99 0.705 0.016 0.034
2 0.946 0.801 0.024 0.042
2 0.864 0.52 0.02 0.012
2 0.771 0.611 0.046 0.05
2 0.935 0.876 0.034 0.032
2 0.95 0.901 0.016 0.05
2 0.967 0.832 0.03 0.028
2 0.961 0.852 0.038 0.04
2 0.835 0.937 0.03 0.034
2 0.866 0.811 0.036 0.03
2 0.775 0.699 0.046 0.054
2 0.726 0.687 0.044 0.046
2 0.629 0.781 0.026 0.03
2 0.818 0.235 0.048 0.034
2 0.822 0.11 0.02 0.036
2 0.562 0.243 0.02 0.034
2 0.719 0.95 0.038 0.028
2 0.682 0.987 0.02 0.022
2 0.68 0.947 0.02 0.022
2 0.578 0.983 0.052 0.03
2 0.606 0.994 0.012 0.008
2 0.508 0.965 0.028 0.03
2 0.512 0.844 0.032 0.04
2 0.365 0.946 0.03 0.036
2 0.187 0.992 0.022 0.012
2 0.15 0.993 0.024 0.01
2 0.123 0.993 0.018 0.01
2 0.078 0.938 0.04 0.036
2 0.048 0.936 0.032 0.06
2 0.042 0.833 0.044 0.042
2 0.076 0.852 0.02 0.024
2 0.483 0.446 0.026 0.016
2 0.507 0.366 0.03 0.048
2 0.388 0.482 0.024 0.028
2 0.276 0.687 0.036 0.054
2 0.256 0.643 0.02 0.034
2 0.226 0.573 0.04 0.058
2 0.154 0.58 0.032 0.04
2 0.14 0.839 0.02 0.022
2 0.485 0.153 0.018 0.022
2 0.445 0.188 0.026 0.052
2 0.43 0.16 0.032 0.028
2 0.243 0.017 0.03 0.03
2 0.163 0.136 0.026 0.024
2 0.096 0.11 0.028 0.028
2 0.464 0.01 0.016 0.02
2 0.083 0.257 0.026 0.038
2 0.086 0.23 0.012 0.028
2 0.093 0.305 0.026 0.07
2 0.383 0.35 0.042 0.108
2 0.399 0.413 0.014 0.018
2 0.382 0.424 0.016 0.02
2 0.32 0.281 0.032 0.03
2 0.291 0.223 0.014 0.018
2 0.32 0.341 0.024 0.038
2 0.163 0.765 0.018 0.026
2 0.921 0.994 0.022 0.008
2 0.956 0.99 0.016 0.016
2 0.781 0.145 0.038 0.062