0 0.84 0.458 0.048 0.068
0 0.84 0.887 0.04 0.046
0 0.855 0.836 0.046 0.06
0 0.774 0.879 0.04 0.07
0 0.704 0.863 0.044 0.066
0 0.736 0.855 0.04 0.058
0 0.717 0.808 0.038 0.04
0 0.739 0.8 0.022 0.036
0 0.792 0.76 0.048 0.076
0 0.773 0.817 0.018 0.03
0 0.78 0.804 0.012 0.012
0 0.793 0.805 0.018 0.022
0 0.963 0.943 0.058 0.078
0 0.753 0.976 0.038 0.044
0 0.715 0.967 0.05 0.062
0 0.646 0.967 0.048 0.062
0 0.542 0.979 0.048 0.038
0 0.375 0.945 0.046 0.062
0 0.422 0.921 0.048 0.062
0 0.314 0.893 0.04 0.066
0 0.375 0.867 0.042 0.066
0 0.242 0.907 0.036 0.074
0 0.272 0.904 0.032 0.064
0 0.143 0.952 0.038 0.048
0 0.015 0.954 0.026 0.06
0 0.021 0.928 0.03 0.04
0 0.129 0.901 0.034 0.034
0 0.133 0.872 0.034 0.04
0 0.188 0.832 0.036 0.064
0 0.234 0.806 0.056 0.048
0 0.169 0.777 0.05 0.054
0 0.643 0.63 0.05 0.068
0 0.568 0.65 0.044 0.056
0 0.602 0.655 0.032 0.046
0 0.537 0.791 0.05 0.066
0 0.599 0.812 0.042 0.08
0 0.507 0.855 0.042 0.05
0 0.453 0.851 0.042 0.054
0 0.433 0.782 0.05 0.06
0 0.383 0.738 0.054 0.052
0 0.337 0.701 0.054 0.074
0 0.286 0.733 0.048 0.058
0 0.417 0.675 0.038 0.042
0 0.426 0.648 0.048 0.044
0 0.258 0.655 0.044 0.058
0 0.262 0.589 0.064 0.058
0 0.163 0.688 0.042 0.068
0 0.14 0.667 0.044 0.066
0 0.072 0.679 0.048 0.058
0 0.098 0.618 0.044 0.064
0 0.072 0.594 0.04 0.056
0 0.01 0.587 0.016 0.058
0 0.154 0.553 0.056 0.054
0 0.038 0.528 0.04 0.06
0 0.015 0.722 0.026 0.052
0 0.02 0.704 0.028 0.032
0 0.226 0.659 0.016 0.046
0 0.385 0.584 0.046 0.056
0 0.241 0.627 0.026 0.018
0 0.226 0.485 0.032 0.05
0 0.269 0.435 0.042 0.066
0 0.311 0.45 0.054 0.076
0 0.236 0.385 0.044 0.078
0 0.146 0.409 0.044 0.05
0 0.121 0.461 0.062 0.05
0 0.047 0.437 0.042 0.062
0 0.041 0.411 0.042 0.046
0 0.431 0.358 0.042 0.08
0 0.457 0.372 0.038 0.06
0 0.514 0.378 0.056 0.064
0 0.568 0.37 0.032 0.032
0 0.536 0.313 0.048 0.058
0 0.417 0.294 0.042 0.052
0 0.335 0.295 0.05 0.074
0 0.294 0.277 0.036 0.066
0 0.327 0.245 0.05 0.066
0 0.197 0.258 0.046 0.068
0 0.252 0.204 0.04 0.08
0 0.201 0.21 0.058 0.052
0 0.141 0.218 0.034 0.052
0 0.071 0.237 0.046 0.062
0 0.032 0.222 0.06 0.076
0 0.021 0.304 0.038 0.052
0 0.076 0.355 0.036 0.066
0 0.478 0.551 0.052 0.054
0 0.494 0.58 0.04 0.048
0 0.573 0.498 0.038 0.06
0 0.308 0.791 0.04 0.046
0 0.322 0.833 0.032 0.034
0 0.448 0.504 0.056 0.076
0 0.145 0.136 0.054 0.068
0 0.073 0.104 0.042 0.064
0 0.043 0.114 0.03 0.06
0 0.014 0.106 0.024 0.052
0 0.116 0.027 0.048 0.05
0 0.241 0.039 0.042 0.07
0 0.281 0.023 0.042 0.042
0 0.299 0.098 0.042 0.064
0 0.193 0.067 0.038 0.054
0 0.385 0.205 0.05 0.066
0 0.511 0.19 0.058 0.06
0 0.475 0.192 0.034 0.068
0 0.522 0.124 0.056 0.06
0 0.553 0.095 0.038 0.046
0 0.446 0.066 0.048 0.056
0 0.367 0.073 0.062 0.066
0 0.71 0.138 0.056 0.068
0 0.637 0.23 0.038 0.064
0 0.583 0.233 0.05 0.066
0 0.681 0.242 0.05 0.068
0 0.702 0.201 0.036 0.038
0 0.764 0.28 0.052 0.064
0 0.804 0.29 0.04 0.068
0 0.97 0.358 0.048 0.064
0 0.978 0.401 0.036 0.066
0 0.903 0.444 0.03 0.036
0 0.868 0.484 0.048 0.048
0 0.815 0.525 0.03 0.03
0 0.782 0.465 0.04 0.062
0 0.698 0.549 0.048 0.086
0 0.631 0.522 0.054 0.06
0 0.661 0.465 0.042 0.062
0 0.744 0.438 0.044 0.072
0 0.717 0.386 0.05 0.064
0 0.705 0.708 0.058 0.08
0 0.748 0.724 0.044 0.068
0 0.755 0.686 0.038 0.024
0 0.815 0.689 0.05 0.05
0 0.866 0.669 0.052 0.07
0 0.838 0.599 0.052 0.07
0 0.769 0.624 0.038 0.076
0 0.493 0.76 0.046 0.056
0 0.496 0.683 0.044 0.054
0 0.571 0.711 0.082 0.07
0 0.623 0.749 0.05 0.07
0 0.529 0.5 0.026 0.036
0 0.544 0.469 0.04 0.07
0 0.512 0.451 0.04 0.066
0 0.415 0.443 0.03 0.026
0 0.133 0.326 0.046 0.06
0 0.048 0.35 0.044 0.072
0 0.093 0.32 0.038 0.044
0 0.355 0.017 0.042 0.03
0 0.332 0.048 0.024 0.036
0 0.374 0.032 0.036 0.024
0 0.45 0.02 0.048 0.036
0 0.544 0.033 0.064 0.062
0 0.382 0.15 0.048 0.056
0 0.957 0.034 0.042 0.064
0 0.894 0.056 0.036 0.056
0 0.863 0.096 0.05 0.096
0 0.97 0.097 0.048 0.058
0 0.965 0.164 0.05 0.064
0 0.985 0.214 0.026 0.056
0 0.905 0.249 0.046 0.058
0 0.85 0.208 0.048 0.068
0 0.893 0.204 0.046 0.056
0 0.777 0.198 0.05 0.076
0 0.807 0.052 0.046 0.068
0 0.828 0.409 0.044 0.046
0 0.772 0.097 0.036 0.05
0 0.71 0.067 0.04 0.05
0 0.707 0.043 0.042 0.058
0 0.987 0.545 0.022 0.058
0 0.486 0.046 0.036 0.06
0 0.498 0.012 0.04 0.02
0 0.611 0.033 0.054 0.062
0 0.913 0.555 0.034 0.03
0 0.922 0.511 0.036 0.05
0 0.9 0.738 0.04 0.056
0 0.987 0.902 0.022 0.04
0 0.805 0.828 0.046 0.072
0 0.603 0.943 0.042 0.09
0 0.61 0.851 0.048 0.046
0 0.237 0.498 0.038 0.064
0 0.117 0.733 0.058 0.066
0 0.045 0.626 0.034 0.032
0 0.356 0.433 0.028 0.038
0 0.348 0.454 0.032 0.032
0 0.274 0.349 0.032 0.062
1 0.776 0.957 0.028 0.038
1 0.254 0.942 0.032 0.02
1 0.08 0.962 0.028 0.036
1 0.087 0.9 0.022 0.032
1 0.298 0.833 0.024 0.03
1 0.175 0.655 0.022 0.034
1 0.333 0.654 0.022 0.028
1 0.187 0.491 0.03 0.034
1 0.097 0.113 0.022 0.026
1 0.233 0.11 0.026 0.028
1 0.106 0.062 0.032 0.032
1 0.737 0.619 0.026 0.034
1 0.983 0.592 0.03 0.02
1 0.965 0.509 0.022 0.022
1 0.463 0.113 0.034 0.034
1 0.408 0.077 0.02 0.026
1 0.5 0.049 0.028 0.022
1 0.932 0.113 0.02 0.03
1 0.648 0.325 0.024 0.022
1 0.798 0.899 0.024 0.022
1 0.579 0.911 0.026 0.034
1 0.659 0.926 0.03 0.032
1 0.655 0.753 0.014 0.026
1 0.438 0.708 0.024 0.032
1 0.332 0.571 0.02 0.03
1 0.438 0.447 0.008 0.03
1 0.455 0.457 0.026 0.018
1 0.77 0.515 0.028 0.03
1 0.863 0.622 0.026 0.024
1 0.929 0.651 0.026 0.03
1 0.927 0.904 0.022 0.028
1 0.877 0.319 0.03 0.026
1 0.338 0.854 0.028 0.032
1 0.339 0.937 0.022 0.03
1 0.111 0.769 0.022 0.034
1 0.164 0.914 0.024 0.032
1 0.371 0.415 0.03 0.03
1 0.312 0.538 0.032 0.028
1 0.558 0.406 0.04 0.02
1 0.109 0.41 0.026 0.036
1 0.133 0.381 0.03 0.03
1 0.762 0.147 0.016 0.026
1 0.524 0.268 0.028 0.024
1 0.485 0.275 0.01 0.014
1 0.618 0.141 0.044 0.03
1 0.159 0.185 0.026 0.03
1 0.227 0.262 0.022 0.032
2 0.854 0.021 0.016 0.022
2 0.84 0.035 0.012 0.018
2 0.582 0.019 0.02 0.026
2 0.947 0.789 0.03 0.062
2 0.91 0.782 0.024 0.024
2 0.549 0.853 0.034 0.046
2 0.302 0.599 0.032 0.05
2 0.76 0.59 0.02 0.024
2 0.706 0.475 0.036 0.038
2 0.946 0.659 0.024 0.046
2 0.912 0.835 0.02 0.014
2 0.895 0.812 0.018 0.04
2 0.848 0.274 0.052 0.056
2 0.102 0.815 0.06 0.046
2 0.469 0.712 0.026 0.028
2 0.649 0.796 0.022 0.028
2 0.076 0.76 0.024 0.02
2 0.282 0.555 0.032 0.03
2 0.485 0.429 0.03 0.034
2 0.469 0.403 0.038 0.026
2 0.806 0.141 0.028 0.03
2 0.143 0.51 0.022 0.044