0 0.316 0.895 0.044 0.098
0 0.022 0.876 0.044 0.052
0 0.062 0.873 0.068 0.07
0 0.136 0.981 0.044 0.034
0 0.064 0.956 0.036 0.048
0 0.044 0.697 0.028 0.05
0 0.2 0.865 0.052 0.046
0 0.155 0.75 0.078 0.104
0 0.149 0.845 0.07 0.09
0 0.318 0.816 0.076 0.088
0 0.095 0.661 0.034 0.042
0 0.256 0.489 0.052 0.054
0 0.127 0.006 0.026 0.008
0 0.283 0.331 0.042 0.058
0 0.252 0.306 0.072 0.088
0 0.341 0.269 0.05 0.114
0 0.371 0.238 0.05 0.096
0 0.359 0.147 0.042 0.054
0 0.286 0.242 0.06 0.064
0 0.265 0.136 0.046 0.048
0 0.279 0.066 0.05 0.048
0 0.246 0.071 0.04 0.042
0 0.253 0.042 0.038 0.036
0 0.527 0.057 0.058 0.054
0 0.634 0.032 0.06 0.06
0 0.886 0.048 0.06 0.048
0 0.954 0.014 0.044 0.024
0 0.79 0.21 0.076 0.08
0 0.588 0.217 0.052 0.042
0 0.548 0.268 0.044 0.068
0 0.969 0.427 0.058 0.078
0 0.654 0.555 0.072 0.174
0 0.468 0.387 0.044 0.082
0 0.377 0.487 0.054 0.054
0 0.358 0.698 0.048 0.068
0 0.423 0.695 0.038 0.062
0 0.363 0.532 0.05 0.04
0 0.535 0.725 0.066 0.102
0 0.784 0.585 0.048 0.082
0 0.856 0.565 0.048 0.042
0 0.817 0.564 0.054 0.124
0 0.524 0.846 0.04 0.076
0 0.47 0.986 0.048 0.024
0 0.445 0.937 0.05 0.074
0 0.981 0.888 0.034 0.064
0 0.755 0.775 0.062 0.086
0 0.665 0.944 0.05 0.064
0 0.613 0.321 0.03 0.05
0 0.008 0.716 0.016 0.044
0 0.27 0.984 0.052 0.028
0 0.024 0.99 0.02 0.016
0 0.009 0.988 0.018 0.02
0 0.374 0.562 0.036 0.024
0 0.446 0.517 0.08 0.078
0 0.448 0.447 0.08 0.078
0 0.695 0.238 0.034 0.04
0 0.454 0.248 0.056 0.068
0 0.55 0.15 0.048 0.056
0 0.693 0.13 0.038 0.036
0 0.803 0.117 0.042 0.066
0 0.769 0.124 0.046 0.056
0 0.784 0.019 0.06 0.034
0 0.933 0.169 0.034 0.086
0 0.87 0.241 0.056 0.062
0 0.866 0.363 0.064 0.102
0 0.661 0.216 0.042 0.052
0 0.47 0.138 0.048 0.056
0 0.365 0.049 0.042 0.05
0 0.173 0.056 0.05 0.056
0 0.16 0.08 0.044 0.036
0 0.042 0.094 0.056 0.076
0 0.027 0.066 0.038 0.04
0 0.018 0.016 0.036 0.028
0 0.054 0.229 0.048 0.05
0 0.102 0.332 0.052 0.076
0 0.272 0.593 0.048 0.102
0 0.244 0.667 0.048 0.066
0 0.158 0.542 0.044 0.044
0 0.158 0.581 0.06 0.046
0 0.122 0.55 0.04 0.044
0 0.129 0.467 0.054 0.042
0 0.043 0.471 0.062 0.054
0 0.063 0.542 0.046 0.048
0 0.056 0.829 0.056 0.046
0 0.03 0.942 0.028 0.056
0 0.17 0.949 0.052 0.066
0 0.501 0.335 0.046 0.042
0 0.688 0.406 0.072 0.104
0 0.711 0.487 0.034 0.046
0 0.65 0.643 0.016 0.026
0 0.622 0.651 0.04 0.058
0 0.592 0.663 0.044 0.042
0 0.724 0.468 0.032 0.032
0 0.596 0.53 0.04 0.064
0 0.988 0.509 0.02 0.05
0 0.926 0.64 0.072 0.124
0 0.977 0.661 0.038 0.046
0 0.859 0.713 0.082 0.09
0 0.956 0.983 0.048 0.03
0 0.854 0.975 0.048 0.046
0 0.682 0.843 0.08 0.074
0 0.675 0.888 0.05 0.044
0 0.709 0.901 0.034 0.066
0 0.724 0.893 0.02 0.026
0 0.676 0.795 0.044 0.03
0 0.592 0.922 0.04 0.056
0 0.581 0.898 0.026 0.028
0 0.604 0.903 0.02 0.034
0 0.347 0.771 0.078 0.082
0 0.941 0.042 0.042 0.036
0 0.799 0.04 0.026 0.02
0 0.085 0.621 0.042 0.046
0 0.109 0.623 0.022 0.03
0 0.859 0.618 0.042 0.048
0 0.862 0.649 0.032 0.026
0 0.844 0.517 0.052 0.054
0 0.499 0.495 0.042 0.038
0 0.914 0.089 0.048 0.046
0 0.573 0.845 0.034 0.046
0 0.147 0.626 0.042 0.052
0 0.834 0.787 0.052 0.062
0 0.487 0.415 0.022 0.038
1 0.012 0.205 0.024 0.022
1 0.102 0.162 0.028 0.02
1 0.151 0.675 0.03 0.03
1 0.509 0.314 0.03 0.024
1 0.392 0.696 0.028 0.036
1 0.87 0.137 0.036 0.026
1 0.102 0.813 0.024 0.026
1 0.419 0.843 0.042 0.03
1 0.065 0.503 0.026 0.03
1 0.077 0.517 0.014 0.018
1 0.041 0.587 0.022 0.034
1 0.029 0.604 0.026 0.032
1 0.093 0.459 0.014 0.018
1 0.317 0.653 0.03 0.038
1 0.188 0.267 0.028 0.03
1 0.185 0.1 0.026 0.024
1 0.543 0.104 0.038 0.02
1 0.442 0.267 0.032 0.03
1 0.752 0.269 0.028 0.018
1 0.804 0.303 0.032 0.038
1 0.644 0.19 0.028 0.024
1 0.936 0.347 0.032 0.018
1 0.927 0.414 0.022 0.04
1 0.548 0.415 0.036 0.03
1 0.609 0.466 0.034 0.02
1 0.752 0.518 0.032 0.028
1 0.939 0.469 0.042 0.034
1 0.826 0.639 0.024 0.026
1 0.523 0.481 0.034 0.038
1 0.66 0.31 0.044 0.036
1 0.924 0.566 0.024 0.024
1 0.953 0.564 0.038 0.028
1 0.462 0.569 0.032 0.022
1 0.776 0.611 0.02 0.026
1 0.533 0.983 0.022 0.03
1 0.577 0.979 0.026 0.038
1 0.605 0.871 0.034 0.026
1 0.524 0.796 0.036 0.032
1 0.467 0.715 0.014 0.014
1 0.583 0.807 0.046 0.022
1 0.87 0.869 0.04 0.022
1 0.28 0.954 0.032 0.056
1 0.361 0.858 0.018 0.02
1 0.641 0.802 0.034 0.032
1 0.589 0.294 0.038 0.052
1 0.002 0.573 0.004 0.03
1 0.147 0.147 0.034 0.038
1 0.222 0.439 0.04 0.034
1 0.325 0.202 0.022 0.02
1 0.056 0.276 0.024 0.028
1 0.116 0.503 0.04 0.03
1 0.714 0.567 0.048 0.03
1 0.715 0.66 0.038 0.036
1 0.872 0.829 0.028 0.026
1 0.924 0.937 0.04 0.034
1 0.938 0.845 0.032 0.034
1 0.098 0.703 0.024 0.042
1 0.147 0.24 0.046 0.048
1 0.29 0.552 0.028 0.024
1 0.21 0.242 0.048 0.04
1 0.137 0.192 0.03 0.016
1 0.244 0.862 0.012 0.036
2 0.02 0.431 0.024 0.034
2 0.094 0.064 0.028 0.028
2 0.587 0.02 0.034 0.036
2 0.713 0.015 0.05 0.026
2 0.842 0.302 0.04 0.04
2 0.349 0.631 0.05 0.034
2 0.972 0.131 0.02 0.018
2 0.548 0.936 0.024 0.032
2 0.333 0.964 0.086 0.068
2 0.764 0.849 0.032 0.03
2 0.661 0.726 0.042 0.032
2 0.058 0.351 0.032 0.026
2 0.709 0.607 0.042 0.05
2 0.013 0.839 0.018 0.026
2 0.149 0.915 0.034 0.026
2 0.279 0.433 0.018 0.026
2 0.845 0.414 0.03 0.032
2 0.456 0.83 0.036 0.02
2 0.568 0.514 0.028 0.048
2 0.383 0.45 0.074 0.06
2 0.454 0.313 0.036 0.062
2 0.789 0.084 0.038 0.02
2 0.122 0.04 0.04 0.052
2 0.009 0.066 0.018 0.028
2 0.039 0.276 0.026 0.028
2 0.01 0.41 0.02 0.052
2 0.47 0.325 0.028 0.03
2 0.594 0.686 0.032 0.02
2 0.737 0.614 0.014 0.036
2 0.979 0.698 0.018 0.036
2 0.936 0.871 0.024 0.022
2 0.168 0.901 0.052 0.03
2 0.264 0.904 0.032 0.044
2 0.819 0.658 0.046 0.068
2 0.687 0.284 0.05 0.092
2 0.613 0.075 0.034 0.03
2 0.387 0.165 0.034 0.042
2 0.878 0.418 0.028 0.024