0 0.729 0.328 0.042 0.06
0 0.983 0.051 0.03 0.058
0 0.989 0.025 0.018 0.05
0 0.878 0.024 0.036 0.048
0 0.831 0.084 0.042 0.06
0 0.777 0.043 0.042 0.058
0 0.637 0.005 0.026 0.01
0 0.572 0.008 0.04 0.016
0 0.58 0.06 0.04 0.052
0 0.622 0.048 0.024 0.024
0 0.484 0.023 0.036 0.046
0 0.416 0.032 0.044 0.064
0 0.383 0.09 0.034 0.048
0 0.34 0.079 0.032 0.054
0 0.343 0.11 0.042 0.08
0 0.324 0.132 0.032 0.052
0 0.207 0.099 0.05 0.058
0 0.092 0.109 0.04 0.062
0 0.058 0.171 0.036 0.042
0 0.149 0.226 0.042 0.056
0 0.117 0.298 0.046 0.068
0 0.096 0.335 0.04 0.07
0 0.042 0.291 0.044 0.098
0 0.015 0.321 0.026 0.046
0 0.157 0.393 0.05 0.07
0 0.12 0.469 0.048 0.07
0 0.129 0.526 0.038 0.064
0 0.086 0.511 0.04 0.05
0 0.082 0.556 0.04 0.056
0 0.109 0.622 0.034 0.04
0 0.121 0.643 0.018 0.03
0 0.174 0.663 0.044 0.054
0 0.081 0.642 0.054 0.092
0 0.088 0.696 0.032 0.036
0 0.039 0.669 0.05 0.062
0 0.018 0.707 0.028 0.038
0 0.057 0.71 0.026 0.024
0 0.086 0.795 0.044 0.058
0 0.171 0.863 0.038 0.062
0 0.121 0.872 0.046 0.064
0 0.08 0.852 0.036 0.056
0 0.101 0.897 0.034 0.05
0 0.014 0.89 0.024 0.056
0 0.123 0.98 0.042 0.036
0 0.1 0.994 0.02 0.008
0 0.272 0.988 0.06 0.02
0 0.216 0.976 0.044 0.044
0 0.166 0.978 0.036 0.04
0 0.431 0.942 0.034 0.06
0 0.344 0.945 0.032 0.042
0 0.257 0.916 0.046 0.044
0 0.358 0.886 0.036 0.068
0 0.386 0.82 0.044 0.064
0 0.375 0.767 0.026 0.038
0 0.337 0.743 0.038 0.07
0 0.289 0.743 0.038 0.058
0 0.344 0.662 0.056 0.096
0 0.695 0.973 0.054 0.05
0 0.603 0.965 0.038 0.05
0 0.624 0.984 0.036 0.028
0 0.453 0.749 0.038 0.058
0 0.511 0.794 0.026 0.044
0 0.449 0.653 0.042 0.054
0 0.436 0.575 0.036 0.058
0 0.399 0.566 0.042 0.048
0 0.475 0.556 0.042 0.052
0 0.489 0.53 0.038 0.036
0 0.531 0.496 0.038 0.032
0 0.577 0.492 0.038 0.044
0 0.56 0.386 0.048 0.076
0 0.563 0.332 0.034 0.036
0 0.417 0.353 0.054 0.074
0 0.433 0.288 0.054 0.072
0 0.382 0.226 0.036 0.056
0 0.311 0.216 0.046 0.052
0 0.263 0.189 0.042 0.042
0 0.282 0.261 0.044 0.058
0 0.202 0.262 0.036 0.056
0 0.771 0.933 0.05 0.082
0 0.711 0.854 0.03 0.048
0 0.802 0.984 0.044 0.028
0 0.833 0.915 0.042 0.074
0 0.857 0.875 0.042 0.086
0 0.81 0.829 0.028 0.042
0 0.823 0.843 0.022 0.034
0 0.984 0.703 0.028 0.054
0 0.941 0.55 0.038 0.064
0 0.977 0.561 0.038 0.05
0 0.976 0.601 0.032 0.03
0 0.907 0.703 0.042 0.062
0 0.912 0.681 0.032 0.05
0 0.961 0.642 0.046 0.072
0 0.95 0.722 0.04 0.048
0 0.822 0.66 0.068 0.088
0 0.721 0.673 0.038 0.07
0 0.679 0.684 0.046 0.06
0 0.758 0.525 0.02 0.038
0 0.741 0.517 0.038 0.046
0 0.726 0.44 0.044 0.068
0 0.668 0.432 0.036 0.056
0 0.762 0.384 0.04 0.04
0 0.776 0.409 0.024 0.038
0 0.645 0.367 0.038 0.058
0 0.685 0.179 0.022 0.034
0 0.698 0.152 0.044 0.072
0 0.684 0.088 0.036 0.06
0 0.487 0.123 0.034 0.054
0 0.575 0.208 0.042 0.06
0 0.762 0.214 0.044 0.056
0 0.784 0.235 0.036 0.042
0 0.8 0.17 0.048 0.056
0 0.891 0.119 0.038 0.07
0 0.972 0.18 0.028 0.048
0 0.917 0.28 0.042 0.068
0 0.422 0.454 0.052 0.084
0 0.3 0.482 0.036 0.06
0 0.163 0.446 0.042 0.044
0 0.21 0.556 0.032 0.032
0 0.308 0.358 0.04 0.048
0 0.224 0.343 0.028 0.046
0 0.634 0.848 0.048 0.068
0 0.725 0.603 0.038 0.054
0 0.54 0.587 0.036 0.042
0 0.559 0.827 0.046 0.078
0 0.57 0.767 0.036 0.042
0 0.769 0.814 0.054 0.076
0 0.575 0.538 0.03 0.036
0 0.644 0.736 0.044 0.048
0 0.661 0.797 0.042 0.062
0 0.614 0.601 0.036 0.062
0 0.888 0.932 0.04 0.068
0 0.951 0.928 0.034 0.068
0 0.932 0.909 0.032 0.078
0 0.886 0.373 0.052 0.066
0 0.895 0.422 0.046 0.064
0 0.922 0.433 0.028 0.046
0 0.502 0.949 0.04 0.058
0 0.984 0.752 0.028 0.052
0 0.928 0.036 0.036 0.04
0 0.959 0.008 0.022 0.016
0 0.394 0.139 0.044 0.058
0 0.397 0.175 0.042 0.022
0 0.079 0.03 0.038 0.048
0 0.049 0.013 0.042 0.026
0 0.284 0.077 0.04 0.058
0 0.243 0.018 0.034 0.036
0 0.183 0.11 0.034 0.056
0 0.482 0.237 0.036 0.054
0 0.158 0.571 0.04 0.066
0 0.262 0.481 0.036 0.034
0 0.875 0.299 0.026 0.058
0 0.801 0.291 0.026 0.066
0 0.14 0.78 0.032 0.032
0 0.127 0.811 0.022 0.026
0 0.07 0.484 0.032 0.036
0 0.01 0.494 0.016 0.04
0 0.934 0.115 0.036 0.054
0 0.641 0.147 0.038 0.058
0 0.697 0.296 0.026 0.044
0 0.114 0.584 0.024 0.048
0 0.538 0.881 0.036 0.058
0 0.591 0.866 0.034 0.048
0 0.688 0.931 0.024 0.03
0 0.639 0.652 0.038 0.048
0 0.535 0.416 0.038 0.096
0 0.015 0.034 0.026 0.036
1 0.51 0.975 0.024 0.026
1 0.504 0.376 0.02 0.032
1 0.248 0.212 0.028 0.024
1 0.909 0.637 0.018 0.022
1 0.911 0.612 0.022 0.024
1 0.664 0.557 0.016 0.034
1 0.549 0.767 0.018 0.034
1 0.503 0.765 0.026 0.022
1 0.803 0.778 0.034 0.036
1 0.626 0.742 0.02 0.032
1 0.952 0.362 0.024 0.02
1 0.736 0.735 0.02 0.018
1 0.753 0.701 0.018 0.022
1 0.779 0.704 0.014 0.028
1 0.93 0.765 0.028 0.018
1 0.906 0.498 0.028 0.02
1 0.634 0.295 0.024 0.034
1 0.617 0.279 0.022 0.026
1 0.948 0.203 0.016 0.03
1 0.849 0.18 0.03 0.032
1 0.298 0.012 0.02 0.024
1 0.426 0.237 0.02 0.026
1 0.344 0.25 0.028 0.028
1 0.285 0.595 0.03 0.022
1 0.266 0.628 0.02 0.02
1 0.213 0.649 0.022 0.022
1 0.164 0.616 0.024 0.024
1 0.564 0.697 0.028 0.014
1 0.488 0.652 0.02 0.032
1 0.392 0.863 0.02 0.022
1 0.291 0.86 0.022 0.044
1 0.243 0.884 0.026 0.024
1 0.22 0.494 0.016 0.024
1 0.19 0.499 0.02 0.022
1 0.107 0.482 0.01 0.016
1 0.687 0.56 0.022 0.02
1 0.655 0.486 0.018 0.04
1 0.637 0.486 0.022 0.04
1 0.55 0.473 0.036 0.014
1 0.349 0.402 0.022 0.024
1 0.388 0.387 0.02 0.026
1 0.352 0.459 0.024 0.046
1 0.464 0.388 0.028 0.048
1 0.113 0.928 0.026 0.024
1 0.065 0.884 0.026 0.02
1 0.015 0.802 0.022 0.028
1 0.157 0.334 0.026 0.02
1 0.09 0.391 0.016 0.022
1 0.401 0.498 0.034 0.024
1 0.939 0.091 0.03 0.026
1 0.796 0.105 0.028 0.026
1 0.669 0.076 0.014 0.02
1 0.632 0.097 0.024 0.026
1 0.652 0.182 0.028 0.024
1 0.631 0.169 0.018 0.014
1 0.822 0.34 0.024 0.032
1 0.859 0.419 0.022 0.022
1 0.83 0.407 0.016 0.026
1 0.037 0.578 0.022 0.024
1 0.263 0.745 0.022 0.026
1 0.556 0.873 0.016 0.022
1 0.976 0.958 0.016 0.024
1 0.948 0.972 0.012 0.02
1 0.767 0.564 0.018 0.028
1 0.904 0.569 0.024 0.022
1 0.647 0.603 0.03 0.034
1 0.432 0.622 0.02 0.02
1 0.503 0.578 0.018 0.02
1 0.261 0.524 0.022 0.016
1 0.975 0.296 0.014 0.044
1 0.968 0.346 0.036 0.024
1 0.963 0.316 0.022 0.028
1 0.605 0.218 0.026 0.016
1 0.524 0.268 0.024 0.028
1 0.153 0.12 0.026 0.024
1 0.006 0.149 0.008 0.038
1 0.359 0.01 0.018 0.02
1 0.245 0.073 0.01 0.014
1 0.132 0.021 0.012 0.014
2 0.939 0.84 0.018 0.032
2 0.864 0.49 0.032 0.052
2 0.826 0.299 0.02 0.042
2 0.202 0.809 0.016 0.018
2 0.159 0.813 0.014 0.014
2 0.811 0.867 0.026 0.018
2 0.809 0.881 0.022 0.014
2 0.76 0.636 0.024 0.032
2 0.773 0.671 0.022 0.03
2 0.341 0.544 0.026 0.02
2 0.298 0.417 0.016 0.018
2 0.708 0.241 0.028 0.018
2 0.189 0.191 0.034 0.062
2 0.685 0.024 0.018 0.02
2 0.461 0.153 0.014 0.026