0 0.836 0.288 0.044 0.048
0 0.909 0.252 0.054 0.044
0 0.777 0.288 0.046 0.04
0 0.774 0.335 0.048 0.038
0 0.858 0.392 0.036 0.044
0 0.898 0.398 0.044 0.048
0 0.947 0.427 0.05 0.042
0 0.911 0.452 0.054 0.044
0 0.888 0.331 0.044 0.046
0 0.736 0.129 0.044 0.046
0 0.692 0.082 0.052 0.048
0 0.837 0.218 0.038 0.04
0 0.817 0.492 0.054 0.032
0 0.959 0.542 0.05 0.04
0 0.815 0.431 0.054 0.042
0 0.768 0.408 0.06 0.044
0 0.769 0.173 0.034 0.038
0 0.801 0.151 0.058 0.034
0 0.676 0.415 0.068 0.05
0 0.722 0.422 0.036 0.04
0 0.657 0.326 0.054 0.044
0 0.613 0.399 0.054 0.042
0 0.675 0.479 0.07 0.038
0 0.664 0.539 0.044 0.042
0 0.597 0.538 0.066 0.052
0 0.883 0.605 0.058 0.042
0 0.772 0.626 0.064 0.06
0 0.927 0.634 0.054 0.056
0 0.896 0.652 0.044 0.036
0 0.593 0.211 0.05 0.042
0 0.622 0.185 0.044 0.046
0 0.661 0.195 0.042 0.038
0 0.631 0.239 0.038 0.062
0 0.904 0.126 0.064 0.064
0 0.814 0.092 0.048 0.048
0 0.525 0.495 0.03 0.034
0 0.624 0.502 0.044 0.044
0 0.63 0.478 0.044 0.036
0 0.869 0.555 0.046 0.046
0 0.83 0.583 0.052 0.042
0 0.844 0.567 0.04 0.038
0 0.948 0.321 0.048 0.05
0 0.762 0.693 0.028 0.038
0 0.845 0.71 0.054 0.032
0 0.957 0.733 0.042 0.034
0 0.699 0.638 0.078 0.064
0 0.699 0.674 0.038 0.024
0 0.676 0.717 0.032 0.022
0 0.752 0.78 0.076 0.052
0 0.797 0.794 0.022 0.028
0 0.922 0.766 0.064 0.048
0 0.854 0.745 0.024 0.038
0 0.957 0.679 0.03 0.034
0 0.915 0.821 0.062 0.042
0 0.935 0.849 0.066 0.034
0 0.853 0.846 0.046 0.044
0 0.854 0.922 0.044 0.032
0 0.806 0.917 0.032 0.022
0 0.83 0.94 0.064 0.044
0 0.833 0.971 0.042 0.026
0 0.79 0.866 0.04 0.028
0 0.759 0.858 0.03 0.028
0 0.725 0.861 0.034 0.022
0 0.658 0.885 0.048 0.03
0 0.676 0.915 0.032 0.026
0 0.677 0.96 0.07 0.052
0 0.641 0.941 0.034 0.038
0 0.631 0.811 0.074 0.042
0 0.589 0.834 0.062 0.048
0 0.556 0.779 0.064 0.05
0 0.568 0.711 0.06 0.042
0 0.552 0.665 0.068 0.03
0 0.653 0.28 0.026 0.016
0 0.819 0.054 0.022 0.016
0 0.924 0.027 0.052 0.042
0 0.684 0.819 0.032 0.038
0 0.5 0.799 0.028 0.034
0 0.591 0.868 0.03 0.024
0 0.642 0.766 0.036 0.032
0 0.47 0.599 0.028 0.026
0 0.443 0.678 0.026 0.04
0 0.409 0.682 0.046 0.032
0 0.452 0.767 0.044 0.042
0 0.44 0.83 0.056 0.036
0 0.401 0.902 0.046 0.036
0 0.389 0.874 0.054 0.036
0 0.258 0.853 0.048 0.042
0 0.215 0.849 0.042 0.046
0 0.266 0.824 0.036 0.036
0 0.257 0.878 0.03 0.02
0 0.354 0.448 0.036 0.04
0 0.466 0.438 0.044 0.036
0 0.503 0.404 0.018 0.028
0 0.504 0.228 0.076 0.052
0 0.553 0.318 0.038 0.036
0 0.541 0.347 0.042 0.042
0 0.479 0.47 0.038 0.028
0 0.46 0.493 0.024 0.022
0 0.362 0.651 0.068 0.05
0 0.412 0.729 0.04 0.042
0 0.358 0.707 0.06 0.042
0 0.299 0.704 0.058 0.04
0 0.334 0.765 0.02 0.03
0 0.319 0.819 0.046 0.034
0 0.33 0.832 0.028 0.02
0 0.311 0.909 0.042 0.03
0 0.317 0.947 0.054 0.034
0 0.35 0.892 0.044 0.036
0 0.286 0.978 0.032 0.036
0 0.16 0.865 0.032 0.034
0 0.213 0.885 0.034 0.03
0 0.292 0.754 0.052 0.052
0 0.294 0.789 0.032 0.03
0 0.108 0.951 0.048 0.05
0 0.123 0.891 0.022 0.018
0 0.135 0.76 0.042 0.04
0 0.019 0.899 0.034 0.034
0 0.217 0.759 0.054 0.038
0 0.215 0.727 0.066 0.03
0 0.251 0.683 0.07 0.042
0 0.087 0.713 0.046 0.038
0 0.088 0.678 0.036 0.028
0 0.084 0.745 0.032 0.03
0 0.127 0.619 0.046 0.046
0 0.174 0.665 0.044 0.042
0 0.161 0.651 0.026 0.022
0 0.201 0.617 0.042 0.042
0 0.207 0.553 0.042 0.046
0 0.225 0.565 0.026 0.026
0 0.29 0.57 0.044 0.044
0 0.297 0.548 0.034 0.04
0 0.265 0.617 0.038 0.046
0 0.012 0.616 0.02 0.052
0 0.065 0.575 0.046 0.03
0 0.289 0.489 0.046 0.03
0 0.322 0.494 0.028 0.028
0 0.091 0.538 0.038 0.04
0 0.038 0.528 0.028 0.02
0 0.034 0.473 0.036 0.03
0 0.093 0.441 0.038 0.042
0 0.101 0.468 0.058 0.032
0 0.187 0.433 0.046 0.05
0 0.239 0.445 0.046 0.042
0 0.38 0.397 0.036 0.03
0 0.306 0.408 0.044 0.036
0 0.248 0.387 0.052 0.046
0 0.331 0.4 0.022 0.032
0 0.193 0.391 0.026 0.026
0 0.292 0.337 0.02 0.03
0 0.163 0.37 0.018 0.04
0 0.231 0.329 0.046 0.046
0 0.42 0.314 0.044 0.036
0 0.363 0.288 0.046 0.044
0 0.337 0.297 0.038 0.038
0 0.487 0.331 0.022 0.03
0 0.975 0.883 0.046 0.042
0 0.979 0.923 0.038 0.03
0 0.893 0.983 0.042 0.03
0 0.95 0.993 0.04 0.01
0 0.773 0.985 0.07 0.026
0 0.627 0.992 0.03 0.012
0 0.52 0.973 0.064 0.05
0 0.34 0.994 0.028 0.008
0 0.156 0.98 0.04 0.036
0 0.016 0.964 0.028 0.044
0 0.031 0.959 0.018 0.042
0 0.012 0.864 0.02 0.036
0 0.014 0.744 0.024 0.036
0 0.009 0.709 0.014 0.038
0 0.107 0.287 0.034 0.03
0 0.203 0.267 0.054 0.042
0 0.251 0.254 0.042 0.048
0 0.33 0.248 0.052 0.036
0 0.072 0.333 0.044 0.062
0 0.306 0.262 0.02 0.028
0 0.478 0.263 0.028 0.022
0 0.481 0.204 0.034 0.032
0 0.462 0.181 0.024 0.022
0 0.486 0.172 0.028 0.02
0 0.401 0.192 0.034 0.048
0 0.35 0.2 0.056 0.064
0 0.499 0.114 0.074 0.06
0 0.975 0.247 0.046 0.038
0 0.726 0.011 0.064 0.022
0 0.641 0.019 0.05 0.038
0 0.581 0.115 0.07 0.062
0 0.58 0.051 0.056 0.038
0 0.414 0.095 0.04 0.042
0 0.402 0.051 0.044 0.046
0 0.316 0.092 0.064 0.052
0 0.333 0.044 0.066 0.048
0 0.279 0.156 0.058 0.04
0 0.216 0.197 0.044 0.046
0 0.122 0.21 0.04 0.048
0 0.055 0.303 0.034 0.046
0 0.026 0.277 0.032 0.042
0 0.065 0.21 0.062 0.056
0 0.192 0.129 0.052 0.038
0 0.179 0.079 0.058 0.046
0 0.009 0.192 0.014 0.028
0 0.093 0.165 0.038 0.046
0 0.26 0.066 0.032 0.036
0 0.234 0.073 0.028 0.038
0 0.112 0.018 0.044 0.036
0 0.01 0.249 0.016 0.042
0 0.023 0.064 0.042 0.044
0 0.016 0.03 0.028 0.032
0 0.014 0.376 0.024 0.044
0 0.988 0.556 0.02 0.036
0 0.987 0.675 0.022 0.038
0 0.792 0.06 0.036 0.048
0 0.688 0.171 0.024 0.034
0 0.034 0.509 0.052 0.038
0 0.978 0.097 0.04 0.038
0 0.13 0.23 0.036 0.032
0 0.057 0.077 0.026 0.03
0 0.518 0.008 0.02 0.016
1 0.697 0.261 0.018 0.018
1 0.405 0.807 0.022 0.018
1 0.417 0.796 0.022 0.016
1 0.372 0.955 0.016 0.022
1 0.141 0.476 0.018 0.024
1 0.492 0.994 0.028 0.008
1 0.441 0.993 0.026 0.01
1 0.203 0.993 0.038 0.01
1 0.228 0.986 0.012 0.024
1 0.01 0.991 0.016 0.014
1 0.296 0.213 0.02 0.022
1 0.824 0.004 0.016 0.008
1 0.169 0.119 0.018 0.018
1 0.022 0.122 0.04 0.016
1 0.98 0.313 0.02 0.022
1 0.994 0.509 0.008 0.022
1 0.194 0.356 0.016 0.024
1 0.492 0.07 0.02 0.024
2 0.815 0.634 0.03 0.024
2 0.68 0.275 0.048 0.042
2 0.446 0.498 0.016 0.032
2 0.362 0.536 0.024 0.024
2 0.313 0.851 0.034 0.022
2 0.058 0.81 0.036 0.04
2 0.752 0.842 0.028 0.016
2 0.798 0.85 0.016 0.012
2 0.835 0.538 0.034 0.024
2 0.798 0.585 0.02 0.018
2 0.813 0.362 0.038 0.024
2 0.86 0.311 0.016 0.014
2 0.735 0.341 0.034 0.022
2 0.711 0.555 0.034 0.018
2 0.775 0.54 0.022 0.02
2 0.643 0.637 0.022 0.026
2 0.55 0.6 0.032 0.04
2 0.739 0.672 0.038 0.02
2 0.932 0.676 0.02 0.02
2 0.961 0.798 0.026 0.024
2 0.873 0.75 0.03 0.028
2 0.743 0.74 0.05 0.024
2 0.848 0.862 0.032 0.028
2 0.55 0.48 0.036 0.028
2 0.578 0.497 0.024 0.022
2 0.604 0.296 0.024 0.044
2 0.888 0.186 0.016 0.02
2 0.97 0.163 0.032 0.018
2 0.975 0.18 0.03 0.02
2 0.947 0.189 0.038 0.03
2 0.573 0.914 0.034 0.02
2 0.529 0.883 0.014 0.022
2 0.537 0.86 0.026 0.032
2 0.631 0.745 0.03 0.026
2 0.482 0.623 0.024 0.038
2 0.446 0.586 0.028 0.036
2 0.563 0.382 0.038 0.028
2 0.412 0.507 0.024 0.026
2 0.343 0.739 0.034 0.018
2 0.247 0.919 0.042 0.026
2 0.416 0.931 0.048 0.026
2 0.378 0.944 0.024 0.02
2 0.175 0.896 0.026 0.028
2 0.124 0.912 0.052 0.028
2 0.102 0.882 0.016 0.02
2 0.193 0.678 0.018 0.028
2 0.154 0.712 0.016 0.028
2 0.122 0.657 0.04 0.03
2 0.156 0.549 0.028 0.03
2 0.112 0.558 0.036 0.036
2 0.137 0.522 0.022 0.024
2 0.023 0.487 0.03 0.026
2 0.329 0.43 0.018 0.024
2 0.423 0.339 0.022 0.026
2 0.649 0.349 0.03 0.022
2 0.691 0.317 0.022 0.018
2 0.71 0.376 0.02 0.028
2 0.782 0.454 0.024 0.02
2 0.75 0.519 0.032 0.03
2 0.527 0.654 0.03 0.024
2 0.536 0.689 0.02 0.026
2 0.486 0.574 0.024 0.032
2 0.469 0.547 0.03 0.038
2 0.465 0.36 0.042 0.056
2 0.488 0.368 0.028 0.044
2 0.477 0.887 0.038 0.022
2 0.733 0.905 0.042 0.05
2 0.706 0.904 0.02 0.028
2 0.364 0.995 0.024 0.006
2 0.167 0.957 0.038 0.03
2 0.238 0.611 0.032 0.03
2 0.102 0.33 0.02 0.032
2 0.454 0.257 0.036 0.03
2 0.459 0.206 0.022 0.036
2 0.907 0.01 0.034 0.02
2 0.608 0.038 0.032 0.04
2 0.567 0.025 0.026 0.022
2 0.514 0.071 0.02 0.018
2 0.26 0.136 0.052 0.036
2 0.158 0.209 0.028 0.022
2 0.063 0.245 0.046 0.034
2 0.091 0.186 0.018 0.012
2 0.072 0.113 0.04 0.038
2 0.035 0.121 0.018 0.018
2 0.978 0.569 0.024 0.018