0 0.873 0.394 0.042 0.052
0 0.801 0.981 0.042 0.034
0 0.861 0.831 0.038 0.038
0 0.498 0.969 0.036 0.046
0 0.461 0.983 0.042 0.03
0 0.305 0.961 0.038 0.042
0 0.303 0.935 0.038 0.03
0 0.309 0.893 0.034 0.038
0 0.356 0.875 0.036 0.034
0 0.24 0.907 0.048 0.042
0 0.245 0.932 0.026 0.028
0 0.206 0.925 0.036 0.038
0 0.127 0.898 0.038 0.036
0 0.042 0.968 0.048 0.036
0 0.179 0.83 0.038 0.036
0 0.023 0.834 0.038 0.052
0 0.062 0.847 0.024 0.026
0 0.09 0.801 0.044 0.046
0 0.102 0.78 0.04 0.036
0 0.221 0.76 0.034 0.048
0 0.222 0.622 0.028 0.036
0 0.236 0.619 0.016 0.026
0 0.23 0.666 0.028 0.02
0 0.045 0.675 0.042 0.046
0 0.139 0.737 0.026 0.046
0 0.11 0.682 0.032 0.056
0 0.146 0.628 0.036 0.048
0 0.127 0.561 0.026 0.034
0 0.148 0.548 0.028 0.048
0 0.174 0.55 0.032 0.04
0 0.129 0.516 0.038 0.052
0 0.041 0.545 0.042 0.058
0 0.066 0.536 0.016 0.036
0 0.017 0.591 0.03 0.038
0 0.186 0.489 0.028 0.042
0 0.192 0.473 0.024 0.026
0 0.108 0.409 0.04 0.042
0 0.056 0.375 0.02 0.018
0 0.111 0.355 0.034 0.046
0 0.223 0.382 0.03 0.056
0 0.205 0.378 0.03 0.06
0 0.197 0.307 0.034 0.062
0 0.149 0.268 0.038 0.052
0 0.093 0.198 0.046 0.072
0 0.043 0.196 0.034 0.04
0 0.047 0.169 0.042 0.03
0 0.045 0.124 0.038 0.052
0 0.156 0.024 0.056 0.044
0 0.315 0.068 0.046 0.06
0 0.244 0.152 0.048 0.052
0 0.282 0.24 0.04 0.056
0 0.299 0.262 0.046 0.044
0 0.05 0.351 0.044 0.05
0 0.367 0.046 0.046 0.064
0 0.415 0.06 0.046 0.048
0 0.405 0.021 0.038 0.038
0 0.513 0.027 0.018 0.026
0 0.548 0.032 0.044 0.06
0 0.575 0.112 0.03 0.04
0 0.623 0.184 0.026 0.04
0 0.667 0.216 0.038 0.048
0 0.65 0.113 0.04 0.05
0 0.665 0.14 0.042 0.044
0 0.726 0.162 0.036 0.04
0 0.781 0.233 0.03 0.034
0 0.781 0.211 0.042 0.038
0 0.677 0.297 0.034 0.046
0 0.733 0.306 0.038 0.06
0 0.573 0.297 0.034 0.05
0 0.547 0.327 0.034 0.058
0 0.485 0.369 0.034 0.05
0 0.387 0.368 0.042 0.056
0 0.429 0.363 0.034 0.058
0 0.344 0.365 0.032 0.05
0 0.34 0.446 0.032 0.048
0 0.837 0.261 0.034 0.058
0 0.887 0.291 0.042 0.062
0 0.946 0.223 0.04 0.058
0 0.981 0.275 0.034 0.038
0 0.981 0.322 0.034 0.056
0 0.973 0.129 0.034 0.058
0 0.855 0.155 0.046 0.042
0 0.872 0.178 0.036 0.036
0 0.832 0.228 0.024 0.028
0 0.697 0.381 0.034 0.042
0 0.705 0.456 0.034 0.052
0 0.682 0.467 0.02 0.038
0 0.662 0.496 0.04 0.048
0 0.636 0.525 0.024 0.034
0 0.564 0.58 0.036 0.036
0 0.553 0.629 0.042 0.05
0 0.603 0.636 0.046 0.04
0 0.654 0.692 0.04 0.052
0 0.695 0.684 0.042 0.044
0 0.72 0.649 0.036 0.042
0 0.698 0.766 0.032 0.04
0 0.644 0.827 0.032 0.042
0 0.66 0.863 0.04 0.046
0 0.819 0.816 0.038 0.036
0 0.811 0.765 0.046 0.034
0 0.829 0.789 0.046 0.022
0 0.839 0.742 0.038 0.04
0 0.74 0.766 0.032 0.048
0 0.824 0.682 0.032 0.044
0 0.782 0.669 0.04 0.05
0 0.39 0.651 0.036 0.042
0 0.465 0.685 0.03 0.026
0 0.464 0.618 0.04 0.04
0 0.527 0.677 0.034 0.058
0 0.557 0.729 0.038 0.038
0 0.568 0.754 0.044 0.032
0 0.524 0.901 0.048 0.038
0 0.525 0.867 0.046 0.03
0 0.519 0.844 0.034 0.032
0 0.491 0.768 0.038 0.04
0 0.47 0.795 0.032 0.042
0 0.852 0.59 0.044 0.044
0 0.902 0.561 0.036 0.042
0 0.947 0.562 0.05 0.056
0 0.796 0.53 0.032 0.048
0 0.771 0.569 0.038 0.042
0 0.529 0.53 0.038 0.056
0 0.536 0.472 0.036 0.056
0 0.567 0.477 0.03 0.046
0 0.334 0.63 0.04 0.036
0 0.287 0.622 0.034 0.044
0 0.877 0.649 0.038 0.042
0 0.691 0.582 0.034 0.04
0 0.922 0.73 0.028 0.02
0 0.599 0.567 0.042 0.038
0 0.483 0.529 0.038 0.042
0 0.401 0.723 0.038 0.042
0 0.38 0.789 0.032 0.034
0 0.615 0.795 0.038 0.038
0 0.416 0.515 0.044 0.05
0 0.331 0.54 0.038 0.052
0 0.311 0.59 0.034 0.044
0 0.396 0.582 0.048 0.064
0 0.462 0.838 0.044 0.04
0 0.489 0.476 0.026 0.052
0 0.472 0.274 0.044 0.056
0 0.384 0.238 0.036 0.04
0 0.369 0.167 0.05 0.058
0 0.703 0.049 0.034 0.042
0 0.797 0.088 0.034 0.06
0 0.82 0.024 0.032 0.044
0 0.985 0.511 0.026 0.058
0 0.928 0.501 0.036 0.058
0 0.981 0.42 0.034 0.064
0 0.925 0.442 0.046 0.052
0 0.919 0.689 0.038 0.038
0 0.944 0.671 0.044 0.042
0 0.95 0.633 0.036 0.042
0 0.931 0.625 0.03 0.046
0 0.964 0.02 0.036 0.036
0 0.904 0.109 0.032 0.046
0 0.924 0.087 0.048 0.062
0 0.848 0.043 0.032 0.054
0 0.73 0.022 0.04 0.04
0 0.621 0.037 0.042 0.062
0 0.681 0.011 0.026 0.018
0 0.736 0.211 0.036 0.078
0 0.767 0.249 0.022 0.034
0 0.834 0.319 0.032 0.046
0 0.871 0.328 0.03 0.036
0 0.737 0.111 0.034 0.05
0 0.567 0.155 0.03 0.042
0 0.52 0.114 0.044 0.056
0 0.509 0.197 0.042 0.054
0 0.437 0.189 0.034 0.054
0 0.439 0.142 0.042 0.044
0 0.408 0.179 0.048 0.058
0 0.676 0.198 0.032 0.032
0 0.617 0.41 0.046 0.056
0 0.649 0.353 0.026 0.022
0 0.657 0.39 0.022 0.028
0 0.661 0.367 0.022 0.022
0 0.631 0.373 0.034 0.03
0 0.725 0.992 0.034 0.012
0 0.938 0.735 0.036 0.034
0 0.886 0.717 0.04 0.03
0 0.779 0.453 0.034 0.042
0 0.579 0.794 0.03 0.044
0 0.511 0.78 0.038 0.036
0 0.168 0.986 0.052 0.024
0 0.146 0.975 0.044 0.042
0 0.032 0.992 0.044 0.012
0 0.336 0.769 0.04 0.03
0 0.366 0.699 0.036 0.03
0 0.276 0.712 0.04 0.036
0 0.258 0.736 0.04 0.068
0 0.287 0.377 0.034 0.05
0 0.237 0.511 0.054 0.046
0 0.292 0.562 0.028 0.036
0 0.414 0.449 0.04 0.042
0 0.436 0.318 0.036 0.06
0 0.359 0.276 0.034 0.06
0 0.225 0.288 0.042 0.044
0 0.061 0.447 0.054 0.046
0 0.032 0.503 0.028 0.042
0 0.01 0.417 0.016 0.062
0 0.147 0.352 0.046 0.056
0 0.528 0.369 0.032 0.034
0 0.188 0.76 0.032 0.04
0 0.153 0.749 0.03 0.034
0 0.111 0.634 0.038 0.036
0 0.077 0.619 0.026 0.042
0 0.401 0.828 0.05 0.052
0 0.382 0.821 0.016 0.034
0 0.488 0.668 0.04 0.04
0 0.421 0.705 0.022 0.046
0 0.21 0.694 0.032 0.032
0 0.083 0.319 0.022 0.038
0 0.157 0.173 0.038 0.046
0 0.218 0.036 0.044 0.06
0 0.279 0.023 0.034 0.042
0 0.039 0.035 0.046 0.066
0 0.08 0.046 0.044 0.056
0 0.915 0.303 0.022 0.042
0 0.709 0.845 0.038 0.026
1 0.873 0.255 0.022 0.022
1 0.778 0.708 0.016 0.024
1 0.589 0.858 0.022 0.024
1 0.61 0.859 0.028 0.026
1 0.446 0.49 0.016 0.028
1 0.055 0.864 0.014 0.012
1 0.004 0.14 0.004 0.024
1 0.402 0.487 0.028 0.018
1 0.753 0.047 0.022 0.026
1 0.917 0.011 0.03 0.018
1 0.985 0.089 0.026 0.022
1 0.728 0.264 0.024 0.024
1 0.685 0.105 0.014 0.014
1 0.537 0.146 0.022 0.02
1 0.501 0.168 0.022 0.012
1 0.7 0.345 0.016 0.03
1 0.72 0.402 0.024 0.028
1 0.594 0.52 0.02 0.028
1 0.916 0.957 0.02 0.018
1 0.879 0.992 0.026 0.012
1 0.975 0.913 0.022 0.026
1 0.834 0.909 0.012 0.034
1 0.694 0.99 0.028 0.016
1 0.676 0.994 0.02 0.008
1 0.617 0.959 0.022 0.03
1 0.647 0.89 0.022 0.028
1 0.418 0.944 0.024 0.024
1 0.384 0.958 0.008 0.008
1 0.926 0.711 0.02 0.01
1 0.846 0.657 0.024 0.026
1 0.756 0.457 0.012 0.026
1 0.5 0.829 0.02 0.034
1 0.561 0.815 0.026 0.014
1 0.306 0.411 0.02 0.018
1 0.252 0.455 0.02 0.022
1 0.32 0.489 0.02 0.026
1 0.288 0.506 0.012 0.032
1 0.313 0.285 0.022 0.022
1 0.06 0.502 0.028 0.02
1 0.168 0.358 0.024 0.032
1 0.178 0.341 0.012 0.01
1 0.041 0.919 0.022 0.026
1 0.086 0.872 0.02 0.028
1 0.136 0.823 0.024 0.026
1 0.135 0.683 0.018 0.022
1 0.129 0.657 0.018 0.026
1 0.155 0.927 0.014 0.018
1 0.024 0.25 0.02 0.032
1 0.122 0.134 0.02 0.024
1 0.185 0.115 0.058 0.038
1 0.191 0.058 0.022 0.032
1 0.348 0.217 0.016 0.018
1 0.338 0.196 0.02 0.028
1 0.008 0.071 0.012 0.018
1 0.546 0.242 0.016 0.024
1 0.479 0.041 0.018 0.038
1 0.639 0.451 0.022 0.026
1 0.906 0.422 0.016 0.024
1 0.464 0.739 0.012 0.022
1 0.772 0.542 0.024 0.02
1 0.581 0.845 0.014 0.01
2 0.921 0.188 0.034 0.04
2 0.989 0.178 0.018 0.036
2 0.888 0.868 0.02 0.02
2 0.924 0.769 0.024 0.022
2 0.884 0.689 0.024 0.03
2 0.293 0.788 0.038 0.036
2 0.138 0.857 0.016 0.026
2 0.082 0.675 0.016 0.042
2 0.263 0.686 0.018 0.024
2 0.209 0.588 0.034 0.036
2 0.058 0.318 0.028 0.04
2 0.012 0.282 0.02 0.04
2 0.126 0.161 0.028 0.026
2 0.133 0.201 0.022 0.026
2 0.134 0.219 0.02 0.018
2 0.283 0.09 0.034 0.044
2 0.494 0.625 0.032 0.046
2 0.949 0.452 0.018 0.02
2 0.636 0.627 0.024 0.018
2 0.459 0.58 0.018 0.02
2 0.774 0.775 0.02 0.03
2 0.441 0.798 0.022 0.02
2 0.706 0.878 0.012 0.036
2 0.584 0.839 0.04 0.018
2 0.601 0.827 0.026 0.018
2 0.488 0.882 0.028 0.024