0 0.846 0.979 0.044 0.038
0 0.896 0.928 0.04 0.048
0 0.794 0.888 0.036 0.04
0 0.845 0.868 0.042 0.048
0 0.942 0.831 0.036 0.054
0 0.946 0.717 0.044 0.05
0 0.902 0.971 0.036 0.05
0 0.713 0.915 0.042 0.046
0 0.712 0.956 0.032 0.036
0 0.747 0.857 0.034 0.05
0 0.667 0.958 0.038 0.048
0 0.646 0.915 0.04 0.038
0 0.614 0.883 0.04 0.062
0 0.472 0.976 0.044 0.044
0 0.562 0.983 0.044 0.03
0 0.684 0.845 0.028 0.042
0 0.666 0.844 0.032 0.056
0 0.409 0.934 0.042 0.04
0 0.426 0.853 0.036 0.054
0 0.343 0.893 0.034 0.042
0 0.13 0.869 0.032 0.042
0 0.081 0.979 0.034 0.038
0 0.071 0.974 0.038 0.048
0 0.058 0.884 0.036 0.04
0 0.046 0.915 0.04 0.038
0 0.085 0.82 0.038 0.052
0 0.154 0.785 0.028 0.038
0 0.164 0.771 0.032 0.03
0 0.219 0.815 0.042 0.05
0 0.247 0.819 0.022 0.026
0 0.318 0.835 0.04 0.05
0 0.358 0.784 0.028 0.044
0 0.293 0.751 0.026 0.022
0 0.314 0.745 0.028 0.026
0 0.252 0.667 0.048 0.042
0 0.168 0.723 0.04 0.062
0 0.121 0.709 0.034 0.042
0 0.007 0.751 0.01 0.042
0 0.025 0.731 0.034 0.062
0 0.046 0.684 0.044 0.048
0 0.089 0.639 0.042 0.062
0 0.044 0.614 0.044 0.068
0 0.129 0.611 0.046 0.058
0 0.177 0.604 0.042 0.052
0 0.227 0.602 0.042 0.04
0 0.232 0.558 0.04 0.056
0 0.275 0.572 0.038 0.04
0 0.331 0.598 0.05 0.048
0 0.334 0.567 0.044 0.03
0 0.353 0.628 0.03 0.036
0 0.472 0.79 0.048 0.06
0 0.619 0.796 0.05 0.06
0 0.719 0.768 0.034 0.056
0 0.838 0.809 0.036 0.054
0 0.814 0.821 0.024 0.05
0 0.876 0.716 0.032 0.048
0 0.207 0.972 0.034 0.04
0 0.518 0.535 0.032 0.046
0 0.419 0.541 0.038 0.046
0 0.471 0.512 0.038 0.06
0 0.502 0.682 0.04 0.048
0 0.557 0.676 0.042 0.048
0 0.731 0.678 0.046 0.056
0 0.757 0.598 0.038 0.048
0 0.757 0.635 0.034 0.046
0 0.695 0.606 0.038 0.048
0 0.691 0.652 0.038 0.052
0 0.326 0.644 0.048 0.036
0 0.094 0.541 0.036 0.054
0 0.146 0.511 0.048 0.05
0 0.199 0.448 0.042 0.06
0 0.251 0.454 0.034 0.068
0 0.286 0.438 0.036 0.052
0 0.328 0.477 0.04 0.054
0 0.339 0.433 0.034 0.042
0 0.386 0.417 0.044 0.042
0 0.442 0.427 0.052 0.046
0 0.391 0.464 0.034 0.052
0 0.612 0.585 0.04 0.054
0 0.786 0.556 0.036 0.056
0 0.829 0.544 0.034 0.044
0 0.965 0.519 0.05 0.058
0 0.603 0.446 0.05 0.06
0 0.813 0.451 0.042 0.05
0 0.862 0.439 0.052 0.058
0 0.91 0.416 0.04 0.064
0 0.97 0.446 0.036 0.044
0 0.011 0.578 0.018 0.06
0 0.034 0.481 0.048 0.054
0 0.044 0.427 0.036 0.054
0 0.008 0.456 0.012 0.036
0 0.018 0.372 0.032 0.06
0 0.071 0.355 0.038 0.066
0 0.113 0.372 0.042 0.048
0 0.141 0.356 0.042 0.04
0 0.019 0.286 0.034 0.052
0 0.093 0.25 0.038 0.064
0 0.133 0.226 0.042 0.06
0 0.157 0.201 0.034 0.054
0 0.182 0.282 0.036 0.048
0 0.215 0.29 0.046 0.056
0 0.302 0.265 0.032 0.062
0 0.379 0.352 0.042 0.06
0 0.388 0.283 0.04 0.05
0 0.387 0.23 0.034 0.06
0 0.485 0.338 0.042 0.056
0 0.463 0.299 0.038 0.042
0 0.509 0.199 0.038 0.05
0 0.54 0.216 0.048 0.044
0 0.556 0.311 0.036 0.054
0 0.577 0.297 0.034 0.054
0 0.015 0.107 0.026 0.054
0 0.05 0.046 0.048 0.064
0 0.169 0.071 0.034 0.062
0 0.216 0.073 0.044 0.05
0 0.3 0.162 0.036 0.056
0 0.264 0.154 0.032 0.056
0 0.293 0.018 0.042 0.032
0 0.447 0.021 0.034 0.038
0 0.547 0.087 0.046 0.058
0 0.62 0.067 0.048 0.058
0 0.605 0.031 0.046 0.058
0 0.679 0.024 0.046 0.044
0 0.73 0.049 0.04 0.046
0 0.617 0.176 0.038 0.052
0 0.641 0.169 0.03 0.042
0 0.76 0.24 0.048 0.052
0 0.708 0.238 0.036 0.04
0 0.717 0.326 0.038 0.048
0 0.819 0.045 0.038 0.042
0 0.901 0.155 0.038 0.062
0 0.927 0.229 0.046 0.058
0 0.979 0.299 0.034 0.062
0 0.936 0.283 0.044 0.046
0 0.938 0.332 0.032 0.032
0 0.986 0.225 0.024 0.058
0 0.941 0.033 0.034 0.058
0 0.875 0.185 0.038 0.05
0 0.811 0.332 0.038 0.04
0 0.883 0.646 0.046 0.06
0 0.974 0.769 0.024 0.034
0 0.992 0.796 0.012 0.052
0 0.791 0.985 0.038 0.026
0 0.766 0.994 0.036 0.008
0 0.696 0.996 0.024 0.004
0 0.637 0.758 0.018 0.032
0 0.513 0.889 0.026 0.038
0 0.53 0.871 0.02 0.034
0 0.463 0.845 0.022 0.03
0 0.374 0.988 0.036 0.02
0 0.157 0.99 0.03 0.016
0 0.184 0.959 0.02 0.018
0 0.22 0.98 0.028 0.036
0 0.037 0.988 0.018 0.02
0 0.018 0.987 0.032 0.022
0 0.088 0.997 0.028 0.002
0 0.318 0.888 0.02 0.024
0 0.913 0.561 0.042 0.022
0 0.975 0.626 0.026 0.036
0 0.969 0.606 0.014 0.016
0 0.049 0.726 0.026 0.028
0 0.605 0.499 0.03 0.046
0 0.694 0.264 0.032 0.024
0 0.644 0.254 0.032 0.064
0 0.008 0.317 0.012 0.03
0 0.404 0.067 0.028 0.03
0 0.486 0.024 0.036 0.044
0 0.359 0.272 0.026 0.028
0 0.994 0.011 0.008 0.018
0 0.847 0.008 0.022 0.012
0 0.787 0.004 0.018 0.004
0 0.953 0.551 0.034 0.038
1 0.828 0.168 0.028 0.016
1 0.343 0.936 0.014 0.02
1 0.594 0.743 0.024 0.018
1 0.104 0.952 0.012 0.012
1 0.869 0.674 0.018 0.016
1 0.278 0.631 0.024 0.022
1 0.629 0.557 0.022 0.022
1 0.56 0.564 0.016 0.024
1 0.853 0.402 0.026 0.02
1 0.964 0.372 0.02 0.02
1 0.634 0.357 0.016 0.026
1 0.219 0.18 0.014 0.024
1 0.019 0.185 0.022 0.026
1 0.436 0.185 0.02 0.018
1 0.76 0.052 0.02 0.028
2 0.882 0.896 0.032 0.028
2 0.969 0.826 0.026 0.052
2 0.055 0.243 0.034 0.042
2 0.783 0.321 0.026 0.046
2 0.883 0.775 0.042 0.022
2 0.873 0.834 0.022 0.024
2 0.641 0.984 0.026 0.028
2 0.745 0.807 0.026 0.022
2 0.651 0.786 0.03 0.052
2 0.648 0.754 0.008 0.012
2 0.732 0.714 0.02 0.032
2 0.579 0.798 0.05 0.068
2 0.631 0.716 0.022 0.024
2 0.518 0.835 0.02 0.014
2 0.533 0.988 0.026 0.02
2 0.275 0.975 0.026 0.038
2 0.177 0.975 0.03 0.026
2 0.094 0.943 0.028 0.03
2 0.011 0.939 0.018 0.018
2 0.287 0.902 0.026 0.04
2 0.35 0.858 0.036 0.032
2 0.428 0.802 0.02 0.016
2 0.437 0.825 0.018 0.022
2 0.399 0.776 0.034 0.02
2 0.352 0.821 0.024 0.034
2 0.413 0.651 0.022 0.046
2 0.454 0.669 0.032 0.026
2 0.987 0.593 0.022 0.022
2 0.981 0.58 0.034 0.04
2 0.304 0.693 0.016 0.026
2 0.319 0.717 0.022 0.026
2 0.087 0.699 0.014 0.022
2 0.145 0.814 0.03 0.024
2 0.22 0.85 0.032 0.024
2 0.21 0.778 0.028 0.036
2 0.297 0.769 0.014 0.014
2 0.566 0.542 0.024 0.028
2 0.69 0.568 0.044 0.032
2 0.724 0.457 0.032 0.034
2 0.84 0.417 0.028 0.03
2 0.797 0.372 0.03 0.044
2 0.794 0.252 0.036 0.06
2 0.632 0.302 0.032 0.036
2 0.67 0.379 0.016 0.018
2 0.118 0.461 0.028 0.042
2 0.175 0.46 0.026 0.052
2 0.063 0.521 0.014 0.026
2 0.114 0.304 0.024 0.024
2 0.054 0.133 0.024 0.026
2 0.024 0.021 0.04 0.038
2 0.46 0.073 0.028 0.042
2 0.373 0.053 0.022 0.03
2 0.41 0.011 0.032 0.018
2 0.341 0.096 0.054 0.024
2 0.36 0.244 0.032 0.056
2 0.401 0.248 0.018 0.024
2 0.973 0.023 0.026 0.042
2 0.816 0.106 0.036 0.052
2 0.834 0.129 0.02 0.022
2 0.869 0.086 0.014 0.02
2 0.739 0.174 0.042 0.032
2 0.483 0.398 0.034 0.068
2 0.337 0.537 0.018 0.026
2 0.22 0.388 0.032 0.024
2 0.138 0.416 0.032 0.032
2 0.077 0.488 0.026 0.028
2 0.914 0.49 0.056 0.06
2 0.664 0.452 0.044 0.052
2 0.688 0.42 0.028 0.032