0 0.124 0.035 0.044 0.058
0 0.22 0.092 0.032 0.036
0 0.259 0.142 0.03 0.04
0 0.297 0.133 0.034 0.046
0 0.372 0.098 0.044 0.036
0 0.487 0.029 0.038 0.046
0 0.316 0.012 0.04 0.024
0 0.642 0.02 0.044 0.04
0 0.553 0.158 0.042 0.044
0 0.632 0.141 0.04 0.054
0 0.693 0.095 0.038 0.042
0 0.745 0.107 0.042 0.046
0 0.813 0.172 0.038 0.056
0 0.902 0.214 0.04 0.048
0 0.852 0.261 0.04 0.05
0 0.972 0.228 0.052 0.044
0 0.412 0.024 0.044 0.032
0 0.182 0.213 0.04 0.038
0 0.436 0.188 0.048 0.044
0 0.43 0.28 0.036 0.036
0 0.037 0.238 0.038 0.048
0 0.173 0.259 0.034 0.042
0 0.535 0.222 0.046 0.056
0 0.586 0.297 0.044 0.046
0 0.473 0.317 0.038 0.038
0 0.619 0.322 0.034 0.04
0 0.784 0.336 0.048 0.056
0 0.748 0.398 0.04 0.04
0 0.804 0.426 0.04 0.032
0 0.719 0.447 0.026 0.03
0 0.755 0.493 0.034 0.034
0 0.801 0.481 0.034 0.038
0 0.821 0.522 0.034 0.032
0 0.878 0.539 0.036 0.042
0 0.918 0.517 0.04 0.03
0 0.911 0.441 0.038 0.038
0 0.987 0.432 0.022 0.04
0 0.859 0.599 0.038 0.034
0 0.773 0.588 0.038 0.036
0 0.869 0.66 0.046 0.044
0 0.562 0.491 0.036 0.034
0 0.405 0.356 0.042 0.044
0 0.032 0.355 0.032 0.046
0 0.078 0.234 0.04 0.036
0 0.053 0.277 0.042 0.054
0 0.246 0.468 0.04 0.04
0 0.475 0.543 0.054 0.042
0 0.428 0.557 0.036 0.046
0 0.635 0.574 0.046 0.048
0 0.632 0.604 0.044 0.028
0 0.509 0.661 0.026 0.058
0 0.525 0.654 0.034 0.044
0 0.474 0.636 0.044 0.036
0 0.43 0.588 0.044 0.036
0 0.562 0.606 0.04 0.044
0 0.478 0.582 0.044 0.032
0 0.439 0.519 0.034 0.034
0 0.34 0.529 0.032 0.03
0 0.275 0.604 0.038 0.04
0 0.282 0.372 0.032 0.036
0 0.336 0.351 0.032 0.046
0 0.22 0.231 0.048 0.074
0 0.204 0.149 0.036 0.058
0 0.679 0.132 0.038 0.044
0 0.974 0.589 0.032 0.034
0 0.981 0.529 0.034 0.038
0 0.802 0.699 0.036 0.038
0 0.9 0.731 0.052 0.054
0 0.912 0.686 0.048 0.052
0 0.779 0.752 0.038 0.036
0 0.828 0.778 0.048 0.052
0 0.625 0.748 0.042 0.044
0 0.654 0.675 0.036 0.046
0 0.454 0.68 0.032 0.036
0 0.444 0.701 0.036 0.03
0 0.408 0.714 0.04 0.036
0 0.416 0.761 0.04 0.042
0 0.481 0.851 0.034 0.054
0 0.554 0.851 0.052 0.054
0 0.436 0.919 0.048 0.054
0 0.378 0.9 0.044 0.052
0 0.328 0.802 0.032 0.032
0 0.309 0.775 0.038 0.03
0 0.303 0.839 0.05 0.062
0 0.147 0.747 0.034 0.05
0 0.106 0.751 0.04 0.046
0 0.09 0.713 0.04 0.038
0 0.121 0.629 0.038 0.034
0 0.123 0.596 0.034 0.036
0 0.021 0.552 0.034 0.036
0 0.108 0.51 0.044 0.04
0 0.056 0.585 0.032 0.038
0 0.087 0.572 0.034 0.036
0 0.02 0.7 0.036 0.036
0 0.022 0.745 0.04 0.05
0 0.134 0.827 0.032 0.038
0 0.054 0.818 0.044 0.048
0 0.07 0.626 0.04 0.04
0 0.074 0.933 0.032 0.05
0 0.131 0.924 0.038 0.068
0 0.194 0.914 0.036 0.048
0 0.283 0.973 0.038 0.038
0 0.632 0.862 0.04 0.048
0 0.703 0.858 0.042 0.056
0 0.757 0.854 0.034 0.048
0 0.866 0.86 0.048 0.048
0 0.814 0.983 0.048 0.03
0 0.949 0.781 0.038 0.038
0 0.982 0.72 0.032 0.04
0 0.927 0.883 0.05 0.046
0 0.422 0.958 0.056 0.052
0 0.46 0.972 0.044 0.052
0 0.362 0.596 0.04 0.036
0 0.396 0.837 0.048 0.042
0 0.496 0.95 0.024 0.04
0 0.516 0.962 0.04 0.052
0 0.188 0.824 0.044 0.04
0 0.228 0.609 0.024 0.026
0 0.73 0.581 0.036 0.05
0 0.965 0.028 0.034 0.044
0 0.92 0.022 0.032 0.036
0 0.169 0.308 0.034 0.06
0 0.129 0.428 0.042 0.036
0 0.203 0.335 0.03 0.03
0 0.429 0.117 0.034 0.038
0 0.625 0.073 0.046 0.034
0 0.541 0.029 0.038 0.046
0 0.566 0.185 0.04 0.046
0 0.516 0.385 0.048 0.046
0 0.538 0.352 0.04 0.036
0 0.49 0.487 0.024 0.03
0 0.327 0.493 0.03 0.038
0 0.259 0.576 0.03 0.032
0 0.353 0.745 0.038 0.03
0 0.201 0.767 0.038 0.034
0 0.242 0.705 0.044 0.054
0 0.244 0.743 0.04 0.034
0 0.541 0.71 0.026 0.032
0 0.73 0.62 0.036 0.032
0 0.783 0.522 0.026 0.036
0 0.257 0.285 0.046 0.058
0 0.393 0.403 0.026 0.038
0 0.411 0.449 0.034 0.038
0 0.458 0.428 0.028 0.02
0 0.92 0.325 0.036 0.03
0 0.872 0.364 0.04 0.04
0 0.839 0.376 0.038 0.028
0 0.988 0.768 0.02 0.044
0 0.909 0.925 0.054 0.038
0 0.764 0.979 0.032 0.038
0 0.355 0.676 0.026 0.024
0 0.805 0.084 0.034 0.052
0 0.705 0.93 0.046 0.032
0 0.577 0.537 0.03 0.03
0 0.559 0.565 0.038 0.038
0 0.485 0.369 0.018 0.022
0 0.034 0.965 0.044 0.038
0 0.009 0.805 0.014 0.03
0 0.026 0.465 0.028 0.03
0 0.037 0.488 0.026 0.036
0 0.135 0.582 0.034 0.024
0 0.086 0.521 0.024 0.042
0 0.983 0.333 0.03 0.026
0 0.794 0.005 0.024 0.01
0 0.965 0.109 0.042 0.058
0 0.993 0.156 0.01 0.036
0 0.935 0.006 0.034 0.012
0 0.985 0.04 0.026 0.048
0 0.979 0.071 0.038 0.022
0 0.986 0.308 0.024 0.028
0 0.961 0.31 0.03 0.044
0 0.536 0.069 0.036 0.038
0 0.415 0.003 0.03 0.006
0 0.313 0.032 0.034 0.02
0 0.081 0.006 0.03 0.012
0 0.053 0.08 0.034 0.028
0 0.941 0.665 0.018 0.034
0 0.525 0.933 0.022 0.022
0 0.747 0.829 0.018 0.018
0 0.351 0.11 0.022 0.024
0 0.319 0.97 0.026 0.036
0 0.217 0.742 0.018 0.024
0 0.309 0.953 0.018 0.018
0 0.27 0.408 0.044 0.036
0 0.732 0.858 0.012 0.016
0 0.085 0.403 0.038 0.062
1 0.688 0.024 0.016 0.02
1 0.947 0.264 0.022 0.02
1 0.773 0.245 0.022 0.018
1 0.786 0.271 0.024 0.018
1 0.45 0.15 0.024 0.02
1 0.401 0.157 0.018 0.022
1 0.318 0.258 0.02 0.02
1 0.328 0.559 0.02 0.018
1 0.706 0.686 0.02 0.024
1 0.988 0.908 0.02 0.02
1 0.936 0.83 0.02 0.028
1 0.173 0.968 0.018 0.024
1 0.237 0.765 0.014 0.022
2 0.111 0.184 0.038 0.036
2 0.632 0.265 0.044 0.022
2 0.195 0.413 0.03 0.042
2 0.995 0.123 0.006 0.026
2 0.772 0.076 0.02 0.028
2 0.852 0.005 0.032 0.01
2 0.717 0.113 0.022 0.054
2 0.778 0.041 0.024 0.042
2 0.582 0.108 0.036 0.024
2 0.473 0.179 0.05 0.066
2 0.033 0.006 0.018 0.012
2 0.053 0.034 0.018 0.02
2 0.06 0.067 0.028 0.022
2 0.109 0.211 0.038 0.018
2 0.278 0.217 0.028 0.03
2 0.686 0.287 0.028 0.026
2 0.58 0.251 0.048 0.042
2 0.661 0.276 0.03 0.024
2 0.501 0.336 0.018 0.032
2 0.447 0.316 0.034 0.036
2 0.488 0.455 0.04 0.034
2 0.433 0.434 0.018 0.02
2 0.19 0.473 0.028 0.046
2 0.152 0.43 0.02 0.02
2 0.325 0.713 0.038 0.03
2 0.225 0.62 0.034 0.036
2 0.178 0.622 0.024 0.024
2 0.614 0.649 0.048 0.034
2 0.791 0.636 0.03 0.032
2 0.95 0.562 0.036 0.032
2 0.986 0.635 0.024 0.038
2 0.953 0.704 0.038 0.036
2 0.963 0.982 0.03 0.032
2 0.591 0.876 0.034 0.036
2 0.556 0.967 0.036 0.038
2 0.668 0.663 0.032 0.034
2 0.691 0.483 0.018 0.022
2 0.66 0.5 0.02 0.02
2 0.68 0.361 0.032 0.03
2 0.519 0.144 0.038 0.052
2 0.455 0.111 0.026 0.042
2 0.601 0.137 0.026 0.03
2 0.774 0.957 0.028 0.03
2 0.577 0.937 0.03 0.034
2 0.3 0.869 0.036 0.03
2 0.564 0.737 0.02 0.03
2 0.443 0.773 0.018 0.026
2 0.541 0.607 0.03 0.038
2 0.33 0.466 0.028 0.016
2 0.007 0.157 0.01 0.022
2 0.237 0.052 0.034 0.016
2 0.189 0.053 0.018 0.034
2 0.092 0.336 0.028 0.028
2 0.154 0.377 0.04 0.03
2 0.909 0.624 0.03 0.024
2 0.332 0.624 0.032 0.02
2 0.073 0.692 0.026 0.024
2 0.017 0.53 0.03 0.044
2 0.822 0.394 0.02 0.012