0 0.709 0.284 0.058 0.068
0 0.981 0.025 0.034 0.05
0 0.988 0.059 0.02 0.022
0 0.822 0.059 0.056 0.078
0 0.784 0.101 0.044 0.054
0 0.766 0.039 0.056 0.054
0 0.647 0.007 0.038 0.014
0 0.535 0.01 0.034 0.02
0 0.486 0.012 0.032 0.024
0 0.381 0.01 0.042 0.02
0 0.379 0.031 0.042 0.046
0 0.275 0.064 0.042 0.056
0 0.216 0.071 0.052 0.046
0 0.239 0.021 0.05 0.042
0 0.21 0.008 0.032 0.016
0 0.144 0.013 0.036 0.026
0 0.052 0.019 0.048 0.038
0 0.062 0.1 0.044 0.052
0 0.106 0.132 0.024 0.028
0 0.29 0.106 0.048 0.08
0 0.227 0.138 0.042 0.06
0 0.195 0.153 0.034 0.07
0 0.152 0.179 0.048 0.078
0 0.393 0.164 0.05 0.06
0 0.362 0.118 0.064 0.08
0 0.357 0.081 0.034 0.022
0 0.278 0.256 0.04 0.072
0 0.193 0.286 0.034 0.04
0 0.238 0.332 0.044 0.06
0 0.331 0.315 0.042 0.05
0 0.36 0.25 0.04 0.06
0 0.515 0.132 0.058 0.056
0 0.628 0.179 0.06 0.066
0 0.584 0.221 0.044 0.058
0 0.503 0.224 0.062 0.072
0 0.463 0.245 0.034 0.038
0 0.442 0.294 0.052 0.068
0 0.412 0.328 0.032 0.044
0 0.59 0.346 0.036 0.044
0 0.602 0.36 0.056 0.064
0 0.727 0.346 0.046 0.064
0 0.652 0.302 0.052 0.06
0 0.102 0.034 0.052 0.056
0 0.493 0.486 0.042 0.068
0 0.378 0.456 0.044 0.068
0 0.247 0.53 0.046 0.052
0 0.15 0.528 0.044 0.06
0 0.142 0.493 0.028 0.038
0 0.09 0.422 0.048 0.056
0 0.078 0.373 0.048 0.058
0 0.051 0.328 0.054 0.08
0 0.111 0.509 0.042 0.046
0 0.028 0.636 0.052 0.084
0 0.162 0.719 0.048 0.074
0 0.081 0.811 0.05 0.058
0 0.956 0.2 0.064 0.06
0 0.893 0.343 0.05 0.066
0 0.842 0.346 0.048 0.068
0 0.929 0.475 0.054 0.074
0 0.897 0.497 0.046 0.034
0 0.695 0.433 0.054 0.074
0 0.589 0.523 0.05 0.062
0 0.751 0.573 0.074 0.07
0 0.779 0.521 0.042 0.03
0 0.718 0.478 0.048 0.056
0 0.611 0.592 0.05 0.064
0 0.523 0.533 0.046 0.058
0 0.47 0.566 0.036 0.06
0 0.451 0.585 0.042 0.038
0 0.378 0.587 0.04 0.058
0 0.37 0.647 0.048 0.042
0 0.393 0.703 0.038 0.03
0 0.298 0.638 0.032 0.04
0 0.225 0.638 0.058 0.064
0 0.679 0.694 0.054 0.064
0 0.76 0.682 0.052 0.06
0 0.78 0.701 0.04 0.046
0 0.536 0.43 0.052 0.072
0 0.558 0.454 0.028 0.036
0 0.445 0.431 0.026 0.038
0 0.363 0.396 0.03 0.028
0 0.321 0.489 0.034 0.05
0 0.368 0.525 0.024 0.026
0 0.248 0.576 0.052 0.04
0 0.715 0.941 0.062 0.074
0 0.83 0.84 0.06 0.064
0 0.763 0.819 0.07 0.066
0 0.841 0.922 0.038 0.044
0 0.651 0.965 0.046 0.05
0 0.514 0.982 0.052 0.032
0 0.52 0.921 0.044 0.058
0 0.45 0.82 0.044 0.032
0 0.465 0.838 0.034 0.032
0 0.425 0.844 0.034 0.04
0 0.449 0.769 0.054 0.054
0 0.39 0.766 0.056 0.052
0 0.33 0.834 0.04 0.04
0 0.353 0.837 0.054 0.054
0 0.317 0.778 0.042 0.056
0 0.293 0.808 0.042 0.064
0 0.243 0.817 0.042 0.07
0 0.164 0.855 0.044 0.078
0 0.029 0.809 0.034 0.05
0 0.011 0.88 0.018 0.056
0 0.06 0.959 0.056 0.078
0 0.328 0.944 0.04 0.072
0 0.209 0.972 0.034 0.048
0 0.173 0.975 0.038 0.046
0 0.111 0.96 0.034 0.048
0 0.254 0.982 0.036 0.032
0 0.448 0.872 0.04 0.048
0 0.595 0.727 0.054 0.066
0 0.808 0.592 0.064 0.08
0 0.884 0.571 0.048 0.07
0 0.922 0.599 0.068 0.062
0 0.703 0.545 0.046 0.058
0 0.954 0.736 0.06 0.064
0 0.743 0.13 0.03 0.072
0 0.692 0.148 0.04 0.068
0 0.918 0.305 0.044 0.05
0 0.768 0.193 0.04 0.038
0 0.8 0.473 0.048 0.05
0 0.847 0.546 0.034 0.036
0 0.771 0.419 0.046 0.05
0 0.857 0.143 0.058 0.054
0 0.881 0.74 0.038 0.036
0 0.945 0.812 0.046 0.048
0 0.904 0.853 0.032 0.034
0 0.943 0.95 0.05 0.048
0 0.989 0.831 0.018 0.034
0 0.713 0.874 0.042 0.056
0 0.717 0.853 0.046 0.058
0 0.986 0.264 0.024 0.04
0 0.965 0.322 0.034 0.048
0 0.642 0.779 0.032 0.07
0 0.653 0.588 0.034 0.064
0 0.598 0.404 0.024 0.024
0 0.578 0.481 0.032 0.038
0 0.32 0.146 0.024 0.028
0 0.147 0.392 0.05 0.064
0 0.912 0.112 0.032 0.044
0 0.891 0.12 0.03 0.028
0 0.944 0.125 0.048 0.038
0 0.908 0.203 0.032 0.034
0 0.342 0.044 0.04 0.04
0 0.44 0.083 0.04 0.038
0 0.021 0.151 0.034 0.034
0 0.362 0.186 0.032 0.048
0 0.858 0.623 0.032 0.058
0 0.131 0.836 0.05 0.076
0 0.119 0.807 0.026 0.026
0 0.295 0.711 0.042 0.03
0 0.608 0.783 0.036 0.042
0 0.54 0.705 0.028 0.05
0 0.217 0.847 0.022 0.054
1 0.709 0.078 0.03 0.024
1 0.984 0.351 0.024 0.026
1 0.956 0.37 0.02 0.02
1 0.936 0.322 0.016 0.016
1 0.783 0.17 0.022 0.016
1 0.726 0.224 0.028 0.02
1 0.902 0.064 0.024 0.028
1 0.864 0.764 0.016 0.02
1 0.968 0.86 0.02 0.024
1 0.846 0.89 0.02 0.02
1 0.787 0.926 0.03 0.024
1 0.927 0.925 0.022 0.022
1 0.697 0.98 0.022 0.02
1 0.762 0.979 0.024 0.034
1 0.969 0.989 0.034 0.018
1 0.576 0.844 0.024 0.028
1 0.607 0.873 0.022 0.022
1 0.586 0.122 0.024 0.028
1 0.527 0.087 0.022 0.018
1 0.512 0.072 0.02 0.02
1 0.566 0.28 0.02 0.028
1 0.245 0.383 0.018 0.026
1 0.251 0.406 0.014 0.032
1 0.693 0.362 0.022 0.016
1 0.329 0.733 0.034 0.018
1 0.967 0.096 0.022 0.028
1 0.679 0.039 0.026 0.034
1 0.607 0.06 0.018 0.028
1 0.44 0.035 0.024 0.026
1 0.442 0.066 0.064 0.024
1 0.982 0.422 0.02 0.028
1 0.938 0.61 0.024 0.028
1 0.698 0.516 0.02 0.02
1 0.401 0.959 0.034 0.018
1 0.252 0.912 0.028 0.02
1 0.239 0.938 0.022 0.024
1 0.091 0.673 0.022 0.022
1 0.063 0.705 0.022 0.018
1 0.039 0.736 0.022 0.024
1 0.014 0.745 0.024 0.022
1 0.507 0.641 0.022 0.022
1 0.213 0.432 0.018 0.024
1 0.221 0.465 0.022 0.026
1 0.487 0.375 0.026 0.042
1 0.079 0.222 0.022 0.024
1 0.459 0.211 0.022 0.022
1 0.458 0.192 0.016 0.012
1 0.109 0.078 0.022 0.024
1 0.178 0.047 0.016 0.018
1 0.173 0.06 0.014 0.02
1 0.261 0.157 0.018 0.022
1 0.333 0.529 0.022 0.022
1 0.447 0.622 0.034 0.024
1 0.464 0.704 0.02 0.02
1 0.479 0.922 0.014 0.028
1 0.715 0.733 0.014 0.014
1 0.663 0.774 0.01 0.02
1 0.306 0.197 0.012 0.014
1 0.167 0.349 0.014 0.014
1 0.126 0.348 0.008 0.012
2 0.982 0.774 0.032 0.052
2 0.578 0.68 0.028 0.032
2 0.606 0.676 0.044 0.036
2 0.313 0.668 0.034 0.056
2 0.399 0.667 0.042 0.038
2 0.086 0.141 0.012 0.018
2 0.096 0.152 0.02 0.016
2 0.636 0.235 0.02 0.034
2 0.79 0.246 0.024 0.02
2 0.196 0.328 0.024 0.028
2 0.133 0.299 0.034 0.03
2 0.647 0.471 0.03 0.042
2 0.206 0.544 0.02 0.036
2 0.069 0.879 0.018 0.026
2 0.076 0.853 0.016 0.018
2 0.571 0.618 0.038 0.04
2 0.527 0.583 0.042 0.058
2 0.533 0.875 0.03 0.026
2 0.39 0.404 0.028 0.04
2 0.852 0.449 0.04 0.038
2 0.809 0.429 0.014 0.014
2 0.867 0.07 0.018 0.024