0 0.979 0.919 0.034 0.058
0 0.936 0.952 0.036 0.064
0 0.868 0.959 0.048 0.074
0 0.822 0.944 0.044 0.072
0 0.874 0.882 0.044 0.076
0 0.977 0.785 0.042 0.07
0 0.886 0.768 0.044 0.056
0 0.952 0.69 0.048 0.076
0 0.765 0.869 0.05 0.062
0 0.703 0.872 0.046 0.056
0 0.67 0.794 0.06 0.076
0 0.684 0.735 0.036 0.034
0 0.717 0.712 0.046 0.056
0 0.775 0.713 0.038 0.054
0 0.782 0.782 0.048 0.048
0 0.883 0.622 0.054 0.072
0 0.831 0.662 0.058 0.056
0 0.806 0.63 0.048 0.068
0 0.901 0.582 0.05 0.04
0 0.875 0.535 0.038 0.038
0 0.978 0.489 0.04 0.058
0 0.591 0.795 0.05 0.074
0 0.508 0.711 0.048 0.054
0 0.238 0.769 0.048 0.078
0 0.164 0.797 0.052 0.078
0 0.111 0.803 0.042 0.078
0 0.052 0.881 0.044 0.082
0 0.249 0.88 0.042 0.064
0 0.393 0.605 0.046 0.066
0 0.386 0.649 0.04 0.046
0 0.314 0.628 0.04 0.076
0 0.31 0.678 0.032 0.044
0 0.338 0.693 0.04 0.038
0 0.577 0.975 0.05 0.046
0 0.529 0.965 0.05 0.066
0 0.438 0.884 0.04 0.072
0 0.341 0.897 0.026 0.046
0 0.327 0.915 0.022 0.034
0 0.62 0.552 0.036 0.064
0 0.582 0.603 0.048 0.062
0 0.426 0.791 0.04 0.066
0 0.507 0.654 0.054 0.06
0 0.516 0.581 0.032 0.042
0 0.522 0.519 0.048 0.094
0 0.223 0.677 0.05 0.098
0 0.811 0.355 0.05 0.07
0 0.777 0.335 0.038 0.058
0 0.733 0.376 0.042 0.076
0 0.684 0.346 0.04 0.076
0 0.154 0.921 0.036 0.038
0 0.378 0.526 0.04 0.06
0 0.32 0.548 0.036 0.04
0 0.306 0.499 0.048 0.038
0 0.261 0.516 0.034 0.04
0 0.077 0.584 0.058 0.072
0 0.069 0.659 0.038 0.038
0 0.03 0.614 0.036 0.084
0 0.272 0.447 0.04 0.074
0 0.224 0.399 0.036 0.062
0 0.191 0.458 0.026 0.032
0 0.163 0.451 0.03 0.046
0 0.16 0.499 0.036 0.042
0 0.141 0.427 0.026 0.038
0 0.129 0.419 0.022 0.034
0 0.097 0.403 0.038 0.026
0 0.043 0.438 0.038 0.064
0 0.043 0.492 0.034 0.048
0 0.191 0.33 0.026 0.06
0 0.151 0.298 0.042 0.056
0 0.118 0.33 0.024 0.048
0 0.094 0.341 0.032 0.042
0 0.054 0.37 0.032 0.044
0 0.142 0.23 0.028 0.044
0 0.103 0.229 0.03 0.058
0 0.07 0.257 0.036 0.034
0 0.018 0.273 0.032 0.042
0 0.073 0.212 0.03 0.044
0 0.443 0.382 0.042 0.068
0 0.413 0.372 0.03 0.048
0 0.364 0.393 0.032 0.046
0 0.329 0.379 0.03 0.038
0 0.369 0.476 0.026 0.036
0 0.339 0.448 0.038 0.072
0 0.27 0.321 0.036 0.034
0 0.255 0.281 0.046 0.046
0 0.226 0.321 0.02 0.026
0 0.388 0.324 0.028 0.048
0 0.403 0.294 0.026 0.036
0 0.441 0.284 0.034 0.06
0 0.41 0.199 0.032 0.038
0 0.358 0.213 0.036 0.046
0 0.316 0.207 0.036 0.046
0 0.214 0.111 0.028 0.046
0 0.086 0.058 0.032 0.048
0 0.117 0.062 0.03 0.04
0 0.144 0.051 0.04 0.038
0 0.123 0.024 0.03 0.032
0 0.727 0.287 0.03 0.042
0 0.655 0.301 0.034 0.042
0 0.642 0.257 0.04 0.05
0 0.592 0.249 0.036 0.042
0 0.544 0.281 0.032 0.046
0 0.574 0.323 0.04 0.062
0 0.605 0.326 0.026 0.044
0 0.503 0.137 0.038 0.054
0 0.476 0.166 0.032 0.056
0 0.566 0.032 0.036 0.04
0 0.527 0.021 0.034 0.038
0 0.481 0.032 0.03 0.048
0 0.399 0.024 0.038 0.044
0 0.331 0.326 0.018 0.04
0 0.359 0.126 0.03 0.036
0 0.817 0.271 0.034 0.05
0 0.794 0.197 0.036 0.038
0 0.529 0.433 0.034 0.05
0 0.943 0.107 0.054 0.074
0 0.909 0.159 0.026 0.05
0 0.943 0.161 0.03 0.046
0 0.92 0.231 0.032 0.05
0 0.855 0.152 0.038 0.048
0 0.889 0.105 0.034 0.05
0 0.855 0.019 0.034 0.034
0 0.873 0.048 0.018 0.044
0 0.77 0.032 0.068 0.06
0 0.695 0.038 0.042 0.072
0 0.732 0.215 0.04 0.038
0 0.64 0.119 0.036 0.05
0 0.802 0.422 0.04 0.044
0 0.795 0.485 0.03 0.062
0 0.743 0.492 0.038 0.06
0 0.738 0.421 0.036 0.034
0 0.838 0.538 0.036 0.076
0 0.726 0.572 0.052 0.056
0 0.624 0.614 0.032 0.028
0 0.642 0.406 0.032 0.032
0 0.026 0.065 0.028 0.038
1 0.893 0.981 0.014 0.022
1 0.917 0.713 0.01 0.018
1 0.973 0.641 0.026 0.026
1 0.981 0.604 0.018 0.024
1 0.666 0.752 0.024 0.024
1 0.72 0.944 0.024 0.024
1 0.616 0.859 0.024 0.03
1 0.564 0.875 0.02 0.026
1 0.562 0.79 0.008 0.028
1 0.515 0.743 0.022 0.022
1 0.555 0.94 0.014 0.04
1 0.409 0.933 0.022 0.03
1 0.373 0.797 0.018 0.03
1 0.358 0.788 0.016 0.028
1 0.312 0.758 0.024 0.02
1 0.322 0.731 0.024 0.022
1 0.456 0.52 0.016 0.028
1 0.119 0.725 0.022 0.026
1 0.12 0.752 0.012 0.024
1 0.122 0.938 0.016 0.072
1 0.071 0.95 0.03 0.044
1 0.17 0.987 0.024 0.022
1 0.187 0.985 0.014 0.022
1 0.277 0.543 0.026 0.026
1 0.122 0.592 0.016 0.032
1 0.173 0.589 0.022 0.018
1 0.174 0.57 0.012 0.012
1 0.132 0.475 0.016 0.034
1 0.074 0.287 0.02 0.018
1 0.063 0.226 0.022 0.024
1 0.04 0.249 0.02 0.03
1 0.03 0.23 0.016 0.012
1 0.417 0.447 0.01 0.022
1 0.4 0.446 0.02 0.032
1 0.382 0.452 0.024 0.028
1 0.273 0.349 0.018 0.022
1 0.458 0.25 0.028 0.016
1 0.474 0.234 0.04 0.012
1 0.422 0.231 0.04 0.026
1 0.378 0.205 0.016 0.022
1 0.357 0.174 0.022 0.028
1 0.346 0.15 0.02 0.028
1 0.295 0.171 0.01 0.014
1 0.248 0.19 0.016 0.036
1 0.269 0.189 0.026 0.046
1 0.186 0.201 0.016 0.042
1 0.191 0.102 0.018 0.028
1 0.108 0.102 0.02 0.028
1 0.398 0.087 0.028 0.022
1 0.472 0.078 0.024 0.024
1 0.309 0.128 0.026 0.024
1 0.81 0.164 0.016 0.02
1 0.584 0.362 0.02 0.024
1 0.534 0.379 0.024 0.022
1 0.939 0.198 0.026 0.028
1 0.857 0.073 0.022 0.038
1 0.85 0.035 0.02 0.022
1 0.818 0.099 0.02 0.034
1 0.775 0.096 0.022 0.032
1 0.704 0.097 0.02 0.03
1 0.7 0.131 0.024 0.03
1 0.708 0.175 0.036 0.022
1 0.92 0.323 0.028 0.038
1 0.586 0.202 0.02 0.024
1 0.82 0.457 0.024 0.018
1 0.829 0.447 0.026 0.018
1 0.695 0.454 0.018 0.016
1 0.668 0.462 0.02 0.024
1 0.637 0.474 0.018 0.024
1 0.82 0.486 0.024 0.024
1 0.887 0.428 0.014 0.036
1 0.673 0.577 0.026 0.042
1 0.733 0.629 0.038 0.026
1 0.683 0.667 0.014 0.018
1 0.717 0.494 0.014 0.032
1 0.595 0.436 0.014 0.016
1 0.58 0.432 0.016 0.016
1 0.579 0.456 0.006 0.02
1 0.658 0.337 0.02 0.022
1 0.471 0.59 0.014 0.032
1 0.421 0.569 0.018 0.07
1 0.416 0.518 0.012 0.032
1 0.957 0.805 0.03 0.034
1 0.98 0.823 0.024 0.014
1 0.167 0.842 0.018 0.02
1 0.22 0.833 0.012 0.014
1 0.498 0.875 0.028 0.034
1 0.724 0.833 0.032 0.026
1 0.707 0.675 0.03 0.038
1 0.764 0.271 0.016 0.03
1 0.619 0.205 0.022 0.038
1 0.789 0.068 0.03 0.02
1 0.464 0.424 0.02 0.02
1 0.97 0.537 0.016 0.022
1 0.92 0.53 0.012 0.02
1 0.931 0.44 0.018 0.036
2 0.557 0.622 0.006 0.008
2 0.545 0.622 0.01 0.008
2 0.184 0.709 0.032 0.03
2 0.842 0.089 0.016 0.022
2 0.624 0.149 0.02 0.026
2 0.615 0.06 0.03 0.044
2 0.681 0.486 0.034 0.048
2 0.92 0.462 0.032 0.036