0 0.126 0.82 0.044 0.048
0 0.203 0.822 0.034 0.044
0 0.27 0.785 0.04 0.062
0 0.372 0.859 0.036 0.054
0 0.505 0.978 0.038 0.036
0 0.288 0.905 0.04 0.038
0 0.311 0.887 0.046 0.038
0 0.022 0.924 0.04 0.048
0 0.036 0.87 0.036 0.04
0 0.134 0.982 0.032 0.032
0 0.201 0.897 0.038 0.05
0 0.221 0.859 0.034 0.046
0 0.105 0.732 0.042 0.04
0 0.162 0.71 0.044 0.048
0 0.242 0.694 0.04 0.044
0 0.349 0.708 0.046 0.068
0 0.402 0.687 0.056 0.058
0 0.083 0.643 0.046 0.046
0 0.22 0.619 0.036 0.046
0 0.323 0.594 0.042 0.056
0 0.025 0.569 0.042 0.062
0 0.085 0.595 0.042 0.038
0 0.574 0.903 0.032 0.042
0 0.727 0.791 0.034 0.05
0 0.492 0.549 0.044 0.054
0 0.765 0.966 0.038 0.064
0 0.662 0.745 0.04 0.042
0 0.176 0.483 0.04 0.054
0 0.142 0.438 0.036 0.064
0 0.701 0.463 0.046 0.066
0 0.544 0.478 0.044 0.044
0 0.639 0.598 0.07 0.052
0 0.981 0.636 0.034 0.04
0 0.199 0.442 0.038 0.064
0 0.089 0.361 0.038 0.07
0 0.234 0.238 0.056 0.08
0 0.65 0.45 0.04 0.068
0 0.424 0.024 0.06 0.044
0 0.968 0.697 0.044 0.054
0 0.973 0.557 0.038 0.05
0 0.762 0.631 0.04 0.042
0 0.753 0.707 0.034 0.042
0 0.766 0.788 0.028 0.06
0 0.819 0.763 0.046 0.042
0 0.252 0.977 0.048 0.042
0 0.386 0.961 0.036 0.042
0 0.546 0.943 0.032 0.038
0 0.671 0.97 0.062 0.052
0 0.713 0.952 0.03 0.036
0 0.567 0.724 0.054 0.044
0 0.886 0.483 0.052 0.046
0 0.767 0.359 0.05 0.062
0 0.603 0.341 0.042 0.05
0 0.032 0.181 0.044 0.058
0 0.08 0.074 0.04 0.06
0 0.142 0.103 0.044 0.058
0 0.15 0.335 0.048 0.054
0 0.184 0.368 0.04 0.052
0 0.813 0.971 0.03 0.046
0 0.922 0.971 0.032 0.038
0 0.943 0.887 0.038 0.038
0 0.876 0.811 0.04 0.038
0 0.916 0.416 0.048 0.056
0 0.952 0.339 0.048 0.046
0 0.957 0.293 0.042 0.03
0 0.916 0.085 0.06 0.074
0 0.779 0.084 0.038 0.048
0 0.983 0.025 0.03 0.046
0 0.907 0.359 0.046 0.046
0 0.863 0.335 0.046 0.054
0 0.788 0.292 0.04 0.044
0 0.989 0.249 0.018 0.038
0 0.816 0.202 0.048 0.044
0 0.93 0.254 0.036 0.044
0 0.87 0.06 0.036 0.04
0 0.517 0.063 0.058 0.07
0 0.625 0.134 0.054 0.056
0 0.479 0.166 0.054 0.088
0 0.086 0.306 0.036 0.036
0 0.152 0.275 0.044 0.054
0 0.139 0.222 0.03 0.044
0 0.176 0.221 0.032 0.082
0 0.262 0.031 0.076 0.058
0 0.307 0.209 0.038 0.038
0 0.319 0.134 0.038 0.06
0 0.58 0.046 0.06 0.088
0 0.093 0.222 0.022 0.032
0 0.394 0.265 0.04 0.054
0 0.49 0.262 0.06 0.052
0 0.67 0.281 0.06 0.114
0 0.709 0.157 0.042 0.054
0 0.254 0.329 0.044 0.038
0 0.278 0.421 0.048 0.058
0 0.835 0.384 0.066 0.068
0 0.916 0.529 0.036 0.054
0 0.679 0.627 0.05 0.05
0 0.46 0.724 0.048 0.052
0 0.509 0.796 0.034 0.064
0 0.45 0.845 0.036 0.034
0 0.613 0.89 0.046 0.064
0 0.677 0.905 0.03 0.038
0 0.558 0.846 0.052 0.056
0 0.932 0.812 0.036 0.044
0 0.981 0.822 0.034 0.084
0 0.867 0.968 0.038 0.04
0 0.498 0.945 0.028 0.042
0 0.246 0.899 0.032 0.054
0 0.561 0.536 0.046 0.06
0 0.388 0.485 0.048 0.062
0 0.485 0.467 0.03 0.038
0 0.827 0.128 0.042 0.052
0 0.464 0.358 0.044 0.06
0 0.092 0.546 0.044 0.044
0 0.048 0.616 0.032 0.048
0 0.007 0.654 0.014 0.056
0 0.153 0.852 0.03 0.052
0 0.932 0.189 0.06 0.042
0 0.305 0.307 0.042 0.054
0 0.087 0.035 0.03 0.042
0 0.364 0.152 0.036 0.056
0 0.464 0.501 0.032 0.046
0 0.874 0.885 0.04 0.03
0 0.061 0.919 0.03 0.034
0 0.155 0.945 0.03 0.054
0 0.196 0.978 0.052 0.032
0 0.208 0.937 0.036 0.034
0 0.085 0.768 0.058 0.052
0 0.069 0.712 0.034 0.044
0 0.155 0.609 0.034 0.046
0 0.93 0.928 0.032 0.036
0 0.861 0.728 0.038 0.052
0 0.268 0.273 0.032 0.03
0 0.028 0.11 0.048 0.048
0 0.178 0.014 0.044 0.024
0 0.009 0.212 0.018 0.052
0 0.495 0.208 0.03 0.052
0 0.521 0.205 0.034 0.05
0 0.644 0.147 0.056 0.058
0 0.987 0.352 0.022 0.056
0 0.973 0.43 0.038 0.044
0 0.946 0.591 0.048 0.054
0 0.935 0.705 0.038 0.034
0 0.918 0.737 0.032 0.042
0 0.952 0.743 0.036 0.042
0 0.771 0.892 0.038 0.036
0 0.69 0.717 0.032 0.054
0 0.316 0.992 0.044 0.012
0 0.967 0.936 0.042 0.044
0 0.967 0.886 0.042 0.052
1 0.805 0.434 0.03 0.024
1 0.49 0.388 0.016 0.04
1 0.603 0.296 0.022 0.032
1 0.872 0.245 0.028 0.022
1 0.777 0.15 0.03 0.028
1 0.476 0.429 0.028 0.022
1 0.671 0.569 0.014 0.01
1 0.918 0.658 0.02 0.028
1 0.277 0.877 0.022 0.014
1 0.471 0.936 0.022 0.028
1 0.453 0.914 0.022 0.02
1 0.443 0.878 0.034 0.028
1 0.472 0.892 0.024 0.024
1 0.605 0.965 0.022 0.018
1 0.591 0.99 0.026 0.016
1 0.756 0.845 0.032 0.022
1 0.904 0.791 0.016 0.026
1 0.605 0.8 0.03 0.028
1 0.607 0.765 0.03 0.03
1 0.397 0.734 0.03 0.02
1 0.311 0.967 0.022 0.022
1 0.117 0.659 0.022 0.026
1 0.201 0.574 0.022 0.024
1 0.179 0.314 0.026 0.02
1 0.128 0.173 0.028 0.022
1 0.224 0.155 0.032 0.014
1 0.283 0.111 0.042 0.038
1 0.665 0.167 0.022 0.022
1 0.708 0.193 0.024 0.022
1 0.893 0.013 0.026 0.022
1 0.875 0.086 0.018 0.02
1 0.979 0.488 0.022 0.024
1 0.983 0.585 0.026 0.022
1 0.808 0.564 0.024 0.024
1 0.797 0.726 0.018 0.024
1 0.782 0.683 0.02 0.026
1 0.839 0.951 0.018 0.026
1 0.89 0.786 0.016 0.024
1 0.667 0.708 0.018 0.024
1 0.375 0.993 0.026 0.01
1 0.457 0.96 0.014 0.024
1 0.477 0.792 0.03 0.024
1 0.703 0.275 0.022 0.03
1 0.955 0.989 0.038 0.018
1 0.982 0.985 0.032 0.03
1 0.881 0.929 0.014 0.018
1 0.858 0.871 0.032 0.018
1 0.409 0.997 0.022 0.002
1 0.362 0.485 0.024 0.034
1 0.362 0.521 0.028 0.03
1 0.386 0.534 0.02 0.028
2 0.073 0.873 0.058 0.046
2 0.564 0.316 0.044 0.064
2 0.724 0.287 0.036 0.066
2 0.8 0.327 0.028 0.038
2 0.372 0.092 0.04 0.052
2 0.024 0.032 0.044 0.048
2 0.332 0.073 0.036 0.038
2 0.623 0.722 0.038 0.048
2 0.302 0.689 0.04 0.046
2 0.015 0.962 0.022 0.032
2 0.419 0.305 0.07 0.05
2 0.658 0.383 0.04 0.042
2 0.222 0.459 0.032 0.038
2 0.268 0.592 0.052 0.088
2 0.69 0.014 0.08 0.024
2 0.311 0.794 0.03 0.024
2 0.085 0.824 0.018 0.02
2 0.098 0.972 0.016 0.032
2 0.051 0.958 0.026 0.04
2 0.094 0.437 0.036 0.07
2 0.14 0.383 0.028 0.026
2 0.239 0.369 0.022 0.03
2 0.314 0.413 0.028 0.022
2 0.317 0.24 0.03 0.024
2 0.258 0.171 0.032 0.022
2 0.234 0.092 0.028 0.04
2 0.273 0.069 0.038 0.042
2 0.507 0.14 0.066 0.096
2 0.799 0.153 0.018 0.03
2 0.799 0.096 0.014 0.032
2 0.682 0.064 0.028 0.028
2 0.763 0.038 0.03 0.044
2 0.904 0.126 0.036 0.048
2 0.949 0.124 0.022 0.02
2 0.968 0.464 0.052 0.024
2 0.693 0.873 0.05 0.05
2 0.801 0.925 0.022 0.026
2 0.793 0.875 0.046 0.03
2 0.814 0.853 0.032 0.026
2 0.657 0.66 0.05 0.06
2 0.771 0.729 0.034 0.046
2 0.249 0.816 0.03 0.032
2 0.206 0.697 0.028 0.05
2 0.325 0.942 0.018 0.048
2 0.466 0.817 0.028 0.042
2 0.38 0.766 0.028 0.032
2 0.33 0.661 0.036 0.05
2 0.657 0.522 0.034 0.028
2 0.994 0.881 0.008 0.034
2 0.953 0.844 0.034 0.024
2 0.593 0.921 0.034 0.05
2 0.417 0.959 0.022 0.026
2 0.453 0.991 0.018 0.014