0 0.007 0.012 0.014 0.024
0 0.064 0.079 0.028 0.038
0 0.143 0.06 0.054 0.04
0 0.11 0.116 0.048 0.056
0 0.081 0.163 0.038 0.03
0 0.029 0.217 0.054 0.042
0 0.021 0.265 0.03 0.058
0 0.095 0.24 0.054 0.072
0 0.126 0.239 0.04 0.054
0 0.225 0.316 0.046 0.044
0 0.19 0.335 0.036 0.034
0 0.005 0.377 0.01 0.038
0 0.03 0.365 0.056 0.042
0 0.07 0.378 0.012 0.024
0 0.097 0.4 0.042 0.032
0 0.043 0.478 0.042 0.044
0 0.076 0.508 0.04 0.048
0 0.008 0.541 0.016 0.03
0 0.025 0.638 0.026 0.012
0 0.032 0.729 0.032 0.034
0 0.057 0.71 0.03 0.036
0 0.005 0.767 0.01 0.026
0 0.055 0.784 0.042 0.036
0 0.025 0.812 0.03 0.028
0 0.076 0.818 0.044 0.032
0 0.05 0.855 0.036 0.038
0 0.019 0.917 0.038 0.05
0 0.04 0.936 0.028 0.028
0 0.064 0.963 0.036 0.018
0 0.067 0.991 0.038 0.014
0 0.111 0.984 0.038 0.028
0 0.197 0.981 0.034 0.03
0 0.185 0.937 0.038 0.034
0 0.233 0.955 0.042 0.026
0 0.283 0.974 0.05 0.048
0 0.137 0.873 0.038 0.038
0 0.271 0.914 0.046 0.04
0 0.331 0.936 0.034 0.028
0 0.396 0.986 0.032 0.024
0 0.453 0.996 0.038 0.004
0 0.429 0.973 0.038 0.034
0 0.425 0.924 0.046 0.052
0 0.378 0.905 0.032 0.038
0 0.487 0.928 0.034 0.032
0 0.479 0.901 0.03 0.03
0 0.55 0.988 0.04 0.02
0 0.592 0.971 0.04 0.042
0 0.624 0.941 0.036 0.034
0 0.638 0.969 0.028 0.034
0 0.662 0.93 0.024 0.02
0 0.733 0.99 0.066 0.016
0 0.786 0.936 0.04 0.028
0 0.71 0.892 0.04 0.036
0 0.698 0.859 0.028 0.042
0 0.667 0.854 0.022 0.028
0 0.879 0.997 0.038 0.002
0 0.887 0.983 0.022 0.03
0 0.949 0.994 0.03 0.008
0 0.98 0.984 0.036 0.028
0 0.964 0.907 0.036 0.042
0 0.943 0.883 0.03 0.03
0 0.894 0.902 0.032 0.044
0 0.831 0.918 0.038 0.044
0 0.851 0.892 0.042 0.04
0 0.858 0.826 0.032 0.04
0 0.881 0.845 0.046 0.05
0 0.91 0.826 0.04 0.044
0 0.976 0.82 0.036 0.04
0 0.986 0.78 0.024 0.04
0 0.942 0.792 0.032 0.036
0 0.918 0.773 0.036 0.034
0 0.909 0.757 0.038 0.038
0 0.845 0.749 0.038 0.034
0 0.948 0.731 0.04 0.034
0 0.99 0.731 0.016 0.022
0 0.987 0.708 0.022 0.02
0 0.971 0.671 0.042 0.038
0 0.918 0.647 0.04 0.034
0 0.881 0.593 0.03 0.038
0 0.837 0.704 0.034 0.04
0 0.13 0.788 0.044 0.036
0 0.18 0.816 0.048 0.028
0 0.183 0.776 0.038 0.024
0 0.154 0.757 0.052 0.058
0 0.161 0.707 0.038 0.05
0 0.235 0.788 0.05 0.052
0 0.293 0.818 0.034 0.028
0 0.405 0.822 0.034 0.048
0 0.469 0.832 0.046 0.028
0 0.544 0.829 0.024 0.034
0 0.601 0.828 0.046 0.056
0 0.627 0.793 0.042 0.038
0 0.668 0.796 0.036 0.032
0 0.743 0.736 0.042 0.028
0 0.762 0.726 0.028 0.036
0 0.793 0.725 0.01 0.014
0 0.787 0.686 0.022 0.028
0 0.765 0.671 0.03 0.038
0 0.768 0.643 0.032 0.034
0 0.745 0.611 0.03 0.03
0 0.271 0.005 0.022 0.01
0 0.319 0.006 0.046 0.012
0 0.527 0.004 0.05 0.008
0 0.502 0.039 0.048 0.042
0 0.421 0.071 0.042 0.058
0 0.341 0.063 0.05 0.046
0 0.26 0.084 0.068 0.056
0 0.347 0.111 0.05 0.05
0 0.299 0.209 0.054 0.046
0 0.284 0.236 0.044 0.036
0 0.332 0.292 0.028 0.016
0 0.36 0.323 0.048 0.046
0 0.339 0.38 0.042 0.032
0 0.457 0.224 0.03 0.04
0 0.501 0.251 0.026 0.042
0 0.605 0.151 0.038 0.026
0 0.669 0.078 0.046 0.052
0 0.724 0.064 0.04 0.036
0 0.731 0.011 0.042 0.022
0 0.941 0.055 0.03 0.038
0 0.984 0.149 0.028 0.038
0 0.954 0.127 0.04 0.042
0 0.846 0.076 0.032 0.032
0 0.775 0.104 0.026 0.024
0 0.807 0.107 0.046 0.038
0 0.736 0.147 0.028 0.03
0 0.878 0.191 0.036 0.038
0 0.847 0.211 0.034 0.042
0 0.986 0.262 0.024 0.064
0 0.947 0.266 0.038 0.036
0 0.939 0.304 0.034 0.04
0 0.907 0.278 0.03 0.044
0 0.862 0.248 0.032 0.032
0 0.984 0.346 0.028 0.04
0 0.994 0.379 0.008 0.03
0 0.975 0.376 0.03 0.04
0 0.917 0.397 0.042 0.034
0 0.879 0.322 0.042 0.04
0 0.862 0.336 0.04 0.048
0 0.818 0.341 0.036 0.034
0 0.96 0.506 0.06 0.048
0 0.98 0.475 0.028 0.046
0 0.888 0.426 0.036 0.048
0 0.859 0.471 0.042 0.058
0 0.887 0.5 0.026 0.036
0 0.892 0.546 0.028 0.032
0 0.826 0.53 0.036 0.028
0 0.795 0.492 0.026 0.044
0 0.737 0.541 0.03 0.026
0 0.631 0.744 0.038 0.032
0 0.666 0.673 0.056 0.046
0 0.446 0.754 0.068 0.036
0 0.344 0.751 0.04 0.034
0 0.305 0.703 0.038 0.034
0 0.254 0.704 0.024 0.024
0 0.246 0.717 0.032 0.03
0 0.267 0.73 0.022 0.036
0 0.292 0.729 0.032 0.026
0 0.382 0.687 0.048 0.046
0 0.411 0.664 0.046 0.068
0 0.209 0.637 0.034 0.034
0 0.127 0.592 0.034 0.028
0 0.2 0.545 0.048 0.034
0 0.242 0.511 0.048 0.038
0 0.246 0.461 0.08 0.074
0 0.326 0.448 0.036 0.06
0 0.368 0.5 0.036 0.06
0 0.397 0.53 0.034 0.028
0 0.405 0.485 0.034 0.042
0 0.385 0.571 0.038 0.03
0 0.284 0.599 0.036 0.034
0 0.311 0.601 0.026 0.03
0 0.339 0.62 0.03 0.032
0 0.375 0.619 0.042 0.034
0 0.431 0.595 0.034 0.03
0 0.468 0.678 0.036 0.056
0 0.522 0.701 0.04 0.03
0 0.516 0.64 0.044 0.044
0 0.601 0.652 0.03 0.036
0 0.651 0.624 0.042 0.048
0 0.589 0.598 0.03 0.028
0 0.563 0.589 0.03 0.042
0 0.614 0.614 0.04 0.044
0 0.613 0.576 0.034 0.032
0 0.704 0.575 0.032 0.034
0 0.663 0.546 0.022 0.02
0 0.657 0.566 0.034 0.032
0 0.627 0.536 0.034 0.024
0 0.615 0.506 0.038 0.04
0 0.524 0.514 0.036 0.056
0 0.501 0.553 0.03 0.03
0 0.443 0.547 0.03 0.026
0 0.506 0.44 0.04 0.052
0 0.445 0.441 0.05 0.05
0 0.389 0.403 0.03 0.03
0 0.816 0.399 0.024 0.034
0 0.787 0.408 0.038 0.04
0 0.738 0.443 0.04 0.05
0 0.685 0.442 0.042 0.064
0 0.637 0.423 0.042 0.054
0 0.672 0.376 0.064 0.028
0 0.582 0.366 0.048 0.036
0 0.605 0.329 0.054 0.05
0 0.51 0.328 0.04 0.044
0 0.484 0.309 0.036 0.034
0 0.482 0.371 0.036 0.03
0 0.56 0.248 0.024 0.052
0 0.586 0.257 0.036 0.058
0 0.627 0.225 0.026 0.03
0 0.653 0.254 0.05 0.044
0 0.67 0.285 0.036 0.038
0 0.75 0.348 0.032 0.028
0 0.713 0.348 0.038 0.024
0 0.8 0.252 0.032 0.028
0 0.758 0.221 0.028 0.038
0 0.772 0.216 0.032 0.032
0 0.776 0.193 0.04 0.034
1 0.033 0.006 0.022 0.012
1 0.035 0.055 0.018 0.018
1 0.099 0.021 0.01 0.014
1 0.092 0.059 0.024 0.022
1 0.177 0.08 0.014 0.02
1 0.047 0.254 0.018 0.032
1 0.114 0.302 0.032 0.028
1 0.17 0.309 0.016 0.022
1 0.184 0.365 0.02 0.03
1 0.078 0.444 0.02 0.024
1 0.066 0.419 0.016 0.014
1 0.032 0.627 0.024 0.014
1 0.054 0.92 0.028 0.02
1 0.278 0.886 0.02 0.016
1 0.355 0.942 0.022 0.024
1 0.403 0.963 0.014 0.022
1 0.423 0.943 0.022 0.026
1 0.533 0.934 0.022 0.02
1 0.671 0.947 0.022 0.026
1 0.642 0.895 0.02 0.022
1 0.567 0.884 0.01 0.016
1 0.577 0.894 0.018 0.008
1 0.587 0.901 0.006 0.018
1 0.997 0.994 0.002 0.008
1 0.954 0.973 0.012 0.018
1 0.991 0.914 0.014 0.02
1 0.994 0.847 0.008 0.026
1 0.857 0.778 0.018 0.028
1 0.814 0.823 0.024 0.018
1 0.776 0.86 0.024 0.028
1 0.821 0.754 0.018 0.016
1 0.97 0.584 0.02 0.024
1 0.914 0.599 0.02 0.026
1 0.188 0.699 0.012 0.03
1 0.248 0.829 0.024 0.018
1 0.426 0.832 0.024 0.024
1 0.785 0.71 0.022 0.02
1 0.804 0.716 0.012 0.012
1 0.451 0.012 0.018 0.024
1 0.389 0.083 0.022 0.018
1 0.289 0.063 0.022 0.022
1 0.25 0.125 0.036 0.038
1 0.181 0.172 0.018 0.02
1 0.388 0.133 0.016 0.026
1 0.362 0.201 0.02 0.026
1 0.314 0.175 0.028 0.022
1 0.358 0.273 0.028 0.026
1 0.296 0.391 0.008 0.022
1 0.395 0.352 0.022 0.024
1 0.428 0.315 0.016 0.026
1 0.495 0.155 0.018 0.014
1 0.649 0.144 0.03 0.024
1 0.729 0.031 0.026 0.022
1 0.797 0.017 0.01 0.018
1 0.897 0.032 0.018 0.02
1 0.894 0.04 0.012 0.02
1 0.757 0.089 0.018 0.022
1 0.826 0.152 0.024 0.024
1 0.893 0.127 0.01 0.018
1 0.993 0.216 0.01 0.016
1 0.949 0.334 0.014 0.016
1 0.95 0.413 0.016 0.038
1 0.793 0.361 0.026 0.018
1 0.944 0.546 0.016 0.024
1 0.869 0.449 0.022 0.022
1 0.859 0.534 0.014 0.028
1 0.783 0.504 0.018 0.032
1 0.569 0.72 0.022 0.028
1 0.59 0.705 0.02 0.018
1 0.33 0.653 0.024 0.03
1 0.274 0.65 0.02 0.016
1 0.105 0.606 0.022 0.016
1 0.176 0.506 0.016 0.024
1 0.266 0.431 0.012 0.01
1 0.447 0.61 0.03 0.024
1 0.493 0.632 0.01 0.016
1 0.536 0.597 0.02 0.014
1 0.538 0.618 0.008 0.024
1 0.548 0.615 0.016 0.014
1 0.652 0.517 0.024 0.014
1 0.709 0.543 0.018 0.018
1 0.549 0.478 0.018 0.04
1 0.415 0.412 0.022 0.028
1 0.521 0.379 0.038 0.022
1 0.695 0.215 0.022 0.034
1 0.557 0.08 0.01 0.012
1 0.46 0.08 0.036 0.016
2 0.186 0.311 0.016 0.022
2 0.037 0.404 0.014 0.024
2 0.016 0.976 0.024 0.016
2 0.506 0.86 0.036 0.036
2 0.86 0.019 0.012 0.014
2 0.886 0.002 0.036 0.004
2 0.789 0.128 0.022 0.028
2 0.852 0.194 0.04 0.04
2 0.799 0.561 0.03 0.034
2 0.675 0.754 0.038 0.024
2 0.179 0.626 0.03 0.028
2 0.327 0.592 0.014 0.016
2 0.383 0.636 0.034 0.024
2 0.562 0.635 0.028 0.03
2 0.541 0.058 0.026 0.052
2 0.117 0.7 0.022 0.024
2 0.517 0.761 0.03 0.022
2 0.792 0.61 0.028 0.02
2 0.063 0.313 0.022 0.022
2 0.151 0.335 0.022 0.026
2 0.136 0.356 0.028 0.016
2 0.092 0.459 0.02 0.018
2 0.02 0.459 0.016 0.018
2 0.577 0.18 0.022 0.024
2 0.653 0.186 0.03 0.032
2 0.84 0.274 0.024 0.028