0 0.055 0.058 0.042 0.048
0 0.126 0.065 0.048 0.062
0 0.095 0.098 0.05 0.072
0 0.09 0.151 0.048 0.054
0 0.054 0.161 0.044 0.062
0 0.212 0.082 0.044 0.044
0 0.231 0.131 0.046 0.046
0 0.168 0.148 0.052 0.052
0 0.063 0.231 0.042 0.054
0 0.114 0.27 0.048 0.068
0 0.107 0.336 0.05 0.056
0 0.162 0.262 0.036 0.04
0 0.149 0.254 0.034 0.068
0 0.225 0.281 0.05 0.066
0 0.233 0.379 0.05 0.046
0 0.263 0.358 0.046 0.052
0 0.259 0.403 0.042 0.046
0 0.289 0.405 0.038 0.046
0 0.045 0.457 0.042 0.05
0 0.05 0.485 0.052 0.038
0 0.068 0.496 0.028 0.028
0 0.154 0.454 0.056 0.044
0 0.118 0.432 0.04 0.044
0 0.109 0.501 0.05 0.054
0 0.075 0.596 0.042 0.048
0 0.031 0.613 0.042 0.034
0 0.121 0.642 0.042 0.048
0 0.15 0.597 0.036 0.034
0 0.166 0.626 0.04 0.036
0 0.045 0.718 0.038 0.032
0 0.037 0.825 0.038 0.058
0 0.078 0.822 0.056 0.06
0 0.197 0.684 0.046 0.048
0 0.215 0.635 0.034 0.038
0 0.208 0.825 0.044 0.05
0 0.124 0.889 0.052 0.046
0 0.23 0.865 0.06 0.05
0 0.183 0.955 0.054 0.058
0 0.252 0.96 0.04 0.048
0 0.327 0.964 0.05 0.056
0 0.376 0.934 0.044 0.068
0 0.335 0.44 0.038 0.04
0 0.281 0.636 0.038 0.052
0 0.248 0.625 0.044 0.046
0 0.269 0.693 0.046 0.05
0 0.284 0.675 0.028 0.022
0 0.261 0.667 0.03 0.026
0 0.04 0.393 0.048 0.054
0 0.327 0.866 0.046 0.068
0 0.379 0.851 0.034 0.038
0 0.385 0.872 0.034 0.024
0 0.339 0.784 0.05 0.044
0 0.317 0.784 0.038 0.04
0 0.363 0.744 0.046 0.052
0 0.346 0.64 0.04 0.04
0 0.345 0.615 0.042 0.026
0 0.372 0.601 0.044 0.046
0 0.272 0.237 0.04 0.058
0 0.33 0.269 0.036 0.046
0 0.345 0.206 0.042 0.072
0 0.386 0.217 0.052 0.066
0 0.276 0.073 0.044 0.062
0 0.272 0.111 0.044 0.038
0 0.357 0.075 0.046 0.046
0 0.386 0.122 0.044 0.052
0 0.37 0.099 0.04 0.03
0 0.437 0.297 0.042 0.042
0 0.445 0.245 0.046 0.062
0 0.454 0.22 0.032 0.036
0 0.427 0.534 0.05 0.048
0 0.453 0.621 0.042 0.05
0 0.456 0.652 0.04 0.032
0 0.413 0.714 0.05 0.044
0 0.441 0.753 0.042 0.05
0 0.484 0.901 0.052 0.058
0 0.505 0.954 0.054 0.052
0 0.516 0.864 0.044 0.052
0 0.567 0.845 0.046 0.046
0 0.536 0.849 0.048 0.054
0 0.454 0.743 0.024 0.022
0 0.476 0.704 0.048 0.048
0 0.59 0.91 0.04 0.044
0 0.587 0.936 0.034 0.028
0 0.505 0.745 0.042 0.038
0 0.514 0.728 0.048 0.036
0 0.51 0.669 0.04 0.05
0 0.498 0.679 0.028 0.026
0 0.679 0.925 0.054 0.062
0 0.64 0.957 0.024 0.034
0 0.638 0.865 0.032 0.042
0 0.674 0.859 0.04 0.054
0 0.714 0.859 0.04 0.042
0 0.708 0.824 0.032 0.036
0 0.71 0.8 0.04 0.048
0 0.676 0.768 0.048 0.06
0 0.607 0.792 0.046 0.052
0 0.604 0.755 0.052 0.046
0 0.568 0.675 0.04 0.05
0 0.614 0.694 0.036 0.036
0 0.618 0.661 0.036 0.042
0 0.538 0.586 0.04 0.044
0 0.488 0.478 0.052 0.048
0 0.454 0.468 0.036 0.056
0 0.503 0.364 0.038 0.056
0 0.567 0.414 0.046 0.052
0 0.571 0.456 0.042 0.04
0 0.548 0.512 0.048 0.052
0 0.596 0.507 0.044 0.058
0 0.596 0.549 0.04 0.042
0 0.603 0.535 0.034 0.03
0 0.668 0.552 0.052 0.044
0 0.672 0.5 0.044 0.052
0 0.637 0.496 0.034 0.052
0 0.529 0.233 0.054 0.054
0 0.563 0.245 0.03 0.062
0 0.523 0.287 0.042 0.038
0 0.405 0.051 0.046 0.062
0 0.45 0.117 0.052 0.066
0 0.483 0.128 0.046 0.048
0 0.485 0.085 0.05 0.062
0 0.524 0.45 0.04 0.032
0 0.591 0.304 0.054 0.068
0 0.615 0.26 0.038 0.068
0 0.591 0.199 0.058 0.054
0 0.618 0.204 0.032 0.044
0 0.646 0.176 0.044 0.056
0 0.496 0.027 0.056 0.05
0 0.555 0.028 0.054 0.056
0 0.599 0.069 0.062 0.066
0 0.685 0.046 0.042 0.056
0 0.693 0.023 0.05 0.046
0 0.647 0.017 0.046 0.034
0 0.693 0.072 0.058 0.028
0 0.693 0.166 0.042 0.068
0 0.72 0.138 0.044 0.056
0 0.69 0.193 0.044 0.054
0 0.648 0.295 0.052 0.062
0 0.625 0.35 0.062 0.064
0 0.668 0.378 0.04 0.056
0 0.719 0.302 0.05 0.068
0 0.754 0.349 0.04 0.054
0 0.761 0.187 0.042 0.058
0 0.765 0.152 0.042 0.056
0 0.807 0.061 0.058 0.058
0 0.77 0.022 0.048 0.044
0 0.898 0.01 0.04 0.02
0 0.922 0.002 0.028 0.004
0 0.976 0.007 0.028 0.014
0 0.875 0.111 0.054 0.054
0 0.963 0.048 0.062 0.052
0 0.954 0.077 0.048 0.038
0 0.894 0.246 0.04 0.06
0 0.92 0.213 0.04 0.058
0 0.925 0.197 0.058 0.058
0 0.816 0.268 0.048 0.06
0 0.826 0.315 0.048 0.066
0 0.837 0.371 0.046 0.054
0 0.785 0.407 0.034 0.034
0 0.797 0.43 0.046 0.044
0 0.768 0.479 0.04 0.042
0 0.856 0.428 0.06 0.064
0 0.893 0.442 0.042 0.044
0 0.756 0.671 0.044 0.05
0 0.783 0.681 0.026 0.042
0 0.762 0.603 0.048 0.046
0 0.783 0.644 0.042 0.044
0 0.824 0.658 0.04 0.048
0 0.839 0.628 0.038 0.048
0 0.766 0.712 0.04 0.032
0 0.794 0.891 0.044 0.038
0 0.706 0.96 0.036 0.044
0 0.686 0.977 0.052 0.042
0 0.717 0.985 0.034 0.026
0 0.947 0.832 0.038 0.052
0 0.961 0.809 0.042 0.05
0 0.881 0.826 0.034 0.052
0 0.817 0.823 0.038 0.046
0 0.976 0.721 0.044 0.046
0 0.969 0.747 0.038 0.038
0 0.918 0.681 0.044 0.042
0 0.925 0.726 0.038 0.032
0 0.934 0.773 0.048 0.038
0 0.886 0.795 0.024 0.026
0 0.907 0.527 0.042 0.038
0 0.931 0.524 0.042 0.048
0 0.826 0.553 0.04 0.042
0 0.933 0.324 0.042 0.064
0 0.949 0.402 0.05 0.064
0 0.348 0.902 0.048 0.04
0 0.986 0.384 0.024 0.064
0 0.994 0.174 0.008 0.032
0 0.015 0.438 0.03 0.06
0 0.173 0.991 0.05 0.014
0 0.007 0.74 0.014 0.032
0 0.086 0.967 0.052 0.062
0 0.153 0.936 0.038 0.028
0 0.936 0.981 0.04 0.034
0 0.957 0.964 0.042 0.052
0 0.497 0.01 0.062 0.02
0 0.377 0.02 0.038 0.04
0 0.175 0.01 0.05 0.02
0 0.087 0.015 0.046 0.03
0 0.017 0.158 0.034 0.06
1 0.253 0.755 0.034 0.022
1 0.665 0.678 0.03 0.016
1 0.44 0.064 0.028 0.032
1 0.764 0.083 0.044 0.03
1 0.839 0.68 0.03 0.028
1 0.746 0.718 0.024 0.04
1 0.628 0.828 0.024 0.036
1 0.986 0.127 0.024 0.022
1 0.182 0.176 0.024 0.028
1 0.067 0.531 0.026 0.03
1 0.038 0.63 0.04 0.024
1 0.11 0.804 0.024 0.024
1 0.236 0.895 0.044 0.022
1 0.157 0.746 0.018 0.024
1 0.141 0.735 0.026 0.026
1 0.247 0.769 0.022 0.018
1 0.363 0.388 0.022 0.036
1 0.334 0.351 0.028 0.026
1 0.38 0.349 0.024 0.022
1 0.357 0.346 0.022 0.02
1 0.369 0.365 0.022 0.014
1 0.35 0.044 0.028 0.024
1 0.44 0.832 0.036 0.028
1 0.473 0.814 0.03 0.02
1 0.651 0.926 0.022 0.032
1 0.672 0.664 0.024 0.02
1 0.534 0.268 0.028 0.02
1 0.502 0.265 0.02 0.026
1 0.246 0.496 0.028 0.032
1 0.14 0.188 0.024 0.028
1 0.59 0.957 0.032 0.026
1 0.848 0.024 0.028 0.036
1 0.883 0.146 0.03 0.016
1 0.721 0.251 0.026 0.026
1 0.786 0.863 0.024 0.022
1 0.941 0.749 0.018 0.022
1 0.793 0.536 0.026 0.036
1 0.896 0.564 0.028 0.028
1 0.96 0.598 0.024 0.02
1 0.619 0.134 0.022 0.024
1 0.012 0.803 0.024 0.034
1 0.249 0.01 0.042 0.02
2 0.11 0.29 0.056 0.052
2 0.218 0.238 0.048 0.032
2 0.215 0.342 0.042 0.028
2 0.15 0.423 0.024 0.022
2 0.131 0.52 0.038 0.048
2 0.07 0.557 0.056 0.042
2 0.127 0.559 0.042 0.03
2 0.219 0.679 0.022 0.034
2 0.139 0.805 0.034 0.026
2 0.173 0.804 0.03 0.028
2 0.232 0.475 0.036 0.038
2 0.259 0.514 0.042 0.028
2 0.245 0.464 0.026 0.028
2 0.228 0.439 0.036 0.038
2 0.179 0.527 0.034 0.038
2 0.262 0.722 0.032 0.036
2 0.141 0.754 0.026 0.016
2 0.157 0.763 0.026 0.014
2 0.3 0.501 0.044 0.022
2 0.156 0.413 0.048 0.038
2 0.278 0.179 0.052 0.074
2 0.303 0.062 0.022 0.028
2 0.319 0.07 0.018 0.02
2 0.431 0.322 0.03 0.036
2 0.383 0.457 0.03 0.034
2 0.381 0.664 0.038 0.04
2 0.445 0.863 0.058 0.03
2 0.52 0.817 0.02 0.022
2 0.568 0.873 0.016 0.014
2 0.55 0.936 0.028 0.048
2 0.596 0.705 0.016 0.018
2 0.42 0.557 0.028 0.022
2 0.672 0.525 0.044 0.018
2 0.615 0.381 0.038 0.034
2 0.785 0.773 0.03 0.034
2 0.781 0.795 0.038 0.026
2 0.78 0.958 0.028 0.052
2 0.915 0.747 0.038 0.022
2 0.749 0.452 0.03 0.024
2 0.745 0.42 0.026 0.032
2 0.869 0.553 0.026 0.026
2 0.861 0.717 0.03 0.038
2 0.903 0.626 0.042 0.028
2 0.917 0.66 0.026 0.016
2 0.955 0.648 0.026 0.028
2 0.986 0.791 0.024 0.042
2 0.995 0.746 0.006 0.02
2 0.638 0.777 0.028 0.034
2 0.312 0.91 0.028 0.028
2 0.535 0.167 0.03 0.026
2 0.582 0.154 0.032 0.024
2 0.56 0.133 0.044 0.03
2 0.869 0.332 0.026 0.048
2 0.415 0.236 0.014 0.012
2 0.145 0.208 0.046 0.024
2 0.029 0.259 0.042 0.062
2 0.02 0.349 0.04 0.054
2 0.005 0.541 0.01 0.026
2 0.141 0.97 0.046 0.048
2 0.125 0.84 0.03 0.06
2 0.156 0.883 0.04 0.026
2 0.281 0.797 0.046 0.046
2 0.383 0.814 0.034 0.028
2 0.406 0.677 0.052 0.034
2 0.15 0.917 0.032 0.022
2 0.972 0.99 0.032 0.016
2 0.031 0.017 0.05 0.034
2 0.013 0.09 0.026 0.028
2 0.715 0.472 0.05 0.044