0 0.012 0.973 0.024 0.05
0 0.023 0.942 0.046 0.06
0 0.064 0.985 0.04 0.026
0 0.109 0.991 0.046 0.014
0 0.145 0.95 0.046 0.052
0 0.127 0.916 0.038 0.032
0 0.18 0.926 0.04 0.048
0 0.253 0.977 0.046 0.042
0 0.285 0.962 0.042 0.04
0 0.224 0.877 0.04 0.046
0 0.25 0.887 0.04 0.042
0 0.332 0.903 0.032 0.022
0 0.394 0.986 0.048 0.024
0 0.416 0.967 0.048 0.054
0 0.49 0.993 0.036 0.01
0 0.495 0.947 0.054 0.042
0 0.526 0.983 0.044 0.03
0 0.603 0.989 0.042 0.018
0 0.413 0.895 0.042 0.038
0 0.535 0.899 0.05 0.038
0 0.567 0.862 0.058 0.036
0 0.633 0.859 0.05 0.042
0 0.655 0.887 0.042 0.034
0 0.67 0.91 0.056 0.04
0 0.681 0.961 0.046 0.042
0 0.705 0.971 0.034 0.042
0 0.81 0.986 0.064 0.024
0 0.906 0.981 0.056 0.034
0 0.887 0.923 0.07 0.042
0 0.972 0.976 0.052 0.04
0 0.778 0.892 0.056 0.056
0 0.803 0.887 0.05 0.034
0 0.8 0.854 0.044 0.044
0 0.841 0.845 0.042 0.038
0 0.874 0.834 0.052 0.044
0 0.013 0.718 0.026 0.04
0 0.015 0.764 0.03 0.056
0 0.026 0.762 0.044 0.048
0 0.085 0.771 0.046 0.054
0 0.156 0.853 0.04 0.054
0 0.19 0.816 0.048 0.048
0 0.216 0.799 0.028 0.022
0 0.196 0.762 0.036 0.044
0 0.103 0.689 0.046 0.042
0 0.148 0.703 0.04 0.054
0 0.303 0.821 0.058 0.066
0 0.251 0.778 0.038 0.04
0 0.388 0.846 0.04 0.044
0 0.354 0.766 0.052 0.056
0 0.405 0.792 0.05 0.044
0 0.497 0.837 0.042 0.038
0 0.473 0.762 0.058 0.044
0 0.374 0.737 0.048 0.042
0 0.477 0.722 0.042 0.036
0 0.506 0.675 0.04 0.046
0 0.556 0.772 0.052 0.04
0 0.652 0.785 0.036 0.046
0 0.692 0.795 0.044 0.026
0 0.7 0.774 0.044 0.032
0 0.736 0.774 0.052 0.044
0 0.778 0.788 0.048 0.032
0 0.87 0.778 0.064 0.036
0 0.947 0.83 0.05 0.04
0 0.974 0.764 0.048 0.04
0 0.948 0.795 0.032 0.034
0 0.123 0.602 0.03 0.02
0 0.112 0.568 0.044 0.044
0 0.157 0.576 0.046 0.044
0 0.16 0.614 0.044 0.028
0 0.194 0.664 0.04 0.032
0 0.235 0.681 0.07 0.046
0 0.255 0.721 0.046 0.042
0 0.342 0.664 0.044 0.036
0 0.347 0.696 0.03 0.024
0 0.446 0.641 0.06 0.05
0 0.383 0.615 0.05 0.042
0 0.87 0.723 0.072 0.046
0 0.963 0.685 0.046 0.05
0 0.946 0.731 0.06 0.046
0 0.876 0.634 0.048 0.032
0 0.816 0.662 0.044 0.036
0 0.819 0.696 0.05 0.032
0 0.771 0.678 0.05 0.036
0 0.749 0.637 0.046 0.038
0 0.69 0.616 0.052 0.044
0 0.613 0.686 0.046 0.048
0 0.016 0.456 0.032 0.044
0 0.048 0.493 0.044 0.038
0 0.077 0.482 0.046 0.036
0 0.145 0.47 0.07 0.056
0 0.197 0.45 0.046 0.068
0 0.279 0.557 0.07 0.05
0 0.293 0.509 0.058 0.058
0 0.382 0.535 0.056 0.058
0 0.404 0.555 0.04 0.042
0 0.432 0.55 0.04 0.044
0 0.515 0.53 0.05 0.036
0 0.581 0.627 0.066 0.05
0 0.57 0.644 0.052 0.036
0 0.607 0.609 0.038 0.026
0 0.601 0.569 0.018 0.034
0 0.606 0.545 0.056 0.042
0 0.672 0.549 0.048 0.038
0 0.775 0.572 0.038 0.036
0 0.745 0.56 0.038 0.028
0 0.783 0.523 0.038 0.034
0 0.834 0.541 0.048 0.038
0 0.868 0.502 0.056 0.036
0 0.951 0.514 0.07 0.04
0 0.986 0.575 0.024 0.018
0 0.978 0.553 0.04 0.034
0 0.958 0.554 0.028 0.032
0 0.994 0.477 0.008 0.038
0 0.121 0.379 0.034 0.058
0 0.095 0.356 0.046 0.032
0 0.096 0.327 0.032 0.038
0 0.192 0.351 0.056 0.046
0 0.143 0.313 0.046 0.058
0 0.287 0.42 0.066 0.056
0 0.423 0.47 0.042 0.036
0 0.385 0.461 0.034 0.042
0 0.441 0.429 0.046 0.034
0 0.482 0.445 0.04 0.046
0 0.493 0.479 0.038 0.03
0 0.582 0.467 0.032 0.022
0 0.603 0.499 0.054 0.042
0 0.65 0.475 0.056 0.042
0 0.784 0.456 0.044 0.04
0 0.703 0.402 0.046 0.036
0 0.794 0.43 0.032 0.032
0 0.842 0.434 0.048 0.044
0 0.808 0.418 0.036 0.032
0 0.284 0.324 0.064 0.048
0 0.398 0.366 0.052 0.048
0 0.458 0.364 0.056 0.04
0 0.422 0.333 0.052 0.054
0 0.468 0.314 0.08 0.06
0 0.504 0.351 0.044 0.046
0 0.538 0.405 0.056 0.046
0 0.612 0.369 0.052 0.042
0 0.616 0.306 0.048 0.032
0 0.673 0.303 0.042 0.034
0 0.81 0.359 0.04 0.034
0 0.783 0.354 0.05 0.032
0 0.829 0.382 0.05 0.032
0 0.929 0.37 0.05 0.036
0 0.966 0.342 0.052 0.036
0 0.604 0.34 0.032 0.024
0 0.019 0.173 0.038 0.058
0 0.012 0.132 0.024 0.032
0 0.102 0.209 0.052 0.07
0 0.274 0.268 0.064 0.06
0 0.13 0.201 0.032 0.046
0 0.345 0.257 0.074 0.066
0 0.373 0.261 0.038 0.03
0 0.366 0.222 0.048 0.036
0 0.407 0.244 0.034 0.036
0 0.473 0.274 0.05 0.048
0 0.549 0.267 0.054 0.066
0 0.598 0.236 0.048 0.052
0 0.647 0.254 0.05 0.04
0 0.796 0.318 0.056 0.032
0 0.792 0.234 0.064 0.048
0 0.835 0.29 0.054 0.044
0 0.905 0.291 0.078 0.038
0 0.877 0.201 0.066 0.05
0 0.914 0.255 0.072 0.042
0 0.879 0.243 0.038 0.03
0 0.966 0.248 0.056 0.036
0 0.926 0.233 0.048 0.038
0 0.991 0.223 0.014 0.042
0 0.026 0.054 0.048 0.056
0 0.019 0.012 0.038 0.02
0 0.05 0.131 0.032 0.03
0 0.09 0.139 0.06 0.038
0 0.051 0.103 0.022 0.026
0 0.139 0.115 0.058 0.062
0 0.218 0.161 0.052 0.046
0 0.19 0.027 0.068 0.05
0 0.18 0.09 0.024 0.036
0 0.253 0.092 0.066 0.056
0 0.22 0.093 0.04 0.042
0 0.356 0.074 0.044 0.04
0 0.399 0.092 0.042 0.044
0 0.425 0.175 0.05 0.042
0 0.506 0.215 0.052 0.042
0 0.513 0.162 0.062 0.056
0 0.545 0.015 0.07 0.026
0 0.535 0.075 0.046 0.066
0 0.604 0.2 0.056 0.04
0 0.641 0.178 0.054 0.052
0 0.593 0.159 0.05 0.034
0 0.587 0.1 0.038 0.04
0 0.654 0.167 0.032 0.03
0 0.636 0.014 0.06 0.024
0 0.69 0.045 0.052 0.046
0 0.684 0.087 0.04 0.034
0 0.724 0.107 0.056 0.038
0 0.761 0.02 0.042 0.036
0 0.745 0.027 0.05 0.042
0 0.802 0.107 0.052 0.042
0 0.822 0.023 0.056 0.042
0 0.929 0.018 0.046 0.032
0 0.974 0.021 0.048 0.038
0 0.861 0.078 0.05 0.036
0 0.871 0.124 0.042 0.036
0 0.927 0.093 0.07 0.046
0 0.969 0.16 0.05 0.032
0 0.768 0.083 0.032 0.026
0 0.994 0.169 0.008 0.022
0 0.92 0.146 0.056 0.044
0 0.961 0.127 0.05 0.03
0 0.981 0.088 0.034 0.028
1 0.073 0.934 0.026 0.028
1 0.379 0.966 0.03 0.028
1 0.562 0.981 0.028 0.034
1 0.586 0.94 0.04 0.024
1 0.627 0.818 0.042 0.024
1 0.744 0.889 0.02 0.034
1 0.066 0.718 0.012 0.024
1 0.22 0.767 0.02 0.018
1 0.215 0.784 0.018 0.008
1 0.437 0.783 0.022 0.038
1 0.475 0.69 0.038 0.032
1 0.781 0.81 0.054 0.024
1 0.985 0.801 0.022 0.034
1 0.003 0.602 0.006 0.02
1 0.006 0.625 0.012 0.03
1 0.014 0.533 0.024 0.034
1 0.191 0.596 0.026 0.036
1 0.287 0.713 0.03 0.034
1 0.714 0.702 0.028 0.024
1 0.347 0.577 0.022 0.018
1 0.424 0.586 0.028 0.02
1 0.719 0.597 0.026 0.022
1 0.993 0.541 0.01 0.038
1 0.084 0.425 0.02 0.034
1 0.25 0.456 0.036 0.02
1 0.224 0.458 0.02 0.028
1 0.323 0.466 0.03 0.02
1 0.424 0.497 0.036 0.022
1 0.352 0.417 0.008 0.03
1 0.339 0.414 0.018 0.02
1 0.354 0.442 0.016 0.024
1 0.361 0.466 0.014 0.04
1 0.516 0.447 0.02 0.026
1 0.488 0.496 0.012 0.02
1 0.504 0.494 0.016 0.02
1 0.902 0.436 0.036 0.02
1 0.914 0.429 0.02 0.022
1 0.75 0.327 0.024 0.014
1 0.752 0.315 0.024 0.014
1 0.951 0.36 0.022 0.028
1 0.892 0.381 0.036 0.022
1 0.013 0.205 0.026 0.034
1 0.19 0.269 0.056 0.026
1 0.342 0.326 0.048 0.028
1 0.772 0.269 0.036 0.026
1 0.292 0.074 0.02 0.052
1 0.279 0.097 0.018 0.034
1 0.332 0.172 0.024 0.032
1 0.362 0.123 0.024 0.022
1 0.4 0.124 0.012 0.008
1 0.456 0.166 0.02 0.036
1 0.442 0.174 0.024 0.028
1 0.502 0.186 0.044 0.02
1 0.439 0.045 0.026 0.022
1 0.622 0.114 0.016 0.036
1 0.615 0.144 0.018 0.024
1 0.61 0.114 0.012 0.016
1 0.759 0.138 0.022 0.032
1 0.875 0.151 0.03 0.022
2 0.183 0.968 0.026 0.024
2 0.169 0.978 0.018 0.012
2 0.187 0.886 0.03 0.04
2 0.288 0.924 0.016 0.012
2 0.864 0.993 0.044 0.01
2 0.846 0.98 0.028 0.028
2 0.819 0.969 0.026 0.022
2 0.861 0.956 0.014 0.008
2 0.933 0.944 0.01 0.008
2 0.985 0.935 0.022 0.034
2 0.823 0.818 0.05 0.032
2 0.075 0.843 0.026 0.042
2 0.012 0.821 0.024 0.03
2 0.065 0.699 0.042 0.014
2 0.064 0.735 0.024 0.022
2 0.089 0.726 0.022 0.04
2 0.222 0.847 0.016 0.014
2 0.234 0.744 0.024 0.028
2 0.409 0.84 0.018 0.02
2 0.349 0.725 0.03 0.034
2 0.511 0.742 0.034 0.024
2 0.581 0.825 0.03 0.046
2 0.569 0.798 0.038 0.02
2 0.59 0.726 0.044 0.032
2 0.794 0.735 0.032 0.022
2 0.779 0.76 0.03 0.032
2 0.801 0.772 0.022 0.016
2 0.975 0.809 0.022 0.03
2 0.027 0.568 0.014 0.02
2 0.127 0.663 0.022 0.018
2 0.126 0.645 0.024 0.026
2 0.285 0.747 0.038 0.042
2 0.312 0.788 0.008 0.004
2 0.375 0.795 0.014 0.014
2 0.372 0.685 0.036 0.022
2 0.249 0.628 0.034 0.024
2 0.857 0.624 0.038 0.032
2 0.736 0.659 0.028 0.022
2 0.691 0.64 0.042 0.024
2 0.583 0.673 0.026 0.018
2 0.632 0.669 0.024 0.022
2 0.099 0.519 0.022 0.014
2 0.065 0.536 0.026 0.032
2 0.179 0.473 0.018 0.01
2 0.337 0.545 0.018 0.018
2 0.374 0.58 0.032 0.024
2 0.444 0.579 0.04 0.018
2 0.478 0.597 0.012 0.018
2 0.536 0.582 0.036 0.028
2 0.588 0.582 0.016 0.02
2 0.651 0.571 0.026 0.03
2 0.885 0.578 0.022 0.024
2 0.757 0.528 0.026 0.024
2 0.05 0.427 0.028 0.03
2 0.067 0.392 0.038 0.04
2 0.057 0.304 0.038 0.048
2 0.024 0.313 0.024 0.038
2 0.086 0.282 0.036 0.04
2 0.091 0.264 0.018 0.024
2 0.161 0.297 0.014 0.01
2 0.206 0.321 0.016 0.014
2 0.35 0.466 0.012 0.016
2 0.573 0.442 0.034 0.044
2 0.716 0.472 0.02 0.02
2 0.88 0.448 0.028 0.012
2 0.577 0.413 0.022 0.03
2 0.686 0.353 0.036 0.03
2 0.642 0.293 0.036 0.022
2 0.684 0.332 0.032 0.024
2 0.373 0.333 0.026 0.022
2 0.044 0.208 0.012 0.02
2 0.032 0.16 0.02 0.02
2 0.15 0.269 0.028 0.034
2 0.193 0.219 0.046 0.034
2 0.163 0.209 0.022 0.018
2 0.167 0.261 0.026 0.022
2 0.323 0.308 0.022 0.028
2 0.446 0.262 0.02 0.016
2 0.438 0.273 0.016 0.018
2 0.418 0.301 0.016 0.01
2 0.398 0.296 0.016 0.012
2 0.4 0.308 0.012 0.012
2 0.425 0.287 0.03 0.014
2 0.792 0.288 0.032 0.028
2 0.932 0.314 0.04 0.02
2 0.988 0.287 0.02 0.026
2 0.975 0.271 0.042 0.026
2 0.007 0.015 0.014 0.022
2 0.083 0.103 0.038 0.038
2 0.188 0.173 0.028 0.018
2 0.182 0.008 0.016 0.012
2 0.269 0.183 0.046 0.034
2 0.32 0.195 0.044 0.046
2 0.508 0.072 0.024 0.032
2 0.585 0.057 0.046 0.03
2 0.572 0.162 0.024 0.032
2 0.895 0.032 0.03 0.028