0 0.097 0.831 0.034 0.038
0 0.078 0.836 0.012 0.028
0 0.149 0.928 0.03 0.052
0 0.208 0.977 0.04 0.038
0 0.266 0.954 0.028 0.028
0 0.219 0.89 0.034 0.036
0 0.198 0.864 0.02 0.028
0 0.193 0.844 0.022 0.024
0 0.248 0.828 0.012 0.024
0 0.216 0.85 0.012 0.016
0 0.217 0.828 0.018 0.028
0 0.176 0.767 0.048 0.042
0 0.216 0.753 0.048 0.042
0 0.228 0.721 0.036 0.042
0 0.017 0.546 0.034 0.048
0 0.096 0.595 0.032 0.03
0 0.133 0.627 0.046 0.054
0 0.136 0.567 0.048 0.038
0 0.244 0.582 0.02 0.04
0 0.266 0.633 0.04 0.054
0 0.031 0.489 0.026 0.026
0 0.003 0.487 0.006 0.022
0 0.002 0.427 0.004 0.018
0 0.033 0.35 0.038 0.032
0 0.034 0.379 0.048 0.042
0 0.004 0.238 0.008 0.036
0 0.057 0.158 0.042 0.06
0 0.034 0.176 0.016 0.02
0 0.025 0.153 0.022 0.026
0 0.073 0.047 0.042 0.038
0 0.092 0.012 0.04 0.02
0 0.132 0.022 0.04 0.04
0 0.217 0.009 0.038 0.014
0 0.408 0.051 0.04 0.042
0 0.36 0.078 0.04 0.044
0 0.296 0.084 0.04 0.052
0 0.179 0.119 0.034 0.05
0 0.139 0.152 0.038 0.044
0 0.182 0.184 0.036 0.048
0 0.139 0.239 0.03 0.058
0 0.115 0.282 0.05 0.056
0 0.149 0.346 0.054 0.044
0 0.198 0.326 0.044 0.036
0 0.198 0.277 0.044 0.042
0 0.214 0.242 0.06 0.04
0 0.258 0.237 0.032 0.046
0 0.249 0.206 0.03 0.032
0 0.3 0.179 0.036 0.054
0 0.347 0.204 0.034 0.048
0 0.384 0.136 0.044 0.052
0 0.459 0.167 0.034 0.042
0 0.507 0.143 0.038 0.054
0 0.523 0.069 0.042 0.046
0 0.598 0.092 0.036 0.052
0 0.54 0.011 0.044 0.018
0 0.682 0.014 0.036 0.024
0 0.709 0.06 0.034 0.04
0 0.701 0.164 0.046 0.056
0 0.943 0.02 0.038 0.036
0 0.963 0.098 0.042 0.048
0 0.996 0.135 0.004 0.034
0 0.867 0.121 0.042 0.05
0 0.907 0.161 0.03 0.05
0 0.904 0.198 0.044 0.032
0 0.889 0.222 0.022 0.028
0 0.99 0.368 0.016 0.044
0 0.987 0.34 0.022 0.044
0 0.89 0.292 0.04 0.048
0 0.919 0.328 0.038 0.052
0 0.916 0.392 0.036 0.072
0 0.971 0.41 0.026 0.056
0 0.789 0.222 0.034 0.04
0 0.798 0.209 0.028 0.034
0 0.77 0.23 0.02 0.028
0 0.781 0.271 0.038 0.05
0 0.619 0.215 0.038 0.046
0 0.571 0.152 0.03 0.048
0 0.52 0.213 0.04 0.042
0 0.544 0.26 0.044 0.048
0 0.593 0.275 0.03 0.058
0 0.991 0.534 0.014 0.036
0 0.897 0.437 0.026 0.034
0 0.868 0.463 0.02 0.022
0 0.848 0.47 0.02 0.024
0 0.799 0.376 0.034 0.036
0 0.78 0.445 0.048 0.05
0 0.751 0.436 0.03 0.032
0 0.765 0.41 0.018 0.012
0 0.697 0.371 0.03 0.046
0 0.694 0.419 0.032 0.038
0 0.641 0.349 0.034 0.046
0 0.605 0.377 0.034 0.042
0 0.106 0.465 0.036 0.022
0 0.08 0.477 0.024 0.022
0 0.15 0.494 0.056 0.068
0 0.237 0.5 0.03 0.048
0 0.27 0.472 0.024 0.016
0 0.258 0.458 0.016 0.016
0 0.288 0.438 0.028 0.024
0 0.356 0.363 0.032 0.034
0 0.301 0.36 0.03 0.024
0 0.293 0.336 0.05 0.044
0 0.303 0.29 0.038 0.04
0 0.383 0.27 0.046 0.06
0 0.429 0.31 0.038 0.052
0 0.391 0.314 0.034 0.036
0 0.35 0.48 0.036 0.044
0 0.317 0.554 0.046 0.052
0 0.393 0.605 0.03 0.046
0 0.389 0.558 0.034 0.044
0 0.442 0.502 0.044 0.044
0 0.495 0.473 0.038 0.042
0 0.876 0.545 0.04 0.046
0 0.906 0.563 0.036 0.026
0 0.822 0.516 0.036 0.052
0 0.988 0.651 0.02 0.042
0 0.939 0.617 0.03 0.05
0 0.885 0.616 0.042 0.036
0 0.742 0.627 0.032 0.046
0 0.786 0.618 0.032 0.024
0 0.7 0.561 0.036 0.05
0 0.666 0.542 0.028 0.048
0 0.646 0.589 0.024 0.046
0 0.634 0.448 0.032 0.044
0 0.553 0.541 0.034 0.042
0 0.499 0.534 0.05 0.056
0 0.342 0.69 0.028 0.044
0 0.383 0.704 0.038 0.04
0 0.399 0.664 0.042 0.048
0 0.44 0.706 0.036 0.056
0 0.412 0.72 0.028 0.036
0 0.384 0.803 0.036 0.058
0 0.42 0.799 0.04 0.038
0 0.431 0.985 0.054 0.026
0 0.538 0.646 0.04 0.044
0 0.601 0.637 0.034 0.038
0 0.572 0.705 0.032 0.046
0 0.603 0.726 0.022 0.032
0 0.622 0.73 0.016 0.024
0 0.634 0.714 0.028 0.048
0 0.924 0.67 0.044 0.048
0 0.912 0.736 0.036 0.044
0 0.874 0.72 0.024 0.028
0 0.818 0.726 0.044 0.048
0 0.765 0.707 0.046 0.05
0 0.718 0.677 0.016 0.018
0 0.732 0.764 0.036 0.044
0 0.788 0.801 0.044 0.046
0 0.866 0.818 0.02 0.04
0 0.921 0.841 0.034 0.042
0 0.982 0.824 0.032 0.044
0 0.947 0.893 0.034 0.05
0 0.978 0.962 0.04 0.06
0 0.991 0.991 0.014 0.018
0 0.854 0.991 0.036 0.014
0 0.781 0.995 0.042 0.006
0 0.732 0.986 0.052 0.024
0 0.677 0.92 0.042 0.036
0 0.604 0.897 0.024 0.026
0 0.48 0.835 0.048 0.046
0 0.526 0.87 0.044 0.04
0 0.495 0.792 0.042 0.048
0 0.547 0.767 0.034 0.042
0 0.571 0.798 0.042 0.036
0 0.558 0.826 0.044 0.032
0 0.604 0.821 0.032 0.042
0 0.688 0.84 0.036 0.044
0 0.727 0.829 0.038 0.05
0 0.748 0.903 0.048 0.038
0 0.771 0.929 0.022 0.018
0 0.791 0.919 0.03 0.026
0 0.869 0.927 0.05 0.038
0 0.464 0.876 0.032 0.028
1 0.019 0.698 0.03 0.024
1 0.126 0.972 0.024 0.02
1 0.196 0.89 0.012 0.012
1 0.231 0.832 0.01 0.008
1 0.089 0.778 0.026 0.024
1 0.102 0.734 0.024 0.02
1 0.098 0.751 0.012 0.014
1 0.004 0.597 0.008 0.022
1 0.195 0.578 0.018 0.028
1 0.214 0.575 0.012 0.014
1 0.022 0.414 0.016 0.008
1 0.057 0.478 0.01 0.012
1 0.042 0.414 0.016 0.012
1 0.075 0.018 0.01 0.012
1 0.329 0.008 0.03 0.012
1 0.397 0.015 0.014 0.022
1 0.204 0.112 0.02 0.024
1 0.108 0.1 0.016 0.016
1 0.08 0.287 0.016 0.01
1 0.219 0.232 0.018 0.02
1 0.22 0.212 0.024 0.02
1 0.432 0.152 0.024 0.016
1 0.554 0.062 0.016 0.032
1 0.452 0.098 0.008 0.016
1 0.461 0.076 0.018 0.02
1 0.641 0.025 0.018 0.03
1 0.662 0.085 0.016 0.034
1 0.771 0.113 0.022 0.026
1 0.719 0.125 0.034 0.026
1 0.91 0.011 0.024 0.018
1 0.886 0.011 0.024 0.018
1 0.978 0.07 0.024 0.02
1 0.848 0.078 0.016 0.032
1 0.874 0.21 0.008 0.024
1 0.88 0.211 0.008 0.018
1 0.86 0.242 0.024 0.012
1 0.979 0.311 0.022 0.022
1 0.576 0.214 0.02 0.02
1 0.502 0.23 0.02 0.02
1 0.918 0.507 0.016 0.022
1 0.812 0.372 0.024 0.032
1 0.783 0.382 0.01 0.008
1 0.8 0.417 0.024 0.018
1 0.755 0.42 0.026 0.016
1 0.654 0.314 0.028 0.024
1 0.123 0.448 0.022 0.02
1 0.178 0.469 0.024 0.022
1 0.162 0.479 0.016 0.022
1 0.205 0.53 0.022 0.024
1 0.213 0.496 0.006 0.012
1 0.259 0.49 0.014 0.016
1 0.283 0.456 0.018 0.016
1 0.262 0.409 0.02 0.018
1 0.274 0.419 0.008 0.006
1 0.285 0.384 0.018 0.024
1 0.324 0.376 0.032 0.032
1 0.38 0.236 0.02 0.024
1 0.317 0.412 0.046 0.024
1 0.343 0.424 0.018 0.024
1 0.364 0.409 0.012 0.014
1 0.323 0.444 0.01 0.024
1 0.243 0.535 0.018 0.03
1 0.38 0.621 0.012 0.026
1 0.453 0.431 0.018 0.03
1 0.417 0.426 0.01 0.008
1 0.801 0.645 0.034 0.026
1 0.663 0.504 0.026 0.028
1 0.625 0.483 0.018 0.014
1 0.718 0.471 0.016 0.022
1 0.592 0.434 0.024 0.024
1 0.317 0.712 0.026 0.024
1 0.338 0.942 0.024 0.036
1 0.369 0.956 0.026 0.016
1 0.371 0.97 0.014 0.016
1 0.382 0.977 0.016 0.022
1 0.474 0.601 0.02 0.018
1 0.481 0.631 0.018 0.018
1 0.646 0.678 0.02 0.032
1 0.62 0.688 0.016 0.008
1 0.875 0.769 0.03 0.018
1 0.695 0.706 0.014 0.036
1 0.975 0.886 0.014 0.02
1 0.721 0.965 0.022 0.014
1 0.602 0.953 0.024 0.022
1 0.441 0.91 0.034 0.016
1 0.289 0.885 0.018 0.018
1 0.645 0.861 0.01 0.026
1 0.698 0.902 0.02 0.008
1 0.711 0.896 0.014 0.012
1 0.881 0.993 0.018 0.01
1 0.901 0.989 0.026 0.018
1 0.911 0.978 0.022 0.024
1 0.917 0.931 0.018 0.022
1 0.459 0.898 0.014 0.016
1 0.445 0.838 0.026 0.02
1 0.39 0.889 0.024 0.038
1 0.218 0.436 0.024 0.028
1 0.986 0.238 0.008 0.012
1 0.997 0.236 0.002 0.02
2 0.079 0.272 0.026 0.02
2 0.332 0.734 0.024 0.036
2 0.713 0.886 0.018 0.02
2 0.551 0.321 0.038 0.026
2 0.425 0.34 0.022 0.016
2 0.608 0.529 0.024 0.014
2 0.771 0.034 0.026 0.032
2 0.631 0.323 0.018 0.018
2 0.47 0.379 0.02 0.026
2 0.492 0.271 0.028 0.022
2 0.486 0.055 0.016 0.038
2 0.197 0.811 0.022 0.01
2 0.208 0.802 0.02 0.016
2 0.319 0.638 0.014 0.016
2 0.712 0.704 0.02 0.024
2 0.78 0.762 0.024 0.02
2 0.808 0.973 0.024 0.022