0 0.894 0.706 0.068 0.052
0 0.936 0.984 0.044 0.028
0 0.976 0.937 0.036 0.042
0 0.9 0.945 0.04 0.03
0 0.84 0.934 0.032 0.048
0 0.807 0.913 0.03 0.05
0 0.789 0.898 0.018 0.024
0 0.755 0.911 0.018 0.022
0 0.699 0.968 0.038 0.044
0 0.619 0.993 0.026 0.01
0 0.63 0.955 0.032 0.038
0 0.653 0.94 0.026 0.024
0 0.449 0.969 0.038 0.058
0 0.35 0.971 0.032 0.042
0 0.211 0.912 0.034 0.048
0 0.159 0.882 0.026 0.028
0 0.116 0.904 0.024 0.032
0 0.008 0.887 0.012 0.042
0 0.221 0.991 0.054 0.014
0 0.039 0.854 0.038 0.044
0 0.027 0.764 0.038 0.048
0 0.964 0.69 0.024 0.032
0 0.978 0.644 0.036 0.028
0 0.154 0.678 0.028 0.04
0 0.084 0.701 0.02 0.034
0 0.44 0.875 0.032 0.054
0 0.436 0.829 0.028 0.026
0 0.372 0.798 0.072 0.056
0 0.744 0.848 0.032 0.032
0 0.678 0.829 0.036 0.034
0 0.69 0.709 0.036 0.034
0 0.764 0.66 0.032 0.04
0 0.678 0.663 0.036 0.034
0 0.553 0.693 0.03 0.03
0 0.584 0.66 0.048 0.048
0 0.623 0.586 0.034 0.036
0 0.45 0.695 0.032 0.038
0 0.411 0.638 0.026 0.04
0 0.351 0.597 0.026 0.03
0 0.327 0.622 0.034 0.04
0 0.622 0.82 0.028 0.032
0 0.577 0.79 0.034 0.044
0 0.541 0.74 0.03 0.032
0 0.378 0.723 0.032 0.034
0 0.333 0.74 0.03 0.052
0 0.235 0.582 0.034 0.064
0 0.144 0.745 0.04 0.038
0 0.135 0.712 0.03 0.028
0 0.019 0.542 0.03 0.032
0 0.076 0.529 0.028 0.03
0 0.168 0.532 0.032 0.04
0 0.213 0.513 0.038 0.03
0 0.203 0.56 0.018 0.032
0 0.244 0.753 0.024 0.046
0 0.011 0.579 0.018 0.026
0 0.213 0.627 0.054 0.034
0 0.236 0.651 0.024 0.022
0 0.981 0.577 0.034 0.034
0 0.824 0.617 0.032 0.026
0 0.975 0.483 0.046 0.03
0 0.963 0.426 0.034 0.032
0 0.853 0.456 0.03 0.028
0 0.891 0.443 0.03 0.018
0 0.794 0.497 0.028 0.034
0 0.766 0.462 0.032 0.032
0 0.725 0.486 0.042 0.032
0 0.71 0.45 0.04 0.036
0 0.614 0.515 0.036 0.03
0 0.518 0.508 0.036 0.04
0 0.518 0.441 0.036 0.026
0 0.548 0.414 0.032 0.028
0 0.58 0.38 0.028 0.036
0 0.606 0.459 0.024 0.042
0 0.819 0.385 0.034 0.046
0 0.773 0.371 0.022 0.03
0 0.724 0.308 0.036 0.048
0 0.886 0.34 0.044 0.032
0 0.982 0.291 0.032 0.034
0 0.945 0.225 0.038 0.046
0 0.99 0.21 0.016 0.024
0 0.981 0.13 0.034 0.028
0 0.963 0.073 0.038 0.03
0 0.977 0.017 0.042 0.026
0 0.885 0.097 0.03 0.05
0 0.889 0.175 0.022 0.026
0 0.851 0.179 0.022 0.026
0 0.842 0.124 0.036 0.028
0 0.801 0.136 0.042 0.024
0 0.824 0.057 0.02 0.034
0 0.721 0.051 0.022 0.034
0 0.709 0.011 0.038 0.018
0 0.891 0.367 0.026 0.03
0 0.783 0.318 0.018 0.036
0 0.642 0.358 0.032 0.048
0 0.647 0.271 0.054 0.026
0 0.646 0.188 0.044 0.048
0 0.689 0.119 0.034 0.03
0 0.64 0.129 0.036 0.03
0 0.59 0.049 0.036 0.038
0 0.534 0.169 0.036 0.054
0 0.344 0.1 0.036 0.04
0 0.44 0.311 0.024 0.042
0 0.378 0.213 0.028 0.046
0 0.331 0.215 0.042 0.03
0 0.235 0.172 0.026 0.04
0 0.187 0.166 0.022 0.028
0 0.261 0.023 0.058 0.038
0 0.319 0.012 0.054 0.02
0 0.166 0.151 0.032 0.026
0 0.067 0.105 0.03 0.038
0 0.013 0.105 0.022 0.038
0 0.365 0.463 0.046 0.042
0 0.304 0.392 0.048 0.044
0 0.304 0.518 0.024 0.028
0 0.273 0.488 0.022 0.028
0 0.216 0.467 0.024 0.018
0 0.137 0.431 0.042 0.038
0 0.12 0.398 0.032 0.032
0 0.049 0.429 0.034 0.034
0 0.008 0.439 0.012 0.034
0 0.023 0.433 0.018 0.026
0 0.182 0.345 0.028 0.038
0 0.305 0.301 0.038 0.038
0 0.211 0.29 0.05 0.048
0 0.27 0.245 0.052 0.034
0 0.358 0.637 0.024 0.038
0 0.102 0.207 0.032 0.022
0 0.152 0.006 0.024 0.008
0 0.067 0.007 0.034 0.01
0 0.517 0.061 0.03 0.026
0 0.538 0.238 0.024 0.028
0 0.81 0.007 0.04 0.01
1 0.673 0.917 0.026 0.014
1 0.507 0.966 0.018 0.024
1 0.412 0.944 0.024 0.028
1 0.339 0.946 0.018 0.016
1 0.266 0.889 0.012 0.022
1 0.026 0.948 0.02 0.028
1 0.154 0.935 0.012 0.038
1 0.844 0.847 0.036 0.03
1 0.924 0.87 0.032 0.024
1 0.906 0.788 0.032 0.036
1 0.336 0.849 0.032 0.026
1 0.241 0.844 0.03 0.036
1 0.162 0.793 0.028 0.038
1 0.292 0.8 0.012 0.02
1 0.447 0.776 0.022 0.024
1 0.742 0.789 0.024 0.022
1 0.484 0.876 0.028 0.048
1 0.659 0.749 0.022 0.026
1 0.629 0.664 0.018 0.024
1 0.49 0.559 0.016 0.022
1 0.451 0.574 0.018 0.024
1 0.292 0.801 0.012 0.018
1 0.204 0.666 0.016 0.016
1 0.148 0.619 0.016 0.022
1 0.041 0.508 0.022 0.024
1 0.256 0.799 0.032 0.034
1 0.897 0.604 0.022 0.028
1 0.932 0.479 0.024 0.022
1 0.714 0.35 0.02 0.02
1 0.619 0.338 0.018 0.024
1 0.829 0.174 0.018 0.016
1 0.833 0.083 0.018 0.014
1 0.684 0.079 0.02 0.022
1 0.561 0.144 0.014 0.016
1 0.082 0.143 0.016 0.022
1 0.014 0.143 0.016 0.014
1 0.238 0.482 0.012 0.012
1 0.133 0.377 0.018 0.018
1 0.251 0.296 0.014 0.016
1 0.104 0.445 0.024 0.03
1 0.116 0.178 0.032 0.032
1 0.391 0.332 0.022 0.032
1 0.348 0.251 0.028 0.022
1 0.277 0.061 0.018 0.014
1 0.378 0.137 0.02 0.022
1 0.489 0.097 0.022 0.018
1 0.506 0.287 0.02 0.026
1 0.256 0.203 0.024 0.018
2 0.644 0.878 0.036 0.036
2 0.861 0.877 0.014 0.014
2 0.955 0.817 0.026 0.05
2 0.981 0.726 0.026 0.036
2 0.937 0.675 0.026 0.018
2 0.535 0.819 0.026 0.038
2 0.578 0.885 0.02 0.018
2 0.559 0.615 0.014 0.022
2 0.494 0.64 0.016 0.036
2 0.946 0.594 0.036 0.028
2 0.849 0.642 0.042 0.032
2 0.825 0.571 0.018 0.014
2 0.548 0.49 0.02 0.016
2 0.748 0.407 0.024 0.022
2 0.749 0.371 0.014 0.018
2 0.963 0.262 0.03 0.02
2 0.881 0.266 0.018 0.012
2 0.875 0.234 0.022 0.02
2 0.803 0.315 0.018 0.018
2 0.752 0.282 0.024 0.012
2 0.758 0.092 0.028 0.044
2 0.643 0.021 0.03 0.014
2 0.232 0.079 0.028 0.022
2 0.16 0.099 0.032 0.03
2 0.115 0.1 0.018 0.02
2 0.07 0.165 0.016 0.026
2 0.045 0.058 0.018 0.024
2 0.335 0.374 0.014 0.016
2 0.435 0.435 0.042 0.062
2 0.257 0.686 0.014 0.028
2 0.747 0.17 0.054 0.032
2 0.704 0.178 0.02 0.052
2 0.099 0.28 0.026 0.02
2 0.098 0.349 0.012 0.018
2 0.16 0.029 0.02 0.018
2 0.115 0.073 0.03 0.018
2 0.481 0.051 0.022 0.018
2 0.549 0.367 0.026 0.022
2 0.568 0.268 0.02 0.036
2 0.507 0.308 0.026 0.028
2 0.461 0.191 0.018 0.014
2 0.44 0.255 0.012 0.018
2 0.304 0.978 0.044 0.036
2 0.69 0.551 0.016 0.014
2 0.864 0.071 0.024 0.026
2 0.869 0.131 0.014 0.03
2 0.921 0.133 0.034 0.018
2 0.829 0.021 0.018 0.022
2 0.448 0.025 0.016 0.01
2 0.411 0.017 0.014 0.018