0 0.979 0.201 0.038 0.038
0 0.926 0.188 0.048 0.028
0 0.913 0.155 0.054 0.046
0 0.884 0.127 0.04 0.034
0 0.902 0.255 0.032 0.042
0 0.94 0.33 0.04 0.04
0 0.875 0.323 0.034 0.042
0 0.836 0.28 0.044 0.052
0 0.78 0.308 0.036 0.04
0 0.829 0.375 0.038 0.034
0 0.994 0.443 0.008 0.046
0 0.9 0.445 0.036 0.038
0 0.827 0.443 0.054 0.05
0 0.706 0.11 0.04 0.032
0 0.662 0.052 0.036 0.04
0 0.586 0.058 0.044 0.04
0 0.569 0.013 0.046 0.026
0 0.507 0.014 0.038 0.028
0 0.353 0.008 0.038 0.016
0 0.337 0.03 0.034 0.032
0 0.314 0.006 0.032 0.012
0 0.202 0.01 0.04 0.02
0 0.127 0.008 0.042 0.016
0 0.031 0.008 0.03 0.016
0 0.079 0.062 0.046 0.036
0 0.046 0.138 0.044 0.04
0 0.08 0.158 0.04 0.04
0 0.135 0.126 0.038 0.032
0 0.249 0.087 0.038 0.038
0 0.293 0.124 0.046 0.036
0 0.118 0.19 0.06 0.072
0 0.056 0.272 0.04 0.04
0 0.014 0.417 0.024 0.062
0 0.17 0.323 0.048 0.042
0 0.243 0.349 0.054 0.046
0 0.304 0.357 0.052 0.054
0 0.287 0.42 0.054 0.06
0 0.027 0.62 0.05 0.076
0 0.071 0.592 0.038 0.056
0 0.143 0.642 0.038 0.056
0 0.079 0.7 0.03 0.04
0 0.018 0.862 0.032 0.084
0 0.062 0.814 0.032 0.036
0 0.089 0.838 0.042 0.056
0 0.083 0.983 0.054 0.03
0 0.269 0.976 0.046 0.044
0 0.222 0.831 0.052 0.062
0 0.188 0.794 0.04 0.036
0 0.178 0.836 0.04 0.052
0 0.119 0.778 0.046 0.044
0 0.43 0.98 0.048 0.036
0 0.442 0.943 0.04 0.042
0 0.608 0.975 0.064 0.046
0 0.608 0.913 0.068 0.054
0 0.73 0.927 0.056 0.046
0 0.831 0.963 0.042 0.034
0 0.855 0.932 0.058 0.032
0 0.879 0.959 0.038 0.05
0 0.94 0.98 0.044 0.036
0 0.99 0.896 0.016 0.048
0 0.864 0.858 0.06 0.048
0 0.861 0.776 0.05 0.04
0 0.627 0.829 0.066 0.038
0 0.654 0.848 0.036 0.028
0 0.975 0.701 0.046 0.042
0 0.924 0.687 0.04 0.042
0 0.914 0.627 0.06 0.07
0 0.861 0.627 0.054 0.046
0 0.886 0.541 0.032 0.026
0 0.775 0.587 0.054 0.054
0 0.757 0.71 0.042 0.04
0 0.661 0.71 0.066 0.072
0 0.458 0.767 0.044 0.042
0 0.472 0.752 0.028 0.028
0 0.381 0.742 0.046 0.052
0 0.296 0.704 0.06 0.056
0 0.311 0.657 0.034 0.034
0 0.475 0.669 0.058 0.066
0 0.541 0.642 0.03 0.044
0 0.612 0.617 0.04 0.03
0 0.547 0.6 0.026 0.02
0 0.657 0.584 0.03 0.024
0 0.685 0.546 0.058 0.044
0 0.638 0.535 0.06 0.062
0 0.744 0.43 0.044 0.04
0 0.739 0.384 0.046 0.048
0 0.726 0.358 0.036 0.036
0 0.641 0.479 0.03 0.026
0 0.587 0.494 0.038 0.036
0 0.455 0.586 0.054 0.04
0 0.444 0.625 0.032 0.022
0 0.26 0.611 0.056 0.054
0 0.206 0.586 0.048 0.052
0 0.333 0.537 0.05 0.05
0 0.396 0.509 0.036 0.038
0 0.444 0.493 0.052 0.046
0 0.502 0.404 0.044 0.06
0 0.552 0.407 0.04 0.046
0 0.623 0.327 0.042 0.058
0 0.676 0.254 0.044 0.052
0 0.642 0.181 0.044 0.038
0 0.145 0.551 0.018 0.018
0 0.026 0.423 0.044 0.054
0 0.402 0.273 0.056 0.054
0 0.443 0.244 0.046 0.048
0 0.567 0.23 0.046 0.048
0 0.514 0.079 0.048 0.034
0 0.561 0.146 0.058 0.044
0 0.423 0.197 0.046 0.034
0 0.31 0.222 0.052 0.072
0 0.25 0.211 0.052 0.058
1 0.989 0.077 0.018 0.026
1 0.902 0.052 0.024 0.016
1 0.795 0.089 0.022 0.018
1 0.994 0.343 0.008 0.026
1 0.952 0.425 0.02 0.018
1 0.968 0.412 0.012 0.012
1 0.748 0.069 0.044 0.022
1 0.697 0.056 0.014 0.016
1 0.284 0.004 0.024 0.008
1 0.186 0.091 0.024 0.018
1 0.145 0.22 0.026 0.02
1 0.023 0.225 0.018 0.022
1 0.03 0.376 0.02 0.024
1 0.097 0.346 0.018 0.024
1 0.184 0.294 0.02 0.02
1 0.035 0.715 0.018 0.03
1 0.082 0.738 0.016 0.016
1 0.115 0.874 0.03 0.028
1 0.097 0.918 0.026 0.032
1 0.133 0.941 0.026 0.022
1 0.174 0.947 0.024 0.022
1 0.205 0.771 0.018 0.018
1 0.149 0.818 0.022 0.056
1 0.516 0.906 0.024 0.032
1 0.643 0.94 0.014 0.024
1 0.944 0.873 0.012 0.042
1 0.986 0.836 0.02 0.024
1 0.943 0.816 0.014 0.032
1 0.851 0.885 0.034 0.014
1 0.826 0.771 0.016 0.018
1 0.865 0.733 0.018 0.022
1 0.724 0.791 0.032 0.022
1 0.734 0.811 0.02 0.014
1 0.858 0.578 0.028 0.028
1 0.536 0.81 0.02 0.02
1 0.49 0.789 0.016 0.014
1 0.454 0.738 0.032 0.02
1 0.362 0.85 0.036 0.036
1 0.285 0.942 0.018 0.012
1 0.285 0.729 0.022 0.014
1 0.3 0.739 0.024 0.022
1 0.392 0.668 0.024 0.024
1 0.588 0.598 0.004 0.012
1 0.601 0.644 0.014 0.012
1 0.562 0.611 0.008 0.014
1 0.707 0.475 0.03 0.018
1 0.767 0.403 0.022 0.026
1 0.754 0.643 0.012 0.014
1 0.343 0.577 0.018 0.022
1 0.592 0.399 0.024 0.018
1 0.642 0.332 0.012 0.016
1 0.712 0.213 0.02 0.022
1 0.07 0.505 0.024 0.026
1 0.011 0.487 0.018 0.026
1 0.168 0.451 0.024 0.018
1 0.154 0.522 0.028 0.028
1 0.413 0.334 0.022 0.016
1 0.521 0.217 0.022 0.038
1 0.563 0.208 0.026 0.024
1 0.645 0.09 0.01 0.012
1 0.604 0.084 0.012 0.016
1 0.603 0.1 0.018 0.02
1 0.382 0.115 0.024 0.018
1 0.221 0.231 0.022 0.022
1 0.233 0.248 0.03 0.02
1 0.379 0.694 0.014 0.024
2 0.808 0.141 0.036 0.022
2 0.907 0.351 0.03 0.038
2 0.759 0.197 0.054 0.054
2 0.097 0.024 0.018 0.02
2 0.029 0.07 0.03 0.028
2 0.163 0.177 0.022 0.026
2 0.493 0.929 0.022 0.038
2 0.737 0.616 0.03 0.024
2 0.503 0.864 0.034 0.032
2 0.85 0.708 0.036 0.028
2 0.558 0.421 0.048 0.046
2 0.177 0.527 0.014 0.03
2 0.288 0.545 0.012 0.014
2 0.272 0.548 0.024 0.036
2 0.299 0.518 0.022 0.02
2 0.347 0.445 0.05 0.038
2 0.298 0.451 0.012 0.01
2 0.488 0.288 0.028 0.072
2 0.612 0.224 0.048 0.048
2 0.643 0.132 0.034 0.024
2 0.524 0.118 0.028 0.02
2 0.365 0.165 0.018 0.018
2 0.716 0.315 0.028 0.022
2 0.714 0.273 0.024 0.01
2 0.64 0.293 0.016 0.018
2 0.651 0.311 0.018 0.006
2 0.554 0.828 0.032 0.016
2 0.489 0.737 0.014 0.01
2 0.409 0.662 0.022 0.024
2 0.009 0.526 0.014 0.012
2 0.013 0.559 0.01 0.014
2 0.083 0.475 0.038 0.026
2 0.411 0.362 0.018 0.016
2 0.39 0.385 0.02 0.022
2 0.607 0.376 0.026 0.012
2 0.224 0.891 0.02 0.022
2 0.25 0.974 0.016 0.016
2 0.826 0.123 0.02 0.014