0 0.894 0.037 0.04 0.05
0 0.847 0.027 0.034 0.046
0 0.79 0.045 0.04 0.046
0 0.738 0.047 0.032 0.042
0 0.698 0.053 0.044 0.058
0 0.686 0.012 0.048 0.024
0 0.637 0.018 0.038 0.036
0 0.655 0.105 0.03 0.038
0 0.654 0.153 0.044 0.062
0 0.753 0.092 0.03 0.052
0 0.803 0.118 0.042 0.06
0 0.867 0.14 0.038 0.068
0 0.793 0.17 0.042 0.064
0 0.949 0.154 0.038 0.048
0 0.911 0.27 0.038 0.064
0 0.871 0.3 0.038 0.056
0 0.966 0.291 0.04 0.046
0 0.954 0.356 0.048 0.056
0 0.874 0.351 0.032 0.05
0 0.903 0.379 0.042 0.05
0 0.75 0.34 0.036 0.056
0 0.774 0.411 0.04 0.062
0 0.838 0.469 0.044 0.062
0 0.9 0.515 0.04 0.046
0 0.944 0.524 0.036 0.056
0 0.967 0.548 0.042 0.08
0 0.992 0.563 0.012 0.062
0 0.889 0.55 0.042 0.048
0 0.986 0.693 0.024 0.054
0 0.933 0.795 0.046 0.062
0 0.994 0.766 0.008 0.04
0 0.898 0.808 0.036 0.048
0 0.884 0.764 0.036 0.056
0 0.849 0.759 0.034 0.058
0 0.761 0.715 0.05 0.062
0 0.744 0.667 0.04 0.042
0 0.765 0.637 0.022 0.022
0 0.682 0.644 0.048 0.072
0 0.651 0.6 0.038 0.052
0 0.657 0.549 0.05 0.054
0 0.632 0.517 0.048 0.046
0 0.556 0.533 0.04 0.042
0 0.598 0.557 0.04 0.046
0 0.529 0.622 0.042 0.064
0 0.49 0.586 0.032 0.044
0 0.442 0.582 0.032 0.056
0 0.391 0.547 0.05 0.058
0 0.465 0.495 0.038 0.046
0 0.464 0.528 0.04 0.036
0 0.475 0.435 0.046 0.058
0 0.419 0.388 0.034 0.052
0 0.48 0.367 0.04 0.042
0 0.51 0.386 0.04 0.048
0 0.492 0.414 0.044 0.052
0 0.457 0.317 0.034 0.062
0 0.494 0.298 0.032 0.028
0 0.54 0.325 0.04 0.05
0 0.568 0.367 0.048 0.046
0 0.652 0.374 0.036 0.052
0 0.633 0.388 0.034 0.052
0 0.651 0.274 0.026 0.052
0 0.694 0.291 0.04 0.058
0 0.723 0.214 0.038 0.052
0 0.771 0.25 0.026 0.048
0 0.994 0.3 0.008 0.044
0 0.715 0.475 0.042 0.066
0 0.721 0.55 0.03 0.056
0 0.753 0.561 0.038 0.062
0 0.624 0.675 0.048 0.058
0 0.631 0.726 0.03 0.032
0 0.644 0.77 0.04 0.06
0 0.685 0.792 0.038 0.056
0 0.584 0.777 0.044 0.078
0 0.52 0.776 0.04 0.056
0 0.533 0.688 0.038 0.064
0 0.451 0.717 0.042 0.07
0 0.376 0.641 0.044 0.042
0 0.367 0.696 0.022 0.076
0 0.334 0.706 0.032 0.048
0 0.309 0.77 0.042 0.056
0 0.165 0.76 0.038 0.06
0 0.138 0.72 0.032 0.048
0 0.118 0.773 0.032 0.07
0 0.218 0.852 0.044 0.08
0 0.251 0.878 0.034 0.076
0 0.202 0.898 0.052 0.076
0 0.122 0.952 0.036 0.052
0 0.088 0.915 0.048 0.05
0 0.081 0.876 0.042 0.044
0 0.051 0.976 0.05 0.044
0 0.347 0.989 0.026 0.018
0 0.357 0.917 0.042 0.082
0 0.323 0.861 0.038 0.078
0 0.431 0.823 0.046 0.094
0 0.481 0.911 0.046 0.09
0 0.526 0.896 0.036 0.068
0 0.604 0.917 0.032 0.074
0 0.575 0.914 0.03 0.064
0 0.615 0.973 0.034 0.05
0 0.717 0.945 0.054 0.102
0 0.735 0.895 0.038 0.066
0 0.759 0.855 0.038 0.066
0 0.771 0.904 0.038 0.072
0 0.784 0.988 0.044 0.02
0 0.874 0.981 0.044 0.034
0 0.873 0.927 0.042 0.046
0 0.913 0.954 0.038 0.052
0 0.621 0.422 0.034 0.056
0 0.548 0.455 0.032 0.05
0 0.32 0.424 0.04 0.072
0 0.281 0.359 0.046 0.05
0 0.284 0.313 0.056 0.062
0 0.25 0.239 0.048 0.05
0 0.194 0.236 0.04 0.064
0 0.233 0.167 0.038 0.034
0 0.285 0.191 0.03 0.054
0 0.355 0.179 0.038 0.054
0 0.438 0.151 0.04 0.046
0 0.402 0.094 0.028 0.044
0 0.302 0.087 0.028 0.046
0 0.418 0.207 0.036 0.03
0 0.286 0.037 0.048 0.066
0 0.229 0.029 0.03 0.05
0 0.204 0.028 0.024 0.04
0 0.185 0.011 0.038 0.022
0 0.147 0.035 0.038 0.042
0 0.118 0.057 0.032 0.05
0 0.19 0.104 0.048 0.068
0 0.242 0.095 0.032 0.046
0 0.047 0.189 0.034 0.05
0 0.008 0.081 0.012 0.05
0 0.059 0.012 0.034 0.024
0 0.185 0.193 0.03 0.038
0 0.079 0.29 0.042 0.068
0 0.199 0.378 0.034 0.044
0 0.107 0.433 0.042 0.046
0 0.026 0.483 0.04 0.058
0 0.062 0.554 0.032 0.036
0 0.027 0.579 0.038 0.058
0 0.106 0.503 0.04 0.054
0 0.161 0.516 0.046 0.072
0 0.203 0.475 0.054 0.078
0 0.224 0.523 0.028 0.038
0 0.264 0.535 0.028 0.042
0 0.334 0.479 0.044 0.062
0 0.316 0.471 0.02 0.026
0 0.214 0.651 0.036 0.046
0 0.292 0.659 0.028 0.038
0 0.568 0.251 0.052 0.03
1 0.923 0.629 0.022 0.022
1 0.946 0.622 0.024 0.024
1 0.821 0.735 0.018 0.026
1 0.856 0.725 0.028 0.022
1 0.744 0.759 0.02 0.022
1 0.827 0.284 0.018 0.024
1 0.933 0.295 0.018 0.026
1 0.855 0.352 0.014 0.028
1 0.758 0.616 0.02 0.02
1 0.771 0.606 0.022 0.02
1 0.385 0.698 0.014 0.016
1 0.1 0.818 0.024 0.028
1 0.08 0.819 0.02 0.022
1 0.058 0.815 0.02 0.018
1 0.063 0.769 0.026 0.038
1 0.059 0.719 0.038 0.022
1 0.137 0.917 0.026 0.022
1 0.012 0.911 0.02 0.022
1 0.292 0.972 0.024 0.028
1 0.582 0.978 0.028 0.032
1 0.629 0.896 0.014 0.032
1 0.876 0.881 0.012 0.038
1 0.938 0.987 0.02 0.022
1 0.318 0.198 0.02 0.028
1 0.331 0.09 0.018 0.032
1 0.353 0.103 0.022 0.03
1 0.079 0.136 0.022 0.028
1 0.106 0.166 0.02 0.02
1 0.063 0.154 0.022 0.02
1 0.008 0.167 0.012 0.034
1 0.112 0.398 0.028 0.02
1 0.059 0.486 0.018 0.028
1 0.008 0.438 0.012 0.028
1 0.019 0.532 0.018 0.024
1 0.272 0.498 0.016 0.028
1 0.269 0.684 0.026 0.028
1 0.138 0.568 0.024 0.024
1 0.137 0.59 0.022 0.02
1 0.082 0.504 0.02 0.032
1 0.617 0.108 0.014 0.048
1 0.67 0.029 0.02 0.018
1 0.597 0.183 0.034 0.038
1 0.461 0.198 0.018 0.036
1 0.374 0.257 0.02 0.022
1 0.69 0.22 0.016 0.02
1 0.928 0.477 0.024 0.022
1 0.546 0.477 0.04 0.034
1 0.715 0.694 0.018 0.036
1 0.413 0.972 0.026 0.036
1 0.436 0.903 0.024 0.054
1 0.386 0.829 0.04 0.026
1 0.304 0.908 0.02 0.032
1 0.293 0.881 0.018 0.026
1 0.338 0.82 0.02 0.028
1 0.36 0.862 0.02 0.02
1 0.478 0.768 0.032 0.016
1 0.505 0.827 0.03 0.026
1 0.893 0.125 0.026 0.026
1 0.893 0.083 0.03 0.026
1 0.924 0.109 0.02 0.026
1 0.991 0.018 0.014 0.036
1 0.458 0.033 0.016 0.026
1 0.458 0.991 0.024 0.014
1 0.235 0.796 0.026 0.024
1 0.019 0.306 0.03 0.024
1 0.842 0.385 0.016 0.022
2 0.919 0.565 0.026 0.026
2 0.886 0.675 0.032 0.038
2 0.945 0.776 0.014 0.024
2 0.777 0.753 0.03 0.026
2 0.796 0.275 0.024 0.058
2 0.172 0.933 0.036 0.042
2 0.894 0.88 0.024 0.032
2 0.833 0.826 0.014 0.032
2 0.243 0.134 0.03 0.04
2 0.029 0.13 0.038 0.052
2 0.291 0.536 0.026 0.04
2 0.187 0.622 0.026 0.048
2 0.232 0.681 0.02 0.026
2 0.63 0.095 0.012 0.038
2 0.582 0.198 0.032 0.024
2 0.573 0.309 0.026 0.038
2 0.646 0.325 0.032 0.018
2 0.418 0.299 0.04 0.058
2 0.334 0.254 0.02 0.02
2 0.711 0.268 0.026 0.044
2 0.753 0.293 0.034 0.03
2 0.905 0.462 0.022 0.04
2 0.826 0.541 0.024 0.038
2 0.648 0.44 0.024 0.024
2 0.823 0.042 0.026 0.036
2 0.861 0.189 0.034 0.03
2 0.514 0.187 0.072 0.082
2 0.33 0.047 0.036 0.066
2 0.492 0.977 0.048 0.042
2 0.588 0.045 0.072 0.082
2 0.126 0.358 0.032 0.048
2 0.319 0.373 0.022 0.026
2 0.499 0.547 0.03 0.026
2 0.604 0.7 0.032 0.032
2 0.469 0.817 0.018 0.018
2 0.755 0.48 0.038 0.044
2 0.855 0.533 0.03 0.03
2 0.941 0.411 0.022 0.03