0 0.903 0.831 0.034 0.038
0 0.922 0.836 0.012 0.028
0 0.851 0.928 0.03 0.052
0 0.792 0.977 0.04 0.038
0 0.734 0.954 0.028 0.028
0 0.781 0.89 0.034 0.036
0 0.802 0.864 0.02 0.028
0 0.807 0.844 0.022 0.024
0 0.752 0.828 0.012 0.024
0 0.784 0.85 0.012 0.016
0 0.783 0.828 0.018 0.028
0 0.824 0.767 0.048 0.042
0 0.784 0.753 0.048 0.042
0 0.772 0.721 0.036 0.042
0 0.982 0.547 0.032 0.05
0 0.904 0.595 0.032 0.03
0 0.867 0.627 0.046 0.054
0 0.864 0.567 0.048 0.038
0 0.756 0.582 0.02 0.04
0 0.734 0.633 0.04 0.054
0 0.969 0.489 0.026 0.026
0 0.996 0.488 0.004 0.024
0 0.997 0.428 0.002 0.02
0 0.967 0.35 0.038 0.032
0 0.966 0.379 0.048 0.042
0 0.995 0.239 0.006 0.038
0 0.943 0.158 0.042 0.06
0 0.966 0.176 0.016 0.02
0 0.975 0.153 0.022 0.026
0 0.927 0.047 0.042 0.038
0 0.908 0.012 0.04 0.02
0 0.868 0.022 0.04 0.04
0 0.783 0.009 0.038 0.014
0 0.592 0.051 0.04 0.042
0 0.64 0.078 0.04 0.044
0 0.704 0.084 0.04 0.052
0 0.821 0.119 0.034 0.05
0 0.861 0.152 0.038 0.044
0 0.818 0.184 0.036 0.048
0 0.861 0.239 0.03 0.058
0 0.885 0.282 0.05 0.056
0 0.851 0.346 0.054 0.044
0 0.802 0.326 0.044 0.036
0 0.802 0.277 0.044 0.042
0 0.786 0.242 0.06 0.04
0 0.742 0.237 0.032 0.046
0 0.751 0.206 0.03 0.032
0 0.7 0.179 0.036 0.054
0 0.653 0.204 0.034 0.048
0 0.616 0.136 0.044 0.052
0 0.541 0.167 0.034 0.042
0 0.493 0.143 0.038 0.054
0 0.477 0.069 0.042 0.046
0 0.402 0.092 0.036 0.052
0 0.46 0.011 0.044 0.018
0 0.318 0.014 0.036 0.024
0 0.291 0.06 0.034 0.04
0 0.299 0.164 0.046 0.056
0 0.057 0.02 0.038 0.036
0 0.037 0.098 0.042 0.048
0 0.004 0.135 0.004 0.034
0 0.133 0.121 0.042 0.05
0 0.093 0.161 0.03 0.05
0 0.096 0.198 0.044 0.032
0 0.111 0.222 0.022 0.028
0 0.01 0.368 0.016 0.044
0 0.013 0.34 0.022 0.044
0 0.11 0.292 0.04 0.048
0 0.081 0.328 0.038 0.052
0 0.084 0.392 0.036 0.072
0 0.029 0.41 0.026 0.056
0 0.211 0.222 0.034 0.04
0 0.202 0.209 0.028 0.034
0 0.23 0.23 0.02 0.028
0 0.219 0.271 0.038 0.05
0 0.381 0.215 0.038 0.046
0 0.429 0.152 0.03 0.048
0 0.48 0.213 0.04 0.042
0 0.456 0.26 0.044 0.048
0 0.407 0.275 0.03 0.058
0 0.009 0.534 0.014 0.036
0 0.103 0.437 0.026 0.034
0 0.132 0.463 0.02 0.022
0 0.152 0.47 0.02 0.024
0 0.201 0.376 0.034 0.036
0 0.22 0.445 0.048 0.05
0 0.249 0.436 0.03 0.032
0 0.235 0.41 0.018 0.012
0 0.303 0.371 0.03 0.046
0 0.306 0.419 0.032 0.038
0 0.359 0.349 0.034 0.046
0 0.395 0.377 0.034 0.042
0 0.894 0.465 0.036 0.022
0 0.92 0.477 0.024 0.022
0 0.85 0.494 0.056 0.068
0 0.763 0.5 0.03 0.048
0 0.73 0.472 0.024 0.016
0 0.742 0.458 0.016 0.016
0 0.712 0.438 0.028 0.024
0 0.644 0.363 0.032 0.034
0 0.699 0.36 0.03 0.024
0 0.707 0.336 0.05 0.044
0 0.697 0.29 0.038 0.04
0 0.617 0.27 0.046 0.06
0 0.571 0.31 0.038 0.052
0 0.609 0.314 0.034 0.036
0 0.65 0.48 0.036 0.044
0 0.683 0.554 0.046 0.052
0 0.607 0.605 0.03 0.046
0 0.611 0.558 0.034 0.044
0 0.558 0.502 0.044 0.044
0 0.505 0.473 0.038 0.042
0 0.124 0.545 0.04 0.046
0 0.094 0.563 0.036 0.026
0 0.178 0.516 0.036 0.052
0 0.012 0.651 0.02 0.042
0 0.061 0.617 0.03 0.05
0 0.115 0.616 0.042 0.036
0 0.258 0.627 0.032 0.046
0 0.214 0.618 0.032 0.024
0 0.3 0.561 0.036 0.05
0 0.334 0.542 0.028 0.048
0 0.354 0.589 0.024 0.046
0 0.366 0.448 0.032 0.044
0 0.447 0.541 0.034 0.042
0 0.501 0.534 0.05 0.056
0 0.658 0.69 0.028 0.044
0 0.617 0.704 0.038 0.04
0 0.601 0.664 0.042 0.048
0 0.56 0.706 0.036 0.056
0 0.588 0.72 0.028 0.036
0 0.616 0.803 0.036 0.058
0 0.58 0.799 0.04 0.038
0 0.571 0.985 0.054 0.026
0 0.462 0.646 0.04 0.044
0 0.399 0.637 0.034 0.038
0 0.428 0.705 0.032 0.046
0 0.397 0.726 0.022 0.032
0 0.378 0.73 0.016 0.024
0 0.366 0.714 0.028 0.048
0 0.076 0.67 0.044 0.048
0 0.088 0.736 0.036 0.044
0 0.126 0.72 0.024 0.028
0 0.182 0.726 0.044 0.048
0 0.235 0.707 0.046 0.05
0 0.282 0.677 0.016 0.018
0 0.268 0.764 0.036 0.044
0 0.212 0.801 0.044 0.046
0 0.134 0.818 0.02 0.04
0 0.079 0.841 0.034 0.042
0 0.018 0.824 0.032 0.044
0 0.053 0.893 0.034 0.05
0 0.022 0.962 0.04 0.06
0 0.01 0.99 0.016 0.016
0 0.148 0.991 0.036 0.014
0 0.221 0.995 0.042 0.006
0 0.27 0.986 0.052 0.024
0 0.323 0.92 0.042 0.036
0 0.396 0.897 0.024 0.026
0 0.52 0.835 0.048 0.046
0 0.474 0.87 0.044 0.04
0 0.505 0.792 0.042 0.048
0 0.453 0.767 0.034 0.042
0 0.429 0.798 0.042 0.036
0 0.442 0.826 0.044 0.032
0 0.396 0.821 0.032 0.042
0 0.312 0.84 0.036 0.044
0 0.273 0.829 0.038 0.05
0 0.252 0.903 0.048 0.038
0 0.229 0.929 0.022 0.018
0 0.209 0.919 0.03 0.026
0 0.131 0.927 0.05 0.038
0 0.536 0.876 0.032 0.028
1 0.981 0.698 0.03 0.024
1 0.874 0.972 0.024 0.02
1 0.804 0.89 0.012 0.012
1 0.769 0.832 0.01 0.008
1 0.911 0.778 0.026 0.024
1 0.898 0.734 0.024 0.02
1 0.902 0.751 0.012 0.014
1 0.995 0.598 0.006 0.024
1 0.805 0.578 0.018 0.028
1 0.786 0.575 0.012 0.014
1 0.978 0.414 0.016 0.008
1 0.943 0.478 0.01 0.012
1 0.958 0.414 0.016 0.012
1 0.925 0.018 0.01 0.012
1 0.671 0.008 0.03 0.012
1 0.603 0.015 0.014 0.022
1 0.796 0.112 0.02 0.024
1 0.892 0.1 0.016 0.016
1 0.92 0.287 0.016 0.01
1 0.781 0.232 0.018 0.02
1 0.78 0.212 0.024 0.02
1 0.568 0.152 0.024 0.016
1 0.446 0.062 0.016 0.032
1 0.548 0.098 0.008 0.016
1 0.539 0.076 0.018 0.02
1 0.359 0.025 0.018 0.03
1 0.338 0.085 0.016 0.034
1 0.229 0.113 0.022 0.026
1 0.281 0.125 0.034 0.026
1 0.09 0.011 0.024 0.018
1 0.114 0.011 0.024 0.018
1 0.022 0.07 0.024 0.02
1 0.152 0.078 0.016 0.032
1 0.126 0.21 0.008 0.024
1 0.12 0.211 0.008 0.018
1 0.14 0.242 0.024 0.012
1 0.021 0.311 0.022 0.022
1 0.424 0.214 0.02 0.02
1 0.498 0.23 0.02 0.02
1 0.082 0.507 0.016 0.022
1 0.188 0.372 0.024 0.032
1 0.217 0.382 0.01 0.008
1 0.2 0.417 0.024 0.018
1 0.245 0.42 0.026 0.016
1 0.346 0.314 0.028 0.024
1 0.877 0.448 0.022 0.02
1 0.822 0.469 0.024 0.022
1 0.838 0.479 0.016 0.022
1 0.795 0.53 0.022 0.024
1 0.787 0.496 0.006 0.012
1 0.741 0.49 0.014 0.016
1 0.717 0.456 0.018 0.016
1 0.738 0.409 0.02 0.018
1 0.726 0.419 0.008 0.006
1 0.715 0.384 0.018 0.024
1 0.676 0.376 0.032 0.032
1 0.62 0.236 0.02 0.024
1 0.683 0.412 0.046 0.024
1 0.657 0.424 0.018 0.024
1 0.636 0.409 0.012 0.014
1 0.677 0.444 0.01 0.024
1 0.757 0.535 0.018 0.03
1 0.62 0.621 0.012 0.026
1 0.547 0.431 0.018 0.03
1 0.583 0.426 0.01 0.008
1 0.199 0.645 0.034 0.026
1 0.337 0.504 0.026 0.028
1 0.375 0.483 0.018 0.014
1 0.282 0.471 0.016 0.022
1 0.408 0.434 0.024 0.024
1 0.683 0.712 0.026 0.024
1 0.662 0.942 0.024 0.036
1 0.631 0.956 0.026 0.016
1 0.629 0.97 0.014 0.016
1 0.618 0.977 0.016 0.022
1 0.526 0.601 0.02 0.018
1 0.519 0.631 0.018 0.018
1 0.354 0.678 0.02 0.032
1 0.38 0.688 0.016 0.008
1 0.125 0.769 0.03 0.018
1 0.305 0.706 0.014 0.036
1 0.025 0.886 0.014 0.02
1 0.279 0.965 0.022 0.014
1 0.398 0.953 0.024 0.022
1 0.559 0.91 0.034 0.016
1 0.711 0.885 0.018 0.018
1 0.355 0.861 0.01 0.026
1 0.302 0.902 0.02 0.008
1 0.289 0.896 0.014 0.012
1 0.121 0.993 0.018 0.01
1 0.101 0.989 0.026 0.018
1 0.089 0.978 0.022 0.024
1 0.083 0.931 0.018 0.022
1 0.541 0.898 0.014 0.016
1 0.555 0.838 0.026 0.02
1 0.61 0.889 0.024 0.038
1 0.782 0.436 0.024 0.028
1 0.014 0.238 0.008 0.012
1 0.003 0.236 0.002 0.02
2 0.921 0.272 0.026 0.02
2 0.668 0.734 0.024 0.036
2 0.287 0.886 0.018 0.02
2 0.449 0.321 0.038 0.026
2 0.575 0.34 0.022 0.016
2 0.392 0.529 0.024 0.014
2 0.229 0.034 0.026 0.032
2 0.369 0.323 0.018 0.018
2 0.53 0.379 0.02 0.026
2 0.508 0.271 0.028 0.022
2 0.514 0.055 0.016 0.038
2 0.803 0.811 0.022 0.01
2 0.792 0.802 0.02 0.016
2 0.681 0.638 0.014 0.016
2 0.288 0.704 0.02 0.024
2 0.22 0.762 0.024 0.02
2 0.192 0.973 0.024 0.022