0 0.039 0.899 0.054 0.074
0 0.071 0.859 0.034 0.054
0 0.137 0.825 0.042 0.066
0 0.064 0.785 0.04 0.038
0 0.03 0.707 0.036 0.042
0 0.074 0.667 0.04 0.066
0 0.15 0.671 0.044 0.074
0 0.293 0.73 0.042 0.052
0 0.264 0.793 0.044 0.046
0 0.3 0.851 0.06 0.054
0 0.266 0.93 0.032 0.036
0 0.211 0.934 0.046 0.08
0 0.267 0.899 0.03 0.03
0 0.027 0.985 0.034 0.026
0 0.385 0.977 0.05 0.042
0 0.458 0.952 0.06 0.092
0 0.572 0.969 0.04 0.058
0 0.631 0.991 0.03 0.014
0 0.695 0.983 0.034 0.03
0 0.755 0.96 0.03 0.044
0 0.801 0.957 0.038 0.046
0 0.855 0.974 0.03 0.048
0 0.933 0.967 0.082 0.062
0 0.979 0.884 0.038 0.044
0 0.95 0.871 0.036 0.042
0 0.992 0.75 0.012 0.056
0 0.974 0.774 0.036 0.048
0 0.906 0.74 0.04 0.06
0 0.966 0.693 0.044 0.062
0 0.877 0.662 0.034 0.056
0 0.816 0.691 0.036 0.066
0 0.776 0.742 0.044 0.072
0 0.7 0.802 0.036 0.064
0 0.636 0.64 0.028 0.032
0 0.717 0.646 0.046 0.064
0 0.728 0.61 0.032 0.048
0 0.777 0.617 0.03 0.038
0 0.8 0.54 0.032 0.052
0 0.775 0.541 0.042 0.07
0 0.717 0.507 0.042 0.086
0 0.756 0.512 0.024 0.056
0 0.831 0.526 0.034 0.068
0 0.807 0.462 0.038 0.056
0 0.765 0.376 0.034 0.056
0 0.811 0.352 0.034 0.044
0 0.837 0.3 0.03 0.06
0 0.799 0.284 0.046 0.088
0 0.954 0.302 0.044 0.064
0 0.996 0.334 0.004 0.044
0 0.987 0.242 0.022 0.052
0 0.92 0.191 0.036 0.05
0 0.903 0.099 0.038 0.042
0 0.978 0.115 0.04 0.074
0 0.993 0.074 0.01 0.036
0 0.963 0.046 0.03 0.024
0 0.986 0.011 0.024 0.018
0 0.901 0.021 0.05 0.038
0 0.789 0.017 0.038 0.03
0 0.84 0.133 0.032 0.05
0 0.809 0.124 0.022 0.028
0 0.794 0.206 0.036 0.06
0 0.767 0.178 0.026 0.032
0 0.764 0.157 0.036 0.038
0 0.754 0.132 0.036 0.032
0 0.694 0.105 0.04 0.09
0 0.69 0.182 0.024 0.056
0 0.726 0.235 0.036 0.082
0 0.604 0.208 0.052 0.088
0 0.561 0.112 0.042 0.048
0 0.497 0.079 0.054 0.078
0 0.485 0.169 0.03 0.05
0 0.507 0.199 0.054 0.05
0 0.415 0.152 0.03 0.06
0 0.382 0.12 0.028 0.032
0 0.316 0.063 0.044 0.042
0 0.287 0.066 0.05 0.06
0 0.298 0.178 0.064 0.048
0 0.348 0.227 0.032 0.074
0 0.367 0.268 0.03 0.056
0 0.336 0.291 0.04 0.054
0 0.312 0.261 0.048 0.05
0 0.282 0.281 0.028 0.038
0 0.258 0.308 0.032 0.068
0 0.221 0.28 0.03 0.044
0 0.168 0.348 0.036 0.06
0 0.185 0.367 0.022 0.022
0 0.117 0.329 0.066 0.078
0 0.049 0.383 0.05 0.082
0 0.019 0.41 0.038 0.06
0 0.076 0.449 0.044 0.106
0 0.102 0.536 0.044 0.052
0 0.106 0.617 0.044 0.05
0 0.182 0.616 0.024 0.028
0 0.209 0.539 0.026 0.05
0 0.28 0.551 0.048 0.054
0 0.272 0.673 0.028 0.05
0 0.398 0.665 0.036 0.074
0 0.33 0.641 0.032 0.05
0 0.486 0.632 0.048 0.052
0 0.545 0.628 0.042 0.052
0 0.598 0.606 0.032 0.048
0 0.64 0.515 0.028 0.054
0 0.577 0.489 0.03 0.042
0 0.539 0.417 0.05 0.11
0 0.592 0.397 0.032 0.054
0 0.505 0.332 0.054 0.084
0 0.483 0.279 0.046 0.082
0 0.461 0.245 0.034 0.058
0 0.414 0.262 0.04 0.056
0 0.381 0.201 0.042 0.066
0 0.641 0.086 0.03 0.064
0 0.214 0.044 0.032 0.052
0 0.242 0.119 0.04 0.042
0 0.184 0.082 0.024 0.044
0 0.218 0.216 0.036 0.064
0 0.093 0.17 0.038 0.06
0 0.017 0.092 0.034 0.064
0 0.065 0.018 0.042 0.032
0 0.143 0.01 0.038 0.016
0 0.066 0.256 0.056 0.08
0 0.261 0.424 0.038 0.056
0 0.288 0.401 0.032 0.046
0 0.332 0.434 0.028 0.072
0 0.362 0.444 0.028 0.04
0 0.363 0.515 0.046 0.062
0 0.406 0.39 0.052 0.056
0 0.266 0.494 0.028 0.044
0 0.018 0.565 0.036 0.07
0 0.01 0.621 0.02 0.038
0 0.396 0.804 0.028 0.032
0 0.442 0.786 0.044 0.068
0 0.518 0.829 0.04 0.038
0 0.528 0.89 0.048 0.068
0 0.623 0.888 0.034 0.032
0 0.662 0.897 0.048 0.094
0 0.613 0.82 0.066 0.08
0 0.548 0.802 0.048 0.06
0 0.511 0.774 0.046 0.072
0 0.366 0.932 0.036 0.056
0 0.964 0.466 0.06 0.084
0 0.992 0.472 0.012 0.08
1 0.077 0.903 0.034 0.042
1 0.177 0.774 0.03 0.036
1 0.101 0.678 0.018 0.02
1 0.316 0.81 0.02 0.02
1 0.285 0.884 0.022 0.02
1 0.232 0.885 0.028 0.03
1 0.139 0.949 0.018 0.03
1 0.823 0.994 0.026 0.008
1 0.833 0.934 0.022 0.024
1 0.826 0.911 0.02 0.022
1 0.783 0.897 0.022 0.026
1 0.733 0.948 0.022 0.024
1 0.872 0.87 0.02 0.04
1 0.876 0.94 0.024 0.024
1 0.984 0.922 0.028 0.016
1 0.993 0.861 0.01 0.014
1 0.984 0.85 0.012 0.028
1 0.964 0.608 0.024 0.028
1 0.968 0.573 0.024 0.022
1 0.885 0.605 0.022 0.026
1 0.856 0.718 0.02 0.044
1 0.831 0.76 0.03 0.028
1 0.788 0.796 0.024 0.024
1 0.704 0.738 0.02 0.028
1 0.622 0.768 0.028 0.044
1 0.609 0.708 0.014 0.024
1 0.656 0.663 0.02 0.022
1 0.711 0.46 0.03 0.024
1 0.769 0.475 0.026 0.014
1 0.858 0.521 0.02 0.026
1 0.816 0.494 0.02 0.02
1 0.857 0.35 0.026 0.028
1 0.928 0.163 0.028 0.022
1 0.658 0.24 0.02 0.02
1 0.686 0.229 0.028 0.026
1 0.684 0.264 0.032 0.032
1 0.639 0.24 0.022 0.036
1 0.291 0.103 0.038 0.026
1 0.341 0.145 0.038 0.038
1 0.292 0.158 0.024 0.02
1 0.308 0.225 0.02 0.03
1 0.131 0.552 0.018 0.04
1 0.268 0.62 0.02 0.024
1 0.326 0.585 0.02 0.026
1 0.436 0.613 0.028 0.022
1 0.564 0.558 0.02 0.028
1 0.613 0.574 0.026 0.028
1 0.641 0.583 0.018 0.03
1 0.577 0.453 0.018 0.034
1 0.507 0.477 0.026 0.022
1 0.479 0.464 0.026 0.02
1 0.467 0.435 0.026 0.026
1 0.575 0.355 0.022 0.026
1 0.614 0.342 0.02 0.036
1 0.434 0.224 0.02 0.032
1 0.607 0.094 0.018 0.04
1 0.599 0.037 0.018 0.03
1 0.594 0.006 0.016 0.008
1 0.432 0.055 0.032 0.038
1 0.368 0.008 0.024 0.012
1 0.26 0.006 0.024 0.008
1 0.192 0.109 0.024 0.03
1 0.174 0.178 0.028 0.02
1 0.145 0.233 0.026 0.022
1 0.065 0.12 0.026 0.032
1 0.041 0.068 0.022 0.024
1 0.004 0.052 0.008 0.024
1 0.036 0.304 0.024 0.024
1 0.302 0.488 0.02 0.032
1 0.294 0.51 0.024 0.028
1 0.176 0.427 0.02 0.03
1 0.16 0.423 0.024 0.038
1 0.154 0.4 0.02 0.02
1 0.105 0.723 0.026 0.03
1 0.544 0.736 0.024 0.024
1 0.584 0.906 0.02 0.028
1 0.918 0.432 0.02 0.024
1 0.948 0.391 0.024 0.034
1 0.869 0.8 0.03 0.036
1 0.714 0.34 0.02 0.036
1 0.861 0.274 0.018 0.028
2 0.716 0.778 0.028 0.048
2 0.822 0.068 0.032 0.032
2 0.864 0.182 0.02 0.032
2 0.707 0.062 0.042 0.068
2 0.713 0.012 0.026 0.02
2 0.34 0.613 0.036 0.046
2 0.399 0.6 0.026 0.048
2 0.551 0.472 0.034 0.048
2 0.471 0.408 0.038 0.032
2 0.528 0.229 0.036 0.058
2 0.626 0.147 0.036 0.05
2 0.032 0.248 0.036 0.088
2 0.071 0.521 0.018 0.038
2 0.104 0.577 0.012 0.03
2 0.922 0.392 0.044 0.064
2 0.119 0.466 0.034 0.04
2 0.16 0.485 0.036 0.042
2 0.489 0.559 0.042 0.042
2 0.467 0.685 0.042 0.026
2 0.339 0.979 0.05 0.038
2 0.695 0.874 0.022 0.028