0 0.06 0.994 0.032 0.008
0 0.058 0.955 0.028 0.054
0 0.012 0.939 0.024 0.054
0 0.016 0.905 0.024 0.038
0 0.156 0.991 0.028 0.014
0 0.133 0.943 0.038 0.046
0 0.228 0.984 0.024 0.028
0 0.269 0.981 0.042 0.034
0 0.412 0.979 0.04 0.038
0 0.484 0.989 0.036 0.018
0 0.377 0.933 0.026 0.038
0 0.419 0.935 0.034 0.038
0 0.314 0.943 0.036 0.05
0 0.26 0.906 0.028 0.036
0 0.203 0.918 0.034 0.04
0 0.184 0.893 0.02 0.046
0 0.161 0.88 0.03 0.036
0 0.036 0.838 0.028 0.048
0 0.087 0.818 0.042 0.044
0 0.117 0.825 0.026 0.042
0 0.014 0.75 0.028 0.044
0 0.014 0.655 0.024 0.042
0 0.031 0.62 0.026 0.032
0 0.063 0.638 0.034 0.04
0 0.109 0.608 0.026 0.036
0 0.05 0.571 0.036 0.026
0 0.007 0.516 0.014 0.04
0 0.08 0.556 0.028 0.028
0 0.081 0.527 0.026 0.03
0 0.047 0.484 0.026 0.028
0 0.023 0.404 0.026 0.044
0 0.002 0.387 0.004 0.034
0 0.055 0.413 0.026 0.03
0 0.077 0.397 0.034 0.03
0 0.04 0.359 0.04 0.03
0 0.063 0.326 0.034 0.028
0 0.092 0.352 0.032 0.036
0 0.032 0.259 0.028 0.03
0 0.019 0.29 0.01 0.024
0 0.005 0.297 0.01 0.022
0 0.004 0.273 0.008 0.022
0 0.003 0.245 0.006 0.014
0 0.011 0.214 0.022 0.04
0 0.031 0.117 0.038 0.038
0 0.016 0.047 0.032 0.05
0 0.072 0.047 0.032 0.026
0 0.132 0.025 0.028 0.038
0 0.248 0.024 0.044 0.044
0 0.224 0.091 0.052 0.054
0 0.176 0.119 0.032 0.038
0 0.244 0.152 0.04 0.04
0 0.297 0.155 0.046 0.05
0 0.185 0.183 0.034 0.034
0 0.189 0.231 0.034 0.026
0 0.256 0.217 0.048 0.034
0 0.101 0.217 0.038 0.038
0 0.077 0.206 0.034 0.036
0 0.079 0.172 0.022 0.028
0 0.145 0.282 0.026 0.036
0 0.118 0.275 0.024 0.034
0 0.14 0.331 0.02 0.034
0 0.16 0.343 0.028 0.042
0 0.168 0.32 0.02 0.02
0 0.21 0.307 0.032 0.034
0 0.204 0.343 0.036 0.034
0 0.233 0.341 0.018 0.018
0 0.238 0.319 0.032 0.026
0 0.264 0.345 0.044 0.038
0 0.291 0.36 0.034 0.036
0 0.271 0.387 0.038 0.026
0 0.235 0.439 0.034 0.034
0 0.201 0.431 0.03 0.034
0 0.177 0.402 0.022 0.016
0 0.148 0.469 0.032 0.034
0 0.132 0.515 0.016 0.026
0 0.146 0.511 0.016 0.022
0 0.161 0.552 0.042 0.04
0 0.209 0.539 0.03 0.034
0 0.309 0.544 0.03 0.036
0 0.353 0.538 0.03 0.028
0 0.344 0.564 0.028 0.032
0 0.317 0.603 0.038 0.042
0 0.258 0.619 0.028 0.03
0 0.242 0.617 0.024 0.026
0 0.197 0.622 0.03 0.028
0 0.174 0.64 0.02 0.028
0 0.161 0.66 0.03 0.032
0 0.183 0.691 0.03 0.03
0 0.224 0.691 0.036 0.042
0 0.155 0.715 0.014 0.026
0 0.166 0.733 0.012 0.03
0 0.144 0.793 0.02 0.022
0 0.156 0.834 0.028 0.04
0 0.184 0.819 0.036 0.03
0 0.291 0.834 0.034 0.04
0 0.403 0.057 0.05 0.05
0 0.467 0.063 0.042 0.046
0 0.478 0.005 0.02 0.006
0 0.386 0.135 0.048 0.046
0 0.506 0.138 0.028 0.032
0 0.518 0.127 0.032 0.026
0 0.559 0.077 0.062 0.062
0 0.605 0.109 0.05 0.05
0 0.684 0.082 0.044 0.044
0 0.77 0.031 0.048 0.054
0 0.819 0.016 0.042 0.028
0 0.987 0.054 0.022 0.056
0 0.951 0.1 0.022 0.044
0 0.9 0.044 0.032 0.04
0 0.994 0.183 0.008 0.05
0 0.941 0.212 0.038 0.064
0 0.891 0.218 0.034 0.06
0 0.859 0.233 0.042 0.062
0 0.671 0.166 0.026 0.032
0 0.712 0.195 0.036 0.046
0 0.553 0.173 0.03 0.034
0 0.547 0.208 0.034 0.032
0 0.541 0.245 0.042 0.034
0 0.473 0.278 0.03 0.044
0 0.524 0.307 0.032 0.042
0 0.559 0.347 0.034 0.03
0 0.448 0.322 0.032 0.016
0 0.356 0.245 0.032 0.034
0 0.385 0.252 0.038 0.044
0 0.264 0.297 0.016 0.03
0 0.298 0.298 0.024 0.036
0 0.325 0.336 0.026 0.032
0 0.377 0.38 0.03 0.028
0 0.385 0.361 0.03 0.022
0 0.433 0.377 0.03 0.03
0 0.634 0.232 0.032 0.024
0 0.63 0.25 0.044 0.024
0 0.613 0.275 0.018 0.018
0 0.592 0.27 0.028 0.024
0 0.613 0.312 0.038 0.04
0 0.701 0.283 0.034 0.042
0 0.752 0.289 0.036 0.038
0 0.925 0.356 0.034 0.036
0 0.948 0.276 0.016 0.02
0 0.99 0.322 0.016 0.028
0 0.982 0.351 0.032 0.038
0 0.938 0.431 0.036 0.038
0 0.9 0.431 0.032 0.03
0 0.984 0.514 0.028 0.028
0 0.983 0.552 0.026 0.04
0 0.971 0.494 0.026 0.02
0 0.951 0.494 0.014 0.024
0 0.871 0.459 0.034 0.034
0 0.847 0.482 0.022 0.02
0 0.803 0.453 0.038 0.046
0 0.826 0.409 0.024 0.026
0 0.794 0.409 0.04 0.03
0 0.745 0.348 0.03 0.032
0 0.733 0.383 0.05 0.038
0 0.703 0.405 0.046 0.034
0 0.682 0.357 0.028 0.038
0 0.616 0.364 0.028 0.036
0 0.638 0.406 0.032 0.024
0 0.612 0.436 0.028 0.032
0 0.584 0.41 0.036 0.028
0 0.568 0.432 0.036 0.036
0 0.527 0.384 0.03 0.028
0 0.528 0.412 0.028 0.028
0 0.48 0.381 0.024 0.038
0 0.402 0.417 0.016 0.026
0 0.42 0.429 0.02 0.034
0 0.324 0.43 0.036 0.032
0 0.343 0.432 0.014 0.028
0 0.338 0.467 0.032 0.03
0 0.297 0.471 0.038 0.03
0 0.248 0.487 0.04 0.05
0 0.201 0.768 0.026 0.04
0 0.237 0.757 0.03 0.03
0 0.248 0.781 0.028 0.022
0 0.249 0.714 0.022 0.044
0 0.263 0.719 0.01 0.026
0 0.272 0.703 0.016 0.038
0 0.289 0.724 0.018 0.036
0 0.308 0.733 0.024 0.034
0 0.288 0.64 0.04 0.036
0 0.308 0.676 0.028 0.02
0 0.315 0.639 0.018 0.026
0 0.342 0.648 0.032 0.032
0 0.375 0.689 0.03 0.034
0 0.428 0.714 0.024 0.032
0 0.444 0.733 0.02 0.022
0 0.375 0.769 0.034 0.03
0 0.32 0.772 0.032 0.032
0 0.411 0.486 0.034 0.032
0 0.402 0.506 0.016 0.02
0 0.459 0.483 0.042 0.034
0 0.455 0.516 0.03 0.032
0 0.459 0.545 0.03 0.03
0 0.494 0.498 0.024 0.032
0 0.524 0.5 0.028 0.04
0 0.511 0.534 0.034 0.028
0 0.498 0.594 0.028 0.032
0 0.462 0.586 0.028 0.024
0 0.453 0.61 0.03 0.048
0 0.418 0.613 0.032 0.03
0 0.419 0.588 0.026 0.032
0 0.588 0.473 0.044 0.034
0 0.681 0.473 0.034 0.034
0 0.684 0.502 0.024 0.036
0 0.668 0.525 0.024 0.03
0 0.742 0.437 0.028 0.018
0 0.726 0.444 0.02 0.012
0 0.738 0.48 0.048 0.052
0 0.768 0.477 0.024 0.042
0 0.764 0.513 0.024 0.038
0 0.725 0.528 0.034 0.036
0 0.701 0.564 0.034 0.044
0 0.669 0.572 0.03 0.036
0 0.596 0.586 0.028 0.04
0 0.624 0.625 0.028 0.05
0 0.555 0.635 0.026 0.038
0 0.468 0.695 0.036 0.034
0 0.494 0.674 0.028 0.032
0 0.517 0.717 0.03 0.034
0 0.406 0.834 0.028 0.04
0 0.446 0.861 0.024 0.034
0 0.491 0.843 0.034 0.038
0 0.464 0.846 0.016 0.028
0 0.478 0.808 0.024 0.028
0 0.55 0.731 0.02 0.042
0 0.6 0.75 0.024 0.032
0 0.585 0.764 0.018 0.028
0 0.587 0.825 0.034 0.046
0 0.612 0.833 0.02 0.026
0 0.611 0.798 0.018 0.024
0 0.652 0.825 0.044 0.038
0 0.549 0.866 0.03 0.032
0 0.504 0.898 0.032 0.028
0 0.478 0.917 0.024 0.022
0 0.558 0.911 0.024 0.022
0 0.581 0.901 0.026 0.022
0 0.527 0.951 0.026 0.03
0 0.586 0.967 0.028 0.034
0 0.58 0.939 0.032 0.022
0 0.889 0.526 0.034 0.036
0 0.858 0.521 0.024 0.026
0 0.809 0.553 0.03 0.046
0 0.748 0.597 0.02 0.034
0 0.716 0.607 0.024 0.038
0 0.791 0.591 0.03 0.038
0 0.816 0.593 0.028 0.026
0 0.833 0.604 0.026 0.032
0 0.603 0.675 0.026 0.026
0 0.638 0.678 0.02 0.044
0 0.681 0.767 0.042 0.03
0 0.677 0.724 0.026 0.024
0 0.668 0.7 0.024 0.028
0 0.705 0.704 0.026 0.04
0 0.691 0.667 0.042 0.042
0 0.737 0.671 0.034 0.054
0 0.76 0.728 0.032 0.036
0 0.782 0.705 0.024 0.03
0 0.802 0.683 0.032 0.038
0 0.847 0.551 0.018 0.038
0 0.906 0.579 0.032 0.026
0 0.895 0.6 0.034 0.028
0 0.991 0.645 0.014 0.042
0 0.913 0.66 0.026 0.032
0 0.87 0.644 0.036 0.032
0 0.927 0.706 0.026 0.024
0 0.887 0.714 0.03 0.04
0 0.884 0.749 0.024 0.042
0 0.908 0.75 0.028 0.052
0 0.994 0.723 0.008 0.038
0 0.984 0.752 0.028 0.032
0 0.962 0.763 0.032 0.022
0 0.987 0.799 0.022 0.034
0 0.948 0.787 0.032 0.034
0 0.941 0.817 0.034 0.022
0 0.763 0.768 0.034 0.024
0 0.752 0.814 0.028 0.024
0 0.741 0.832 0.022 0.028
0 0.78 0.83 0.028 0.032
0 0.845 0.843 0.026 0.03
0 0.753 0.865 0.03 0.038
0 0.817 0.879 0.038 0.034
0 0.776 0.905 0.032 0.03
0 0.68 0.932 0.036 0.036
0 0.718 0.946 0.032 0.032
0 0.667 0.987 0.038 0.022
0 0.703 0.981 0.022 0.014
0 0.793 0.992 0.026 0.012
0 0.845 0.981 0.03 0.034
0 0.889 0.991 0.05 0.014
0 0.989 0.981 0.018 0.038
0 0.805 0.952 0.034 0.028
0 0.774 0.958 0.02 0.028
0 0.848 0.936 0.036 0.028
0 0.877 0.832 0.038 0.02
0 0.882 0.854 0.028 0.028
0 0.898 0.877 0.016 0.018
0 0.932 0.875 0.044 0.026
0 0.936 0.901 0.036 0.022
0 0.937 0.92 0.03 0.044
0 0.904 0.927 0.028 0.038
0 0.922 0.96 0.024 0.02
0 0.931 0.948 0.03 0.016
0 0.968 0.947 0.024 0.022
0 0.994 0.902 0.008 0.032
0 0.987 0.843 0.014 0.022
0 0.996 0.848 0.004 0.024
1 0.283 0.889 0.018 0.022
1 0.291 0.881 0.014 0.014
1 0.106 0.886 0.02 0.024
1 0.058 0.818 0.016 0.02
1 0.004 0.788 0.008 0.032
1 0.061 0.301 0.014 0.014
1 0.071 0.307 0.01 0.01
1 0.006 0.147 0.012 0.022
1 0.032 0.167 0.02 0.018
1 0.056 0.039 0.008 0.01
1 0.073 0.03 0.026 0.012
1 0.218 0.168 0.016 0.024
1 0.164 0.202 0.028 0.02
1 0.274 0.414 0.02 0.02
1 0.182 0.538 0.012 0.008
1 0.182 0.527 0.016 0.014
1 0.205 0.51 0.022 0.02
1 0.242 0.555 0.016 0.022
1 0.178 0.614 0.008 0.012
1 0.018 0.714 0.012 0.012
1 0.123 0.771 0.014 0.042
1 0.184 0.801 0.024 0.014
1 0.218 0.813 0.016 0.014
1 0.505 0.081 0.022 0.022
1 0.445 0.141 0.03 0.026
1 0.648 0.09 0.016 0.028
1 0.676 0.018 0.032 0.032
1 0.789 0.013 0.018 0.022
1 0.959 0.024 0.022 0.032
1 0.988 0.092 0.016 0.012
1 0.933 0.119 0.014 0.026
1 0.865 0.264 0.018 0.016
1 0.62 0.163 0.028 0.03
1 0.448 0.292 0.012 0.012
1 0.446 0.28 0.016 0.012
1 0.519 0.325 0.01 0.01
1 0.503 0.345 0.03 0.014
1 0.465 0.333 0.014 0.01
1 0.385 0.299 0.014 0.026
1 0.407 0.248 0.014 0.016
1 0.782 0.314 0.012 0.02
1 0.788 0.314 0.008 0.02
1 0.801 0.298 0.01 0.012
1 0.933 0.336 0.018 0.008
1 0.981 0.31 0.014 0.024
1 0.994 0.373 0.008 0.022
1 0.986 0.404 0.016 0.02
1 0.977 0.426 0.014 0.016
1 0.648 0.394 0.02 0.024
1 0.261 0.663 0.022 0.018
1 0.383 0.633 0.03 0.03
1 0.413 0.659 0.014 0.014
1 0.518 0.557 0.012 0.01
1 0.507 0.56 0.022 0.008
1 0.537 0.581 0.026 0.026
1 0.689 0.44 0.018 0.016
1 0.764 0.539 0.016 0.014
1 0.653 0.597 0.014 0.018
1 0.547 0.617 0.018 0.042
1 0.367 0.87 0.022 0.02
1 0.351 0.832 0.022 0.02
1 0.385 0.801 0.01 0.014
1 0.497 0.785 0.026 0.014
1 0.531 0.754 0.022 0.012
1 0.559 0.753 0.018 0.026
1 0.908 0.544 0.02 0.016
1 0.762 0.586 0.016 0.028
1 0.564 0.676 0.012 0.02
1 0.621 0.716 0.026 0.02
1 0.762 0.688 0.016 0.024
1 0.804 0.739 0.02 0.018
1 0.834 0.713 0.012 0.01
1 0.89 0.777 0.016 0.018
1 0.96 0.729 0.02 0.022
1 0.812 0.83 0.02 0.024
1 0.651 0.889 0.014 0.022
1 0.686 0.907 0.02 0.022
1 0.92 0.862 0.02 0.016
1 0.735 0.91 0.01 0.016
2 0.935 0.486 0.018 0.024
2 0.911 0.533 0.018 0.014
2 0.833 0.696 0.014 0.024
2 0.692 0.878 0.024 0.028
2 0.655 0.968 0.018 0.028