0 0.645 0.512 0.046 0.056
0 0.858 0.062 0.052 0.068
0 0.723 0.091 0.046 0.05
0 0.893 0.113 0.022 0.026
0 0.734 0.151 0.028 0.022
0 0.937 0.055 0.03 0.05
0 0.973 0.058 0.05 0.08
0 0.762 0.088 0.028 0.04
0 0.754 0.118 0.016 0.032
0 0.806 0.138 0.024 0.036
0 0.916 0.179 0.048 0.042
0 0.85 0.259 0.044 0.05
0 0.951 0.244 0.05 0.072
0 0.971 0.26 0.054 0.064
0 0.976 0.304 0.04 0.032
0 0.77 0.24 0.06 0.056
0 0.715 0.361 0.03 0.058
0 0.805 0.325 0.046 0.05
0 0.885 0.349 0.046 0.054
0 0.946 0.312 0.028 0.032
0 0.781 0.383 0.054 0.066
0 0.695 0.263 0.046 0.074
0 0.64 0.177 0.016 0.03
0 0.548 0.041 0.036 0.042
0 0.598 0.083 0.044 0.07
0 0.612 0.114 0.028 0.044
0 0.943 0.404 0.038 0.084
0 0.852 0.491 0.032 0.042
0 0.89 0.477 0.048 0.062
0 0.881 0.449 0.03 0.022
0 0.948 0.563 0.052 0.062
0 0.842 0.558 0.04 0.044
0 0.939 0.626 0.042 0.056
0 0.876 0.667 0.02 0.03
0 0.962 0.674 0.06 0.084
0 0.942 0.785 0.044 0.062
0 0.88 0.775 0.036 0.042
0 0.861 0.758 0.034 0.036
0 0.818 0.741 0.036 0.026
0 0.932 0.887 0.024 0.03
0 0.959 0.916 0.034 0.04
0 0.983 0.972 0.03 0.04
0 0.954 0.987 0.052 0.022
0 0.904 0.984 0.036 0.028
0 0.824 0.944 0.036 0.016
0 0.837 0.932 0.034 0.02
0 0.804 0.989 0.036 0.018
0 0.722 0.964 0.032 0.044
0 0.679 0.964 0.026 0.024
0 0.671 0.984 0.034 0.028
0 0.611 0.982 0.038 0.032
0 0.65 0.92 0.024 0.036
0 0.614 0.898 0.032 0.064
0 0.807 0.842 0.03 0.04
0 0.727 0.848 0.054 0.088
0 0.669 0.832 0.042 0.036
0 0.691 0.815 0.034 0.026
0 0.725 0.765 0.042 0.038
0 0.649 0.783 0.038 0.062
0 0.619 0.814 0.018 0.024
0 0.56 0.802 0.056 0.064
0 0.44 0.87 0.044 0.076
0 0.503 0.789 0.026 0.05
0 0.454 0.785 0.032 0.058
0 0.483 0.919 0.034 0.042
0 0.547 0.954 0.046 0.068
0 0.564 0.981 0.048 0.034
0 0.432 0.965 0.06 0.05
0 0.339 0.876 0.034 0.056
0 0.279 0.866 0.034 0.052
0 0.291 0.968 0.03 0.044
0 0.261 0.958 0.038 0.052
0 0.249 0.981 0.034 0.034
0 0.619 0.739 0.03 0.034
0 0.729 0.637 0.038 0.078
0 0.815 0.595 0.038 0.066
0 0.75 0.552 0.028 0.04
0 0.785 0.521 0.05 0.062
0 0.737 0.465 0.018 0.026
0 0.667 0.652 0.054 0.092
0 0.577 0.702 0.022 0.024
0 0.497 0.675 0.034 0.05
0 0.523 0.614 0.034 0.032
0 0.551 0.587 0.026 0.038
0 0.663 0.478 0.038 0.028
0 0.663 0.446 0.042 0.056
0 0.604 0.378 0.052 0.08
0 0.582 0.426 0.032 0.04
0 0.599 0.295 0.058 0.062
0 0.566 0.279 0.036 0.054
0 0.518 0.351 0.016 0.03
0 0.521 0.331 0.034 0.014
0 0.549 0.348 0.038 0.016
0 0.511 0.286 0.046 0.044
0 0.416 0.356 0.04 0.08
0 0.448 0.322 0.048 0.068
0 0.475 0.306 0.038 0.052
0 0.511 0.217 0.054 0.082
0 0.537 0.201 0.026 0.034
0 0.44 0.231 0.04 0.054
0 0.496 0.444 0.032 0.044
0 0.468 0.451 0.02 0.038
0 0.313 0.318 0.046 0.084
0 0.356 0.377 0.044 0.082
0 0.317 0.209 0.05 0.074
0 0.433 0.048 0.042 0.06
0 0.411 0.471 0.038 0.066
0 0.422 0.546 0.028 0.06
0 0.404 0.69 0.048 0.056
0 0.432 0.785 0.024 0.022
0 0.435 0.759 0.034 0.034
0 0.313 0.714 0.042 0.052
0 0.289 0.744 0.042 0.032
0 0.385 0.645 0.026 0.046
0 0.401 0.615 0.046 0.05
0 0.26 0.512 0.028 0.036
0 0.309 0.489 0.034 0.054
0 0.334 0.466 0.02 0.024
0 0.322 0.535 0.028 0.018
0 0.251 0.58 0.034 0.032
0 0.226 0.588 0.036 0.052
0 0.186 0.553 0.032 0.058
0 0.155 0.631 0.034 0.05
0 0.251 0.461 0.038 0.038
0 0.225 0.435 0.038 0.054
0 0.17 0.472 0.028 0.052
0 0.151 0.407 0.03 0.038
0 0.131 0.465 0.054 0.078
0 0.148 0.537 0.036 0.05
0 0.148 0.567 0.032 0.022
0 0.085 0.453 0.034 0.062
0 0.104 0.387 0.056 0.074
0 0.094 0.317 0.036 0.058
0 0.196 0.212 0.036 0.036
0 0.181 0.181 0.042 0.062
0 0.294 0.165 0.032 0.042
0 0.279 0.204 0.022 0.028
0 0.271 0.178 0.03 0.036
0 0.228 0.169 0.04 0.082
0 0.259 0.075 0.058 0.07
0 0.377 0.138 0.034 0.04
0 0.175 0.319 0.03 0.026
0 0.148 0.183 0.016 0.026
0 0.226 0.033 0.032 0.03
0 0.214 0.012 0.044 0.024
0 0.066 0.053 0.032 0.054
0 0.111 0.034 0.054 0.068
0 0.334 0.396 0.024 0.024
0 0.061 0.237 0.038 0.05
0 0.062 0.287 0.044 0.058
0 0.012 0.275 0.02 0.054
0 0.016 0.418 0.028 0.036
0 0.022 0.474 0.032 0.056
0 0.06 0.183 0.04 0.062
0 0.239 0.724 0.034 0.06
0 0.218 0.761 0.028 0.038
0 0.223 0.845 0.042 0.058
0 0.208 0.91 0.024 0.028
0 0.175 0.947 0.022 0.022
0 0.138 0.923 0.02 0.022
0 0.167 0.761 0.034 0.042
0 0.172 0.714 0.032 0.048
0 0.061 0.836 0.034 0.068
0 0.036 0.819 0.02 0.026
0 0.031 0.677 0.022 0.026
0 0.034 0.752 0.036 0.064
0 0.054 0.768 0.02 0.028
0 0.094 0.678 0.024 0.036
0 0.091 0.713 0.03 0.05
0 0.092 0.748 0.036 0.036
0 0.107 0.975 0.03 0.042
0 0.774 0.344 0.028 0.024
0 0.598 0.192 0.04 0.064
0 0.903 0.6 0.046 0.048
0 0.845 0.844 0.026 0.028
0 0.532 0.938 0.032 0.036
0 0.474 0.968 0.036 0.044
0 0.628 0.441 0.032 0.038
0 0.316 0.569 0.032 0.05
0 0.238 0.653 0.036 0.046
0 0.98 0.178 0.036 0.08
0 0.483 0.112 0.05 0.056
0 0.639 0.129 0.046 0.074
0 0.65 0.02 0.04 0.04
0 0.811 0.01 0.03 0.02
0 0.991 0.533 0.014 0.058
0 0.99 0.78 0.016 0.044
0 0.983 0.89 0.03 0.028
0 0.626 0.679 0.024 0.03
0 0.541 0.607 0.018 0.026
0 0.513 0.755 0.022 0.018
0 0.317 0.984 0.042 0.028
0 0.169 0.986 0.022 0.024
0 0.461 0.587 0.018 0.034
0 0.467 0.563 0.03 0.022
0 0.018 0.018 0.032 0.036
0 0.402 0.014 0.04 0.028
1 0.707 0.547 0.018 0.026
1 0.338 0.67 0.02 0.024
1 0.139 0.284 0.018 0.024
1 0.007 0.323 0.01 0.026
1 0.785 0.296 0.022 0.02
1 0.242 0.942 0.02 0.02
1 0.967 0.005 0.03 0.01
1 0.996 0.602 0.004 0.028
1 0.997 0.445 0.002 0.018
1 0.645 0.657 0.018 0.018
1 0.132 0.994 0.024 0.008
1 0.006 0.041 0.008 0.038
1 0.368 0.011 0.02 0.018
2 0.37 0.08 0.028 0.032
2 0.91 0.026 0.02 0.04
2 0.876 0.223 0.02 0.042
2 0.727 0.128 0.026 0.02
2 0.697 0.04 0.062 0.028
2 0.751 0.413 0.018 0.034
2 0.851 0.446 0.022 0.04
2 0.912 0.539 0.024 0.034
2 0.923 0.511 0.038 0.03
2 0.923 0.724 0.042 0.036
2 0.792 0.747 0.016 0.018
2 0.957 0.84 0.042 0.04
2 0.933 0.826 0.01 0.02
2 0.823 0.986 0.026 0.024
2 0.774 0.974 0.028 0.032
2 0.703 0.927 0.034 0.026
2 0.56 0.856 0.028 0.028
2 0.537 0.832 0.03 0.036
2 0.236 0.993 0.024 0.01
2 0.491 0.525 0.034 0.058
2 0.795 0.641 0.038 0.046
2 0.619 0.274 0.022 0.024
2 0.459 0.385 0.034 0.034
2 0.364 0.323 0.036 0.05
2 0.379 0.713 0.026 0.034
2 0.375 0.437 0.038 0.026
2 0.378 0.533 0.032 0.03
2 0.343 0.559 0.03 0.022
2 0.27 0.554 0.02 0.016
2 0.307 0.256 0.03 0.044
2 0.234 0.248 0.032 0.016
2 0.129 0.342 0.026 0.032
2 0.163 0.084 0.03 0.02
2 0.15 0.108 0.016 0.02
2 0.356 0.171 0.024 0.046
2 0.397 0.191 0.038 0.038
2 0.398 0.278 0.028 0.028
2 0.032 0.36 0.032 0.06
2 0.024 0.296 0.032 0.032
2 0.038 0.449 0.028 0.022
2 0.046 0.471 0.02 0.022
2 0.117 0.181 0.03 0.038
2 0.125 0.207 0.022 0.022
2 0.122 0.558 0.02 0.048
2 0.143 0.597 0.026 0.034
2 0.244 0.797 0.036 0.042
2 0.203 0.721 0.034 0.034
2 0.598 0.672 0.024 0.024
2 0.588 0.666 0.024 0.028
2 0.613 0.696 0.014 0.02
2 0.631 0.806 0.018 0.02
2 0.309 0.802 0.026 0.028
2 0.271 0.788 0.018 0.044
2 0.022 0.971 0.024 0.018
2 0.021 0.925 0.022 0.026
2 0.301 0.829 0.022 0.018
2 0.299 0.45 0.018 0.028
2 0.487 0.265 0.026 0.03
2 0.074 0.135 0.032 0.054
2 0.027 0.115 0.03 0.03
2 0.012 0.059 0.02 0.026
2 0.34 0.02 0.016 0.04
2 0.673 0.139 0.026 0.034
2 0.575 0.724 0.022 0.024
2 0.69 0.693 0.024 0.026
2 0.548 0.765 0.024 0.034
2 0.457 0.462 0.022 0.024
2 0.532 0.55 0.024 0.016
2 0.784 0.159 0.024 0.022