0 0.84 0.049 0.044 0.054
0 0.54 0.118 0.048 0.064
0 0.441 0.044 0.054 0.068
0 0.96 0.033 0.024 0.066
0 0.889 0.144 0.026 0.04
0 0.943 0.099 0.026 0.05
0 0.874 0.006 0.032 0.012
0 0.85 0.129 0.024 0.046
0 0.737 0.081 0.034 0.042
0 0.704 0.086 0.036 0.044
0 0.874 0.252 0.032 0.04
0 0.722 0.168 0.036 0.032
0 0.667 0.205 0.038 0.042
0 0.358 0.015 0.056 0.03
0 0.992 0.261 0.012 0.042
0 0.392 0.542 0.044 0.072
0 0.285 0.696 0.058 0.056
0 0.505 0.736 0.034 0.048
0 0.656 0.258 0.048 0.04
0 0.297 0.218 0.038 0.06
0 0.433 0.282 0.042 0.048
0 0.797 0.038 0.026 0.036
0 0.892 0.226 0.028 0.036
0 0.091 0.876 0.038 0.056
0 0.682 0.695 0.036 0.038
0 0.858 0.498 0.036 0.04
0 0.862 0.666 0.032 0.04
0 0.841 0.363 0.038 0.042
0 0.706 0.427 0.028 0.042
0 0.597 0.302 0.038 0.06
0 0.483 0.161 0.034 0.03
0 0.654 0.815 0.048 0.034
0 0.792 0.932 0.06 0.076
0 0.01 0.905 0.016 0.038
0 0.008 0.952 0.012 0.036
0 0.089 0.959 0.078 0.07
0 0.771 0.411 0.034 0.05
0 0.509 0.67 0.042 0.036
0 0.577 0.864 0.046 0.06
0 0.554 0.882 0.036 0.04
0 0.611 0.973 0.07 0.05
0 0.515 0.373 0.038 0.046
0 0.368 0.358 0.04 0.044
0 0.499 0.237 0.034 0.046
0 0.123 0.025 0.034 0.042
0 0.036 0.061 0.032 0.046
0 0.108 0.196 0.04 0.044
0 0.915 0.367 0.038 0.038
0 0.652 0.352 0.036 0.06
0 0.585 0.426 0.038 0.036
0 0.554 0.431 0.036 0.038
0 0.734 0.15 0.032 0.036
0 0.605 0.008 0.03 0.016
0 0.536 0.009 0.04 0.018
0 0.787 0.236 0.03 0.024
0 0.659 0.077 0.03 0.042
0 0.597 0.248 0.03 0.04
0 0.611 0.186 0.034 0.048
0 0.514 0.331 0.032 0.034
0 0.436 0.244 0.044 0.04
0 0.597 0.494 0.042 0.056
0 0.909 0.795 0.034 0.03
0 0.918 0.83 0.044 0.036
0 0.697 0.798 0.062 0.032
0 0.875 0.978 0.026 0.024
0 0.612 0.539 0.04 0.05
0 0.911 0.49 0.03 0.036
0 0.887 0.476 0.038 0.024
0 0.811 0.793 0.058 0.026
0 0.968 0.688 0.04 0.02
0 0.992 0.781 0.012 0.026
0 0.944 0.864 0.04 0.04
0 0.914 0.862 0.024 0.016
0 0.733 0.369 0.014 0.038
0 0.669 0.882 0.074 0.048
0 0.766 0.894 0.028 0.044
0 0.9 0.302 0.036 0.052
0 0.753 0.673 0.03 0.022
0 0.649 0.658 0.03 0.024
0 0.19 0.133 0.028 0.03
0 0.135 0.207 0.03 0.042
0 0.102 0.356 0.032 0.048
0 0.07 0.351 0.036 0.046
0 0.155 0.516 0.038 0.052
0 0.127 0.532 0.042 0.044
0 0.082 0.528 0.044 0.06
0 0.045 0.468 0.046 0.04
0 0.173 0.264 0.038 0.06
0 0.083 0.569 0.05 0.03
0 0.181 0.329 0.038 0.046
0 0.044 0.153 0.04 0.038
0 0.262 0.214 0.036 0.072
0 0.367 0.423 0.034 0.034
0 0.478 0.663 0.04 0.034
0 0.45 0.626 0.056 0.04
0 0.376 0.7 0.044 0.028
0 0.386 0.834 0.036 0.056
0 0.318 0.795 0.028 0.042
0 0.677 0.168 0.034 0.028
0 0.37 0.938 0.064 0.044
0 0.137 0.812 0.042 0.056
0 0.108 0.817 0.024 0.026
0 0.01 0.698 0.016 0.06
0 0.41 0.672 0.032 0.024
0 0.398 0.428 0.04 0.052
0 0.337 0.453 0.042 0.054
0 0.075 0.63 0.038 0.036
0 0.14 0.062 0.036 0.048
0 0.076 0.179 0.032 0.03
0 0.027 0.187 0.042 0.054
0 0.226 0.173 0.032 0.042
0 0.228 0.367 0.028 0.058
0 0.37 0.614 0.024 0.028
0 0.535 0.724 0.03 0.068
0 0.569 0.733 0.034 0.042
0 0.339 0.902 0.046 0.048
0 0.651 0.157 0.026 0.05
0 0.986 0.991 0.028 0.014
0 0.994 0.811 0.008 0.026
0 0.688 0.311 0.032 0.07
0 0.515 0.039 0.038 0.062
0 0.47 0.005 0.02 0.01
0 0.479 0.095 0.022 0.034
0 0.154 0.861 0.068 0.058
0 0.317 0.928 0.046 0.044
0 0.025 0.015 0.046 0.03
0 0.689 0.841 0.066 0.026
0 0.958 0.464 0.036 0.056
0 0.537 0.925 0.054 0.046
0 0.441 0.842 0.03 0.024
0 0.438 0.15 0.028 0.048
0 0.279 0.166 0.026 0.036
0 0.233 0.239 0.026 0.018
0 0.275 0.552 0.03 0.044
0 0.72 0.563 0.032 0.042
0 0.716 0.524 0.028 0.056
0 0.699 0.576 0.03 0.04
0 0.457 0.328 0.054 0.04
0 0.359 0.871 0.042 0.066
0 0.972 0.581 0.028 0.046
0 0.849 0.31 0.034 0.04
0 0.802 0.308 0.04 0.044
0 0.77 0.532 0.032 0.04
0 0.339 0.066 0.03 0.048
0 0.557 0.202 0.034 0.064
0 0.86 0.41 0.028 0.044
0 0.957 0.607 0.026 0.034
0 0.246 0.887 0.044 0.05
0 0.261 0.616 0.034 0.056
0 0.365 0.839 0.026 0.034
0 0.203 0.532 0.034 0.048
0 0.04 0.255 0.048 0.058
0 0.426 0.877 0.064 0.054
0 0.504 0.448 0.036 0.036
0 0.298 0.617 0.04 0.03
0 0.24 0.621 0.036 0.074
0 0.413 0.613 0.05 0.062
0 0.005 0.532 0.006 0.032
1 0.805 0.601 0.026 0.022
1 0.842 0.255 0.024 0.022
1 0.782 0.067 0.016 0.022
1 0.437 0.189 0.018 0.018
1 0.904 0.189 0.016 0.022
1 0.874 0.197 0.02 0.026
1 0.744 0.966 0.02 0.024
1 0.955 0.929 0.022 0.026
1 0.588 0.615 0.02 0.03
1 0.934 0.792 0.028 0.032
1 0.757 0.718 0.038 0.032
1 0.806 0.147 0.024 0.026
1 0.387 0.144 0.026 0.024
1 0.818 0.121 0.028 0.03
1 0.703 0.009 0.026 0.018
1 0.821 0.007 0.018 0.014
1 0.768 0.014 0.028 0.028
1 0.978 0.3 0.024 0.032
1 0.989 0.379 0.018 0.034
1 0.879 0.853 0.03 0.034
1 0.972 0.878 0.032 0.04
1 0.557 0.975 0.026 0.018
1 0.681 0.986 0.026 0.02
1 0.936 0.696 0.028 0.028
1 0.235 0.754 0.038 0.032
1 0.853 0.835 0.034 0.026
1 0.529 0.578 0.034 0.036
1 0.146 0.381 0.032 0.038
1 0.302 0.011 0.028 0.022
1 0.34 0.829 0.016 0.022
1 0.137 0.65 0.022 0.028
1 0.198 0.921 0.02 0.022
1 0.296 0.481 0.032 0.034
1 0.042 0.668 0.032 0.024
1 0.193 0.421 0.026 0.038
1 0.011 0.38 0.018 0.02
1 0.992 0.559 0.012 0.054
1 0.009 0.275 0.014 0.078
1 0.438 0.369 0.032 0.03
1 0.2 0.787 0.024 0.018
1 0.391 0.091 0.026 0.038
1 0.605 0.778 0.022 0.024
1 0.581 0.8 0.046 0.032
1 0.247 0.8 0.038 0.024
1 0.402 0.732 0.02 0.028
1 0.209 0.476 0.022 0.02
1 0.699 0.246 0.022 0.028
1 0.715 0.226 0.022 0.028
1 0.785 0.436 0.018 0.032
2 0.768 0.846 0.016 0.012
2 0.747 0.475 0.026 0.026
2 0.667 0.551 0.022 0.042
2 0.896 0.602 0.016 0.012
2 0.958 0.2 0.024 0.048
2 0.716 0.615 0.016 0.026
2 0.868 0.938 0.02 0.016
2 0.688 0.488 0.028 0.02
2 0.963 0.242 0.014 0.012
2 0.654 0.713 0.008 0.014
2 0.856 0.867 0.012 0.014
2 0.111 0.233 0.038 0.018
2 0.333 0.177 0.018 0.022
2 0.676 0.005 0.012 0.01
2 0.508 0.122 0.02 0.036
2 0.906 0.428 0.044 0.024
2 0.589 0.18 0.018 0.028
2 0.678 0.756 0.044 0.032
2 0.59 0.57 0.024 0.024
2 0.788 0.748 0.024 0.02
2 0.997 0.862 0.002 0.016
2 0.638 0.918 0.028 0.02
2 0.788 0.683 0.036 0.022
2 0.977 0.655 0.026 0.026
2 0.868 0.719 0.04 0.026
2 0.025 0.42 0.014 0.016
2 0.014 0.355 0.012 0.01
2 0.077 0.425 0.018 0.022
2 0.128 0.158 0.028 0.032
2 0.116 0.094 0.024 0.032
2 0.121 0.313 0.026 0.034
2 0.186 0.191 0.024 0.03
2 0.3 0.279 0.032 0.042
2 0.278 0.376 0.012 0.012
2 0.273 0.847 0.01 0.01
2 0.263 0.961 0.014 0.006
2 0.144 0.981 0.016 0.014
2 0.07 0.994 0.024 0.008
2 0.008 0.984 0.012 0.016
2 0.36 0.518 0.016 0.028
2 0.622 0.464 0.028 0.028
2 0.201 0.676 0.018 0.02
2 0.085 0.736 0.022 0.02
2 0.063 0.758 0.038 0.024
2 0.221 0.055 0.034 0.034
2 0.436 0.8 0.024 0.02
2 0.51 0.808 0.04 0.024
2 0.177 0.938 0.03 0.02
2 0.201 0.386 0.03 0.032
2 0.363 0.752 0.01 0.04
2 0.968 0.972 0.016 0.052
2 0.824 0.514 0.032 0.032
2 0.492 0.483 0.028 0.026
2 0.585 0.916 0.046 0.048
2 0.504 0.949 0.024 0.03
2 0.433 0.929 0.042 0.03
2 0.428 0.957 0.016 0.014
2 0.244 0.977 0.064 0.042
2 0.802 0.427 0.028 0.034
2 0.237 0.542 0.026 0.02