0 0.687 0.763 0.042 0.066
0 0.657 0.711 0.05 0.066
0 0.732 0.658 0.036 0.048
0 0.692 0.648 0.04 0.056
0 0.666 0.582 0.044 0.048
0 0.598 0.611 0.056 0.074
0 0.614 0.529 0.044 0.058
0 0.544 0.611 0.048 0.066
0 0.519 0.665 0.034 0.066
0 0.619 0.762 0.066 0.084
0 0.599 0.797 0.046 0.058
0 0.495 0.783 0.058 0.066
0 0.455 0.719 0.05 0.062
0 0.501 0.678 0.038 0.08
0 0.456 0.644 0.052 0.064
0 0.378 0.627 0.052 0.062
0 0.326 0.657 0.04 0.062
0 0.308 0.677 0.036 0.05
0 0.258 0.683 0.068 0.102
0 0.388 0.512 0.048 0.056
0 0.444 0.495 0.044 0.05
0 0.482 0.429 0.036 0.05
0 0.442 0.402 0.04 0.06
0 0.406 0.371 0.036 0.054
0 0.493 0.388 0.038 0.056
0 0.575 0.352 0.046 0.048
0 0.625 0.304 0.07 0.068
0 0.706 0.291 0.032 0.042
0 0.662 0.267 0.048 0.066
0 0.522 0.209 0.044 0.046
0 0.535 0.251 0.034 0.042
0 0.479 0.218 0.046 0.044
0 0.574 0.305 0.036 0.046
0 0.524 0.297 0.032 0.054
0 0.509 0.348 0.046 0.068
0 0.982 0.725 0.032 0.074
0 0.935 0.781 0.05 0.058
0 0.842 0.701 0.056 0.07
0 0.902 0.716 0.04 0.048
0 0.817 0.72 0.034 0.044
0 0.868 0.648 0.048 0.048
0 0.852 0.598 0.048 0.048
0 0.898 0.579 0.056 0.05
0 0.931 0.549 0.046 0.07
0 0.878 0.494 0.044 0.052
0 0.771 0.493 0.066 0.062
0 0.792 0.421 0.048 0.066
0 0.742 0.531 0.056 0.074
0 0.64 0.409 0.04 0.062
0 0.523 0.481 0.046 0.062
0 0.492 0.281 0.032 0.05
0 0.452 0.29 0.036 0.064
0 0.377 0.289 0.082 0.094
0 0.387 0.275 0.05 0.058
0 0.388 0.221 0.04 0.046
0 0.409 0.196 0.042 0.048
0 0.335 0.168 0.054 0.06
0 0.269 0.147 0.042 0.054
0 0.303 0.128 0.038 0.032
0 0.201 0.221 0.062 0.074
0 0.264 0.289 0.032 0.05
0 0.278 0.482 0.032 0.044
0 0.249 0.433 0.034 0.058
0 0.221 0.352 0.038 0.048
0 0.204 0.369 0.04 0.05
0 0.168 0.322 0.04 0.044
0 0.132 0.186 0.036 0.048
0 0.114 0.135 0.04 0.058
0 0.223 0.124 0.034 0.06
0 0.225 0.078 0.038 0.04
0 0.314 0.059 0.032 0.062
0 0.271 0.066 0.042 0.044
0 0.153 0.042 0.05 0.048
0 0.178 0.109 0.036 0.042
0 0.069 0.09 0.058 0.06
0 0.031 0.067 0.034 0.054
0 0.125 0.34 0.038 0.068
0 0.093 0.344 0.042 0.072
0 0.057 0.401 0.038 0.062
0 0.015 0.406 0.026 0.064
0 0.094 0.523 0.032 0.054
0 0.162 0.63 0.04 0.052
0 0.205 0.731 0.07 0.07
0 0.118 0.7 0.032 0.044
0 0.01 0.674 0.016 0.072
0 0.085 0.75 0.038 0.084
0 0.033 0.56 0.042 0.052
0 0.979 0.386 0.038 0.048
0 0.945 0.352 0.034 0.04
0 0.987 0.286 0.022 0.04
0 0.919 0.226 0.054 0.048
0 0.869 0.269 0.058 0.046
0 0.814 0.216 0.044 0.06
0 0.879 0.163 0.05 0.058
0 0.882 0.03 0.036 0.048
0 0.868 0.068 0.064 0.068
0 0.786 0.03 0.044 0.056
0 0.744 0.031 0.052 0.054
0 0.724 0.082 0.048 0.06
0 0.588 0.09 0.048 0.052
0 0.545 0.125 0.054 0.054
0 0.617 0.19 0.062 0.068
0 0.486 0.163 0.024 0.046
0 0.439 0.134 0.05 0.056
0 0.541 0.076 0.042 0.056
0 0.479 0.071 0.038 0.054
0 0.774 0.171 0.048 0.062
0 0.774 0.239 0.036 0.046
0 0.763 0.343 0.042 0.058
0 0.602 0.036 0.052 0.068
0 0.34 0.108 0.044 0.048
0 0.223 0.009 0.05 0.014
0 0.154 0.269 0.04 0.058
0 0.222 0.505 0.036 0.05
0 0.141 0.674 0.05 0.064
0 0.323 0.772 0.034 0.052
0 0.371 0.775 0.058 0.05
0 0.417 0.835 0.03 0.042
0 0.42 0.917 0.04 0.05
0 0.494 0.979 0.048 0.038
0 0.418 0.979 0.048 0.038
0 0.351 0.933 0.066 0.074
0 0.351 0.984 0.046 0.028
0 0.239 0.976 0.054 0.044
0 0.194 0.887 0.044 0.066
0 0.046 0.874 0.056 0.084
0 0.049 0.771 0.034 0.066
0 0.022 0.737 0.04 0.07
0 0.982 0.934 0.032 0.064
0 0.803 0.871 0.046 0.054
0 0.86 0.972 0.044 0.052
0 0.796 0.943 0.052 0.07
0 0.707 0.939 0.054 0.066
0 0.691 0.891 0.042 0.038
0 0.661 0.85 0.046 0.06
0 0.611 0.889 0.046 0.078
0 0.6 0.989 0.036 0.018
0 0.319 0.835 0.05 0.074
0 0.987 0.585 0.022 0.058
0 0.73 0.178 0.032 0.044
0 0.846 0.089 0.052 0.046
0 0.887 0.064 0.034 0.036
0 0.049 0.201 0.03 0.054
0 0.012 0.151 0.02 0.066
0 0.1 0.181 0.032 0.054
0 0.166 0.14 0.036 0.056
0 0.948 0.989 0.04 0.018
0 0.805 0.987 0.03 0.022
0 0.669 0.982 0.054 0.032
0 0.29 0.92 0.036 0.06
0 0.115 0.909 0.046 0.058
0 0.088 0.891 0.024 0.042
0 0.428 0.56 0.032 0.036
0 0.359 0.455 0.026 0.042
0 0.067 0.467 0.03 0.038
0 0.658 0.921 0.036 0.046
0 0.236 0.936 0.032 0.04
0 0.852 0.226 0.024 0.04
0 0.723 0.219 0.042 0.046
0 0.609 0.005 0.022 0.006
0 0.504 0.014 0.06 0.024
0 0.451 0.006 0.022 0.008
0 0.969 0.085 0.026 0.03
1 0.637 0.454 0.034 0.024
1 0.61 0.451 0.02 0.03
1 0.91 0.045 0.028 0.034
1 0.898 0.762 0.032 0.028
1 0.918 0.317 0.028 0.038
1 0.96 0.881 0.024 0.018
1 0.959 0.827 0.018 0.026
1 0.897 0.845 0.026 0.022
1 0.824 0.838 0.02 0.024
1 0.862 0.783 0.016 0.03
1 0.705 0.86 0.022 0.024
1 0.791 0.673 0.014 0.018
1 0.917 0.663 0.018 0.03
1 0.97 0.506 0.028 0.032
1 0.858 0.347 0.012 0.022
1 0.953 0.159 0.022 0.014
1 0.974 0.189 0.02 0.026
1 0.664 0.954 0.032 0.016
1 0.566 0.952 0.012 0.036
1 0.48 0.832 0.012 0.028
1 0.412 0.683 0.024 0.022
1 0.382 0.72 0.016 0.024
1 0.343 0.697 0.026 0.022
1 0.186 0.505 0.016 0.018
1 0.147 0.592 0.026 0.02
1 0.479 0.49 0.014 0.02
1 0.514 0.519 0.032 0.01
1 0.273 0.76 0.018 0.024
1 0.825 0.423 0.022 0.022
1 0.105 0.245 0.018 0.026
1 0.574 0.034 0.016 0.02
1 0.55 0.037 0.008 0.018
1 0.824 0.147 0.02 0.014
1 0.821 0.107 0.018 0.014
1 0.64 0.22 0.032 0.028
1 0.471 0.265 0.022 0.014
1 0.367 0.241 0.018 0.022
1 0.069 0.167 0.018 0.018
1 0.162 0.478 0.02 0.024
1 0.085 0.446 0.034 0.02
1 0.307 0.215 0.026 0.042
1 0.488 0.569 0.02 0.018
1 0.43 0.586 0.024 0.032
1 0.37 0.574 0.024 0.036
1 0.108 0.667 0.02 0.03
1 0.379 0.474 0.014 0.012
1 0.518 0.87 0.02 0.024
1 0.043 0.976 0.03 0.04
1 0.29 0.826 0.012 0.012
1 0.909 0.818 0.018 0.028
1 0.994 0.241 0.008 0.018
1 0.089 0.044 0.026 0.016
1 0.058 0.042 0.028 0.012
2 0.994 0.838 0.008 0.032
2 0.765 0.901 0.018 0.022
2 0.152 0.995 0.024 0.006
2 0.479 0.935 0.014 0.018
2 0.47 0.952 0.012 0.012
2 0.436 0.871 0.028 0.022
2 0.297 0.873 0.014 0.022
2 0.856 0.006 0.036 0.008
2 0.414 0.005 0.012 0.006
2 0.357 0.006 0.018 0.008
2 0.099 0.296 0.014 0.02
2 0.289 0.243 0.026 0.038
2 0.051 0.339 0.022 0.034
2 0.799 0.161 0.002 0.006
2 0.804 0.149 0.012 0.01
2 0.688 0.032 0.016 0.02
2 0.737 0.297 0.014 0.014
2 0.797 0.363 0.014 0.018
2 0.745 0.267 0.014 0.026
2 0.552 0.193 0.028 0.022
2 0.231 0.399 0.022 0.014
2 0.314 0.522 0.028 0.024
2 0.273 0.536 0.01 0.016
2 0.848 0.563 0.028 0.006
2 0.807 0.609 0.018 0.022
2 0.179 0.833 0.01 0.01
2 0.144 0.814 0.012 0.036
2 0.136 0.749 0.008 0.01
2 0.123 0.736 0.006 0.008
2 0.004 0.611 0.004 0.046
2 0.005 0.56 0.006 0.024
2 0.008 0.21 0.012 0.024
2 0.73 0.134 0.024 0.028