0 0.387 0.395 0.05 0.046
0 0.033 0.096 0.058 0.06
0 0.02 0.05 0.04 0.064
0 0.014 0.151 0.028 0.042
0 0.023 0.204 0.038 0.064
0 0.109 0.188 0.046 0.068
0 0.075 0.375 0.054 0.066
0 0.072 0.442 0.044 0.056
0 0.115 0.402 0.034 0.04
0 0.189 0.475 0.054 0.054
0 0.16 0.31 0.052 0.052
0 0.239 0.019 0.058 0.038
0 0.266 0.048 0.04 0.052
0 0.293 0.094 0.066 0.076
0 0.35 0.083 0.044 0.082
0 0.255 0.313 0.066 0.074
0 0.291 0.357 0.038 0.062
0 0.333 0.389 0.062 0.05
0 0.443 0.39 0.05 0.044
0 0.31 0.214 0.056 0.052
0 0.374 0.267 0.052 0.042
0 0.425 0.257 0.046 0.054
0 0.466 0.295 0.072 0.062
0 0.537 0.293 0.062 0.066
0 0.186 0.067 0.044 0.054
0 0.065 0.317 0.042 0.05
0 0.38 0.192 0.052 0.068
0 0.404 0.065 0.028 0.046
0 0.515 0.02 0.05 0.04
0 0.531 0.113 0.066 0.062
0 0.587 0.101 0.062 0.054
0 0.592 0.029 0.056 0.042
0 0.665 0.051 0.046 0.042
0 0.848 0.066 0.04 0.068
0 0.836 0.025 0.052 0.05
0 0.798 0.111 0.056 0.062
0 0.765 0.125 0.03 0.03
0 0.699 0.181 0.042 0.054
0 0.719 0.234 0.062 0.064
0 0.029 0.782 0.058 0.056
0 0.111 0.765 0.042 0.046
0 0.094 0.796 0.048 0.036
0 0.144 0.846 0.056 0.04
0 0.134 0.89 0.048 0.044
0 0.021 0.904 0.042 0.044
0 0.01 0.877 0.02 0.046
0 0.209 0.87 0.062 0.076
0 0.228 0.947 0.04 0.058
0 0.22 0.988 0.06 0.02
0 0.09 0.979 0.036 0.038
0 0.335 0.991 0.038 0.014
0 0.456 0.982 0.028 0.024
0 0.485 0.982 0.046 0.032
0 0.631 0.984 0.062 0.028
0 0.59 0.956 0.044 0.06
0 0.627 0.891 0.046 0.058
0 0.334 0.891 0.052 0.05
0 0.744 0.892 0.04 0.052
0 0.053 0.619 0.05 0.054
0 0.014 0.696 0.028 0.064
0 0.284 0.842 0.052 0.052
0 0.353 0.836 0.054 0.044
0 0.433 0.883 0.05 0.042
0 0.333 0.77 0.05 0.056
0 0.344 0.794 0.056 0.04
0 0.402 0.758 0.052 0.048
0 0.458 0.806 0.06 0.056
0 0.505 0.774 0.058 0.056
0 0.192 0.695 0.052 0.05
0 0.379 0.676 0.042 0.056
0 0.316 0.66 0.044 0.06
0 0.352 0.66 0.052 0.056
0 0.439 0.692 0.038 0.06
0 0.539 0.693 0.07 0.07
0 0.563 0.821 0.078 0.078
0 0.659 0.749 0.05 0.054
0 0.65 0.677 0.056 0.054
0 0.882 0.925 0.056 0.094
0 0.809 0.219 0.054 0.042
0 0.231 0.598 0.046 0.04
0 0.662 0.489 0.06 0.062
0 0.733 0.511 0.046 0.07
0 0.656 0.283 0.04 0.046
0 0.678 0.361 0.052 0.046
0 0.735 0.405 0.062 0.05
0 0.449 0.57 0.062 0.072
0 0.956 0.321 0.052 0.05
0 0.963 0.432 0.046 0.06
0 0.992 0.483 0.012 0.062
0 0.951 0.378 0.058 0.04
0 0.299 0.527 0.062 0.062
0 0.331 0.464 0.058 0.06
0 0.967 0.994 0.034 0.008
0 0.897 0.829 0.042 0.054
0 0.799 0.759 0.082 0.062
0 0.713 0.728 0.038 0.056
0 0.974 0.69 0.044 0.06
0 0.935 0.698 0.038 0.072
0 0.888 0.607 0.06 0.058
0 0.871 0.548 0.058 0.056
0 0.67 0.594 0.06 0.056
0 0.759 0.597 0.05 0.042
0 0.838 0.568 0.028 0.04
0 0.88 0.513 0.04 0.046
0 0.523 0.629 0.054 0.046
0 0.729 0.319 0.054 0.058
0 0.563 0.383 0.05 0.042
0 0.628 0.373 0.044 0.054
0 0.603 0.331 0.042 0.05
0 0.597 0.457 0.042 0.054
0 0.609 0.251 0.038 0.05
1 0.119 0.102 0.018 0.02
1 0.073 0.169 0.034 0.026
1 0.101 0.158 0.022 0.028
1 0.126 0.383 0.016 0.038
1 0.186 0.203 0.02 0.022
1 0.168 0.161 0.028 0.022
1 0.168 0.18 0.028 0.024
1 0.241 0.249 0.034 0.026
1 0.163 0.272 0.034 0.024
1 0.096 0.302 0.036 0.028
1 0.457 0.128 0.026 0.02
1 0.404 0.035 0.02 0.034
1 0.799 0.015 0.018 0.03
1 0.81 0.152 0.024 0.028
1 0.152 0.817 0.044 0.022
1 0.087 0.836 0.026 0.032
1 0.069 0.986 0.014 0.024
1 0.198 0.954 0.02 0.032
1 0.106 0.993 0.028 0.01
1 0.523 0.989 0.026 0.018
1 0.565 0.915 0.03 0.026
1 0.654 0.869 0.028 0.038
1 0.665 0.925 0.026 0.066
1 0.284 0.879 0.036 0.018
1 0.786 0.969 0.028 0.018
1 0.085 0.667 0.03 0.038
1 0.095 0.702 0.03 0.036
1 0.424 0.842 0.028 0.02
1 0.511 0.84 0.018 0.028
1 0.438 0.745 0.024 0.018
1 0.218 0.747 0.024 0.03
1 0.787 0.207 0.018 0.014
1 0.183 0.65 0.026 0.024
1 0.258 0.637 0.028 0.018
1 0.249 0.611 0.05 0.03
1 0.377 0.582 0.038 0.02
1 0.336 0.588 0.036 0.016
1 0.886 0.234 0.028 0.028
1 0.894 0.403 0.02 0.018
1 0.986 0.564 0.024 0.02
1 0.301 0.488 0.026 0.032
1 0.188 0.753 0.032 0.042
1 0.25 0.715 0.04 0.05
1 0.717 0.953 0.026 0.026
1 0.926 0.902 0.02 0.032
1 0.846 0.778 0.028 0.024
1 0.75 0.816 0.02 0.016
1 0.873 0.821 0.018 0.014
1 0.903 0.674 0.03 0.032
1 0.931 0.655 0.026 0.03
1 0.966 0.846 0.024 0.028
1 0.733 0.657 0.022 0.026
1 0.991 0.74 0.014 0.02
1 0.258 0.132 0.028 0.024
1 0.238 0.143 0.024 0.042
1 0.604 0.372 0.028 0.032
1 0.641 0.344 0.014 0.016
1 0.597 0.506 0.022 0.028
1 0.607 0.535 0.03 0.026
1 0.561 0.445 0.03 0.022
1 0.533 0.401 0.022 0.022
1 0.55 0.421 0.024 0.03
1 0.522 0.425 0.016 0.018
1 0.554 0.5 0.032 0.044
1 0.522 0.474 0.032 0.024
1 0.547 0.463 0.03 0.026
1 0.009 0.411 0.018 0.018
1 0.018 0.327 0.024 0.022
1 0.039 0.327 0.01 0.018
1 0.649 0.129 0.046 0.03
1 0.509 0.045 0.022 0.018
2 0.009 0.934 0.014 0.02
2 0.31 0.59 0.072 0.04
2 0.38 0.556 0.032 0.032
2 0.919 0.083 0.026 0.03
2 0.989 0.382 0.018 0.016
2 0.124 0.599 0.016 0.022
2 0.11 0.597 0.012 0.01
2 0.114 0.608 0.012 0.012
2 0.919 0.982 0.014 0.016
2 0.706 0.856 0.044 0.028
2 0.776 0.565 0.016 0.01
2 0.988 0.846 0.02 0.056
2 0.837 0.676 0.018 0.036
2 0.974 0.653 0.044 0.034
2 0.858 0.727 0.016 0.038
2 0.985 0.537 0.026 0.03
2 0.827 0.446 0.022 0.028
2 0.829 0.417 0.022 0.018
2 0.834 0.38 0.02 0.012
2 0.77 0.673 0.012 0.018
2 0.543 0.172 0.026 0.048
2 0.061 0.521 0.03 0.042
2 0.219 0.55 0.026 0.04
2 0.51 0.6 0.028 0.04
2 0.883 0.756 0.018 0.016
2 0.895 0.772 0.014 0.008
2 0.68 0.526 0.02 0.028
2 0.668 0.528 0.016 0.032
2 0.74 0.939 0.048 0.05
2 0.402 0.55 0.028 0.036
2 0.429 0.541 0.018 0.022
2 0.445 0.482 0.022 0.024
2 0.443 0.51 0.018 0.028
2 0.453 0.514 0.01 0.02
2 0.479 0.455 0.046 0.038
2 0.603 0.417 0.026 0.026
2 0.508 0.496 0.02 0.02
2 0.533 0.499 0.002 0.014
2 0.568 0.48 0.036 0.04
2 0.774 0.471 0.016 0.018
2 0.005 0.369 0.01 0.058
2 0.2 0.378 0.02 0.012
2 0.212 0.347 0.008 0.014
2 0.228 0.357 0.02 0.014
2 0.204 0.364 0.008 0.016
2 0.65 0.235 0.04 0.038
2 0.756 0.243 0.012 0.01
2 0.522 0.242 0.016 0.02
2 0.499 0.241 0.022 0.026
2 0.651 0.112 0.014 0.02
2 0.64 0.107 0.008 0.01
2 0.322 0.023 0.044 0.03
2 0.193 0.14 0.014 0.016
2 0.174 0.196 0.02 0.036
2 0.366 0.151 0.016 0.022
2 0.427 0.027 0.018 0.022
2 0.475 0.069 0.014 0.026
2 0.528 0.033 0.016 0.014