0 0.53 0.97 0.036 0.056
0 0.984 0.963 0.028 0.05
0 0.979 0.877 0.038 0.038
0 0.215 0.913 0.038 0.062
0 0.192 0.874 0.04 0.048
0 0.145 0.908 0.042 0.056
0 0.084 0.902 0.044 0.056
0 0.038 0.872 0.04 0.056
0 0.254 0.951 0.04 0.086
0 0.114 0.977 0.032 0.042
0 0.472 0.975 0.032 0.046
0 0.409 0.986 0.042 0.024
0 0.374 0.946 0.032 0.06
0 0.348 0.86 0.036 0.052
0 0.702 0.972 0.036 0.052
0 0.656 0.96 0.04 0.072
0 0.937 0.986 0.034 0.024
0 0.806 0.904 0.044 0.036
0 0.83 0.849 0.04 0.058
0 0.753 0.818 0.038 0.052
0 0.69 0.895 0.032 0.042
0 0.665 0.851 0.042 0.046
0 0.628 0.9 0.032 0.052
0 0.491 0.818 0.038 0.056
0 0.445 0.78 0.034 0.056
0 0.507 0.914 0.038 0.048
0 0.941 0.774 0.042 0.068
0 0.909 0.69 0.038 0.044
0 0.942 0.654 0.024 0.048
0 0.899 0.635 0.038 0.062
0 0.808 0.688 0.044 0.056
0 0.629 0.783 0.042 0.05
0 0.699 0.615 0.042 0.074
0 0.648 0.651 0.036 0.05
0 0.658 0.606 0.04 0.06
0 0.685 0.7 0.034 0.036
0 0.688 0.659 0.032 0.054
0 0.536 0.755 0.04 0.058
0 0.578 0.75 0.024 0.04
0 0.213 0.779 0.042 0.062
0 0.05 0.747 0.036 0.05
0 0.041 0.66 0.038 0.068
0 0.018 0.653 0.032 0.062
0 0.015 0.579 0.026 0.042
0 0.151 0.778 0.034 0.044
0 0.407 0.649 0.038 0.066
0 0.475 0.715 0.042 0.054
0 0.13 0.632 0.044 0.056
0 0.266 0.593 0.036 0.054
0 0.226 0.592 0.036 0.04
0 0.211 0.711 0.034 0.042
0 0.172 0.656 0.028 0.056
0 0.15 0.582 0.028 0.036
0 0.192 0.617 0.028 0.05
0 0.235 0.157 0.038 0.046
0 0.175 0.224 0.046 0.056
0 0.971 0.417 0.046 0.074
0 0.937 0.481 0.042 0.05
0 0.919 0.432 0.038 0.056
0 0.892 0.454 0.032 0.048
0 0.95 0.228 0.048 0.056
0 0.859 0.265 0.038 0.054
0 0.919 0.341 0.022 0.046
0 0.752 0.584 0.036 0.06
0 0.697 0.492 0.038 0.052
0 0.838 0.577 0.036 0.054
0 0.814 0.555 0.032 0.038
0 0.812 0.581 0.032 0.026
0 0.897 0.531 0.034 0.038
0 0.874 0.419 0.036 0.042
0 0.753 0.268 0.046 0.064
0 0.774 0.343 0.032 0.038
0 0.807 0.344 0.038 0.04
0 0.523 0.5 0.046 0.052
0 0.463 0.518 0.046 0.052
0 0.376 0.517 0.044 0.058
0 0.417 0.494 0.034 0.036
0 0.324 0.508 0.044 0.068
0 0.279 0.466 0.038 0.052
0 0.289 0.416 0.038 0.048
0 0.622 0.484 0.04 0.048
0 0.605 0.431 0.042 0.066
0 0.593 0.385 0.034 0.042
0 0.593 0.335 0.034 0.042
0 0.531 0.387 0.038 0.054
0 0.498 0.431 0.028 0.066
0 0.976 0.106 0.032 0.052
0 0.92 0.106 0.052 0.056
0 0.849 0.029 0.05 0.054
0 0.903 0.035 0.03 0.038
0 0.842 0.067 0.032 0.034
0 0.96 0.01 0.032 0.016
0 0.786 0.086 0.028 0.04
0 0.729 0.068 0.042 0.052
0 0.711 0.093 0.026 0.05
0 0.728 0.131 0.048 0.038
0 0.775 0.176 0.038 0.04
0 0.674 0.191 0.036 0.05
0 0.651 0.247 0.03 0.054
0 0.581 0.186 0.034 0.04
0 0.651 0.297 0.038 0.042
0 0.609 0.52 0.034 0.052
0 0.533 0.579 0.042 0.054
0 0.387 0.286 0.042 0.048
0 0.43 0.309 0.044 0.034
0 0.434 0.276 0.032 0.032
0 0.375 0.336 0.042 0.04
0 0.323 0.304 0.038 0.048
0 0.308 0.252 0.036 0.048
0 0.278 0.258 0.032 0.044
0 0.528 0.259 0.028 0.038
0 0.494 0.346 0.032 0.04
0 0.064 0.456 0.036 0.06
0 0.116 0.502 0.032 0.056
0 0.154 0.431 0.032 0.046
0 0.08 0.361 0.044 0.034
0 0.077 0.327 0.042 0.046
0 0.137 0.194 0.03 0.036
0 0.122 0.165 0.028 0.038
0 0.19 0.167 0.028 0.03
0 0.221 0.11 0.042 0.036
0 0.264 0.096 0.036 0.04
0 0.214 0.058 0.036 0.036
0 0.645 0.046 0.034 0.044
0 0.59 0.088 0.036 0.04
0 0.631 0.079 0.03 0.03
0 0.656 0.092 0.024 0.036
0 0.683 0.016 0.03 0.028
0 0.589 0.018 0.05 0.032
0 0.475 0.053 0.05 0.042
0 0.43 0.13 0.036 0.048
0 0.397 0.019 0.042 0.034
0 0.393 0.061 0.038 0.042
0 0.482 0.147 0.036 0.042
0 0.436 0.013 0.048 0.022
0 0.324 0.12 0.052 0.032
0 0.329 0.024 0.038 0.036
0 0.318 0.178 0.04 0.036
0 0.343 0.205 0.038 0.038
0 0.216 0.307 0.04 0.046
0 0.067 0.115 0.05 0.038
0 0.026 0.217 0.048 0.082
0 0.084 0.202 0.036 0.044
0 0.305 0.052 0.026 0.028
0 0.189 0.073 0.034 0.034
0 0.416 0.041 0.028 0.022
0 0.056 0.038 0.028 0.032
0 0.017 0.014 0.034 0.024
0 0.238 0.013 0.048 0.022
0 0.181 0.008 0.03 0.012
0 0.148 0.007 0.028 0.01
0 0.01 0.133 0.016 0.042
0 0.207 0.434 0.042 0.048
0 0.141 0.463 0.03 0.054
1 0.15 0.963 0.024 0.03
1 0.066 0.919 0.024 0.022
1 0.073 0.946 0.034 0.016
1 0.643 0.991 0.014 0.014
1 0.654 0.989 0.012 0.018
1 0.869 0.914 0.022 0.02
1 0.778 0.897 0.024 0.038
1 0.808 0.93 0.024 0.02
1 0.859 0.858 0.022 0.032
1 0.857 0.837 0.014 0.022
1 0.876 0.85 0.016 0.024
1 0.614 0.827 0.02 0.034
1 0.559 0.83 0.026 0.036
1 0.58 0.869 0.02 0.05
1 0.58 0.818 0.012 0.024
1 0.569 0.826 0.01 0.024
1 0.839 0.703 0.022 0.022
1 0.683 0.747 0.022 0.022
1 0.123 0.769 0.022 0.026
1 0.129 0.595 0.022 0.018
1 0.24 0.574 0.016 0.02
1 0.551 0.66 0.022 0.044
1 0.408 0.716 0.028 0.04
1 0.329 0.708 0.022 0.036
1 0.991 0.25 0.014 0.024
1 0.975 0.29 0.022 0.024
1 0.954 0.283 0.016 0.042
1 0.901 0.332 0.022 0.024
1 0.93 0.36 0.016 0.028
1 0.688 0.537 0.016 0.026
1 0.711 0.535 0.022 0.026
1 0.945 0.553 0.014 0.018
1 0.925 0.571 0.01 0.018
1 0.93 0.554 0.016 0.016
1 0.875 0.389 0.022 0.01
1 0.571 0.359 0.022 0.022
1 0.887 0.048 0.018 0.036
1 0.847 0.16 0.026 0.024
1 0.729 0.201 0.026 0.022
1 0.665 0.227 0.018 0.026
1 0.672 0.278 0.024 0.024
1 0.566 0.56 0.024 0.032
1 0.257 0.705 0.022 0.022
1 0.465 0.31 0.022 0.028
1 0.466 0.276 0.02 0.028
1 0.562 0.297 0.028 0.026
1 0.526 0.315 0.024 0.026
1 0.668 0.497 0.024 0.026
1 0.25 0.511 0.024 0.026
1 0.24 0.538 0.028 0.02
1 0.447 0.441 0.022 0.046
1 0.156 0.399 0.032 0.022
1 0.103 0.412 0.026 0.024
1 0.106 0.077 0.024 0.026
1 0.014 0.09 0.024 0.016
1 0.072 0.073 0.02 0.014
1 0.042 0.092 0.012 0.012
1 0.07 0.088 0.024 0.012
1 0.097 0.087 0.022 0.022
1 0.582 0.062 0.016 0.012
1 0.568 0.072 0.012 0.028
1 0.616 0.12 0.024 0.032
1 0.508 0.093 0.02 0.034
1 0.338 0.088 0.028 0.024
1 0.432 0.218 0.032 0.024
1 0.355 0.115 0.01 0.018
1 0.231 0.228 0.026 0.044
1 0.175 0.3 0.03 0.02
1 0.198 0.343 0.02 0.018
1 0.067 0.254 0.018 0.036
1 0.27 0.045 0.016 0.01
1 0.168 0.123 0.02 0.018
1 0.155 0.101 0.022 0.018
1 0.091 0.006 0.026 0.008
1 0.035 0.123 0.022 0.026
1 0.022 0.143 0.016 0.022
1 0.126 0.339 0.028 0.03
1 0.142 0.35 0.028 0.032
1 0.109 0.333 0.03 0.034
1 0.306 0.362 0.016 0.02
1 0.232 0.388 0.028 0.024
1 0.043 0.362 0.026 0.044
1 0.073 0.839 0.018 0.014
1 0.06 0.83 0.02 0.02
2 0.806 0.964 0.02 0.032
2 0.92 0.851 0.024 0.042
2 0.889 0.842 0.018 0.024
2 0.775 0.825 0.018 0.042
2 0.57 0.668 0.016 0.02
2 0.51 0.69 0.012 0.044
2 0.522 0.705 0.024 0.03
2 0.37 0.759 0.012 0.01
2 0.271 0.808 0.01 0.008
2 0.295 0.613 0.034 0.05
2 0.894 0.281 0.02 0.026
2 0.806 0.748 0.012 0.028
2 0.808 0.28 0.02 0.02
2 0.857 0.316 0.022 0.028
2 0.845 0.306 0.022 0.012
2 0.474 0.326 0.024 0.04
2 0.57 0.317 0.02 0.034
2 0.57 0.242 0.012 0.028
2 0.514 0.17 0.02 0.036
2 0.534 0.116 0.028 0.036
2 0.111 0.223 0.026 0.026
2 0.415 0.082 0.026 0.036
2 0.188 0.516 0.028 0.02
2 0.177 0.533 0.026 0.022
2 0.162 0.515 0.024 0.03
2 0.012 0.515 0.02 0.034
2 0.378 0.38 0.016 0.016
2 0.38 0.462 0.028 0.056
2 0.323 0.071 0.034 0.026
2 0.76 0.398 0.036 0.048
2 0.687 0.417 0.014 0.022
2 0.633 0.422 0.018 0.032
2 0.638 0.402 0.012 0.012
2 0.778 0.307 0.008 0.018
2 0.74 0.305 0.032 0.014
2 0.76 0.097 0.02 0.026
2 0.159 0.18 0.022 0.012
2 0.144 0.119 0.024 0.014
2 0.744 0.485 0.016 0.022
2 0.383 0.864 0.022 0.044
2 0.047 0.826 0.006 0.02