0 0.528 0.266 0.056 0.08
0 0.978 0.948 0.04 0.052
0 0.92 0.915 0.032 0.046
0 0.879 0.955 0.05 0.046
0 0.813 0.96 0.03 0.052
0 0.793 0.985 0.038 0.026
0 0.698 0.99 0.032 0.016
0 0.583 0.986 0.034 0.024
0 0.492 0.988 0.04 0.02
0 0.424 0.984 0.04 0.028
0 0.455 0.967 0.042 0.062
0 0.338 0.969 0.032 0.042
0 0.333 0.909 0.046 0.05
0 0.298 0.886 0.044 0.06
0 0.297 0.821 0.05 0.066
0 0.275 0.76 0.038 0.06
0 0.174 0.843 0.044 0.07
0 0.212 0.865 0.032 0.03
0 0.142 0.891 0.036 0.058
0 0.099 0.965 0.03 0.054
0 0.082 0.919 0.036 0.058
0 0.119 0.859 0.038 0.078
0 0.053 0.843 0.038 0.066
0 0.009 0.855 0.014 0.042
0 0.409 0.848 0.042 0.056
0 0.391 0.819 0.042 0.058
0 0.549 0.911 0.034 0.042
0 0.566 0.902 0.032 0.036
0 0.624 0.818 0.04 0.056
0 0.629 0.782 0.038 0.04
0 0.734 0.864 0.04 0.04
0 0.784 0.781 0.044 0.058
0 0.865 0.747 0.038 0.054
0 0.874 0.875 0.032 0.054
0 0.893 0.654 0.038 0.052
0 0.831 0.666 0.038 0.056
0 0.974 0.662 0.048 0.06
0 0.977 0.571 0.042 0.062
0 0.821 0.521 0.034 0.046
0 0.841 0.486 0.034 0.064
0 0.791 0.443 0.062 0.066
0 0.894 0.435 0.048 0.066
0 0.753 0.555 0.054 0.05
0 0.726 0.615 0.04 0.05
0 0.668 0.627 0.032 0.05
0 0.63 0.632 0.04 0.048
0 0.557 0.678 0.046 0.056
0 0.511 0.687 0.038 0.05
0 0.561 0.801 0.042 0.046
0 0.527 0.807 0.026 0.042
0 0.448 0.743 0.024 0.062
0 0.481 0.743 0.034 0.05
0 0.391 0.664 0.042 0.06
0 0.35 0.704 0.036 0.036
0 0.347 0.678 0.038 0.04
0 0.313 0.659 0.034 0.05
0 0.232 0.645 0.04 0.046
0 0.159 0.729 0.062 0.054
0 0.183 0.761 0.066 0.042
0 0.045 0.743 0.038 0.054
0 0.046 0.674 0.036 0.052
0 0.081 0.662 0.046 0.072
0 0.012 0.654 0.02 0.056
0 0.019 0.579 0.034 0.066
0 0.158 0.572 0.052 0.048
0 0.198 0.526 0.04 0.052
0 0.31 0.506 0.044 0.072
0 0.259 0.447 0.042 0.09
0 0.178 0.399 0.052 0.062
0 0.109 0.351 0.034 0.062
0 0.148 0.461 0.064 0.09
0 0.011 0.476 0.018 0.06
0 0.021 0.379 0.038 0.11
0 0.12 0.284 0.06 0.064
0 0.202 0.251 0.048 0.086
0 0.27 0.243 0.032 0.066
0 0.304 0.249 0.036 0.054
0 0.311 0.197 0.05 0.078
0 0.305 0.101 0.034 0.054
0 0.367 0.01 0.03 0.016
0 0.305 0.018 0.034 0.032
0 0.176 0.022 0.036 0.04
0 0.128 0.095 0.052 0.102
0 0.074 0.15 0.052 0.088
0 0.008 0.179 0.012 0.062
0 0.02 0.125 0.036 0.054
0 0.013 0.086 0.022 0.048
0 0.045 0.061 0.038 0.054
0 0.02 0.027 0.024 0.042
0 0.058 0.014 0.04 0.024
0 0.425 0.125 0.03 0.058
0 0.448 0.166 0.032 0.044
0 0.407 0.229 0.038 0.078
0 0.41 0.286 0.04 0.052
0 0.377 0.323 0.022 0.046
0 0.442 0.32 0.044 0.076
0 0.534 0.396 0.04 0.048
0 0.508 0.472 0.044 0.06
0 0.501 0.56 0.046 0.06
0 0.405 0.547 0.046 0.078
0 0.335 0.569 0.046 0.07
0 0.238 0.577 0.04 0.054
0 0.867 0.076 0.046 0.044
0 0.862 0.036 0.036 0.044
0 0.975 0.083 0.046 0.062
0 0.845 0.163 0.042 0.066
0 0.777 0.132 0.054 0.076
0 0.747 0.181 0.042 0.07
0 0.622 0.326 0.044 0.064
0 0.674 0.375 0.036 0.042
0 0.636 0.443 0.048 0.07
0 0.63 0.545 0.024 0.042
0 0.589 0.576 0.038 0.044
0 0.651 0.493 0.03 0.042
0 0.995 0.882 0.006 0.048
0 0.557 0.058 0.062 0.112
0 0.552 0.174 0.056 0.06
0 0.643 0.048 0.042 0.056
0 0.703 0.035 0.046 0.066
0 0.819 0.118 0.038 0.052
0 0.903 0.201 0.026 0.058
0 0.95 0.287 0.036 0.038
0 0.984 0.337 0.028 0.054
0 0.955 0.231 0.046 0.058
0 0.974 0.227 0.048 0.078
0 0.889 0.324 0.054 0.072
0 0.891 0.264 0.042 0.052
0 0.865 0.293 0.042 0.066
1 0.399 0.982 0.018 0.024
1 0.358 0.974 0.02 0.024
1 0.115 0.993 0.034 0.01
1 0.253 0.879 0.022 0.022
1 0.212 0.836 0.028 0.016
1 0.257 0.939 0.022 0.038
1 0.936 0.597 0.02 0.022
1 0.918 0.618 0.024 0.02
1 0.946 0.534 0.032 0.024
1 0.905 0.504 0.026 0.024
1 0.877 0.517 0.014 0.022
1 0.136 0.345 0.02 0.014
1 0.099 0.502 0.03 0.02
1 0.069 0.504 0.026 0.016
1 0.215 0.231 0.018 0.026
1 0.189 0.163 0.026 0.022
1 0.336 0.084 0.032 0.04
1 0.349 0.037 0.018 0.03
1 0.235 0.038 0.022 0.016
1 0.054 0.21 0.024 0.036
1 0.361 0.564 0.026 0.016
1 0.301 0.574 0.014 0.02
1 0.72 0.183 0.02 0.058
1 0.648 0.169 0.024 0.022
1 0.646 0.198 0.012 0.036
1 0.644 0.135 0.028 0.022
1 0.706 0.102 0.024 0.02
1 0.543 0.127 0.038 0.018
1 0.491 0.146 0.03 0.02
1 0.76 0.243 0.032 0.014
1 0.567 0.3 0.022 0.02
1 0.608 0.497 0.024 0.03
1 0.558 0.564 0.024 0.02
1 0.65 0.54 0.012 0.024
1 0.738 0.495 0.02 0.026
1 0.765 0.582 0.022 0.016
1 0.743 0.595 0.022 0.022
1 0.688 0.631 0.016 0.034
1 0.688 0.708 0.032 0.036
1 0.838 0.854 0.024 0.032
1 0.829 0.822 0.022 0.032
1 0.821 0.772 0.034 0.04
1 0.732 0.815 0.024 0.03
1 0.534 0.849 0.024 0.022
1 0.497 0.836 0.018 0.02
1 0.506 0.819 0.024 0.03
1 0.962 0.891 0.016 0.026
1 0.977 0.74 0.026 0.028
1 0.455 0.673 0.018 0.018
1 0.436 0.68 0.016 0.02
1 0.433 0.697 0.034 0.018
1 0.282 0.698 0.032 0.032
1 0.408 0.619 0.024 0.026
1 0.217 0.661 0.022 0.03
1 0.162 0.641 0.02 0.018
1 0.088 0.584 0.02 0.024
1 0.179 0.487 0.03 0.03
1 0.217 0.316 0.03 0.036
1 0.257 0.362 0.026 0.02
1 0.239 0.386 0.014 0.024
1 0.307 0.405 0.018 0.022
1 0.347 0.43 0.026 0.02
1 0.42 0.467 0.02 0.038
1 0.872 0.126 0.032 0.016
1 0.953 0.146 0.038 0.012
1 0.971 0.014 0.026 0.024
1 0.991 0.3 0.014 0.028
1 0.854 0.337 0.024 0.026
1 0.838 0.248 0.024 0.024
1 0.943 0.435 0.018 0.034
2 0.077 0.473 0.026 0.042
2 0.068 0.44 0.028 0.028
2 0.365 0.046 0.034 0.056
2 0.575 0.327 0.038 0.034
2 0.671 0.557 0.026 0.026
2 0.692 0.455 0.032 0.054
2 0.6 0.453 0.06 0.166
2 0.748 0.52 0.052 0.048
2 0.463 0.916 0.03 0.028
2 0.363 0.894 0.014 0.02
2 0.519 0.984 0.022 0.024
2 0.616 0.913 0.056 0.05
2 0.891 0.69 0.03 0.028
2 0.629 0.67 0.03 0.032
2 0.591 0.747 0.046 0.026
2 0.634 0.754 0.016 0.02
2 0.41 0.741 0.028 0.034
2 0.22 0.39 0.02 0.048
2 0.362 0.367 0.032 0.042
2 0.719 0.364 0.026 0.06
2 0.805 0.32 0.022 0.048
2 0.666 0.246 0.032 0.032
2 0.661 0.034 0.034 0.064
2 0.467 0.022 0.038 0.04
2 0.606 0.016 0.032 0.028
2 0.487 0.099 0.03 0.018
2 0.799 0.013 0.054 0.022