0 0.473 0.407 0.054 0.062
0 0.054 0.947 0.108 0.074
0 0.054 0.87 0.064 0.04
0 0.231 0.842 0.074 0.04
0 0.3 0.767 0.048 0.034
0 0.343 0.747 0.066 0.046
0 0.164 0.728 0.04 0.04
0 0.199 0.738 0.026 0.028
0 0.281 0.713 0.05 0.046
0 0.292 0.654 0.056 0.044
0 0.204 0.58 0.06 0.04
0 0.094 0.628 0.044 0.048
0 0.109 0.673 0.034 0.03
0 0.25 0.456 0.076 0.052
0 0.247 0.377 0.05 0.038
0 0.283 0.357 0.05 0.038
0 0.26 0.293 0.048 0.038
0 0.286 0.257 0.06 0.042
0 0.325 0.256 0.042 0.044
0 0.49 0.231 0.056 0.054
0 0.441 0.116 0.058 0.052
0 0.497 0.102 0.062 0.036
0 0.054 0.117 0.068 0.046
0 0.041 0.307 0.062 0.05
0 0.022 0.234 0.04 0.044
0 0.203 0.226 0.066 0.06
0 0.432 0.616 0.072 0.052
0 0.476 0.611 0.036 0.038
0 0.502 0.55 0.048 0.056
0 0.407 0.499 0.046 0.05
0 0.492 0.468 0.084 0.056
0 0.47 0.349 0.084 0.046
0 0.545 0.501 0.062 0.05
0 0.08 0.462 0.052 0.044
0 0.034 0.435 0.056 0.038
0 0.076 0.416 0.028 0.032
0 0.162 0.386 0.048 0.048
0 0.329 0.588 0.07 0.052
0 0.276 0.586 0.04 0.032
0 0.052 0.741 0.04 0.05
0 0.467 0.886 0.106 0.056
0 0.584 0.961 0.068 0.054
0 0.574 0.8 0.088 0.064
0 0.552 0.643 0.032 0.03
0 0.704 0.571 0.068 0.054
0 0.829 0.493 0.054 0.042
0 0.874 0.487 0.052 0.054
0 0.924 0.473 0.064 0.046
0 0.777 0.719 0.026 0.018
0 0.793 0.69 0.05 0.048
0 0.758 0.708 0.04 0.028
0 0.427 0.814 0.03 0.04
0 0.711 0.824 0.082 0.072
0 0.87 0.897 0.04 0.078
0 0.91 0.873 0.048 0.062
0 0.771 0.823 0.046 0.038
0 0.805 0.814 0.034 0.068
0 0.976 0.756 0.044 0.044
0 0.728 0.169 0.072 0.054
0 0.745 0.1 0.066 0.056
0 0.799 0.065 0.062 0.042
0 0.766 0.029 0.072 0.054
0 0.874 0.059 0.1 0.058
0 0.561 0.272 0.062 0.028
0 0.575 0.299 0.05 0.034
0 0.604 0.233 0.052 0.058
0 0.843 0.358 0.066 0.044
0 0.709 0.393 0.07 0.054
0 0.708 0.352 0.056 0.028
0 0.691 0.268 0.066 0.06
0 0.746 0.983 0.056 0.03
0 0.903 0.971 0.046 0.034
0 0.85 0.974 0.024 0.036
0 0.981 0.985 0.034 0.03
0 0.983 0.894 0.03 0.036
0 0.924 0.636 0.06 0.052
0 0.961 0.643 0.026 0.026
0 0.986 0.641 0.024 0.054
0 0.746 0.285 0.048 0.042
0 0.929 0.406 0.046 0.06
0 0.97 0.393 0.056 0.038
0 0.793 0.272 0.042 0.04
0 0.898 0.206 0.052 0.036
0 0.905 0.105 0.03 0.03
0 0.386 0.057 0.04 0.05
1 0.171 0.812 0.03 0.032
1 0.223 0.799 0.026 0.022
1 0.161 0.614 0.03 0.04
1 0.148 0.475 0.02 0.026
1 0.19 0.511 0.016 0.014
1 0.22 0.534 0.024 0.028
1 0.269 0.422 0.022 0.024
1 0.413 0.247 0.026 0.03
1 0.41 0.197 0.024 0.018
1 0.519 0.16 0.026 0.016
1 0.516 0.06 0.04 0.02
1 0.6 0.063 0.032 0.022
1 0.062 0.066 0.04 0.028
1 0.158 0.191 0.024 0.034
1 0.363 0.499 0.042 0.03
1 0.439 0.469 0.018 0.022
1 0.19 0.273 0.024 0.026
1 0.169 0.318 0.03 0.028
1 0.175 0.035 0.026 0.014
1 0.328 0.112 0.024 0.032
1 0.317 0.139 0.034 0.082
1 0.368 0.628 0.032 0.024
1 0.244 0.588 0.02 0.024
1 0.185 0.906 0.038 0.028
1 0.221 0.915 0.034 0.038
1 0.266 0.966 0.024 0.024
1 0.27 0.944 0.028 0.032
1 0.417 0.985 0.018 0.026
1 0.425 0.939 0.022 0.014
1 0.442 0.972 0.036 0.028
1 0.514 0.931 0.028 0.022
1 0.535 0.918 0.026 0.028
1 0.656 0.881 0.02 0.022
1 0.629 0.86 0.026 0.028
1 0.642 0.829 0.024 0.034
1 0.52 0.715 0.024 0.038
1 0.542 0.671 0.048 0.022
1 0.567 0.568 0.022 0.024
1 0.743 0.605 0.034 0.022
1 0.733 0.544 0.034 0.028
1 0.741 0.522 0.03 0.028
1 0.78 0.551 0.028 0.026
1 0.816 0.548 0.028 0.028
1 0.791 0.576 0.026 0.024
1 0.672 0.734 0.024 0.032
1 0.713 0.663 0.026 0.03
1 0.313 0.808 0.026 0.032
1 0.857 0.766 0.03 0.028
1 0.895 0.815 0.022 0.03
1 0.927 0.786 0.026 0.024
1 0.91 0.768 0.024 0.024
1 0.986 0.802 0.024 0.024
1 0.93 0.865 0.028 0.026
1 0.937 0.908 0.03 0.024
1 0.856 0.394 0.044 0.016
1 0.632 0.264 0.028 0.024
1 0.622 0.18 0.024 0.024
1 0.648 0.125 0.032 0.038
1 0.364 0.364 0.032 0.02
1 0.354 0.337 0.052 0.026
1 0.459 0.316 0.026 0.02
1 0.825 0.978 0.018 0.024
1 0.848 0.913 0.016 0.01
1 0.914 0.693 0.02 0.034
1 0.901 0.667 0.026 0.026
1 0.94 0.598 0.02 0.02
1 0.856 0.583 0.036 0.022
1 0.909 0.554 0.038 0.024
1 0.586 0.483 0.02 0.022
1 0.608 0.327 0.028 0.022
1 0.638 0.38 0.048 0.036
1 0.789 0.226 0.026 0.016
1 0.78 0.19 0.02 0.02
1 0.818 0.247 0.02 0.03
1 0.954 0.104 0.04 0.016
1 0.442 0.186 0.036 0.028
2 0.117 0.24 0.038 0.04
2 0.166 0.252 0.02 0.024
2 0.177 0.144 0.014 0.028
2 0.244 0.147 0.016 0.034
2 0.645 0.237 0.03 0.026
2 0.769 0.959 0.014 0.014
2 0.832 0.901 0.012 0.018
2 0.353 0.785 0.01 0.01
2 0.39 0.772 0.02 0.016
2 0.798 0.649 0.024 0.018
2 0.305 0.504 0.042 0.044
2 0.307 0.3 0.01 0.02
2 0.32 0.295 0.016 0.018