0 0.033 0.029 0.03 0.05
0 0.071 0.026 0.026 0.044
0 0.125 0.011 0.022 0.022
0 0.141 0.024 0.026 0.04
0 0.058 0.085 0.036 0.038
0 0.168 0.073 0.032 0.038
0 0.147 0.118 0.034 0.028
0 0.109 0.122 0.03 0.028
0 0.017 0.137 0.034 0.05
0 0.243 0.046 0.018 0.036
0 0.248 0.067 0.024 0.034
0 0.206 0.098 0.028 0.024
0 0.2 0.11 0.028 0.024
0 0.166 0.161 0.032 0.046
0 0.172 0.186 0.028 0.036
0 0.161 0.218 0.034 0.028
0 0.129 0.218 0.026 0.032
0 0.05 0.198 0.032 0.036
0 0.063 0.261 0.022 0.042
0 0.003 0.247 0.006 0.022
0 0.009 0.311 0.018 0.046
0 0.012 0.387 0.024 0.042
0 0.035 0.414 0.038 0.044
0 0.063 0.395 0.03 0.042
0 0.094 0.385 0.028 0.05
0 0.116 0.399 0.032 0.038
0 0.058 0.358 0.036 0.036
0 0.114 0.341 0.032 0.034
0 0.176 0.331 0.028 0.038
0 0.215 0.334 0.034 0.056
0 0.169 0.273 0.03 0.038
0 0.113 0.271 0.026 0.034
0 0.289 0.24 0.038 0.032
0 0.303 0.206 0.042 0.04
0 0.261 0.139 0.034 0.038
0 0.353 0.121 0.03 0.034
0 0.369 0.074 0.042 0.036
0 0.406 0.007 0.028 0.014
0 0.356 0.002 0.028 0.004
0 0.472 0.008 0.032 0.016
0 0.44 0.044 0.02 0.048
0 0.499 0.028 0.034 0.04
0 0.58 0.01 0.032 0.02
0 0.586 0.058 0.04 0.032
0 0.014 0.492 0.024 0.036
0 0.051 0.494 0.026 0.032
0 0.058 0.539 0.036 0.042
0 0.067 0.58 0.03 0.04
0 0.09 0.592 0.032 0.044
0 0.113 0.455 0.026 0.046
0 0.147 0.446 0.026 0.032
0 0.185 0.436 0.034 0.04
0 0.236 0.373 0.032 0.034
0 0.254 0.398 0.028 0.036
0 0.246 0.451 0.02 0.03
0 0.254 0.511 0.028 0.058
0 0.222 0.531 0.028 0.054
0 0.288 0.521 0.028 0.038
0 0.322 0.443 0.032 0.038
0 0.315 0.336 0.026 0.04
0 0.313 0.28 0.03 0.032
0 0.376 0.207 0.036 0.038
0 0.398 0.233 0.016 0.022
0 0.416 0.245 0.024 0.018
0 0.4 0.271 0.036 0.03
0 0.414 0.298 0.024 0.024
0 0.383 0.384 0.034 0.04
0 0.103 0.661 0.038 0.054
0 0.493 0.144 0.026 0.044
0 0.532 0.135 0.024 0.042
0 0.576 0.115 0.028 0.046
0 0.631 0.079 0.03 0.05
0 0.675 0.04 0.034 0.056
0 0.75 0.019 0.04 0.03
0 0.847 0.011 0.026 0.022
0 0.876 0.009 0.028 0.018
0 0.954 0.013 0.032 0.026
0 0.894 0.04 0.032 0.036
0 0.989 0.12 0.018 0.044
0 0.974 0.084 0.036 0.044
0 0.934 0.082 0.02 0.04
0 0.833 0.078 0.034 0.048
0 0.791 0.134 0.034 0.048
0 0.797 0.176 0.038 0.04
0 0.867 0.195 0.026 0.042
0 0.985 0.253 0.026 0.054
0 0.871 0.263 0.038 0.042
0 0.85 0.237 0.028 0.038
0 0.941 0.307 0.038 0.046
0 0.995 0.34 0.006 0.032
0 0.967 0.377 0.038 0.054
0 0.958 0.472 0.036 0.064
0 0.918 0.43 0.044 0.056
0 0.833 0.341 0.03 0.042
0 0.826 0.409 0.028 0.046
0 0.773 0.322 0.046 0.068
0 0.749 0.266 0.042 0.032
0 0.736 0.108 0.028 0.04
0 0.7 0.107 0.032 0.05
0 0.662 0.116 0.024 0.04
0 0.618 0.16 0.032 0.04
0 0.665 0.169 0.042 0.058
0 0.725 0.188 0.034 0.044
0 0.694 0.193 0.028 0.034
0 0.699 0.217 0.038 0.03
0 0.657 0.243 0.038 0.046
0 0.617 0.235 0.03 0.054
0 0.528 0.201 0.036 0.034
0 0.048 0.87 0.044 0.052
0 0.151 0.927 0.042 0.058
0 0.275 0.96 0.038 0.044
0 0.265 0.925 0.038 0.042
0 0.329 0.867 0.038 0.038
0 0.363 0.85 0.042 0.036
0 0.232 0.83 0.032 0.052
0 0.241 0.855 0.03 0.022
0 0.27 0.781 0.028 0.046
0 0.335 0.781 0.034 0.058
0 0.112 0.785 0.036 0.062
0 0.164 0.723 0.04 0.034
0 0.222 0.69 0.032 0.052
0 0.198 0.639 0.04 0.046
0 0.321 0.684 0.038 0.048
0 0.299 0.681 0.03 0.042
0 0.32 0.636 0.044 0.044
0 0.371 0.459 0.046 0.038
0 0.399 0.498 0.03 0.048
0 0.491 0.4 0.03 0.048
0 0.464 0.331 0.036 0.042
0 0.526 0.339 0.036 0.042
0 0.533 0.314 0.026 0.024
0 0.532 0.296 0.02 0.024
0 0.605 0.334 0.03 0.044
0 0.585 0.336 0.014 0.036
0 0.669 0.311 0.026 0.042
0 0.702 0.352 0.016 0.028
0 0.681 0.361 0.022 0.014
0 0.665 0.378 0.018 0.02
0 0.905 0.947 0.026 0.018
0 0.903 0.993 0.018 0.01
0 0.846 0.974 0.052 0.048
0 0.841 0.951 0.034 0.042
0 0.752 0.94 0.036 0.064
0 0.674 0.934 0.02 0.044
0 0.602 0.987 0.04 0.022
0 0.547 0.969 0.058 0.058
0 0.443 0.97 0.034 0.04
0 0.498 0.922 0.044 0.052
0 0.52 0.89 0.024 0.02
0 0.528 0.874 0.024 0.024
0 0.441 0.882 0.03 0.048
0 0.414 0.927 0.04 0.054
0 0.397 0.851 0.03 0.074
0 0.473 0.726 0.042 0.048
0 0.462 0.78 0.032 0.024
0 0.485 0.78 0.01 0.02
0 0.475 0.819 0.03 0.022
0 0.474 0.802 0.032 0.02
0 0.932 0.841 0.048 0.094
0 0.992 0.772 0.012 0.068
0 0.944 0.75 0.044 0.052
0 0.826 0.795 0.036 0.058
0 0.811 0.861 0.026 0.042
0 0.752 0.861 0.044 0.046
0 0.704 0.832 0.024 0.04
0 0.757 0.795 0.022 0.042
0 0.773 0.787 0.022 0.038
0 0.54 0.829 0.044 0.042
0 0.627 0.741 0.038 0.042
0 0.517 0.758 0.022 0.036
0 0.517 0.658 0.038 0.052
0 0.588 0.605 0.04 0.062
0 0.501 0.545 0.034 0.042
0 0.491 0.534 0.026 0.028
0 0.537 0.516 0.038 0.036
0 0.543 0.421 0.022 0.026
0 0.993 0.698 0.01 0.028
0 0.995 0.668 0.006 0.032
0 0.963 0.656 0.038 0.06
0 0.942 0.612 0.024 0.036
0 0.93 0.62 0.02 0.036
0 0.867 0.607 0.034 0.05
0 0.9 0.519 0.044 0.05
0 0.701 0.668 0.03 0.048
0 0.741 0.647 0.034 0.026
0 0.745 0.664 0.03 0.02
0 0.78 0.614 0.044 0.06
0 0.818 0.627 0.028 0.058
0 0.646 0.591 0.032 0.046
0 0.633 0.564 0.022 0.04
0 0.606 0.554 0.036 0.044
0 0.681 0.556 0.022 0.048
0 0.77 0.525 0.016 0.038
0 0.781 0.528 0.018 0.048
0 0.78 0.47 0.04 0.048
0 0.699 0.449 0.026 0.038
0 0.684 0.477 0.032 0.042
0 0.661 0.466 0.046 0.044
1 0.11 0.085 0.02 0.026
1 0.187 0.026 0.022 0.028
1 0.27 0.027 0.02 0.018
1 0.278 0.062 0.012 0.012
1 0.146 0.168 0.012 0.012
1 0.11 0.23 0.008 0.008
1 0.11 0.18 0.024 0.024
1 0.101 0.2 0.014 0.012
1 0.035 0.247 0.018 0.014
1 0.041 0.384 0.018 0.016
1 0.125 0.285 0.014 0.022
1 0.242 0.249 0.02 0.022
1 0.297 0.147 0.006 0.038
1 0.376 0.103 0.016 0.014
1 0.361 0.052 0.022 0.012
1 0.399 0.051 0.014 0.018
1 0.405 0.029 0.022 0.022
1 0.32 0.005 0.024 0.01
1 0.435 0.007 0.014 0.014
1 0.548 0.003 0.024 0.006
1 0.004 0.507 0.008 0.038
1 0.059 0.514 0.006 0.008
1 0.011 0.552 0.018 0.024
1 0.017 0.589 0.006 0.018
1 0.152 0.569 0.024 0.018
1 0.254 0.422 0.028 0.016
1 0.418 0.167 0.012 0.014
1 0.42 0.191 0.016 0.014
1 0.413 0.227 0.014 0.022
1 0.398 0.305 0.012 0.018
1 0.415 0.327 0.018 0.01
1 0.414 0.337 0.012 0.01
1 0.279 0.351 0.01 0.018
1 0.008 0.766 0.016 0.02
1 0.007 0.655 0.006 0.026
1 0.741 0.048 0.022 0.024
1 0.927 0.028 0.026 0.02
1 0.968 0.106 0.016 0.016
1 0.991 0.215 0.01 0.026
1 0.912 0.27 0.016 0.024
1 0.93 0.396 0.02 0.02
1 0.867 0.427 0.014 0.03
1 0.86 0.338 0.02 0.02
1 0.796 0.282 0.02 0.024
1 0.768 0.237 0.024 0.014
1 0.737 0.132 0.022 0.024
1 0.536 0.224 0.012 0.016
1 0.571 0.201 0.01 0.01
1 0.001 0.963 0.002 0.014
1 0.128 0.987 0.024 0.018
1 0.166 0.912 0.024 0.028
1 0.33 0.901 0.02 0.014
1 0.348 0.891 0.016 0.018
1 0.358 0.897 0.012 0.018
1 0.346 0.907 0.008 0.01
1 0.251 0.83 0.01 0.028
1 0.307 0.774 0.018 0.02
1 0.116 0.742 0.012 0.02
1 0.236 0.608 0.024 0.024
1 0.314 0.557 0.032 0.014
1 0.433 0.38 0.01 0.012
1 0.446 0.356 0.02 0.012
1 0.447 0.372 0.018 0.02
1 0.472 0.362 0.02 0.012
1 0.486 0.367 0.012 0.006
1 0.493 0.376 0.014 0.008
1 0.987 0.985 0.014 0.026
1 0.948 0.917 0.016 0.018
1 0.985 0.914 0.018 0.016
1 0.823 0.901 0.026 0.018
1 0.698 0.951 0.016 0.022
1 0.628 0.934 0.012 0.028
1 0.512 0.904 0.02 0.016
1 0.532 0.901 0.02 0.026
1 0.421 0.897 0.018 0.026
1 0.4 0.801 0.02 0.034
1 0.423 0.749 0.022 0.022
1 0.988 0.824 0.016 0.024
1 0.722 0.79 0.016 0.012
1 0.719 0.779 0.014 0.01
1 0.57 0.822 0.016 0.02
1 0.597 0.817 0.01 0.022
1 0.606 0.838 0.016 0.02
1 0.627 0.808 0.014 0.028
1 0.483 0.633 0.022 0.034
1 0.513 0.605 0.014 0.022
1 0.56 0.604 0.012 0.028
1 0.464 0.564 0.012 0.02
1 0.452 0.566 0.008 0.012
1 0.55 0.489 0.008 0.014
1 0.611 0.455 0.03 0.018
1 0.541 0.401 0.01 0.01
1 0.562 0.403 0.016 0.022
1 0.954 0.691 0.024 0.01
1 0.873 0.649 0.01 0.022
1 0.764 0.647 0.012 0.018
1 0.731 0.701 0.022 0.014
1 0.652 0.649 0.012 0.018
1 0.64 0.635 0.008 0.01
1 0.829 0.515 0.026 0.026
1 0.818 0.462 0.008 0.024
1 0.749 0.429 0.014 0.014
1 0.711 0.427 0.01 0.018
1 0.441 0.458 0.014 0.024
1 0.052 0.897 0.012 0.014
1 0.132 0.542 0.012 0.012
2 0.011 0.057 0.022 0.034
2 0.114 0.142 0.024 0.024
2 0.082 0.155 0.02 0.018
2 0.012 0.291 0.016 0.026
2 0.008 0.433 0.016 0.026
2 0.031 0.588 0.022 0.024
2 0.893 0.211 0.022 0.038
2 0.972 0.176 0.024 0.024
2 0.887 0.454 0.03 0.032
2 0.86 0.375 0.028 0.042
2 0.011 0.989 0.022 0.018
2 0.023 0.965 0.014 0.026
2 0.046 0.963 0.02 0.034
2 0.111 0.936 0.022 0.024
2 0.446 0.389 0.012 0.018
2 0.691 0.332 0.026 0.016
2 0.45 0.233 0.028 0.022
2 0.459 0.273 0.014 0.026
2 0.15 0.245 0.02 0.01
2 0.723 0.96 0.022 0.028
2 0.786 0.838 0.028 0.06
2 0.657 0.86 0.018 0.02
2 0.451 0.582 0.018 0.008
2 0.891 0.607 0.01 0.022
2 0.942 0.525 0.016 0.022
2 0.865 0.52 0.01 0.016
2 0.137 0.81 0.022 0.024
2 0.249 0.712 0.01 0.02
2 0.189 0.859 0.018 0.022
2 0.161 0.838 0.022 0.02
2 0.187 0.464 0.022 0.02
2 0.232 0.449 0.008 0.014