0 0.878 0.766 0.036 0.056
0 0.99 0.895 0.016 0.034
0 0.924 0.974 0.052 0.048
0 0.825 0.97 0.05 0.056
0 0.697 0.978 0.042 0.04
0 0.669 0.991 0.038 0.014
0 0.651 0.963 0.042 0.05
0 0.604 0.992 0.052 0.012
0 0.709 0.924 0.042 0.056
0 0.617 0.868 0.046 0.056
0 0.58 0.857 0.052 0.094
0 0.532 0.905 0.044 0.058
0 0.477 0.993 0.03 0.01
0 0.456 0.994 0.028 0.008
0 0.549 0.801 0.054 0.042
0 0.471 0.879 0.07 0.058
0 0.39 0.977 0.032 0.042
0 0.366 0.989 0.044 0.018
0 0.265 0.954 0.054 0.06
0 0.237 0.995 0.022 0.006
0 0.22 0.995 0.02 0.006
0 0.193 0.98 0.05 0.036
0 0.227 0.96 0.034 0.044
0 0.218 0.925 0.044 0.05
0 0.17 0.954 0.036 0.048
0 0.13 0.965 0.044 0.054
0 0.023 0.967 0.042 0.062
0 0.021 0.913 0.038 0.054
0 0.021 0.888 0.038 0.036
0 0.144 0.895 0.048 0.046
0 0.886 0.858 0.048 0.064
0 0.78 0.87 0.048 0.056
0 0.749 0.832 0.046 0.048
0 0.469 0.802 0.054 0.064
0 0.448 0.776 0.04 0.052
0 0.413 0.842 0.034 0.028
0 0.447 0.828 0.03 0.024
0 0.344 0.906 0.036 0.028
0 0.37 0.853 0.044 0.046
0 0.367 0.826 0.038 0.016
0 0.329 0.865 0.042 0.05
0 0.323 0.834 0.046 0.028
0 0.204 0.826 0.048 0.072
0 0.165 0.821 0.054 0.07
0 0.037 0.814 0.054 0.064
0 0.021 0.767 0.034 0.042
0 0.113 0.748 0.062 0.064
0 0.968 0.7 0.052 0.06
0 0.917 0.621 0.046 0.054
0 0.841 0.645 0.05 0.074
0 0.876 0.621 0.044 0.046
0 0.781 0.761 0.046 0.03
0 0.808 0.756 0.028 0.044
0 0.803 0.713 0.034 0.046
0 0.766 0.714 0.052 0.06
0 0.774 0.639 0.032 0.05
0 0.788 0.668 0.036 0.024
0 0.649 0.768 0.054 0.064
0 0.654 0.707 0.064 0.066
0 0.595 0.686 0.058 0.068
0 0.555 0.691 0.042 0.066
0 0.518 0.696 0.032 0.032
0 0.491 0.749 0.034 0.058
0 0.468 0.732 0.032 0.056
0 0.439 0.727 0.038 0.034
0 0.378 0.75 0.06 0.056
0 0.364 0.694 0.052 0.072
0 0.26 0.729 0.044 0.062
0 0.255 0.671 0.046 0.082
0 0.163 0.733 0.046 0.07
0 0.014 0.657 0.024 0.074
0 0.077 0.717 0.046 0.042
0 0.033 0.702 0.03 0.028
0 0.041 0.656 0.042 0.04
0 0.955 0.511 0.058 0.078
0 0.983 0.493 0.03 0.054
0 0.898 0.555 0.052 0.042
0 0.791 0.57 0.046 0.084
0 0.696 0.598 0.048 0.064
0 0.831 0.492 0.054 0.072
0 0.617 0.54 0.05 0.084
0 0.404 0.642 0.044 0.052
0 0.535 0.506 0.058 0.056
0 0.515 0.444 0.066 0.08
0 0.36 0.555 0.052 0.07
0 0.29 0.628 0.052 0.056
0 0.212 0.637 0.052 0.062
0 0.063 0.564 0.042 0.048
0 0.055 0.508 0.03 0.032
0 0.448 0.421 0.048 0.062
0 0.379 0.418 0.046 0.068
0 0.354 0.483 0.072 0.07
0 0.261 0.511 0.054 0.07
0 0.236 0.565 0.056 0.086
0 0.182 0.492 0.048 0.076
0 0.231 0.469 0.05 0.054
0 0.13 0.467 0.04 0.05
0 0.957 0.359 0.054 0.074
0 0.928 0.351 0.044 0.086
0 0.911 0.303 0.046 0.046
0 0.843 0.398 0.026 0.036
0 0.791 0.426 0.046 0.072
0 0.73 0.433 0.048 0.062
0 0.81 0.368 0.036 0.036
0 0.732 0.39 0.04 0.036
0 0.693 0.382 0.082 0.092
0 0.621 0.474 0.038 0.048
0 0.593 0.369 0.038 0.05
0 0.534 0.344 0.048 0.064
0 0.452 0.312 0.044 0.06
0 0.484 0.283 0.052 0.086
0 0.399 0.317 0.05 0.07
0 0.361 0.27 0.042 0.06
0 0.315 0.318 0.054 0.084
0 0.194 0.417 0.036 0.034
0 0.181 0.433 0.038 0.038
0 0.172 0.366 0.056 0.076
0 0.115 0.362 0.038 0.052
0 0.094 0.356 0.056 0.064
0 0.804 0.266 0.08 0.072
0 0.832 0.202 0.052 0.064
0 0.788 0.11 0.052 0.06
0 0.812 0.039 0.044 0.066
0 0.916 0.025 0.04 0.046
0 0.658 0.215 0.044 0.078
0 0.647 0.256 0.042 0.04
0 0.583 0.178 0.046 0.092
0 0.532 0.193 0.04 0.05
0 0.44 0.231 0.044 0.05
0 0.377 0.192 0.046 0.044
0 0.386 0.219 0.044 0.026
0 0.344 0.179 0.032 0.042
0 0.255 0.239 0.066 0.126
0 0.299 0.25 0.034 0.044
0 0.184 0.27 0.048 0.06
0 0.152 0.222 0.06 0.096
0 0.108 0.211 0.056 0.102
0 0.094 0.186 0.024 0.032
0 0.066 0.265 0.068 0.098
0 0.024 0.293 0.032 0.034
0 0.014 0.21 0.024 0.06
0 0.677 0.016 0.042 0.028
0 0.701 0.093 0.05 0.058
0 0.691 0.062 0.03 0.032
0 0.586 0.07 0.044 0.072
0 0.603 0.046 0.054 0.076
0 0.551 0.123 0.046 0.062
0 0.51 0.105 0.036 0.05
0 0.029 0.13 0.038 0.068
0 0.055 0.145 0.046 0.074
0 0.049 0.076 0.046 0.064
0 0.103 0.04 0.046 0.06
0 0.26 0.043 0.036 0.054
0 0.327 0.025 0.046 0.046
0 0.442 0.147 0.032 0.05
0 0.329 0.111 0.054 0.07
0 0.407 0.038 0.062 0.072
0 0.421 0.062 0.042 0.068
1 0.868 0.975 0.036 0.026
1 0.828 0.906 0.02 0.02
1 0.592 0.949 0.02 0.022
1 0.994 0.78 0.008 0.028
1 0.766 0.796 0.036 0.008
1 0.775 0.804 0.026 0.008
1 0.71 0.828 0.016 0.008
1 0.353 0.798 0.018 0.028
1 0.357 0.883 0.03 0.018
1 0.294 0.898 0.036 0.036
1 0.932 0.659 0.032 0.022
1 0.907 0.659 0.018 0.014
1 0.881 0.662 0.026 0.028
1 0.894 0.666 0.012 0.02
1 0.755 0.688 0.026 0.016
1 0.524 0.755 0.016 0.018
1 0.653 0.532 0.022 0.032
1 0.631 0.509 0.026 0.018
1 0.565 0.569 0.022 0.026
1 0.491 0.628 0.026 0.028
1 0.485 0.501 0.042 0.026
1 0.503 0.536 0.026 0.016
1 0.505 0.554 0.018 0.024
1 0.215 0.538 0.034 0.028
1 0.141 0.609 0.03 0.03
1 0.173 0.599 0.03 0.026
1 0.154 0.586 0.032 0.044
1 0.129 0.418 0.034 0.024
1 0.994 0.41 0.008 0.048
1 0.95 0.31 0.028 0.024
1 0.901 0.38 0.026 0.036
1 0.921 0.442 0.034 0.016
1 0.8 0.352 0.024 0.02
1 0.779 0.362 0.026 0.032
1 0.652 0.357 0.032 0.046
1 0.51 0.371 0.032 0.022
1 0.279 0.427 0.026 0.03
1 0.073 0.409 0.03 0.034
1 0.039 0.443 0.03 0.014
1 0.988 0.227 0.02 0.03
1 0.988 0.208 0.02 0.028
1 0.989 0.244 0.018 0.028
1 0.99 0.163 0.016 0.042
1 0.877 0.172 0.026 0.032
1 0.864 0.224 0.02 0.04
1 0.953 0.122 0.038 0.02
1 0.737 0.155 0.022 0.034
1 0.513 0.254 0.03 0.024
1 0.411 0.241 0.038 0.022
1 0.286 0.213 0.02 0.022
1 0.163 0.284 0.03 0.024
1 0.153 0.271 0.03 0.026
1 0.133 0.284 0.014 0.016
1 0.75 0.063 0.016 0.03
1 0.59 0.007 0.02 0.01
1 0.54 0.021 0.028 0.038
1 0.129 0.087 0.022 0.026
1 0.155 0.147 0.038 0.022
1 0.203 0.007 0.042 0.01
1 0.291 0.125 0.026 0.042
1 0.326 0.073 0.024 0.026
1 0.31 0.067 0.012 0.014
1 0.454 0.088 0.032 0.036
1 0.402 0.194 0.016 0.02
1 0.447 0.181 0.022 0.026
1 0.428 0.179 0.02 0.022
1 0.44 0.201 0.028 0.018
2 0.989 0.968 0.018 0.048
2 0.991 0.927 0.014 0.038
2 0.779 0.953 0.034 0.046
2 0.767 0.925 0.03 0.034
2 0.825 0.923 0.014 0.018
2 0.634 0.913 0.044 0.038
2 0.55 0.934 0.008 0.02
2 0.496 0.987 0.024 0.022
2 0.502 0.937 0.04 0.026
2 0.452 0.902 0.02 0.016
2 0.367 0.968 0.026 0.024
2 0.334 0.961 0.032 0.03
2 0.155 0.985 0.014 0.014
2 0.091 0.965 0.026 0.03
2 0.056 0.968 0.044 0.048
2 0.029 0.927 0.018 0.018
2 0.987 0.811 0.022 0.046
2 0.811 0.821 0.026 0.026
2 0.614 0.834 0.016 0.02
2 0.444 0.848 0.02 0.008
2 0.115 0.819 0.022 0.014
2 0.12 0.831 0.04 0.026
2 0.101 0.792 0.05 0.048
2 0.955 0.605 0.05 0.046
2 0.881 0.694 0.026 0.028
2 0.867 0.68 0.014 0.024
2 0.696 0.746 0.028 0.028
2 0.674 0.806 0.028 0.02
2 0.674 0.781 0.02 0.01
2 0.684 0.74 0.008 0.008
2 0.848 0.577 0.04 0.022
2 0.729 0.581 0.038 0.098
2 0.697 0.498 0.038 0.06
2 0.725 0.475 0.022 0.022
2 0.66 0.482 0.02 0.02
2 0.537 0.609 0.018 0.03
2 0.543 0.626 0.018 0.012
2 0.467 0.618 0.022 0.028
2 0.365 0.631 0.026 0.03
2 0.338 0.645 0.028 0.026
2 0.336 0.663 0.016 0.014
2 0.024 0.595 0.044 0.026
2 0.294 0.481 0.028 0.034
2 0.162 0.631 0.032 0.026
2 0.151 0.448 0.014 0.012
2 0.933 0.282 0.03 0.04
2 0.891 0.431 0.018 0.022
2 0.92 0.462 0.028 0.02
2 0.925 0.431 0.042 0.026
2 0.966 0.425 0.02 0.026
2 0.867 0.361 0.026 0.054
2 0.766 0.388 0.028 0.04
2 0.694 0.443 0.028 0.038
2 0.391 0.351 0.026 0.038
2 0.388 0.305 0.044 0.046
2 0.357 0.312 0.026 0.036
2 0.315 0.379 0.042 0.042
2 0.256 0.433 0.024 0.03
2 0.064 0.347 0.024 0.022
2 0.057 0.367 0.022 0.018
2 0.058 0.382 0.024 0.016
2 0.061 0.476 0.03 0.028
2 0.935 0.194 0.014 0.036
2 0.776 0.307 0.012 0.034
2 0.79 0.319 0.012 0.01
2 0.861 0.124 0.018 0.028
2 0.882 0.12 0.012 0.016
2 0.792 0.075 0.024 0.014
2 0.922 0.059 0.012 0.038
2 0.684 0.311 0.012 0.014
2 0.772 0.169 0.044 0.062
2 0.542 0.241 0.028 0.038
2 0.542 0.27 0.024 0.036
2 0.43 0.267 0.008 0.018
2 0.258 0.309 0.02 0.018
2 0.131 0.322 0.026 0.02
2 0.15 0.306 0.016 0.016
2 0.088 0.321 0.024 0.018
2 0.968 0.022 0.024 0.04
2 0.987 0.007 0.022 0.01
2 0.98 0.066 0.032 0.052
2 0.674 0.081 0.024 0.022
2 0.6 0.123 0.028 0.034
2 0.169 0.024 0.026 0.028
2 0.436 0.087 0.016 0.026
2 0.18 0.07 0.02 0.032