0 0.692 0.469 0.048 0.062
0 0.643 0.414 0.03 0.056
0 0.568 0.357 0.048 0.062
0 0.603 0.279 0.05 0.054
0 0.554 0.277 0.04 0.054
0 0.536 0.235 0.048 0.058
0 0.499 0.15 0.078 0.068
0 0.537 0.079 0.046 0.042
0 0.641 0.056 0.042 0.044
0 0.66 0.114 0.044 0.068
0 0.607 0.143 0.046 0.062
0 0.575 0.204 0.046 0.068
0 0.474 0.246 0.044 0.048
0 0.362 0.177 0.048 0.058
0 0.337 0.135 0.046 0.066
0 0.276 0.204 0.052 0.068
0 0.285 0.074 0.038 0.036
0 0.244 0.04 0.04 0.04
0 0.21 0.093 0.048 0.054
0 0.139 0.017 0.038 0.034
0 0.77 0.064 0.036 0.044
0 0.745 0.072 0.034 0.044
0 0.819 0.018 0.046 0.036
0 0.973 0.012 0.042 0.024
0 0.964 0.036 0.048 0.036
0 0.93 0.065 0.044 0.046
0 0.885 0.137 0.046 0.046
0 0.919 0.171 0.05 0.054
0 0.833 0.133 0.046 0.058
0 0.807 0.116 0.042 0.044
0 0.815 0.066 0.038 0.048
0 0.751 0.147 0.038 0.058
0 0.97 0.182 0.052 0.056
0 0.913 0.229 0.046 0.062
0 0.876 0.253 0.024 0.046
0 0.95 0.274 0.06 0.064
0 0.911 0.311 0.05 0.066
0 0.868 0.324 0.048 0.044
0 0.903 0.402 0.038 0.048
0 0.9 0.381 0.044 0.042
0 0.796 0.301 0.064 0.038
0 0.774 0.343 0.06 0.054
0 0.743 0.391 0.046 0.058
0 0.682 0.314 0.044 0.04
0 0.668 0.353 0.044 0.046
0 0.702 0.272 0.044 0.052
0 0.708 0.226 0.044 0.048
0 0.741 0.295 0.026 0.034
0 0.534 0.404 0.044 0.04
0 0.461 0.356 0.05 0.052
0 0.483 0.082 0.054 0.06
0 0.445 0.116 0.03 0.024
0 0.411 0.031 0.046 0.054
0 0.317 0.016 0.038 0.032
0 0.269 0.022 0.018 0.028
0 0.251 0.005 0.038 0.01
0 0.615 0.026 0.03 0.032
0 0.453 0.002 0.03 0.004
0 0.194 0.116 0.028 0.032
0 0.112 0.123 0.048 0.042
0 0.14 0.133 0.044 0.062
0 0.068 0.187 0.044 0.058
0 0.055 0.024 0.042 0.048
0 0.005 0.097 0.006 0.034
0 0.055 0.271 0.046 0.046
0 0.128 0.297 0.044 0.054
0 0.048 0.317 0.04 0.05
0 0.015 0.31 0.026 0.064
0 0.008 0.226 0.012 0.044
0 0.147 0.388 0.03 0.052
0 0.197 0.36 0.038 0.052
0 0.218 0.303 0.04 0.058
0 0.262 0.323 0.036 0.042
0 0.343 0.28 0.042 0.048
0 0.378 0.275 0.04 0.054
0 0.395 0.309 0.054 0.054
0 0.349 0.333 0.042 0.05
0 0.403 0.363 0.05 0.062
0 0.364 0.39 0.044 0.048
0 0.425 0.429 0.046 0.05
0 0.34 0.43 0.056 0.056
0 0.27 0.46 0.044 0.06
0 0.238 0.465 0.036 0.05
0 0.229 0.503 0.034 0.038
0 0.204 0.488 0.04 0.048
0 0.187 0.532 0.026 0.048
0 0.16 0.542 0.024 0.04
0 0.149 0.459 0.046 0.042
0 0.16 0.486 0.04 0.032
0 0.119 0.477 0.042 0.058
0 0.093 0.431 0.042 0.054
0 0.025 0.44 0.046 0.06
0 0.051 0.478 0.038 0.044
0 0.119 0.591 0.034 0.046
0 0.094 0.637 0.044 0.054
0 0.055 0.624 0.038 0.06
0 0.017 0.624 0.03 0.068
0 0.101 0.693 0.062 0.058
0 0.048 0.728 0.048 0.064
0 0.013 0.755 0.022 0.054
0 0.046 0.796 0.048 0.044
0 0.052 0.877 0.048 0.05
0 0.024 0.855 0.044 0.062
0 0.158 0.764 0.036 0.04
0 0.178 0.796 0.028 0.048
0 0.199 0.742 0.038 0.036
0 0.258 0.738 0.032 0.044
0 0.342 0.689 0.048 0.05
0 0.41 0.708 0.056 0.044
0 0.478 0.706 0.04 0.036
0 0.445 0.651 0.038 0.042
0 0.407 0.587 0.062 0.038
0 0.388 0.554 0.04 0.028
0 0.356 0.528 0.032 0.044
0 0.401 0.525 0.042 0.042
0 0.341 0.589 0.054 0.046
0 0.331 0.625 0.034 0.038
0 0.304 0.544 0.044 0.072
0 0.251 0.602 0.03 0.048
0 0.214 0.645 0.044 0.042
0 0.19 0.675 0.036 0.038
0 0.447 0.515 0.038 0.046
0 0.505 0.506 0.042 0.048
0 0.534 0.505 0.032 0.038
0 0.724 0.525 0.048 0.042
0 0.723 0.567 0.05 0.042
0 0.716 0.629 0.04 0.054
0 0.766 0.609 0.04 0.042
0 0.784 0.573 0.036 0.03
0 0.803 0.51 0.042 0.044
0 0.81 0.535 0.04 0.046
0 0.837 0.632 0.05 0.052
0 0.912 0.585 0.072 0.058
0 0.966 0.611 0.044 0.05
0 0.99 0.594 0.016 0.052
0 0.955 0.687 0.054 0.05
0 0.972 0.74 0.052 0.064
0 0.833 0.747 0.046 0.034
0 0.868 0.79 0.056 0.068
0 0.884 0.837 0.06 0.062
0 0.833 0.895 0.058 0.05
0 0.82 0.851 0.044 0.05
0 0.792 0.791 0.06 0.066
0 0.776 0.855 0.04 0.066
0 0.694 0.828 0.044 0.044
0 0.708 0.797 0.044 0.042
0 0.632 0.778 0.052 0.036
0 0.653 0.702 0.046 0.028
0 0.676 0.67 0.044 0.036
0 0.707 0.737 0.05 0.05
0 0.768 0.705 0.044 0.058
0 0.656 0.625 0.04 0.03
0 0.638 0.604 0.044 0.048
0 0.664 0.562 0.044 0.064
0 0.522 0.586 0.04 0.052
0 0.517 0.643 0.042 0.05
0 0.499 0.759 0.05 0.034
0 0.513 0.738 0.054 0.044
0 0.56 0.814 0.044 0.044
0 0.604 0.753 0.028 0.026
0 0.591 0.773 0.034 0.038
0 0.631 0.841 0.054 0.062
0 0.527 0.896 0.054 0.06
0 0.49 0.814 0.064 0.06
0 0.465 0.881 0.062 0.07
0 0.429 0.842 0.038 0.052
0 0.397 0.849 0.026 0.03
0 0.579 0.893 0.046 0.062
0 0.63 0.926 0.044 0.04
0 0.678 0.935 0.052 0.066
0 0.653 0.982 0.054 0.032
0 0.537 0.983 0.038 0.03
0 0.489 0.982 0.05 0.032
0 0.44 0.949 0.044 0.054
0 0.387 0.97 0.058 0.056
0 0.341 0.925 0.058 0.078
0 0.299 0.884 0.058 0.072
0 0.27 0.956 0.044 0.068
0 0.232 0.931 0.064 0.038
0 0.222 0.981 0.06 0.034
0 0.167 0.964 0.038 0.056
0 0.149 0.982 0.026 0.032
0 0.12 0.977 0.036 0.042
0 0.036 0.959 0.04 0.05
0 0.056 0.988 0.036 0.02
0 0.072 0.958 0.048 0.056
0 0.797 0.966 0.046 0.064
0 0.759 0.979 0.038 0.038
0 0.937 0.971 0.058 0.054
0 0.882 0.92 0.08 0.072
0 0.958 0.799 0.052 0.046
0 0.975 0.453 0.046 0.062
0 0.963 0.378 0.066 0.048
0 0.994 0.318 0.008 0.028
1 0.98 0.061 0.028 0.022
1 0.987 0.203 0.022 0.026
1 0.993 0.221 0.01 0.022
1 0.805 0.276 0.034 0.016
1 0.792 0.368 0.02 0.032
1 0.496 0.306 0.024 0.024
1 0.605 0.18 0.022 0.02
1 0.644 0.246 0.028 0.032
1 0.413 0.097 0.03 0.022
1 0.064 0.137 0.024 0.038
1 0.108 0.041 0.02 0.042
1 0.005 0.038 0.006 0.028
1 0.133 0.082 0.022 0.032
1 0.18 0.182 0.024 0.032
1 0.114 0.348 0.024 0.024
1 0.251 0.284 0.018 0.028
1 0.292 0.37 0.028 0.028
1 0.305 0.44 0.018 0.028
1 0.105 0.815 0.03 0.018
1 0.102 0.846 0.032 0.032
1 0.288 0.531 0.02 0.03
1 0.24 0.57 0.02 0.024
1 0.225 0.584 0.018 0.028
1 0.616 0.522 0.02 0.028
1 0.479 0.467 0.014 0.018
1 0.759 0.487 0.03 0.018
1 0.823 0.561 0.018 0.026
1 0.815 0.59 0.018 0.024
1 0.928 0.789 0.024 0.026
1 0.92 0.723 0.032 0.018
1 0.91 0.704 0.028 0.02
1 0.485 0.607 0.018 0.038
1 0.459 0.616 0.022 0.024
1 0.576 0.679 0.02 0.034
1 0.409 0.818 0.026 0.024
1 0.657 0.904 0.026 0.02
1 0.202 0.851 0.024 0.026
1 0.74 0.95 0.028 0.028
1 0.745 0.811 0.022 0.022
2 0.718 0.304 0.024 0.04
2 0.76 0.222 0.052 0.052
2 0.629 0.236 0.038 0.048
2 0.357 0.01 0.046 0.02
2 0.386 0.052 0.028 0.028
2 0.607 0.061 0.026 0.038
2 0.577 0.007 0.038 0.014
2 0.608 0.007 0.024 0.014
2 0.118 0.225 0.036 0.066
2 0.022 0.34 0.032 0.036
2 0.256 0.392 0.04 0.04
2 0.176 0.451 0.024 0.034
2 0.287 0.633 0.03 0.034
2 0.288 0.589 0.036 0.03
2 0.256 0.556 0.02 0.024
2 0.164 0.61 0.04 0.048
2 0.217 0.682 0.034 0.04
2 0.55 0.474 0.032 0.04
2 0.603 0.476 0.034 0.036
2 0.496 0.468 0.02 0.028
2 0.499 0.418 0.01 0.016
2 0.484 0.372 0.028 0.032
2 0.549 0.317 0.042 0.046
2 0.511 0.693 0.034 0.046
2 0.664 0.804 0.036 0.048
2 0.633 0.753 0.018 0.018
2 0.619 0.809 0.014 0.022
2 0.378 0.811 0.044 0.058
2 0.372 0.771 0.024 0.03
2 0.447 0.815 0.026 0.062
2 0.733 0.979 0.026 0.038
2 0.767 0.943 0.034 0.038
2 0.611 0.597 0.042 0.038
2 0.34 0.983 0.04 0.03
2 0.293 0.71 0.042 0.048
2 0.876 0.031 0.044 0.038
0 0.979 0.01 0.03 0.02
0 0.963 0.028 0.042 0.048
0 0.932 0.064 0.032 0.036
0 0.82 0.017 0.044 0.034
0 0.973 0.181 0.046 0.046
0 0.921 0.172 0.046 0.048
0 0.883 0.14 0.042 0.04
0 0.832 0.135 0.044 0.05
0 0.915 0.229 0.038 0.054
0 0.952 0.274 0.052 0.056
0 0.995 0.316 0.006 0.024
0 0.814 0.066 0.036 0.048
0 0.777 0.051 0.014 0.018
0 0.756 0.072 0.044 0.044
0 0.749 0.146 0.034 0.052
0 0.878 0.255 0.028 0.046
0 0.91 0.298 0.032 0.032
0 0.905 0.326 0.038 0.032
0 0.871 0.324 0.046 0.048
0 0.958 0.385 0.04 0.03
0 0.906 0.403 0.036 0.046
0 0.899 0.379 0.038 0.034
0 0.975 0.453 0.046 0.062
0 0.991 0.595 0.014 0.046
0 0.966 0.614 0.036 0.04
0 0.928 0.576 0.036 0.04
0 0.898 0.592 0.024 0.044
0 0.956 0.686 0.044 0.044
0 0.975 0.738 0.046 0.052
0 0.958 0.801 0.052 0.046
0 0.87 0.791 0.044 0.058
0 0.884 0.839 0.056 0.054
0 0.942 0.972 0.052 0.052
0 0.908 0.923 0.04 0.05
0 0.879 0.934 0.022 0.028
0 0.857 0.936 0.026 0.032
0 0.833 0.896 0.05 0.048
0 0.821 0.845 0.042 0.042
0 0.776 0.856 0.036 0.06
0 0.792 0.79 0.048 0.056
0 0.769 0.707 0.042 0.05
0 0.797 0.971 0.042 0.054
0 0.762 0.979 0.04 0.038
0 0.742 0.95 0.028 0.02
0 0.678 0.938 0.052 0.064
0 0.651 0.982 0.058 0.032
0 0.632 0.927 0.036 0.042
0 0.58 0.893 0.04 0.062
0 0.528 0.896 0.048 0.06
0 0.538 0.982 0.032 0.032
0 0.489 0.982 0.05 0.032
0 0.443 0.947 0.038 0.054
0 0.386 0.972 0.056 0.052
0 0.274 0.957 0.04 0.066
0 0.218 0.982 0.052 0.032
0 0.167 0.964 0.034 0.048
0 0.148 0.982 0.028 0.032
0 0.121 0.976 0.034 0.044
0 0.056 0.993 0.036 0.01
0 0.08 0.95 0.032 0.036
0 0.071 0.967 0.046 0.038
0 0.038 0.96 0.036 0.044
0 0.057 0.871 0.042 0.046
0 0.238 0.928 0.052 0.032
0 0.342 0.919 0.048 0.058
0 0.295 0.876 0.046 0.048
0 0.399 0.848 0.018 0.032
0 0.465 0.879 0.062 0.066
0 0.432 0.838 0.032 0.036
0 0.493 0.813 0.054 0.058
0 0.562 0.813 0.04 0.046
0 0.633 0.84 0.046 0.056
0 0.696 0.827 0.04 0.042
0 0.715 0.797 0.026 0.042
0 0.711 0.737 0.038 0.046
0 0.834 0.641 0.04 0.03
0 0.765 0.606 0.03 0.036
0 0.784 0.574 0.028 0.028
0 0.717 0.624 0.038 0.048
0 0.676 0.671 0.04 0.038
0 0.652 0.701 0.044 0.03
0 0.633 0.779 0.05 0.034
0 0.603 0.757 0.022 0.022
0 0.59 0.779 0.032 0.026
0 0.5 0.76 0.052 0.036
0 0.479 0.706 0.038 0.036
0 0.528 0.636 0.02 0.028
0 0.515 0.652 0.034 0.032
0 0.524 0.586 0.036 0.044
0 0.444 0.649 0.032 0.038
0 0.424 0.709 0.024 0.038
0 0.411 0.706 0.026 0.04
0 0.392 0.706 0.02 0.032
0 0.046 0.796 0.044 0.04
0 0.012 0.756 0.02 0.056
0 0.048 0.729 0.044 0.058
0 0.159 0.765 0.034 0.038
0 0.202 0.742 0.036 0.04
0 0.258 0.739 0.032 0.046
0 0.342 0.691 0.044 0.042
0 0.092 0.699 0.04 0.046
0 0.118 0.681 0.028 0.038
0 0.191 0.673 0.038 0.038
0 0.215 0.646 0.034 0.044
0 0.1 0.629 0.024 0.03
0 0.087 0.648 0.03 0.032
0 0.015 0.625 0.026 0.07
0 0.055 0.618 0.038 0.044
0 0.12 0.591 0.032 0.046
0 0.251 0.602 0.03 0.048
0 0.331 0.623 0.03 0.034
0 0.341 0.59 0.05 0.044
0 0.398 0.588 0.036 0.032
0 0.391 0.554 0.038 0.028
0 0.449 0.516 0.038 0.044
0 0.403 0.527 0.038 0.038
0 0.357 0.527 0.03 0.042
0 0.306 0.544 0.044 0.068
0 0.187 0.531 0.026 0.046
0 0.16 0.541 0.024 0.038
0 0.805 0.51 0.038 0.044
0 0.726 0.525 0.04 0.038
0 0.724 0.569 0.044 0.042
0 0.693 0.461 0.046 0.042
0 0.746 0.39 0.048 0.056
0 0.774 0.342 0.052 0.056
0 0.795 0.299 0.058 0.042
0 0.708 0.226 0.04 0.048
0 0.703 0.271 0.038 0.046
0 0.681 0.315 0.046 0.042
0 0.67 0.357 0.036 0.038
0 0.645 0.415 0.03 0.05
0 0.671 0.552 0.022 0.04
0 0.657 0.569 0.022 0.038
0 0.636 0.603 0.044 0.046
0 0.654 0.627 0.032 0.03
0 0.532 0.508 0.036 0.036
0 0.506 0.507 0.036 0.046
0 0.535 0.405 0.038 0.038
0 0.567 0.357 0.046 0.062
0 0.603 0.278 0.046 0.056
0 0.553 0.274 0.042 0.052
0 0.608 0.141 0.048 0.058
0 0.661 0.113 0.042 0.07
0 0.643 0.058 0.042 0.044
0 0.616 0.027 0.032 0.03
0 0.579 0.212 0.046 0.04
0 0.536 0.234 0.048 0.056
0 0.454 0.355 0.028 0.046
0 0.426 0.428 0.04 0.044
0 0.412 0.347 0.032 0.03
0 0.376 0.378 0.016 0.032
0 0.36 0.394 0.036 0.044
0 0.341 0.428 0.05 0.056
0 0.266 0.467 0.036 0.05
0 0.242 0.465 0.032 0.05
0 0.228 0.504 0.032 0.032
0 0.21 0.488 0.036 0.04
0 0.122 0.478 0.04 0.052
0 0.148 0.467 0.04 0.05
0 0.05 0.481 0.036 0.042
0 0.023 0.439 0.042 0.054
0 0.095 0.436 0.038 0.052
0 0.147 0.39 0.03 0.048
0 0.197 0.362 0.038 0.048
0 0.258 0.389 0.032 0.03
0 0.261 0.324 0.034 0.044
0 0.218 0.303 0.036 0.058
0 0.348 0.333 0.04 0.05
0 0.393 0.308 0.046 0.048
0 0.376 0.274 0.036 0.052
0 0.344 0.28 0.04 0.056
0 0.478 0.244 0.036 0.052
0 0.128 0.296 0.04 0.052
0 0.014 0.318 0.024 0.048
0 0.046 0.316 0.036 0.048
0 0.055 0.273 0.042 0.042
0 0.007 0.225 0.01 0.042
0 0.067 0.187 0.042 0.054
0 0.113 0.122 0.046 0.044
0 0.138 0.132 0.036 0.056
0 0.004 0.097 0.004 0.03
0 0.055 0.022 0.038 0.044
0 0.139 0.018 0.038 0.036
0 0.209 0.092 0.042 0.048
0 0.195 0.114 0.026 0.032
0 0.276 0.205 0.048 0.058
0 0.364 0.179 0.044 0.058
0 0.338 0.136 0.048 0.064
0 0.287 0.075 0.038 0.034
0 0.248 0.04 0.04 0.036
0 0.254 0.005 0.04 0.01
0 0.318 0.015 0.036 0.03
0 0.346 0.009 0.028 0.018
0 0.42 0.019 0.028 0.034
0 0.399 0.033 0.022 0.026
0 0.483 0.083 0.046 0.054
0 0.537 0.084 0.046 0.044
0 0.501 0.145 0.078 0.058
0 0.291 0.904 0.026 0.024
1 0.98 0.059 0.024 0.014
1 0.989 0.199 0.018 0.014
1 0.928 0.787 0.02 0.022
1 0.919 0.725 0.026 0.014
1 0.911 0.706 0.014 0.012
1 0.657 0.903 0.022 0.018
1 0.371 0.938 0.006 0.008
1 0.355 0.94 0.006 0.016
1 0.744 0.81 0.02 0.024
1 0.845 0.621 0.026 0.018
1 0.823 0.56 0.014 0.028
1 0.812 0.589 0.016 0.022
1 0.579 0.677 0.014 0.03
1 0.484 0.608 0.016 0.04
1 0.46 0.616 0.024 0.02
1 0.203 0.852 0.014 0.02
1 0.105 0.844 0.026 0.028
1 0.108 0.813 0.024 0.014
1 0.178 0.796 0.024 0.04
1 0.158 0.798 0.008 0.016
1 0.373 0.772 0.022 0.028
1 0.365 0.805 0.01 0.01
1 0.288 0.53 0.016 0.028
1 0.239 0.569 0.018 0.022
1 0.227 0.584 0.014 0.024
1 0.76 0.486 0.032 0.016
1 0.678 0.489 0.02 0.022
1 0.792 0.364 0.016 0.032
1 0.806 0.275 0.032 0.018
1 0.743 0.301 0.022 0.022
1 0.657 0.343 0.014 0.018
1 0.617 0.522 0.018 0.028
1 0.48 0.467 0.012 0.018
1 0.645 0.244 0.022 0.024
1 0.605 0.181 0.022 0.018
1 0.572 0.182 0.028 0.02
1 0.499 0.307 0.022 0.026
1 0.477 0.34 0.018 0.02
1 0.481 0.376 0.018 0.02
1 0.305 0.439 0.018 0.026
1 0.282 0.442 0.016 0.02
1 0.164 0.489 0.032 0.03
1 0.176 0.449 0.016 0.026
1 0.114 0.347 0.024 0.026
1 0.293 0.369 0.022 0.026
1 0.25 0.283 0.016 0.026
1 0.022 0.337 0.024 0.03
1 0.063 0.135 0.018 0.038
1 0.183 0.18 0.014 0.024
1 0.133 0.083 0.018 0.03
1 0.109 0.041 0.018 0.038
1 0.004 0.039 0.004 0.022
1 0.268 0.023 0.016 0.026
1 0.454 0.003 0.028 0.006
1 0.416 0.099 0.028 0.022
1 0.445 0.117 0.026 0.022
1 0.635 0.224 0.014 0.016
1 0.687 0.417 0.01 0.014
1 0.5 0.417 0.012 0.014
2 0.809 0.115 0.03 0.034
2 0.895 0.905 0.034 0.034
2 0.833 0.745 0.042 0.034
2 0.018 0.859 0.032 0.058
2 0.353 0.945 0.026 0.03
2 0.44 0.857 0.016 0.014
2 0.674 0.793 0.012 0.014
2 0.668 0.812 0.02 0.024
2 0.619 0.809 0.014 0.014
2 0.526 0.737 0.024 0.03
2 0.512 0.694 0.024 0.036
2 0.407 0.818 0.03 0.02
2 0.382 0.817 0.036 0.042
2 0.217 0.681 0.026 0.034
2 0.164 0.608 0.032 0.036
2 0.29 0.633 0.024 0.03
2 0.427 0.578 0.018 0.02
2 0.811 0.538 0.034 0.036
2 0.719 0.301 0.018 0.022
2 0.601 0.473 0.022 0.022
2 0.55 0.475 0.024 0.026
2 0.394 0.368 0.028 0.04
2 0.37 0.008 0.028 0.016
2 0.779 0.203 0.014 0.01
2 0.754 0.209 0.032 0.022
2 0.98 0.366 0.036 0.02
2 0.609 0.061 0.018 0.03
2 0.581 0.004 0.03 0.008
2 0.613 0.004 0.018 0.008
2 0.516 0.189 0.012 0.018
2 0.12 0.239 0.02 0.026
2 0.698 0.393 0.02 0.01
2 0.499 0.468 0.018 0.02
2 0.4 0.422 0.02 0.032
2 0.605 0.604 0.022 0.02
2 0.592 0.523 0.02 0.022
2 0.039 0.528 0.014 0.016