0 0.979 0.081 0.034 0.058
0 0.936 0.048 0.036 0.064
0 0.868 0.041 0.048 0.074
0 0.822 0.056 0.044 0.072
0 0.874 0.118 0.044 0.076
0 0.977 0.217 0.042 0.07
0 0.886 0.232 0.044 0.056
0 0.952 0.31 0.048 0.076
0 0.765 0.131 0.05 0.062
0 0.703 0.128 0.046 0.056
0 0.67 0.206 0.06 0.076
0 0.684 0.265 0.036 0.034
0 0.717 0.288 0.046 0.056
0 0.775 0.287 0.038 0.054
0 0.782 0.218 0.048 0.048
0 0.883 0.378 0.054 0.072
0 0.831 0.338 0.058 0.056
0 0.806 0.37 0.048 0.068
0 0.901 0.418 0.05 0.04
0 0.875 0.465 0.038 0.038
0 0.978 0.513 0.04 0.058
0 0.591 0.205 0.05 0.074
0 0.508 0.289 0.048 0.054
0 0.238 0.231 0.048 0.078
0 0.164 0.203 0.052 0.078
0 0.111 0.197 0.042 0.078
0 0.052 0.119 0.044 0.082
0 0.249 0.12 0.042 0.064
0 0.393 0.395 0.046 0.066
0 0.386 0.351 0.04 0.046
0 0.314 0.372 0.04 0.076
0 0.31 0.322 0.032 0.044
0 0.338 0.307 0.04 0.038
0 0.576 0.024 0.048 0.048
0 0.528 0.034 0.048 0.068
0 0.438 0.116 0.04 0.072
0 0.341 0.103 0.026 0.046
0 0.327 0.085 0.022 0.034
0 0.62 0.448 0.036 0.064
0 0.582 0.397 0.048 0.062
0 0.426 0.209 0.04 0.066
0 0.507 0.346 0.054 0.06
0 0.516 0.419 0.032 0.042
0 0.522 0.481 0.048 0.094
0 0.223 0.323 0.05 0.098
0 0.811 0.645 0.05 0.07
0 0.777 0.665 0.038 0.058
0 0.733 0.624 0.042 0.076
0 0.684 0.654 0.04 0.076
0 0.154 0.079 0.036 0.038
0 0.378 0.474 0.04 0.06
0 0.32 0.452 0.036 0.04
0 0.306 0.501 0.048 0.038
0 0.261 0.484 0.034 0.04
0 0.077 0.416 0.058 0.072
0 0.069 0.341 0.038 0.038
0 0.03 0.386 0.036 0.084
0 0.272 0.553 0.04 0.074
0 0.224 0.601 0.036 0.062
0 0.191 0.542 0.026 0.032
0 0.163 0.549 0.03 0.046
0 0.16 0.501 0.036 0.042
0 0.141 0.573 0.026 0.038
0 0.129 0.581 0.022 0.034
0 0.097 0.597 0.038 0.026
0 0.043 0.562 0.038 0.064
0 0.043 0.508 0.034 0.048
0 0.191 0.67 0.026 0.06
0 0.151 0.702 0.042 0.056
0 0.118 0.67 0.024 0.048
0 0.094 0.659 0.032 0.042
0 0.054 0.63 0.032 0.044
0 0.142 0.77 0.028 0.044
0 0.103 0.771 0.03 0.058
0 0.07 0.743 0.036 0.034
0 0.018 0.727 0.032 0.042
0 0.073 0.788 0.03 0.044
0 0.443 0.618 0.042 0.068
0 0.413 0.628 0.03 0.048
0 0.364 0.607 0.032 0.046
0 0.329 0.621 0.03 0.038
0 0.369 0.524 0.026 0.036
0 0.339 0.552 0.038 0.072
0 0.27 0.679 0.036 0.034
0 0.255 0.719 0.046 0.046
0 0.226 0.679 0.02 0.026
0 0.388 0.676 0.028 0.048
0 0.403 0.706 0.026 0.036
0 0.441 0.716 0.034 0.06
0 0.41 0.801 0.032 0.038
0 0.358 0.787 0.036 0.046
0 0.316 0.793 0.036 0.046
0 0.214 0.889 0.028 0.046
0 0.086 0.942 0.032 0.048
0 0.117 0.938 0.03 0.04
0 0.144 0.949 0.04 0.038
0 0.123 0.976 0.03 0.032
0 0.727 0.713 0.03 0.042
0 0.655 0.699 0.034 0.042
0 0.642 0.743 0.04 0.05
0 0.592 0.751 0.036 0.042
0 0.544 0.719 0.032 0.046
0 0.574 0.677 0.04 0.062
0 0.605 0.674 0.026 0.044
0 0.503 0.863 0.038 0.054
0 0.476 0.834 0.032 0.056
0 0.566 0.968 0.036 0.04
0 0.527 0.979 0.034 0.038
0 0.481 0.968 0.03 0.048
0 0.399 0.976 0.038 0.044
0 0.331 0.674 0.018 0.04
0 0.359 0.874 0.03 0.036
0 0.817 0.729 0.034 0.05
0 0.794 0.803 0.036 0.038
0 0.529 0.567 0.034 0.05
0 0.943 0.893 0.054 0.074
0 0.909 0.841 0.026 0.05
0 0.943 0.839 0.03 0.046
0 0.92 0.769 0.032 0.05
0 0.855 0.848 0.038 0.048
0 0.889 0.895 0.034 0.05
0 0.855 0.981 0.034 0.034
0 0.873 0.952 0.018 0.044
0 0.77 0.968 0.068 0.06
0 0.695 0.962 0.042 0.072
0 0.732 0.785 0.04 0.038
0 0.64 0.881 0.036 0.05
0 0.802 0.578 0.04 0.044
0 0.795 0.515 0.03 0.062
0 0.743 0.508 0.038 0.06
0 0.738 0.579 0.036 0.034
0 0.838 0.462 0.036 0.076
0 0.726 0.428 0.052 0.056
0 0.624 0.386 0.032 0.028
0 0.642 0.594 0.032 0.032
0 0.026 0.935 0.028 0.038
1 0.893 0.019 0.014 0.022
1 0.917 0.287 0.01 0.018
1 0.973 0.359 0.026 0.026
1 0.981 0.396 0.018 0.024
1 0.666 0.248 0.024 0.024
1 0.72 0.056 0.024 0.024
1 0.616 0.141 0.024 0.03
1 0.564 0.125 0.02 0.026
1 0.562 0.21 0.008 0.028
1 0.515 0.257 0.022 0.022
1 0.555 0.06 0.014 0.04
1 0.409 0.067 0.022 0.03
1 0.373 0.203 0.018 0.03
1 0.358 0.212 0.016 0.028
1 0.312 0.242 0.024 0.02
1 0.322 0.269 0.024 0.022
1 0.456 0.48 0.016 0.028
1 0.119 0.275 0.022 0.026
1 0.12 0.248 0.012 0.024
1 0.122 0.062 0.016 0.072
1 0.071 0.05 0.03 0.044
1 0.169 0.012 0.022 0.024
1 0.187 0.015 0.014 0.022
1 0.277 0.457 0.026 0.026
1 0.122 0.408 0.016 0.032
1 0.173 0.411 0.022 0.018
1 0.174 0.43 0.012 0.012
1 0.132 0.525 0.016 0.034
1 0.074 0.713 0.02 0.018
1 0.063 0.774 0.022 0.024
1 0.04 0.751 0.02 0.03
1 0.03 0.77 0.016 0.012
1 0.417 0.553 0.01 0.022
1 0.4 0.554 0.02 0.032
1 0.382 0.548 0.024 0.028
1 0.273 0.651 0.018 0.022
1 0.458 0.75 0.028 0.016
1 0.474 0.766 0.04 0.012
1 0.422 0.769 0.04 0.026
1 0.378 0.795 0.016 0.022
1 0.357 0.826 0.022 0.028
1 0.346 0.85 0.02 0.028
1 0.295 0.829 0.01 0.014
1 0.248 0.81 0.016 0.036
1 0.269 0.811 0.026 0.046
1 0.186 0.799 0.016 0.042
1 0.191 0.898 0.018 0.028
1 0.108 0.898 0.02 0.028
1 0.398 0.913 0.028 0.022
1 0.472 0.922 0.024 0.024
1 0.309 0.872 0.026 0.024
1 0.81 0.836 0.016 0.02
1 0.584 0.638 0.02 0.024
1 0.534 0.621 0.024 0.022
1 0.939 0.802 0.026 0.028
1 0.857 0.927 0.022 0.038
1 0.85 0.965 0.02 0.022
1 0.818 0.901 0.02 0.034
1 0.775 0.904 0.022 0.032
1 0.704 0.903 0.02 0.03
1 0.7 0.869 0.024 0.03
1 0.708 0.825 0.036 0.022
1 0.92 0.677 0.028 0.038
1 0.586 0.798 0.02 0.024
1 0.82 0.543 0.024 0.018
1 0.829 0.553 0.026 0.018
1 0.695 0.546 0.018 0.016
1 0.668 0.538 0.02 0.024
1 0.637 0.526 0.018 0.024
1 0.82 0.514 0.024 0.024
1 0.887 0.572 0.014 0.036
1 0.673 0.423 0.026 0.042
1 0.733 0.371 0.038 0.026
1 0.683 0.333 0.014 0.018
1 0.717 0.506 0.014 0.032
1 0.595 0.564 0.014 0.016
1 0.58 0.568 0.016 0.016
1 0.579 0.544 0.006 0.02
1 0.658 0.663 0.02 0.022
1 0.471 0.41 0.014 0.032
1 0.421 0.431 0.018 0.07
1 0.416 0.482 0.012 0.032
1 0.957 0.195 0.03 0.034
1 0.98 0.177 0.024 0.014
1 0.167 0.158 0.018 0.02
1 0.22 0.167 0.012 0.014
1 0.498 0.125 0.028 0.034
1 0.724 0.167 0.032 0.026
1 0.707 0.325 0.03 0.038
1 0.764 0.729 0.016 0.03
1 0.619 0.795 0.022 0.038
1 0.789 0.932 0.03 0.02
1 0.464 0.576 0.02 0.02
1 0.97 0.463 0.016 0.022
1 0.92 0.47 0.012 0.02
1 0.931 0.56 0.018 0.036
2 0.557 0.378 0.006 0.008
2 0.545 0.378 0.01 0.008
2 0.184 0.291 0.032 0.03
2 0.842 0.911 0.016 0.022
2 0.624 0.851 0.02 0.026
2 0.615 0.94 0.03 0.044
2 0.681 0.514 0.034 0.048
2 0.92 0.538 0.032 0.036