0 0.974 0.014 0.048 0.028
0 0.907 0.039 0.05 0.058
0 0.856 0.039 0.06 0.062
0 0.791 0.027 0.05 0.05
0 0.679 0.088 0.078 0.052
0 0.638 0.153 0.056 0.046
0 0.557 0.035 0.058 0.046
0 0.758 0.153 0.064 0.046
0 0.708 0.186 0.072 0.044
0 0.588 0.232 0.068 0.064
0 0.511 0.131 0.042 0.05
0 0.469 0.079 0.042 0.038
0 0.459 0.129 0.054 0.054
0 0.421 0.181 0.054 0.074
0 0.315 0.17 0.046 0.052
0 0.51 0.254 0.056 0.056
0 0.585 0.361 0.042 0.05
0 0.67 0.339 0.048 0.062
0 0.755 0.314 0.042 0.048
0 0.773 0.238 0.062 0.06
0 0.879 0.245 0.042 0.046
0 0.954 0.278 0.052 0.044
0 0.986 0.218 0.024 0.056
0 0.938 0.16 0.052 0.056
0 0.916 0.092 0.068 0.052
0 0.407 0.274 0.074 0.032
0 0.5 0.321 0.044 0.054
0 0.214 0.13 0.068 0.048
0 0.766 0.398 0.04 0.06
0 0.73 0.417 0.04 0.046
0 0.72 0.444 0.044 0.048
0 0.688 0.465 0.048 0.034
0 0.665 0.503 0.034 0.05
0 0.624 0.411 0.032 0.05
0 0.43 0.328 0.036 0.052
0 0.398 0.319 0.04 0.054
0 0.382 0.535 0.052 0.07
0 0.345 0.491 0.042 0.042
0 0.19 0.424 0.052 0.036
0 0.185 0.392 0.038 0.04
0 0.187 0.337 0.034 0.062
0 0.175 0.203 0.058 0.062
0 0.131 0.088 0.066 0.06
0 0.166 0.016 0.06 0.032
0 0.069 0.038 0.054 0.068
0 0.273 0.036 0.066 0.048
0 0.214 0.038 0.044 0.032
0 0.234 0.093 0.052 0.03
0 0.198 0.073 0.036 0.034
0 0.095 0.204 0.042 0.048
0 0.09 0.264 0.04 0.06
0 0.053 0.348 0.038 0.056
0 0.092 0.347 0.04 0.05
0 0.342 0.385 0.036 0.038
0 0.103 0.509 0.038 0.066
0 0.086 0.59 0.04 0.06
0 0.181 0.55 0.046 0.068
0 0.165 0.605 0.058 0.074
0 0.158 0.681 0.056 0.05
0 0.197 0.642 0.042 0.044
0 0.243 0.607 0.062 0.042
0 0.27 0.691 0.04 0.058
0 0.1 0.692 0.036 0.064
0 0.055 0.714 0.03 0.048
0 0.012 0.736 0.02 0.048
0 0.064 0.768 0.064 0.036
0 0.139 0.802 0.046 0.036
0 0.321 0.743 0.042 0.058
0 0.271 0.53 0.05 0.064
0 0.526 0.542 0.044 0.052
0 0.468 0.604 0.056 0.044
0 0.586 0.594 0.04 0.044
0 0.624 0.591 0.032 0.034
0 0.604 0.65 0.048 0.048
0 0.734 0.601 0.048 0.05
0 0.78 0.586 0.052 0.048
0 0.804 0.616 0.044 0.044
0 0.803 0.652 0.05 0.044
0 0.835 0.713 0.046 0.05
0 0.826 0.409 0.04 0.042
0 0.847 0.46 0.066 0.028
0 0.89 0.386 0.04 0.056
0 0.937 0.451 0.042 0.03
0 0.921 0.486 0.038 0.024
0 0.844 0.51 0.04 0.048
0 0.797 0.473 0.038 0.026
0 0.937 0.533 0.038 0.038
0 0.898 0.65 0.036 0.068
0 0.96 0.627 0.036 0.038
0 0.905 0.702 0.054 0.036
0 0.887 0.741 0.046 0.054
0 0.693 0.63 0.042 0.044
0 0.646 0.683 0.076 0.038
0 0.536 0.661 0.044 0.034
0 0.439 0.739 0.046 0.054
0 0.615 0.747 0.05 0.078
0 0.689 0.828 0.054 0.052
0 0.595 0.832 0.07 0.044
0 0.557 0.894 0.05 0.044
0 0.524 0.796 0.04 0.036
0 0.379 0.797 0.07 0.054
0 0.302 0.823 0.044 0.05
0 0.261 0.794 0.038 0.056
0 0.198 0.701 0.036 0.046
0 0.972 0.869 0.052 0.058
0 0.954 0.78 0.04 0.044
0 0.919 0.779 0.038 0.046
0 0.911 0.848 0.042 0.036
0 0.916 0.907 0.044 0.042
0 0.884 0.928 0.04 0.036
0 0.851 0.968 0.07 0.044
0 0.748 0.89 0.04 0.036
0 0.738 0.928 0.052 0.052
0 0.526 0.857 0.048 0.03
0 0.356 0.9 0.044 0.044
0 0.408 0.928 0.056 0.032
0 0.379 0.967 0.05 0.046
0 0.464 0.891 0.052 0.038
0 0.619 0.942 0.082 0.044
0 0.621 0.983 0.054 0.03
0 0.532 0.726 0.044 0.048
0 0.937 0.342 0.05 0.032
0 0.925 0.23 0.058 0.04
0 0.89 0.197 0.052 0.042
0 0.672 0.262 0.068 0.036
0 0.266 0.488 0.068 0.04
0 0.013 0.435 0.022 0.074
0 0.309 0.337 0.034 0.038
0 0.2 0.941 0.044 0.05
0 0.162 0.955 0.04 0.054
0 0.134 0.855 0.068 0.05
0 0.094 0.81 0.04 0.032
0 0.094 0.958 0.068 0.048
0 0.455 0.799 0.03 0.034
0 0.708 0.765 0.064 0.034
0 0.477 0.936 0.046 0.048
0 0.81 0.537 0.036 0.042
0 0.627 0.562 0.066 0.04
0 0.353 0.094 0.09 0.032
0 0.982 0.49 0.032 0.04
0 0.99 0.633 0.016 0.05
0 0.97 0.984 0.04 0.028
0 0.191 0.851 0.034 0.05
0 0.284 0.351 0.036 0.022
0 0.344 0.336 0.032 0.02
0 0.743 0.503 0.038 0.046
0 0.148 0.992 0.04 0.012
1 0.917 0.41 0.03 0.02
1 0.947 0.207 0.038 0.026
1 0.992 0.129 0.012 0.05
1 0.701 0.347 0.022 0.03
1 0.991 0.417 0.014 0.03
1 0.855 0.654 0.022 0.036
1 0.861 0.863 0.03 0.03
1 0.809 0.927 0.018 0.03
1 0.916 0.955 0.028 0.034
1 0.993 0.942 0.01 0.032
1 0.574 0.853 0.028 0.018
1 0.418 0.87 0.04 0.032
1 0.51 0.924 0.032 0.024
1 0.225 0.887 0.038 0.03
1 0.38 0.854 0.028 0.044
1 0.314 0.906 0.024 0.028
1 0.21 0.739 0.024 0.03
1 0.235 0.666 0.034 0.024
1 0.289 0.641 0.03 0.026
1 0.356 0.714 0.02 0.04
1 0.398 0.655 0.028 0.034
1 0.428 0.644 0.028 0.028
1 0.466 0.662 0.044 0.028
1 0.439 0.437 0.03 0.026
1 0.545 0.422 0.03 0.04
1 0.513 0.435 0.042 0.022
1 0.377 0.414 0.034 0.028
1 0.189 0.477 0.022 0.038
1 0.077 0.395 0.038 0.014
1 0.146 0.341 0.02 0.022
1 0.596 0.46 0.028 0.024
1 0.808 0.501 0.032 0.018
1 0.412 0.053 0.024 0.022
1 0.272 0.097 0.024 0.03
1 0.253 0.226 0.022 0.024
1 0.099 0.141 0.034 0.022
1 0.033 0.139 0.014 0.018
1 0.015 0.174 0.014 0.02
1 0.154 0.286 0.024 0.036
1 0.044 0.409 0.02 0.014
1 0.05 0.871 0.02 0.038
1 0.062 0.92 0.036 0.024
2 0.989 0.064 0.018 0.04
2 0.901 0.136 0.026 0.036
2 0.861 0.279 0.034 0.03
2 0.811 0.232 0.018 0.044
2 0.885 0.328 0.046 0.04
2 0.958 0.323 0.04 0.034
2 0.948 0.367 0.032 0.034
2 0.969 0.536 0.026 0.036
2 0.963 0.573 0.03 0.038
2 0.961 0.686 0.046 0.028
2 0.804 0.987 0.04 0.022
2 0.644 0.849 0.04 0.042
2 0.445 0.857 0.05 0.03
2 0.177 0.739 0.022 0.03
2 0.448 0.566 0.036 0.056
2 0.415 0.368 0.062 0.044
2 0.759 0.541 0.042 0.042
2 0.718 0.482 0.032 0.028
2 0.635 0.395 0.038 0.046
2 0.713 0.383 0.03 0.026
2 0.638 0.118 0.04 0.028
2 0.597 0.012 0.034 0.02
2 0.434 0.007 0.044 0.014
2 0.068 0.212 0.02 0.024
2 0.186 0.293 0.028 0.03
2 0.062 0.951 0.044 0.022
2 0.016 0.809 0.028 0.03
2 0.468 0.99 0.036 0.016
2 0.35 0.985 0.032 0.018