0 0.955 0.874 0.034 0.052
0 0.92 0.819 0.036 0.038
0 0.869 0.98 0.026 0.036
0 0.847 0.872 0.026 0.04
0 0.803 0.86 0.038 0.044
0 0.788 0.996 0.02 0.004
0 0.677 0.99 0.03 0.016
0 0.658 0.985 0.032 0.026
0 0.626 0.937 0.024 0.038
0 0.585 0.949 0.034 0.038
0 0.511 0.981 0.03 0.034
0 0.456 0.978 0.048 0.04
0 0.08 0.988 0.048 0.02
0 0.979 0.7 0.038 0.064
0 0.808 0.732 0.044 0.048
0 0.777 0.706 0.042 0.072
0 0.834 0.599 0.036 0.058
0 0.9 0.609 0.04 0.062
0 0.953 0.6 0.034 0.04
0 0.765 0.633 0.038 0.054
0 0.987 0.499 0.022 0.046
0 0.969 0.395 0.042 0.034
0 0.869 0.436 0.07 0.08
0 0.846 0.499 0.04 0.05
0 0.8 0.536 0.044 0.048
0 0.741 0.518 0.034 0.032
0 0.718 0.543 0.032 0.05
0 0.657 0.557 0.038 0.054
0 0.611 0.555 0.03 0.054
0 0.564 0.553 0.02 0.05
0 0.545 0.558 0.022 0.04
0 0.873 0.26 0.042 0.04
0 0.916 0.172 0.036 0.036
0 0.99 0.23 0.012 0.044
0 0.841 0.012 0.038 0.02
0 0.799 0.008 0.038 0.012
0 0.791 0.048 0.03 0.052
0 0.75 0.049 0.044 0.046
0 0.766 0.116 0.044 0.06
0 0.659 0.012 0.034 0.02
0 0.638 0.03 0.032 0.04
0 0.466 0.016 0.044 0.028
0 0.076 0.016 0.04 0.028
0 0.166 0.016 0.024 0.028
0 0.192 0.04 0.06 0.06
0 0.023 0.085 0.03 0.05
0 0.075 0.092 0.038 0.064
0 0.156 0.151 0.04 0.058
0 0.301 0.1 0.038 0.068
0 0.411 0.115 0.034 0.046
0 0.392 0.045 0.044 0.046
0 0.595 0.109 0.026 0.046
0 0.547 0.07 0.018 0.032
0 0.518 0.084 0.032 0.06
0 0.518 0.179 0.028 0.022
0 0.511 0.209 0.038 0.026
0 0.011 0.303 0.018 0.042
0 0.02 0.393 0.036 0.066
0 0.203 0.427 0.038 0.062
0 0.177 0.463 0.03 0.038
0 0.187 0.235 0.05 0.054
0 0.383 0.333 0.038 0.054
0 0.353 0.345 0.03 0.05
0 0.441 0.33 0.034 0.04
0 0.48 0.261 0.032 0.038
0 0.546 0.267 0.036 0.054
0 0.604 0.289 0.032 0.05
0 0.792 0.325 0.032 0.034
0 0.707 0.378 0.05 0.068
0 0.632 0.392 0.048 0.092
0 0.577 0.405 0.038 0.038
0 0.519 0.395 0.046 0.066
0 0.549 0.454 0.042 0.068
0 0.498 0.443 0.032 0.042
0 0.653 0.279 0.01 0.01
0 0.058 0.482 0.032 0.04
0 0.131 0.535 0.034 0.05
0 0.099 0.632 0.03 0.028
0 0.147 0.609 0.042 0.054
0 0.184 0.517 0.044 0.054
0 0.267 0.497 0.03 0.034
0 0.259 0.544 0.034 0.056
0 0.333 0.554 0.034 0.056
0 0.396 0.521 0.036 0.042
0 0.469 0.609 0.046 0.038
0 0.507 0.682 0.034 0.048
0 0.471 0.666 0.038 0.036
0 0.601 0.718 0.038 0.056
0 0.665 0.653 0.034 0.054
0 0.567 0.822 0.05 0.044
0 0.459 0.846 0.042 0.04
0 0.458 0.905 0.024 0.058
0 0.405 0.843 0.042 0.05
0 0.369 0.878 0.026 0.036
0 0.308 0.926 0.024 0.036
0 0.254 0.994 0.032 0.008
0 0.25 0.959 0.032 0.054
0 0.268 0.924 0.032 0.032
0 0.237 0.605 0.034 0.054
0 0.26 0.656 0.052 0.056
0 0.3 0.687 0.044 0.058
0 0.214 0.723 0.032 0.046
0 0.366 0.655 0.036 0.046
0 0.362 0.795 0.036 0.058
0 0.305 0.839 0.042 0.058
0 0.264 0.851 0.028 0.03
0 0.19 0.878 0.032 0.04
0 0.17 0.901 0.024 0.046
0 0.1 0.905 0.044 0.042
0 0.064 0.855 0.028 0.034
0 0.087 0.813 0.034 0.086
0 0.042 0.778 0.036 0.064
0 0.024 0.716 0.024 0.028
0 0.449 0.72 0.014 0.036
0 0.143 0.74 0.038 0.06
0 0.82 0.906 0.02 0.036
0 0.055 0.619 0.034 0.058
0 0.054 0.686 0.028 0.048
0 0.821 0.967 0.042 0.062
0 0.011 0.794 0.018 0.052
0 0.413 0.449 0.026 0.034
0 0.832 0.831 0.024 0.034
0 0.464 0.679 0.04 0.058
0 0.466 0.63 0.036 0.02
0 0.185 0.643 0.034 0.074
0 0.147 0.4 0.026 0.072
1 0.096 0.584 0.016 0.02
1 0.954 0.833 0.02 0.022
1 0.972 0.982 0.02 0.02
1 0.84 0.815 0.012 0.01
1 0.723 0.967 0.018 0.022
1 0.661 0.93 0.018 0.028
1 0.989 0.661 0.018 0.022
1 0.868 0.701 0.024 0.022
1 0.803 0.488 0.034 0.02
1 0.742 0.578 0.016 0.02
1 0.705 0.581 0.022 0.022
1 0.705 0.609 0.014 0.018
1 0.606 0.52 0.012 0.02
1 0.57 0.496 0.024 0.024
1 0.926 0.362 0.012 0.016
1 0.93 0.342 0.02 0.028
1 0.957 0.273 0.014 0.03
1 0.937 0.261 0.03 0.026
1 0.911 0.218 0.014 0.04
1 0.894 0.145 0.012 0.018
1 0.915 0.12 0.01 0.028
1 0.976 0.155 0.028 0.022
1 0.931 0.041 0.014 0.054
1 0.936 0.004 0.012 0.004
1 0.817 0.031 0.01 0.01
1 0.817 0.111 0.014 0.042
1 0.54 0.007 0.024 0.01
1 0.412 0.061 0.02 0.026
1 0.274 0.04 0.016 0.016
1 0.258 0.055 0.016 0.018
1 0.494 0.139 0.032 0.03
1 0.469 0.196 0.022 0.02
1 0.583 0.212 0.018 0.02
1 0.117 0.413 0.034 0.022
1 0.214 0.217 0.016 0.022
1 0.444 0.277 0.02 0.018
1 0.72 0.256 0.04 0.024
1 0.635 0.24 0.014 0.012
1 0.618 0.236 0.012 0.016
1 0.715 0.337 0.018 0.026
1 0.5 0.36 0.02 0.024
1 0.17 0.267 0.024 0.014
1 0.121 0.451 0.01 0.014
1 0.079 0.543 0.022 0.034
1 0.268 0.476 0.016 0.012
1 0.595 0.641 0.014 0.01
1 0.611 0.779 0.018 0.022
1 0.715 0.805 0.018 0.022
1 0.382 0.956 0.016 0.024
1 0.282 0.954 0.012 0.02
1 0.216 0.677 0.016 0.03
1 0.296 0.753 0.02 0.026
1 0.367 0.724 0.022 0.036
1 0.461 0.728 0.01 0.02
1 0.397 0.798 0.018 0.024
1 0.063 0.958 0.018 0.02
1 0.171 0.799 0.006 0.014
1 0.77 0.239 0.016 0.018
1 0.959 0.232 0.03 0.02
1 0.973 0.218 0.018 0.024
1 0.955 0.204 0.026 0.02
1 0.995 0.906 0.006 0.028
1 0.99 0.887 0.016 0.022
1 0.877 0.937 0.022 0.03
1 0.008 0.826 0.012 0.02
1 0.164 0.1 0.04 0.044
1 0.381 0.249 0.022 0.018
1 0.989 0.114 0.018 0.048
1 0.969 0.128 0.018 0.04
1 0.976 0.324 0.016 0.032
1 0.392 0.462 0.012 0.012
1 0.387 0.444 0.018 0.012
1 0.394 0.734 0.016 0.04
1 0.027 0.475 0.014 0.034
1 0.197 0.383 0.01 0.022
1 0.211 0.385 0.006 0.018
1 0.214 0.363 0.012 0.018
1 0.444 0.609 0.004 0.014
2 0.828 0.086 0.02 0.02
2 0.438 0.227 0.012 0.014
2 0.374 0.923 0.024 0.022
2 0.182 0.66 0.024 0.04
2 0.232 0.686 0.016 0.028
2 0.13 0.821 0.02 0.034
2 0.066 0.819 0.012 0.014
2 0.783 0.283 0.022 0.022
2 0.704 0.77 0.032 0.028
2 0.478 0.839 0.032 0.05
2 0.066 0.137 0.008 0.022
2 0.756 0.991 0.02 0.014
2 0.758 0.969 0.016 0.026
2 0.778 0.975 0.008 0.006
2 0.693 0.941 0.026 0.022
2 0.984 0.907 0.016 0.018
2 0.953 0.306 0.034 0.036
2 0.389 0.706 0.026 0.012
2 0.015 0.918 0.01 0.016
2 0.091 0.868 0.006 0.024