0 0.559 0.345 0.046 0.094
0 0.955 0.098 0.038 0.04
0 0.9 0.07 0.044 0.06
0 0.843 0.043 0.03 0.038
0 0.809 0.093 0.054 0.054
0 0.731 0.081 0.038 0.046
0 0.658 0.026 0.044 0.04
0 0.68 0.124 0.052 0.088
0 0.631 0.188 0.034 0.072
0 0.568 0.164 0.036 0.072
0 0.865 0.214 0.038 0.084
0 0.928 0.161 0.056 0.058
0 0.836 0.264 0.06 0.072
0 0.987 0.329 0.022 0.07
0 0.881 0.392 0.042 0.072
0 0.974 0.416 0.028 0.06
0 0.714 0.281 0.032 0.046
0 0.717 0.329 0.026 0.042
0 0.685 0.332 0.03 0.052
0 0.625 0.395 0.046 0.074
0 0.772 0.447 0.028 0.046
0 0.801 0.503 0.042 0.054
0 0.969 0.552 0.038 0.052
0 0.914 0.545 0.04 0.058
0 0.94 0.626 0.036 0.06
0 0.884 0.653 0.04 0.05
0 0.837 0.355 0.03 0.042
0 0.787 0.36 0.042 0.052
0 0.063 0.042 0.026 0.04
0 0.082 0.06 0.036 0.044
0 0.062 0.114 0.036 0.052
0 0.101 0.188 0.046 0.064
0 0.158 0.27 0.032 0.048
0 0.192 0.272 0.036 0.048
0 0.161 0.36 0.042 0.08
0 0.109 0.381 0.074 0.07
0 0.061 0.409 0.022 0.062
0 0.017 0.337 0.03 0.074
0 0.032 0.249 0.036 0.05
0 0.299 0.034 0.038 0.052
0 0.284 0.085 0.024 0.054
0 0.209 0.046 0.038 0.056
0 0.271 0.171 0.046 0.038
0 0.225 0.19 0.03 0.036
0 0.258 0.196 0.04 0.052
0 0.241 0.238 0.034 0.048
0 0.172 0.144 0.032 0.052
0 0.665 0.679 0.042 0.066
0 0.664 0.751 0.044 0.082
0 0.702 0.764 0.028 0.048
0 0.535 0.231 0.034 0.038
0 0.473 0.217 0.058 0.082
0 0.327 0.267 0.022 0.022
0 0.498 0.31 0.032 0.064
0 0.502 0.398 0.032 0.056
0 0.432 0.444 0.04 0.064
0 0.395 0.296 0.022 0.056
0 0.342 0.329 0.04 0.058
0 0.314 0.394 0.032 0.076
0 0.316 0.442 0.04 0.064
0 0.359 0.442 0.026 0.048
0 0.278 0.458 0.04 0.044
0 0.158 0.455 0.032 0.042
0 0.106 0.545 0.032 0.066
0 0.066 0.601 0.032 0.07
0 0.05 0.688 0.036 0.076
0 0.023 0.736 0.038 0.064
0 0.115 0.72 0.03 0.056
0 0.171 0.702 0.03 0.068
0 0.28 0.58 0.036 0.084
0 0.242 0.588 0.032 0.088
0 0.592 0.504 0.032 0.056
0 0.541 0.52 0.038 0.048
0 0.53 0.551 0.04 0.054
0 0.611 0.625 0.042 0.074
0 0.587 0.645 0.03 0.058
0 0.502 0.601 0.04 0.07
0 0.937 0.766 0.05 0.068
0 0.866 0.836 0.04 0.048
0 0.865 0.771 0.038 0.042
0 0.833 0.772 0.026 0.052
0 0.809 0.706 0.034 0.06
0 0.539 0.687 0.034 0.05
0 0.489 0.709 0.026 0.058
0 0.416 0.723 0.048 0.082
0 0.717 0.846 0.046 0.068
0 0.733 0.932 0.038 0.052
0 0.659 0.893 0.038 0.062
0 0.587 0.858 0.034 0.052
0 0.598 0.912 0.036 0.064
0 0.606 0.981 0.028 0.034
0 0.595 0.753 0.034 0.066
0 0.503 0.82 0.026 0.052
0 0.394 0.904 0.032 0.056
0 0.354 0.893 0.036 0.058
0 0.251 0.959 0.046 0.078
0 0.51 0.068 0.032 0.04
0 0.468 0.461 0.036 0.046
0 0.476 0.488 0.036 0.044
0 0.759 0.528 0.034 0.048
0 0.712 0.496 0.016 0.032
0 0.666 0.524 0.032 0.052
0 0.764 0.67 0.036 0.044
0 0.539 0.625 0.026 0.054
0 0.439 0.629 0.026 0.03
0 0.219 0.704 0.03 0.068
0 0.872 0.723 0.024 0.03
0 0.293 0.796 0.034 0.06
0 0.192 0.824 0.036 0.056
0 0.126 0.902 0.028 0.032
0 0.955 0.936 0.054 0.084
0 0.853 0.931 0.034 0.046
0 0.462 0.964 0.028 0.052
0 0.174 0.947 0.04 0.062
1 0.616 0.135 0.016 0.022
1 0.776 0.143 0.016 0.026
1 0.768 0.202 0.016 0.02
1 0.932 0.145 0.012 0.022
1 0.989 0.104 0.014 0.02
1 0.983 0.174 0.022 0.016
1 0.789 0.304 0.022 0.036
1 0.767 0.293 0.022 0.038
1 0.924 0.283 0.02 0.026
1 0.903 0.305 0.022 0.018
1 0.944 0.453 0.016 0.022
1 0.898 0.444 0.012 0.02
1 0.572 0.387 0.024 0.026
1 0.941 0.577 0.018 0.026
1 0.976 0.639 0.02 0.022
1 0.02 0.073 0.016 0.03
1 0.131 0.374 0.022 0.02
1 0.186 0.059 0.012 0.018
1 0.219 0.146 0.018 0.036
1 0.684 0.713 0.016 0.022
1 0.452 0.175 0.016 0.014
1 0.452 0.138 0.016 0.024
1 0.418 0.24 0.02 0.032
1 0.345 0.259 0.014 0.018
1 0.294 0.255 0.024 0.014
1 0.618 0.281 0.016 0.022
1 0.5 0.358 0.016 0.02
1 0.461 0.396 0.022 0.028
1 0.008 0.702 0.012 0.024
1 0.168 0.632 0.024 0.028
1 0.17 0.579 0.02 0.026
1 0.168 0.541 0.016 0.018
1 0.156 0.551 0.02 0.026
1 0.166 0.519 0.016 0.022
1 0.142 0.502 0.016 0.024
1 0.216 0.402 0.02 0.024
1 0.042 0.524 0.024 0.036
1 0.009 0.478 0.014 0.024
1 0.64 0.607 0.02 0.022
1 0.936 0.812 0.024 0.036
1 0.437 0.69 0.022 0.016
1 0.471 0.744 0.014 0.032
1 0.354 0.673 0.024 0.042
1 0.527 0.739 0.022 0.026
1 0.346 0.585 0.02 0.03
1 0.33 0.598 0.024 0.02
1 0.33 0.573 0.012 0.03
1 0.337 0.521 0.006 0.018
1 0.346 0.522 0.012 0.016
1 0.571 0.091 0.018 0.034
1 0.398 0.092 0.016 0.02
1 0.332 0.107 0.016 0.018
1 0.101 0.281 0.01 0.03
1 0.454 0.366 0.02 0.016
1 0.703 0.433 0.018 0.026
1 0.723 0.446 0.018 0.02
1 0.379 0.516 0.014 0.032
1 0.861 0.567 0.018 0.026
1 0.824 0.587 0.028 0.034
1 0.751 0.635 0.034 0.034
1 0.285 0.638 0.014 0.02
1 0.181 0.755 0.026 0.022
1 0.185 0.735 0.018 0.018
1 0.895 0.723 0.014 0.022
1 0.859 0.698 0.018 0.016
1 0.757 0.734 0.026 0.02
1 0.739 0.763 0.022 0.018
1 0.279 0.832 0.018 0.02
1 0.223 0.829 0.022 0.014
1 0.192 0.885 0.028 0.034
1 0.185 0.852 0.022 0.02
1 0.163 0.776 0.022 0.024
1 0.133 0.825 0.014 0.018
1 0.099 0.823 0.046 0.03
1 0.091 0.915 0.022 0.042
1 0.981 0.975 0.022 0.022
2 0.789 0.078 0.014 0.02
2 0.244 0.046 0.016 0.024
2 0.594 0.255 0.024 0.038
2 0.93 0.854 0.02 0.032
2 0.537 0.775 0.034 0.042
2 0.504 0.758 0.028 0.028
2 0.532 0.135 0.024 0.062
2 0.433 0.079 0.046 0.054
2 0.75 0.477 0.028 0.038
2 0.643 0.45 0.018 0.036
2 0.343 0.489 0.022 0.01
2 0.511 0.492 0.022 0.036
2 0.258 0.487 0.036 0.05
2 0.28 0.485 0.008 0.014
2 0.271 0.484 0.01 0.012
2 0.28 0.498 0.016 0.008
2 0.875 0.541 0.014 0.018
2 0.845 0.517 0.018 0.022
2 0.249 0.65 0.026 0.028
2 0.24 0.673 0.012 0.014
2 0.893 0.919 0.014 0.018
2 0.781 0.921 0.022 0.018
2 0.755 0.982 0.022 0.016
2 0.542 0.924 0.02 0.016
2 0.021 0.842 0.026 0.056
2 0.033 0.885 0.018 0.026
2 0.341 0.973 0.034 0.05
2 0.307 0.961 0.014 0.022