0 0.275 0.911 0.046 0.066
0 0.006 0.967 0.012 0.046
0 0.063 0.985 0.042 0.026
0 0.067 0.979 0.026 0.034
0 0.317 0.975 0.066 0.046
0 0.381 0.994 0.03 0.008
0 0.469 0.996 0.026 0.004
0 0.469 0.93 0.054 0.068
0 0.529 0.97 0.042 0.056
0 0.598 0.991 0.044 0.014
0 0.574 0.933 0.048 0.066
0 0.617 0.909 0.05 0.07
0 0.676 0.945 0.048 0.082
0 0.741 0.984 0.054 0.028
0 0.782 0.993 0.032 0.01
0 0.854 0.991 0.024 0.014
0 0.899 0.963 0.046 0.07
0 0.95 0.979 0.048 0.038
0 0.922 0.949 0.028 0.026
0 0.979 0.964 0.038 0.072
0 0.981 0.892 0.034 0.072
0 0.948 0.918 0.048 0.056
0 0.917 0.9 0.022 0.048
0 0.93 0.874 0.028 0.028
0 0.895 0.887 0.026 0.046
0 0.95 0.817 0.048 0.074
0 0.994 0.819 0.008 0.034
0 0.806 0.949 0.036 0.062
0 0.819 0.88 0.03 0.024
0 0.767 0.899 0.05 0.07
0 0.715 0.911 0.058 0.082
0 0.69 0.858 0.028 0.028
0 0.746 0.802 0.06 0.084
0 0.67 0.837 0.048 0.054
0 0.682 0.805 0.06 0.066
0 0.609 0.789 0.022 0.022
0 0.633 0.821 0.026 0.046
0 0.544 0.786 0.076 0.064
0 0.519 0.885 0.062 0.078
0 0.407 0.88 0.054 0.064
0 0.44 0.842 0.068 0.044
0 0.428 0.8 0.052 0.052
0 0.368 0.818 0.024 0.028
0 0.349 0.867 0.042 0.046
0 0.258 0.827 0.052 0.082
0 0.236 0.78 0.06 0.052
0 0.182 0.782 0.056 0.064
0 0.186 0.903 0.044 0.054
0 0.115 0.917 0.058 0.062
0 0.014 0.903 0.028 0.066
0 0.101 0.849 0.038 0.054
0 0.158 0.865 0.044 0.054
0 0.106 0.798 0.04 0.048
0 0.094 0.769 0.036 0.034
0 0.048 0.769 0.052 0.066
0 0.009 0.767 0.018 0.074
0 0.01 0.703 0.02 0.038
0 0.029 0.712 0.038 0.052
0 0.081 0.689 0.066 0.078
0 0.012 0.625 0.024 0.07
0 0.152 0.709 0.032 0.034
0 0.187 0.719 0.058 0.074
0 0.21 0.68 0.06 0.076
0 0.327 0.787 0.054 0.074
0 0.322 0.748 0.044 0.06
0 0.315 0.668 0.042 0.064
0 0.298 0.64 0.044 0.048
0 0.279 0.593 0.042 0.046
0 0.428 0.727 0.084 0.086
0 0.479 0.747 0.034 0.066
0 0.5 0.696 0.032 0.024
0 0.579 0.739 0.022 0.03
0 0.553 0.692 0.074 0.088
0 0.55 0.637 0.052 0.07
0 0.681 0.749 0.05 0.066
0 0.658 0.678 0.072 0.076
0 0.687 0.655 0.042 0.026
0 0.867 0.765 0.062 0.094
0 0.943 0.765 0.038 0.034
0 0.934 0.742 0.048 0.06
0 0.942 0.689 0.044 0.074
0 0.99 0.639 0.016 0.058
0 0.749 0.71 0.046 0.072
0 0.781 0.713 0.05 0.074
0 0.81 0.623 0.04 0.058
0 0.096 0.568 0.036 0.036
0 0.071 0.571 0.03 0.038
0 0.063 0.536 0.042 0.04
0 0.053 0.505 0.046 0.042
0 0.114 0.52 0.04 0.048
0 0.14 0.501 0.02 0.046
0 0.158 0.479 0.04 0.058
0 0.15 0.583 0.056 0.062
0 0.203 0.506 0.046 0.04
0 0.205 0.478 0.05 0.052
0 0.215 0.392 0.058 0.056
0 0.014 0.452 0.028 0.048
0 0.035 0.473 0.05 0.034
0 0.045 0.422 0.046 0.044
0 0.032 0.36 0.032 0.052
0 0.058 0.385 0.048 0.058
0 0.094 0.452 0.044 0.048
0 0.003 0.343 0.006 0.018
0 0.014 0.294 0.028 0.048
0 0.023 0.293 0.022 0.018
0 0.059 0.312 0.034 0.048
0 0.079 0.295 0.034 0.038
0 0.123 0.349 0.034 0.05
0 0.155 0.361 0.034 0.042
0 0.208 0.346 0.032 0.04
0 0.251 0.354 0.046 0.044
0 0.28 0.355 0.044 0.05
0 0.236 0.311 0.028 0.034
0 0.21 0.318 0.032 0.036
0 0.054 0.25 0.036 0.064
0 0.081 0.227 0.03 0.034
0 0.112 0.238 0.032 0.036
0 0.007 0.176 0.014 0.016
0 0.035 0.194 0.038 0.028
0 0.045 0.205 0.03 0.022
0 0.066 0.206 0.016 0.012
0 0.018 0.053 0.036 0.054
0 0.038 0.049 0.032 0.034
0 0.058 0.006 0.024 0.008
0 0.054 0.025 0.028 0.034
0 0.048 0.13 0.036 0.036
0 0.089 0.102 0.046 0.044
0 0.086 0.066 0.032 0.032
0 0.142 0.21 0.028 0.028
0 0.163 0.205 0.034 0.05
0 0.153 0.181 0.03 0.018
0 0.142 0.151 0.032 0.046
0 0.113 0.02 0.05 0.036
0 0.143 0.022 0.022 0.036
0 0.188 0.017 0.036 0.03
0 0.206 0.01 0.032 0.016
0 0.214 0.054 0.036 0.048
0 0.167 0.073 0.034 0.062
0 0.174 0.102 0.032 0.028
0 0.176 0.278 0.036 0.052
0 0.202 0.259 0.032 0.05
0 0.214 0.25 0.024 0.036
0 0.218 0.212 0.04 0.044
0 0.235 0.199 0.038 0.054
0 0.21 0.17 0.028 0.036
0 0.286 0.005 0.032 0.006
0 0.232 0.118 0.028 0.048
0 0.261 0.115 0.03 0.046
0 0.272 0.223 0.032 0.038
0 0.981 0.524 0.034 0.044
0 0.981 0.549 0.034 0.054
0 0.954 0.548 0.032 0.032
0 0.949 0.52 0.034 0.036
0 0.915 0.567 0.046 0.07
0 0.878 0.587 0.048 0.058
0 0.269 0.532 0.058 0.064
0 0.24 0.449 0.016 0.03
0 0.982 0.427 0.032 0.066
0 0.839 0.505 0.038 0.05
0 0.818 0.454 0.044 0.08
0 0.82 0.522 0.032 0.048
0 0.795 0.527 0.046 0.078
0 0.773 0.607 0.026 0.038
0 0.755 0.583 0.038 0.058
0 0.702 0.555 0.064 0.066
0 0.673 0.564 0.046 0.068
0 0.623 0.547 0.066 0.066
0 0.527 0.533 0.058 0.09
0 0.557 0.515 0.03 0.038
0 0.446 0.572 0.052 0.068
0 0.396 0.523 0.048 0.058
0 0.37 0.493 0.04 0.046
0 0.406 0.445 0.028 0.03
0 0.483 0.46 0.034 0.04
0 0.452 0.426 0.06 0.06
0 0.444 0.395 0.02 0.034
0 0.362 0.365 0.048 0.05
0 0.344 0.341 0.052 0.03
0 0.325 0.316 0.034 0.036
0 0.285 0.259 0.05 0.038
0 0.368 0.302 0.04 0.048
0 0.398 0.286 0.044 0.052
0 0.383 0.243 0.05 0.034
0 0.364 0.214 0.048 0.032
0 0.33 0.156 0.032 0.032
0 0.35 0.126 0.036 0.036
0 0.348 0.088 0.036 0.036
0 0.379 0.071 0.026 0.05
0 0.349 0.02 0.054 0.036
0 0.916 0.402 0.044 0.06
0 0.994 0.328 0.008 0.032
0 0.909 0.331 0.058 0.066
0 0.851 0.344 0.054 0.076
0 0.746 0.462 0.052 0.088
0 0.691 0.499 0.03 0.022
0 0.748 0.398 0.048 0.064
0 0.7 0.41 0.04 0.064
0 0.66 0.42 0.048 0.044
0 0.635 0.381 0.062 0.05
0 0.612 0.439 0.024 0.03
0 0.602 0.451 0.028 0.03
0 0.598 0.415 0.048 0.046
0 0.444 0.006 0.032 0.008
0 0.416 0.092 0.028 0.044
0 0.397 0.146 0.03 0.04
0 0.428 0.164 0.028 0.044
0 0.993 0.038 0.01 0.036
0 0.948 0.027 0.028 0.034
0 0.925 0.015 0.034 0.026
0 0.859 0.019 0.03 0.034
0 0.785 0.015 0.03 0.026
0 0.761 0.013 0.026 0.022
0 0.707 0.012 0.034 0.02
0 0.636 0.022 0.044 0.04
0 0.597 0.024 0.042 0.04
0 0.572 0.007 0.028 0.01
0 0.498 0.047 0.04 0.038
0 0.503 0.087 0.042 0.042
0 0.615 0.09 0.046 0.044
0 0.537 0.426 0.022 0.032
0 0.508 0.403 0.044 0.046
0 0.537 0.372 0.046 0.06
0 0.499 0.288 0.054 0.052
0 0.48 0.245 0.036 0.038
0 0.561 0.326 0.042 0.056
0 0.614 0.322 0.04 0.052
0 0.598 0.298 0.032 0.044
0 0.488 0.184 0.048 0.048
0 0.467 0.151 0.034 0.046
0 0.532 0.225 0.032 0.062
0 0.553 0.211 0.038 0.058
0 0.563 0.176 0.042 0.044
0 0.613 0.146 0.066 0.092
0 0.654 0.295 0.044 0.05
0 0.631 0.228 0.054 0.048
0 0.673 0.268 0.038 0.056
0 0.702 0.269 0.02 0.03
0 0.684 0.165 0.044 0.106
0 0.713 0.202 0.026 0.036
0 0.735 0.193 0.03 0.046
0 0.663 0.095 0.034 0.05
0 0.818 0.062 0.036 0.044
0 0.985 0.113 0.026 0.054
0 0.91 0.084 0.04 0.056
0 0.982 0.196 0.032 0.036
0 0.984 0.168 0.028 0.024
0 0.945 0.177 0.046 0.05
0 0.988 0.269 0.02 0.074
0 0.961 0.222 0.046 0.048
0 0.89 0.217 0.04 0.054
0 0.895 0.174 0.026 0.028
0 0.786 0.259 0.056 0.062
0 0.772 0.226 0.048 0.048
0 0.713 0.126 0.05 0.044
0 0.724 0.158 0.04 0.024
0 0.785 0.145 0.058 0.042
0 0.755 0.06 0.03 0.04
0 0.75 0.093 0.036 0.038
0 0.795 0.082 0.042 0.056
0 0.824 0.247 0.052 0.046
0 0.843 0.219 0.034 0.062
0 0.833 0.127 0.046 0.07
1 0.121 0.954 0.022 0.02
1 0.886 0.853 0.024 0.022
1 0.575 0.829 0.018 0.03
1 0.425 0.861 0.018 0.022
1 0.353 0.8 0.018 0.016
1 0.326 0.612 0.02 0.036
1 0.823 0.612 0.022 0.024
1 0.19 0.443 0.028 0.014
1 0.08 0.417 0.032 0.018
1 0.259 0.328 0.03 0.016
1 0.048 0.078 0.044 0.028
1 0.976 0.5 0.024 0.02
1 0.917 0.494 0.034 0.068
1 0.357 0.568 0.034 0.02
1 0.469 0.488 0.018 0.024
1 0.482 0.493 0.008 0.018
1 0.333 0.407 0.018 0.034
1 0.967 0.345 0.01 0.014
1 0.417 0.023 0.034 0.034
1 0.67 0.035 0.032 0.026
1 0.559 0.086 0.018 0.04
1 0.876 0.078 0.02 0.028
1 0.957 0.058 0.034 0.02
1 0.734 0.229 0.036 0.03
1 0.852 0.181 0.032 0.03
2 0.165 0.96 0.034 0.028
2 0.199 0.981 0.03 0.034
2 0.259 0.971 0.058 0.054
2 0.71 0.974 0.028 0.04
2 0.91 0.849 0.028 0.018
2 0.876 0.872 0.02 0.032
2 0.814 0.919 0.012 0.014
2 0.529 0.742 0.026 0.032
2 0.49 0.907 0.024 0.03
2 0.349 0.914 0.042 0.036
2 0.313 0.847 0.058 0.042
2 0.306 0.89 0.016 0.02
2 0.188 0.859 0.04 0.022
2 0.065 0.645 0.022 0.018
2 0.242 0.636 0.06 0.068
2 0.347 0.693 0.046 0.07
2 0.444 0.655 0.052 0.078
2 0.603 0.726 0.034 0.052
2 0.91 0.712 0.036 0.032
2 0.977 0.721 0.026 0.042
2 0.785 0.662 0.062 0.06
2 0.02 0.528 0.04 0.056
2 0.174 0.418 0.044 0.048
2 0.108 0.426 0.032 0.02
2 0.112 0.383 0.024 0.034
2 0.024 0.328 0.024 0.016
2 0.109 0.27 0.038 0.024
2 0.18 0.321 0.028 0.022
2 0.142 0.252 0.028 0.032
2 0.105 0.184 0.03 0.028
2 0.142 0.235 0.028 0.014
2 0.166 0.142 0.024 0.028
2 0.246 0.161 0.048 0.03
2 0.264 0.139 0.036 0.026
2 0.289 0.516 0.022 0.032
2 0.226 0.442 0.02 0.028
2 0.853 0.538 0.026 0.024
2 0.5 0.6 0.04 0.052
2 0.396 0.568 0.044 0.044
2 0.345 0.541 0.058 0.05
2 0.369 0.591 0.03 0.026
2 0.33 0.46 0.028 0.032
2 0.398 0.391 0.036 0.026
2 0.269 0.291 0.034 0.038
2 0.289 0.301 0.022 0.03
2 0.31 0.172 0.02 0.016
2 0.364 0.085 0.008 0.018
2 0.897 0.494 0.022 0.024
2 0.886 0.453 0.04 0.03
2 0.716 0.463 0.024 0.038
2 0.641 0.453 0.034 0.046
2 0.502 0.014 0.036 0.024
2 0.531 0.117 0.03 0.026
2 0.555 0.429 0.014 0.022
2 0.457 0.222 0.038 0.04
2 0.578 0.273 0.028 0.03
2 0.598 0.265 0.02 0.018
2 0.619 0.249 0.022 0.026
2 0.513 0.245 0.03 0.042
2 0.526 0.15 0.02 0.024
2 0.693 0.339 0.058 0.054
2 0.965 0.08 0.026 0.02
2 0.981 0.056 0.026 0.036
2 0.876 0.119 0.032 0.042
2 0.846 0.064 0.02 0.052