0 0.793 0.759 0.038 0.114
0 0.925 0.742 0.034 0.052
0 0.893 0.788 0.03 0.048
0 0.869 0.755 0.038 0.046
0 0.961 0.78 0.046 0.096
0 0.939 0.672 0.03 0.052
0 0.866 0.626 0.036 0.08
0 0.982 0.535 0.032 0.074
0 0.915 0.404 0.03 0.04
0 0.805 0.403 0.038 0.058
0 0.858 0.323 0.036 0.038
0 0.749 0.264 0.03 0.048
0 0.73 0.259 0.048 0.102
0 0.704 0.271 0.036 0.042
0 0.656 0.357 0.036 0.038
0 0.599 0.378 0.034 0.06
0 0.549 0.389 0.03 0.07
0 0.6 0.25 0.032 0.056
0 0.471 0.274 0.034 0.068
0 0.372 0.297 0.028 0.05
0 0.419 0.206 0.03 0.06
0 0.386 0.178 0.028 0.036
0 0.297 0.202 0.034 0.044
0 0.353 0.147 0.026 0.066
0 0.343 0.111 0.03 0.05
0 0.606 0.036 0.04 0.032
0 0.623 0.01 0.038 0.016
0 0.53 0.088 0.028 0.056
0 0.553 0.025 0.034 0.026
0 0.73 0.082 0.04 0.052
0 0.555 0.179 0.026 0.054
0 0.548 0.142 0.032 0.044
0 0.486 0.099 0.024 0.046
0 0.777 0.676 0.03 0.064
0 0.839 0.675 0.046 0.054
0 0.636 0.632 0.044 0.056
0 0.602 0.679 0.032 0.046
0 0.561 0.613 0.034 0.05
0 0.514 0.574 0.04 0.064
0 0.467 0.606 0.026 0.052
0 0.359 0.608 0.03 0.048
0 0.379 0.542 0.026 0.056
0 0.373 0.477 0.038 0.05
0 0.304 0.531 0.028 0.046
0 0.236 0.56 0.028 0.052
0 0.171 0.608 0.03 0.048
0 0.074 0.627 0.036 0.054
0 0.072 0.584 0.032 0.04
0 0.076 0.523 0.032 0.042
0 0.147 0.512 0.03 0.04
0 0.035 0.523 0.026 0.062
0 0.137 0.412 0.038 0.06
0 0.181 0.434 0.034 0.06
0 0.346 0.389 0.032 0.05
0 0.334 0.337 0.032 0.038
0 0.241 0.368 0.03 0.048
0 0.181 0.371 0.026 0.062
0 0.17 0.304 0.036 0.064
0 0.123 0.296 0.034 0.064
0 0.113 0.269 0.03 0.05
0 0.014 0.37 0.024 0.052
0 0.031 0.297 0.026 0.038
0 0.096 0.198 0.032 0.052
0 0.075 0.173 0.026 0.054
0 0.037 0.126 0.042 0.036
0 0.058 0.093 0.032 0.034
0 0.249 0.104 0.03 0.04
0 0.264 0.05 0.04 0.048
0 0.328 0.04 0.032 0.048
0 0.356 0.038 0.032 0.052
0 0.423 0.041 0.03 0.046
0 0.413 0.067 0.03 0.038
0 0.376 0.021 0.032 0.038
0 0.372 0.061 0.024 0.042
0 0.636 0.112 0.028 0.036
0 0.615 0.137 0.038 0.042
0 0.619 0.182 0.03 0.052
0 0.764 0.117 0.036 0.054
0 0.761 0.079 0.026 0.026
0 0.711 0.149 0.022 0.038
0 0.991 0.062 0.014 0.04
0 0.933 0.051 0.026 0.042
0 0.908 0.048 0.024 0.044
0 0.971 0.125 0.03 0.038
0 0.974 0.217 0.032 0.038
0 0.968 0.187 0.032 0.038
0 0.95 0.152 0.032 0.056
0 0.932 0.173 0.036 0.054
0 0.901 0.19 0.05 0.068
0 0.714 0.341 0.036 0.038
0 0.719 0.311 0.03 0.034
0 0.597 0.304 0.026 0.04
0 0.978 0.864 0.036 0.08
0 0.983 0.811 0.03 0.03
0 0.846 0.887 0.028 0.054
0 0.824 0.859 0.032 0.046
0 0.816 0.84 0.036 0.036
0 0.858 0.984 0.04 0.028
0 0.766 0.943 0.04 0.09
0 0.741 0.981 0.038 0.034
0 0.68 0.94 0.028 0.052
0 0.612 0.933 0.044 0.05
0 0.596 0.918 0.028 0.044
0 0.558 0.957 0.028 0.046
0 0.485 0.964 0.042 0.052
0 0.522 0.868 0.032 0.04
0 0.438 0.9 0.036 0.072
0 0.354 0.902 0.032 0.052
0 0.321 0.882 0.034 0.072
0 0.39 0.795 0.028 0.07
0 0.369 0.699 0.026 0.082
0 0.31 0.717 0.04 0.074
0 0.331 0.666 0.05 0.044
0 0.427 0.718 0.038 0.036
0 0.301 0.786 0.03 0.048
0 0.238 0.75 0.028 0.048
0 0.249 0.673 0.026 0.05
0 0.309 0.628 0.034 0.084
0 0.652 0.798 0.032 0.052
0 0.619 0.819 0.034 0.058
0 0.602 0.83 0.032 0.056
0 0.604 0.778 0.024 0.04
0 0.523 0.758 0.034 0.052
0 0.106 0.985 0.044 0.026
0 0.085 0.982 0.022 0.032
0 0.021 0.971 0.038 0.054
0 0.194 0.97 0.056 0.056
0 0.079 0.934 0.038 0.064
0 0.105 0.919 0.046 0.07
0 0.008 0.839 0.012 0.042
0 0.152 0.783 0.032 0.038
0 0.114 0.792 0.032 0.04
0 0.111 0.763 0.03 0.042
0 0.03 0.771 0.028 0.046
0 0.043 0.694 0.034 0.036
0 0.017 0.704 0.022 0.048
0 0.011 0.622 0.018 0.06
0 0.015 0.559 0.026 0.054
0 0.034 0.464 0.044 0.048
0 0.129 0.467 0.038 0.058
0 0.305 0.382 0.026 0.044
0 0.304 0.411 0.032 0.034
0 0.467 0.867 0.03 0.054
0 0.539 0.818 0.03 0.044
0 0.528 0.802 0.028 0.036
0 0.251 0.95 0.042 0.096
0 0.221 0.935 0.038 0.062
0 0.224 0.897 0.024 0.038
0 0.214 0.708 0.032 0.044
0 0.616 0.717 0.028 0.054
0 0.736 0.676 0.028 0.04
0 0.729 0.548 0.03 0.048
0 0.551 0.49 0.03 0.044
0 0.509 0.483 0.03 0.054
0 0.691 0.482 0.026 0.028
0 0.661 0.499 0.034 0.038
0 0.714 0.439 0.052 0.062
0 0.873 0.239 0.05 0.066
0 0.862 0.188 0.024 0.048
0 0.816 0.507 0.06 0.07
0 0.776 0.421 0.032 0.058
0 0.234 0.195 0.036 0.046
0 0.229 0.227 0.026 0.03
0 0.087 0.326 0.038 0.064
0 0.919 0.556 0.054 0.068
0 0.932 0.52 0.04 0.028
0 0.613 0.584 0.042 0.056
0 0.982 0.309 0.032 0.11
0 0.955 0.32 0.05 0.072
0 0.944 0.985 0.04 0.026
0 0.746 0.751 0.044 0.066
0 0.726 0.82 0.044 0.036
0 0.54 0.907 0.028 0.042
0 0.491 0.763 0.038 0.062
0 0.24 0.819 0.04 0.098
0 0.062 0.793 0.028 0.058
0 0.077 0.801 0.022 0.046
0 0.115 0.614 0.03 0.064
0 0.401 0.87 0.038 0.088
0 0.409 0.987 0.022 0.022
0 0.573 0.796 0.026 0.064
0 0.334 0.291 0.024 0.05
0 0.349 0.29 0.022 0.028
0 0.803 0.46 0.046 0.024
0 0.704 0.058 0.024 0.056
0 0.686 0.011 0.036 0.018
0 0.778 0.078 0.024 0.032
0 0.262 0.011 0.032 0.018
0 0.196 0.019 0.044 0.034
0 0.146 0.017 0.052 0.03
0 0.066 0.038 0.048 0.072
0 0.005 0.087 0.006 0.042
0 0.012 0.009 0.024 0.014
0 0.016 0.243 0.028 0.034
0 0.43 0.67 0.024 0.04
0 0.495 0.624 0.022 0.04
0 0.14 0.853 0.044 0.074
0 0.268 0.901 0.028 0.042
0 0.451 0.147 0.046 0.042
0 0.289 0.994 0.022 0.008
0 0.096 0.008 0.012 0.012
0 0.645 0.54 0.058 0.036
1 0.895 0.454 0.026 0.032
1 0.651 0.149 0.022 0.038
1 0.493 0.06 0.026 0.032
1 0.473 0.325 0.026 0.026
1 0.509 0.346 0.026 0.028
1 0.795 0.877 0.03 0.034
1 0.943 0.949 0.038 0.034
1 0.779 0.84 0.038 0.016
1 0.716 0.755 0.02 0.022
1 0.742 0.834 0.02 0.024
1 0.7 0.712 0.012 0.048
1 0.527 0.658 0.018 0.02
1 0.438 0.753 0.028 0.022
1 0.409 0.672 0.022 0.028
1 0.354 0.555 0.02 0.022
1 0.654 0.476 0.02 0.024
1 0.49 0.351 0.016 0.034
1 0.935 0.607 0.026 0.026
1 0.278 0.63 0.012 0.024
1 0.566 0.519 0.016 0.018
1 0.568 0.92 0.016 0.016
1 0.545 0.936 0.014 0.012
1 0.525 0.727 0.042 0.026
1 0.956 0.428 0.024 0.02
1 0.839 0.445 0.026 0.018
1 0.922 0.335 0.02 0.026
1 0.795 0.188 0.014 0.016
1 0.987 0.095 0.014 0.026
1 0.6 0.166 0.016 0.016
1 0.767 0.524 0.018 0.036
1 0.207 0.502 0.018 0.032
1 0.157 0.482 0.026 0.016
1 0.046 0.327 0.016 0.038
1 0.151 0.219 0.022 0.03
1 0.152 0.169 0.016 0.018
1 0.162 0.112 0.02 0.028
1 0.144 0.12 0.016 0.028
1 0.228 0.164 0.02 0.02
1 0.195 0.069 0.018 0.038
1 0.519 0.405 0.03 0.022
1 0.833 0.304 0.022 0.02
1 0.871 0.459 0.022 0.038
1 0.842 0.419 0.036 0.018
1 0.752 0.575 0.028 0.03
1 0.223 0.771 0.014 0.03
1 0.18 0.663 0.036 0.018
1 0.239 0.881 0.022 0.026
1 0.019 0.915 0.034 0.022
1 0.165 0.956 0.018 0.028
1 0.597 0.714 0.018 0.024
1 0.759 0.055 0.018 0.022
1 0.357 0.516 0.022 0.024
1 0.716 0.874 0.02 0.016
1 0.533 0.695 0.022 0.03
1 0.472 0.806 0.016 0.02
1 0.18 0.8 0.028 0.028
1 0.538 0.049 0.016 0.022
1 0.648 0.415 0.024 0.034
1 0.568 0.345 0.024 0.026
1 0.351 0.256 0.022 0.02
1 0.321 0.183 0.022 0.034
1 0.332 0.614 0.016 0.024
1 0.137 0.637 0.026 0.022
1 0.3 0.841 0.024 0.03
1 0.282 0.472 0.032 0.032
1 0.275 0.43 0.014 0.032
1 0.258 0.422 0.012 0.028
1 0.647 0.71 0.026 0.02
1 0.776 0.338 0.016 0.024
1 0.45 0.174 0.024 0.028
1 0.263 0.397 0.014 0.03
1 0.532 0.211 0.012 0.022
1 0.52 0.21 0.016 0.016
1 0.522 0.198 0.012 0.008
1 0.478 0.42 0.024 0.028
1 0.46 0.446 0.028 0.044
2 0.7 0.505 0.052 0.034
2 0.837 0.155 0.042 0.022
2 0.817 0.108 0.034 0.052
2 0.786 0.569 0.032 0.034
2 0.577 0.56 0.038 0.032
2 0.785 0.613 0.05 0.038
2 0.835 0.942 0.018 0.032
2 0.682 0.033 0.02 0.01
2 0.636 0.987 0.032 0.022
2 0.214 0.997 0.024 0.002
2 0.434 0.82 0.016 0.028
2 0.353 0.856 0.01 0.016
2 0.647 0.836 0.01 0.02
2 0.796 0.282 0.008 0.012
2 0.415 0.006 0.022 0.008
2 0.466 0.068 0.016 0.028
2 0.447 0.111 0.01 0.01
2 0.41 0.12 0.008 0.024
2 0.28 0.144 0.02 0.012
2 0.242 0.277 0.016 0.006
2 0.151 0.555 0.014 0.034
2 0.027 0.621 0.01 0.018
2 0.048 0.582 0.016 0.012
2 0.448 0.197 0.008 0.014
2 0.444 0.222 0.004 0.012
2 0.581 0.48 0.014 0.008
2 0.401 0.556 0.018 0.024
2 0.142 0.711 0.008 0.01
2 0.963 0.454 0.014 0.012
2 0.988 0.447 0.004 0.01
2 0.784 0.148 0.008 0.008
2 0.776 0.159 0.008 0.01
2 0.779 0.013 0.01 0.022