0 0.969 0.93 0.022 0.04
0 0.921 0.928 0.038 0.052
0 0.961 0.867 0.042 0.046
0 0.933 0.846 0.022 0.032
0 0.995 0.806 0.006 0.044
0 0.983 0.808 0.014 0.02
0 0.836 0.98 0.04 0.036
0 0.861 0.887 0.022 0.03
0 0.806 0.91 0.032 0.06
0 0.76 0.975 0.028 0.03
0 0.713 0.985 0.022 0.026
0 0.722 0.979 0.032 0.03
0 0.575 0.993 0.026 0.01
0 0.057 0.985 0.038 0.026
0 0.095 0.986 0.03 0.024
0 0.187 0.965 0.042 0.066
0 0.155 0.99 0.026 0.016
0 0.259 0.973 0.042 0.05
0 0.324 0.965 0.056 0.066
0 0.511 0.926 0.042 0.032
0 0.726 0.857 0.036 0.058
0 0.829 0.785 0.034 0.062
0 0.749 0.819 0.038 0.03
0 0.745 0.754 0.026 0.012
0 0.757 0.736 0.022 0.036
0 0.771 0.719 0.018 0.038
0 0.948 0.641 0.04 0.066
0 0.98 0.528 0.032 0.06
0 0.928 0.419 0.032 0.062
0 0.869 0.448 0.038 0.06
0 0.849 0.509 0.026 0.05
0 0.879 0.36 0.03 0.044
0 0.901 0.209 0.03 0.054
0 0.923 0.14 0.042 0.072
0 0.99 0.041 0.016 0.046
0 0.848 0.01 0.028 0.016
0 0.79 0.085 0.032 0.05
0 0.694 0.054 0.024 0.048
0 0.664 0.161 0.04 0.05
0 0.674 0.214 0.036 0.056
0 0.661 0.264 0.03 0.036
0 0.846 0.204 0.028 0.056
0 0.743 0.337 0.034 0.046
0 0.733 0.304 0.026 0.044
0 0.76 0.418 0.032 0.052
0 0.631 0.381 0.042 0.066
0 0.553 0.347 0.038 0.054
0 0.585 0.222 0.03 0.048
0 0.618 0.019 0.036 0.034
0 0.589 0.011 0.026 0.018
0 0.492 0.03 0.028 0.036
0 0.387 0.012 0.034 0.02
0 0.409 0.037 0.03 0.058
0 0.408 0.109 0.028 0.05
0 0.448 0.099 0.032 0.05
0 0.492 0.084 0.052 0.044
0 0.47 0.11 0.028 0.016
0 0.479 0.126 0.03 0.02
0 0.314 0.036 0.032 0.048
0 0.279 0.017 0.026 0.03
0 0.218 0.019 0.028 0.034
0 0.035 0.054 0.026 0.04
0 0.085 0.055 0.03 0.046
0 0.069 0.098 0.026 0.036
0 0.136 0.069 0.032 0.042
0 0.093 0.127 0.022 0.046
0 0.014 0.14 0.024 0.032
0 0.003 0.199 0.002 0.034
0 0.017 0.28 0.03 0.076
0 0.176 0.173 0.036 0.062
0 0.254 0.162 0.032 0.044
0 0.247 0.142 0.03 0.06
0 0.321 0.176 0.03 0.048
0 0.356 0.253 0.02 0.038
0 0.344 0.273 0.016 0.03
0 0.432 0.252 0.044 0.064
0 0.471 0.279 0.022 0.042
0 0.177 0.278 0.038 0.056
0 0.099 0.306 0.034 0.052
0 0.244 0.324 0.04 0.068
0 0.279 0.318 0.022 0.044
0 0.283 0.401 0.034 0.046
0 0.194 0.45 0.036 0.06
0 0.12 0.468 0.036 0.048
0 0.084 0.539 0.048 0.062
0 0.011 0.563 0.018 0.058
0 0.197 0.524 0.03 0.032
0 0.275 0.452 0.03 0.044
0 0.35 0.441 0.04 0.058
0 0.745 0.573 0.03 0.058
0 0.739 0.636 0.034 0.048
0 0.695 0.646 0.018 0.016
0 0.644 0.678 0.036 0.068
0 0.689 0.719 0.026 0.05
0 0.691 0.768 0.022 0.044
0 0.699 0.796 0.01 0.012
0 0.72 0.807 0.028 0.022
0 0.647 0.863 0.018 0.026
0 0.543 0.805 0.038 0.046
0 0.433 0.85 0.062 0.072
0 0.593 0.738 0.03 0.06
0 0.559 0.704 0.034 0.06
0 0.526 0.684 0.024 0.048
0 0.479 0.689 0.042 0.05
0 0.477 0.637 0.038 0.054
0 0.606 0.558 0.044 0.08
0 0.657 0.541 0.026 0.05
0 0.568 0.512 0.032 0.056
0 0.53 0.517 0.02 0.03
0 0.524 0.429 0.04 0.07
0 0.452 0.426 0.02 0.04
0 0.411 0.499 0.034 0.058
0 0.344 0.519 0.028 0.05
0 0.305 0.54 0.038 0.056
0 0.29 0.609 0.036 0.038
0 0.322 0.646 0.032 0.052
0 0.405 0.658 0.034 0.056
0 0.351 0.716 0.03 0.04
0 0.319 0.791 0.034 0.05
0 0.445 0.806 0.034 0.028
0 0.133 0.875 0.026 0.038
0 0.07 0.865 0.024 0.03
0 0.178 0.846 0.04 0.036
0 0.18 0.814 0.028 0.04
0 0.051 0.75 0.03 0.044
0 0.011 0.752 0.018 0.052
0 0.006 0.733 0.008 0.038
0 0.095 0.635 0.026 0.042
0 0.117 0.622 0.046 0.044
0 0.126 0.707 0.036 0.034
0 0.172 0.713 0.024 0.054
0 0.218 0.751 0.024 0.03
0 0.19 0.657 0.032 0.034
0 0.21 0.628 0.036 0.052
0 0.381 0.617 0.03 0.058
0 0.855 0.571 0.022 0.03
0 0.817 0.567 0.01 0.022
0 0.802 0.575 0.02 0.046
0 0.766 0.62 0.008 0.024
0 0.777 0.586 0.014 0.036
0 0.337 0.295 0.022 0.018
1 0.986 0.954 0.024 0.02
1 0.952 0.951 0.008 0.026
1 0.973 0.897 0.014 0.018
1 0.971 0.884 0.018 0.028
1 0.933 0.824 0.018 0.016
1 0.88 0.994 0.016 0.008
1 0.79 0.988 0.016 0.016
1 0.858 0.908 0.008 0.012
1 0.675 0.976 0.01 0.012
1 0.348 0.988 0.02 0.02
1 0.421 0.965 0.022 0.018
1 0.503 0.959 0.022 0.022
1 0.505 0.9 0.022 0.02
1 0.612 0.968 0.012 0.008
1 0.673 0.945 0.018 0.026
1 0.629 0.922 0.018 0.024
1 0.797 0.882 0.014 0.016
1 0.793 0.787 0.026 0.018
1 0.809 0.747 0.018 0.038
1 0.789 0.777 0.014 0.014
1 0.77 0.77 0.016 0.012
1 0.755 0.762 0.01 0.012
1 0.993 0.542 0.01 0.016
1 0.975 0.478 0.014 0.028
1 0.935 0.104 0.018 0.016
1 0.974 0.009 0.024 0.014
1 0.941 0.047 0.014 0.022
1 0.788 0.052 0.024 0.02
1 0.765 0.095 0.014 0.022
1 0.727 0.075 0.018 0.01
1 0.718 0.088 0.016 0.012
1 0.637 0.113 0.026 0.014
1 0.775 0.2 0.01 0.02
1 0.839 0.264 0.014 0.016
1 0.824 0.267 0.012 0.014
1 0.757 0.388 0.022 0.012
1 0.691 0.426 0.022 0.02
1 0.579 0.311 0.022 0.022
1 0.575 0.284 0.018 0.02
1 0.483 0.013 0.014 0.018
1 0.453 0.004 0.014 0.004
1 0.352 0.082 0.012 0.02
1 0.346 0.102 0.016 0.016
1 0.385 0.136 0.014 0.016
1 0.312 0.004 0.012 0.004
1 0.299 0.007 0.01 0.01
1 0.297 0.074 0.014 0.02
1 0.198 0.035 0.016 0.014
1 0.205 0.026 0.014 0.02
1 0.147 0.012 0.018 0.02
1 0.14 0.029 0.016 0.014
1 0.117 0.11 0.01 0.032
1 0.194 0.068 0.024 0.032
1 0.432 0.181 0.02 0.022
1 0.325 0.25 0.022 0.036
1 0.424 0.276 0.02 0.02
1 0.088 0.264 0.016 0.02
1 0.131 0.36 0.01 0.016
1 0.125 0.407 0.018 0.014
1 0.028 0.513 0.02 0.018
1 0.13 0.557 0.02 0.022
1 0.253 0.498 0.018 0.016
1 0.316 0.462 0.02 0.02
1 0.667 0.804 0.026 0.024
1 0.638 0.895 0.008 0.01
1 0.511 0.834 0.014 0.024
1 0.379 0.656 0.018 0.016
1 0.358 0.672 0.02 0.024
1 0.459 0.769 0.022 0.018
1 0.482 0.807 0.02 0.022
1 0.373 0.811 0.018 0.022
1 0.354 0.861 0.02 0.03
1 0.339 0.881 0.022 0.018
1 0.218 0.898 0.016 0.024
1 0.22 0.868 0.024 0.02
1 0.151 0.898 0.022 0.016
1 0.129 0.899 0.018 0.014
1 0.111 0.896 0.01 0.012
1 0.098 0.9 0.016 0.012
1 0.099 0.848 0.014 0.024
1 0.135 0.781 0.01 0.014
1 0.082 0.7 0.016 0.04
1 0.237 0.736 0.018 0.02
1 0.355 0.625 0.014 0.018
1 0.305 0.672 0.018 0.028
1 0.504 0.584 0.016 0.024
1 0.539 0.571 0.018 0.018
1 0.6 0.623 0.024 0.018
1 0.427 0.662 0.018 0.024
1 0.525 0.651 0.01 0.01
1 0.841 0.659 0.018 0.034
1 0.789 0.689 0.034 0.014
1 0.781 0.528 0.026 0.016
1 0.825 0.61 0.014 0.016
1 0.833 0.604 0.014 0.016
1 0.846 0.597 0.02 0.014
1 0.777 0.612 0.01 0.012
1 0.057 0.35 0.01 0.016
1 0.109 0.357 0.014 0.018
1 0.153 0.739 0.026 0.01
1 0.404 0.2 0.02 0.016
1 0.693 0.237 0.014 0.022
1 0.126 0.951 0.008 0.014
2 0.886 0.843 0.02 0.046
2 0.879 0.873 0.014 0.01
2 0.671 0.987 0.01 0.01
2 0.703 0.909 0.018 0.034
2 0.719 0.893 0.014 0.014
2 0.919 0.569 0.018 0.026
2 0.877 0.528 0.026 0.032
2 0.934 0.017 0.012 0.014
2 0.739 0.047 0.018 0.014
2 0.741 0.02 0.03 0.02
2 0.368 0.029 0.02 0.014
2 0.482 0.149 0.02 0.014
2 0.463 0.164 0.018 0.024
2 0.225 0.235 0.034 0.062
2 0.531 0.881 0.018 0.014
2 0.22 0.882 0.024 0.024
2 0.514 0.613 0.024 0.03
2 0.44 0.671 0.024 0.014
2 0.447 0.652 0.022 0.016
2 0.873 0.584 0.014 0.032
2 0.805 0.487 0.022 0.034
2 0.588 0.385 0.032 0.05
2 0.478 0.394 0.016 0.032
2 0.451 0.342 0.022 0.036
2 0.411 0.294 0.014 0.024
2 0.956 0.429 0.012 0.022
2 0.971 0.39 0.014 0.024
2 0.893 0.463 0.01 0.014
2 0.868 0.312 0.012 0.024
2 0.782 0.128 0.02 0.032
2 0.616 0.957 0.02 0.018
2 0.637 0.948 0.01 0.016
2 0.712 0.16 0.008 0.016