0 0.117 0.397 0.034 0.026
0 0.059 0.37 0.034 0.036
0 0.035 0.39 0.03 0.02
0 0.037 0.421 0.03 0.038
0 0.182 0.543 0.024 0.026
0 0.052 0.816 0.016 0.02
0 0.136 0.853 0.028 0.03
0 0.228 0.84 0.036 0.036
0 0.277 0.065 0.034 0.046
0 0.306 0.061 0.032 0.03
0 0.296 0.085 0.036 0.034
0 0.351 0.024 0.042 0.032
0 0.454 0.016 0.06 0.032
0 0.574 0.011 0.048 0.022
0 0.643 0.023 0.042 0.038
0 0.72 0.028 0.024 0.036
0 0.7 0.032 0.02 0.024
0 0.698 0.069 0.036 0.034
0 0.798 0.01 0.044 0.02
0 0.844 0.025 0.032 0.042
0 0.873 0.034 0.026 0.044
0 0.846 0.066 0.048 0.036
0 0.93 0.024 0.036 0.04
0 0.977 0.099 0.042 0.042
0 0.971 0.145 0.022 0.03
0 0.948 0.136 0.016 0.02
0 0.85 0.123 0.04 0.034
0 0.711 0.105 0.038 0.034
0 0.728 0.111 0.028 0.03
0 0.757 0.15 0.042 0.032
0 0.622 0.096 0.048 0.032
0 0.568 0.094 0.052 0.04
0 0.532 0.07 0.036 0.044
0 0.452 0.048 0.056 0.036
0 0.418 0.08 0.044 0.024
0 0.403 0.095 0.038 0.026
0 0.351 0.127 0.038 0.042
0 0.39 0.146 0.032 0.028
0 0.405 0.129 0.026 0.026
0 0.463 0.122 0.058 0.044
0 0.361 0.196 0.034 0.036
0 0.324 0.18 0.052 0.048
0 0.288 0.152 0.024 0.024
0 0.283 0.221 0.038 0.03
0 0.28 0.288 0.052 0.036
0 0.263 0.332 0.034 0.036
0 0.982 0.995 0.024 0.006
0 0.962 0.968 0.04 0.036
0 0.952 0.907 0.04 0.042
0 0.916 0.922 0.04 0.032
0 0.881 0.952 0.046 0.04
0 0.792 0.941 0.044 0.038
0 0.678 0.977 0.036 0.034
0 0.62 0.993 0.028 0.01
0 0.584 0.969 0.064 0.034
0 0.513 0.986 0.054 0.024
0 0.473 0.981 0.05 0.034
0 0.446 0.945 0.052 0.034
0 0.417 0.934 0.03 0.024
0 0.382 0.924 0.044 0.04
0 0.419 0.899 0.03 0.026
0 0.395 0.864 0.042 0.04
0 0.421 0.857 0.022 0.038
0 0.442 0.853 0.036 0.034
0 0.441 0.818 0.042 0.036
0 0.48 0.796 0.04 0.036
0 0.957 0.812 0.05 0.032
0 0.958 0.776 0.052 0.028
0 0.958 0.695 0.048 0.05
0 0.954 0.652 0.048 0.032
0 0.966 0.62 0.032 0.032
0 0.978 0.528 0.04 0.032
0 0.988 0.485 0.02 0.038
0 0.979 0.406 0.038 0.04
0 0.99 0.327 0.016 0.05
0 0.942 0.221 0.024 0.03
0 0.965 0.221 0.03 0.038
0 0.928 0.268 0.04 0.04
0 0.83 0.234 0.04 0.036
0 0.749 0.25 0.03 0.044
0 0.773 0.302 0.038 0.036
0 0.81 0.335 0.04 0.046
0 0.827 0.379 0.038 0.042
0 0.905 0.339 0.042 0.038
0 0.922 0.409 0.028 0.022
0 0.911 0.438 0.042 0.032
0 0.918 0.46 0.024 0.02
0 0.86 0.412 0.04 0.04
0 0.715 0.197 0.046 0.03
0 0.678 0.227 0.048 0.03
0 0.628 0.159 0.044 0.046
0 0.571 0.148 0.058 0.036
0 0.512 0.155 0.056 0.038
0 0.453 0.167 0.03 0.026
0 0.493 0.178 0.05 0.028
0 0.525 0.221 0.05 0.038
0 0.553 0.249 0.054 0.034
0 0.568 0.27 0.06 0.04
0 0.453 0.268 0.054 0.04
0 0.404 0.253 0.036 0.026
0 0.391 0.284 0.062 0.06
0 0.319 0.331 0.022 0.022
0 0.324 0.315 0.012 0.014
0 0.36 0.336 0.048 0.04
0 0.377 0.366 0.05 0.044
0 0.33 0.36 0.028 0.032
0 0.316 0.493 0.04 0.034
0 0.341 0.47 0.026 0.032
0 0.362 0.473 0.02 0.03
0 0.384 0.474 0.02 0.028
0 0.377 0.811 0.046 0.034
0 0.396 0.802 0.024 0.028
0 0.408 0.782 0.032 0.032
0 0.339 0.786 0.054 0.04
0 0.339 0.747 0.05 0.026
0 0.386 0.711 0.036 0.03
0 0.331 0.706 0.022 0.04
0 0.313 0.648 0.026 0.036
0 0.335 0.608 0.038 0.04
0 0.381 0.602 0.034 0.032
0 0.426 0.601 0.028 0.03
0 0.362 0.635 0.056 0.034
0 0.341 0.662 0.03 0.028
0 0.362 0.662 0.016 0.024
0 0.389 0.663 0.042 0.034
0 0.41 0.646 0.028 0.028
0 0.533 0.876 0.05 0.036
0 0.644 0.811 0.044 0.042
0 0.635 0.845 0.054 0.038
0 0.562 0.794 0.052 0.036
0 0.54 0.816 0.04 0.04
0 0.734 0.923 0.052 0.038
0 0.728 0.901 0.044 0.042
0 0.704 0.904 0.032 0.036
0 0.862 0.828 0.044 0.036
0 0.856 0.798 0.032 0.036
0 0.832 0.805 0.032 0.038
0 0.795 0.775 0.026 0.034
0 0.769 0.784 0.046 0.036
0 0.771 0.689 0.042 0.046
0 0.87 0.662 0.032 0.032
0 0.885 0.632 0.038 0.04
0 0.854 0.629 0.04 0.038
0 0.777 0.615 0.042 0.034
0 0.814 0.568 0.044 0.036
0 0.772 0.539 0.044 0.038
0 0.755 0.505 0.038 0.034
0 0.816 0.506 0.016 0.028
0 0.84 0.521 0.052 0.046
0 0.695 0.482 0.034 0.028
0 0.688 0.346 0.048 0.04
0 0.705 0.314 0.038 0.032
0 0.654 0.366 0.052 0.04
0 0.633 0.333 0.042 0.034
0 0.601 0.351 0.042 0.038
0 0.533 0.315 0.03 0.03
0 0.553 0.302 0.034 0.024
0 0.496 0.319 0.036 0.034
0 0.481 0.32 0.03 0.032
0 0.468 0.34 0.048 0.036
0 0.481 0.375 0.062 0.026
0 0.496 0.408 0.036 0.032
0 0.478 0.41 0.016 0.028
0 0.456 0.416 0.036 0.024
0 0.436 0.447 0.052 0.038
0 0.594 0.459 0.06 0.042
0 0.628 0.491 0.044 0.034
0 0.563 0.503 0.05 0.038
0 0.446 0.487 0.048 0.03
0 0.484 0.513 0.02 0.026
0 0.463 0.513 0.022 0.026
0 0.45 0.517 0.016 0.022
0 0.439 0.53 0.03 0.028
0 0.405 0.516 0.038 0.028
0 0.383 0.545 0.046 0.038
0 0.415 0.546 0.038 0.044
0 0.453 0.559 0.034 0.026
0 0.489 0.559 0.042 0.03
0 0.487 0.592 0.054 0.036
0 0.475 0.62 0.05 0.024
0 0.472 0.645 0.056 0.034
0 0.416 0.69 0.02 0.016
0 0.431 0.686 0.01 0.024
0 0.447 0.684 0.03 0.032
0 0.624 0.758 0.044 0.032
0 0.596 0.746 0.036 0.044
0 0.57 0.747 0.02 0.018
0 0.538 0.737 0.032 0.034
0 0.522 0.732 0.032 0.032
0 0.468 0.708 0.04 0.036
0 0.576 0.707 0.032 0.018
0 0.605 0.704 0.026 0.032
0 0.623 0.695 0.026 0.026
0 0.674 0.673 0.056 0.034
0 0.603 0.621 0.042 0.026
0 0.579 0.599 0.05 0.026
0 0.619 0.558 0.05 0.028
0 0.627 0.618 0.026 0.024
1 0.053 0.101 0.014 0.026
1 0.136 0.033 0.016 0.022
1 0.177 0.048 0.026 0.02
1 0.048 0.159 0.016 0.014
1 0.006 0.299 0.012 0.026
1 0.189 0.204 0.022 0.02
1 0.157 0.293 0.038 0.01
1 0.162 0.324 0.036 0.02
1 0.065 0.402 0.022 0.012
1 0.022 0.491 0.016 0.026
1 0.046 0.528 0.02 0.024
1 0.041 0.557 0.014 0.018
1 0.126 0.525 0.016 0.022
1 0.024 0.641 0.02 0.018
1 0.025 0.656 0.014 0.02
1 0.021 0.704 0.018 0.028
1 0.082 0.684 0.012 0.012
1 0.075 0.692 0.01 0.008
1 0.079 0.736 0.01 0.016
1 0.164 0.88 0.02 0.012
1 0.148 0.888 0.012 0.008
1 0.284 0.91 0.028 0.012
1 0.179 0.659 0.014 0.03
1 0.14 0.638 0.024 0.02
1 0.669 0.004 0.014 0.008
1 0.76 0.039 0.024 0.014
1 0.979 0.01 0.018 0.02
1 0.804 0.165 0.036 0.014
1 0.797 0.068 0.018 0.02
1 0.742 0.12 0.02 0.024
1 0.656 0.115 0.02 0.03
1 0.391 0.11 0.03 0.016
1 0.322 0.113 0.012 0.014
1 0.414 0.15 0.02 0.016
1 0.34 0.196 0.024 0.024
1 0.228 0.332 0.02 0.016
1 0.238 0.31 0.024 0.02
1 0.284 0.307 0.04 0.01
1 0.962 0.997 0.016 0.002
1 0.878 0.985 0.048 0.018
1 0.802 0.902 0.016 0.032
1 0.407 0.948 0.018 0.008
1 0.355 0.94 0.018 0.02
1 0.361 0.855 0.022 0.022
1 0.986 0.735 0.02 0.026
1 0.979 0.721 0.022 0.026
1 0.989 0.348 0.018 0.02
1 0.976 0.323 0.024 0.018
1 0.864 0.254 0.032 0.02
1 0.859 0.267 0.018 0.014
1 0.874 0.207 0.04 0.022
1 0.842 0.442 0.016 0.028
1 0.351 0.299 0.046 0.022
1 0.305 0.422 0.03 0.024
1 0.317 0.447 0.022 0.014
1 0.304 0.783 0.024 0.022
1 0.347 0.724 0.01 0.04
1 0.36 0.723 0.012 0.01
1 0.301 0.606 0.026 0.012
1 0.705 0.859 0.022 0.022
1 0.724 0.848 0.02 0.012
1 0.853 0.875 0.026 0.018
1 0.822 0.847 0.02 0.018
1 0.847 0.848 0.026 0.02
1 0.745 0.76 0.014 0.024
1 0.705 0.741 0.022 0.014
1 0.796 0.696 0.012 0.028
1 0.832 0.68 0.032 0.012
1 0.727 0.499 0.018 0.022
1 0.724 0.573 0.02 0.014
1 0.699 0.568 0.018 0.024
1 0.677 0.424 0.034 0.02
1 0.654 0.397 0.02 0.014
1 0.54 0.33 0.024 0.02
1 0.449 0.398 0.034 0.016
1 0.575 0.415 0.034 0.034
1 0.498 0.511 0.016 0.026
1 0.353 0.51 0.022 0.012
1 0.366 0.69 0.008 0.012
1 0.516 0.674 0.036 0.024
1 0.575 0.635 0.03 0.018
1 0.707 0.266 0.03 0.012
1 0.651 0.258 0.014 0.02
2 0.015 0.954 0.03 0.02
2 0.386 0.054 0.016 0.016
2 0.352 0.061 0.02 0.018
2 0.558 0.946 0.028 0.024
2 0.87 0.181 0.044 0.018
2 0.344 0.322 0.032 0.024
2 0.492 0.834 0.044 0.028
2 0.5 0.717 0.012 0.014
2 0.502 0.727 0.016 0.01
2 0.703 0.824 0.03 0.02
2 0.654 0.715 0.016 0.014
2 0.655 0.697 0.014 0.018