0 0.096 0.934 0.048 0.048
0 0.163 0.906 0.038 0.036
0 0.19 0.73 0.06 0.04
0 0.278 0.693 0.064 0.034
0 0.267 0.78 0.038 0.044
0 0.215 0.9 0.034 0.044
0 0.42 0.63 0.056 0.08
0 0.302 0.508 0.056 0.048
0 0.29 0.581 0.04 0.046
0 0.254 0.619 0.076 0.078
0 0.115 0.646 0.05 0.044
0 0.073 0.68 0.042 0.064
0 0.11 0.538 0.06 0.044
0 0.094 0.485 0.052 0.058
0 0.199 0.416 0.066 0.084
0 0.348 0.671 0.044 0.07
0 0.392 0.52 0.052 0.048
0 0.428 0.485 0.044 0.062
0 0.462 0.699 0.056 0.042
0 0.495 0.713 0.038 0.046
0 0.597 0.745 0.062 0.05
0 0.433 0.803 0.042 0.042
0 0.366 0.864 0.04 0.048
0 0.536 0.765 0.076 0.07
0 0.025 0.299 0.05 0.07
0 0.022 0.136 0.044 0.068
0 0.064 0.048 0.04 0.064
0 0.178 0.095 0.064 0.074
0 0.096 0.275 0.068 0.066
0 0.302 0.194 0.072 0.048
0 0.123 0.249 0.054 0.054
0 0.369 0.266 0.066 0.064
0 0.431 0.292 0.042 0.06
0 0.424 0.353 0.036 0.05
0 0.523 0.341 0.054 0.066
0 0.062 0.957 0.032 0.05
0 0.187 0.97 0.042 0.044
0 0.273 0.956 0.038 0.036
0 0.239 0.895 0.034 0.05
0 0.304 0.759 0.036 0.038
0 0.231 0.808 0.038 0.044
0 0.157 0.816 0.042 0.036
0 0.209 0.78 0.042 0.04
0 0.15 0.612 0.052 0.052
0 0.377 0.567 0.034 0.038
0 0.358 0.986 0.052 0.024
0 0.377 0.97 0.042 0.032
0 0.443 0.982 0.034 0.032
0 0.494 0.941 0.056 0.042
0 0.537 0.876 0.03 0.048
0 0.611 0.938 0.042 0.044
0 0.623 0.913 0.034 0.038
0 0.665 0.89 0.042 0.04
0 0.71 0.889 0.036 0.05
0 0.666 0.843 0.044 0.054
0 0.632 0.863 0.036 0.042
0 0.755 0.937 0.046 0.042
0 0.766 0.882 0.056 0.072
0 0.604 0.796 0.056 0.04
0 0.581 0.592 0.046 0.048
0 0.472 0.651 0.036 0.042
0 0.534 0.539 0.052 0.046
0 0.566 0.555 0.032 0.042
0 0.49 0.532 0.036 0.032
0 0.628 0.548 0.04 0.036
0 0.62 0.636 0.048 0.04
0 0.666 0.592 0.036 0.036
0 0.633 0.517 0.042 0.026
0 0.673 0.521 0.046 0.042
0 0.721 0.519 0.038 0.038
0 0.722 0.483 0.032 0.042
0 0.644 0.459 0.04 0.05
0 0.593 0.461 0.058 0.062
0 0.538 0.425 0.044 0.09
0 0.479 0.39 0.038 0.052
0 0.448 0.401 0.036 0.046
0 0.578 0.396 0.032 0.044
0 0.636 0.394 0.06 0.06
0 0.667 0.413 0.038 0.038
0 0.699 0.441 0.046 0.042
0 0.762 0.276 0.032 0.044
0 0.745 0.546 0.03 0.032
0 0.677 0.277 0.046 0.046
0 0.604 0.315 0.048 0.05
0 0.604 0.357 0.04 0.042
0 0.679 0.33 0.042 0.048
0 0.696 0.318 0.036 0.036
0 0.748 0.346 0.04 0.032
0 0.753 0.397 0.038 0.062
0 0.84 0.506 0.036 0.04
0 0.785 0.526 0.046 0.036
0 0.852 0.402 0.036 0.036
0 0.85 0.354 0.044 0.032
0 0.83 0.253 0.028 0.03
0 0.848 0.23 0.048 0.068
0 0.644 0.285 0.036 0.042
0 0.571 0.25 0.046 0.052
0 0.455 0.229 0.058 0.05
0 0.59 0.101 0.04 0.042
0 0.598 0.182 0.04 0.032
0 0.651 0.144 0.05 0.044
0 0.669 0.199 0.034 0.03
0 0.804 0.167 0.036 0.058
0 0.906 0.046 0.04 0.048
0 0.867 0.05 0.034 0.036
0 0.666 0.664 0.036 0.036
0 0.697 0.671 0.054 0.078
0 0.659 0.762 0.026 0.028
0 0.668 0.787 0.032 0.022
0 0.701 0.756 0.03 0.036
0 0.748 0.751 0.052 0.042
0 0.827 0.664 0.046 0.036
0 0.89 0.327 0.044 0.042
0 0.898 0.427 0.044 0.046
0 0.944 0.491 0.04 0.03
0 0.956 0.542 0.04 0.036
0 0.913 0.554 0.046 0.04
0 0.861 0.576 0.05 0.04
0 0.833 0.561 0.03 0.034
0 0.627 0.018 0.05 0.032
0 0.465 0.023 0.034 0.038
0 0.698 0.083 0.036 0.042
0 0.71 0.054 0.064 0.036
0 0.735 0.04 0.066 0.048
0 0.75 0.012 0.06 0.02
0 0.809 0.018 0.038 0.032
0 0.923 0.014 0.046 0.024
0 0.97 0.017 0.056 0.03
0 0.972 0.099 0.036 0.038
0 0.931 0.168 0.042 0.028
0 0.92 0.141 0.028 0.03
0 0.6 0.064 0.04 0.044
0 0.908 0.223 0.04 0.038
0 0.939 0.226 0.034 0.048
0 0.92 0.329 0.036 0.046
0 0.958 0.319 0.036 0.034
0 0.915 0.387 0.046 0.03
0 0.932 0.374 0.052 0.04
0 0.968 0.363 0.044 0.034
0 0.989 0.346 0.018 0.068
0 0.984 0.252 0.028 0.052
0 0.926 0.915 0.064 0.042
0 0.875 0.726 0.042 0.04
0 0.861 0.749 0.05 0.03
0 0.862 0.814 0.04 0.044
0 0.89 0.79 0.04 0.028
0 0.938 0.755 0.04 0.03
0 0.961 0.811 0.046 0.046
0 0.787 0.621 0.038 0.042
0 0.896 0.68 0.032 0.052
0 0.933 0.679 0.034 0.034
0 0.976 0.677 0.028 0.042
0 0.985 0.627 0.026 0.054
0 0.99 0.442 0.016 0.064
0 0.939 0.589 0.038 0.038
0 0.806 0.805 0.04 0.042
0 0.816 0.758 0.044 0.04
0 0.193 0.361 0.046 0.058
0 0.951 0.981 0.05 0.034
0 0.985 0.199 0.026 0.054
0 0.896 0.26 0.036 0.032
0 0.602 0.414 0.032 0.04
0 0.07 0.827 0.032 0.062
0 0.386 0.351 0.04 0.046
1 0.048 0.896 0.032 0.024
1 0.09 0.987 0.032 0.022
1 0.126 0.855 0.016 0.026
1 0.056 0.785 0.02 0.022
1 0.185 0.875 0.026 0.026
1 0.176 0.797 0.032 0.034
1 0.338 0.771 0.032 0.03
1 0.418 0.843 0.02 0.03
1 0.515 0.814 0.018 0.032
1 0.585 0.723 0.026 0.022
1 0.459 0.764 0.03 0.028
1 0.279 0.894 0.026 0.032
1 0.267 0.866 0.022 0.028
1 0.281 0.832 0.034 0.036
1 0.308 0.63 0.028 0.02
1 0.348 0.579 0.02 0.022
1 0.468 0.573 0.036 0.022
1 0.528 0.578 0.024 0.028
1 0.606 0.553 0.024 0.026
1 0.796 0.705 0.028 0.026
1 0.823 0.704 0.034 0.028
1 0.508 0.63 0.036 0.032
1 0.683 0.726 0.022 0.024
1 0.569 0.899 0.03 0.042
1 0.533 0.953 0.022 0.034
1 0.705 0.835 0.022 0.026
1 0.746 0.834 0.032 0.024
1 0.751 0.804 0.026 0.024
1 0.775 0.796 0.03 0.028
1 0.728 0.579 0.028 0.034
1 0.769 0.559 0.018 0.026
1 0.046 0.597 0.04 0.038
1 0.129 0.491 0.026 0.042
1 0.009 0.372 0.014 0.028
1 0.058 0.48 0.024 0.02
1 0.383 0.209 0.026 0.038
1 0.525 0.108 0.026 0.028
1 0.557 0.157 0.03 0.026
1 0.128 0.128 0.044 0.032
1 0.185 0.048 0.046 0.032
1 0.836 0.179 0.028 0.026
1 0.754 0.206 0.032 0.04
1 0.685 0.243 0.03 0.022
1 0.603 0.28 0.022 0.036
1 0.788 0.427 0.024 0.03
1 0.839 0.457 0.03 0.038
1 0.843 0.305 0.026 0.026
1 0.745 0.32 0.026 0.024
1 0.823 0.122 0.038 0.024
1 0.94 0.147 0.024 0.026
1 0.961 0.194 0.034 0.028
1 0.982 0.421 0.024 0.03
1 0.917 0.276 0.022 0.028
1 0.799 0.264 0.03 0.032
1 0.812 0.549 0.032 0.022
1 0.679 0.372 0.038 0.044
1 0.918 0.823 0.04 0.026
1 0.958 0.904 0.024 0.024
1 0.895 0.894 0.03 0.028
1 0.902 0.948 0.036 0.024
1 0.987 0.765 0.022 0.034
1 0.989 0.686 0.018 0.024
1 0.618 0.24 0.028 0.032
1 0.547 0.022 0.026 0.036
1 0.673 0.117 0.034 0.026
1 0.414 0.577 0.036 0.046
1 0.3 0.724 0.04 0.032
1 0.154 0.859 0.04 0.038
1 0.517 0.983 0.022 0.03
1 0.635 0.991 0.034 0.014
1 0.877 0.99 0.034 0.016
1 0.944 0.859 0.04 0.026
1 0.37 0.395 0.036 0.026
1 0.705 0.618 0.038 0.04
1 0.99 0.535 0.016 0.038
1 0.773 0.476 0.03 0.036
2 0.309 0.336 0.066 0.064
2 0.244 0.359 0.048 0.058
2 0.159 0.36 0.03 0.036
2 0.186 0.488 0.04 0.032
2 0.542 0.295 0.032 0.042
2 0.25 0.077 0.044 0.026
2 0.288 0.071 0.02 0.026
2 0.419 0.113 0.018 0.026
2 0.927 0.452 0.038 0.056
2 0.546 0.812 0.032 0.04
2 0.836 0.989 0.056 0.018
2 0.903 0.979 0.034 0.022
2 0.153 0.775 0.05 0.038
2 0.012 0.921 0.02 0.058
2 0.006 0.484 0.012 0.064
2 0.787 0.361 0.042 0.042
2 0.497 0.283 0.026 0.042