0 0.188 0.385 0.052 0.05
0 0.296 0.463 0.036 0.05
0 0.065 0.222 0.062 0.052
0 0.056 0.074 0.044 0.044
0 0.01 0.308 0.02 0.044
0 0.023 0.364 0.046 0.056
0 0.04 0.437 0.04 0.038
0 0.027 0.477 0.042 0.046
0 0.093 0.453 0.046 0.054
0 0.187 0.511 0.042 0.042
0 0.234 0.513 0.044 0.046
0 0.335 0.508 0.042 0.052
0 0.412 0.512 0.052 0.06
0 0.503 0.55 0.034 0.048
0 0.578 0.551 0.04 0.062
0 0.729 0.606 0.038 0.056
0 0.723 0.642 0.034 0.056
0 0.719 0.721 0.038 0.05
0 0.829 0.685 0.042 0.054
0 0.919 0.743 0.042 0.054
0 0.982 0.823 0.032 0.046
0 0.91 0.93 0.052 0.06
0 0.898 0.878 0.048 0.052
0 0.972 0.872 0.052 0.044
0 0.99 0.895 0.016 0.042
0 0.841 0.972 0.046 0.052
0 0.711 0.797 0.058 0.062
0 0.704 0.856 0.036 0.064
0 0.507 0.82 0.042 0.064
0 0.534 0.924 0.04 0.064
0 0.48 0.982 0.044 0.032
0 0.482 0.928 0.048 0.06
0 0.343 0.89 0.03 0.052
0 0.464 0.804 0.04 0.048
0 0.411 0.717 0.042 0.05
0 0.398 0.685 0.036 0.054
0 0.439 0.581 0.038 0.058
0 0.376 0.847 0.048 0.066
0 0.028 0.92 0.04 0.048
0 0.103 0.931 0.026 0.054
0 0.153 0.907 0.038 0.054
0 0.157 0.961 0.042 0.054
0 0.192 0.987 0.036 0.022
0 0.07 0.8 0.048 0.064
0 0.128 0.699 0.036 0.046
0 0.026 0.669 0.044 0.058
0 0.013 0.639 0.026 0.034
0 0.126 0.565 0.044 0.05
0 0.1 0.734 0.044 0.064
0 0.296 0.636 0.048 0.052
0 0.448 0.775 0.044 0.062
0 0.393 0.423 0.046 0.042
0 0.469 0.313 0.05 0.062
0 0.51 0.366 0.036 0.052
0 0.57 0.349 0.044 0.042
0 0.596 0.309 0.044 0.046
0 0.682 0.307 0.036 0.046
0 0.667 0.285 0.038 0.062
0 0.742 0.313 0.044 0.062
0 0.8 0.202 0.052 0.036
0 0.791 0.126 0.054 0.04
0 0.798 0.165 0.052 0.03
0 0.814 0.261 0.056 0.042
0 0.304 0.263 0.04 0.05
0 0.305 0.3 0.046 0.036
0 0.508 0.131 0.044 0.038
0 0.232 0.288 0.044 0.04
0 0.439 0.409 0.046 0.05
0 0.462 0.422 0.036 0.044
0 0.048 0.166 0.036 0.048
0 0.134 0.346 0.044 0.044
0 0.04 0.284 0.04 0.04
0 0.144 0.319 0.048 0.022
0 0.538 0.496 0.044 0.056
0 0.557 0.533 0.042 0.054
0 0.803 0.621 0.042 0.07
0 0.707 0.443 0.034 0.054
0 0.732 0.458 0.032 0.028
0 0.77 0.402 0.04 0.044
0 0.887 0.367 0.034 0.026
0 0.89 0.409 0.04 0.042
0 0.815 0.551 0.042 0.054
0 0.851 0.634 0.046 0.052
0 0.903 0.706 0.042 0.052
0 0.893 0.458 0.054 0.064
0 0.743 0.511 0.038 0.054
0 0.481 0.686 0.046 0.064
0 0.261 0.902 0.038 0.048
0 0.338 0.983 0.056 0.03
0 0.668 0.978 0.04 0.04
0 0.342 0.072 0.036 0.044
0 0.295 0.417 0.038 0.046
0 0.319 0.408 0.03 0.052
0 0.347 0.341 0.038 0.042
0 0.132 0.605 0.048 0.062
0 0.237 0.568 0.042 0.048
0 0.201 0.77 0.042 0.048
0 0.279 0.693 0.038 0.062
0 0.185 0.443 0.042 0.042
0 0.041 0.831 0.03 0.042
0 0.039 0.551 0.03 0.042
0 0.552 0.694 0.04 0.06
0 0.918 0.559 0.036 0.054
0 0.897 0.58 0.034 0.048
0 0.974 0.585 0.048 0.046
0 0.959 0.632 0.054 0.056
0 0.618 0.599 0.04 0.05
0 0.636 0.6 0.032 0.052
0 0.599 0.422 0.038 0.052
0 0.809 0.314 0.042 0.052
0 0.308 0.21 0.056 0.036
0 0.206 0.227 0.044 0.026
0 0.222 0.246 0.048 0.06
0 0.256 0.254 0.036 0.028
0 0.411 0.367 0.066 0.07
0 0.324 0.698 0.044 0.056
0 0.334 0.648 0.028 0.044
0 0.556 0.752 0.024 0.052
0 0.563 0.778 0.026 0.036
0 0.176 0.601 0.044 0.05
0 0.204 0.654 0.044 0.044
0 0.228 0.667 0.04 0.054
0 0.824 0.837 0.04 0.078
0 0.899 0.812 0.046 0.052
0 0.605 0.899 0.038 0.062
0 0.633 0.807 0.026 0.034
0 0.762 0.991 0.028 0.014
0 0.987 0.725 0.022 0.05
0 0.991 0.42 0.014 0.044
0 0.973 0.499 0.05 0.078
0 0.55 0.285 0.048 0.054
0 0.543 0.249 0.054 0.054
0 0.007 0.506 0.014 0.028
0 0.006 0.529 0.012 0.022
0 0.006 0.548 0.012 0.016
0 0.449 0.611 0.038 0.05
0 0.333 0.222 0.034 0.044
0 0.574 0.492 0.036 0.048
0 0.155 0.769 0.038 0.038
0 0.628 0.454 0.056 0.04
0 0.64 0.47 0.04 0.032
0 0.909 0.851 0.046 0.05
0 0.204 0.739 0.052 0.05
0 0.581 0.992 0.026 0.012
0 0.915 0.416 0.042 0.04
0 0.133 0.245 0.026 0.03
0 0.093 0.252 0.054 0.032
0 0.013 0.24 0.026 0.028
0 0.17 0.247 0.032 0.03
0 0.811 0.46 0.038 0.048
0 0.141 0.373 0.042 0.038
0 0.383 0.21 0.03 0.04
0 0.919 0.314 0.054 0.028
0 0.961 0.46 0.05 0.052
1 0.249 0.236 0.014 0.02
1 0.297 0.113 0.034 0.018
1 0.366 0.144 0.016 0.028
1 0.478 0.087 0.036 0.018
1 0.633 0.724 0.014 0.028
1 0.594 0.771 0.024 0.03
1 0.365 0.693 0.022 0.018
1 0.537 0.676 0.014 0.02
1 0.757 0.759 0.018 0.026
1 0.549 0.614 0.022 0.024
1 0.769 0.53 0.018 0.02
1 0.644 0.492 0.024 0.02
1 0.105 0.985 0.018 0.022
1 0.694 0.938 0.016 0.016
1 0.58 0.881 0.016 0.022
1 0.585 0.893 0.014 0.014
1 0.582 0.923 0.012 0.014
1 0.897 0.532 0.026 0.028
1 0.05 0.265 0.012 0.03
1 0.285 0.385 0.03 0.03
1 0.254 0.397 0.008 0.034
1 0.285 0.367 0.034 0.014
1 0.351 0.32 0.014 0.02
1 0.204 0.605 0.012 0.018
1 0.125 0.911 0.014 0.026
1 0.558 0.425 0.016 0.026
1 0.017 0.028 0.03 0.024
1 0.229 0.159 0.038 0.026
1 0.253 0.931 0.014 0.01
1 0.588 0.244 0.02 0.04
1 0.743 0.132 0.022 0.02
1 0.639 0.045 0.01 0.034
1 0.57 0.484 0.016 0.008
1 0.225 0.549 0.014 0.014
1 0.125 0.839 0.022 0.026
1 0.232 0.91 0.02 0.036
1 0.617 0.166 0.022 0.028
1 0.63 0.15 0.016 0.032
1 0.655 0.168 0.03 0.016
1 0.592 0.83 0.024 0.04
1 0.463 0.909 0.014 0.018
1 0.254 0.365 0.02 0.018
1 0.273 0.336 0.022 0.036
1 0.451 0.296 0.03 0.02
1 0.535 0.358 0.01 0.02
1 0.618 0.378 0.024 0.016
1 0.698 0.408 0.028 0.048
1 0.796 0.338 0.012 0.008
1 0.805 0.342 0.006 0.008
1 0.126 0.287 0.036 0.042
1 0.225 0.198 0.034 0.016
1 0.864 0.202 0.028 0.024
1 0.88 0.325 0.024 0.018
1 0.818 0.777 0.012 0.014
1 0.5 0.179 0.04 0.038
1 0.44 0.2 0.02 0.036
1 0.541 0.103 0.026 0.026
1 0.752 0.055 0.028 0.014
1 0.449 0.119 0.022 0.018
1 0.428 0.119 0.008 0.006
1 0.031 0.12 0.022 0.012
1 0.154 0.297 0.036 0.026
1 0.794 0.898 0.028 0.032
1 0.548 0.396 0.016 0.044
1 0.98 0.399 0.024 0.014
1 0.663 0.476 0.014 0.02
1 0.589 0.6 0.018 0.024
1 0.942 0.347 0.02 0.014
1 0.403 0.211 0.03 0.018
1 0.608 0.571 0.016 0.018
2 0.128 0.468 0.04 0.048
2 0.659 0.759 0.026 0.042
2 0.047 0.72 0.03 0.04
2 0.278 0.966 0.036 0.052
2 0.157 0.013 0.03 0.026
2 0.171 0.031 0.038 0.026
2 0.09 0.132 0.032 0.036
2 0.127 0.177 0.034 0.034
2 0.625 0.294 0.026 0.048
2 0.642 0.267 0.036 0.042
2 0.135 0.047 0.034 0.034
2 0.313 0.582 0.05 0.036
2 0.738 0.826 0.036 0.044
2 0.202 0.158 0.032 0.036
2 0.22 0.128 0.02 0.024
2 0.25 0.088 0.024 0.032
2 0.267 0.034 0.022 0.04
2 0.285 0.012 0.022 0.024
2 0.15 0.995 0.012 0.006
2 0.225 0.993 0.018 0.01
2 0.898 0.996 0.028 0.004
2 0.955 0.995 0.03 0.006
2 0.98 0.743 0.02 0.014
2 0.993 0.689 0.01 0.018
2 0.072 0.495 0.008 0.014
2 0.118 0.894 0.008 0.004
2 0.261 0.498 0.018 0.012
2 0.002 0.755 0.004 0.022
2 0.005 0.791 0.01 0.014
2 0.557 0.997 0.022 0.002
2 0.377 0.062 0.018 0.012
2 0.891 0.274 0.022 0.02
2 0.909 0.356 0.002 0.008
2 0.854 0.391 0.02 0.018
2 0.618 0.682 0.02 0.02
2 0.458 0.25 0.012 0.016
2 0.84 0.003 0.04 0.006
2 0.996 0.059 0.004 0.018
2 0.525 0.047 0.05 0.034
2 0.54 0.062 0.02 0.016
2 0.387 0.336 0.026 0.04
2 0.213 0.073 0.026 0.026
2 0.109 0.095 0.018 0.026
2 0.112 0.106 0.008 0.016
2 0.146 0.112 0.008 0.012
2 0.158 0.118 0.012 0.012
2 0.112 0.023 0.024 0.042
2 0.417 0.995 0.026 0.006
2 0.459 0.964 0.014 0.024
2 0.294 0.994 0.024 0.008
2 0.801 0.402 0.022 0.032
2 0.846 0.441 0.016 0.022
2 0.699 0.558 0.01 0.008
2 0.724 0.554 0.008 0.004
2 0.54 0.14 0.02 0.016
2 0.682 0.207 0.012 0.014
2 0.696 0.208 0.008 0.008
2 0.697 0.216 0.01 0.004
2 0.943 0.363 0.018 0.018
2 0.25 0.145 0.012 0.01
2 0.006 0.149 0.012 0.01
2 0.073 0.172 0.018 0.016
2 0.071 0.155 0.018 0.01
2 0.615 0.438 0.014 0.012
2 0.639 0.415 0.018 0.026
2 0.207 0.856 0.022 0.02
2 0.219 0.868 0.014 0.012
2 0.233 0.613 0.022 0.022
2 0.374 0.676 0.012 0.012
2 0.378 0.636 0.02 0.008
2 0.375 0.628 0.014 0.008
2 0.76 0.628 0.016 0.024
2 0.787 0.838 0.018 0.028
2 0.824 0.747 0.024 0.022
2 0.609 0.864 0.022 0.02
2 0.788 0.784 0.016 0.008
2 0.818 0.793 0.036 0.014
2 0.91 0.776 0.028 0.008
2 0.938 0.771 0.012 0.014
2 0.953 0.67 0.014 0.016
2 0.978 0.668 0.02 0.02
2 0.155 0.812 0.03 0.036
2 0.498 0.255 0.028 0.038
2 0.649 0.507 0.01 0.01
2 0.447 0.498 0.006 0.008
2 0.065 0.347 0.022 0.018
2 0.944 0.033 0.012 0.014
2 0.748 0.738 0.012 0.008