0 0.692 0.511 0.032 0.05
0 0.749 0.566 0.038 0.048
0 0.238 0.609 0.032 0.058
0 0.145 0.739 0.042 0.05
0 0.144 0.78 0.044 0.048
0 0.032 0.741 0.032 0.07
0 0.15 0.88 0.032 0.036
0 0.015 0.876 0.03 0.052
0 0.01 0.9 0.02 0.04
0 0.119 0.826 0.026 0.036
0 0.18 0.812 0.016 0.032
0 0.226 0.869 0.032 0.034
0 0.269 0.864 0.034 0.052
0 0.3 0.869 0.028 0.046
0 0.271 0.825 0.026 0.05
0 0.286 0.799 0.024 0.046
0 0.232 0.823 0.016 0.018
0 0.13 0.942 0.032 0.048
0 0.16 0.964 0.024 0.032
0 0.223 0.971 0.03 0.054
0 0.368 0.988 0.036 0.02
0 0.379 0.886 0.022 0.024
0 0.386 0.903 0.02 0.03
0 0.444 0.924 0.028 0.04
0 0.398 0.931 0.024 0.026
0 0.511 0.984 0.03 0.028
0 0.615 0.916 0.026 0.044
0 0.627 0.836 0.022 0.04
0 0.59 0.774 0.028 0.06
0 0.67 0.715 0.036 0.042
0 0.664 0.868 0.028 0.036
0 0.906 0.916 0.032 0.04
0 0.887 0.876 0.03 0.04
0 0.952 0.935 0.032 0.042
0 0.881 0.929 0.026 0.03
0 0.892 0.948 0.024 0.032
0 0.849 0.898 0.022 0.044
0 0.939 0.835 0.026 0.034
0 0.953 0.829 0.026 0.038
0 0.858 0.75 0.028 0.048
0 0.853 0.77 0.03 0.048
0 0.958 0.774 0.02 0.024
0 0.986 0.756 0.02 0.04
0 0.955 0.694 0.026 0.04
0 0.886 0.722 0.024 0.024
0 0.876 0.706 0.028 0.024
0 0.986 0.684 0.024 0.056
0 0.894 0.542 0.028 0.036
0 0.861 0.486 0.03 0.036
0 0.913 0.474 0.03 0.04
0 0.982 0.498 0.016 0.02
0 0.986 0.512 0.024 0.028
0 0.992 0.521 0.012 0.022
0 0.983 0.43 0.03 0.056
0 0.779 0.541 0.018 0.022
0 0.784 0.567 0.024 0.034
0 0.744 0.522 0.028 0.04
0 0.774 0.459 0.028 0.046
0 0.841 0.382 0.03 0.036
0 0.782 0.333 0.028 0.042
0 0.736 0.378 0.032 0.032
0 0.906 0.355 0.04 0.038
0 0.849 0.347 0.026 0.034
0 0.876 0.289 0.028 0.038
0 0.963 0.286 0.038 0.036
0 0.95 0.169 0.04 0.066
0 0.924 0.205 0.036 0.042
0 0.882 0.185 0.032 0.038
0 0.775 0.255 0.034 0.038
0 0.77 0.205 0.036 0.042
0 0.763 0.144 0.038 0.06
0 0.877 0.139 0.034 0.034
0 0.9 0.066 0.028 0.032
0 0.847 0.071 0.026 0.046
0 0.765 0.056 0.026 0.036
0 0.584 0.025 0.028 0.03
0 0.515 0.019 0.026 0.034
0 0.544 0.054 0.028 0.04
0 0.538 0.164 0.024 0.044
0 0.503 0.168 0.022 0.044
0 0.467 0.113 0.03 0.042
0 0.452 0.158 0.028 0.048
0 0.516 0.103 0.036 0.042
0 0.603 0.283 0.026 0.038
0 0.644 0.313 0.028 0.042
0 0.662 0.248 0.02 0.032
0 0.699 0.288 0.026 0.036
0 0.723 0.289 0.03 0.042
0 0.558 0.366 0.028 0.044
0 0.5 0.302 0.028 0.04
0 0.511 0.281 0.03 0.034
0 0.364 0.199 0.028 0.042
0 0.388 0.161 0.028 0.046
0 0.344 0.141 0.024 0.038
0 0.355 0.162 0.022 0.02
0 0.345 0.099 0.022 0.022
0 0.314 0.072 0.024 0.048
0 0.286 0.057 0.024 0.038
0 0.357 0.018 0.034 0.032
0 0.432 0.054 0.028 0.04
0 0.441 0.017 0.03 0.03
0 0.176 0.085 0.028 0.046
0 0.151 0.037 0.026 0.05
0 0.098 0.134 0.028 0.04
0 0.109 0.112 0.022 0.048
0 0.051 0.122 0.03 0.048
0 0.07 0.102 0.024 0.04
0 0.04 0.158 0.024 0.044
0 0.016 0.097 0.032 0.042
0 0.067 0.168 0.026 0.048
0 0.141 0.14 0.018 0.036
0 0.225 0.103 0.026 0.034
0 0.26 0.186 0.028 0.056
0 0.273 0.114 0.018 0.016
0 0.198 0.211 0.02 0.03
0 0.202 0.236 0.024 0.028
0 0.192 0.251 0.028 0.038
0 0.31 0.247 0.028 0.034
0 0.255 0.26 0.03 0.032
0 0.268 0.278 0.02 0.024
0 0.075 0.242 0.026 0.044
0 0.095 0.295 0.022 0.038
0 0.169 0.289 0.022 0.042
0 0.028 0.351 0.028 0.026
0 0.114 0.352 0.024 0.048
0 0.223 0.348 0.026 0.044
0 0.184 0.385 0.024 0.05
0 0.263 0.408 0.026 0.048
0 0.233 0.374 0.03 0.028
0 0.286 0.351 0.016 0.026
0 0.343 0.343 0.03 0.042
0 0.37 0.338 0.028 0.04
0 0.432 0.305 0.024 0.03
0 0.49 0.382 0.02 0.04
0 0.463 0.387 0.026 0.038
0 0.672 0.418 0.028 0.048
0 0.672 0.388 0.032 0.048
0 0.644 0.415 0.024 0.03
0 0.637 0.394 0.026 0.02
0 0.477 0.526 0.03 0.04
0 0.508 0.522 0.032 0.04
0 0.586 0.53 0.052 0.036
0 0.433 0.604 0.03 0.04
0 0.48 0.63 0.024 0.04
0 0.506 0.671 0.024 0.03
0 0.576 0.642 0.036 0.036
0 0.57 0.62 0.028 0.02
0 0.595 0.568 0.03 0.028
0 0.616 0.588 0.032 0.04
0 0.51 0.727 0.028 0.05
0 0.543 0.7 0.026 0.044
0 0.482 0.734 0.028 0.048
0 0.448 0.668 0.024 0.032
0 0.455 0.688 0.026 0.036
0 0.355 0.654 0.03 0.044
0 0.37 0.527 0.032 0.046
0 0.371 0.507 0.026 0.038
0 0.416 0.56 0.016 0.024
0 0.248 0.463 0.028 0.042
0 0.017 0.409 0.03 0.05
0 0.032 0.448 0.028 0.04
0 0.08 0.466 0.024 0.048
0 0.14 0.385 0.024 0.054
0 0.111 0.507 0.022 0.034
0 0.2 0.632 0.032 0.056
0 0.189 0.569 0.026 0.042
0 0.128 0.664 0.028 0.044
0 0.172 0.53 0.016 0.024
0 0.103 0.571 0.026 0.034
0 0.11 0.528 0.02 0.032
0 0.1 0.496 0.016 0.016
0 0.219 0.52 0.022 0.02
0 0.262 0.53 0.02 0.02
0 0.194 0.548 0.032 0.012
0 0.01 0.621 0.02 0.042
0 0.045 0.633 0.022 0.03
0 0.083 0.628 0.026 0.056
0 0.197 0.663 0.022 0.026
0 0.302 0.745 0.024 0.05
0 0.354 0.783 0.024 0.042
0 0.459 0.852 0.026 0.04
0 0.503 0.842 0.026 0.052
0 0.432 0.789 0.016 0.046
0 0.419 0.775 0.018 0.042
0 0.418 0.747 0.024 0.03
0 0.451 0.741 0.018 0.026
0 0.406 0.803 0.024 0.042
0 0.577 0.729 0.022 0.018
0 0.808 0.835 0.032 0.054
0 0.718 0.766 0.02 0.032
0 0.73 0.785 0.024 0.026
0 0.73 0.875 0.028 0.046
0 0.784 0.869 0.032 0.034
0 0.778 0.85 0.028 0.02
0 0.774 0.828 0.028 0.036
0 0.724 0.957 0.036 0.05
0 0.721 0.978 0.03 0.04
0 0.779 0.758 0.026 0.024
0 0.592 0.156 0.02 0.028
0 0.564 0.129 0.02 0.018
0 0.575 0.114 0.014 0.016
0 0.622 0.166 0.02 0.028
0 0.608 0.091 0.02 0.022
0 0.687 0.063 0.034 0.046
0 0.535 0.082 0.026 0.04
0 0.848 0.015 0.032 0.026
0 0.9 0.097 0.036 0.038
0 0.991 0.027 0.014 0.034
0 0.967 0.014 0.022 0.02
0 0.893 0.032 0.018 0.024
0 0.791 0.084 0.026 0.028
0 0.875 0.241 0.026 0.034
0 0.948 0.311 0.016 0.022
0 0.994 0.353 0.008 0.034
0 0.872 0.319 0.016 0.014
0 0.747 0.331 0.022 0.026
0 0.299 0.219 0.014 0.022
0 0.432 0.082 0.032 0.036
0 0.675 0.115 0.022 0.03
0 0.785 0.183 0.022 0.022
0 0.499 0.248 0.018 0.036
0 0.412 0.204 0.016 0.028
0 0.108 0.223 0.028 0.038
0 0.744 0.906 0.02 0.02
0 0.897 0.609 0.018 0.026
0 0.935 0.674 0.038 0.024
1 0.556 0.896 0.016 0.016
1 0.657 0.844 0.022 0.012
1 0.911 0.792 0.014 0.016
1 0.019 0.058 0.014 0.012
1 0.497 0.404 0.014 0.016
1 0.467 0.409 0.014 0.01
1 0.63 0.441 0.016 0.022
1 0.492 0.644 0.012 0.02
1 0.59 0.661 0.02 0.018
1 0.337 0.627 0.018 0.014
1 0.079 0.414 0.018 0.02
1 0.094 0.659 0.02 0.022
1 0.544 0.783 0.02 0.018
1 0.725 0.617 0.022 0.018
1 0.837 0.142 0.018 0.02
1 0.73 0.209 0.02 0.022
1 0.332 0.042 0.016 0.02
1 0.314 0.39 0.024 0.024
1 0.483 0.44 0.022 0.024
2 0.086 0.742 0.028 0.036
2 0.24 0.942 0.028 0.044
2 0.961 0.901 0.026 0.038
2 0.99 0.654 0.016 0.036
2 0.981 0.461 0.03 0.038
2 0.004 0.027 0.008 0.026
2 0.021 0.03 0.022 0.012
2 0.082 0.009 0.016 0.014
2 0.093 0.021 0.014 0.018
2 0.129 0.077 0.018 0.018
2 0.198 0.067 0.024 0.038
2 0.234 0.137 0.012 0.022
2 0.189 0.131 0.014 0.014
2 0.198 0.16 0.012 0.016
2 0.031 0.311 0.03 0.03
2 0.165 0.261 0.014 0.014
2 0.182 0.276 0.016 0.016
2 0.412 0.309 0.032 0.034
2 0.44 0.353 0.016 0.026
2 0.52 0.371 0.02 0.026
2 0.572 0.41 0.02 0.024
2 0.538 0.639 0.02 0.034
2 0.526 0.61 0.02 0.02
2 0.379 0.593 0.022 0.026
2 0.336 0.585 0.028 0.042
2 0.409 0.661 0.026 0.038
2 0.053 0.393 0.022 0.022
2 0.019 0.465 0.026 0.026
2 0.233 0.546 0.022 0.028
2 0.026 0.642 0.02 0.044
2 0.147 0.604 0.014 0.04
2 0.248 0.735 0.032 0.046
2 0.395 0.753 0.018 0.022
2 0.544 0.842 0.024 0.02
2 0.701 0.984 0.022 0.028
2 0.842 0.981 0.024 0.034
2 0.562 0.05 0.024 0.028
2 0.951 0.091 0.026 0.03
2 0.813 0.069 0.014 0.042
2 0.68 0.354 0.016 0.028
2 0.893 0.41 0.022 0.032
2 0.312 0.203 0.024 0.042
2 0.286 0.191 0.024 0.034
2 0.377 0.054 0.014 0.024
2 0.664 0.093 0.028 0.038
2 0.701 0.038 0.022 0.024
2 0.678 0.027 0.016 0.026
2 0.449 0.138 0.038 0.036
2 0.444 0.193 0.032 0.042
2 0.289 0.255 0.022 0.022
2 0.198 0.327 0.032 0.026
2 0.592 0.319 0.024 0.034
2 0.543 0.976 0.026 0.044
2 0.808 0.979 0.028 0.038
2 0.657 0.82 0.018 0.024
2 0.638 0.988 0.024 0.02
2 0.744 0.711 0.028 0.034