0 0.84 0.044 0.036 0.052
0 0.969 0.02 0.034 0.04
0 0.966 0.093 0.04 0.066
0 0.956 0.136 0.04 0.04
0 0.889 0.189 0.034 0.054
0 0.943 0.185 0.038 0.038
0 0.845 0.167 0.034 0.042
0 0.683 0.016 0.034 0.032
0 0.556 0.021 0.044 0.042
0 0.47 0.044 0.04 0.048
0 0.428 0.116 0.036 0.044
0 0.47 0.121 0.04 0.042
0 0.506 0.14 0.052 0.06
0 0.587 0.095 0.042 0.062
0 0.661 0.098 0.03 0.048
0 0.65 0.174 0.056 0.052
0 0.725 0.111 0.03 0.034
0 0.72 0.035 0.036 0.046
0 0.736 0.064 0.036 0.06
0 0.773 0.118 0.046 0.048
0 0.8 0.147 0.052 0.074
0 0.817 0.26 0.038 0.052
0 0.752 0.256 0.04 0.044
0 0.72 0.291 0.028 0.046
0 0.769 0.355 0.038 0.042
0 0.869 0.285 0.034 0.042
0 0.924 0.288 0.044 0.052
0 0.941 0.37 0.038 0.048
0 0.981 0.397 0.034 0.054
0 0.967 0.326 0.038 0.048
0 0.907 0.435 0.03 0.042
0 0.877 0.462 0.042 0.06
0 0.949 0.423 0.022 0.034
0 0.954 0.455 0.032 0.034
0 0.985 0.549 0.026 0.042
0 0.908 0.62 0.036 0.036
0 0.975 0.615 0.046 0.046
0 0.968 0.698 0.028 0.036
0 0.886 0.693 0.04 0.034
0 0.928 0.766 0.032 0.036
0 0.975 0.79 0.03 0.028
0 0.965 0.815 0.034 0.03
0 0.888 0.813 0.036 0.038
0 0.916 0.826 0.028 0.036
0 0.835 0.833 0.03 0.034
0 0.847 0.798 0.026 0.024
0 0.785 0.794 0.03 0.036
0 0.778 0.771 0.028 0.038
0 0.742 0.771 0.032 0.046
0 0.766 0.691 0.036 0.03
0 0.708 0.667 0.028 0.042
0 0.75 0.661 0.048 0.05
0 0.823 0.627 0.038 0.034
0 0.812 0.599 0.036 0.034
0 0.787 0.574 0.038 0.032
0 0.781 0.509 0.042 0.038
0 0.723 0.482 0.03 0.04
0 0.675 0.476 0.034 0.04
0 0.659 0.493 0.034 0.046
0 0.611 0.471 0.03 0.042
0 0.585 0.47 0.038 0.04
0 0.543 0.423 0.03 0.038
0 0.508 0.397 0.036 0.038
0 0.466 0.412 0.04 0.044
0 0.422 0.427 0.032 0.046
0 0.403 0.392 0.034 0.036
0 0.367 0.353 0.034 0.054
0 0.31 0.293 0.04 0.062
0 0.276 0.309 0.04 0.042
0 0.232 0.27 0.044 0.052
0 0.225 0.224 0.046 0.052
0 0.168 0.214 0.036 0.032
0 0.173 0.248 0.038 0.044
0 0.161 0.271 0.03 0.038
0 0.141 0.29 0.034 0.032
0 0.095 0.261 0.042 0.05
0 0.109 0.219 0.034 0.046
0 0.044 0.163 0.036 0.058
0 0.147 0.045 0.038 0.054
0 0.095 0.055 0.038 0.058
0 0.038 0.055 0.048 0.054
0 0.034 0.01 0.032 0.02
0 0.158 0.011 0.056 0.022
0 0.308 0.038 0.04 0.028
0 0.282 0.116 0.072 0.068
0 0.362 0.088 0.044 0.048
0 0.284 0.012 0.036 0.024
0 0.405 0.016 0.038 0.032
0 0.374 0.023 0.024 0.042
0 0.326 0.152 0.04 0.048
0 0.367 0.183 0.038 0.046
0 0.38 0.22 0.04 0.048
0 0.417 0.198 0.03 0.064
0 0.509 0.285 0.034 0.062
0 0.564 0.267 0.036 0.05
0 0.606 0.303 0.024 0.054
0 0.573 0.31 0.03 0.052
0 0.546 0.312 0.036 0.052
0 0.452 0.307 0.048 0.054
0 0.383 0.28 0.034 0.04
0 0.301 0.411 0.038 0.042
0 0.24 0.413 0.036 0.046
0 0.138 0.345 0.04 0.038
0 0.105 0.304 0.042 0.04
0 0.141 0.373 0.034 0.034
0 0.092 0.369 0.04 0.038
0 0.029 0.345 0.038 0.034
0 0.008 0.325 0.012 0.046
0 0.029 0.368 0.026 0.016
0 0.028 0.39 0.028 0.032
0 0.011 0.448 0.018 0.04
0 0.03 0.479 0.04 0.038
0 0.075 0.496 0.03 0.04
0 0.096 0.442 0.048 0.044
0 0.136 0.459 0.032 0.05
0 0.314 0.468 0.036 0.044
0 0.346 0.45 0.04 0.044
0 0.345 0.518 0.038 0.036
0 0.361 0.49 0.066 0.064
0 0.411 0.515 0.034 0.034
0 0.4 0.54 0.044 0.032
0 0.348 0.575 0.036 0.034
0 0.28 0.575 0.064 0.05
0 0.219 0.57 0.038 0.036
0 0.644 0.335 0.048 0.038
0 0.687 0.403 0.046 0.054
0 0.721 0.38 0.046 0.056
0 0.76 0.416 0.048 0.036
0 0.83 0.399 0.032 0.038
0 0.86 0.406 0.032 0.04
0 0.853 0.341 0.034 0.038
0 0.869 0.359 0.034 0.038
0 0.843 0.446 0.03 0.044
0 0.803 0.42 0.03 0.032
0 0.713 0.187 0.046 0.05
0 0.651 0.238 0.042 0.048
0 0.757 0.305 0.03 0.034
0 0.872 0.246 0.032 0.04
0 0.816 0.008 0.032 0.016
0 0.906 0.025 0.044 0.046
0 0.467 0.492 0.05 0.048
0 0.521 0.532 0.034 0.032
0 0.561 0.518 0.038 0.032
0 0.563 0.58 0.038 0.044
0 0.599 0.585 0.038 0.034
0 0.447 0.575 0.038 0.034
0 0.465 0.523 0.026 0.022
0 0.4 0.645 0.028 0.026
0 0.451 0.631 0.034 0.03
0 0.49 0.655 0.04 0.03
0 0.551 0.692 0.03 0.028
0 0.499 0.696 0.046 0.04
0 0.61 0.664 0.036 0.036
0 0.649 0.648 0.022 0.024
0 0.847 0.569 0.034 0.034
0 0.932 0.522 0.028 0.032
0 0.964 0.735 0.02 0.026
0 0.911 0.718 0.026 0.032
0 0.996 0.753 0.004 0.034
0 0.816 0.68 0.032 0.04
0 0.803 0.703 0.034 0.034
0 0.829 0.867 0.034 0.03
0 0.794 0.889 0.036 0.034
0 0.77 0.917 0.032 0.038
0 0.76 0.893 0.028 0.03
0 0.748 0.873 0.024 0.03
0 0.701 0.909 0.026 0.026
0 0.684 0.874 0.032 0.028
0 0.653 0.84 0.026 0.032
0 0.678 0.833 0.032 0.03
0 0.713 0.786 0.03 0.036
0 0.661 0.764 0.042 0.028
0 0.621 0.73 0.042 0.028
0 0.686 0.438 0.056 0.016
0 0.598 0.782 0.04 0.028
0 0.519 0.763 0.026 0.03
0 0.443 0.743 0.034 0.038
0 0.404 0.769 0.028 0.034
0 0.392 0.784 0.028 0.036
0 0.359 0.731 0.026 0.034
0 0.409 0.699 0.03 0.03
0 0.412 0.729 0.028 0.038
0 0.375 0.688 0.034 0.036
0 0.369 0.665 0.05 0.054
0 0.324 0.73 0.032 0.04
0 0.337 0.76 0.03 0.032
0 0.331 0.782 0.026 0.016
0 0.324 0.802 0.024 0.024
0 0.326 0.84 0.032 0.028
0 0.254 0.805 0.028 0.038
0 0.214 0.767 0.028 0.034
0 0.255 0.723 0.034 0.038
0 0.265 0.678 0.038 0.036
0 0.227 0.678 0.03 0.044
0 0.219 0.712 0.03 0.032
0 0.234 0.621 0.04 0.046
0 0.274 0.642 0.036 0.032
0 0.174 0.603 0.04 0.034
0 0.137 0.565 0.034 0.03
0 0.1 0.578 0.016 0.024
0 0.092 0.525 0.032 0.038
0 0.068 0.556 0.032 0.036
0 0.019 0.576 0.03 0.036
0 0.044 0.603 0.048 0.046
0 0.068 0.624 0.04 0.056
0 0.09 0.648 0.036 0.036
0 0.142 0.589 0.028 0.022
0 0.013 0.687 0.022 0.046
0 0.057 0.682 0.05 0.036
0 0.026 0.737 0.032 0.034
0 0.062 0.717 0.036 0.034
0 0.135 0.725 0.03 0.03
0 0.161 0.71 0.03 0.04
0 0.086 0.794 0.032 0.052
0 0.158 0.817 0.032 0.038
0 0.135 0.854 0.038 0.048
0 0.104 0.893 0.04 0.038
0 0.153 0.889 0.042 0.046
0 0.148 0.944 0.036 0.036
0 0.215 0.875 0.03 0.034
0 0.225 0.918 0.034 0.044
0 0.26 0.926 0.04 0.04
0 0.281 0.922 0.018 0.02
0 0.287 0.903 0.026 0.026
0 0.31 0.914 0.024 0.036
0 0.308 0.881 0.044 0.038
0 0.29 0.976 0.032 0.044
0 0.346 0.953 0.044 0.038
0 0.379 0.9 0.038 0.04
0 0.364 0.844 0.032 0.044
0 0.409 0.85 0.03 0.04
0 0.204 0.974 0.028 0.048
0 0.138 0.994 0.028 0.008
0 0.098 0.986 0.044 0.024
0 0.035 0.928 0.062 0.04
0 0.024 0.871 0.044 0.054
0 0.016 0.811 0.028 0.042
0 0.473 0.973 0.026 0.038
0 0.488 0.938 0.032 0.036
0 0.552 0.989 0.036 0.018
0 0.524 0.995 0.02 0.006
0 0.498 0.993 0.024 0.01
0 0.437 0.993 0.026 0.01
0 0.337 0.993 0.042 0.01
0 0.392 0.933 0.028 0.046
0 0.445 0.905 0.038 0.03
0 0.452 0.931 0.032 0.026
0 0.444 0.956 0.028 0.028
0 0.424 0.916 0.024 0.032
0 0.508 0.8 0.032 0.028
0 0.496 0.831 0.04 0.038
0 0.531 0.831 0.022 0.034
0 0.546 0.843 0.032 0.046
0 0.564 0.867 0.036 0.046
0 0.605 0.832 0.034 0.04
0 0.598 0.882 0.036 0.036
0 0.633 0.873 0.038 0.046
0 0.833 0.938 0.034 0.036
0 0.796 0.944 0.032 0.044
0 0.819 0.976 0.034 0.028
0 0.901 0.922 0.026 0.04
0 0.926 0.916 0.024 0.044
0 0.933 0.869 0.038 0.034
0 0.899 0.967 0.022 0.018
0 0.921 0.984 0.034 0.028
0 0.974 0.934 0.028 0.036
0 0.991 0.936 0.014 0.036
0 0.975 0.873 0.046 0.05
0 0.593 0.955 0.042 0.038
0 0.646 0.978 0.04 0.036
1 0.14 0.185 0.024 0.018
1 0.135 0.101 0.03 0.022
1 0.006 0.064 0.008 0.024
1 0.344 0.023 0.024 0.034
1 0.253 0.01 0.022 0.02
1 0.473 0.211 0.022 0.03
1 0.423 0.269 0.022 0.03
1 0.326 0.372 0.016 0.024
1 0.231 0.351 0.022 0.034
1 0.197 0.369 0.034 0.022
1 0.169 0.494 0.026 0.02
1 0.202 0.496 0.028 0.02
1 0.27 0.455 0.02 0.022
1 0.267 0.429 0.026 0.018
1 0.287 0.442 0.014 0.016
1 0.782 0.19 0.02 0.016
1 0.827 0.29 0.022 0.024
1 0.886 0.316 0.02 0.024
1 0.897 0.365 0.018 0.026
1 0.765 0.025 0.018 0.03
1 0.612 0.053 0.032 0.026
1 0.552 0.167 0.024 0.018
1 0.986 0.492 0.024 0.024
1 0.943 0.594 0.03 0.024
1 0.903 0.671 0.022 0.022
1 0.939 0.731 0.026 0.03
1 0.779 0.733 0.026 0.018
1 0.81 0.783 0.016 0.022
1 0.298 0.83 0.02 0.024
1 0.246 0.97 0.016 0.024
1 0.07 0.979 0.02 0.026
1 0.036 0.827 0.036 0.018
1 0.089 0.755 0.026 0.018
1 0.193 0.754 0.022 0.032
1 0.357 0.984 0.018 0.012
1 0.436 0.867 0.016 0.022
1 0.465 0.88 0.026 0.02
1 0.475 0.856 0.022 0.016
1 0.475 0.837 0.022 0.018
1 0.55 0.897 0.028 0.022
1 0.483 0.75 0.018 0.032
1 0.648 0.884 0.02 0.028
1 0.874 0.932 0.02 0.02
1 0.756 0.993 0.036 0.01
1 0.422 0.682 0.024 0.024
1 0.449 0.594 0.042 0.016
1 0.457 0.544 0.026 0.02
1 0.487 0.585 0.018 0.026
1 0.278 0.476 0.02 0.02
1 0.014 0.501 0.02 0.026
1 0.057 0.355 0.022 0.026
1 0.556 0.353 0.02 0.03
1 0.599 0.41 0.026 0.028
1 0.568 0.438 0.02 0.032
1 0.532 0.474 0.024 0.02
1 0.634 0.371 0.032 0.03
1 0.656 0.549 0.02 0.022
1 0.643 0.574 0.026 0.028
1 0.679 0.589 0.026 0.03
1 0.724 0.525 0.032 0.022
1 0.634 0.526 0.024 0.02
1 0.755 0.624 0.022 0.02
1 0.837 0.493 0.026 0.03
1 0.954 0.585 0.024 0.026
1 0.941 0.656 0.026 0.02
1 0.193 0.623 0.022 0.026
1 0.279 0.612 0.03 0.028
1 0.525 0.939 0.026 0.018
1 0.99 0.132 0.016 0.048
1 0.992 0.057 0.012 0.046
2 0.077 0.155 0.026 0.026
2 0.09 0.187 0.032 0.042
2 0.17 0.1 0.032 0.036
2 0.012 0.037 0.02 0.038
2 0.29 0.065 0.032 0.03
2 0.225 0.029 0.034 0.046
2 0.228 0.181 0.04 0.058
2 0.264 0.19 0.036 0.032
2 0.454 0.22 0.024 0.052
2 0.235 0.484 0.042 0.024
2 0.176 0.426 0.04 0.028
2 0.803 0.043 0.022 0.038
2 0.687 0.117 0.034 0.038
2 0.391 0.604 0.03 0.028
2 0.524 0.706 0.024 0.028
2 0.958 0.763 0.028 0.022
2 0.669 0.74 0.03 0.024
2 0.644 0.713 0.016 0.054
2 0.785 0.468 0.026 0.02
2 0.093 0.718 0.03 0.036
2 0.171 0.919 0.03 0.034
2 0.164 0.981 0.052 0.034
2 0.027 0.793 0.026 0.03
2 0.384 0.982 0.024 0.028
2 0.499 0.748 0.022 0.028
2 0.908 0.857 0.024 0.026
2 0.17 0.349 0.024 0.034
2 0.175 0.172 0.026 0.032
2 0.772 0.544 0.032 0.024
2 0.979 0.576 0.034 0.028
2 0.712 0.622 0.02 0.024
2 0.61 0.756 0.036 0.02