0 0.654 0.956 0.048 0.076
0 0.682 0.881 0.048 0.054
0 0.611 0.774 0.046 0.076
0 0.362 0.841 0.044 0.078
0 0.249 0.849 0.054 0.086
0 0.15 0.922 0.032 0.052
0 0.157 0.752 0.042 0.068
0 0.292 0.724 0.052 0.092
0 0.136 0.834 0.052 0.056
0 0.556 0.902 0.04 0.096
0 0.21 0.694 0.044 0.076
0 0.363 0.685 0.042 0.066
0 0.321 0.642 0.042 0.068
0 0.969 0.972 0.058 0.052
0 0.894 0.882 0.052 0.076
0 0.779 0.953 0.05 0.07
0 0.825 0.857 0.042 0.05
0 0.497 0.779 0.042 0.082
0 0.444 0.77 0.044 0.076
0 0.262 0.613 0.044 0.066
0 0.079 0.561 0.066 0.066
0 0.071 0.637 0.038 0.058
0 0.482 0.483 0.048 0.082
0 0.382 0.454 0.052 0.084
0 0.482 0.572 0.044 0.072
0 0.579 0.582 0.046 0.06
0 0.844 0.662 0.048 0.068
0 0.769 0.717 0.05 0.07
0 0.232 0.183 0.048 0.102
0 0.274 0.178 0.044 0.08
0 0.148 0.178 0.04 0.096
0 0.095 0.199 0.042 0.102
0 0.057 0.23 0.046 0.08
0 0.168 0.029 0.044 0.054
0 0.214 0.046 0.032 0.084
0 0.164 0.091 0.044 0.054
0 0.984 0.379 0.028 0.066
0 0.95 0.252 0.04 0.076
0 0.914 0.163 0.04 0.078
0 0.852 0.224 0.044 0.056
0 0.816 0.214 0.04 0.052
0 0.939 0.339 0.034 0.07
0 0.92 0.34 0.036 0.076
0 0.728 0.248 0.036 0.068
0 0.795 0.234 0.038 0.1
0 0.685 0.651 0.05 0.058
0 0.642 0.626 0.04 0.052
0 0.617 0.571 0.034 0.058
0 0.723 0.349 0.038 0.05
0 0.681 0.284 0.042 0.052
0 0.257 0.483 0.042 0.046
0 0.264 0.397 0.036 0.082
0 0.63 0.308 0.04 0.06
0 0.649 0.307 0.03 0.07
0 0.51 0.358 0.06 0.088
0 0.139 0.353 0.042 0.102
0 0.234 0.348 0.028 0.064
0 0.269 0.277 0.05 0.042
0 0.067 0.433 0.038 0.07
0 0.992 0.486 0.012 0.06
0 0.944 0.471 0.04 0.05
0 0.844 0.43 0.036 0.064
0 0.874 0.443 0.02 0.042
0 0.869 0.408 0.03 0.036
0 0.986 0.879 0.024 0.062
0 0.868 0.783 0.032 0.046
0 0.666 0.799 0.04 0.046
0 0.497 0.648 0.034 0.068
0 0.989 0.163 0.018 0.066
0 0.64 0.231 0.036 0.046
0 0.619 0.16 0.038 0.056
0 0.43 0.406 0.036 0.08
0 0.656 0.511 0.04 0.054
0 0.51 0.07 0.036 0.06
0 0.484 0.078 0.036 0.052
0 0.444 0.098 0.032 0.048
0 0.418 0.154 0.028 0.064
0 0.347 0.981 0.054 0.034
0 0.875 0.641 0.03 0.054
0 0.088 0.024 0.032 0.044
0 0.977 0.608 0.03 0.044
0 0.136 0.536 0.036 0.048
0 0.387 0.315 0.042 0.038
0 0.202 0.096 0.028 0.032
0 0.447 0.639 0.03 0.046
0 0.778 0.473 0.032 0.046
0 0.961 0.065 0.034 0.042
0 0.655 0.075 0.03 0.054
0 0.893 0.015 0.038 0.026
0 0.008 0.482 0.012 0.064
0 0.761 0.302 0.026 0.04
0 0.278 0.992 0.036 0.012
0 0.389 0.015 0.034 0.026
0 0.345 0.013 0.022 0.022
0 0.268 0.017 0.024 0.03
0 0.327 0.4 0.026 0.044
0 0.658 0.007 0.032 0.01
0 0.705 0.011 0.022 0.018
0 0.007 0.151 0.01 0.066
0 0.058 0.006 0.016 0.008
0 0.007 0.905 0.01 0.054
1 0.988 0.923 0.016 0.03
1 0.865 0.982 0.01 0.016
1 0.775 0.861 0.018 0.03
1 0.606 0.891 0.024 0.034
1 0.547 0.812 0.022 0.028
1 0.661 0.727 0.018 0.022
1 0.517 0.733 0.014 0.022
1 0.49 0.732 0.02 0.024
1 0.466 0.696 0.02 0.024
1 0.355 0.731 0.022 0.022
1 0.151 0.883 0.022 0.022
1 0.104 0.938 0.028 0.028
1 0.165 0.538 0.018 0.036
1 0.252 0.756 0.02 0.024
1 0.814 0.102 0.016 0.036
1 0.796 0.082 0.032 0.024
1 0.839 0.047 0.03 0.038
1 0.635 0.395 0.03 0.022
1 0.94 0.427 0.02 0.018
1 0.364 0.263 0.016 0.022
1 0.992 0.761 0.012 0.026
1 0.798 0.692 0.02 0.016
1 0.474 0.441 0.02 0.026
1 0.593 0.629 0.022 0.034
1 0.642 0.572 0.02 0.024
1 0.057 0.478 0.022 0.028
1 0.399 0.545 0.026 0.026
1 0.805 0.513 0.026 0.026
1 0.228 0.659 0.024 0.038
1 0.054 0.324 0.024 0.028
1 0.326 0.918 0.016 0.02
1 0.368 0.518 0.024 0.032
1 0.546 0.541 0.024 0.034
1 0.501 0.26 0.018 0.016
1 0.374 0.545 0.028 0.018
1 0.33 0.47 0.028 0.02
1 0.219 0.952 0.022 0.024
1 0.89 0.354 0.016 0.024
1 0.241 0.097 0.018 0.022
1 0.989 0.658 0.018 0.024
1 0.561 0.689 0.022 0.026
1 0.025 0.827 0.026 0.03
1 0.79 0.058 0.02 0.02
1 0.742 0.49 0.028 0.032
1 0.725 0.453 0.018 0.038
1 0.123 0.514 0.022 0.028
1 0.327 0.145 0.026 0.058
1 0.611 0.188 0.03 0.04
1 0.552 0.15 0.024 0.056
1 0.419 0.092 0.022 0.032
1 0.325 0.328 0.018 0.028
1 0.862 0.028 0.02 0.032
1 0.937 0.072 0.03 0.02
1 0.553 0.023 0.026 0.042
1 0.452 0.022 0.032 0.036
1 0.942 0.007 0.028 0.01
1 0.729 0.045 0.022 0.03
1 0.705 0.058 0.022 0.024
1 0.668 0.216 0.02 0.032
1 0.56 0.291 0.02 0.026
1 0.929 0.825 0.018 0.01
1 0.773 0.32 0.018 0.02
1 0.672 0.151 0.024 0.058
1 0.826 0.713 0.02 0.034
1 0.391 0.275 0.026 0.03
1 0.205 0.153 0.022 0.042
1 0.882 0.516 0.028 0.056
1 0.766 0.269 0.024 0.018
1 0.275 0.979 0.018 0.018
1 0.387 0.04 0.022 0.024
1 0.058 0.102 0.028 0.032
2 0.593 0.343 0.018 0.026
2 0.807 0.926 0.026 0.044
2 0.285 0.357 0.01 0.022
2 0.209 0.268 0.01 0.02
2 0.175 0.301 0.01 0.022
2 0.376 0.57 0.02 0.024
2 0.234 0.735 0.008 0.022
2 0.505 0.162 0.014 0.028
2 0.473 0.402 0.014 0.016
2 0.068 0.062 0.024 0.016
2 0.179 0.483 0.014 0.022
2 0.04 0.56 0.012 0.012