0 0.353 0.639 0.038 0.03
0 0.387 0.632 0.034 0.036
0 0.453 0.659 0.03 0.054
0 0.416 0.705 0.04 0.038
0 0.265 0.686 0.034 0.032
0 0.301 0.761 0.03 0.038
0 0.29 0.867 0.028 0.042
0 0.208 0.801 0.032 0.03
0 0.134 0.762 0.052 0.06
0 0.097 0.753 0.034 0.038
0 0.032 0.74 0.032 0.048
0 0.019 0.683 0.038 0.038
0 0.046 0.603 0.032 0.05
0 0.143 0.549 0.038 0.038
0 0.03 0.494 0.04 0.04
0 0.033 0.528 0.046 0.032
0 0.08 0.457 0.028 0.034
0 0.14 0.463 0.028 0.034
0 0.119 0.387 0.026 0.038
0 0.119 0.416 0.034 0.028
0 0.089 0.275 0.034 0.03
0 0.056 0.25 0.036 0.032
0 0.117 0.259 0.054 0.066
0 0.498 0.208 0.032 0.036
0 0.551 0.204 0.034 0.036
0 0.582 0.169 0.036 0.046
0 0.518 0.154 0.032 0.048
0 0.612 0.167 0.032 0.042
0 0.489 0.104 0.038 0.036
0 0.435 0.117 0.034 0.038
0 0.425 0.055 0.038 0.038
0 0.442 0.087 0.028 0.034
0 0.517 0.054 0.038 0.036
0 0.552 0.01 0.032 0.02
0 0.611 0.018 0.038 0.036
0 0.581 0.07 0.038 0.032
0 0.414 0.166 0.036 0.044
0 0.362 0.269 0.04 0.062
0 0.458 0.26 0.044 0.048
0 0.57 0.269 0.036 0.054
0 0.679 0.228 0.034 0.048
0 0.729 0.294 0.03 0.04
0 0.706 0.276 0.032 0.032
0 0.777 0.238 0.03 0.048
0 0.837 0.186 0.03 0.044
0 0.894 0.16 0.032 0.044
0 0.822 0.161 0.02 0.03
0 0.946 0.179 0.028 0.042
0 0.955 0.22 0.034 0.044
0 0.931 0.237 0.03 0.03
0 0.905 0.245 0.03 0.038
0 0.953 0.337 0.038 0.058
0 0.852 0.336 0.032 0.048
0 0.989 0.393 0.018 0.042
0 0.981 0.445 0.034 0.038
0 0.942 0.517 0.028 0.034
0 0.895 0.549 0.03 0.038
0 0.907 0.62 0.034 0.048
0 0.988 0.639 0.02 0.054
0 0.904 0.684 0.04 0.048
0 0.962 0.684 0.032 0.04
0 0.853 0.665 0.03 0.046
0 0.791 0.645 0.026 0.046
0 0.814 0.726 0.036 0.044
0 0.829 0.777 0.038 0.046
0 0.761 0.796 0.022 0.048
0 0.801 0.829 0.03 0.034
0 0.862 0.839 0.032 0.038
0 0.917 0.879 0.03 0.038
0 0.964 0.791 0.032 0.054
0 0.923 0.734 0.03 0.048
0 0.716 0.911 0.028 0.042
0 0.748 0.933 0.024 0.046
0 0.732 0.987 0.036 0.022
0 0.731 0.962 0.026 0.032
0 0.64 0.913 0.04 0.046
0 0.606 0.934 0.028 0.04
0 0.582 0.983 0.044 0.03
0 0.612 0.994 0.02 0.008
0 0.466 0.889 0.044 0.046
0 0.423 0.862 0.03 0.04
0 0.527 0.814 0.042 0.048
0 0.545 0.781 0.014 0.034
0 0.569 0.797 0.022 0.03
0 0.608 0.803 0.032 0.038
0 0.643 0.742 0.042 0.06
0 0.602 0.656 0.036 0.032
0 0.588 0.669 0.024 0.034
0 0.657 0.659 0.03 0.034
0 0.698 0.642 0.028 0.036
0 0.503 0.61 0.034 0.044
0 0.566 0.516 0.024 0.028
0 0.602 0.529 0.028 0.042
0 0.42 0.393 0.04 0.038
0 0.466 0.384 0.032 0.036
0 0.534 0.438 0.036 0.048
0 0.264 0.5 0.036 0.036
0 0.282 0.462 0.052 0.036
0 0.252 0.449 0.028 0.026
0 0.323 0.434 0.034 0.04
0 0.366 0.464 0.032 0.032
0 0.229 0.545 0.034 0.038
0 0.275 0.597 0.042 0.038
0 0.183 0.652 0.038 0.04
0 0.185 0.683 0.042 0.026
0 0.163 0.627 0.042 0.046
0 0.18 0.57 0.02 0.028
0 0.092 0.513 0.032 0.038
0 0.099 0.568 0.018 0.036
0 0.312 0.563 0.036 0.042
0 0.024 0.859 0.048 0.042
0 0.09 0.919 0.04 0.042
0 0.121 0.902 0.03 0.028
0 0.236 0.957 0.032 0.05
0 0.187 0.933 0.03 0.034
0 0.172 0.953 0.036 0.042
0 0.299 0.92 0.038 0.032
0 0.008 0.961 0.016 0.046
0 0.027 0.988 0.026 0.02
0 0.01 0.99 0.02 0.016
0 0.26 0.859 0.024 0.026
0 0.342 0.715 0.036 0.034
0 0.465 0.571 0.03 0.018
0 0.593 0.436 0.034 0.04
0 0.706 0.43 0.032 0.036
0 0.889 0.456 0.03 0.04
0 0.822 0.476 0.036 0.028
0 0.812 0.452 0.032 0.036
0 0.782 0.498 0.028 0.024
0 0.794 0.493 0.032 0.038
0 0.842 0.478 0.016 0.04
0 0.785 0.561 0.018 0.034
0 0.109 0.041 0.038 0.038
0 0.143 0.098 0.034 0.028
0 0.25 0.16 0.036 0.04
0 0.275 0.174 0.038 0.044
0 0.301 0.057 0.034 0.038
0 0.342 0.071 0.028 0.038
0 0.347 0.047 0.03 0.026
0 0.255 0.1 0.03 0.032
0 0.113 0.191 0.038 0.042
0 0.024 0.228 0.032 0.032
0 0.08 0.114 0.036 0.044
0 0.197 0.325 0.038 0.038
0 0.022 0.294 0.024 0.028
0 0.913 0.403 0.034 0.046
0 0.818 0.056 0.028 0.052
0 0.776 0.08 0.036 0.032
0 0.783 0.034 0.03 0.036
0 0.837 0.014 0.03 0.028
0 0.889 0.009 0.034 0.018
0 0.72 0.008 0.028 0.016
0 0.705 0.145 0.03 0.038
0 0.648 0.862 0.036 0.036
0 0.513 0.669 0.038 0.034
0 0.881 0.981 0.046 0.034
0 0.84 0.907 0.02 0.026
0 0.86 0.926 0.024 0.032
0 0.175 0.139 0.014 0.034
0 0.094 0.335 0.028 0.034
0 0.614 0.299 0.02 0.038
0 0.732 0.775 0.036 0.026
0 0.661 0.591 0.022 0.038
0 0.973 0.662 0.018 0.024
0 0.992 0.599 0.012 0.038
0 0.996 0.475 0.004 0.018
0 0.184 0.391 0.036 0.034
0 0.184 0.363 0.032 0.03
0 0.011 0.586 0.022 0.032
0 0.031 0.577 0.026 0.03
0 0.113 0.627 0.026 0.026
0 0.544 0.575 0.028 0.03
0 0.566 0.538 0.024 0.024
0 0.204 0.11 0.028 0.024
0 0.154 0.128 0.024 0.024
0 0.051 0.087 0.054 0.026
0 0.384 0.222 0.028 0.024
0 0.909 0.326 0.034 0.032
0 0.872 0.235 0.016 0.042
0 0.528 0.079 0.032 0.03
0 0.629 0.098 0.026 0.04
0 0.682 0.151 0.024 0.038
0 0.751 0.158 0.018 0.028
0 0.596 0.244 0.024 0.028
0 0.348 0.676 0.028 0.032
0 0.204 0.004 0.016 0.008
0 0.365 0.005 0.014 0.01
1 0.006 0.909 0.012 0.022
1 0.359 0.759 0.026 0.022
1 0.076 0.883 0.02 0.026
1 0.454 0.519 0.024 0.026
1 0.021 0.319 0.018 0.018
1 0.697 0.769 0.018 0.022
1 0.494 0.968 0.016 0.02
1 0.803 0.398 0.014 0.016
1 0.636 0.385 0.016 0.022
1 0.795 0.38 0.018 0.02
1 0.565 0.38 0.022 0.02
1 0.163 0.823 0.014 0.026
1 0.745 0.493 0.018 0.018
1 0.223 0.841 0.03 0.014
1 0.218 0.826 0.02 0.012
1 0.199 0.765 0.014 0.022
1 0.401 0.782 0.018 0.024
1 0.531 0.747 0.018 0.022
1 0.809 0.983 0.014 0.01
1 0.752 0.887 0.012 0.014
1 0.985 0.724 0.018 0.024
1 0.681 0.675 0.022 0.022
1 0.975 0.513 0.018 0.026
1 0.027 0.386 0.01 0.024
1 0.043 0.541 0.018 0.018
1 0.429 0.551 0.018 0.018
1 0.219 0.289 0.018 0.014
1 0.029 0.034 0.01 0.016
1 0.019 0.049 0.01 0.01
1 0.385 0.371 0.03 0.022
1 0.846 0.386 0.016 0.016
1 0.919 0.061 0.014 0.018
1 0.919 0.004 0.01 0.008
1 0.739 0.558 0.018 0.012
1 0.336 0.01 0.024 0.02
1 0.647 0.351 0.014 0.014
2 0.567 0.914 0.018 0.02
2 0.629 0.884 0.022 0.02
2 0.182 0.869 0.024 0.022
2 0.748 0.36 0.028 0.036
2 0.626 0.24 0.016 0.02
2 0.082 0.857 0.024 0.022
2 0.134 0.962 0.032 0.04
2 0.274 0.927 0.024 0.026
2 0.531 0.904 0.022 0.028
2 0.563 0.85 0.022 0.028
2 0.448 0.792 0.02 0.024
2 0.458 0.754 0.02 0.02
2 0.64 0.968 0.016 0.028
2 0.173 0.768 0.01 0.028
2 0.334 0.816 0.032 0.024
2 0.802 0.939 0.036 0.026
2 0.828 0.954 0.016 0.028
2 0.968 0.581 0.008 0.01
2 0.816 0.678 0.024 0.024
2 0.863 0.596 0.022 0.036
2 0.843 0.585 0.026 0.03
2 0.993 0.521 0.01 0.022
2 0.035 0.339 0.026 0.026
2 0.532 0.56 0.036 0.032
2 0.249 0.244 0.018 0.024
2 0.112 0.16 0.024 0.028
2 0.03 0.052 0.012 0.02
2 0.051 0.045 0.018 0.022
2 0.638 0.453 0.032 0.022
2 0.638 0.492 0.016 0.024
2 0.78 0.438 0.016 0.016
2 0.762 0.433 0.02 0.018
2 0.831 0.276 0.022 0.016
2 0.748 0.028 0.012 0.028
2 0.675 0.02 0.022 0.024
2 0.43 0.646 0.016 0.028
2 0.296 0.621 0.016 0.018
2 0.313 0.535 0.03 0.018
2 0.489 0.472 0.022 0.012
2 0.081 0.382 0.03 0.032
2 0.085 0.416 0.014 0.012
2 0.22 0.215 0.036 0.022