0 0.647 0.822 0.058 0.052
0 0.768 0.876 0.048 0.056
0 0.79 0.778 0.044 0.044
0 0.794 0.735 0.036 0.034
0 0.739 0.816 0.05 0.052
0 0.708 0.767 0.056 0.062
0 0.61 0.753 0.048 0.046
0 0.737 0.979 0.054 0.038
0 0.643 0.978 0.054 0.04
0 0.628 0.863 0.044 0.038
0 0.559 0.868 0.034 0.052
0 0.522 0.905 0.044 0.058
0 0.408 0.978 0.056 0.04
0 0.434 0.904 0.032 0.052
0 0.406 0.926 0.036 0.028
0 0.393 0.789 0.05 0.062
0 0.863 0.974 0.038 0.036
0 0.929 0.826 0.054 0.06
0 0.953 0.774 0.046 0.052
0 0.887 0.696 0.062 0.068
0 0.861 0.639 0.034 0.054
0 0.933 0.625 0.042 0.058
0 0.98 0.599 0.036 0.05
0 0.966 0.53 0.048 0.048
0 0.951 0.468 0.034 0.036
0 0.907 0.396 0.054 0.056
0 0.871 0.442 0.038 0.064
0 0.85 0.474 0.048 0.052
0 0.829 0.505 0.058 0.054
0 0.697 0.647 0.05 0.062
0 0.271 0.984 0.066 0.028
0 0.279 0.95 0.062 0.052
0 0.254 0.907 0.044 0.046
0 0.298 0.871 0.064 0.066
0 0.512 0.705 0.052 0.058
0 0.965 0.249 0.05 0.062
0 0.938 0.204 0.04 0.048
0 0.958 0.159 0.044 0.058
0 0.988 0.155 0.02 0.066
0 0.889 0.075 0.034 0.062
0 0.887 0.127 0.038 0.054
0 0.875 0.187 0.026 0.066
0 0.836 0.212 0.048 0.048
0 0.793 0.14 0.05 0.048
0 0.764 0.059 0.04 0.042
0 0.736 0.09 0.048 0.044
0 0.714 0.149 0.044 0.046
0 0.626 0.085 0.044 0.05
0 0.608 0.037 0.044 0.034
0 0.543 0.058 0.038 0.048
0 0.51 0.075 0.048 0.046
0 0.472 0.024 0.056 0.044
0 0.433 0.052 0.03 0.04
0 0.445 0.136 0.038 0.04
0 0.646 0.189 0.052 0.062
0 0.612 0.274 0.056 0.064
0 0.659 0.264 0.038 0.044
0 0.841 0.333 0.034 0.038
0 0.783 0.351 0.05 0.07
0 0.747 0.378 0.038 0.04
0 0.53 0.197 0.036 0.046
0 0.66 0.34 0.048 0.048
0 0.56 0.324 0.044 0.04
0 0.683 0.442 0.046 0.056
0 0.667 0.495 0.038 0.046
0 0.631 0.527 0.046 0.042
0 0.491 0.161 0.042 0.03
0 0.428 0.204 0.044 0.048
0 0.572 0.212 0.048 0.048
0 0.139 0.959 0.05 0.062
0 0.161 0.89 0.046 0.044
0 0.198 0.825 0.04 0.058
0 0.214 0.791 0.048 0.034
0 0.017 0.921 0.03 0.05
0 0.056 0.863 0.048 0.03
0 0.076 0.848 0.032 0.036
0 0.145 0.796 0.038 0.036
0 0.124 0.809 0.044 0.046
0 0.225 0.703 0.046 0.046
0 0.157 0.698 0.03 0.036
0 0.16 0.644 0.04 0.048
0 0.056 0.712 0.036 0.032
0 0.072 0.737 0.032 0.042
0 0.014 0.742 0.024 0.036
0 0.018 0.656 0.028 0.032
0 0.114 0.614 0.032 0.036
0 0.181 0.611 0.034 0.042
0 0.422 0.676 0.056 0.048
0 0.31 0.691 0.048 0.054
0 0.24 0.66 0.036 0.04
0 0.324 0.643 0.028 0.03
0 0.432 0.617 0.044 0.054
0 0.47 0.543 0.036 0.05
0 0.42 0.54 0.056 0.04
0 0.45 0.497 0.044 0.042
0 0.401 0.486 0.038 0.04
0 0.3 0.498 0.056 0.044
0 0.377 0.562 0.05 0.044
0 0.331 0.587 0.042 0.034
0 0.147 0.543 0.034 0.038
0 0.167 0.484 0.046 0.032
0 0.082 0.436 0.028 0.04
0 0.063 0.454 0.038 0.036
0 0.047 0.484 0.03 0.028
0 0.026 0.436 0.036 0.032
0 0.017 0.462 0.03 0.032
0 0.243 0.444 0.042 0.036
0 0.196 0.405 0.052 0.042
0 0.117 0.381 0.042 0.038
0 0.113 0.356 0.034 0.032
0 0.038 0.371 0.04 0.038
0 0.056 0.33 0.04 0.04
0 0.021 0.329 0.03 0.038
0 0.02 0.277 0.028 0.038
0 0.427 0.35 0.042 0.056
0 0.394 0.312 0.056 0.036
0 0.327 0.345 0.038 0.042
0 0.376 0.282 0.04 0.032
0 0.38 0.233 0.036 0.046
0 0.303 0.225 0.03 0.038
0 0.341 0.187 0.026 0.034
0 0.259 0.199 0.038 0.038
0 0.628 0.457 0.04 0.042
0 0.315 0.413 0.034 0.034
0 0.286 0.303 0.028 0.046
0 0.224 0.286 0.044 0.036
0 0.15 0.333 0.032 0.034
0 0.36 0.115 0.036 0.03
0 0.259 0.046 0.05 0.048
0 0.118 0.127 0.04 0.042
0 0.126 0.187 0.028 0.038
0 0.162 0.06 0.028 0.036
0 0.142 0.086 0.032 0.036
0 0.091 0.094 0.038 0.04
0 0.974 0.907 0.04 0.03
0 0.99 0.904 0.016 0.064
1 0.656 0.913 0.032 0.034
1 0.472 0.829 0.064 0.042
1 0.506 0.806 0.016 0.02
1 0.541 0.811 0.038 0.03
1 0.466 0.985 0.028 0.022
1 0.388 0.906 0.024 0.028
1 0.824 0.951 0.02 0.03
1 0.827 0.915 0.022 0.034
1 0.959 0.948 0.022 0.02
1 0.815 0.684 0.022 0.032
1 0.754 0.468 0.024 0.028
1 0.686 0.716 0.028 0.024
1 0.351 0.849 0.034 0.018
1 0.306 0.804 0.028 0.028
1 0.409 0.052 0.018 0.024
1 0.369 0.053 0.018 0.018
1 0.445 0.092 0.026 0.032
1 0.466 0.069 0.032 0.034
1 0.642 0.224 0.02 0.02
1 0.869 0.278 0.022 0.036
1 0.808 0.281 0.036 0.026
1 0.742 0.255 0.024 0.026
1 0.72 0.259 0.032 0.018
1 0.521 0.231 0.01 0.026
1 0.649 0.463 0.022 0.026
1 0.686 0.544 0.008 0.024
1 0.695 0.543 0.01 0.03
1 0.583 0.594 0.026 0.028
1 0.695 0.581 0.018 0.026
1 0.6 0.409 0.028 0.018
1 0.547 0.409 0.034 0.018
1 0.472 0.202 0.02 0.032
1 0.574 0.245 0.028 0.022
1 0.087 0.95 0.038 0.044
1 0.227 0.853 0.006 0.018
1 0.188 0.759 0.028 0.042
1 0.041 0.797 0.034 0.026
1 0.028 0.83 0.012 0.02
1 0.193 0.71 0.026 0.024
1 0.121 0.655 0.018 0.034
1 0.088 0.645 0.016 0.046
1 0.1 0.738 0.024 0.024
1 0.28 0.581 0.032 0.018
1 0.343 0.651 0.014 0.026
1 0.463 0.61 0.022 0.02
1 0.118 0.502 0.024 0.028
1 0.134 0.453 0.02 0.026
1 0.141 0.457 0.026 0.026
1 0.116 0.444 0.032 0.036
1 0.161 0.405 0.038 0.054
1 0.367 0.345 0.03 0.026
1 0.356 0.23 0.028 0.024
1 0.303 0.192 0.038 0.02
1 0.424 0.393 0.024 0.022
1 0.339 0.432 0.034 0.036
1 0.302 0.454 0.02 0.02
1 0.272 0.366 0.02 0.028
1 0.244 0.361 0.02 0.026
1 0.258 0.123 0.028 0.03
1 0.227 0.141 0.03 0.018
1 0.219 0.148 0.018 0.012
1 0.073 0.044 0.022 0.016
1 0.286 0.097 0.024 0.03
1 0.326 0.008 0.028 0.012
1 0.374 0.011 0.024 0.018
1 0.397 0.01 0.03 0.016
1 0.046 0.066 0.032 0.028
1 0.061 0.129 0.038 0.038
1 0.683 0.571 0.022 0.03
1 0.957 0.333 0.026 0.03
1 0.277 0.762 0.026 0.024
1 0.501 0.752 0.03 0.036
1 0.207 0.87 0.006 0.012
1 0.199 0.869 0.006 0.01
1 0.058 0.821 0.028 0.022
1 0.052 0.838 0.02 0.016
1 0.041 0.813 0.026 0.022
2 0.422 0.848 0.044 0.04
2 0.881 0.8 0.026 0.036
2 0.54 0.273 0.048 0.026
2 0.59 0.189 0.028 0.03
2 0.666 0.231 0.02 0.026
2 0.792 0.566 0.04 0.04
2 0.834 0.583 0.028 0.03
2 0.767 0.624 0.014 0.012
2 0.157 0.773 0.034 0.034
2 0.124 0.733 0.016 0.022
2 0.545 0.616 0.058 0.052
2 0.622 0.919 0.028 0.03
2 0.093 0.284 0.062 0.032
2 0.048 0.289 0.024 0.034
2 0.443 0.327 0.022 0.022
2 0.35 0.149 0.036 0.034
2 0.31 0.166 0.024 0.032
2 0.539 0.552 0.042 0.04
2 0.528 0.443 0.04 0.05
2 0.617 0.428 0.05 0.028
2 0.335 0.098 0.022 0.028
2 0.295 0.041 0.022 0.018
2 0.287 0.018 0.022 0.028
2 0.282 0.033 0.012 0.014
2 0.222 0.013 0.028 0.022
2 0.138 0.044 0.036 0.028
2 0.024 0.092 0.024 0.036
2 0.007 0.082 0.01 0.028
2 0.154 0.261 0.032 0.038
2 0.213 0.229 0.022 0.022
2 0.165 0.192 0.034 0.032
2 0.161 0.221 0.022 0.018
2 0.144 0.216 0.016 0.02
2 0.178 0.278 0.036 0.04
2 0.967 0.306 0.018 0.024
2 0.707 0.405 0.03 0.018
2 0.163 0.55 0.022 0.032
2 0.08 0.579 0.02 0.034
2 0.033 0.58 0.034 0.028
2 0.271 0.533 0.022 0.022
2 0.527 0.758 0.03 0.02
2 0.961 0.645 0.03 0.026
2 0.646 0.611 0.016 0.03
2 0.623 0.636 0.014 0.028
2 0.03 0.979 0.012 0.018
2 0.018 0.985 0.012 0.014