0 0.022 0.024 0.036 0.048
0 0.056 0.015 0.052 0.03
0 0.057 0.08 0.046 0.056
0 0.066 0.128 0.048 0.056
0 0.023 0.257 0.042 0.046
0 0.215 0.137 0.038 0.046
0 0.103 0.016 0.034 0.032
0 0.268 0.006 0.036 0.012
0 0.277 0.049 0.046 0.05
0 0.333 0.15 0.05 0.044
0 0.202 0.01 0.044 0.02
0 0.296 0.218 0.048 0.048
0 0.236 0.219 0.036 0.038
0 0.178 0.199 0.06 0.054
0 0.175 0.291 0.046 0.054
0 0.22 0.332 0.064 0.048
0 0.183 0.437 0.034 0.03
0 0.202 0.416 0.052 0.04
0 0.228 0.577 0.048 0.042
0 0.043 0.365 0.058 0.058
0 0.395 0.016 0.058 0.032
0 0.025 0.436 0.046 0.04
0 0.059 0.625 0.082 0.042
0 0.273 0.485 0.038 0.034
0 0.31 0.459 0.04 0.042
0 0.38 0.239 0.036 0.05
0 0.356 0.226 0.052 0.048
0 0.371 0.34 0.046 0.036
0 0.435 0.226 0.042 0.044
0 0.429 0.295 0.038 0.038
0 0.456 0.125 0.044 0.03
0 0.642 0.047 0.044 0.038
0 0.654 0.022 0.052 0.044
0 0.48 0.062 0.048 0.06
0 0.055 0.678 0.058 0.052
0 0.121 0.631 0.054 0.046
0 0.043 0.791 0.05 0.05
0 0.11 0.714 0.076 0.04
0 0.167 0.735 0.042 0.034
0 0.174 0.696 0.044 0.06
0 0.214 0.745 0.048 0.034
0 0.23 0.693 0.056 0.038
0 0.285 0.72 0.054 0.04
0 0.187 0.953 0.05 0.038
0 0.302 0.906 0.068 0.028
0 0.358 0.853 0.06 0.034
0 0.313 0.62 0.074 0.052
0 0.378 0.658 0.052 0.036
0 0.344 0.686 0.048 0.036
0 0.401 0.715 0.046 0.042
0 0.456 0.719 0.048 0.05
0 0.464 0.832 0.044 0.028
0 0.53 0.978 0.052 0.04
0 0.528 0.816 0.044 0.048
0 0.614 0.865 0.068 0.046
0 0.597 0.977 0.05 0.034
0 0.612 0.953 0.04 0.026
0 0.672 0.971 0.044 0.042
0 0.542 0.338 0.044 0.044
0 0.556 0.385 0.028 0.03
0 0.604 0.394 0.06 0.032
0 0.545 0.447 0.062 0.042
0 0.509 0.518 0.042 0.044
0 0.574 0.546 0.044 0.036
0 0.464 0.605 0.048 0.042
0 0.529 0.672 0.054 0.04
0 0.526 0.71 0.048 0.032
0 0.587 0.766 0.05 0.044
0 0.626 0.778 0.04 0.04
0 0.526 0.612 0.04 0.028
0 0.61 0.625 0.04 0.034
0 0.51 0.077 0.048 0.034
0 0.512 0.103 0.048 0.03
0 0.604 0.096 0.032 0.032
0 0.733 0.056 0.03 0.036
0 0.762 0.01 0.032 0.02
0 0.66 0.134 0.04 0.044
0 0.819 0.107 0.05 0.05
0 0.885 0.016 0.034 0.032
0 0.962 0.012 0.044 0.024
0 0.918 0.063 0.052 0.05
0 0.849 0.066 0.034 0.036
0 0.99 0.114 0.016 0.048
0 0.768 0.211 0.04 0.038
0 0.863 0.145 0.042 0.046
0 0.668 0.161 0.028 0.018
0 0.907 0.178 0.058 0.048
0 0.866 0.2 0.052 0.052
0 0.681 0.419 0.046 0.034
0 0.745 0.405 0.034 0.038
0 0.772 0.415 0.036 0.042
0 0.817 0.409 0.046 0.042
0 0.856 0.457 0.056 0.046
0 0.773 0.518 0.042 0.048
0 0.793 0.521 0.046 0.058
0 0.907 0.584 0.046 0.032
0 0.945 0.67 0.05 0.052
0 0.81 0.58 0.044 0.032
0 0.839 0.588 0.05 0.036
0 0.895 0.639 0.046 0.038
0 0.725 0.607 0.054 0.034
0 0.721 0.498 0.042 0.032
0 0.613 0.238 0.054 0.044
0 0.635 0.251 0.042 0.042
0 0.661 0.277 0.058 0.05
0 0.345 0.392 0.038 0.028
0 0.434 0.334 0.052 0.024
0 0.724 0.825 0.048 0.038
0 0.945 0.76 0.042 0.04
0 0.859 0.967 0.05 0.062
0 0.902 0.881 0.048 0.038
0 0.903 0.925 0.054 0.038
0 0.485 0.362 0.038 0.032
0 0.516 0.131 0.032 0.042
0 0.673 0.46 0.054 0.036
0 0.67 0.498 0.048 0.048
0 0.751 0.161 0.042 0.046
0 0.993 0.269 0.01 0.034
0 0.664 0.168 0.052 0.044
0 0.689 0.578 0.042 0.04
0 0.975 0.889 0.03 0.042
0 0.677 0.677 0.042 0.03
0 0.821 0.806 0.046 0.028
0 0.266 0.937 0.036 0.054
0 0.11 0.264 0.048 0.048
0 0.117 0.281 0.046 0.038
1 0.124 0.08 0.032 0.024
1 0.136 0.38 0.024 0.024
1 0.16 0.181 0.04 0.022
1 0.29 0.513 0.016 0.018
1 0.142 0.547 0.028 0.034
1 0.495 0.008 0.026 0.016
1 0.083 0.572 0.022 0.028
1 0.184 0.565 0.028 0.022
1 0.255 0.512 0.03 0.028
1 0.326 0.318 0.036 0.036
1 0.497 0.146 0.026 0.028
1 0.076 0.76 0.024 0.024
1 0.237 0.872 0.026 0.024
1 0.219 0.976 0.026 0.04
1 0.075 0.994 0.026 0.008
1 0.717 0.983 0.026 0.018
1 0.551 0.414 0.026 0.02
1 0.517 0.456 0.026 0.028
1 0.448 0.481 0.02 0.026
1 0.495 0.49 0.034 0.02
1 0.374 0.57 0.028 0.032
1 0.442 0.777 0.032 0.026
1 0.932 0.099 0.044 0.026
1 0.623 0.365 0.014 0.022
1 0.732 0.46 0.028 0.024
1 0.777 0.339 0.022 0.026
1 0.913 0.398 0.018 0.02
1 0.972 0.377 0.028 0.022
1 0.65 0.306 0.032 0.02
1 0.989 0.931 0.018 0.03
1 0.804 0.971 0.036 0.022
1 0.756 0.912 0.024 0.028
1 0.766 0.888 0.02 0.028
1 0.698 0.732 0.024 0.032
1 0.802 0.914 0.048 0.024
1 0.307 0.38 0.034 0.024
1 0.431 0.362 0.046 0.024
1 0.81 0.024 0.02 0.028
1 0.886 0.373 0.028 0.046
1 0.912 0.366 0.036 0.032
1 0.354 0.523 0.028 0.026
1 0.345 0.565 0.034 0.03
1 0.99 0.643 0.016 0.022
1 0.761 0.568 0.03 0.024
1 0.436 0.434 0.016 0.016
1 0.454 0.428 0.02 0.028
1 0.315 0.988 0.026 0.02
1 0.749 0.854 0.03 0.036
1 0.291 0.961 0.03 0.03
1 0.492 0.95 0.024 0.02
1 0.794 0.679 0.036 0.03
1 0.648 0.373 0.028 0.022
1 0.439 0.944 0.038 0.032
1 0.409 0.78 0.026 0.02
1 0.139 0.305 0.038 0.038
2 0.154 0.063 0.04 0.038
2 0.114 0.452 0.028 0.024
2 0.083 0.789 0.022 0.022
2 0.214 0.675 0.032 0.03
2 0.269 0.766 0.034 0.032
2 0.162 0.865 0.028 0.018
2 0.279 0.84 0.014 0.012
2 0.044 0.884 0.056 0.016
2 0.555 0.753 0.038 0.038
2 0.412 0.036 0.044 0.024
2 0.396 0.067 0.028 0.022
2 0.433 0.083 0.038 0.034
2 0.386 0.173 0.024 0.034
2 0.725 0.191 0.014 0.018
2 0.747 0.259 0.03 0.022
2 0.796 0.076 0.028 0.028
2 0.883 0.092 0.03 0.032
2 0.976 0.295 0.024 0.03
2 0.989 0.366 0.018 0.036
2 0.991 0.441 0.014 0.03
2 0.574 0.27 0.036 0.024
2 0.943 0.513 0.034 0.042
2 0.632 0.577 0.04 0.03
2 0.345 0.214 0.03 0.036
2 0.98 0.847 0.02 0.018
2 0.675 0.639 0.026 0.03
2 0.772 0.608 0.032 0.024
2 0.797 0.477 0.026 0.018
2 0.829 0.478 0.03 0.016
2 0.85 0.629 0.044 0.026
2 0.76 0.704 0.064 0.028
2 0.56 0.899 0.028 0.038
2 0.461 0.909 0.058 0.03
2 0.568 0.845 0.052 0.046
2 0.836 0.865 0.032 0.018
2 0.765 0.815 0.018 0.01
2 0.643 0.329 0.034 0.026
2 0.011 0.599 0.022 0.03
2 0.79 0.833 0.056 0.022
2 0.495 0.396 0.034 0.02
2 0.148 0.151 0.04 0.03
2 0.453 0.971 0.018 0.022
2 0.525 0.924 0.058 0.036
2 0.957 0.434 0.014 0.02
2 0.598 0.17 0.028 0.016