0 0.094 0.753 0.064 0.066
0 0.212 0.877 0.084 0.074
0 0.165 0.765 0.05 0.054
0 0.036 0.78 0.072 0.064
0 0.135 0.625 0.05 0.062
0 0.205 0.629 0.05 0.05
0 0.271 0.72 0.062 0.052
0 0.233 0.583 0.098 0.082
0 0.237 0.477 0.054 0.05
0 0.39 0.861 0.04 0.042
0 0.138 0.514 0.06 0.048
0 0.434 0.754 0.072 0.056
0 0.495 0.74 0.07 0.068
0 0.046 0.436 0.052 0.048
0 0.175 0.47 0.042 0.044
0 0.427 0.543 0.05 0.058
0 0.49 0.527 0.068 0.058
0 0.049 0.38 0.046 0.044
0 0.075 0.253 0.042 0.038
0 0.148 0.283 0.036 0.038
0 0.406 0.986 0.048 0.024
0 0.359 0.985 0.03 0.026
0 0.496 0.916 0.072 0.072
0 0.253 0.33 0.046 0.044
0 0.261 0.315 0.038 0.03
0 0.285 0.362 0.046 0.04
0 0.354 0.379 0.056 0.05
0 0.419 0.448 0.062 0.06
0 0.202 0.177 0.072 0.058
0 0.026 0.192 0.044 0.052
0 0.138 0.05 0.052 0.052
0 0.158 0.014 0.04 0.024
0 0.153 0.089 0.042 0.046
0 0.057 0.113 0.042 0.026
0 0.072 0.086 0.032 0.028
0 0.267 0.22 0.058 0.052
0 0.264 0.242 0.02 0.028
0 0.477 0.295 0.054 0.046
0 0.538 0.226 0.068 0.072
0 0.223 0.068 0.05 0.04
0 0.336 0.107 0.06 0.046
0 0.379 0.45 0.034 0.04
0 0.627 0.263 0.058 0.062
0 0.688 0.201 0.048 0.066
0 0.711 0.148 0.058 0.048
0 0.743 0.177 0.042 0.05
0 0.408 0.112 0.048 0.04
0 0.441 0.074 0.07 0.052
0 0.506 0.075 0.064 0.054
0 0.291 0.168 0.05 0.036
0 0.394 0.289 0.052 0.042
0 0.405 0.327 0.054 0.042
0 0.458 0.611 0.028 0.042
0 0.446 0.372 0.04 0.036
0 0.503 0.415 0.042 0.062
0 0.699 0.475 0.054 0.046
0 0.589 0.819 0.066 0.066
0 0.616 0.695 0.036 0.03
0 0.706 0.645 0.036 0.054
0 0.728 0.681 0.044 0.038
0 0.667 0.063 0.086 0.046
0 0.786 0.086 0.048 0.04
0 0.868 0.072 0.072 0.052
0 0.869 0.132 0.058 0.036
0 0.876 0.264 0.036 0.044
0 0.97 0.295 0.056 0.05
0 0.975 0.265 0.034 0.03
0 0.945 0.127 0.058 0.054
0 0.739 0.418 0.078 0.06
0 0.65 0.351 0.048 0.03
0 0.76 0.369 0.056 0.046
0 0.825 0.378 0.058 0.056
0 0.894 0.41 0.076 0.06
0 0.957 0.473 0.05 0.05
0 0.87 0.558 0.084 0.044
0 0.984 0.555 0.028 0.038
0 0.613 0.582 0.046 0.052
0 0.864 0.636 0.044 0.044
0 0.956 0.626 0.04 0.04
0 0.907 0.643 0.034 0.054
0 0.92 0.663 0.044 0.034
0 0.757 0.779 0.046 0.054
0 0.76 0.723 0.044 0.034
0 0.809 0.716 0.038 0.04
0 0.725 0.954 0.046 0.044
0 0.709 0.932 0.022 0.024
0 0.762 0.953 0.032 0.03
0 0.72 0.918 0.024 0.024
0 0.735 0.893 0.042 0.038
0 0.758 0.842 0.044 0.036
0 0.796 0.876 0.036 0.04
0 0.822 0.797 0.032 0.034
0 0.938 0.845 0.032 0.042
0 0.946 0.735 0.04 0.034
0 0.866 0.838 0.028 0.032
0 0.913 0.802 0.03 0.036
0 0.655 0.833 0.026 0.026
0 0.582 0.906 0.044 0.028
1 0.066 0.638 0.028 0.02
1 0.042 0.551 0.024 0.026
1 0.194 0.724 0.044 0.032
1 0.195 0.673 0.022 0.034
1 0.104 0.808 0.024 0.024
1 0.034 0.95 0.036 0.028
1 0.012 0.923 0.024 0.026
1 0.428 0.817 0.02 0.03
1 0.226 0.854 0.016 0.012
1 0.226 0.844 0.028 0.016
1 0.269 0.858 0.03 0.028
1 0.081 0.502 0.03 0.02
1 0.07 0.469 0.024 0.042
1 0.084 0.462 0.028 0.032
1 0.218 0.692 0.02 0.036
1 0.295 0.497 0.034 0.034
1 0.329 0.542 0.038 0.028
1 0.379 0.573 0.034 0.042
1 0.025 0.332 0.034 0.02
1 0.115 0.302 0.018 0.024
1 0.355 0.751 0.018 0.018
1 0.395 0.748 0.018 0.012
1 0.373 0.967 0.018 0.014
1 0.151 0.921 0.034 0.042
1 0.451 0.84 0.03 0.028
1 0.19 0.108 0.02 0.036
1 0.209 0.118 0.03 0.024
1 0.284 0.284 0.024 0.02
1 0.167 0.232 0.026 0.028
1 0.193 0.416 0.022 0.024
1 0.099 0.308 0.018 0.02
1 0.277 0.087 0.038 0.026
1 0.722 0.214 0.02 0.04
1 0.491 0.116 0.01 0.024
1 0.504 0.119 0.008 0.022
1 0.353 0.295 0.022 0.034
1 0.434 0.314 0.024 0.036
1 0.316 0.239 0.032 0.03
1 0.26 0.128 0.02 0.028
1 0.474 0.58 0.024 0.036
1 0.501 0.577 0.03 0.042
1 0.563 0.419 0.038 0.022
1 0.671 0.464 0.022 0.024
1 0.652 0.511 0.024 0.026
1 0.584 0.772 0.024 0.032
1 0.714 0.05 0.02 0.02
1 0.798 0.184 0.028 0.024
1 0.885 0.198 0.046 0.028
1 0.923 0.247 0.022 0.022
1 0.836 0.422 0.028 0.028
1 0.911 0.372 0.046 0.036
1 0.911 0.522 0.022 0.028
1 0.962 0.533 0.02 0.03
1 0.645 0.395 0.014 0.018
1 0.838 0.62 0.02 0.048
1 0.898 0.609 0.02 0.014
1 0.976 0.732 0.016 0.028
1 0.883 0.821 0.018 0.05
1 0.897 0.818 0.014 0.016
1 0.85 0.946 0.024 0.04
1 0.083 0.034 0.022 0.024
2 0.413 0.875 0.03 0.03
2 0.12 0.936 0.028 0.02
2 0.384 0.901 0.02 0.034
2 0.284 0.144 0.032 0.016
2 0.254 0.142 0.028 0.024
2 0.483 0.347 0.038 0.018
2 0.524 0.359 0.044 0.03
2 0.728 0.077 0.048 0.03
2 0.695 0.297 0.018 0.022
2 0.719 0.509 0.026 0.026
2 0.826 0.583 0.012 0.014
2 0.861 0.514 0.018 0.012
2 0.658 0.938 0.024 0.024
2 0.799 0.932 0.01 0.016
2 0.95 0.896 0.016 0.016
2 0.581 0.929 0.022 0.018
2 0.047 0.687 0.03 0.014
2 0.085 0.704 0.014 0.008
2 0.435 0.682 0.022 0.02
2 0.374 0.651 0.02 0.014
2 0.142 0.169 0.02 0.018
2 0.322 0.167 0.024 0.026
2 0.91 0.341 0.024 0.01
2 0.907 0.333 0.01 0.006
2 0.012 0.644 0.012 0.016
2 0.086 0.601 0.012 0.018
2 0.087 0.357 0.01 0.01