0 0.725 0.911 0.046 0.066
0 0.993 0.968 0.01 0.048
0 0.939 0.985 0.042 0.026
0 0.933 0.979 0.026 0.034
0 0.685 0.975 0.066 0.046
0 0.621 0.994 0.03 0.008
0 0.533 0.996 0.026 0.004
0 0.531 0.93 0.054 0.068
0 0.471 0.97 0.042 0.056
0 0.404 0.991 0.044 0.014
0 0.426 0.933 0.048 0.066
0 0.383 0.909 0.05 0.07
0 0.324 0.945 0.048 0.082
0 0.261 0.984 0.054 0.028
0 0.22 0.993 0.032 0.01
0 0.148 0.991 0.024 0.014
0 0.103 0.963 0.046 0.07
0 0.052 0.979 0.048 0.038
0 0.078 0.949 0.028 0.026
0 0.022 0.963 0.04 0.07
0 0.019 0.892 0.034 0.072
0 0.052 0.918 0.048 0.056
0 0.083 0.9 0.022 0.048
0 0.07 0.874 0.028 0.028
0 0.105 0.887 0.026 0.046
0 0.05 0.817 0.048 0.074
0 0.006 0.819 0.008 0.034
0 0.194 0.949 0.036 0.062
0 0.181 0.88 0.03 0.024
0 0.233 0.899 0.05 0.07
0 0.285 0.911 0.058 0.082
0 0.31 0.858 0.028 0.028
0 0.254 0.802 0.06 0.084
0 0.33 0.837 0.048 0.054
0 0.318 0.805 0.06 0.066
0 0.391 0.789 0.022 0.022
0 0.367 0.821 0.026 0.046
0 0.456 0.786 0.076 0.064
0 0.481 0.885 0.062 0.078
0 0.593 0.88 0.054 0.064
0 0.56 0.842 0.068 0.044
0 0.572 0.8 0.052 0.052
0 0.632 0.818 0.024 0.028
0 0.651 0.867 0.042 0.046
0 0.742 0.827 0.052 0.082
0 0.764 0.78 0.06 0.052
0 0.818 0.782 0.056 0.064
0 0.814 0.903 0.044 0.054
0 0.885 0.917 0.058 0.062
0 0.985 0.904 0.026 0.068
0 0.899 0.849 0.038 0.054
0 0.842 0.865 0.044 0.054
0 0.894 0.798 0.04 0.048
0 0.906 0.769 0.036 0.034
0 0.952 0.769 0.052 0.066
0 0.99 0.768 0.016 0.076
0 0.989 0.704 0.018 0.04
0 0.971 0.712 0.038 0.052
0 0.919 0.689 0.066 0.078
0 0.987 0.626 0.022 0.072
0 0.848 0.709 0.032 0.034
0 0.813 0.719 0.058 0.074
0 0.79 0.68 0.06 0.076
0 0.673 0.787 0.054 0.074
0 0.678 0.748 0.044 0.06
0 0.685 0.668 0.042 0.064
0 0.702 0.64 0.044 0.048
0 0.721 0.593 0.042 0.046
0 0.572 0.727 0.084 0.086
0 0.521 0.747 0.034 0.066
0 0.5 0.696 0.032 0.024
0 0.421 0.739 0.022 0.03
0 0.447 0.692 0.074 0.088
0 0.45 0.637 0.052 0.07
0 0.319 0.749 0.05 0.066
0 0.342 0.678 0.072 0.076
0 0.313 0.655 0.042 0.026
0 0.133 0.765 0.062 0.094
0 0.057 0.765 0.038 0.034
0 0.066 0.742 0.048 0.06
0 0.058 0.689 0.044 0.074
0 0.01 0.639 0.016 0.058
0 0.251 0.71 0.046 0.072
0 0.219 0.713 0.05 0.074
0 0.19 0.623 0.04 0.058
0 0.904 0.568 0.036 0.036
0 0.929 0.571 0.03 0.038
0 0.937 0.536 0.042 0.04
0 0.947 0.505 0.046 0.042
0 0.886 0.52 0.04 0.048
0 0.86 0.501 0.02 0.046
0 0.842 0.479 0.04 0.058
0 0.85 0.583 0.056 0.062
0 0.797 0.506 0.046 0.04
0 0.795 0.478 0.05 0.052
0 0.785 0.392 0.058 0.056
0 0.985 0.453 0.026 0.05
0 0.965 0.473 0.05 0.034
0 0.955 0.422 0.046 0.044
0 0.968 0.36 0.032 0.052
0 0.942 0.385 0.048 0.058
0 0.906 0.452 0.044 0.048
0 0.996 0.344 0.004 0.02
0 0.985 0.295 0.026 0.05
0 0.977 0.293 0.022 0.018
0 0.941 0.312 0.034 0.048
0 0.921 0.295 0.034 0.038
0 0.877 0.349 0.034 0.05
0 0.845 0.361 0.034 0.042
0 0.792 0.346 0.032 0.04
0 0.749 0.354 0.046 0.044
0 0.72 0.355 0.044 0.05
0 0.764 0.311 0.028 0.034
0 0.79 0.318 0.032 0.036
0 0.946 0.25 0.036 0.064
0 0.919 0.227 0.03 0.034
0 0.888 0.238 0.032 0.036
0 0.992 0.177 0.012 0.018
0 0.965 0.194 0.038 0.028
0 0.955 0.205 0.03 0.022
0 0.934 0.206 0.016 0.012
0 0.981 0.054 0.034 0.056
0 0.962 0.049 0.032 0.034
0 0.942 0.006 0.024 0.008
0 0.946 0.025 0.028 0.034
0 0.952 0.13 0.036 0.036
0 0.911 0.102 0.046 0.044
0 0.914 0.066 0.032 0.032
0 0.858 0.21 0.028 0.028
0 0.837 0.205 0.034 0.05
0 0.847 0.181 0.03 0.018
0 0.858 0.151 0.032 0.046
0 0.887 0.02 0.05 0.036
0 0.857 0.022 0.022 0.036
0 0.812 0.017 0.036 0.03
0 0.794 0.01 0.032 0.016
0 0.786 0.054 0.036 0.048
0 0.833 0.073 0.034 0.062
0 0.826 0.102 0.032 0.028
0 0.824 0.278 0.036 0.052
0 0.798 0.259 0.032 0.05
0 0.786 0.25 0.024 0.036
0 0.782 0.212 0.04 0.044
0 0.765 0.199 0.038 0.054
0 0.79 0.17 0.028 0.036
0 0.714 0.005 0.032 0.006
0 0.768 0.118 0.028 0.048
0 0.739 0.115 0.03 0.046
0 0.728 0.223 0.032 0.038
0 0.019 0.524 0.034 0.044
0 0.019 0.549 0.034 0.054
0 0.046 0.548 0.032 0.032
0 0.051 0.52 0.034 0.036
0 0.085 0.567 0.046 0.07
0 0.122 0.587 0.048 0.058
0 0.731 0.532 0.058 0.064
0 0.76 0.449 0.016 0.03
0 0.018 0.427 0.032 0.066
0 0.161 0.505 0.038 0.05
0 0.182 0.454 0.044 0.08
0 0.18 0.522 0.032 0.048
0 0.205 0.527 0.046 0.078
0 0.227 0.607 0.026 0.038
0 0.245 0.583 0.038 0.058
0 0.298 0.555 0.064 0.066
0 0.327 0.564 0.046 0.068
0 0.377 0.547 0.066 0.066
0 0.473 0.533 0.058 0.09
0 0.443 0.515 0.03 0.038
0 0.554 0.572 0.052 0.068
0 0.604 0.523 0.048 0.058
0 0.63 0.493 0.04 0.046
0 0.594 0.445 0.028 0.03
0 0.517 0.46 0.034 0.04
0 0.548 0.426 0.06 0.06
0 0.556 0.395 0.02 0.034
0 0.638 0.365 0.048 0.05
0 0.656 0.341 0.052 0.03
0 0.675 0.316 0.034 0.036
0 0.715 0.259 0.05 0.038
0 0.632 0.302 0.04 0.048
0 0.602 0.286 0.044 0.052
0 0.617 0.243 0.05 0.034
0 0.636 0.214 0.048 0.032
0 0.67 0.156 0.032 0.032
0 0.65 0.126 0.036 0.036
0 0.652 0.088 0.036 0.036
0 0.621 0.071 0.026 0.05
0 0.651 0.02 0.054 0.036
0 0.084 0.402 0.044 0.06
0 0.006 0.328 0.008 0.032
0 0.091 0.331 0.058 0.066
0 0.149 0.344 0.054 0.076
0 0.254 0.462 0.052 0.088
0 0.309 0.499 0.03 0.022
0 0.252 0.398 0.048 0.064
0 0.3 0.41 0.04 0.064
0 0.34 0.42 0.048 0.044
0 0.365 0.381 0.062 0.05
0 0.388 0.439 0.024 0.03
0 0.398 0.451 0.028 0.03
0 0.402 0.415 0.048 0.046
0 0.556 0.006 0.032 0.008
0 0.584 0.092 0.028 0.044
0 0.603 0.146 0.03 0.04
0 0.572 0.164 0.028 0.044
0 0.007 0.038 0.01 0.036
0 0.052 0.027 0.028 0.034
0 0.075 0.015 0.034 0.026
0 0.141 0.019 0.03 0.034
0 0.215 0.015 0.03 0.026
0 0.239 0.013 0.026 0.022
0 0.293 0.012 0.034 0.02
0 0.364 0.022 0.044 0.04
0 0.403 0.024 0.042 0.04
0 0.428 0.007 0.028 0.01
0 0.502 0.047 0.04 0.038
0 0.497 0.087 0.042 0.042
0 0.385 0.09 0.046 0.044
0 0.463 0.426 0.022 0.032
0 0.492 0.403 0.044 0.046
0 0.463 0.372 0.046 0.06
0 0.501 0.288 0.054 0.052
0 0.52 0.245 0.036 0.038
0 0.439 0.326 0.042 0.056
0 0.386 0.322 0.04 0.052
0 0.402 0.298 0.032 0.044
0 0.512 0.184 0.048 0.048
0 0.533 0.151 0.034 0.046
0 0.468 0.225 0.032 0.062
0 0.447 0.211 0.038 0.058
0 0.437 0.176 0.042 0.044
0 0.387 0.146 0.066 0.092
0 0.346 0.295 0.044 0.05
0 0.369 0.228 0.054 0.048
0 0.327 0.268 0.038 0.056
0 0.298 0.269 0.02 0.03
0 0.316 0.165 0.044 0.106
0 0.287 0.202 0.026 0.036
0 0.265 0.193 0.03 0.046
0 0.337 0.095 0.034 0.05
0 0.182 0.062 0.036 0.044
0 0.015 0.113 0.026 0.054
0 0.09 0.084 0.04 0.056
0 0.018 0.196 0.032 0.036
0 0.016 0.168 0.028 0.024
0 0.055 0.177 0.046 0.05
0 0.012 0.269 0.02 0.074
0 0.039 0.222 0.046 0.048
0 0.11 0.217 0.04 0.054
0 0.105 0.174 0.026 0.028
0 0.214 0.259 0.056 0.062
0 0.228 0.226 0.048 0.048
0 0.287 0.126 0.05 0.044
0 0.276 0.158 0.04 0.024
0 0.215 0.145 0.058 0.042
0 0.245 0.06 0.03 0.04
0 0.25 0.093 0.036 0.038
0 0.205 0.082 0.042 0.056
0 0.176 0.247 0.052 0.046
0 0.157 0.219 0.034 0.062
0 0.167 0.127 0.046 0.07
1 0.879 0.954 0.022 0.02
1 0.114 0.853 0.024 0.022
1 0.425 0.829 0.018 0.03
1 0.575 0.861 0.018 0.022
1 0.647 0.8 0.018 0.016
1 0.674 0.612 0.02 0.036
1 0.177 0.612 0.022 0.024
1 0.81 0.443 0.028 0.014
1 0.92 0.417 0.032 0.018
1 0.741 0.328 0.03 0.016
1 0.952 0.078 0.044 0.028
1 0.024 0.5 0.024 0.02
1 0.083 0.494 0.034 0.068
1 0.643 0.568 0.034 0.02
1 0.531 0.488 0.018 0.024
1 0.518 0.493 0.008 0.018
1 0.667 0.407 0.018 0.034
1 0.033 0.345 0.01 0.014
1 0.583 0.023 0.034 0.034
1 0.33 0.035 0.032 0.026
1 0.441 0.086 0.018 0.04
1 0.124 0.078 0.02 0.028
1 0.043 0.058 0.034 0.02
1 0.266 0.229 0.036 0.03
1 0.148 0.181 0.032 0.03
2 0.835 0.96 0.034 0.028
2 0.803 0.981 0.03 0.034
2 0.743 0.971 0.058 0.054
2 0.29 0.974 0.028 0.04
2 0.09 0.849 0.028 0.018
2 0.124 0.872 0.02 0.032
2 0.186 0.919 0.012 0.014
2 0.471 0.742 0.026 0.032
2 0.51 0.907 0.024 0.03
2 0.651 0.914 0.042 0.036
2 0.687 0.847 0.058 0.042
2 0.694 0.89 0.016 0.02
2 0.812 0.859 0.04 0.022
2 0.935 0.645 0.022 0.018
2 0.758 0.636 0.06 0.068
2 0.653 0.693 0.046 0.07
2 0.556 0.655 0.052 0.078
2 0.397 0.726 0.034 0.052
2 0.09 0.712 0.036 0.032
2 0.023 0.721 0.026 0.042
2 0.215 0.662 0.062 0.06
2 0.979 0.529 0.038 0.058
2 0.826 0.418 0.044 0.048
2 0.892 0.426 0.032 0.02
2 0.888 0.383 0.024 0.034
2 0.976 0.328 0.024 0.016
2 0.891 0.27 0.038 0.024
2 0.82 0.321 0.028 0.022
2 0.858 0.252 0.028 0.032
2 0.895 0.184 0.03 0.028
2 0.858 0.235 0.028 0.014
2 0.834 0.142 0.024 0.028
2 0.754 0.161 0.048 0.03
2 0.736 0.139 0.036 0.026
2 0.711 0.516 0.022 0.032
2 0.774 0.442 0.02 0.028
2 0.147 0.538 0.026 0.024
2 0.5 0.6 0.04 0.052
2 0.604 0.568 0.044 0.044
2 0.655 0.541 0.058 0.05
2 0.631 0.591 0.03 0.026
2 0.67 0.46 0.028 0.032
2 0.602 0.391 0.036 0.026
2 0.731 0.291 0.034 0.038
2 0.711 0.301 0.022 0.03
2 0.69 0.172 0.02 0.016
2 0.636 0.085 0.008 0.018
2 0.103 0.494 0.022 0.024
2 0.114 0.453 0.04 0.03
2 0.284 0.463 0.024 0.038
2 0.359 0.453 0.034 0.046
2 0.498 0.014 0.036 0.024
2 0.469 0.117 0.03 0.026
2 0.445 0.429 0.014 0.022
2 0.543 0.222 0.038 0.04
2 0.422 0.273 0.028 0.03
2 0.402 0.265 0.02 0.018
2 0.381 0.249 0.022 0.026
2 0.487 0.245 0.03 0.042
2 0.474 0.15 0.02 0.024
2 0.307 0.339 0.058 0.054
2 0.035 0.08 0.026 0.02
2 0.019 0.056 0.026 0.036
2 0.124 0.119 0.032 0.042
2 0.154 0.064 0.02 0.052