0 0.06 0.039 0.044 0.058
0 0.047 0.137 0.046 0.07
0 0.216 0.049 0.04 0.058
0 0.246 0.054 0.036 0.044
0 0.091 0.167 0.038 0.05
0 0.068 0.187 0.036 0.054
0 0.224 0.304 0.032 0.056
0 0.132 0.227 0.032 0.042
0 0.339 0.158 0.038 0.04
0 0.367 0.138 0.026 0.064
0 0.396 0.168 0.032 0.048
0 0.436 0.151 0.048 0.066
0 0.274 0.162 0.036 0.044
0 0.29 0.203 0.036 0.042
0 0.224 0.206 0.032 0.036
0 0.136 0.122 0.032 0.036
0 0.083 0.011 0.05 0.022
0 0.007 0.014 0.014 0.028
0 0.006 0.064 0.012 0.044
0 0.008 0.118 0.016 0.056
0 0.011 0.248 0.022 0.056
0 0.015 0.398 0.03 0.048
0 0.015 0.341 0.03 0.086
0 0.038 0.455 0.032 0.046
0 0.154 0.362 0.048 0.044
0 0.154 0.334 0.032 0.02
0 0.212 0.365 0.036 0.046
0 0.138 0.39 0.032 0.064
0 0.072 0.592 0.036 0.052
0 0.084 0.657 0.04 0.05
0 0.101 0.715 0.034 0.05
0 0.047 0.779 0.038 0.046
0 0.017 0.659 0.034 0.05
0 0.015 0.701 0.03 0.038
0 0.177 0.635 0.034 0.042
0 0.171 0.579 0.042 0.046
0 0.124 0.556 0.036 0.044
0 0.204 0.541 0.032 0.046
0 0.374 0.478 0.036 0.04
0 0.367 0.576 0.03 0.052
0 0.455 0.608 0.034 0.048
0 0.5 0.66 0.028 0.04
0 0.479 0.673 0.026 0.038
0 0.48 0.428 0.04 0.044
0 0.504 0.419 0.036 0.042
0 0.655 0.368 0.046 0.052
0 0.584 0.329 0.04 0.058
0 0.517 0.271 0.034 0.05
0 0.485 0.282 0.034 0.052
0 0.498 0.319 0.036 0.046
0 0.538 0.309 0.04 0.046
0 0.384 0.203 0.04 0.046
0 0.403 0.272 0.046 0.052
0 0.346 0.333 0.036 0.074
0 0.419 0.332 0.042 0.06
0 0.476 0.381 0.032 0.042
0 0.391 0.366 0.042 0.044
0 0.413 0.39 0.038 0.052
0 0.502 0.161 0.048 0.066
0 0.556 0.14 0.04 0.064
0 0.559 0.023 0.034 0.046
0 0.488 0.064 0.036 0.06
0 0.63 0.019 0.028 0.038
0 0.706 0.058 0.04 0.076
0 0.736 0.027 0.028 0.046
0 0.718 0.009 0.028 0.018
0 0.867 0.011 0.034 0.022
0 0.96 0.011 0.032 0.022
0 0.883 0.05 0.038 0.088
0 0.919 0.045 0.03 0.066
0 0.979 0.182 0.03 0.06
0 0.918 0.171 0.028 0.062
0 0.884 0.185 0.04 0.046
0 0.884 0.145 0.036 0.042
0 0.835 0.185 0.05 0.042
0 0.792 0.134 0.028 0.048
0 0.758 0.153 0.028 0.054
0 0.681 0.221 0.038 0.062
0 0.691 0.265 0.038 0.054
0 0.726 0.255 0.028 0.05
0 0.769 0.227 0.034 0.062
0 0.643 0.19 0.034 0.088
0 0.602 0.156 0.04 0.044
0 0.604 0.21 0.04 0.04
0 0.774 0.375 0.04 0.046
0 0.833 0.327 0.026 0.046
0 0.888 0.256 0.032 0.068
0 0.98 0.321 0.036 0.058
0 0.855 0.417 0.042 0.046
0 0.967 0.404 0.038 0.048
0 0.984 0.448 0.028 0.056
0 0.903 0.46 0.046 0.048
0 0.878 0.515 0.032 0.054
0 0.943 0.535 0.038 0.042
0 0.986 0.531 0.024 0.046
0 0.94 0.575 0.052 0.042
0 0.919 0.643 0.03 0.05
0 0.896 0.635 0.032 0.046
0 0.985 0.676 0.026 0.064
0 0.977 0.72 0.034 0.044
0 0.908 0.713 0.056 0.046
0 0.837 0.773 0.042 0.042
0 0.81 0.755 0.04 0.046
0 0.738 0.769 0.032 0.038
0 0.705 0.779 0.026 0.054
0 0.667 0.794 0.038 0.06
0 0.648 0.822 0.032 0.036
0 0.627 0.769 0.034 0.034
0 0.603 0.758 0.038 0.04
0 0.681 0.671 0.05 0.054
0 0.659 0.625 0.038 0.046
0 0.697 0.602 0.038 0.036
0 0.621 0.627 0.03 0.042
0 0.683 0.534 0.034 0.048
0 0.726 0.455 0.044 0.05
0 0.775 0.475 0.038 0.046
0 0.829 0.463 0.034 0.05
0 0.674 0.442 0.04 0.048
0 0.648 0.42 0.032 0.016
0 0.584 0.474 0.028 0.036
0 0.582 0.446 0.032 0.044
0 0.42 0.557 0.036 0.038
0 0.181 0.531 0.03 0.042
0 0.175 0.514 0.038 0.052
0 0.318 0.547 0.04 0.046
0 0.3 0.633 0.036 0.038
0 0.278 0.604 0.032 0.052
0 0.279 0.655 0.03 0.042
0 0.339 0.656 0.038 0.044
0 0.308 0.706 0.032 0.036
0 0.254 0.714 0.032 0.044
0 0.376 0.684 0.04 0.044
0 0.364 0.759 0.028 0.042
0 0.33 0.77 0.032 0.048
0 0.35 0.85 0.044 0.044
0 0.396 0.851 0.036 0.05
0 0.411 0.808 0.034 0.036
0 0.407 0.75 0.038 0.036
0 0.489 0.742 0.034 0.036
0 0.451 0.809 0.03 0.038
0 0.514 0.875 0.032 0.042
0 0.415 0.989 0.038 0.018
0 0.415 0.942 0.042 0.044
0 0.36 0.946 0.044 0.048
0 0.347 0.973 0.03 0.042
0 0.279 0.926 0.038 0.048
0 0.244 0.98 0.044 0.036
0 0.122 0.98 0.032 0.036
0 0.044 0.961 0.04 0.062
0 0.078 0.846 0.032 0.048
0 0.03 0.905 0.04 0.05
0 0.01 0.894 0.02 0.044
0 0.171 0.725 0.026 0.058
0 0.772 0.523 0.032 0.046
0 0.813 0.545 0.038 0.046
0 0.789 0.608 0.038 0.048
0 0.8 0.695 0.032 0.054
0 0.756 0.683 0.036 0.046
0 0.984 0.831 0.028 0.07
0 0.996 0.78 0.004 0.032
0 0.926 0.892 0.036 0.044
0 0.892 0.867 0.036 0.054
0 0.867 0.895 0.034 0.05
0 0.905 0.935 0.042 0.038
0 0.968 0.949 0.04 0.05
0 0.772 0.897 0.04 0.046
0 0.718 0.934 0.036 0.04
0 0.722 0.872 0.032 0.044
0 0.68 0.951 0.036 0.058
0 0.645 0.942 0.03 0.06
0 0.561 0.951 0.038 0.054
0 0.511 0.977 0.042 0.042
0 0.574 0.99 0.028 0.016
0 0.534 0.776 0.032 0.032
0 0.597 0.552 0.042 0.052
0 0.746 0.948 0.032 0.068
1 0.307 0.17 0.018 0.02
1 0.325 0.128 0.018 0.028
1 0.147 0.084 0.018 0.028
1 0.163 0.057 0.014 0.018
1 0.608 0.343 0.032 0.03
1 0.608 0.386 0.024 0.028
1 0.835 0.159 0.03 0.026
1 0.735 0.176 0.018 0.044
1 0.728 0.216 0.028 0.028
1 0.537 0.222 0.026 0.02
1 0.531 0.244 0.03 0.032
1 0.638 0.255 0.024 0.034
1 0.677 0.308 0.018 0.024
1 0.954 0.316 0.02 0.044
1 0.896 0.352 0.036 0.032
1 0.921 0.423 0.022 0.014
1 0.92 0.44 0.012 0.02
1 0.882 0.547 0.036 0.018
1 0.966 0.656 0.012 0.036
1 0.95 0.706 0.024 0.024
1 0.866 0.719 0.02 0.026
1 0.786 0.759 0.016 0.018
1 0.785 0.784 0.014 0.032
1 0.783 0.831 0.018 0.026
1 0.808 0.478 0.012 0.02
1 0.747 0.548 0.018 0.028
1 0.509 0.546 0.022 0.024
1 0.487 0.616 0.026 0.024
1 0.288 0.489 0.02 0.026
1 0.313 0.511 0.026 0.022
1 0.526 0.897 0.024 0.022
1 0.441 0.989 0.026 0.018
1 0.317 0.973 0.022 0.018
1 0.021 0.855 0.022 0.026
1 0.173 0.825 0.03 0.026
1 0.161 0.777 0.03 0.022
1 0.216 0.725 0.02 0.03
1 0.097 0.41 0.034 0.016
1 0.086 0.431 0.024 0.022
1 0.301 0.303 0.018 0.034
1 0.303 0.264 0.022 0.028
1 0.337 0.237 0.026 0.038
1 0.309 0.427 0.038 0.03
1 0.663 0.051 0.026 0.042
1 0.65 0.088 0.032 0.032
1 0.817 0.04 0.026 0.04
1 0.937 0.076 0.022 0.04
1 0.79 0.675 0.016 0.03
1 0.962 0.986 0.024 0.016
1 0.961 0.892 0.022 0.024
1 0.836 0.972 0.024 0.02
1 0.628 0.985 0.024 0.026
1 0.425 0.85 0.026 0.024
1 0.314 0.856 0.016 0.02
1 0.32 0.933 0.016 0.022
1 0.273 0.778 0.026 0.028
1 0.339 0.705 0.026 0.026
1 0.541 0.727 0.022 0.026
1 0.544 0.751 0.02 0.014
1 0.384 0.106 0.032 0.036
1 0.609 0.886 0.026 0.024
1 0.115 0.921 0.018 0.026
1 0.15 0.743 0.028 0.034
1 0.256 0.894 0.024 0.024
1 0.466 0.711 0.016 0.03
1 0.474 0.575 0.02 0.03
1 0.668 0.715 0.016 0.022
1 0.405 0.013 0.034 0.026
2 0.747 0.382 0.022 0.036
2 0.89 0.76 0.028 0.028
2 0.807 0.458 0.01 0.016
2 0.921 0.358 0.022 0.032
2 0.853 0.3 0.054 0.044
2 0.781 0.28 0.03 0.024
2 0.811 0.387 0.03 0.022
2 0.654 0.473 0.02 0.03
2 0.718 0.491 0.016 0.018
2 0.518 0.486 0.04 0.052
2 0.411 0.505 0.042 0.03
2 0.377 0.531 0.026 0.038
2 0.235 0.509 0.03 0.066
2 0.199 0.489 0.022 0.026
2 0.306 0.989 0.028 0.018
2 0.145 0.801 0.034 0.034
2 0.209 0.809 0.022 0.038
2 0.242 0.646 0.028 0.044
2 0.14 0.643 0.032 0.026
2 0.156 0.551 0.02 0.022
2 0.125 0.493 0.03 0.038
2 0.098 0.446 0.02 0.024
2 0.242 0.442 0.032 0.036
2 0.277 0.372 0.026 0.024
2 0.458 0.258 0.028 0.044
2 0.164 0.172 0.036 0.028
2 0.132 0.258 0.032 0.048
2 0.975 0.045 0.03 0.046
2 0.778 0.577 0.028 0.038
2 0.846 0.567 0.032 0.05
2 0.892 0.976 0.036 0.044
2 0.812 0.953 0.032 0.022
2 0.443 0.879 0.026 0.046
2 0.198 0.987 0.064 0.022
2 0.569 0.812 0.03 0.028
2 0.531 0.819 0.026 0.026
2 0.589 0.597 0.046 0.05
2 0.483 0.976 0.026 0.04
2 0.113 0.795 0.022 0.018
2 0.227 0.782 0.034 0.04