0 0.932 0.982 0.044 0.032
0 0.928 0.9 0.052 0.064
0 0.845 0.982 0.042 0.032
0 0.873 0.955 0.054 0.078
0 0.865 0.905 0.046 0.042
0 0.809 0.989 0.022 0.018
0 0.775 0.99 0.022 0.016
0 0.815 0.889 0.05 0.074
0 0.801 0.954 0.042 0.06
0 0.727 0.99 0.038 0.016
0 0.696 0.984 0.04 0.028
0 0.746 0.919 0.06 0.074
0 0.699 0.948 0.022 0.044
0 0.572 0.982 0.048 0.032
0 0.613 0.94 0.054 0.056
0 0.626 0.884 0.04 0.068
0 0.638 0.865 0.028 0.034
0 0.665 0.876 0.034 0.06
0 0.664 0.939 0.064 0.09
0 0.482 0.963 0.044 0.062
0 0.471 0.993 0.018 0.01
0 0.443 0.972 0.03 0.04
0 0.456 0.985 0.028 0.026
0 0.41 0.963 0.044 0.07
0 0.383 0.938 0.058 0.1
0 0.35 0.983 0.052 0.03
0 0.303 0.939 0.042 0.058
0 0.271 0.951 0.038 0.066
0 0.241 0.991 0.038 0.014
0 0.23 0.964 0.036 0.04
0 0.224 0.927 0.044 0.066
0 0.18 0.956 0.04 0.068
0 0.138 0.979 0.044 0.038
0 0.105 0.965 0.038 0.066
0 0.045 0.957 0.042 0.062
0 0.024 0.984 0.044 0.028
0 0.008 0.951 0.012 0.05
0 0.071 0.852 0.026 0.04
0 0.141 0.886 0.042 0.084
0 0.117 0.858 0.05 0.096
0 0.267 0.874 0.038 0.052
0 0.388 0.833 0.044 0.066
0 0.445 0.864 0.062 0.068
0 0.487 0.877 0.054 0.07
0 0.545 0.757 0.042 0.07
0 0.513 0.733 0.046 0.066
0 0.599 0.706 0.046 0.1
0 0.651 0.719 0.038 0.066
0 0.673 0.814 0.05 0.068
0 0.755 0.831 0.042 0.054
0 0.722 0.812 0.044 0.084
0 0.741 0.782 0.038 0.044
0 0.776 0.764 0.04 0.068
0 0.817 0.771 0.05 0.07
0 0.858 0.752 0.036 0.064
0 0.884 0.757 0.04 0.058
0 0.966 0.803 0.04 0.058
0 0.982 0.751 0.032 0.062
0 0.955 0.756 0.042 0.08
0 0.973 0.648 0.05 0.06
0 0.976 0.567 0.044 0.118
0 0.907 0.649 0.058 0.066
0 0.813 0.715 0.046 0.062
0 0.819 0.668 0.034 0.036
0 0.88 0.543 0.044 0.05
0 0.872 0.594 0.04 0.056
0 0.83 0.613 0.048 0.074
0 0.762 0.608 0.044 0.068
0 0.691 0.733 0.042 0.046
0 0.696 0.759 0.02 0.034
0 0.456 0.721 0.056 0.07
0 0.549 0.644 0.042 0.06
0 0.505 0.626 0.038 0.056
0 0.431 0.691 0.042 0.062
0 0.414 0.67 0.036 0.056
0 0.977 0.43 0.042 0.072
0 0.982 0.389 0.032 0.082
0 0.919 0.433 0.042 0.078
0 0.881 0.393 0.038 0.074
0 0.837 0.461 0.054 0.074
0 0.816 0.526 0.044 0.068
0 0.768 0.486 0.04 0.052
0 0.718 0.562 0.04 0.068
0 0.73 0.508 0.044 0.068
0 0.642 0.517 0.048 0.058
0 0.666 0.48 0.048 0.06
0 0.62 0.541 0.032 0.038
0 0.603 0.555 0.03 0.038
0 0.556 0.567 0.048 0.054
0 0.577 0.5 0.054 0.06
0 0.79 0.443 0.04 0.062
0 0.011 0.692 0.018 0.056
0 0.028 0.761 0.04 0.046
0 0.066 0.758 0.036 0.056
0 0.101 0.721 0.042 0.058
0 0.041 0.607 0.046 0.066
0 0.105 0.676 0.03 0.032
0 0.135 0.657 0.054 0.054
0 0.154 0.594 0.044 0.072
0 0.221 0.627 0.038 0.074
0 0.188 0.744 0.032 0.04
0 0.214 0.764 0.064 0.064
0 0.247 0.694 0.038 0.064
0 0.265 0.765 0.034 0.054
0 0.297 0.759 0.062 0.074
0 0.32 0.663 0.048 0.078
0 0.303 0.711 0.03 0.034
0 0.023 0.53 0.042 0.052
0 0.034 0.487 0.048 0.054
0 0.108 0.507 0.036 0.05
0 0.175 0.543 0.05 0.062
0 0.184 0.503 0.06 0.038
0 0.109 0.437 0.046 0.05
0 0.067 0.376 0.05 0.064
0 0.013 0.418 0.022 0.052
0 0.075 0.297 0.062 0.042
0 0.099 0.253 0.062 0.07
0 0.166 0.304 0.052 0.064
0 0.136 0.367 0.028 0.046
0 0.447 0.592 0.05 0.08
0 0.447 0.537 0.058 0.054
0 0.39 0.549 0.048 0.062
0 0.323 0.562 0.038 0.056
0 0.272 0.499 0.04 0.054
0 0.219 0.428 0.062 0.096
0 0.012 0.132 0.02 0.048
0 0.04 0.046 0.044 0.052
0 0.043 0.098 0.042 0.064
0 0.331 0.479 0.03 0.054
0 0.389 0.491 0.042 0.058
0 0.106 0.065 0.044 0.07
0 0.568 0.412 0.04 0.084
0 0.53 0.418 0.044 0.084
0 0.497 0.44 0.038 0.06
0 0.468 0.438 0.032 0.052
0 0.497 0.465 0.05 0.038
0 0.99 0.298 0.016 0.064
0 0.99 0.029 0.016 0.054
0 0.985 0.107 0.026 0.066
0 0.962 0.103 0.032 0.05
0 0.957 0.212 0.034 0.068
0 0.933 0.287 0.046 0.05
0 0.923 0.25 0.042 0.036
0 0.852 0.356 0.044 0.048
0 0.868 0.301 0.04 0.07
0 0.744 0.434 0.052 0.084
0 0.931 0.186 0.038 0.056
0 0.914 0.136 0.044 0.044
0 0.923 0.096 0.042 0.044
0 0.892 0.017 0.032 0.03
0 0.897 0.057 0.034 0.066
0 0.891 0.092 0.034 0.048
0 0.824 0.068 0.048 0.06
0 0.798 0.114 0.052 0.068
0 0.784 0.14 0.028 0.04
0 0.815 0.135 0.034 0.038
0 0.681 0.049 0.046 0.078
0 0.614 0.032 0.048 0.052
0 0.609 0.077 0.042 0.058
0 0.693 0.126 0.042 0.052
0 0.645 0.146 0.05 0.092
0 0.843 0.217 0.042 0.07
0 0.888 0.209 0.056 0.066
0 0.706 0.211 0.04 0.046
0 0.733 0.355 0.054 0.062
0 0.639 0.463 0.038 0.05
0 0.63 0.363 0.044 0.046
0 0.679 0.342 0.026 0.036
0 0.79 0.21 0.04 0.064
0 0.745 0.178 0.03 0.044
0 0.739 0.208 0.026 0.04
0 0.594 0.333 0.044 0.054
0 0.601 0.294 0.038 0.064
0 0.497 0.375 0.038 0.054
0 0.555 0.255 0.03 0.062
0 0.567 0.267 0.042 0.062
0 0.583 0.179 0.054 0.07
0 0.521 0.256 0.034 0.072
0 0.548 0.109 0.048 0.046
0 0.56 0.046 0.044 0.056
0 0.521 0.061 0.042 0.074
0 0.493 0.071 0.03 0.066
0 0.492 0.034 0.044 0.044
0 0.426 0.173 0.052 0.054
0 0.419 0.087 0.042 0.066
0 0.326 0.011 0.036 0.018
0 0.412 0.023 0.048 0.042
0 0.204 0.016 0.052 0.028
0 0.144 0.023 0.048 0.042
0 0.152 0.108 0.056 0.092
0 0.171 0.037 0.038 0.042
0 0.199 0.065 0.042 0.05
0 0.219 0.079 0.042 0.066
0 0.401 0.057 0.062 0.054
0 0.371 0.158 0.026 0.036
0 0.179 0.196 0.05 0.084
0 0.266 0.149 0.048 0.038
0 0.361 0.3 0.042 0.056
0 0.399 0.322 0.034 0.1
0 0.336 0.397 0.048 0.074
0 0.337 0.228 0.046 0.088
0 0.458 0.321 0.028 0.042
0 0.268 0.218 0.032 0.056
0 0.27 0.358 0.052 0.056
0 0.282 0.419 0.044 0.062
0 0.272 0.321 0.036 0.034
0 0.259 0.244 0.046 0.032
1 0.949 0.955 0.022 0.034
1 0.8 0.938 0.016 0.032
1 0.732 0.904 0.028 0.032
1 0.564 0.868 0.02 0.024
1 0.589 0.881 0.018 0.034
1 0.686 0.886 0.032 0.02
1 0.541 0.949 0.034 0.042
1 0.359 0.961 0.026 0.038
1 0.348 0.843 0.036 0.03
1 0.435 0.791 0.03 0.026
1 0.618 0.669 0.028 0.022
1 0.947 0.692 0.022 0.052
1 0.852 0.695 0.024 0.034
1 0.675 0.662 0.042 0.024
1 0.682 0.714 0.028 0.028
1 0.72 0.718 0.024 0.036
1 0.92 0.374 0.02 0.028
1 0.004 0.757 0.004 0.026
1 0.221 0.814 0.026 0.024
1 0.24 0.733 0.016 0.034
1 0.124 0.41 0.016 0.02
1 0.06 0.329 0.036 0.022
1 0.233 0.337 0.018 0.034
1 0.221 0.329 0.018 0.042
1 0.395 0.609 0.042 0.026
1 0.301 0.498 0.018 0.028
1 0.022 0.165 0.032 0.03
1 0.668 0.167 0.024 0.042
1 0.878 0.248 0.02 0.024
1 0.662 0.391 0.028 0.03
1 0.778 0.232 0.016 0.024
1 0.769 0.218 0.014 0.024
1 0.545 0.35 0.026 0.028
1 0.549 0.155 0.018 0.03
1 0.536 0.152 0.024 0.024
1 0.39 0.108 0.028 0.02
1 0.374 0.027 0.02 0.038
1 0.146 0.186 0.024 0.032
1 0.191 0.237 0.038 0.03
1 0.437 0.285 0.022 0.026
1 0.292 0.196 0.024 0.04
2 0.984 0.922 0.028 0.064
2 0.916 0.853 0.036 0.022
2 0.57 0.895 0.032 0.046
2 0.251 0.975 0.018 0.022
2 0.014 0.863 0.024 0.05
2 0.217 0.872 0.046 0.056
2 0.302 0.827 0.048 0.034
2 0.343 0.877 0.042 0.046
2 0.538 0.832 0.04 0.032
2 0.483 0.766 0.046 0.04
2 0.931 0.783 0.026 0.034
2 0.918 0.725 0.032 0.05
2 0.892 0.666 0.012 0.012
2 0.395 0.708 0.026 0.032
2 0.887 0.44 0.03 0.052
2 0.849 0.506 0.014 0.012
2 0.832 0.495 0.008 0.014
2 0.806 0.486 0.036 0.04
2 0.744 0.553 0.008 0.026
2 0.769 0.538 0.034 0.064
2 0.585 0.617 0.018 0.018
2 0.575 0.534 0.034 0.028
2 0.794 0.41 0.032 0.02
2 0.052 0.712 0.02 0.024
2 0.081 0.596 0.042 0.068
2 0.068 0.527 0.048 0.074
2 0.119 0.477 0.018 0.014
2 0.01 0.388 0.016 0.032
2 0.029 0.368 0.026 0.04
2 0.036 0.4 0.02 0.036
2 0.022 0.279 0.04 0.054
2 0.299 0.567 0.018 0.038
2 0.243 0.491 0.026 0.034
2 0.544 0.488 0.052 0.072
2 0.962 0.274 0.016 0.048
2 0.819 0.373 0.034 0.05
2 0.85 0.108 0.036 0.028
2 0.828 0.017 0.02 0.018
2 0.753 0.092 0.038 0.044
2 0.742 0.124 0.052 0.028
2 0.767 0.058 0.014 0.02
2 0.773 0.027 0.034 0.046
2 0.743 0.037 0.022 0.038
2 0.713 0.038 0.038 0.044
2 0.666 0.087 0.032 0.038
2 0.696 0.411 0.048 0.058
2 0.633 0.415 0.054 0.062
2 0.639 0.328 0.042 0.048
2 0.701 0.328 0.046 0.08
2 0.677 0.2 0.018 0.036
2 0.784 0.256 0.048 0.024
2 0.743 0.262 0.05 0.052
2 0.387 0.039 0.006 0.01
2 0.325 0.098 0.042 0.06
2 0.365 0.1 0.038 0.036
2 0.237 0.163 0.046 0.062
2 0.473 0.227 0.026 0.034
2 0.476 0.28 0.044 0.08
2 0.421 0.389 0.038 0.042
2 0.442 0.349 0.036 0.03
2 0.246 0.384 0.036 0.024
2 0.242 0.414 0.032 0.036
2 0.234 0.204 0.02 0.032
2 0.213 0.226 0.018 0.032
2 0.227 0.233 0.018 0.03
2 0.251 0.278 0.042 0.044