0 0.15 0.679 0.032 0.042
0 0.128 0.615 0.044 0.05
0 0.01 0.908 0.02 0.08
0 0.037 0.925 0.034 0.046
0 0.107 0.943 0.046 0.074
0 0.165 0.947 0.038 0.05
0 0.105 0.818 0.042 0.044
0 0.177 0.813 0.054 0.058
0 0.232 0.818 0.036 0.068
0 0.284 0.796 0.044 0.052
0 0.351 0.761 0.03 0.05
0 0.343 0.811 0.05 0.042
0 0.269 0.88 0.038 0.04
0 0.344 0.907 0.036 0.054
0 0.368 0.971 0.044 0.054
0 0.468 0.977 0.044 0.042
0 0.396 0.899 0.044 0.034
0 0.386 0.836 0.04 0.056
0 0.299 0.936 0.038 0.048
0 0.419 0.854 0.03 0.06
0 0.554 0.799 0.048 0.082
0 0.522 0.888 0.036 0.044
0 0.579 0.821 0.05 0.058
0 0.666 0.796 0.04 0.056
0 0.701 0.803 0.03 0.066
0 0.738 0.877 0.044 0.042
0 0.837 0.832 0.034 0.052
0 0.898 0.833 0.032 0.054
0 0.952 0.846 0.06 0.068
0 0.908 0.936 0.04 0.056
0 0.939 0.978 0.042 0.04
0 0.841 0.98 0.038 0.036
0 0.77 0.963 0.044 0.07
0 0.768 0.91 0.032 0.036
0 0.801 0.968 0.042 0.048
0 0.791 0.995 0.034 0.006
0 0.71 0.976 0.048 0.044
0 0.505 0.966 0.03 0.064
0 0.526 0.937 0.028 0.05
0 0.318 0.719 0.036 0.062
0 0.406 0.662 0.036 0.048
0 0.495 0.703 0.034 0.046
0 0.514 0.661 0.032 0.05
0 0.558 0.648 0.056 0.088
0 0.667 0.645 0.046 0.058
0 0.61 0.71 0.04 0.052
0 0.6 0.68 0.044 0.048
0 0.726 0.704 0.036 0.044
0 0.844 0.733 0.06 0.062
0 0.923 0.784 0.042 0.064
0 0.975 0.786 0.042 0.052
0 0.89 0.708 0.036 0.056
0 0.878 0.591 0.056 0.086
0 0.636 0.439 0.048 0.094
0 0.587 0.438 0.038 0.06
0 0.554 0.499 0.048 0.038
0 0.344 0.482 0.024 0.04
0 0.298 0.518 0.048 0.064
0 0.123 0.504 0.042 0.044
0 0.136 0.534 0.052 0.048
0 0.227 0.57 0.058 0.08
0 0.025 0.587 0.046 0.046
0 0.018 0.668 0.036 0.04
0 0.008 0.723 0.016 0.046
0 0.187 0.747 0.046 0.054
0 0.074 0.656 0.06 0.052
0 0.244 0.643 0.052 0.058
0 0.326 0.631 0.048 0.058
0 0.432 0.607 0.044 0.082
0 0.532 0.582 0.052 0.076
0 0.668 0.487 0.032 0.042
0 0.77 0.535 0.044 0.062
0 0.763 0.566 0.038 0.04
0 0.864 0.474 0.028 0.048
0 0.892 0.428 0.04 0.08
0 0.949 0.441 0.034 0.062
0 0.983 0.351 0.03 0.07
0 0.967 0.307 0.034 0.042
0 0.931 0.247 0.038 0.05
0 0.827 0.294 0.034 0.048
0 0.748 0.31 0.048 0.068
0 0.763 0.199 0.054 0.09
0 0.655 0.198 0.046 0.064
0 0.614 0.24 0.032 0.064
0 0.706 0.153 0.032 0.066
0 0.813 0.116 0.042 0.064
0 0.88 0.132 0.028 0.044
0 0.878 0.067 0.036 0.038
0 0.897 0.1 0.046 0.072
0 0.981 0.083 0.034 0.078
0 0.788 0.017 0.044 0.03
0 0.885 0.008 0.03 0.012
0 0.626 0.077 0.064 0.082
0 0.456 0.132 0.04 0.088
0 0.395 0.14 0.058 0.064
0 0.319 0.105 0.034 0.078
0 0.216 0.132 0.028 0.056
0 0.167 0.194 0.062 0.076
0 0.067 0.158 0.078 0.056
0 0.081 0.093 0.042 0.058
0 0.028 0.038 0.052 0.064
0 0.122 0.06 0.056 0.06
0 0.172 0.104 0.028 0.064
0 0.015 0.248 0.03 0.06
0 0.081 0.228 0.03 0.036
0 0.015 0.162 0.03 0.044
0 0.009 0.105 0.018 0.026
0 0.113 0.31 0.05 0.08
0 0.027 0.347 0.042 0.058
0 0.074 0.394 0.048 0.052
0 0.222 0.361 0.032 0.074
0 0.269 0.39 0.062 0.108
0 0.291 0.344 0.042 0.044
0 0.296 0.279 0.052 0.086
0 0.378 0.337 0.052 0.066
0 0.404 0.415 0.048 0.074
0 0.429 0.441 0.046 0.054
0 0.465 0.418 0.038 0.052
0 0.512 0.394 0.056 0.076
0 0.523 0.329 0.042 0.066
0 0.607 0.311 0.046 0.066
0 0.774 0.361 0.04 0.058
0 0.292 0.221 0.056 0.05
0 0.465 0.254 0.05 0.068
0 0.402 0.056 0.032 0.056
0 0.445 0.074 0.046 0.084
0 0.453 0.025 0.03 0.046
0 0.225 0.484 0.07 0.064
0 0.056 0.474 0.028 0.032
0 0.09 0.429 0.032 0.042
0 0.029 0.413 0.03 0.046
0 0.054 0.5 0.024 0.016
0 0.01 0.453 0.02 0.018
0 0.128 0.411 0.024 0.018
0 0.029 0.291 0.018 0.022
0 0.449 0.298 0.098 0.096
0 0.697 0.498 0.022 0.032
0 0.793 0.645 0.03 0.038
0 0.639 0.922 0.034 0.048
0 0.621 0.905 0.018 0.03
0 0.629 0.874 0.022 0.036
0 0.702 0.866 0.032 0.052
0 0.73 0.804 0.024 0.036
0 0.761 0.775 0.026 0.022
0 0.48 0.923 0.052 0.066
0 0.345 0.841 0.026 0.022
0 0.121 0.761 0.042 0.03
0 0.043 0.62 0.054 0.064
0 0.293 0.694 0.03 0.028
0 0.332 0.596 0.02 0.024
0 0.581 0.549 0.022 0.022
0 0.447 0.757 0.05 0.042
0 0.414 0.792 0.024 0.024
0 0.472 0.861 0.036 0.034
0 0.45 0.806 0.044 0.044
0 0.597 0.744 0.018 0.016
0 0.56 0.986 0.02 0.024
0 0.611 0.869 0.018 0.03
0 0.985 0.918 0.026 0.056
0 0.763 0.798 0.026 0.028
0 0.94 0.726 0.024 0.048
0 0.908 0.655 0.02 0.042
0 0.96 0.542 0.032 0.064
0 0.981 0.485 0.03 0.034
0 0.975 0.459 0.034 0.018
0 0.77 0.665 0.032 0.046
0 0.509 0.079 0.022 0.038
0 0.526 0.119 0.024 0.03
0 0.607 0.206 0.034 0.052
0 0.564 0.219 0.02 0.03
0 0.017 0.989 0.026 0.018
0 0.079 0.91 0.026 0.028
0 0.006 0.853 0.012 0.022
0 0.786 0.603 0.024 0.034
0 0.981 0.74 0.026 0.032
0 0.983 0.622 0.026 0.052
0 0.263 0.149 0.03 0.022
0 0.192 0.049 0.024 0.018
0 0.191 0.01 0.03 0.016
0 0.276 0.125 0.032 0.038
0 0.036 0.005 0.032 0.006
0 0.104 0.13 0.016 0.024
0 0.098 0.152 0.02 0.02
0 0.148 0.357 0.02 0.03
0 0.008 0.417 0.016 0.034
0 0.049 0.29 0.022 0.056
0 0.382 0.378 0.032 0.024
0 0.508 0.197 0.028 0.026
0 0.5 0.159 0.024 0.038
0 0.963 0.167 0.03 0.038
0 0.994 0.135 0.008 0.042
0 0.985 0.01 0.026 0.016
0 0.598 0.006 0.032 0.008
0 0.804 0.218 0.04 0.052
0 0.759 0.442 0.022 0.04
0 0.838 0.638 0.032 0.044
0 0.864 0.656 0.012 0.016
1 0.401 0.927 0.026 0.014
1 0.501 0.459 0.03 0.01
1 0.426 0.497 0.032 0.018
1 0.298 0.455 0.02 0.022
1 0.09 0.499 0.024 0.022
1 0.632 0.371 0.028 0.03
1 0.224 0.933 0.02 0.03
1 0.198 0.904 0.028 0.012
1 0.077 0.75 0.038 0.016
1 0.155 0.71 0.03 0.016
1 0.373 0.666 0.018 0.02
1 0.631 0.572 0.01 0.02
1 0.165 0.24 0.022 0.016
1 0.204 0.233 0.028 0.014
1 0.559 0.191 0.022 0.01
1 0.543 0.202 0.014 0.016
1 0.159 0.322 0.018 0.024
1 0.19 0.379 0.02 0.014
1 0.191 0.029 0.014 0.01
1 0.201 0.034 0.006 0.012
1 0.876 0.306 0.016 0.024
1 0.428 0.369 0.02 0.018
1 0.282 0.649 0.024 0.034
1 0.365 0.57 0.026 0.024
1 0.495 0.599 0.022 0.022
1 0.56 0.284 0.012 0.012
1 0.535 0.245 0.006 0.01
1 0.538 0.236 0.012 0.012
1 0.936 0.285 0.02 0.018
1 0.728 0.037 0.012 0.022
1 0.841 0.043 0.018 0.026
1 0.672 0.236 0.012 0.016
1 0.7 0.236 0.008 0.012
1 0.709 0.231 0.01 0.022
1 0.893 0.5 0.018 0.016
1 0.807 0.732 0.014 0.016
1 0.257 0.2 0.01 0.012
1 0.533 0.174 0.018 0.012
1 0.258 0.062 0.02 0.028
1 0.843 0.421 0.014 0.018
1 0.695 0.518 0.01 0.008
1 0.709 0.518 0.006 0.008
1 0.356 0.122 0.008 0.012
1 0.575 0.094 0.014 0.02
1 0.686 0.048 0.016 0.016
1 0.664 0.08 0.016 0.02
1 0.584 0.049 0.016 0.014
1 0.59 0.121 0.012 0.014
1 0.669 0.05 0.022 0.016
1 0.887 0.369 0.006 0.01
1 0.617 0.579 0.01 0.014
1 0.83 0.592 0.016 0.024
1 0.886 0.379 0.004 0.01
1 0.863 0.372 0.006 0.012
1 0.875 0.369 0.002 0.006
1 0.879 0.367 0.002 0.01
1 0.575 0.114 0.006 0.016
1 0.245 0.187 0.018 0.022
2 0.062 0.995 0.032 0.006
2 0.173 0.995 0.03 0.006
2 0.098 0.639 0.028 0.034
2 0.046 0.539 0.028 0.018
2 0.435 0.523 0.026 0.018
2 0.679 0.549 0.018 0.014
2 0.644 0.737 0.024 0.042
2 0.704 0.739 0.024 0.022
2 0.417 0.196 0.034 0.02
2 0.183 0.296 0.014 0.02
2 0.193 0.327 0.014 0.014
2 0.682 0.915 0.02 0.026
2 0.852 0.926 0.028 0.024
2 0.978 0.834 0.016 0.036
2 0.042 0.741 0.02 0.022
2 0.075 0.718 0.014 0.012
2 0.27 0.832 0.012 0.008
2 0.295 0.976 0.014 0.02
2 0.167 0.865 0.022 0.026
2 0.32 0.038 0.02 0.016
2 0.355 0.007 0.038 0.01
2 0.674 0.277 0.028 0.034
2 0.691 0.247 0.014 0.018
2 0.949 0.595 0.018 0.022
2 0.745 0.635 0.002 0.014
2 0.569 0.038 0.006 0.008
2 0.589 0.025 0.014 0.022
2 0.951 0.687 0.014 0.026
2 0.88 0.675 0.012 0.026
2 0.8 0.711 0.004 0.006
2 0.616 0.836 0.016 0.044
2 0.436 0.656 0.024 0.028
0 0.038 0.928 0.036 0.052
0 0.01 0.91 0.02 0.076
0 0.106 0.944 0.044 0.068
0 0.176 0.81 0.048 0.064
0 0.107 0.817 0.042 0.046
0 0.23 0.82 0.032 0.064
0 0.166 0.95 0.04 0.044
0 0.297 0.941 0.042 0.054
0 0.344 0.906 0.04 0.052
0 0.368 0.97 0.048 0.056
0 0.397 0.897 0.046 0.034
0 0.417 0.851 0.03 0.058
0 0.344 0.811 0.044 0.042
0 0.286 0.796 0.044 0.056
0 0.27 0.881 0.044 0.042
0 0.186 0.748 0.044 0.052
0 0.316 0.715 0.04 0.054
0 0.348 0.761 0.036 0.05
0 0.386 0.837 0.036 0.054
0 0.552 0.802 0.048 0.08
0 0.575 0.823 0.038 0.058
0 0.522 0.89 0.036 0.048
0 0.603 0.695 0.054 0.078
0 0.668 0.645 0.04 0.054
0 0.725 0.704 0.034 0.044
0 0.665 0.793 0.042 0.05
0 0.703 0.798 0.03 0.08
0 0.704 0.865 0.036 0.046
0 0.735 0.878 0.042 0.04
0 0.767 0.911 0.034 0.038
0 0.769 0.964 0.034 0.064
0 0.801 0.971 0.046 0.05
0 0.793 0.994 0.026 0.008
0 0.84 0.983 0.04 0.03
0 0.935 0.98 0.046 0.036
0 0.708 0.977 0.044 0.042
0 0.526 0.934 0.028 0.048
0 0.507 0.964 0.034 0.068
0 0.468 0.979 0.04 0.038
0 0.477 0.924 0.05 0.064
0 0.516 0.663 0.032 0.05
0 0.493 0.703 0.034 0.042
0 0.559 0.639 0.066 0.07
0 0.837 0.734 0.062 0.06
0 0.837 0.833 0.034 0.054
0 0.898 0.831 0.036 0.05
0 0.955 0.846 0.07 0.056
0 0.976 0.788 0.044 0.052
0 0.926 0.779 0.044 0.058
0 0.889 0.706 0.038 0.06
0 0.876 0.593 0.052 0.086
0 0.77 0.535 0.044 0.054
0 0.762 0.572 0.04 0.06
0 0.791 0.644 0.03 0.04
0 0.77 0.665 0.036 0.046
0 0.959 0.544 0.034 0.06
0 0.865 0.472 0.026 0.044
0 0.947 0.44 0.038 0.06
0 0.891 0.428 0.038 0.08
0 0.638 0.439 0.044 0.09
0 0.586 0.439 0.036 0.058
0 0.554 0.499 0.044 0.038
0 0.53 0.58 0.048 0.076
0 0.408 0.66 0.032 0.048
0 0.326 0.631 0.044 0.054
0 0.226 0.57 0.056 0.076
0 0.127 0.615 0.046 0.054
0 0.148 0.678 0.032 0.044
0 0.075 0.655 0.058 0.05
0 0.019 0.668 0.038 0.04
0 0.008 0.724 0.016 0.048
0 0.299 0.519 0.042 0.058
0 0.138 0.533 0.052 0.05
0 0.123 0.504 0.042 0.048
0 0.226 0.48 0.068 0.064
0 0.024 0.587 0.048 0.05
0 0.042 0.617 0.052 0.062
0 0.073 0.394 0.042 0.052
0 0.027 0.344 0.042 0.052
0 0.028 0.418 0.028 0.036
0 0.057 0.475 0.03 0.03
0 0.09 0.43 0.028 0.04
0 0.222 0.36 0.032 0.068
0 0.113 0.312 0.054 0.08
0 0.165 0.193 0.058 0.07
0 0.216 0.131 0.028 0.054
0 0.32 0.105 0.036 0.07
0 0.172 0.101 0.032 0.066
0 0.12 0.059 0.056 0.062
0 0.081 0.094 0.046 0.056
0 0.029 0.038 0.05 0.064
0 0.067 0.154 0.078 0.056
0 0.016 0.162 0.032 0.044
0 0.017 0.248 0.034 0.06
0 0.096 0.137 0.032 0.046
0 0.297 0.278 0.05 0.084
0 0.294 0.219 0.056 0.054
0 0.39 0.14 0.048 0.056
0 0.455 0.135 0.038 0.078
0 0.376 0.346 0.052 0.084
0 0.27 0.393 0.064 0.106
0 0.429 0.439 0.046 0.058
0 0.402 0.415 0.044 0.074
0 0.466 0.415 0.04 0.054
0 0.51 0.386 0.048 0.064
0 0.523 0.332 0.038 0.068
0 0.61 0.312 0.044 0.06
0 0.466 0.254 0.052 0.068
0 0.453 0.296 0.086 0.096
0 0.614 0.235 0.032 0.062
0 0.654 0.198 0.048 0.06
0 0.706 0.15 0.036 0.064
0 0.626 0.075 0.06 0.078
0 0.447 0.076 0.046 0.08
0 0.4 0.055 0.032 0.054
0 0.29 0.342 0.052 0.044
0 0.93 0.248 0.036 0.048
0 0.967 0.307 0.038 0.042
0 0.982 0.351 0.032 0.066
0 0.744 0.313 0.044 0.062
0 0.433 0.604 0.042 0.08
0 0.344 0.482 0.028 0.04
0 0.245 0.641 0.05 0.062
0 0.637 0.921 0.034 0.046
0 0.907 0.931 0.042 0.058
0 0.989 0.92 0.018 0.056
0 0.021 0.989 0.03 0.018
0 0.06 0.995 0.028 0.006
0 0.763 0.198 0.058 0.088
0 0.88 0.131 0.028 0.046
0 0.812 0.116 0.04 0.064
0 0.895 0.103 0.042 0.066
0 0.88 0.067 0.04 0.042
0 0.981 0.083 0.034 0.082
0 0.985 0.009 0.026 0.014
0 0.884 0.009 0.028 0.014
0 0.788 0.019 0.044 0.034
0 0.605 0.206 0.034 0.056
0 0.775 0.361 0.038 0.054
0 0.94 0.726 0.024 0.044
1 0.293 0.695 0.03 0.03
1 0.344 0.843 0.028 0.026
1 0.454 0.023 0.032 0.038
1 0.511 0.079 0.022 0.042
1 0.525 0.12 0.03 0.028
1 0.498 0.159 0.02 0.034
1 0.418 0.198 0.04 0.02
1 0.262 0.15 0.032 0.024
1 0.279 0.123 0.026 0.038
1 0.192 0.05 0.024 0.02
1 0.19 0.01 0.024 0.016
1 0.195 0.031 0.026 0.018
1 0.166 0.241 0.028 0.018
1 0.202 0.233 0.028 0.018
1 0.085 0.227 0.026 0.034
1 0.03 0.291 0.028 0.022
1 0.047 0.295 0.022 0.042
1 0.009 0.105 0.018 0.026
1 0.147 0.356 0.026 0.028
1 0.19 0.378 0.024 0.024
1 0.128 0.41 0.024 0.016
1 0.012 0.453 0.02 0.018
1 0.008 0.416 0.016 0.036
1 0.056 0.502 0.024 0.016
1 0.09 0.5 0.024 0.024
1 0.046 0.538 0.028 0.016
1 0.297 0.456 0.022 0.024
1 0.162 0.321 0.02 0.026
1 0.566 0.218 0.024 0.028
1 0.554 0.197 0.036 0.026
1 0.826 0.291 0.032 0.042
1 0.876 0.307 0.02 0.018
1 0.937 0.284 0.026 0.024
1 0.698 0.502 0.024 0.036
1 0.43 0.498 0.032 0.02
1 0.438 0.522 0.032 0.02
1 0.502 0.459 0.028 0.014
1 0.633 0.572 0.014 0.024
1 0.584 0.55 0.024 0.024
1 0.371 0.665 0.022 0.026
1 0.331 0.596 0.022 0.02
1 0.156 0.71 0.032 0.02
1 0.08 0.75 0.036 0.02
1 0.121 0.761 0.042 0.034
1 0.098 0.639 0.028 0.034
1 0.401 0.928 0.03 0.012
1 0.622 0.904 0.02 0.028
1 0.562 0.987 0.024 0.022
1 0.629 0.875 0.018 0.03
1 0.731 0.807 0.026 0.034
1 0.76 0.775 0.024 0.022
1 0.596 0.745 0.024 0.018
1 0.225 0.93 0.022 0.028
1 0.199 0.903 0.03 0.018
1 0.705 0.233 0.018 0.026
1 0.894 0.5 0.02 0.016
1 0.98 0.487 0.032 0.038
1 0.977 0.459 0.038 0.022
1 0.428 0.37 0.024 0.02
1 0.634 0.373 0.028 0.03
1 0.257 0.195 0.026 0.03
1 0.537 0.24 0.018 0.024
2 0.67 0.487 0.032 0.046
2 0.832 0.617 0.028 0.094
2 0.788 0.6 0.032 0.04
2 0.365 0.567 0.034 0.026
2 0.285 0.646 0.03 0.04
2 0.045 0.742 0.026 0.028
2 0.447 0.757 0.05 0.046
2 0.452 0.806 0.044 0.04
2 0.413 0.791 0.03 0.026
2 0.472 0.858 0.044 0.036
2 0.612 0.854 0.028 0.06
2 0.679 0.915 0.026 0.026
2 0.767 0.798 0.022 0.028
2 0.705 0.74 0.026 0.028
2 0.645 0.737 0.026 0.042
2 0.979 0.9 0.022 0.032
2 0.855 0.927 0.038 0.03
2 0.077 0.909 0.03 0.03
2 0.007 0.856 0.014 0.028
2 0.801 0.219 0.038 0.062
2 0.843 0.043 0.022 0.03
2 0.729 0.039 0.018 0.026
2 0.542 0.173 0.044 0.034
2 0.58 0.108 0.032 0.048
2 0.593 0.03 0.054 0.056
2 0.674 0.042 0.044 0.04
2 0.665 0.08 0.018 0.024
2 0.68 0.261 0.044 0.066
2 0.757 0.442 0.026 0.048
2 0.84 0.426 0.02 0.028
2 0.984 0.625 0.024 0.058
2 0.949 0.596 0.018 0.02
2 0.911 0.655 0.026 0.05
2 0.978 0.738 0.032 0.036
2 0.952 0.69 0.028 0.036
2 0.869 0.671 0.042 0.058
2 0.881 0.368 0.046 0.036
2 0.495 0.599 0.022 0.026
2 0.558 0.687 0.028 0.022
2 0.438 0.66 0.02 0.04
2 0.966 0.17 0.044 0.052
2 0.563 0.282 0.018 0.02
2 0.187 0.309 0.022 0.05
2 0.257 0.071 0.042 0.038