0 0.03 0.033 0.036 0.038
0 0.038 0.062 0.032 0.036
0 0.068 0.083 0.024 0.03
0 0.075 0.004 0.026 0.008
0 0.035 0.134 0.022 0.044
0 0.032 0.259 0.016 0.026
0 0.113 0.072 0.026 0.04
0 0.206 0.037 0.028 0.034
0 0.246 0.016 0.032 0.032
0 0.229 0.02 0.014 0.024
0 0.317 0.032 0.034 0.036
0 0.394 0.01 0.016 0.02
0 0.202 0.069 0.02 0.026
0 0.287 0.084 0.03 0.032
0 0.164 0.116 0.036 0.048
0 0.158 0.185 0.036 0.046
0 0.194 0.199 0.032 0.042
0 0.225 0.177 0.034 0.054
0 0.121 0.269 0.026 0.022
0 0.213 0.268 0.038 0.036
0 0.156 0.326 0.02 0.04
0 0.135 0.409 0.034 0.054
0 0.031 0.444 0.034 0.052
0 0.081 0.505 0.03 0.046
0 0.123 0.499 0.042 0.07
0 0.137 0.549 0.034 0.034
0 0.071 0.625 0.022 0.038
0 0.097 0.634 0.026 0.044
0 0.075 0.691 0.026 0.058
0 0.109 0.681 0.038 0.082
0 0.128 0.723 0.04 0.05
0 0.107 0.778 0.034 0.06
0 0.019 0.85 0.038 0.064
0 0.118 0.901 0.036 0.07
0 0.232 0.957 0.044 0.058
0 0.211 0.853 0.046 0.054
0 0.217 0.783 0.038 0.05
0 0.187 0.734 0.038 0.064
0 0.269 0.778 0.03 0.048
0 0.329 0.923 0.034 0.058
0 0.4 0.929 0.036 0.054
0 0.521 0.98 0.026 0.036
0 0.492 0.894 0.032 0.044
0 0.461 0.866 0.038 0.052
0 0.363 0.8 0.042 0.06
0 0.462 0.771 0.036 0.05
0 0.519 0.911 0.014 0.022
0 0.561 0.975 0.05 0.046
0 0.63 0.918 0.048 0.048
0 0.743 0.957 0.038 0.054
0 0.811 0.986 0.034 0.024
0 0.94 0.948 0.048 0.076
0 0.958 0.866 0.028 0.04
0 0.876 0.898 0.052 0.084
0 0.895 0.837 0.034 0.034
0 0.777 0.834 0.042 0.056
0 0.822 0.804 0.036 0.056
0 0.963 0.802 0.03 0.032
0 0.974 0.719 0.028 0.046
0 0.888 0.707 0.028 0.046
0 0.829 0.734 0.038 0.064
0 0.681 0.7 0.05 0.076
0 0.767 0.689 0.026 0.022
0 0.591 0.699 0.05 0.07
0 0.616 0.684 0.032 0.048
0 0.591 0.767 0.03 0.046
0 0.426 0.691 0.048 0.078
0 0.418 0.612 0.036 0.06
0 0.257 0.645 0.026 0.062
0 0.242 0.513 0.044 0.074
0 0.458 0.535 0.04 0.054
0 0.756 0.549 0.028 0.046
0 0.713 0.535 0.034 0.042
0 0.83 0.531 0.036 0.058
0 0.732 0.453 0.04 0.062
0 0.932 0.414 0.044 0.064
0 0.992 0.377 0.012 0.038
0 0.829 0.391 0.038 0.046
0 0.736 0.368 0.036 0.072
0 0.693 0.354 0.038 0.052
0 0.626 0.379 0.036 0.034
0 0.627 0.325 0.046 0.05
0 0.623 0.26 0.034 0.044
0 0.665 0.206 0.046 0.056
0 0.61 0.203 0.032 0.038
0 0.574 0.19 0.032 0.048
0 0.48 0.158 0.044 0.048
0 0.508 0.014 0.028 0.028
0 0.423 0.057 0.03 0.042
0 0.344 0.185 0.024 0.038
0 0.323 0.209 0.026 0.026
0 0.395 0.196 0.034 0.044
0 0.283 0.421 0.038 0.05
0 0.276 0.355 0.036 0.054
0 0.19 0.398 0.036 0.032
0 0.333 0.296 0.038 0.048
0 0.354 0.429 0.028 0.05
0 0.486 0.214 0.04 0.052
0 0.473 0.272 0.034 0.044
0 0.495 0.312 0.034 0.052
0 0.507 0.358 0.03 0.044
0 0.493 0.384 0.026 0.028
0 0.496 0.407 0.032 0.026
0 0.536 0.388 0.024 0.044
0 0.547 0.08 0.03 0.048
0 0.593 0.091 0.038 0.046
0 0.635 0.092 0.026 0.04
0 0.697 0.082 0.03 0.032
0 0.738 0.125 0.024 0.042
0 0.775 0.109 0.03 0.042
0 0.805 0.161 0.046 0.05
0 0.811 0.058 0.022 0.04
0 0.859 0.039 0.034 0.03
0 0.843 0.08 0.034 0.04
0 0.936 0.103 0.036 0.054
0 0.942 0.145 0.032 0.038
0 0.855 0.142 0.022 0.036
0 0.914 0.211 0.04 0.05
0 0.881 0.21 0.026 0.044
0 0.984 0.254 0.028 0.048
0 0.966 0.254 0.024 0.048
0 0.814 0.254 0.04 0.052
0 0.572 0.613 0.024 0.022
0 0.583 0.591 0.03 0.042
0 0.556 0.464 0.028 0.024
0 0.305 0.569 0.026 0.038
0 0.377 0.308 0.022 0.028
1 0.381 0.008 0.022 0.016
1 0.091 0.237 0.018 0.022
1 0.157 0.25 0.022 0.016
1 0.246 0.24 0.016 0.028
1 0.02 0.632 0.02 0.02
1 0.023 0.711 0.014 0.046
1 0.07 0.846 0.02 0.028
1 0.107 0.946 0.018 0.016
1 0.282 0.804 0.016 0.02
1 0.189 0.814 0.018 0.016
1 0.289 0.983 0.014 0.014
1 0.305 0.911 0.026 0.018
1 0.335 0.889 0.018 0.018
1 0.355 0.983 0.018 0.03
1 0.471 0.992 0.022 0.012
1 0.411 0.816 0.014 0.016
1 0.614 0.95 0.024 0.036
1 0.862 0.964 0.036 0.024
1 0.852 0.843 0.02 0.022
1 0.817 0.881 0.022 0.03
1 0.833 0.835 0.006 0.01
1 0.924 0.703 0.012 0.018
1 0.669 0.859 0.034 0.018
1 0.632 0.779 0.016 0.022
1 0.232 0.647 0.012 0.03
1 0.231 0.603 0.018 0.018
1 0.736 0.412 0.012 0.012
1 0.675 0.395 0.014 0.018
1 0.592 0.364 0.028 0.02
1 0.664 0.266 0.032 0.028
1 0.466 0.024 0.02 0.04
1 0.365 0.133 0.03 0.034
1 0.398 0.217 0.02 0.014
1 0.405 0.329 0.022 0.026
1 0.286 0.47 0.02 0.024
1 0.818 0.005 0.024 0.01
1 0.993 0.037 0.01 0.046
1 0.964 0.06 0.028 0.016
1 0.917 0.096 0.014 0.024
1 0.837 0.214 0.006 0.016
1 0.853 0.216 0.014 0.012
1 0.903 0.279 0.026 0.022
1 0.75 0.222 0.024 0.052
1 0.837 0.346 0.022 0.02
1 0.899 0.536 0.018 0.024
1 0.879 0.571 0.018 0.018
1 0.919 0.501 0.01 0.014
1 0.995 0.629 0.006 0.026
1 0.723 0.559 0.022 0.018
1 0.539 0.507 0.03 0.026
1 0.47 0.602 0.008 0.012
1 0.557 0.447 0.018 0.022
1 0.455 0.47 0.018 0.036
1 0.094 0.454 0.016 0.012
1 0.441 0.215 0.018 0.03
1 0.392 0.242 0.012 0.02
1 0.748 0.886 0.016 0.016
1 0.592 0.151 0.016 0.01
1 0.612 0.472 0.012 0.012
1 0.618 0.454 0.008 0.012
1 0.572 0.938 0.012 0.032
1 0.74 0.996 0.02 0.004
2 0.256 0.073 0.028 0.046
2 0.197 0.244 0.022 0.02
2 0.157 0.273 0.026 0.018
2 0.037 0.385 0.03 0.046
2 0.052 0.472 0.032 0.036
2 0.023 0.605 0.03 0.042
2 0.341 0.961 0.034 0.03
2 0.346 0.984 0.024 0.028
2 0.301 0.964 0.014 0.024
2 0.433 0.963 0.018 0.034
2 0.564 0.783 0.024 0.034
2 0.574 0.82 0.02 0.016
2 0.6 0.042 0.02 0.028
2 0.837 0.054 0.014 0.02
2 0.837 0.294 0.034 0.036
2 0.824 0.315 0.016 0.014
2 0.893 0.356 0.026 0.04
2 0.983 0.348 0.03 0.032
2 0.977 0.376 0.018 0.012
2 0.886 0.404 0.028 0.052
2 0.982 0.544 0.032 0.04
2 0.894 0.668 0.016 0.032
2 0.516 0.589 0.036 0.074
2 0.583 0.544 0.014 0.012
2 0.183 0.511 0.026 0.078
2 0.211 0.489 0.014 0.03
2 0.275 0.529 0.022 0.038
2 0.288 0.552 0.012 0.012
2 0.301 0.527 0.026 0.042
2 0.408 0.485 0.032 0.042
2 0.328 0.705 0.028 0.026
2 0.375 0.607 0.022 0.03
2 0.389 0.56 0.018 0.016
2 0.041 0.579 0.022 0.022
2 0.13 0.567 0.028 0.018
2 0.215 0.585 0.014 0.014
2 0.677 0.923 0.018 0.03
2 0.917 0.902 0.014 0.02
2 0.982 0.921 0.016 0.018
2 0.966 0.904 0.012 0.012
2 0.766 0.708 0.04 0.024
2 0.705 0.012 0.022 0.02
2 0.656 0.076 0.012 0.016
2 0.597 0.117 0.018 0.01