0 0.021 0.987 0.03 0.022
0 0.005 0.95 0.01 0.032
0 0.082 0.97 0.04 0.044
0 0.124 0.979 0.044 0.038
0 0.17 0.983 0.064 0.03
0 0.022 0.836 0.044 0.048
0 0.069 0.863 0.034 0.042
0 0.129 0.88 0.062 0.072
0 0.129 0.788 0.034 0.032
0 0.077 0.775 0.054 0.042
0 0.059 0.736 0.05 0.032
0 0.073 0.672 0.042 0.052
0 0.011 0.634 0.022 0.028
0 0.052 0.558 0.036 0.04
0 0.036 0.497 0.048 0.038
0 0.017 0.402 0.034 0.044
0 0.001 0.36 0.002 0.008
0 0.078 0.274 0.04 0.04
0 0.097 0.185 0.046 0.038
0 0.044 0.037 0.036 0.058
0 0.066 0.044 0.04 0.036
0 0.1 0.007 0.052 0.01
0 0.299 0.016 0.038 0.028
0 0.225 0.032 0.054 0.028
0 0.207 0.06 0.046 0.032
0 0.196 0.095 0.036 0.034
0 0.172 0.116 0.032 0.032
0 0.373 0.021 0.034 0.03
0 0.414 0.008 0.052 0.012
0 0.375 0.009 0.034 0.014
0 0.319 0.037 0.038 0.03
0 0.396 0.079 0.036 0.022
0 0.177 0.169 0.042 0.038
0 0.24 0.199 0.036 0.03
0 0.316 0.135 0.044 0.034
0 0.545 0.026 0.034 0.024
0 0.495 0.057 0.046 0.03
0 0.537 0.067 0.038 0.034
0 0.485 0.12 0.034 0.032
0 0.623 0.062 0.038 0.044
0 0.654 0.091 0.048 0.038
0 0.731 0.078 0.034 0.036
0 0.806 0.059 0.032 0.038
0 0.985 0.035 0.026 0.034
0 0.964 0.038 0.016 0.032
0 0.954 0.144 0.06 0.076
0 0.87 0.119 0.048 0.046
0 0.903 0.179 0.022 0.026
0 0.819 0.173 0.05 0.03
0 0.754 0.138 0.048 0.032
0 0.585 0.136 0.042 0.024
0 0.62 0.197 0.032 0.03
0 0.639 0.169 0.046 0.026
0 0.741 0.196 0.042 0.036
0 0.262 0.231 0.04 0.042
0 0.296 0.265 0.028 0.034
0 0.37 0.203 0.028 0.038
0 0.509 0.21 0.018 0.024
0 0.516 0.239 0.048 0.03
0 0.399 0.26 0.042 0.04
0 0.633 0.247 0.038 0.03
0 0.599 0.257 0.03 0.034
0 0.66 0.293 0.06 0.046
0 0.914 0.258 0.048 0.044
0 0.908 0.234 0.036 0.024
0 0.947 0.297 0.042 0.038
0 0.816 0.277 0.048 0.046
0 0.865 0.322 0.058 0.032
0 0.885 0.342 0.046 0.028
0 0.986 0.357 0.024 0.046
0 0.908 0.388 0.052 0.032
0 0.992 0.439 0.012 0.042
0 0.909 0.482 0.042 0.036
0 0.901 0.527 0.07 0.054
0 0.918 0.572 0.04 0.036
0 0.985 0.566 0.026 0.032
0 0.977 0.596 0.042 0.048
0 0.934 0.656 0.048 0.04
0 0.895 0.646 0.034 0.044
0 0.76 0.594 0.048 0.04
0 0.987 0.673 0.022 0.022
0 0.996 0.718 0.004 0.024
0 0.948 0.704 0.024 0.032
0 0.907 0.715 0.046 0.034
0 0.884 0.711 0.028 0.03
0 0.956 0.749 0.04 0.038
0 0.142 0.346 0.048 0.044
0 0.311 0.336 0.038 0.028
0 0.367 0.381 0.058 0.034
0 0.4 0.411 0.044 0.03
0 0.313 0.454 0.034 0.036
0 0.554 0.369 0.04 0.038
0 0.596 0.375 0.04 0.034
0 0.633 0.4 0.026 0.028
0 0.329 0.489 0.046 0.034
0 0.347 0.506 0.042 0.036
0 0.269 0.555 0.046 0.038
0 0.195 0.59 0.034 0.036
0 0.155 0.537 0.034 0.034
0 0.172 0.678 0.02 0.028
0 0.198 0.675 0.032 0.034
0 0.43 0.466 0.032 0.028
0 0.623 0.444 0.042 0.036
0 0.675 0.463 0.05 0.038
0 0.717 0.469 0.046 0.034
0 0.695 0.513 0.046 0.05
0 0.638 0.536 0.048 0.052
0 0.677 0.545 0.042 0.038
0 0.464 0.537 0.048 0.03
0 0.388 0.554 0.028 0.032
0 0.388 0.59 0.032 0.04
0 0.365 0.658 0.05 0.036
0 0.446 0.641 0.04 0.03
0 0.466 0.592 0.056 0.032
0 0.233 0.905 0.034 0.038
0 0.287 0.95 0.046 0.032
0 0.333 0.903 0.046 0.034
0 0.369 0.858 0.03 0.04
0 0.422 0.95 0.064 0.044
0 0.536 0.981 0.036 0.034
0 0.491 0.659 0.042 0.034
0 0.528 0.667 0.036 0.042
0 0.417 0.7 0.042 0.028
0 0.392 0.717 0.02 0.026
0 0.6 0.677 0.04 0.034
0 0.435 0.757 0.078 0.062
0 0.596 0.964 0.032 0.024
0 0.577 0.757 0.042 0.034
0 0.585 0.775 0.058 0.038
0 0.689 0.733 0.05 0.042
0 0.728 0.693 0.036 0.038
0 0.778 0.714 0.044 0.048
0 0.689 0.804 0.038 0.036
0 0.717 0.807 0.03 0.038
0 0.752 0.812 0.068 0.044
0 0.8 0.836 0.036 0.024
0 0.743 0.852 0.05 0.028
0 0.904 0.865 0.04 0.042
0 0.978 0.965 0.04 0.03
0 0.943 0.992 0.038 0.012
0 0.773 0.971 0.046 0.046
0 0.806 0.996 0.032 0.004
1 0.024 0.959 0.02 0.022
1 0.015 0.791 0.018 0.022
1 0.005 0.581 0.01 0.022
1 0.01 0.451 0.02 0.022
1 0.015 0.341 0.026 0.026
1 0.025 0.321 0.018 0.022
1 0.037 0.112 0.026 0.024
1 0.134 0.056 0.024 0.032
1 0.086 0.121 0.02 0.01
1 0.112 0.116 0.04 0.016
1 0.3 0.116 0.016 0.016
1 0.599 0.005 0.03 0.006
1 0.598 0.085 0.02 0.018
1 0.751 0.047 0.022 0.014
1 0.767 0.033 0.014 0.022
1 0.728 0.047 0.004 0.006
1 0.894 0.061 0.016 0.01
1 0.548 0.162 0.024 0.032
1 0.655 0.195 0.022 0.018
1 0.484 0.2 0.012 0.008
1 0.496 0.275 0.02 0.034
1 0.733 0.251 0.014 0.018
1 0.975 0.294 0.01 0.016
1 0.857 0.55 0.018 0.02
1 0.928 0.729 0.02 0.018
1 0.164 0.416 0.016 0.024
1 0.073 0.443 0.022 0.01
1 0.096 0.435 0.02 0.014
1 0.148 0.491 0.024 0.014
1 0.105 0.533 0.022 0.022
1 0.004 0.553 0.008 0.014
1 0.028 0.575 0.012 0.01
1 0.448 0.349 0.04 0.014
1 0.238 0.471 0.02 0.022
1 0.507 0.399 0.026 0.026
1 0.535 0.429 0.022 0.018
1 0.37 0.483 0.016 0.014
1 0.228 0.564 0.024 0.028
1 0.254 0.611 0.012 0.03
1 0.116 0.587 0.02 0.014
1 0.105 0.635 0.022 0.022
1 0.419 0.487 0.018 0.014
1 0.613 0.489 0.014 0.022
1 0.582 0.532 0.016 0.02
1 0.592 0.556 0.016 0.016
1 0.593 0.606 0.022 0.024
1 0.421 0.64 0.014 0.02
1 0.17 0.776 0.016 0.016
1 0.299 0.747 0.026 0.018
1 0.212 0.862 0.028 0.02
1 0.297 0.848 0.022 0.032
1 0.392 0.878 0.02 0.028
1 0.39 0.908 0.024 0.02
1 0.503 0.983 0.03 0.022
1 0.54 0.924 0.02 0.024
1 0.454 0.9 0.024 0.02
1 0.523 0.829 0.026 0.026
1 0.446 0.853 0.02 0.01
1 0.551 0.784 0.018 0.016
1 0.779 0.647 0.01 0.026
1 0.545 0.635 0.01 0.014
1 0.823 0.746 0.026 0.024
1 0.818 0.899 0.024 0.018
1 0.894 0.974 0.016 0.024
1 0.865 0.959 0.014 0.022
1 0.714 0.909 0.024 0.018
1 0.667 0.944 0.018 0.032
1 0.797 0.592 0.01 0.016
2 0.012 0.27 0.02 0.024
2 0.261 0.085 0.042 0.034
2 0.224 0.168 0.024 0.02
2 0.441 0.168 0.038 0.028
2 0.438 0.287 0.032 0.026
2 0.968 0.683 0.016 0.014
2 0.974 0.667 0.012 0.018
2 0.988 0.655 0.012 0.014
2 0.986 0.797 0.024 0.038
2 0.05 0.217 0.016 0.018
2 0.191 0.331 0.026 0.014
2 0.243 0.316 0.038 0.032
2 0.463 0.42 0.03 0.032
2 0.12 0.578 0.02 0.016
2 0.142 0.652 0.024 0.028
2 0.493 0.552 0.03 0.028
2 0.366 0.583 0.02 0.018
2 0.507 0.587 0.034 0.022
2 0.48 0.735 0.024 0.022
2 0.405 0.848 0.018 0.02
2 0.591 0.644 0.038 0.032
2 0.937 0.918 0.018 0.016
2 0.962 0.906 0.032 0.028
2 0.602 0.894 0.024 0.036
2 0.016 0.688 0.012 0.016
2 0.01 0.704 0.008 0.008
2 0.262 0.709 0.024 0.018
2 0.841 0.681 0.014 0.014
2 0.007 0.087 0.014 0.014
2 0.086 0.076 0.032 0.02
2 0.274 0.347 0.028 0.022
2 0.218 0.328 0.02 0.012
2 0.776 0.545 0.02 0.014
2 0.882 0.47 0.02 0.012
2 0.896 0.465 0.012 0.014
2 0.056 0.94 0.016 0.012
2 0.312 0.919 0.024 0.018
2 0.191 0.863 0.014 0.01
2 0.09 0.869 0.02 0.014
2 0.798 0.25 0.016 0.016
0 0.109 0.895 0.114 0.106
0 0.023 0.836 0.046 0.048
0 0.074 0.671 0.044 0.05
0 0.059 0.739 0.05 0.034
0 0.171 0.677 0.018 0.026
0 0.199 0.674 0.034 0.036
0 0.197 0.591 0.034 0.038
0 0.156 0.537 0.032 0.034
0 0.269 0.557 0.054 0.038
0 0.313 0.454 0.038 0.044
0 0.366 0.379 0.06 0.038
0 0.305 0.334 0.05 0.032
0 0.293 0.265 0.038 0.034
0 0.267 0.231 0.054 0.046
0 0.371 0.202 0.034 0.044
0 0.398 0.261 0.056 0.05
0 0.517 0.24 0.05 0.032
0 0.595 0.258 0.038 0.036
0 0.659 0.292 0.074 0.056
0 0.552 0.37 0.056 0.04
0 0.596 0.374 0.048 0.036
0 0.626 0.442 0.048 0.04
0 0.672 0.465 0.06 0.042
0 0.637 0.535 0.042 0.054
0 0.681 0.544 0.054 0.04
0 0.461 0.536 0.058 0.036
0 0.37 0.659 0.06 0.038
0 0.42 0.699 0.052 0.03
0 0.528 0.675 0.036 0.054
0 0.686 0.735 0.056 0.05
0 0.689 0.805 0.038 0.038
0 0.742 0.85 0.056 0.032
0 0.726 0.694 0.048 0.04
0 0.76 0.592 0.056 0.044
0 0.716 0.471 0.044 0.034
0 0.635 0.4 0.03 0.032
0 0.633 0.248 0.038 0.032
0 0.586 0.136 0.044 0.024
0 0.331 0.488 0.05 0.04
0 0.345 0.506 0.07 0.04
0 0.404 0.407 0.06 0.042
0 0.07 0.277 0.056 0.05
0 0.098 0.183 0.052 0.042
0 0.177 0.174 0.062 0.056
0 0.24 0.197 0.04 0.034
0 0.311 0.135 0.058 0.038
0 0.396 0.078 0.04 0.028
0 0.478 0.122 0.06 0.04
0 0.483 0.069 0.078 0.058
0 0.172 0.117 0.044 0.038
0 0.199 0.095 0.042 0.034
0 0.205 0.06 0.062 0.036
0 0.228 0.03 0.056 0.028
0 0.295 0.019 0.05 0.034
0 0.32 0.037 0.052 0.034
0 0.062 0.041 0.06 0.042
0 0.104 0.008 0.052 0.012
0 0.145 0.348 0.05 0.048
0 0.021 0.402 0.042 0.044
0 0.034 0.499 0.06 0.042
0 0.047 0.56 0.05 0.044
0 0.467 0.598 0.062 0.048
0 0.389 0.552 0.038 0.04
0 0.596 0.68 0.048 0.044
0 0.432 0.758 0.108 0.068
0 0.691 0.512 0.058 0.048
0 0.901 0.53 0.074 0.056
0 0.9 0.646 0.04 0.044
0 0.779 0.712 0.046 0.06
0 0.756 0.813 0.072 0.046
0 0.717 0.808 0.03 0.036
0 0.905 0.865 0.046 0.046
0 0.894 0.975 0.016 0.03
0 0.977 0.965 0.042 0.034
0 0.951 0.749 0.05 0.038
0 0.935 0.654 0.054 0.044
0 0.621 0.198 0.042 0.032
0 0.757 0.138 0.062 0.036
0 0.74 0.197 0.052 0.038
0 0.075 0.776 0.062 0.044
0 0.13 0.792 0.04 0.04
0 0.012 0.633 0.024 0.026
0 0.106 0.636 0.02 0.024
0 0.119 0.583 0.026 0.026
0 0.104 0.534 0.024 0.024
0 0.237 0.316 0.062 0.036
0 0.533 0.068 0.05 0.04
0 0.614 0.059 0.064 0.058
0 0.653 0.09 0.054 0.044
0 0.728 0.077 0.044 0.046
0 0.808 0.057 0.036 0.042
0 0.818 0.173 0.056 0.034
0 0.866 0.125 0.076 0.062
0 0.816 0.279 0.056 0.05
0 0.416 0.954 0.076 0.06
0 0.325 0.906 0.058 0.04
0 0.23 0.908 0.04 0.04
0 0.021 0.986 0.03 0.024
0 0.022 0.96 0.028 0.024
0 0.006 0.95 0.012 0.036
0 0.083 0.971 0.042 0.046
0 0.122 0.978 0.056 0.04
0 0.068 0.863 0.04 0.046
0 0.016 0.791 0.02 0.022
0 0.362 0.859 0.048 0.046
0 0.392 0.877 0.024 0.034
0 0.589 0.774 0.058 0.044
0 0.58 0.753 0.056 0.058
0 0.55 0.784 0.024 0.024
0 0.525 0.832 0.034 0.032
0 0.595 0.965 0.034 0.03
0 0.448 0.642 0.044 0.032
0 0.288 0.948 0.048 0.036
0 0.537 0.979 0.038 0.038
0 0.772 0.967 0.048 0.062
0 0.906 0.388 0.052 0.036
0 0.884 0.34 0.06 0.036
0 0.983 0.356 0.03 0.056
0 0.989 0.44 0.018 0.048
0 0.908 0.481 0.048 0.042
0 0.95 0.297 0.044 0.042
0 0.915 0.259 0.058 0.05
0 0.957 0.146 0.07 0.08
0 0.977 0.034 0.042 0.04
0 0.638 0.169 0.052 0.034
0 0.975 0.593 0.046 0.05
0 0.916 0.571 0.06 0.038
0 0.985 0.564 0.026 0.036
0 0.602 0.894 0.032 0.04
0 0.666 0.944 0.024 0.032
0 0.017 0.341 0.034 0.03
0 0.164 0.415 0.02 0.03
0 0.012 0.451 0.024 0.026
0 0.006 0.58 0.012 0.024
0 0.39 0.908 0.028 0.024
0 0.458 0.901 0.04 0.026
0 0.501 0.981 0.034 0.022
0 0.538 0.925 0.02 0.022
0 0.911 0.715 0.058 0.034
0 0.858 0.55 0.024 0.024
0 0.541 0.024 0.058 0.032
0 0.905 0.178 0.026 0.028
0 0.866 0.322 0.064 0.036
0 0.467 0.418 0.042 0.04
0 0.507 0.398 0.026 0.028
0 0.43 0.473 0.048 0.046
0 0.381 0.59 0.062 0.048
0 0.493 0.657 0.05 0.042
0 0.394 0.716 0.024 0.028
0 0.596 0.606 0.028 0.024
0 0.495 0.552 0.034 0.036
0 0.228 0.566 0.024 0.032
0 0.206 0.864 0.048 0.02
0 0.172 0.982 0.06 0.032
0 0.885 0.711 0.03 0.03
0 0.983 0.799 0.03 0.046
0 0.993 0.717 0.01 0.03
0 0.928 0.729 0.024 0.022
0 0.95 0.705 0.024 0.038
0 0.987 0.668 0.022 0.032
0 0.481 0.735 0.026 0.022
0 0.592 0.639 0.044 0.05
0 0.142 0.653 0.024 0.034
0 0.171 0.772 0.018 0.032
0 0.436 0.291 0.052 0.046
0 0.509 0.212 0.022 0.028
0 0.444 0.17 0.064 0.032
0 0.135 0.058 0.026 0.032
0 0.259 0.086 0.058 0.032
0 0.223 0.166 0.034 0.032
0 0.084 0.081 0.044 0.038
0 0.041 0.037 0.038 0.062
0 0.377 0.021 0.05 0.038
0 0.405 0.009 0.074 0.014
0 0.599 0.084 0.022 0.02
0 0.943 0.99 0.038 0.016
0 0.819 0.899 0.034 0.022
0 0.954 0.908 0.056 0.04
0 0.011 0.269 0.022 0.026
0 0.007 0.087 0.014 0.014
1 0.865 0.959 0.014 0.022
1 0.779 0.648 0.01 0.032
1 0.535 0.43 0.022 0.02
1 0.45 0.348 0.044 0.016
1 0.496 0.274 0.02 0.036
1 0.733 0.249 0.014 0.022
1 0.655 0.195 0.026 0.018
1 0.296 0.848 0.02 0.036
1 0.301 0.749 0.026 0.022
1 0.254 0.606 0.016 0.048
1 0.237 0.47 0.022 0.024
1 0.148 0.492 0.028 0.016
1 0.421 0.639 0.014 0.022
1 0.448 0.847 0.024 0.022
1 0.823 0.745 0.026 0.022
1 0.799 0.836 0.046 0.028
1 0.713 0.905 0.022 0.03
1 0.026 0.32 0.02 0.024
1 0.841 0.68 0.014 0.016
1 0.548 0.162 0.028 0.036
1 0.485 0.2 0.014 0.008
1 0.3 0.116 0.02 0.016
1 0.037 0.113 0.03 0.026
1 0.114 0.117 0.044 0.018
1 0.087 0.121 0.018 0.018
1 0.75 0.046 0.024 0.016
1 0.767 0.032 0.018 0.028
1 0.896 0.061 0.024 0.018
1 0.614 0.488 0.012 0.02
1 0.371 0.482 0.018 0.016
1 0.865 0.915 0.01 0.014
1 0.408 0.85 0.02 0.02
1 0.518 0.339 0.016 0.022
1 0.974 0.295 0.008 0.018
1 0.909 0.234 0.038 0.024
2 0.193 0.332 0.026 0.016
2 0.084 0.437 0.048 0.022
2 0.971 0.673 0.022 0.034
2 0.989 0.653 0.01 0.014
2 0.827 0.669 0.018 0.01
2 0.011 0.561 0.022 0.026
2 0.265 0.709 0.018 0.022
2 0.6 0.008 0.032 0.012
2 0.805 0.995 0.026 0.006
2 0.051 0.217 0.022 0.022
2 0.005 0.06 0.01 0.02
2 0.058 0.111 0.012 0.01
2 0.031 0.188 0.006 0.012
2 0.276 0.345 0.028 0.022
2 0.183 0.389 0.018 0.03
2 0.514 0.585 0.024 0.014
2 0.594 0.556 0.016 0.012
2 0.58 0.53 0.02 0.028
2 0.884 0.467 0.044 0.022
2 0.798 0.592 0.012 0.016
2 0.777 0.543 0.03 0.022
2 0.544 0.636 0.012 0.016
2 0.543 0.725 0.022 0.026
2 0.013 0.704 0.01 0.012
2 0.018 0.688 0.016 0.02
2 0.044 0.972 0.016 0.016
2 0.324 0.871 0.016 0.014
2 0.992 0.295 0.012 0.022
2 0.853 0.064 0.018 0.012
2 0.857 0.035 0.026 0.03
2 0.794 0.253 0.008 0.014
2 0.802 0.247 0.012 0.014
2 0.76 0.244 0.012 0.012