0 0.057 0.901 0.034 0.042
0 0.068 0.938 0.028 0.036
0 0.089 0.944 0.014 0.016
0 0.108 0.943 0.024 0.01
0 0.108 0.92 0.04 0.04
0 0.141 0.952 0.038 0.032
0 0.126 0.997 0.028 0.002
0 0.166 0.994 0.036 0.008
0 0.335 0.956 0.026 0.032
0 0.47 0.957 0.024 0.038
0 0.493 0.907 0.046 0.062
0 0.496 0.843 0.04 0.054
0 0.492 0.815 0.036 0.034
0 0.869 0.797 0.034 0.054
0 0.843 0.928 0.03 0.052
0 0.877 0.949 0.03 0.058
0 0.897 0.959 0.018 0.034
0 0.929 0.962 0.026 0.048
0 0.946 0.993 0.036 0.01
0 0.992 0.933 0.012 0.03
0 0.993 0.856 0.01 0.024
0 0.959 0.831 0.034 0.054
0 0.916 0.715 0.028 0.03
0 0.921 0.745 0.018 0.034
0 0.943 0.719 0.026 0.054
0 0.946 0.642 0.036 0.048
0 0.878 0.584 0.04 0.032
0 0.954 0.512 0.032 0.044
0 0.88 0.511 0.044 0.042
0 0.836 0.561 0.04 0.034
0 0.713 0.539 0.05 0.034
0 0.785 0.504 0.05 0.036
0 0.848 0.455 0.036 0.034
0 0.918 0.449 0.028 0.034
0 0.904 0.431 0.036 0.03
0 0.995 0.45 0.006 0.036
0 0.783 0.45 0.046 0.028
0 0.721 0.478 0.062 0.04
0 0.66 0.474 0.044 0.044
0 0.595 0.52 0.034 0.052
0 0.551 0.525 0.038 0.062
0 0.55 0.604 0.036 0.052
0 0.525 0.605 0.018 0.03
0 0.508 0.682 0.032 0.06
0 0.445 0.776 0.03 0.052
0 0.46 0.841 0.024 0.05
0 0.421 0.849 0.026 0.038
0 0.313 0.88 0.034 0.048
0 0.328 0.824 0.028 0.052
0 0.305 0.847 0.026 0.03
0 0.295 0.807 0.022 0.05
0 0.203 0.848 0.038 0.036
0 0.008 0.782 0.016 0.044
0 0.097 0.786 0.034 0.032
0 0.141 0.749 0.034 0.042
0 0.131 0.711 0.034 0.046
0 0.046 0.726 0.036 0.044
0 0.08 0.721 0.024 0.038
0 0.054 0.646 0.036 0.04
0 0.02 0.601 0.032 0.042
0 0.044 0.558 0.02 0.028
0 0.012 0.526 0.024 0.028
0 0.005 0.461 0.01 0.026
0 0.044 0.407 0.04 0.03
0 0.014 0.278 0.028 0.04
0 0.06 0.224 0.032 0.036
0 0.011 0.184 0.022 0.048
0 0.091 0.347 0.026 0.034
0 0.079 0.366 0.026 0.048
0 0.146 0.387 0.028 0.03
0 0.166 0.369 0.032 0.05
0 0.138 0.353 0.032 0.038
0 0.111 0.294 0.034 0.044
0 0.123 0.244 0.03 0.04
0 0.031 0.125 0.03 0.034
0 0.07 0.127 0.036 0.042
0 0.011 0.04 0.022 0.032
0 0.028 0.025 0.02 0.026
0 0.06 0.013 0.028 0.022
0 0.083 0.034 0.026 0.024
0 0.136 0.028 0.028 0.04
0 0.127 0.063 0.034 0.034
0 0.162 0.073 0.024 0.034
0 0.188 0.063 0.028 0.034
0 0.177 0.036 0.026 0.036
0 0.257 0.02 0.03 0.032
0 0.416 0.013 0.036 0.022
0 0.458 0.019 0.032 0.026
0 0.407 0.048 0.026 0.04
0 0.398 0.074 0.024 0.04
0 0.449 0.081 0.026 0.03
0 0.433 0.099 0.022 0.022
0 0.357 0.081 0.026 0.03
0 0.266 0.079 0.024 0.03
0 0.216 0.09 0.028 0.032
0 0.15 0.114 0.028 0.028
0 0.096 0.146 0.032 0.04
0 0.137 0.221 0.022 0.026
0 0.17 0.231 0.028 0.038
0 0.173 0.199 0.026 0.034
0 0.204 0.216 0.028 0.032
0 0.221 0.239 0.038 0.038
0 0.211 0.298 0.03 0.024
0 0.259 0.362 0.034 0.032
0 0.202 0.465 0.036 0.042
0 0.233 0.489 0.034 0.034
0 0.233 0.527 0.03 0.05
0 0.284 0.462 0.024 0.036
0 0.336 0.448 0.032 0.056
0 0.357 0.431 0.01 0.018
0 0.286 0.405 0.032 0.034
0 0.303 0.383 0.026 0.03
0 0.098 0.572 0.028 0.02
0 0.189 0.527 0.03 0.042
0 0.201 0.562 0.03 0.04
0 0.201 0.672 0.034 0.052
0 0.258 0.676 0.036 0.056
0 0.3 0.553 0.036 0.054
0 0.394 0.566 0.028 0.036
0 0.392 0.541 0.028 0.026
0 0.418 0.537 0.024 0.046
0 0.433 0.569 0.026 0.03
0 0.443 0.555 0.022 0.022
0 0.316 0.673 0.036 0.054
0 0.372 0.699 0.04 0.054
0 0.394 0.731 0.028 0.038
0 0.334 0.751 0.028 0.038
0 0.448 0.655 0.036 0.046
0 0.482 0.633 0.028 0.042
0 0.27 0.166 0.028 0.036
0 0.264 0.226 0.024 0.028
0 0.282 0.245 0.028 0.022
0 0.288 0.28 0.024 0.032
0 0.315 0.283 0.026 0.03
0 0.373 0.319 0.034 0.038
0 0.376 0.377 0.028 0.034
0 0.416 0.406 0.032 0.04
0 0.436 0.453 0.032 0.046
0 0.492 0.463 0.036 0.042
0 0.469 0.396 0.034 0.04
0 0.524 0.392 0.024 0.024
0 0.454 0.348 0.024 0.032
0 0.424 0.311 0.02 0.018
0 0.421 0.293 0.038 0.03
0 0.459 0.314 0.034 0.028
0 0.491 0.3 0.026 0.032
0 0.526 0.334 0.028 0.024
0 0.339 0.12 0.042 0.044
0 0.354 0.154 0.036 0.028
0 0.332 0.194 0.028 0.032
0 0.345 0.23 0.034 0.032
0 0.377 0.235 0.038 0.034
0 0.364 0.197 0.024 0.018
0 0.372 0.187 0.028 0.022
0 0.448 0.239 0.04 0.026
0 0.486 0.201 0.032 0.03
0 0.471 0.171 0.026 0.026
0 0.436 0.149 0.028 0.026
0 0.413 0.147 0.026 0.022
0 0.479 0.09 0.03 0.028
0 0.531 0.02 0.026 0.02
0 0.525 0.042 0.034 0.028
0 0.538 0.068 0.032 0.02
0 0.52 0.081 0.024 0.018
0 0.515 0.099 0.026 0.018
0 0.531 0.1 0.022 0.02
0 0.544 0.098 0.016 0.024
0 0.549 0.117 0.026 0.026
0 0.545 0.138 0.03 0.024
0 0.558 0.009 0.036 0.014
0 0.577 0.021 0.026 0.03
0 0.636 0.012 0.028 0.02
0 0.675 0.026 0.038 0.048
0 0.736 0.006 0.024 0.008
0 0.705 0.044 0.03 0.032
0 0.717 0.055 0.03 0.026
0 0.723 0.077 0.026 0.022
0 0.635 0.078 0.026 0.024
0 0.612 0.074 0.028 0.044
0 0.599 0.142 0.034 0.04
0 0.595 0.183 0.034 0.026
0 0.569 0.237 0.042 0.042
0 0.563 0.275 0.026 0.034
0 0.54 0.281 0.028 0.054
0 0.608 0.41 0.036 0.044
0 0.672 0.415 0.028 0.034
0 0.708 0.441 0.04 0.026
0 0.597 0.333 0.03 0.026
0 0.632 0.269 0.028 0.03
0 0.658 0.252 0.032 0.028
0 0.643 0.238 0.018 0.02
0 0.639 0.217 0.022 0.03
0 0.632 0.212 0.024 0.024
0 0.725 0.384 0.038 0.044
0 0.766 0.418 0.028 0.04
0 0.792 0.409 0.036 0.03
0 0.683 0.304 0.03 0.04
0 0.693 0.246 0.03 0.032
0 0.711 0.187 0.034 0.03
0 0.737 0.201 0.026 0.026
0 0.76 0.226 0.024 0.028
0 0.722 0.152 0.024 0.032
0 0.742 0.121 0.04 0.03
0 0.748 0.04 0.02 0.028
0 0.778 0.017 0.028 0.026
0 0.79 0.005 0.016 0.006
0 0.831 0.004 0.022 0.004
0 0.916 0.016 0.036 0.028
0 0.982 0.041 0.028 0.038
0 0.994 0.066 0.008 0.036
0 0.935 0.044 0.018 0.016
0 0.839 0.038 0.034 0.044
0 0.824 0.081 0.028 0.034
0 0.799 0.097 0.022 0.042
0 0.78 0.071 0.028 0.03
0 0.762 0.058 0.028 0.032
0 0.833 0.112 0.022 0.032
0 0.776 0.189 0.024 0.034
0 0.844 0.205 0.032 0.026
0 0.865 0.17 0.026 0.032
0 0.869 0.149 0.03 0.022
0 0.898 0.093 0.024 0.034
0 0.907 0.108 0.022 0.04
0 0.879 0.112 0.026 0.032
0 0.99 0.247 0.016 0.042
0 0.936 0.236 0.02 0.028
0 0.922 0.244 0.02 0.028
0 0.89 0.241 0.028 0.026
0 0.979 0.309 0.022 0.022
0 0.978 0.287 0.036 0.03
0 0.976 0.364 0.032 0.04
0 0.946 0.386 0.032 0.032
0 0.914 0.379 0.032 0.03
0 0.91 0.35 0.028 0.028
0 0.901 0.327 0.038 0.03
0 0.873 0.309 0.034 0.038
0 0.855 0.289 0.03 0.03
0 0.804 0.259 0.024 0.034
0 0.819 0.279 0.026 0.034
0 0.77 0.27 0.024 0.04
0 0.832 0.33 0.028 0.036
0 0.735 0.318 0.026 0.044
0 0.84 0.392 0.024 0.016
0 0.84 0.367 0.024 0.022
1 0.136 0.986 0.02 0.02
1 0.285 0.987 0.01 0.022
1 0.396 0.962 0.028 0.02
1 0.4 0.985 0.024 0.018
1 0.509 0.881 0.03 0.038
1 0.994 0.958 0.008 0.012
1 0.971 0.932 0.014 0.016
1 0.908 0.881 0.012 0.022
1 0.897 0.9 0.014 0.02
1 0.932 0.789 0.02 0.022
1 0.935 0.769 0.018 0.022
1 0.903 0.754 0.022 0.02
1 0.892 0.738 0.008 0.012
1 0.887 0.726 0.01 0.012
1 0.864 0.633 0.024 0.038
1 0.955 0.566 0.022 0.028
1 0.886 0.536 0.024 0.016
1 0.771 0.568 0.038 0.028
1 0.829 0.471 0.022 0.018
1 0.63 0.543 0.028 0.022
1 0.629 0.527 0.026 0.03
1 0.575 0.612 0.034 0.036
1 0.476 0.706 0.02 0.024
1 0.452 0.726 0.02 0.024
1 0.428 0.744 0.016 0.028
1 0.422 0.821 0.024 0.018
1 0.377 0.85 0.03 0.032
1 0.257 0.828 0.022 0.02
1 0.163 0.877 0.03 0.022
1 0.191 0.791 0.018 0.018
1 0.069 0.74 0.01 0.012
1 0.089 0.696 0.018 0.024
1 0.15 0.698 0.016 0.016
1 0.096 0.644 0.008 0.052
1 0.038 0.441 0.016 0.018
1 0.07 0.452 0.008 0.008
1 0.066 0.436 0.008 0.012
1 0.004 0.355 0.008 0.018
1 0.153 0.312 0.022 0.016
1 0.152 0.297 0.028 0.018
1 0.031 0.045 0.018 0.01
1 0.003 0.007 0.006 0.01
1 0.095 0.004 0.03 0.004
1 0.204 0.01 0.02 0.016
1 0.265 0.044 0.022 0.02
1 0.312 0.057 0.02 0.022
1 0.352 0.052 0.02 0.02
1 0.363 0.01 0.034 0.016
1 0.449 0.037 0.022 0.018
1 0.422 0.072 0.016 0.016
1 0.304 0.077 0.02 0.014
1 0.235 0.107 0.022 0.018
1 0.22 0.125 0.016 0.018
1 0.213 0.068 0.01 0.012
1 0.119 0.139 0.014 0.026
1 0.179 0.272 0.022 0.024
1 0.228 0.32 0.02 0.032
1 0.205 0.315 0.018 0.022
1 0.242 0.389 0.012 0.014
1 0.195 0.415 0.018 0.026
1 0.244 0.474 0.016 0.016
1 0.314 0.508 0.012 0.016
1 0.119 0.575 0.01 0.014
1 0.1 0.553 0.024 0.018
1 0.147 0.549 0.018 0.018
1 0.137 0.541 0.026 0.018
1 0.14 0.524 0.012 0.012
1 0.166 0.514 0.016 0.028
1 0.132 0.61 0.024 0.032
1 0.134 0.644 0.008 0.012
1 0.114 0.639 0.008 0.006
1 0.209 0.621 0.014 0.014
1 0.216 0.603 0.024 0.018
1 0.355 0.589 0.022 0.03
1 0.3 0.714 0.016 0.024
1 0.342 0.699 0.012 0.01
1 0.277 0.762 0.006 0.008
1 0.391 0.798 0.006 0.044
1 0.461 0.618 0.018 0.032
1 0.299 0.306 0.014 0.012
1 0.308 0.3 0.016 0.012
1 0.364 0.346 0.028 0.016
1 0.383 0.308 0.022 0.016
1 0.493 0.409 0.018 0.018
1 0.539 0.404 0.006 0.016
1 0.49 0.006 0.024 0.008
1 0.312 0.221 0.024 0.014
1 0.414 0.189 0.028 0.026
1 0.442 0.252 0.024 0.02
1 0.495 0.071 0.026 0.026
1 0.525 0.006 0.034 0.008
1 0.585 0.005 0.022 0.006
1 0.588 0.033 0.016 0.014
1 0.616 0.011 0.02 0.018
1 0.724 0.02 0.016 0.016
1 0.6 0.11 0.032 0.02
1 0.658 0.125 0.008 0.014
1 0.532 0.23 0.016 0.02
1 0.571 0.466 0.026 0.036
1 0.547 0.45 0.018 0.016
1 0.6 0.354 0.024 0.016
1 0.629 0.294 0.026 0.016
1 0.609 0.263 0.01 0.026
1 0.66 0.271 0.024 0.018
1 0.804 0.365 0.036 0.018
1 0.796 0.351 0.02 0.014
1 0.709 0.128 0.01 0.008
1 0.986 0.007 0.024 0.01
1 0.931 0.062 0.026 0.016
1 0.93 0.084 0.024 0.02
1 0.848 0.056 0.02 0.02
1 0.802 0.138 0.024 0.024
1 0.795 0.21 0.022 0.02
1 0.796 0.169 0.012 0.01
1 0.888 0.157 0.016 0.022
1 0.911 0.182 0.01 0.024
1 0.918 0.139 0.016 0.022
1 0.984 0.26 0.02 0.02
1 0.94 0.267 0.012 0.026
1 0.883 0.265 0.014 0.01
1 0.98 0.337 0.016 0.014
1 0.971 0.33 0.01 0.012
1 0.929 0.394 0.022 0.02
1 0.919 0.293 0.026 0.018
1 0.914 0.275 0.012 0.014
1 0.847 0.385 0.022 0.018
1 0.866 0.383 0.016 0.014
1 0.882 0.364 0.024 0.016
1 0.242 0.428 0.016 0.016
2 0.275 0.989 0.026 0.018
2 0.255 0.981 0.03 0.018
2 0.428 0.976 0.02 0.024
2 0.447 0.989 0.026 0.018
2 0.38 0.99 0.016 0.016
2 0.537 0.984 0.018 0.02
2 0.509 0.784 0.018 0.036
2 0.521 0.756 0.01 0.032
2 0.542 0.7 0.012 0.028
2 0.571 0.65 0.022 0.028
2 0.611 0.598 0.03 0.016
2 0.67 0.592 0.04 0.012
2 0.767 0.606 0.042 0.028
2 0.819 0.644 0.03 0.032
2 0.842 0.675 0.008 0.042
2 0.847 0.747 0.026 0.054
2 0.842 0.771 0.008 0.026
2 0.844 0.807 0.012 0.042
2 0.825 0.912 0.026 0.044
2 0.905 0.995 0.03 0.006
2 0.895 0.987 0.014 0.018
2 0.983 0.979 0.01 0.014
2 0.992 0.877 0.012 0.018
2 0.996 0.596 0.004 0.028
2 0.8 0.553 0.036 0.038
2 0.777 0.472 0.018 0.016
2 0.559 0.546 0.026 0.04
2 0.588 0.619 0.028 0.03
2 0.253 0.876 0.018 0.024
2 0.254 0.856 0.024 0.024
2 0.203 0.878 0.038 0.028
2 0.026 0.758 0.02 0.024
2 0.035 0.545 0.014 0.014
2 0.026 0.268 0.028 0.036
2 0.234 0.015 0.032 0.026
2 0.29 0.021 0.016 0.026
2 0.381 0.009 0.026 0.014
2 0.458 0.047 0.008 0.01
2 0.26 0.101 0.016 0.014
2 0.274 0.126 0.02 0.02
2 0.125 0.197 0.038 0.026
2 0.319 0.329 0.014 0.022
2 0.435 0.178 0.026 0.02
2 0.404 0.126 0.028 0.02
2 0.517 0.167 0.034 0.018
2 0.515 0.127 0.022 0.018
2 0.536 0.468 0.02 0.032
2 0.627 0.458 0.034 0.032
2 0.697 0.217 0.022 0.026
2 0.665 0.154 0.022 0.024
2 0.924 0.18 0.016 0.024
2 0.854 0.088 0.02 0.04
2 0.915 0.305 0.014 0.01
2 0.649 0.329 0.014 0.014
2 0.666 0.325 0.012 0.014
2 0.789 0.34 0.014 0.008
2 0.167 0.148 0.03 0.02
2 0.179 0.675 0.018 0.022