0 0.957 0.984 0.05 0.028
0 0.991 0.908 0.014 0.048
0 0.967 0.913 0.014 0.034
0 0.934 0.894 0.028 0.028
0 0.941 0.821 0.034 0.022
0 0.806 0.817 0.056 0.05
0 0.763 0.898 0.046 0.032
0 0.716 0.906 0.06 0.052
0 0.936 0.668 0.064 0.052
0 0.988 0.587 0.02 0.046
0 0.979 0.497 0.038 0.03
0 0.971 0.516 0.042 0.028
0 0.943 0.492 0.018 0.024
0 0.877 0.421 0.038 0.042
0 0.992 0.178 0.012 0.04
0 0.974 0.113 0.048 0.042
0 0.994 0.059 0.008 0.034
0 0.865 0.047 0.034 0.038
0 0.813 0.034 0.05 0.032
0 0.878 0.117 0.064 0.042
0 0.639 0.019 0.054 0.03
0 0.519 0.008 0.042 0.012
0 0.622 0.094 0.036 0.048
0 0.658 0.153 0.032 0.026
0 0.585 0.149 0.042 0.05
0 0.415 0.069 0.034 0.042
0 0.36 0.056 0.052 0.044
0 0.315 0.022 0.038 0.04
0 0.256 0.024 0.048 0.044
0 0.115 0.014 0.046 0.024
0 0.043 0.004 0.05 0.004
0 0.019 0.018 0.034 0.032
0 0.103 0.068 0.042 0.036
0 0.149 0.095 0.042 0.03
0 0.055 0.082 0.042 0.024
0 0.043 0.097 0.05 0.03
0 0.01 0.148 0.016 0.028
0 0.099 0.172 0.046 0.032
0 0.077 0.196 0.038 0.036
0 0.152 0.201 0.036 0.034
0 0.136 0.205 0.024 0.034
0 0.032 0.223 0.036 0.034
0 0.069 0.235 0.054 0.034
0 0.329 0.102 0.038 0.028
0 0.275 0.152 0.05 0.032
0 0.227 0.201 0.038 0.026
0 0.349 0.251 0.034 0.022
0 0.382 0.284 0.036 0.04
0 0.438 0.284 0.04 0.052
0 0.499 0.186 0.038 0.04
0 0.817 0.194 0.086 0.056
0 0.767 0.186 0.018 0.032
0 0.742 0.25 0.016 0.036
0 0.874 0.239 0.032 0.042
0 0.917 0.295 0.038 0.038
0 0.861 0.302 0.066 0.048
0 0.911 0.311 0.054 0.022
0 0.624 0.251 0.032 0.042
0 0.616 0.274 0.024 0.024
0 0.57 0.261 0.036 0.034
0 0.616 0.372 0.02 0.024
0 0.648 0.383 0.024 0.022
0 0.145 0.34 0.046 0.044
0 0.118 0.378 0.048 0.036
0 0.232 0.321 0.02 0.026
0 0.288 0.331 0.028 0.038
0 0.264 0.329 0.028 0.038
0 0.195 0.413 0.022 0.026
0 0.173 0.39 0.034 0.036
0 0.236 0.389 0.032 0.034
0 0.264 0.376 0.048 0.028
0 0.352 0.354 0.036 0.04
0 0.404 0.365 0.032 0.026
0 0.486 0.394 0.02 0.028
0 0.44 0.422 0.04 0.036
0 0.509 0.458 0.03 0.036
0 0.577 0.417 0.058 0.054
0 0.633 0.464 0.082 0.064
0 0.605 0.507 0.038 0.046
0 0.705 0.457 0.05 0.042
0 0.846 0.486 0.052 0.048
0 0.826 0.532 0.04 0.036
0 0.784 0.522 0.04 0.04
0 0.02 0.439 0.036 0.058
0 0.033 0.504 0.062 0.06
0 0.037 0.574 0.022 0.032
0 0.158 0.579 0.064 0.03
0 0.145 0.477 0.022 0.026
0 0.246 0.512 0.04 0.044
0 0.37 0.557 0.052 0.046
0 0.453 0.547 0.042 0.042
0 0.511 0.642 0.038 0.044
0 0.648 0.603 0.052 0.034
0 0.694 0.628 0.032 0.036
0 0.761 0.638 0.07 0.048
0 0.808 0.695 0.08 0.054
0 0.857 0.723 0.026 0.03
0 0.01 0.689 0.016 0.03
0 0.172 0.631 0.052 0.038
0 0.256 0.641 0.044 0.042
0 0.365 0.651 0.078 0.07
0 0.568 0.681 0.044 0.062
0 0.585 0.677 0.034 0.058
0 0.631 0.688 0.05 0.06
0 0.681 0.738 0.038 0.044
0 0.436 0.725 0.056 0.042
0 0.403 0.742 0.03 0.036
0 0.145 0.686 0.046 0.032
0 0.123 0.728 0.046 0.04
0 0.07 0.795 0.044 0.038
0 0.062 0.856 0.04 0.036
0 0.119 0.858 0.05 0.04
0 0.302 0.793 0.044 0.038
0 0.354 0.786 0.056 0.04
0 0.516 0.818 0.056 0.036
0 0.509 0.883 0.05 0.026
0 0.587 0.935 0.05 0.038
0 0.518 0.992 0.036 0.012
0 0.467 0.975 0.05 0.042
0 0.043 0.94 0.038 0.044
0 0.157 0.978 0.054 0.032
0 0.155 0.935 0.034 0.026
0 0.164 0.914 0.028 0.024
0 0.211 0.892 0.022 0.02
0 0.262 0.868 0.044 0.036
0 0.238 0.909 0.032 0.046
0 0.226 0.949 0.04 0.034
0 0.315 0.987 0.054 0.022
0 0.366 0.945 0.048 0.042
0 0.397 0.93 0.014 0.012
0 0.662 0.893 0.02 0.018
1 0.862 0.845 0.052 0.026
1 0.835 0.859 0.014 0.01
1 0.696 0.964 0.016 0.02
1 0.96 0.714 0.032 0.024
1 0.965 0.538 0.03 0.012
1 0.918 0.562 0.028 0.02
1 0.909 0.416 0.022 0.024
1 0.963 0.275 0.014 0.026
1 0.979 0.059 0.022 0.022
1 0.714 0.025 0.028 0.03
1 0.578 0.048 0.016 0.012
1 0.515 0.125 0.022 0.022
1 0.286 0.026 0.012 0.024
1 0.129 0.246 0.034 0.016
1 0.399 0.303 0.014 0.014
1 0.474 0.245 0.028 0.022
1 0.472 0.184 0.024 0.028
1 0.72 0.204 0.016 0.02
1 0.666 0.19 0.024 0.028
1 0.903 0.244 0.018 0.032
1 0.681 0.286 0.022 0.024
1 0.639 0.309 0.022 0.038
1 0.681 0.326 0.026 0.02
1 0.721 0.344 0.022 0.024
1 0.615 0.337 0.014 0.018
1 0.616 0.351 0.012 0.014
1 0.888 0.361 0.024 0.014
1 0.376 0.379 0.016 0.026
1 0.554 0.324 0.012 0.028
1 0.726 0.451 0.016 0.018
1 0.727 0.437 0.01 0.014
1 0.767 0.555 0.018 0.014
1 0.088 0.47 0.02 0.02
1 0.105 0.481 0.022 0.034
1 0.079 0.51 0.022 0.02
1 0.012 0.561 0.02 0.026
1 0.195 0.508 0.018 0.016
1 0.289 0.533 0.022 0.026
1 0.4 0.524 0.024 0.028
1 0.436 0.529 0.016 0.026
1 0.439 0.619 0.01 0.01
1 0.266 0.723 0.016 0.022
1 0.709 0.758 0.018 0.024
1 0.659 0.768 0.022 0.024
1 0.74 0.806 0.02 0.02
1 0.503 0.73 0.022 0.024
1 0.367 0.734 0.022 0.028
1 0.333 0.752 0.026 0.028
1 0.152 0.729 0.016 0.01
1 0.134 0.761 0.028 0.014
1 0.016 0.767 0.02 0.026
1 0.119 0.795 0.014 0.01
1 0.178 0.841 0.016 0.034
1 0.226 0.827 0.02 0.022
1 0.392 0.815 0.024 0.022
1 0.566 0.922 0.016 0.02
1 0.567 0.966 0.022 0.028
1 0.554 0.992 0.036 0.012
1 0.099 0.965 0.018 0.022
1 0.106 0.911 0.016 0.022
1 0.127 0.912 0.006 0.008
2 0.94 0.914 0.02 0.04
2 0.156 0.066 0.032 0.024
2 0.118 0.145 0.032 0.022
2 0.23 0.226 0.02 0.012
2 0.233 0.241 0.014 0.018
2 0.924 0.252 0.02 0.016
2 0.447 0.17 0.022 0.016
2 0.162 0.32 0.032 0.02
2 0.059 0.438 0.026 0.02
2 0.427 0.594 0.026 0.02
2 0.683 0.498 0.018 0.028
2 0.552 0.509 0.012 0.01
2 0.455 0.841 0.03 0.026
2 0.426 0.942 0.016 0.012
2 0.15 0.886 0.032 0.028
2 0.196 0.911 0.016 0.026
2 0.585 0.968 0.018 0.024
2 0.853 0.693 0.014 0.022
2 0.599 0.649 0.042 0.03
2 0.874 0.7 0.02 0.012