0 0.27 0.644 0.036 0.048
0 0.188 0.562 0.044 0.06
0 0.09 0.608 0.032 0.052
0 0.056 0.551 0.04 0.066
0 0.061 0.65 0.038 0.056
0 0.024 0.684 0.044 0.044
0 0.028 0.739 0.04 0.066
0 0.097 0.741 0.046 0.074
0 0.202 0.764 0.048 0.084
0 0.301 0.725 0.05 0.066
0 0.396 0.681 0.036 0.046
0 0.462 0.8 0.08 0.06
0 0.555 0.725 0.05 0.07
0 0.583 0.753 0.038 0.062
0 0.433 0.545 0.034 0.054
0 0.4 0.54 0.032 0.056
0 0.406 0.49 0.036 0.036
0 0.47 0.513 0.032 0.054
0 0.474 0.661 0.044 0.054
0 0.313 0.426 0.034 0.036
0 0.12 0.511 0.044 0.05
0 0.111 0.474 0.042 0.044
0 0.061 0.443 0.042 0.038
0 0.018 0.394 0.036 0.04
0 0.133 0.431 0.03 0.034
0 0.201 0.425 0.042 0.042
0 0.315 0.347 0.038 0.058
0 0.156 0.317 0.04 0.058
0 0.013 0.325 0.026 0.054
0 0.018 0.218 0.036 0.048
0 0.153 0.219 0.038 0.046
0 0.208 0.231 0.044 0.046
0 0.227 0.206 0.042 0.064
0 0.286 0.261 0.048 0.062
0 0.326 0.199 0.068 0.042
0 0.407 0.333 0.046 0.05
0 0.416 0.294 0.032 0.056
0 0.41 0.421 0.044 0.05
0 0.445 0.444 0.03 0.044
0 0.494 0.414 0.036 0.04
0 0.534 0.408 0.04 0.036
0 0.533 0.342 0.034 0.056
0 0.474 0.327 0.036 0.05
0 0.591 0.165 0.066 0.046
0 0.618 0.228 0.044 0.068
0 0.581 0.29 0.042 0.036
0 0.157 0.153 0.046 0.046
0 0.197 0.098 0.038 0.048
0 0.218 0.079 0.032 0.046
0 0.318 0.063 0.056 0.07
0 0.345 0.104 0.046 0.044
0 0.459 0.09 0.042 0.04
0 0.53 0.083 0.044 0.054
0 0.578 0.07 0.06 0.06
0 0.333 0.011 0.05 0.018
0 0.544 0.012 0.052 0.02
0 0.008 0.127 0.016 0.05
0 0.064 0.207 0.028 0.062
0 0.059 0.872 0.054 0.064
0 0.086 0.852 0.036 0.04
0 0.156 0.965 0.056 0.066
0 0.203 0.927 0.042 0.05
0 0.244 0.91 0.04 0.072
0 0.24 0.853 0.048 0.042
0 0.281 0.864 0.042 0.068
0 0.478 0.979 0.032 0.038
0 0.543 0.958 0.046 0.072
0 0.547 0.838 0.046 0.056
0 0.643 0.799 0.054 0.05
0 0.648 0.842 0.04 0.04
0 0.698 0.772 0.036 0.064
0 0.771 0.774 0.038 0.068
0 0.656 0.719 0.04 0.05
0 0.661 0.651 0.042 0.042
0 0.634 0.606 0.044 0.044
0 0.511 0.582 0.034 0.06
0 0.611 0.543 0.034 0.046
0 0.627 0.502 0.054 0.052
0 0.705 0.541 0.034 0.054
0 0.863 0.556 0.038 0.056
0 0.543 0.515 0.046 0.078
0 0.609 0.461 0.034 0.03
0 0.669 0.448 0.034 0.04
0 0.723 0.431 0.038 0.042
0 0.72 0.474 0.044 0.032
0 0.759 0.385 0.042 0.05
0 0.852 0.47 0.044 0.052
0 0.896 0.512 0.036 0.052
0 0.946 0.471 0.04 0.054
0 0.751 0.327 0.034 0.05
0 0.801 0.298 0.038 0.056
0 0.832 0.343 0.052 0.05
0 0.732 0.252 0.04 0.068
0 0.757 0.233 0.03 0.054
0 0.783 0.214 0.026 0.044
0 0.821 0.218 0.038 0.064
0 0.881 0.275 0.034 0.074
0 0.878 0.213 0.04 0.058
0 0.944 0.304 0.032 0.072
0 0.97 0.218 0.044 0.06
0 0.991 0.314 0.014 0.072
0 0.787 0.108 0.042 0.072
0 0.876 0.057 0.056 0.058
0 0.902 0.104 0.028 0.044
0 0.964 0.131 0.04 0.03
0 0.979 0.036 0.038 0.064
0 0.918 0.023 0.044 0.042
0 0.694 0.054 0.036 0.048
0 0.626 0.103 0.036 0.05
0 0.65 0.971 0.064 0.054
0 0.709 0.977 0.034 0.042
0 0.741 0.918 0.034 0.052
0 0.743 0.981 0.038 0.034
0 0.776 0.981 0.04 0.034
0 0.533 0.909 0.026 0.05
0 0.806 0.672 0.032 0.048
0 0.851 0.663 0.038 0.046
0 0.882 0.652 0.044 0.052
0 0.961 0.804 0.042 0.056
0 0.981 0.728 0.034 0.056
0 0.951 0.687 0.038 0.054
0 0.989 0.663 0.018 0.058
0 0.841 0.975 0.058 0.046
0 0.977 0.979 0.042 0.042
0 0.887 0.879 0.034 0.054
0 0.853 0.846 0.042 0.052
0 0.283 0.777 0.038 0.054
0 0.7 0.306 0.04 0.052
0 0.69 0.223 0.044 0.058
0 0.664 0.1 0.052 0.068
0 0.664 0.277 0.04 0.054
0 0.747 0.056 0.038 0.044
0 0.847 0.095 0.034 0.054
0 0.759 0.09 0.038 0.048
0 0.894 0.479 0.036 0.03
0 0.28 0.976 0.044 0.04
0 0.015 0.955 0.026 0.054
0 0.028 0.99 0.036 0.016
0 0.371 0.973 0.038 0.05
0 0.34 0.968 0.016 0.052
0 0.461 0.75 0.042 0.048
1 0.145 0.786 0.03 0.056
1 0.145 0.728 0.034 0.052
1 0.076 0.992 0.032 0.012
1 0.41 0.804 0.032 0.028
1 0.526 0.623 0.028 0.026
1 0.551 0.575 0.038 0.038
1 0.729 0.716 0.03 0.032
1 0.74 0.689 0.04 0.034
1 0.67 0.691 0.04 0.026
1 0.712 0.819 0.024 0.026
1 0.42 0.914 0.028 0.052
1 0.405 0.759 0.038 0.05
1 0.225 0.462 0.03 0.024
1 0.205 0.376 0.034 0.036
1 0.151 0.276 0.034 0.028
1 0.346 0.342 0.016 0.044
1 0.34 0.276 0.028 0.024
1 0.519 0.294 0.034 0.016
1 0.474 0.242 0.024 0.032
1 0.485 0.165 0.022 0.046
1 0.18 0.213 0.024 0.034
1 0.21 0.015 0.044 0.026
1 0.093 0.097 0.042 0.054
1 0.418 0.052 0.044 0.036
1 0.418 0.018 0.032 0.02
1 0.076 0.044 0.048 0.02
1 0.373 0.649 0.022 0.03
1 0.105 0.583 0.03 0.042
1 0.042 0.498 0.028 0.028
1 0.032 0.652 0.024 0.028
1 0.093 0.817 0.038 0.038
1 0.492 0.454 0.048 0.036
1 0.669 0.368 0.022 0.044
1 0.628 0.38 0.036 0.032
1 0.682 0.526 0.024 0.04
1 0.661 0.149 0.026 0.03
1 0.629 0.136 0.026 0.028
1 0.089 0.406 0.042 0.024
1 0.319 0.485 0.042 0.022
1 0.412 0.382 0.044 0.036
1 0.596 0.377 0.028 0.026
1 0.335 0.715 0.022 0.05
1 0.186 0.945 0.02 0.038
1 0.4 0.987 0.024 0.022
1 0.12 0.902 0.016 0.024
1 0.899 0.415 0.03 0.038
1 0.993 0.438 0.01 0.028
1 0.993 0.19 0.01 0.056
1 0.993 0.134 0.01 0.048
1 0.731 0.13 0.03 0.048
2 0.066 0.764 0.036 0.072
2 0.252 0.574 0.048 0.028
2 0.604 0.905 0.036 0.058
2 0.835 0.883 0.022 0.034
2 0.435 0.662 0.026 0.056
2 0.59 0.684 0.028 0.044
2 0.73 0.604 0.024 0.028
2 0.69 0.423 0.024 0.05
2 0.875 0.6 0.034 0.044
2 0.816 0.797 0.032 0.026
2 0.713 0.865 0.022 0.03
2 0.735 0.819 0.022 0.022
2 0.55 0.787 0.02 0.042
2 0.487 0.72 0.026 0.028
2 0.748 0.02 0.04 0.036
2 0.367 0.052 0.038 0.044
2 0.312 0.244 0.048 0.048
2 0.252 0.111 0.032 0.034
2 0.334 0.448 0.024 0.032
2 0.414 0.249 0.036 0.046
2 0.376 0.125 0.024 0.046