0 0.235 0.935 0.058 0.086
0 0.155 0.907 0.058 0.066
0 0.091 0.885 0.042 0.058
0 0.126 0.962 0.056 0.072
0 0.176 0.985 0.048 0.026
0 0.016 0.904 0.032 0.044
0 0.051 0.954 0.018 0.032
0 0.038 0.813 0.036 0.058
0 0.027 0.698 0.042 0.072
0 0.072 0.713 0.056 0.09
0 0.164 0.656 0.036 0.048
0 0.064 0.536 0.04 0.076
0 0.096 0.608 0.044 0.052
0 0.221 0.671 0.046 0.074
0 0.21 0.536 0.036 0.064
0 0.255 0.516 0.034 0.052
0 0.346 0.498 0.044 0.056
0 0.432 0.564 0.064 0.116
0 0.386 0.621 0.028 0.05
0 0.359 0.631 0.034 0.034
0 0.423 0.475 0.054 0.042
0 0.298 0.387 0.04 0.062
0 0.325 0.35 0.038 0.072
0 0.43 0.332 0.036 0.048
0 0.48 0.357 0.052 0.062
0 0.434 0.427 0.044 0.05
0 0.446 0.391 0.04 0.03
0 0.485 0.44 0.034 0.068
0 0.623 0.449 0.038 0.05
0 0.625 0.393 0.038 0.046
0 0.626 0.345 0.052 0.05
0 0.768 0.383 0.048 0.062
0 0.757 0.254 0.042 0.048
0 0.817 0.232 0.038 0.044
0 0.911 0.26 0.066 0.092
0 0.942 0.214 0.064 0.06
0 0.937 0.145 0.042 0.042
0 0.881 0.134 0.03 0.036
0 0.772 0.068 0.044 0.052
0 0.832 0.082 0.036 0.04
0 0.871 0.075 0.022 0.022
0 0.886 0.028 0.036 0.052
0 0.93 0.02 0.036 0.036
0 0.658 0.155 0.052 0.074
0 0.634 0.052 0.044 0.056
0 0.692 0.109 0.032 0.05
0 0.702 0.04 0.04 0.048
0 0.67 0.037 0.036 0.046
0 0.625 0.262 0.038 0.064
0 0.623 0.183 0.054 0.066
0 0.711 0.239 0.034 0.058
0 0.516 0.158 0.028 0.04
0 0.436 0.27 0.04 0.056
0 0.319 0.283 0.05 0.062
0 0.251 0.306 0.042 0.064
0 0.188 0.399 0.056 0.09
0 0.171 0.31 0.046 0.04
0 0.186 0.201 0.04 0.054
0 0.246 0.067 0.052 0.086
0 0.316 0.157 0.04 0.07
0 0.126 0.062 0.056 0.088
0 0.068 0.112 0.04 0.04
0 0.022 0.188 0.044 0.076
0 0.072 0.235 0.032 0.042
0 0.037 0.313 0.022 0.026
0 0.044 0.338 0.024 0.02
0 0.056 0.41 0.052 0.068
0 0.089 0.451 0.03 0.054
0 0.184 0.254 0.036 0.036
0 0.012 0.038 0.024 0.056
0 0.113 0.096 0.042 0.068
0 0.153 0.25 0.042 0.084
0 0.408 0.163 0.032 0.05
0 0.45 0.135 0.028 0.038
0 0.363 0.033 0.026 0.038
0 0.834 0.87 0.056 0.048
0 0.654 0.862 0.044 0.06
0 0.803 0.916 0.042 0.04
0 0.958 0.866 0.036 0.04
0 0.923 0.748 0.062 0.068
0 0.98 0.645 0.036 0.078
0 0.947 0.546 0.042 0.064
0 0.99 0.507 0.016 0.066
0 0.986 0.405 0.024 0.05
0 0.896 0.352 0.052 0.052
0 0.683 0.472 0.05 0.076
0 0.551 0.372 0.018 0.02
0 0.571 0.388 0.018 0.024
0 0.336 0.403 0.02 0.018
0 0.383 0.381 0.018 0.038
0 0.188 0.462 0.032 0.032
0 0.247 0.442 0.042 0.056
0 0.275 0.503 0.022 0.034
0 0.006 0.464 0.012 0.064
0 0.143 0.595 0.058 0.074
0 0.113 0.642 0.022 0.02
0 0.007 0.609 0.014 0.026
0 0.022 0.582 0.02 0.024
0 0.154 0.728 0.028 0.04
0 0.381 0.819 0.054 0.07
0 0.429 0.86 0.038 0.052
0 0.481 0.849 0.046 0.062
0 0.53 0.855 0.04 0.058
0 0.567 0.871 0.03 0.03
0 0.562 0.824 0.052 0.052
0 0.676 0.741 0.052 0.066
0 0.807 0.571 0.046 0.046
0 0.785 0.752 0.038 0.052
0 0.717 0.759 0.022 0.026
0 0.721 0.513 0.074 0.058
0 0.789 0.485 0.05 0.074
0 0.849 0.526 0.018 0.02
0 0.853 0.506 0.022 0.02
0 0.817 0.664 0.074 0.096
0 0.732 0.628 0.024 0.024
0 0.908 0.663 0.016 0.026
0 0.531 0.601 0.026 0.034
0 0.136 0.464 0.056 0.06
0 0.168 0.483 0.024 0.022
0 0.32 0.563 0.032 0.03
0 0.335 0.724 0.034 0.028
0 0.371 0.719 0.03 0.03
0 0.488 0.595 0.032 0.034
0 0.599 0.663 0.026 0.034
0 0.469 0.969 0.058 0.042
0 0.421 0.993 0.042 0.01
0 0.265 0.888 0.046 0.076
0 0.353 0.841 0.042 0.046
0 0.516 0.754 0.028 0.06
0 0.404 0.708 0.032 0.056
0 0.547 0.464 0.038 0.028
0 0.545 0.49 0.022 0.02
0 0.592 0.133 0.04 0.034
0 0.802 0.138 0.064 0.076
0 0.581 0.02 0.034 0.032
0 0.545 0.165 0.05 0.07
0 0.456 0.014 0.04 0.024
0 0.463 0.039 0.046 0.046
0 0.459 0.068 0.042 0.036
0 0.302 0.016 0.06 0.028
0 0.263 0.179 0.034 0.038
0 0.258 0.2 0.032 0.024
0 0.226 0.122 0.028 0.036
0 0.053 0.032 0.018 0.024
0 0.086 0.038 0.04 0.06
0 0.349 0.142 0.054 0.064
0 0.374 0.178 0.032 0.048
0 0.201 0.281 0.034 0.034
0 0.553 0.243 0.026 0.03
0 0.629 0.217 0.026 0.026
0 0.521 0.228 0.014 0.02
0 0.211 0.303 0.022 0.018
0 0.116 0.223 0.028 0.05
0 0.266 0.151 0.02 0.022
0 0.333 0.022 0.022 0.028
0 0.966 0.132 0.044 0.028
0 0.798 0.345 0.04 0.034
0 0.957 0.386 0.018 0.02
0 0.977 0.32 0.022 0.028
0 0.985 0.353 0.026 0.03
0 0.318 0.655 0.048 0.082
0 0.399 0.667 0.022 0.014
0 0.543 0.645 0.042 0.034
0 0.559 0.701 0.042 0.07
0 0.548 0.737 0.036 0.05
0 0.748 0.778 0.02 0.024
0 0.836 0.821 0.02 0.022
0 0.698 0.872 0.02 0.032
0 0.788 0.833 0.044 0.038
0 0.669 0.967 0.062 0.062
0 0.709 0.978 0.046 0.04
0 0.74 0.968 0.032 0.04
0 0.793 0.964 0.074 0.068
0 0.874 0.953 0.056 0.026
0 0.937 0.826 0.042 0.032
0 0.879 0.908 0.014 0.008
0 0.829 0.778 0.026 0.04
0 0.642 0.608 0.02 0.032
0 0.686 0.248 0.024 0.02
0 0.812 0.417 0.012 0.014
0 0.86 0.45 0.02 0.02
0 0.975 0.012 0.022 0.02
0 0.994 0.133 0.008 0.022
0 0.783 0.317 0.05 0.03
0 0.114 0.506 0.06 0.04
0 0.24 0.753 0.012 0.018
0 0.23 0.815 0.016 0.014
0 0.17 0.864 0.036 0.028
0 0.577 0.242 0.018 0.036
0 0.108 0.783 0.036 0.054
0 0.463 0.673 0.018 0.022
0 0.419 0.766 0.022 0.036
0 0.494 0.908 0.056 0.048
0 0.028 0.747 0.024 0.014
0 0.004 0.813 0.008 0.05
0 0.545 0.773 0.022 0.018
0 0.907 0.939 0.022 0.018
0 0.991 0.903 0.014 0.03
0 0.65 0.64 0.02 0.032
0 0.643 0.62 0.01 0.008
0 0.745 0.455 0.018 0.026
0 0.931 0.448 0.026 0.02
0 0.736 0.428 0.016 0.016
0 0.765 0.441 0.034 0.03
0 0.851 0.425 0.018 0.014
0 0.822 0.261 0.016 0.018
0 0.862 0.253 0.024 0.018
0 0.87 0.236 0.02 0.016
0 0.52 0.197 0.032 0.034
0 0.733 0.465 0.018 0.014
0 0.806 0.375 0.016 0.01
0 0.965 0.582 0.034 0.044
0 0.688 0.661 0.028 0.058
0 0.963 0.838 0.026 0.02
0 0.893 0.861 0.042 0.07
0 0.864 0.982 0.028 0.032
0 0.896 0.977 0.028 0.03
0 0.423 0.207 0.018 0.01
0 0.286 0.182 0.012 0.012
0 0.23 0.794 0.024 0.032
0 0.079 0.776 0.022 0.02
0 0.433 0.64 0.01 0.008
0 0.649 0.503 0.018 0.014
0 0.571 0.993 0.026 0.01
0 0.791 0.776 0.018 0.024
0 0.516 0.102 0.02 0.02
0 0.566 0.754 0.032 0.032
0 0.89 0.678 0.02 0.028
0 0.433 0.896 0.01 0.016
0 0.773 0.036 0.022 0.028
1 0.806 0.742 0.008 0.02
1 0.879 0.917 0.01 0.006
1 0.781 0.608 0.022 0.02
1 0.571 0.039 0.018 0.022
1 0.965 0.09 0.018 0.024
1 0.389 0.327 0.018 0.034
1 0.459 0.194 0.03 0.016
1 0.707 0.288 0.018 0.024
1 0.3 0.434 0.016 0.016
1 0.251 0.797 0.014 0.026
1 0.287 0.826 0.018 0.024
1 0.29 0.722 0.008 0.008
1 0.168 0.081 0.028 0.018
1 0.24 0.157 0.02 0.01
1 0.087 0.202 0.022 0.016
1 0.02 0.849 0.012 0.018
1 0.016 0.769 0.008 0.014
1 0.711 0.861 0.014 0.014
1 0.746 0.731 0.012 0.01
1 0.748 0.745 0.016 0.01
1 0.555 0.218 0.01 0.008
1 0.57 0.487 0.016 0.01
1 0.808 0.947 0.016 0.01
1 0.28 0.612 0.008 0.016
1 0.126 0.372 0.012 0.016
1 0.015 0.304 0.01 0.012
1 0.012 0.116 0.012 0.02
1 0.478 0.11 0.004 0.008
1 0.481 0.099 0.002 0.006
1 0.478 0.092 0.004 0.008
1 0.517 0.057 0.006 0.01
1 0.419 0.023 0.01 0.01
1 0.287 0.746 0.006 0.008
1 0.613 0.318 0.01 0.008
1 0.62 0.313 0.008 0.01
1 0.758 0.59 0.008 0.008
1 0.946 0.987 0.008 0.006
1 0.619 0.109 0.01 0.01
1 0.338 0.957 0.016 0.022
1 0.323 0.443 0.018 0.014
1 0.554 0.407 0.012 0.018
2 0.817 0.004 0.026 0.004
2 0.997 0.175 0.002 0.026
2 0.316 0.764 0.02 0.012
2 0.279 0.759 0.022 0.022
2 0.51 0.641 0.016 0.038
2 0.662 0.23 0.036 0.032
2 0.355 0.677 0.014 0.01
2 0.354 0.661 0.02 0.018
2 0.004 0.576 0.008 0.008
2 0.267 0.997 0.046 0.002
2 0.384 0.875 0.008 0.006
2 0.702 0.934 0.004 0.008
2 0.125 0.195 0.014 0.01
2 0.004 0.14 0.004 0.004
2 0.737 0.054 0.002 0.004
2 0.314 0.931 0.02 0.014
2 0.152 0.819 0.016 0.01
2 0.172 0.812 0.016 0.008