0 0.484 0.334 0.076 0.072
0 0.687 0.328 0.05 0.036
0 0.897 0.022 0.07 0.044
0 0.817 0.015 0.038 0.03
0 0.775 0.024 0.046 0.048
0 0.732 0.018 0.04 0.036
0 0.837 0.144 0.034 0.052
0 0.697 0.063 0.054 0.05
0 0.885 0.156 0.034 0.044
0 0.764 0.15 0.036 0.052
0 0.579 0.033 0.042 0.066
0 0.973 0.117 0.05 0.058
0 0.872 0.302 0.052 0.068
0 0.857 0.255 0.034 0.034
0 0.893 0.289 0.05 0.042
0 0.915 0.335 0.054 0.078
0 0.938 0.409 0.076 0.078
0 0.936 0.513 0.064 0.074
0 0.987 0.498 0.022 0.084
0 0.967 0.628 0.058 0.056
0 0.902 0.625 0.036 0.038
0 0.914 0.678 0.06 0.068
0 0.984 0.716 0.028 0.052
0 0.88 0.705 0.032 0.05
0 0.977 0.674 0.03 0.024
0 0.813 0.692 0.062 0.08
0 0.826 0.596 0.02 0.04
0 0.795 0.157 0.022 0.038
0 0.698 0.201 0.036 0.054
0 0.696 0.143 0.044 0.054
0 0.72 0.164 0.044 0.044
0 0.757 0.297 0.066 0.046
0 0.699 0.256 0.074 0.076
0 0.644 0.221 0.032 0.062
0 0.618 0.233 0.036 0.062
0 0.569 0.239 0.022 0.034
0 0.499 0.245 0.046 0.05
0 0.602 0.182 0.028 0.044
0 0.605 0.139 0.05 0.042
0 0.653 0.172 0.038 0.044
0 0.63 0.089 0.024 0.026
0 0.72 0.426 0.036 0.04
0 0.757 0.19 0.038 0.036
0 0.787 0.521 0.054 0.062
0 0.691 0.479 0.046 0.054
0 0.661 0.435 0.05 0.062
0 0.641 0.386 0.034 0.048
0 0.573 0.365 0.038 0.054
0 0.711 0.357 0.042 0.038
0 0.569 0.423 0.038 0.042
0 0.495 0.419 0.074 0.09
0 0.511 0.483 0.034 0.034
0 0.606 0.531 0.08 0.086
0 0.694 0.537 0.032 0.042
0 0.788 0.449 0.044 0.026
0 0.764 0.422 0.056 0.04
0 0.689 0.573 0.018 0.026
0 0.651 0.573 0.022 0.034
0 0.685 0.646 0.026 0.044
0 0.653 0.644 0.038 0.04
0 0.534 0.57 0.036 0.04
0 0.644 0.728 0.032 0.044
0 0.831 0.768 0.046 0.028
0 0.812 0.774 0.032 0.032
0 0.878 0.848 0.044 0.04
0 0.877 0.817 0.026 0.034
0 0.828 0.854 0.032 0.044
0 0.813 0.877 0.042 0.038
0 0.814 0.833 0.028 0.026
0 0.792 0.888 0.044 0.04
0 0.925 0.898 0.046 0.036
0 0.967 0.903 0.038 0.05
0 0.964 0.946 0.04 0.032
0 0.983 0.98 0.034 0.036
0 0.883 0.941 0.034 0.034
0 0.895 0.986 0.042 0.024
0 0.994 0.893 0.008 0.034
0 0.733 0.856 0.034 0.04
0 0.696 0.871 0.04 0.042
0 0.662 0.82 0.04 0.04
0 0.746 0.942 0.016 0.016
0 0.617 0.985 0.038 0.026
0 0.608 0.917 0.036 0.042
0 0.579 0.932 0.038 0.036
0 0.554 0.927 0.044 0.034
0 0.507 0.93 0.042 0.036
0 0.483 0.906 0.034 0.04
0 0.444 0.899 0.044 0.074
0 0.466 0.97 0.056 0.044
0 0.488 0.99 0.028 0.016
0 0.556 0.812 0.044 0.06
0 0.62 0.747 0.036 0.03
0 0.707 0.827 0.034 0.022
0 0.515 0.812 0.018 0.016
0 0.702 0.737 0.024 0.042
0 0.686 0.765 0.016 0.022
0 0.992 0.054 0.012 0.048
0 0.985 0.164 0.026 0.036
0 0.974 0.194 0.028 0.048
0 0.549 0.132 0.034 0.024
0 0.521 0.097 0.034 0.038
0 0.526 0.073 0.032 0.042
0 0.496 0.033 0.048 0.066
0 0.465 0.137 0.038 0.058
0 0.436 0.12 0.028 0.028
0 0.411 0.156 0.034 0.036
0 0.414 0.128 0.02 0.02
0 0.352 0.012 0.04 0.024
0 0.429 0.058 0.026 0.036
0 0.324 0.058 0.04 0.048
0 0.346 0.092 0.044 0.044
0 0.39 0.05 0.036 0.052
0 0.362 0.125 0.028 0.022
0 0.318 0.187 0.024 0.042
0 0.298 0.234 0.036 0.04
0 0.37 0.323 0.032 0.038
0 0.326 0.309 0.04 0.034
0 0.355 0.291 0.03 0.05
0 0.398 0.433 0.08 0.066
0 0.423 0.571 0.058 0.078
0 0.472 0.564 0.036 0.032
0 0.491 0.596 0.022 0.048
0 0.454 0.651 0.036 0.046
0 0.536 0.687 0.056 0.046
0 0.509 0.737 0.038 0.038
0 0.513 0.77 0.046 0.028
0 0.542 0.745 0.02 0.038
0 0.438 0.824 0.076 0.064
0 0.45 0.804 0.032 0.028
0 0.374 0.784 0.036 0.064
0 0.308 0.726 0.064 0.092
0 0.314 0.637 0.06 0.09
0 0.26 0.7 0.036 0.032
0 0.255 0.743 0.03 0.042
0 0.243 0.71 0.038 0.056
0 0.278 0.786 0.024 0.036
0 0.266 0.847 0.06 0.058
0 0.301 0.847 0.026 0.034
0 0.235 0.88 0.066 0.08
0 0.241 0.923 0.05 0.034
0 0.333 0.924 0.054 0.052
0 0.311 0.903 0.038 0.066
0 0.347 0.977 0.05 0.042
0 0.26 0.971 0.036 0.034
0 0.273 0.993 0.03 0.01
0 0.186 0.94 0.044 0.044
0 0.057 0.955 0.05 0.058
0 0.153 0.948 0.022 0.016
0 0.166 0.958 0.024 0.028
0 0.011 0.976 0.018 0.044
0 0.182 0.81 0.064 0.068
0 0.045 0.847 0.05 0.042
0 0.116 0.792 0.04 0.06
0 0.074 0.814 0.036 0.032
0 0.092 0.889 0.052 0.05
0 0.005 0.886 0.006 0.024
0 0.028 0.801 0.052 0.066
0 0.03 0.76 0.044 0.04
0 0.156 0.722 0.056 0.08
0 0.072 0.695 0.028 0.026
0 0.017 0.716 0.03 0.02
0 0.153 0.67 0.042 0.052
0 0.022 0.633 0.04 0.022
0 0.021 0.58 0.038 0.064
0 0.313 0.538 0.042 0.044
0 0.272 0.532 0.04 0.052
0 0.23 0.524 0.028 0.036
0 0.206 0.582 0.036 0.064
0 0.13 0.595 0.024 0.03
0 0.101 0.582 0.038 0.04
0 0.161 0.54 0.054 0.052
0 0.011 0.522 0.018 0.056
0 0.079 0.497 0.034 0.058
0 0.286 0.411 0.036 0.05
0 0.276 0.449 0.024 0.026
0 0.136 0.41 0.036 0.048
0 0.016 0.453 0.028 0.05
0 0.017 0.483 0.03 0.026
0 0.181 0.232 0.05 0.064
0 0.183 0.263 0.05 0.042
0 0.253 0.137 0.05 0.05
0 0.298 0.116 0.04 0.048
0 0.194 0.048 0.044 0.048
0 0.071 0.233 0.05 0.054
0 0.073 0.197 0.034 0.034
0 0.04 0.191 0.044 0.054
0 0.007 0.177 0.01 0.07
0 0.003 0.048 0.002 0.028
0 0.003 0.082 0.002 0.012
0 0.174 0.301 0.04 0.038
0 0.228 0.249 0.02 0.018
0 0.25 0.261 0.028 0.03
0 0.015 0.298 0.026 0.032
0 0.547 0.603 0.042 0.034
0 0.209 0.665 0.034 0.034
1 0.882 0.048 0.028 0.02
1 0.952 0.134 0.028 0.028
1 0.991 0.27 0.014 0.032
1 0.936 0.322 0.024 0.024
1 0.98 0.336 0.028 0.02
1 0.929 0.461 0.03 0.026
1 0.88 0.518 0.02 0.028
1 0.905 0.719 0.022 0.026
1 0.876 0.675 0.024 0.018
1 0.842 0.651 0.024 0.026
1 0.861 0.447 0.026 0.026
1 0.738 0.214 0.024 0.032
1 0.663 0.312 0.018 0.02
1 0.549 0.28 0.026 0.024
1 0.812 0.47 0.024 0.028
1 0.613 0.33 0.026 0.028
1 0.605 0.441 0.022 0.03
1 0.826 0.416 0.028 0.024
1 0.55 0.586 0.024 0.04
1 0.619 0.668 0.026 0.024
1 0.633 0.676 0.026 0.028
1 0.73 0.79 0.024 0.024
1 0.873 0.953 0.026 0.026
1 0.946 0.988 0.036 0.02
1 0.875 0.979 0.026 0.026
1 0.822 0.979 0.028 0.026
1 0.988 0.934 0.02 0.02
1 0.518 0.901 0.024 0.03
1 0.426 0.868 0.024 0.02
1 0.518 0.979 0.02 0.038
1 0.625 0.764 0.03 0.02
1 0.991 0.668 0.014 0.02
1 0.992 0.198 0.012 0.044
1 0.621 0.006 0.03 0.012
1 0.459 0.01 0.034 0.02
1 0.411 0.056 0.022 0.028
1 0.334 0.25 0.02 0.032
1 0.303 0.264 0.026 0.02
1 0.428 0.487 0.028 0.03
1 0.467 0.542 0.03 0.024
1 0.403 0.506 0.03 0.028
1 0.428 0.782 0.032 0.016
1 0.338 0.715 0.02 0.03
1 0.351 0.659 0.018 0.038
1 0.349 0.601 0.03 0.026
1 0.262 0.652 0.024 0.024
1 0.266 0.723 0.02 0.018
1 0.151 0.918 0.022 0.02
1 0.13 0.979 0.024 0.026
1 0.247 0.568 0.026 0.024
1 0.183 0.604 0.034 0.024
1 0.193 0.531 0.026 0.03
1 0.235 0.385 0.022 0.038
1 0.24 0.353 0.024 0.03
1 0.057 0.461 0.034 0.026
1 0.013 0.397 0.022 0.046
1 0.098 0.355 0.036 0.022
1 0.054 0.059 0.04 0.022
1 0.23 0.273 0.024 0.026
1 0.136 0.171 0.02 0.03
1 0.162 0.197 0.024 0.026
1 0.328 0.343 0.024 0.034
2 0.4 0.201 0.036 0.038
2 0.379 0.207 0.03 0.038
2 0.073 0.106 0.058 0.056
2 0.678 0.09 0.016 0.032
2 0.656 0.059 0.048 0.054
2 0.666 0.143 0.016 0.034
2 0.658 0.116 0.036 0.028
2 0.635 0.124 0.03 0.032
2 0.603 0.377 0.034 0.046
2 0.765 0.473 0.058 0.046
2 0.774 0.367 0.02 0.026
2 0.75 0.328 0.012 0.012
2 0.639 0.34 0.014 0.02
2 0.558 0.462 0.04 0.06
2 0.789 0.768 0.018 0.012
2 0.886 0.797 0.032 0.022
2 0.768 0.867 0.02 0.01
2 0.803 0.851 0.022 0.026
2 0.814 0.956 0.032 0.024
2 0.787 0.823 0.022 0.026
2 0.735 0.932 0.022 0.024
2 0.693 0.921 0.042 0.034
2 0.723 0.988 0.038 0.02
2 0.588 0.972 0.048 0.036
2 0.535 0.908 0.034 0.028
2 0.394 0.889 0.02 0.026
2 0.915 0.573 0.034 0.042
2 0.766 0.663 0.036 0.03
2 0.597 0.716 0.01 0.012
2 0.798 0.625 0.024 0.066
2 0.947 0.649 0.014 0.026
2 0.921 0.101 0.026 0.026
2 0.95 0.061 0.04 0.03
2 0.992 0.233 0.012 0.03
2 0.986 0.411 0.016 0.018
2 0.611 0.109 0.014 0.026
2 0.654 0.148 0.016 0.012
2 0.655 0.135 0.01 0.014
2 0.645 0.017 0.018 0.034
2 0.374 0.157 0.02 0.034
2 0.318 0.241 0.024 0.034
2 0.381 0.345 0.018 0.014
2 0.477 0.476 0.034 0.036
2 0.389 0.526 0.062 0.08
2 0.5 0.628 0.012 0.024
2 0.546 0.773 0.008 0.022
2 0.478 0.681 0.036 0.038
2 0.384 0.674 0.04 0.044
2 0.274 0.642 0.016 0.016
2 0.225 0.701 0.034 0.042
2 0.228 0.732 0.036 0.032
2 0.251 0.823 0.038 0.03
2 0.081 0.988 0.022 0.02
2 0.213 0.972 0.014 0.016
2 0.095 0.789 0.018 0.038
2 0.061 0.884 0.018 0.024
2 0.043 0.899 0.054 0.042
2 0.022 0.879 0.02 0.026
2 0.108 0.707 0.052 0.078
2 0.124 0.746 0.048 0.02
2 0.024 0.697 0.02 0.034
2 0.164 0.588 0.032 0.048
2 0.185 0.547 0.022 0.022
2 0.108 0.514 0.032 0.036
2 0.134 0.495 0.048 0.034
2 0.246 0.447 0.044 0.038
2 0.099 0.411 0.038 0.042
2 0.064 0.438 0.04 0.032
2 0.047 0.417 0.042 0.066
2 0.241 0.1 0.046 0.048
2 0.289 0.076 0.03 0.04
2 0.066 0.042 0.036 0.024
2 0.039 0.008 0.046 0.016
2 0.029 0.016 0.026 0.02
2 0.037 0.033 0.026 0.014
2 0.05 0.285 0.036 0.026
2 0.455 0.206 0.038 0.048
2 0.152 0.214 0.012 0.024
2 0.348 0.462 0.02 0.016
2 0.464 0.274 0.028 0.048
2 0.348 0.401 0.016 0.03
2 0.577 0.325 0.018 0.022
2 0.404 0.771 0.02 0.042
2 0.334 0.859 0.036 0.042
2 0.316 0.954 0.024 0.028
2 0.922 0.845 0.016 0.018
2 0.096 0.542 0.032 0.052
2 0.285 0.573 0.03 0.034
2 0.136 0.621 0.036 0.038
2 0.083 0.654 0.022 0.044
2 0.005 0.75 0.006 0.028
2 0.005 0.72 0.006 0.016
2 0.164 0.076 0.036 0.044
2 0.01 0.211 0.016 0.034