0 0.056 0.392 0.044 0.064
0 0.144 0.168 0.052 0.096
0 0.291 0.159 0.038 0.078
0 0.315 0.075 0.042 0.058
0 0.448 0.088 0.036 0.048
0 0.388 0.217 0.028 0.058
0 0.334 0.315 0.028 0.086
0 0.298 0.285 0.036 0.066
0 0.388 0.308 0.028 0.048
0 0.47 0.281 0.028 0.05
0 0.532 0.281 0.04 0.066
0 0.506 0.371 0.04 0.066
0 0.429 0.396 0.026 0.056
0 0.495 0.471 0.038 0.062
0 0.552 0.429 0.04 0.058
0 0.586 0.475 0.036 0.05
0 0.626 0.432 0.032 0.044
0 0.73 0.368 0.028 0.04
0 0.79 0.305 0.032 0.058
0 0.771 0.248 0.03 0.068
0 0.853 0.171 0.054 0.086
0 0.944 0.131 0.028 0.058
0 0.981 0.161 0.034 0.03
0 0.938 0.305 0.032 0.098
0 0.972 0.272 0.028 0.092
0 0.743 0.45 0.034 0.048
0 0.782 0.447 0.024 0.046
0 0.722 0.473 0.04 0.058
0 0.725 0.567 0.03 0.054
0 0.627 0.618 0.038 0.06
0 0.579 0.626 0.026 0.048
0 0.384 0.586 0.044 0.068
0 0.397 0.637 0.03 0.062
0 0.363 0.681 0.03 0.042
0 0.302 0.744 0.032 0.052
0 0.311 0.674 0.03 0.064
0 0.125 0.227 0.046 0.078
0 0.12 0.279 0.04 0.05
0 0.363 0.14 0.078 0.048
0 0.476 0.187 0.032 0.042
0 0.498 0.166 0.036 0.044
0 0.607 0.276 0.03 0.052
0 0.638 0.227 0.04 0.054
0 0.737 0.279 0.038 0.066
0 0.87 0.254 0.044 0.076
0 0.967 0.426 0.034 0.052
0 0.966 0.465 0.036 0.034
0 0.959 0.511 0.03 0.05
0 0.941 0.548 0.034 0.052
0 0.865 0.503 0.034 0.042
0 0.883 0.521 0.038 0.054
0 0.897 0.593 0.03 0.046
0 0.797 0.657 0.042 0.058
0 0.845 0.633 0.026 0.054
0 0.934 0.677 0.032 0.034
0 0.969 0.642 0.03 0.036
0 0.866 0.583 0.028 0.042
0 0.77 0.579 0.032 0.046
0 0.753 0.697 0.026 0.042
0 0.705 0.726 0.026 0.04
0 0.652 0.665 0.032 0.046
0 0.523 0.679 0.03 0.058
0 0.5 0.713 0.032 0.042
0 0.491 0.801 0.03 0.066
0 0.46 0.838 0.032 0.044
0 0.385 0.829 0.03 0.05
0 0.33 0.888 0.036 0.056
0 0.238 0.865 0.024 0.058
0 0.217 0.872 0.03 0.052
0 0.228 0.928 0.032 0.052
0 0.043 0.942 0.026 0.044
0 0.042 0.981 0.032 0.034
0 0.082 0.985 0.036 0.026
0 0.083 0.944 0.038 0.056
0 0.045 0.861 0.042 0.074
0 0.062 0.813 0.04 0.054
0 0.108 0.748 0.036 0.036
0 0.024 0.643 0.048 0.062
0 0.026 0.738 0.052 0.068
0 0.193 0.686 0.03 0.044
0 0.229 0.689 0.03 0.066
0 0.057 0.525 0.042 0.074
0 0.192 0.394 0.044 0.104
0 0.217 0.417 0.022 0.062
0 0.255 0.407 0.03 0.046
0 0.236 0.558 0.036 0.06
0 0.19 0.539 0.02 0.03
0 0.154 0.564 0.032 0.056
0 0.181 0.609 0.038 0.054
0 0.252 0.619 0.028 0.046
0 0.44 0.509 0.044 0.054
0 0.351 0.552 0.022 0.028
0 0.378 0.53 0.028 0.024
0 0.308 0.445 0.028 0.046
0 0.281 0.447 0.026 0.042
0 0.399 0.737 0.03 0.042
0 0.529 0.741 0.022 0.03
0 0.526 0.774 0.016 0.032
0 0.568 0.791 0.028 0.062
0 0.59 0.851 0.024 0.038
0 0.575 0.907 0.026 0.042
0 0.467 0.9 0.034 0.036
0 0.452 0.922 0.032 0.036
0 0.45 0.957 0.028 0.034
0 0.589 0.977 0.03 0.042
0 0.515 0.917 0.026 0.042
0 0.612 0.905 0.032 0.042
0 0.68 0.874 0.028 0.04
0 0.69 0.907 0.036 0.038
0 0.715 0.946 0.03 0.044
0 0.612 0.985 0.032 0.026
0 0.685 0.8 0.046 0.056
0 0.772 0.799 0.04 0.062
0 0.871 0.885 0.022 0.038
0 0.849 0.946 0.018 0.036
0 0.789 0.974 0.03 0.028
0 0.91 0.934 0.028 0.032
0 0.916 0.9 0.032 0.04
0 0.953 0.893 0.03 0.042
0 0.973 0.842 0.03 0.052
0 0.991 0.805 0.014 0.042
0 0.872 0.802 0.028 0.048
0 0.911 0.86 0.03 0.036
0 0.494 0.258 0.04 0.06
0 0.51 0.063 0.032 0.054
0 0.443 0.011 0.034 0.022
0 0.576 0.077 0.048 0.082
0 0.547 0.096 0.026 0.052
0 0.558 0.125 0.028 0.026
0 0.666 0.032 0.032 0.052
0 0.589 0.011 0.046 0.022
0 0.807 0.02 0.046 0.04
0 0.782 0.047 0.028 0.038
0 0.733 0.134 0.034 0.068
0 0.852 0.11 0.024 0.048
0 0.862 0.018 0.032 0.036
0 0.982 0.063 0.032 0.078
0 0.979 0.125 0.038 0.058
0 0.902 0.386 0.024 0.032
0 0.588 0.394 0.028 0.036
0 0.626 0.309 0.048 0.102
0 0.482 0.587 0.036 0.09
0 0.468 0.635 0.028 0.078
0 0.624 0.711 0.044 0.046
0 0.802 0.756 0.024 0.048
0 0.816 0.77 0.04 0.068
0 0.88 0.762 0.024 0.028
0 0.988 0.714 0.02 0.056
0 0.906 0.614 0.028 0.044
0 0.953 0.611 0.034 0.07
0 0.894 0.686 0.024 0.048
0 0.794 0.405 0.032 0.03
0 0.809 0.432 0.034 0.036
0 0.571 0.58 0.022 0.044
0 0.596 0.585 0.024 0.038
0 0.017 0.035 0.034 0.054
0 0.178 0.027 0.028 0.038
0 0.237 0.113 0.022 0.026
0 0.173 0.513 0.042 0.062
0 0.294 0.894 0.036 0.068
0 0.253 0.991 0.022 0.014
0 0.355 0.985 0.03 0.026
0 0.373 0.979 0.022 0.026
0 0.672 0.973 0.068 0.042
0 0.669 0.946 0.038 0.02
0 0.776 0.837 0.024 0.038
0 0.755 0.993 0.018 0.01
0 0.807 0.993 0.018 0.01
0 0.955 0.947 0.018 0.038
0 0.143 0.512 0.018 0.02
0 0.008 0.274 0.016 0.04
0 0.005 0.322 0.01 0.024
0 0.231 0.254 0.03 0.032
0 0.15 0.329 0.028 0.046
0 0.177 0.347 0.022 0.034
0 0.317 0.383 0.022 0.046
0 0.37 0.36 0.02 0.036
0 0.666 0.456 0.044 0.076
0 0.392 0.673 0.02 0.026
0 0.136 0.711 0.028 0.034
0 0.188 0.873 0.024 0.038
0 0.202 0.77 0.036 0.04
0 0.259 0.662 0.034 0.02
0 0.32 0.013 0.036 0.026
0 0.361 0.034 0.022 0.032
0 0.558 0.227 0.02 0.026
0 0.016 0.178 0.032 0.04
0 0.85 0.242 0.044 0.076
0 0.649 0.921 0.026 0.034
0 0.323 0.849 0.026 0.022
0 0.413 0.696 0.03 0.032
0 0.393 0.713 0.01 0.018
0 0.411 0.755 0.018 0.026
0 0.511 0.797 0.018 0.034
1 0.561 0.852 0.026 0.02
1 0.899 0.071 0.018 0.018
1 0.891 0.068 0.014 0.02
1 0.843 0.335 0.018 0.03
1 0.92 0.826 0.02 0.024
1 0.893 0.78 0.014 0.036
1 0.755 0.872 0.018 0.016
1 0.91 0.99 0.028 0.016
1 0.832 0.953 0.012 0.026
1 0.838 0.895 0.012 0.018
1 0.594 0.802 0.016 0.028
1 0.351 0.906 0.018 0.028
1 0.099 0.884 0.018 0.02
1 0.128 0.91 0.024 0.024
1 0.303 0.819 0.042 0.018
1 0.379 0.857 0.014 0.014
1 0.44 0.738 0.024 0.028
1 0.308 0.628 0.02 0.04
1 0.277 0.59 0.014 0.012
1 0.271 0.581 0.018 0.018
1 0.099 0.63 0.018 0.036
1 0.222 0.484 0.016 0.024
1 0.062 0.28 0.016 0.024
1 0.264 0.19 0.032 0.016
1 0.255 0.225 0.026 0.03
1 0.314 0.25 0.02 0.02
1 0.439 0.28 0.018 0.024
1 0.43 0.322 0.008 0.02
1 0.593 0.505 0.014 0.022
1 0.669 0.529 0.014 0.022
1 0.625 0.504 0.018 0.024
1 0.653 0.299 0.018 0.022
1 0.724 0.313 0.02 0.022
1 0.827 0.394 0.018 0.016
1 0.974 0.35 0.02 0.02
1 0.987 0.394 0.018 0.04
1 0.967 0.569 0.026 0.022
1 0.801 0.563 0.022 0.05
1 0.827 0.561 0.01 0.014
1 0.836 0.537 0.016 0.022
1 0.449 0.711 0.022 0.018
1 0.775 0.617 0.01 0.01
1 0.783 0.618 0.01 0.012
1 0.764 0.623 0.016 0.018
1 0.221 0.764 0.022 0.024
1 0.205 0.622 0.018 0.02
1 0.132 0.077 0.024 0.018
1 0.156 0.089 0.032 0.018
1 0.326 0.034 0.016 0.024
1 0.507 0.143 0.03 0.022
1 0.658 0.171 0.036 0.022
1 0.71 0.06 0.02 0.016
1 0.68 0.098 0.012 0.02
1 0.542 0.222 0.016 0.028
1 0.756 0.145 0.004 0.01
1 0.762 0.145 0.008 0.014
1 0.664 0.149 0.024 0.018
1 0.089 0.302 0.014 0.032
1 0.267 0.879 0.01 0.034
1 0.337 0.938 0.018 0.024
2 0.996 0.896 0.004 0.028
2 0.994 0.975 0.008 0.026
2 0.155 0.694 0.014 0.012
2 0.143 0.922 0.022 0.024
2 0.393 0.063 0.022 0.026
2 0.364 0.005 0.016 0.01
2 0.68 0.204 0.024 0.016
2 0.684 0.185 0.012 0.018
2 0.003 0.419 0.006 0.022
2 0.014 0.518 0.02 0.028
2 0.06 0.594 0.012 0.024
2 0.12 0.567 0.016 0.014
2 0.281 0.566 0.014 0.024
2 0.379 0.475 0.018 0.014
2 0.295 0.358 0.01 0.02
2 0.07 0.052 0.028 0.02
2 0.069 0.031 0.014 0.018
2 0.056 0.005 0.016 0.01
2 0.117 0.008 0.014 0.016
2 0.636 0.107 0.024 0.038
2 0.965 0.015 0.022 0.014
2 0.925 0.367 0.018 0.034
2 0.63 0.756 0.036 0.024
2 0.735 0.768 0.01 0.012
2 0.746 0.762 0.012 0.016
2 0.762 0.755 0.016 0.018
2 0.717 0.866 0.014 0.016
2 0.018 0.994 0.016 0.008
2 0.173 0.996 0.014 0.004
2 0.156 0.987 0.02 0.018
2 0.31 0.996 0.016 0.004
2 0.395 0.997 0.014 0.002
2 0.102 0.094 0.016 0.016
2 0.437 0.439 0.03 0.062
2 0.475 0.445 0.006 0.006