0 0.039 0.101 0.054 0.074
0 0.071 0.141 0.034 0.054
0 0.137 0.175 0.042 0.066
0 0.064 0.215 0.04 0.038
0 0.03 0.293 0.036 0.042
0 0.074 0.333 0.04 0.066
0 0.15 0.329 0.044 0.074
0 0.293 0.27 0.042 0.052
0 0.264 0.207 0.044 0.046
0 0.3 0.149 0.06 0.054
0 0.266 0.07 0.032 0.036
0 0.211 0.066 0.046 0.08
0 0.267 0.101 0.03 0.03
0 0.026 0.014 0.032 0.028
0 0.384 0.022 0.048 0.044
0 0.458 0.048 0.06 0.092
0 0.572 0.031 0.04 0.058
0 0.63 0.008 0.028 0.016
0 0.694 0.016 0.032 0.032
0 0.755 0.04 0.03 0.044
0 0.801 0.043 0.038 0.046
0 0.855 0.026 0.03 0.048
0 0.932 0.032 0.08 0.064
0 0.979 0.116 0.038 0.044
0 0.95 0.129 0.036 0.042
0 0.992 0.25 0.012 0.056
0 0.974 0.226 0.036 0.048
0 0.906 0.26 0.04 0.06
0 0.966 0.307 0.044 0.062
0 0.877 0.338 0.034 0.056
0 0.816 0.309 0.036 0.066
0 0.776 0.258 0.044 0.072
0 0.7 0.198 0.036 0.064
0 0.636 0.36 0.028 0.032
0 0.717 0.354 0.046 0.064
0 0.728 0.39 0.032 0.048
0 0.777 0.383 0.03 0.038
0 0.8 0.46 0.032 0.052
0 0.775 0.459 0.042 0.07
0 0.717 0.493 0.042 0.086
0 0.756 0.488 0.024 0.056
0 0.831 0.474 0.034 0.068
0 0.807 0.538 0.038 0.056
0 0.765 0.624 0.034 0.056
0 0.811 0.648 0.034 0.044
0 0.837 0.7 0.03 0.06
0 0.799 0.716 0.046 0.088
0 0.954 0.698 0.044 0.064
0 0.996 0.666 0.004 0.044
0 0.987 0.758 0.022 0.052
0 0.92 0.809 0.036 0.05
0 0.903 0.901 0.038 0.042
0 0.978 0.885 0.04 0.074
0 0.993 0.926 0.01 0.036
0 0.963 0.954 0.03 0.024
0 0.986 0.989 0.024 0.018
0 0.901 0.979 0.05 0.038
0 0.789 0.983 0.038 0.03
0 0.84 0.867 0.032 0.05
0 0.809 0.876 0.022 0.028
0 0.794 0.794 0.036 0.06
0 0.767 0.822 0.026 0.032
0 0.764 0.843 0.036 0.038
0 0.754 0.868 0.036 0.032
0 0.694 0.895 0.04 0.09
0 0.69 0.818 0.024 0.056
0 0.726 0.765 0.036 0.082
0 0.604 0.792 0.052 0.088
0 0.561 0.888 0.042 0.048
0 0.497 0.921 0.054 0.078
0 0.485 0.831 0.03 0.05
0 0.507 0.801 0.054 0.05
0 0.415 0.848 0.03 0.06
0 0.382 0.88 0.028 0.032
0 0.316 0.937 0.044 0.042
0 0.287 0.934 0.05 0.06
0 0.298 0.822 0.064 0.048
0 0.348 0.773 0.032 0.074
0 0.367 0.732 0.03 0.056
0 0.336 0.709 0.04 0.054
0 0.312 0.739 0.048 0.05
0 0.282 0.719 0.028 0.038
0 0.258 0.692 0.032 0.068
0 0.221 0.72 0.03 0.044
0 0.168 0.652 0.036 0.06
0 0.185 0.633 0.022 0.022
0 0.117 0.671 0.066 0.078
0 0.049 0.617 0.05 0.082
0 0.019 0.59 0.038 0.06
0 0.076 0.551 0.044 0.106
0 0.102 0.464 0.044 0.052
0 0.106 0.383 0.044 0.05
0 0.182 0.384 0.024 0.028
0 0.209 0.461 0.026 0.05
0 0.28 0.449 0.048 0.054
0 0.272 0.327 0.028 0.05
0 0.398 0.335 0.036 0.074
0 0.33 0.359 0.032 0.05
0 0.486 0.368 0.048 0.052
0 0.545 0.372 0.042 0.052
0 0.598 0.394 0.032 0.048
0 0.64 0.485 0.028 0.054
0 0.577 0.511 0.03 0.042
0 0.539 0.583 0.05 0.11
0 0.592 0.603 0.032 0.054
0 0.505 0.668 0.054 0.084
0 0.483 0.721 0.046 0.082
0 0.461 0.755 0.034 0.058
0 0.414 0.738 0.04 0.056
0 0.381 0.799 0.042 0.066
0 0.641 0.914 0.03 0.064
0 0.214 0.956 0.032 0.052
0 0.242 0.881 0.04 0.042
0 0.184 0.918 0.024 0.044
0 0.218 0.784 0.036 0.064
0 0.093 0.83 0.038 0.06
0 0.017 0.908 0.034 0.064
0 0.065 0.982 0.042 0.032
0 0.143 0.99 0.038 0.016
0 0.066 0.744 0.056 0.08
0 0.261 0.576 0.038 0.056
0 0.288 0.599 0.032 0.046
0 0.332 0.566 0.028 0.072
0 0.362 0.556 0.028 0.04
0 0.363 0.485 0.046 0.062
0 0.406 0.61 0.052 0.056
0 0.266 0.506 0.028 0.044
0 0.018 0.435 0.036 0.07
0 0.01 0.379 0.02 0.038
0 0.396 0.196 0.028 0.032
0 0.442 0.214 0.044 0.068
0 0.518 0.171 0.04 0.038
0 0.528 0.11 0.048 0.068
0 0.623 0.112 0.034 0.032
0 0.662 0.103 0.048 0.094
0 0.613 0.18 0.066 0.08
0 0.548 0.198 0.048 0.06
0 0.511 0.226 0.046 0.072
0 0.366 0.068 0.036 0.056
0 0.964 0.534 0.06 0.084
0 0.992 0.528 0.012 0.08
1 0.077 0.097 0.034 0.042
1 0.177 0.226 0.03 0.036
1 0.101 0.322 0.018 0.02
1 0.316 0.19 0.02 0.02
1 0.285 0.116 0.022 0.02
1 0.232 0.115 0.028 0.03
1 0.139 0.051 0.018 0.03
1 0.822 0.005 0.024 0.01
1 0.833 0.066 0.022 0.024
1 0.826 0.089 0.02 0.022
1 0.783 0.103 0.022 0.026
1 0.733 0.052 0.022 0.024
1 0.872 0.13 0.02 0.04
1 0.876 0.06 0.024 0.024
1 0.984 0.078 0.028 0.016
1 0.993 0.139 0.01 0.014
1 0.984 0.15 0.012 0.028
1 0.964 0.392 0.024 0.028
1 0.968 0.427 0.024 0.022
1 0.885 0.395 0.022 0.026
1 0.856 0.282 0.02 0.044
1 0.831 0.24 0.03 0.028
1 0.788 0.204 0.024 0.024
1 0.704 0.262 0.02 0.028
1 0.622 0.232 0.028 0.044
1 0.609 0.292 0.014 0.024
1 0.656 0.337 0.02 0.022
1 0.711 0.54 0.03 0.024
1 0.769 0.525 0.026 0.014
1 0.858 0.479 0.02 0.026
1 0.816 0.506 0.02 0.02
1 0.857 0.65 0.026 0.028
1 0.928 0.837 0.028 0.022
1 0.658 0.76 0.02 0.02
1 0.686 0.771 0.028 0.026
1 0.684 0.736 0.032 0.032
1 0.639 0.76 0.022 0.036
1 0.291 0.897 0.038 0.026
1 0.341 0.855 0.038 0.038
1 0.292 0.842 0.024 0.02
1 0.308 0.775 0.02 0.03
1 0.131 0.448 0.018 0.04
1 0.268 0.38 0.02 0.024
1 0.326 0.415 0.02 0.026
1 0.436 0.387 0.028 0.022
1 0.564 0.442 0.02 0.028
1 0.613 0.426 0.026 0.028
1 0.641 0.417 0.018 0.03
1 0.577 0.547 0.018 0.034
1 0.507 0.523 0.026 0.022
1 0.479 0.536 0.026 0.02
1 0.467 0.565 0.026 0.026
1 0.575 0.645 0.022 0.026
1 0.614 0.658 0.02 0.036
1 0.434 0.776 0.02 0.032
1 0.607 0.906 0.018 0.04
1 0.599 0.963 0.018 0.03
1 0.594 0.994 0.016 0.008
1 0.432 0.945 0.032 0.038
1 0.368 0.992 0.024 0.012
1 0.26 0.994 0.024 0.008
1 0.192 0.891 0.024 0.03
1 0.174 0.822 0.028 0.02
1 0.145 0.767 0.026 0.022
1 0.065 0.88 0.026 0.032
1 0.041 0.932 0.022 0.024
1 0.004 0.948 0.008 0.024
1 0.036 0.696 0.024 0.024
1 0.302 0.512 0.02 0.032
1 0.294 0.49 0.024 0.028
1 0.176 0.573 0.02 0.03
1 0.16 0.577 0.024 0.038
1 0.154 0.6 0.02 0.02
1 0.105 0.277 0.026 0.03
1 0.544 0.264 0.024 0.024
1 0.584 0.094 0.02 0.028
1 0.918 0.568 0.02 0.024
1 0.948 0.609 0.024 0.034
1 0.869 0.2 0.03 0.036
1 0.714 0.66 0.02 0.036
1 0.861 0.726 0.018 0.028
2 0.716 0.222 0.028 0.048
2 0.822 0.932 0.032 0.032
2 0.864 0.818 0.02 0.032
2 0.707 0.938 0.042 0.068
2 0.713 0.988 0.026 0.02
2 0.34 0.387 0.036 0.046
2 0.399 0.4 0.026 0.048
2 0.551 0.528 0.034 0.048
2 0.471 0.592 0.038 0.032
2 0.528 0.771 0.036 0.058
2 0.626 0.853 0.036 0.05
2 0.032 0.752 0.036 0.088
2 0.071 0.479 0.018 0.038
2 0.104 0.423 0.012 0.03
2 0.922 0.608 0.044 0.064
2 0.119 0.534 0.034 0.04
2 0.16 0.515 0.036 0.042
2 0.489 0.441 0.042 0.042
2 0.467 0.315 0.042 0.026
2 0.338 0.02 0.048 0.04
2 0.695 0.126 0.022 0.028