0 0.283 0.356 0.03 0.052
0 0.16 0.043 0.056 0.058
0 0.052 0.025 0.056 0.05
0 0.047 0.061 0.054 0.054
0 0.051 0.126 0.062 0.112
0 0.082 0.241 0.04 0.094
0 0.129 0.21 0.05 0.08
0 0.219 0.22 0.038 0.068
0 0.324 0.247 0.032 0.042
0 0.344 0.31 0.044 0.076
0 0.351 0.208 0.058 0.084
0 0.391 0.299 0.042 0.05
0 0.466 0.316 0.044 0.088
0 0.319 0.377 0.046 0.066
0 0.198 0.416 0.04 0.048
0 0.145 0.389 0.038 0.046
0 0.171 0.315 0.05 0.062
0 0.086 0.337 0.052 0.066
0 0.1 0.381 0.044 0.038
0 0.092 0.446 0.032 0.064
0 0.059 0.477 0.05 0.066
0 0.012 0.409 0.024 0.062
0 0.135 0.492 0.042 0.064
0 0.16 0.436 0.052 0.064
0 0.25 0.484 0.044 0.052
0 0.231 0.525 0.05 0.046
0 0.3 0.549 0.044 0.042
0 0.276 0.621 0.064 0.102
0 0.324 0.632 0.04 0.048
0 0.377 0.634 0.058 0.044
0 0.451 0.621 0.046 0.098
0 0.488 0.666 0.036 0.052
0 0.577 0.744 0.042 0.064
0 0.612 0.685 0.052 0.062
0 0.635 0.732 0.07 0.044
0 0.63 0.835 0.052 0.074
0 0.692 0.819 0.076 0.07
0 0.644 0.942 0.036 0.064
0 0.686 0.958 0.04 0.044
0 0.724 0.973 0.036 0.038
0 0.713 0.895 0.05 0.078
0 0.788 0.947 0.06 0.05
0 0.873 0.915 0.07 0.046
0 0.803 0.84 0.046 0.048
0 0.863 0.846 0.054 0.064
0 0.964 0.945 0.04 0.058
0 0.574 0.593 0.064 0.078
0 0.594 0.489 0.04 0.054
0 0.521 0.421 0.058 0.07
0 0.507 0.334 0.046 0.096
0 0.52 0.368 0.048 0.064
0 0.458 0.224 0.072 0.1
0 0.48 0.143 0.056 0.074
0 0.511 0.108 0.054 0.06
0 0.521 0.216 0.05 0.072
0 0.108 0.596 0.036 0.048
0 0.098 0.653 0.032 0.054
0 0.151 0.641 0.042 0.042
0 0.122 0.698 0.04 0.06
0 0.165 0.69 0.046 0.072
0 0.207 0.696 0.038 0.06
0 0.248 0.684 0.036 0.068
0 0.266 0.744 0.048 0.072
0 0.131 0.817 0.054 0.058
0 0.01 0.868 0.02 0.04
0 0.037 0.872 0.054 0.076
0 0.059 0.955 0.038 0.05
0 0.108 0.967 0.04 0.054
0 0.127 0.97 0.038 0.056
0 0.174 0.942 0.036 0.052
0 0.188 0.982 0.04 0.032
0 0.42 0.966 0.04 0.06
0 0.522 0.84 0.036 0.048
0 0.531 0.965 0.042 0.062
0 0.574 0.964 0.04 0.052
0 0.604 0.97 0.036 0.044
0 0.331 0.855 0.034 0.054
0 0.397 0.883 0.03 0.066
0 0.494 0.898 0.036 0.048
0 0.382 0.729 0.044 0.054
0 0.353 0.676 0.034 0.04
0 0.477 0.752 0.038 0.072
0 0.479 0.799 0.034 0.034
0 0.739 0.82 0.046 0.076
0 0.747 0.756 0.046 0.064
0 0.801 0.779 0.046 0.058
0 0.829 0.79 0.046 0.052
0 0.928 0.74 0.032 0.052
0 0.936 0.792 0.036 0.04
0 0.726 0.695 0.036 0.05
0 0.717 0.742 0.038 0.052
0 0.698 0.562 0.032 0.04
0 0.634 0.518 0.052 0.056
0 0.669 0.476 0.038 0.056
0 0.727 0.463 0.042 0.054
0 0.809 0.435 0.038 0.066
0 0.802 0.497 0.028 0.058
0 0.885 0.506 0.05 0.052
0 0.829 0.375 0.046 0.058
0 0.763 0.348 0.034 0.072
0 0.705 0.362 0.034 0.06
0 0.744 0.401 0.048 0.046
0 0.55 0.292 0.04 0.044
0 0.575 0.408 0.038 0.052
0 0.287 0.03 0.05 0.06
0 0.356 0.017 0.052 0.034
0 0.622 0.067 0.084 0.118
0 0.712 0.022 0.04 0.044
0 0.75 0.056 0.032 0.036
0 0.841 0.109 0.042 0.038
0 0.896 0.132 0.048 0.052
0 0.904 0.091 0.032 0.042
0 0.799 0.142 0.058 0.076
0 0.839 0.29 0.042 0.1
0 0.904 0.318 0.048 0.084
0 0.946 0.301 0.044 0.058
0 0.945 0.208 0.042 0.048
0 0.992 0.149 0.012 0.042
0 0.989 0.22 0.018 0.06
0 0.979 0.464 0.038 0.128
0 0.958 0.475 0.052 0.054
0 0.969 0.571 0.058 0.066
0 0.97 0.622 0.052 0.064
0 0.896 0.599 0.064 0.07
0 0.904 0.641 0.048 0.046
0 0.973 0.676 0.042 0.056
0 0.982 0.694 0.032 0.044
0 0.754 0.587 0.064 0.106
0 0.625 0.571 0.026 0.038
0 0.493 0.545 0.046 0.07
0 0.528 0.534 0.044 0.064
0 0.349 0.425 0.05 0.05
0 0.353 0.555 0.034 0.05
0 0.778 0.214 0.052 0.044
0 0.779 0.046 0.062 0.084
0 0.821 0.022 0.038 0.044
0 0.835 0.032 0.038 0.04
0 0.992 0.015 0.012 0.03
0 0.655 0.171 0.054 0.09
0 0.686 0.201 0.048 0.038
0 0.688 0.252 0.056 0.064
0 0.632 0.389 0.044 0.082
0 0.604 0.372 0.048 0.056
0 0.016 0.562 0.032 0.08
0 0.034 0.615 0.036 0.046
0 0.195 0.636 0.03 0.052
0 0.212 0.622 0.032 0.068
0 0.221 0.844 0.046 0.084
0 0.245 0.806 0.038 0.048
0 0.265 0.861 0.038 0.042
0 0.451 0.861 0.038 0.078
0 0.427 0.792 0.062 0.06
0 0.476 0.843 0.028 0.042
0 0.337 0.732 0.042 0.04
0 0.348 0.732 0.024 0.06
0 0.418 0.763 0.048 0.054
0 0.83 0.96 0.044 0.076
0 0.97 0.842 0.056 0.06
0 0.97 0.772 0.036 0.048
0 0.008 0.186 0.016 0.088
0 0.022 0.106 0.044 0.088
0 0.439 0.008 0.042 0.016
0 0.325 0.508 0.05 0.048
0 0.402 0.23 0.044 0.06
0 0.235 0.161 0.062 0.066
0 0.094 0.006 0.02 0.012
0 0.137 0.005 0.03 0.01
0 0.283 0.102 0.074 0.088
0 0.349 0.056 0.042 0.044
0 0.648 0.254 0.032 0.056
0 0.675 0.327 0.042 0.058
0 0.24 0.404 0.04 0.048
0 0.495 0.485 0.042 0.07
0 0.01 0.737 0.02 0.038
0 0.004 0.667 0.008 0.03
0 0.259 0.957 0.034 0.05
0 0.572 0.907 0.052 0.046
0 0.03 0.972 0.024 0.052
0 0.996 0.776 0.004 0.04
0 0.945 0.338 0.034 0.032
0 0.995 0.317 0.006 0.058
0 0.648 0.701 0.036 0.026
0 0.904 0.892 0.028 0.04
0 0.325 0.99 0.034 0.016
0 0.341 0.963 0.05 0.054
1 0.828 0.66 0.032 0.04
1 0.844 0.509 0.028 0.034
1 0.432 0.083 0.036 0.034
1 0.154 0.6 0.02 0.04
1 0.24 0.856 0.02 0.028
1 0.519 0.904 0.018 0.028
1 0.979 0.97 0.026 0.04
1 0.078 0.916 0.032 0.028
1 0.084 0.72 0.032 0.04
1 0.279 0.952 0.022 0.028
1 0.299 0.978 0.038 0.028
1 0.425 0.056 0.03 0.028
1 0.478 0.076 0.036 0.024
1 0.546 0.054 0.028 0.036
1 0.376 0.378 0.032 0.02
1 0.4 0.464 0.04 0.024
1 0.455 0.475 0.022 0.022
1 0.572 0.462 0.016 0.024
1 0.642 0.431 0.028 0.022
1 0.434 0.295 0.028 0.03
1 0.07 0.773 0.024 0.034
1 0.134 0.753 0.028 0.018
1 0.155 0.772 0.018 0.02
1 0.493 0.03 0.034 0.044
1 0.594 0.193 0.02 0.026
1 0.615 0.201 0.018 0.03
1 0.56 0.26 0.024 0.032
1 0.778 0.295 0.024 0.026
1 0.147 0.34 0.026 0.024
1 0.171 0.224 0.022 0.032
1 0.597 0.797 0.022 0.026
1 0.616 0.795 0.02 0.022
1 0.434 0.827 0.024 0.022
1 0.795 0.906 0.018 0.032
1 0.766 0.641 0.02 0.026
1 0.8 0.679 0.024 0.034
1 0.895 0.393 0.026 0.03
1 0.607 0.438 0.018 0.028
1 0.296 0.726 0.016 0.028
1 0.09 0.937 0.02 0.018
1 0.215 0.978 0.022 0.028
1 0.045 0.562 0.022 0.02
1 0.347 0.826 0.03 0.024
1 0.265 0.986 0.022 0.024
1 0.317 0.946 0.03 0.024
1 0.363 0.881 0.03 0.022
1 0.231 0.97 0.018 0.028
1 0.355 0.586 0.038 0.016
1 0.461 0.519 0.018 0.026
1 0.878 0.722 0.012 0.016
1 0.938 0.701 0.028 0.034
1 0.749 0.87 0.026 0.02
1 0.971 0.519 0.03 0.03
1 0.777 0.423 0.022 0.03
1 0.918 0.369 0.024 0.026
1 0.59 0.274 0.036 0.028
1 0.736 0.259 0.016 0.026
1 0.786 0.123 0.024 0.022
1 0.832 0.709 0.016 0.022
1 0.055 0.629 0.014 0.042
1 0.079 0.563 0.018 0.026
2 0.669 0.569 0.034 0.094
2 0.097 0.894 0.042 0.028
2 0.296 0.795 0.044 0.03
2 0.477 0.969 0.046 0.042
2 0.038 0.441 0.044 0.09
2 0.118 0.066 0.028 0.016
2 0.097 0.192 0.014 0.032
2 0.061 0.159 0.014 0.014
2 0.118 0.151 0.024 0.018
2 0.148 0.159 0.02 0.03
2 0.188 0.12 0.02 0.016
2 0.401 0.009 0.03 0.018
2 0.513 0.003 0.022 0.006
2 0.686 0.051 0.02 0.03
2 0.907 0.04 0.018 0.028
2 0.857 0.334 0.014 0.02
2 0.974 0.388 0.008 0.008
2 0.82 0.705 0.008 0.01
2 0.126 0.911 0.008 0.014
2 0.147 0.902 0.018 0.012
2 0.166 0.847 0.008 0.01
2 0.009 0.27 0.014 0.04
2 0.434 0.428 0.024 0.04
2 0.51 0.587 0.008 0.01
2 0.538 0.595 0.028 0.03
2 0.544 0.66 0.024 0.028
2 0.667 0.784 0.014 0.016
2 0.566 0.789 0.016 0.018
2 0.855 0.737 0.018 0.046
2 0.358 0.162 0.016 0.008
2 0.359 0.516 0.014 0.012
2 0.162 0.266 0.02 0.024