0 0.029 0.076 0.054 0.064
0 0.076 0.019 0.044 0.03
0 0.262 0.014 0.056 0.028
0 0.366 0.008 0.04 0.016
0 0.57 0.023 0.064 0.046
0 0.343 0.099 0.038 0.042
0 0.351 0.061 0.05 0.046
0 0.412 0.076 0.048 0.068
0 0.51 0.045 0.036 0.03
0 0.534 0.065 0.04 0.046
0 0.553 0.101 0.054 0.054
0 0.636 0.039 0.068 0.074
0 0.649 0.098 0.07 0.08
0 0.722 0.026 0.048 0.052
0 0.765 0.028 0.054 0.056
0 0.764 0.075 0.048 0.042
0 0.85 0.009 0.044 0.018
0 0.922 0.029 0.044 0.054
0 0.963 0.027 0.062 0.054
0 0.976 0.012 0.044 0.024
0 0.861 0.045 0.046 0.046
0 0.905 0.079 0.058 0.058
0 0.885 0.139 0.046 0.058
0 0.952 0.174 0.052 0.044
0 0.803 0.13 0.042 0.052
0 0.81 0.092 0.028 0.032
0 0.753 0.153 0.05 0.05
0 0.796 0.172 0.04 0.044
0 0.714 0.19 0.028 0.032
0 0.728 0.222 0.056 0.044
0 0.616 0.143 0.052 0.058
0 0.546 0.178 0.068 0.072
0 0.373 0.146 0.058 0.056
0 0.383 0.238 0.082 0.068
0 0.491 0.218 0.054 0.056
0 0.537 0.234 0.034 0.06
0 0.589 0.272 0.066 0.072
0 0.217 0.178 0.086 0.056
0 0.118 0.142 0.044 0.036
0 0.117 0.164 0.03 0.032
0 0.003 0.143 0.006 0.03
0 0.034 0.166 0.036 0.036
0 0.044 0.131 0.032 0.042
0 0.14 0.167 0.04 0.066
0 0.193 0.195 0.034 0.034
0 0.092 0.252 0.092 0.056
0 0.076 0.278 0.068 0.044
0 0.05 0.333 0.056 0.058
0 0.174 0.282 0.068 0.064
0 0.148 0.369 0.052 0.05
0 0.016 0.481 0.032 0.046
0 0.066 0.439 0.056 0.042
0 0.048 0.454 0.04 0.036
0 0.241 0.228 0.074 0.048
0 0.261 0.257 0.046 0.042
0 0.273 0.373 0.042 0.03
0 0.291 0.33 0.046 0.056
0 0.33 0.337 0.036 0.042
0 0.358 0.306 0.068 0.04
0 0.366 0.33 0.032 0.032
0 0.393 0.293 0.046 0.034
0 0.407 0.325 0.038 0.026
0 0.442 0.349 0.056 0.05
0 0.506 0.275 0.052 0.046
0 0.496 0.32 0.032 0.044
0 0.537 0.316 0.034 0.06
0 0.606 0.371 0.064 0.086
0 0.664 0.36 0.032 0.048
0 0.669 0.303 0.05 0.062
0 0.732 0.291 0.052 0.07
0 0.786 0.234 0.06 0.052
0 0.82 0.364 0.048 0.056
0 0.981 0.402 0.034 0.056
0 0.956 0.365 0.052 0.054
0 0.902 0.347 0.036 0.046
0 0.86 0.224 0.032 0.04
0 0.93 0.255 0.052 0.054
0 0.888 0.248 0.036 0.052
0 0.981 0.5 0.034 0.064
0 0.955 0.488 0.038 0.036
0 0.971 0.56 0.038 0.032
0 0.977 0.596 0.042 0.056
0 0.859 0.53 0.054 0.052
0 0.888 0.508 0.036 0.032
0 0.748 0.527 0.044 0.026
0 0.754 0.495 0.056 0.042
0 0.549 0.455 0.054 0.042
0 0.669 0.49 0.042 0.052
0 0.647 0.517 0.062 0.058
0 0.598 0.543 0.044 0.046
0 0.464 0.554 0.076 0.052
0 0.476 0.509 0.024 0.022
0 0.406 0.536 0.06 0.056
0 0.42 0.462 0.048 0.028
0 0.445 0.441 0.05 0.05
0 0.327 0.416 0.034 0.052
0 0.323 0.52 0.054 0.056
0 0.249 0.416 0.066 0.048
0 0.285 0.495 0.034 0.034
0 0.269 0.523 0.034 0.03
0 0.169 0.451 0.046 0.05
0 0.132 0.451 0.028 0.022
0 0.151 0.476 0.022 0.024
0 0.137 0.49 0.026 0.044
0 0.016 0.56 0.032 0.016
0 0.142 0.581 0.036 0.034
0 0.045 0.645 0.054 0.042
0 0.009 0.783 0.018 0.046
0 0.007 0.84 0.014 0.036
0 0.056 0.825 0.044 0.038
0 0.007 0.937 0.014 0.034
0 0.009 0.974 0.018 0.036
0 0.061 0.672 0.042 0.04
0 0.152 0.62 0.06 0.032
0 0.195 0.598 0.062 0.068
0 0.106 0.669 0.044 0.042
0 0.087 0.736 0.086 0.064
0 0.017 0.889 0.034 0.034
0 0.023 0.981 0.046 0.034
0 0.101 0.967 0.054 0.042
0 0.038 0.926 0.044 0.052
0 0.136 0.962 0.024 0.028
0 0.113 0.882 0.042 0.032
0 0.083 0.91 0.042 0.044
0 0.135 0.995 0.03 0.006
0 0.286 0.979 0.068 0.038
0 0.248 0.884 0.06 0.036
0 0.282 0.813 0.04 0.034
0 0.241 0.822 0.062 0.036
0 0.196 0.817 0.036 0.034
0 0.149 0.852 0.054 0.048
0 0.254 0.741 0.076 0.058
0 0.231 0.748 0.042 0.04
0 0.245 0.659 0.054 0.046
0 0.285 0.608 0.046 0.06
0 0.355 0.63 0.058 0.068
0 0.403 0.602 0.046 0.02
0 0.393 0.677 0.062 0.062
0 0.437 0.7 0.042 0.044
0 0.488 0.627 0.056 0.062
0 0.493 0.793 0.066 0.054
0 0.44 0.782 0.048 0.036
0 0.424 0.805 0.06 0.042
0 0.433 0.753 0.042 0.038
0 0.388 0.833 0.036 0.038
0 0.344 0.779 0.036 0.022
0 0.469 0.863 0.078 0.05
0 0.399 0.971 0.058 0.054
0 0.409 0.995 0.022 0.006
0 0.41 0.929 0.044 0.03
0 0.398 0.912 0.052 0.04
0 0.342 0.898 0.068 0.04
0 0.52 0.987 0.056 0.022
0 0.503 0.953 0.038 0.046
0 0.616 0.592 0.056 0.056
0 0.562 0.612 0.048 0.048
0 0.577 0.625 0.046 0.042
0 0.661 0.582 0.058 0.052
0 0.758 0.594 0.052 0.044
0 0.775 0.637 0.038 0.038
0 0.735 0.677 0.042 0.05
0 0.668 0.679 0.052 0.042
0 0.564 0.76 0.04 0.044
0 0.593 0.708 0.026 0.032
0 0.598 0.922 0.072 0.056
0 0.978 0.971 0.04 0.038
0 0.981 0.991 0.034 0.014
0 0.913 0.929 0.058 0.042
0 0.908 0.985 0.04 0.026
0 0.932 0.871 0.044 0.05
0 0.992 0.798 0.012 0.036
0 0.979 0.774 0.038 0.04
0 0.927 0.763 0.042 0.058
0 0.992 0.686 0.012 0.036
0 0.955 0.627 0.034 0.038
0 0.907 0.673 0.046 0.042
0 0.888 0.639 0.036 0.038
0 0.854 0.62 0.052 0.072
0 0.844 0.652 0.06 0.064
0 0.783 0.685 0.058 0.05
0 0.819 0.679 0.022 0.034
0 0.838 0.683 0.016 0.026
0 0.831 0.716 0.03 0.036
0 0.84 0.777 0.04 0.038
0 0.728 0.705 0.044 0.058
0 0.772 0.969 0.036 0.038
0 0.721 0.945 0.054 0.038
0 0.731 0.967 0.046 0.05
0 0.827 0.987 0.034 0.022
0 0.862 0.991 0.04 0.014
0 0.876 0.987 0.032 0.022
0 0.883 0.964 0.022 0.028
0 0.739 0.856 0.042 0.048
0 0.748 0.909 0.052 0.034
0 0.77 0.924 0.032 0.028
0 0.779 0.887 0.054 0.042
0 0.78 0.856 0.052 0.032
0 0.563 0.982 0.038 0.028
0 0.562 0.955 0.044 0.042
1 0.071 0.051 0.026 0.018
1 0.215 0.03 0.022 0.028
1 0.263 0.093 0.03 0.038
1 0.079 0.095 0.022 0.03
1 0.308 0.117 0.028 0.05
1 0.956 0.131 0.024 0.03
1 0.943 0.138 0.022 0.024
1 0.643 0.172 0.026 0.032
1 0.406 0.181 0.02 0.022
1 0.091 0.158 0.022 0.028
1 0.087 0.138 0.018 0.016
1 0.004 0.312 0.008 0.028
1 0.119 0.315 0.03 0.018
1 0.246 0.274 0.02 0.028
1 0.256 0.304 0.028 0.024
1 0.337 0.271 0.026 0.026
1 0.225 0.37 0.026 0.028
1 0.425 0.3 0.022 0.028
1 0.454 0.279 0.024 0.022
1 0.468 0.251 0.024 0.022
1 0.556 0.301 0.032 0.026
1 0.913 0.289 0.042 0.018
1 0.804 0.331 0.028 0.018
1 0.834 0.266 0.016 0.016
1 0.84 0.246 0.028 0.028
1 0.953 0.219 0.018 0.018
1 0.933 0.216 0.022 0.024
1 0.842 0.484 0.028 0.028
1 0.608 0.446 0.04 0.028
1 0.749 0.414 0.034 0.02
1 0.751 0.446 0.018 0.016
1 0.758 0.436 0.024 0.02
1 0.741 0.432 0.018 0.024
1 0.711 0.469 0.03 0.038
1 0.592 0.507 0.028 0.022
1 0.224 0.537 0.024 0.026
1 0.106 0.489 0.04 0.018
1 0.113 0.551 0.026 0.022
1 0.003 0.614 0.006 0.016
1 0.186 0.634 0.028 0.024
1 0.197 0.982 0.022 0.032
1 0.335 0.988 0.018 0.02
1 0.21 0.864 0.028 0.02
1 0.146 0.805 0.052 0.022
1 0.17 0.756 0.036 0.024
1 0.353 0.583 0.034 0.022
1 0.535 0.681 0.042 0.034
1 0.497 0.717 0.026 0.03
1 0.475 0.917 0.026 0.022
1 0.455 0.904 0.018 0.028
1 0.392 0.881 0.024 0.022
1 0.691 0.559 0.018 0.034
1 0.699 0.584 0.018 0.024
1 0.713 0.583 0.022 0.018
1 0.603 0.78 0.026 0.032
1 0.599 0.815 0.03 0.022
1 0.605 0.871 0.042 0.022
1 0.592 0.846 0.024 0.032
1 0.615 0.845 0.03 0.03
1 0.65 0.799 0.04 0.018
1 0.64 0.778 0.024 0.036
1 0.996 0.862 0.004 0.036
1 0.952 0.727 0.016 0.022
1 0.978 0.732 0.02 0.04
1 0.722 0.804 0.032 0.02
1 0.712 0.756 0.028 0.02
1 0.822 0.765 0.028 0.026
1 0.864 0.84 0.028 0.024
1 0.816 0.886 0.024 0.044
1 0.808 0.924 0.02 0.024
1 0.702 0.842 0.024 0.032
1 0.755 0.874 0.022 0.02
2 0.101 0.03 0.038 0.024
2 0.233 0.059 0.038 0.034
2 0.178 0.103 0.024 0.03
2 0.184 0.042 0.036 0.02
2 0.365 0.021 0.066 0.034
2 0.474 0.05 0.028 0.032
2 0.578 0.151 0.036 0.03
2 0.473 0.161 0.03 0.03
2 0.013 0.095 0.018 0.026
2 0.062 0.115 0.028 0.03
2 0.064 0.205 0.032 0.03
2 0.007 0.21 0.014 0.012
2 0.098 0.324 0.028 0.016
2 0.476 0.31 0.004 0.012
2 0.721 0.357 0.054 0.054
2 0.793 0.205 0.022 0.014
2 0.9 0.411 0.028 0.026
2 0.984 0.326 0.02 0.024
2 0.809 0.309 0.042 0.034
2 0.862 0.187 0.036 0.03
2 0.977 0.221 0.018 0.026
2 0.888 0.203 0.028 0.034
2 0.934 0.461 0.02 0.026
2 0.98 0.535 0.016 0.018
2 0.82 0.505 0.04 0.014
2 0.72 0.426 0.024 0.044
2 0.496 0.52 0.052 0.052
2 0.386 0.36 0.028 0.024
2 0.322 0.461 0.02 0.026
2 0.232 0.441 0.024 0.018
2 0.223 0.427 0.026 0.014
2 0.198 0.496 0.052 0.028
2 0.224 0.555 0.052 0.042
2 0.024 0.542 0.04 0.044
2 0.074 0.578 0.016 0.036
2 0.099 0.536 0.034 0.048
2 0.135 0.553 0.038 0.038
2 0.05 0.88 0.024 0.024
2 0.098 0.84 0.032 0.032
2 0.311 0.597 0.014 0.014
2 0.347 0.681 0.034 0.022
2 0.454 0.642 0.048 0.048
2 0.348 0.74 0.008 0.02
2 0.358 0.734 0.012 0.02
2 0.36 0.784 0.048 0.056
2 0.471 0.886 0.038 0.016
2 0.612 0.719 0.048 0.042
2 0.604 0.747 0.04 0.034
2 0.612 0.987 0.032 0.022
2 0.645 0.994 0.03 0.008
2 0.697 0.974 0.038 0.048
2 0.849 0.944 0.038 0.032
2 0.923 0.805 0.018 0.022
2 0.98 0.639 0.008 0.026
2 0.753 0.779 0.038 0.034
2 0.846 0.739 0.012 0.014
2 0.858 0.753 0.036 0.038
2 0.869 0.817 0.03 0.042
2 0.687 0.736 0.026 0.024
2 0.779 0.834 0.042 0.02
2 0.538 0.957 0.02 0.026