0 0.291 0.396 0.034 0.08
0 0.164 0.297 0.04 0.058
0 0.021 0.287 0.042 0.058
0 0.014 0.208 0.028 0.056
0 0.061 0.234 0.038 0.048
0 0.052 0.18 0.036 0.044
0 0.162 0.177 0.052 0.058
0 0.045 0.098 0.034 0.068
0 0.126 0.053 0.036 0.03
0 0.173 0.056 0.038 0.052
0 0.213 0.047 0.038 0.074
0 0.241 0.051 0.03 0.062
0 0.316 0.031 0.04 0.062
0 0.344 0.106 0.044 0.068
0 0.397 0.086 0.05 0.06
0 0.465 0.045 0.046 0.058
0 0.524 0.136 0.036 0.048
0 0.549 0.034 0.05 0.06
0 0.614 0.037 0.036 0.05
0 0.67 0.021 0.056 0.042
0 0.273 0.2 0.046 0.064
0 0.249 0.269 0.042 0.058
0 0.32 0.206 0.028 0.048
0 0.331 0.267 0.046 0.062
0 0.444 0.245 0.056 0.07
0 0.349 0.181 0.038 0.046
0 0.378 0.17 0.048 0.052
0 0.424 0.16 0.04 0.052
0 0.172 0.107 0.048 0.05
0 0.083 0.141 0.038 0.046
0 0.096 0.191 0.036 0.058
0 0.213 0.32 0.042 0.06
0 0.073 0.378 0.034 0.044
0 0.111 0.329 0.042 0.05
0 0.1 0.376 0.036 0.044
0 0.123 0.37 0.034 0.056
0 0.208 0.444 0.044 0.056
0 0.123 0.422 0.034 0.036
0 0.101 0.471 0.042 0.046
0 0.157 0.484 0.046 0.064
0 0.15 0.543 0.04 0.05
0 0.066 0.577 0.032 0.05
0 0.038 0.592 0.036 0.04
0 0.043 0.635 0.042 0.046
0 0.013 0.663 0.026 0.038
0 0.013 0.702 0.026 0.036
0 0.021 0.762 0.038 0.044
0 0.066 0.807 0.036 0.046
0 0.1 0.881 0.044 0.054
0 0.028 0.944 0.04 0.036
0 0.215 0.813 0.018 0.034
0 0.241 0.828 0.034 0.04
0 0.292 0.771 0.032 0.038
0 0.326 0.816 0.036 0.052
0 0.385 0.845 0.034 0.038
0 0.34 0.764 0.036 0.036
0 0.381 0.734 0.034 0.032
0 0.408 0.761 0.032 0.038
0 0.413 0.786 0.026 0.028
0 0.405 0.823 0.026 0.042
0 0.435 0.822 0.03 0.028
0 0.469 0.824 0.022 0.036
0 0.41 0.871 0.02 0.034
0 0.429 0.889 0.022 0.034
0 0.441 0.915 0.022 0.042
0 0.472 0.864 0.028 0.028
0 0.249 0.948 0.034 0.04
0 0.277 0.919 0.026 0.034
0 0.317 0.9 0.046 0.032
0 0.318 0.859 0.04 0.054
0 0.227 0.722 0.042 0.04
0 0.168 0.647 0.044 0.054
0 0.245 0.651 0.03 0.05
0 0.281 0.619 0.03 0.034
0 0.286 0.641 0.036 0.034
0 0.221 0.591 0.03 0.05
0 0.266 0.557 0.032 0.046
0 0.297 0.534 0.038 0.06
0 0.344 0.511 0.052 0.086
0 0.35 0.457 0.04 0.046
0 0.419 0.372 0.054 0.04
0 0.486 0.418 0.052 0.076
0 0.455 0.31 0.034 0.056
0 0.487 0.307 0.042 0.05
0 0.511 0.266 0.038 0.068
0 0.54 0.296 0.036 0.064
0 0.573 0.209 0.046 0.058
0 0.576 0.288 0.048 0.064
0 0.684 0.269 0.036 0.066
0 0.74 0.208 0.028 0.068
0 0.726 0.337 0.06 0.054
0 0.595 0.378 0.034 0.06
0 0.631 0.452 0.03 0.052
0 0.544 0.401 0.032 0.046
0 0.713 0.444 0.038 0.052
0 0.769 0.379 0.03 0.034
0 0.781 0.338 0.046 0.04
0 0.756 0.454 0.036 0.04
0 0.799 0.463 0.038 0.03
0 0.807 0.425 0.034 0.034
0 0.817 0.399 0.034 0.038
0 0.847 0.337 0.034 0.046
0 0.862 0.372 0.036 0.032
0 0.852 0.415 0.032 0.038
0 0.968 0.334 0.028 0.048
0 0.962 0.417 0.04 0.038
0 0.865 0.505 0.03 0.038
0 0.869 0.53 0.034 0.028
0 0.898 0.56 0.032 0.032
0 0.804 0.586 0.028 0.032
0 0.827 0.614 0.034 0.044
0 0.771 0.664 0.03 0.032
0 0.724 0.688 0.028 0.044
0 0.77 0.702 0.04 0.052
0 0.77 0.739 0.036 0.034
0 0.718 0.487 0.036 0.034
0 0.754 0.516 0.032 0.04
0 0.523 0.348 0.042 0.04
0 0.385 0.337 0.058 0.046
0 0.386 0.297 0.024 0.026
0 0.606 0.163 0.044 0.058
0 0.875 0.128 0.046 0.06
0 0.87 0.177 0.032 0.046
0 0.982 0.152 0.032 0.044
0 0.965 0.195 0.038 0.046
0 0.908 0.253 0.044 0.046
0 0.99 0.216 0.016 0.044
0 0.849 0.296 0.046 0.044
0 0.834 0.241 0.04 0.054
0 0.806 0.078 0.04 0.064
0 0.831 0.026 0.042 0.052
0 0.991 0.058 0.014 0.072
0 0.531 0.085 0.046 0.046
0 0.565 0.116 0.062 0.044
0 0.352 0.234 0.036 0.048
0 0.579 0.428 0.042 0.06
0 0.6 0.42 0.036 0.028
0 0.471 0.487 0.034 0.034
0 0.511 0.486 0.042 0.048
0 0.494 0.514 0.032 0.04
0 0.488 0.558 0.048 0.044
0 0.42 0.535 0.032 0.05
0 0.383 0.529 0.034 0.066
0 0.422 0.666 0.036 0.04
0 0.472 0.645 0.036 0.042
0 0.496 0.691 0.028 0.05
0 0.531 0.7 0.038 0.028
0 0.373 0.594 0.034 0.052
0 0.427 0.587 0.026 0.034
0 0.471 0.607 0.03 0.034
0 0.567 0.637 0.042 0.054
0 0.481 0.731 0.034 0.042
0 0.557 0.756 0.03 0.04
0 0.612 0.697 0.04 0.042
0 0.62 0.738 0.036 0.036
0 0.583 0.818 0.034 0.036
0 0.525 0.852 0.03 0.032
0 0.587 0.854 0.026 0.036
0 0.595 0.872 0.026 0.036
0 0.662 0.855 0.04 0.054
0 0.632 0.882 0.036 0.04
0 0.55 0.985 0.028 0.026
0 0.505 0.976 0.026 0.032
0 0.544 0.945 0.032 0.03
0 0.585 0.966 0.038 0.036
0 0.62 0.983 0.024 0.026
0 0.668 0.978 0.036 0.04
0 0.697 0.963 0.038 0.042
0 0.667 0.788 0.03 0.036
0 0.676 0.815 0.032 0.034
0 0.727 0.853 0.038 0.042
0 0.761 0.902 0.038 0.04
0 0.78 0.842 0.036 0.044
0 0.825 0.819 0.034 0.038
0 0.762 0.779 0.024 0.042
0 0.808 0.788 0.032 0.04
0 0.824 0.756 0.028 0.044
0 0.853 0.731 0.038 0.042
0 0.898 0.68 0.04 0.032
0 0.902 0.713 0.036 0.03
0 0.902 0.747 0.028 0.038
0 0.985 0.718 0.026 0.052
0 0.982 0.749 0.032 0.034
0 0.894 0.789 0.032 0.05
0 0.968 0.809 0.032 0.042
0 0.989 0.855 0.018 0.034
0 0.947 0.849 0.042 0.046
0 0.883 0.84 0.026 0.036
0 0.946 0.889 0.044 0.038
0 0.965 0.943 0.046 0.05
0 0.797 0.968 0.03 0.048
0 0.301 0.935 0.034 0.038
0 0.135 0.857 0.042 0.042
0 0.199 0.841 0.034 0.038
0 0.176 0.84 0.02 0.028
0 0.111 0.691 0.042 0.038
0 0.139 0.662 0.034 0.048
0 0.112 0.65 0.036 0.044
0 0.107 0.55 0.042 0.028
0 0.197 0.549 0.05 0.034
0 0.582 0.508 0.032 0.036
0 0.61 0.491 0.028 0.038
0 0.665 0.434 0.034 0.068
0 0.603 0.601 0.03 0.038
0 0.627 0.613 0.034 0.058
0 0.65 0.602 0.032 0.044
0 0.67 0.699 0.028 0.042
0 0.504 0.649 0.04 0.042
0 0.81 0.646 0.036 0.036
0 0.862 0.634 0.028 0.04
0 0.876 0.606 0.032 0.052
0 0.807 0.703 0.03 0.054
0 0.943 0.639 0.03 0.05
0 0.984 0.61 0.028 0.052
0 0.962 0.625 0.028 0.038
0 0.861 0.806 0.034 0.036
0 0.841 0.981 0.034 0.034
0 0.919 0.988 0.026 0.02
0 0.665 0.895 0.038 0.034
0 0.627 0.788 0.042 0.04
0 0.458 0.78 0.028 0.04
0 0.068 0.736 0.044 0.032
0 0.443 0.416 0.046 0.048
0 0.909 0.302 0.05 0.036
0 0.902 0.335 0.032 0.046
0 0.897 0.369 0.03 0.038
0 0.712 0.156 0.052 0.088
0 0.435 0.01 0.03 0.02
0 0.498 0.017 0.04 0.034
0 0.029 0.01 0.03 0.02
0 0.006 0.053 0.012 0.038
0 0.034 0.551 0.036 0.054
0 0.046 0.989 0.036 0.018
0 0.125 0.993 0.03 0.01
0 0.197 0.987 0.038 0.022
0 0.156 0.962 0.036 0.032
0 0.13 0.93 0.036 0.036
0 0.167 0.939 0.042 0.022
0 0.008 0.883 0.016 0.026
0 0.062 0.934 0.02 0.028
0 0.276 0.739 0.036 0.038
0 0.299 0.707 0.038 0.034
0 0.995 0.951 0.006 0.046
0 0.988 0.483 0.02 0.046
0 0.98 0.506 0.036 0.044
0 0.731 0.555 0.026 0.038
0 0.744 0.547 0.024 0.034
0 0.68 0.552 0.032 0.056
0 0.777 0.205 0.038 0.066
0 0.736 0.292 0.032 0.04
0 0.149 0.128 0.022 0.036
0 0.69 0.613 0.032 0.03
0 0.621 0.51 0.026 0.036
0 0.362 0.924 0.048 0.068
0 0.504 0.917 0.032 0.046
0 0.467 0.899 0.03 0.046
0 0.549 0.915 0.038 0.03
0 0.466 0.988 0.028 0.02
0 0.498 0.098 0.028 0.036
0 0.004 0.917 0.008 0.022
0 0.004 0.959 0.008 0.03
0 0.031 0.894 0.042 0.056
0 0.276 0.991 0.02 0.014
0 0.298 0.99 0.024 0.016
0 0.995 0.784 0.006 0.036
0 0.855 0.264 0.026 0.028
0 0.93 0.388 0.028 0.036
0 0.733 0.094 0.046 0.056
0 0.856 0.016 0.028 0.032
0 0.882 0.005 0.032 0.01
0 0.902 0.004 0.016 0.008
0 0.005 0.467 0.01 0.03
0 0.118 0.506 0.024 0.028
0 0.928 0.5 0.032 0.036
0 0.945 0.596 0.03 0.032
0 0.705 0.991 0.022 0.014
0 0.383 0.615 0.03 0.046
0 0.813 0.867 0.03 0.034
1 0.89 0.221 0.012 0.014
1 0.938 0.222 0.016 0.024
1 0.652 0.247 0.02 0.034
1 0.093 0.027 0.018 0.03
1 0.102 0.112 0.024 0.024
1 0.026 0.475 0.028 0.026
1 0.152 0.441 0.028 0.018
1 0.337 0.423 0.018 0.022
1 0.341 0.676 0.018 0.02
1 0.354 0.695 0.016 0.03
1 0.088 0.749 0.02 0.018
1 0.17 0.92 0.04 0.012
1 0.229 0.894 0.018 0.016
1 0.182 0.468 0.02 0.024
1 0.184 0.783 0.02 0.03
1 0.577 0.567 0.026 0.022
1 0.529 0.628 0.018 0.02
1 0.535 0.635 0.022 0.03
1 0.578 0.472 0.024 0.02
1 0.653 0.532 0.022 0.016
1 0.651 0.564 0.022 0.02
1 0.769 0.494 0.022 0.028
1 0.694 0.668 0.024 0.012
1 0.579 0.739 0.014 0.022
1 0.587 0.76 0.018 0.02
1 0.612 0.934 0.02 0.028
1 0.685 0.914 0.022 0.02
1 0.904 0.922 0.02 0.024
1 0.766 0.271 0.016 0.018
1 0.972 0.22 0.02 0.016
1 0.384 0.249 0.02 0.026
1 0.13 0.024 0.016 0.024
1 0.112 0.164 0.012 0.024
1 0.014 0.113 0.02 0.026
1 0.476 0.201 0.032 0.014
1 0.586 0.01 0.016 0.016
1 0.774 0.551 0.028 0.026
1 0.791 0.53 0.03 0.02
1 0.774 0.576 0.02 0.032
1 0.116 0.582 0.02 0.032
1 0.097 0.573 0.014 0.022
1 0.342 0.937 0.016 0.038
1 0.422 0.068 0.012 0.024
1 0.127 0.814 0.018 0.028
1 0.228 0.921 0.012 0.014
1 0.245 0.916 0.014 0.02
1 0.242 0.691 0.028 0.018
1 0.469 0.767 0.03 0.034
1 0.523 0.897 0.018 0.022
1 0.567 0.92 0.022 0.02
1 0.521 0.321 0.022 0.018
1 0.614 0.306 0.024 0.024
1 0.718 0.246 0.028 0.036
1 0.653 0.48 0.014 0.032
1 0.395 0.495 0.01 0.018
1 0.96 0.39 0.028 0.012
1 0.307 0.178 0.01 0.016
1 0.474 0.107 0.016 0.026
1 0.769 0.133 0.022 0.034
1 0.767 0.017 0.014 0.018
1 0.788 0.043 0.024 0.03
1 0.942 0.075 0.024 0.022
1 0.9 0.629 0.016 0.022
1 0.869 0.693 0.006 0.014
1 0.74 0.747 0.016 0.014
1 0.738 0.804 0.016 0.008
1 0.664 0.95 0.012 0.016
1 0.669 0.927 0.018 0.014
1 0.21 0.527 0.016 0.026
1 0.224 0.502 0.02 0.036
1 0.649 0.684 0.03 0.02
1 0.618 0.807 0.028 0.022
1 0.704 0.575 0.016 0.026
1 0.941 0.547 0.014 0.018
1 0.948 0.51 0.02 0.028
1 0.951 0.675 0.014 0.026
1 0.381 0.642 0.018 0.016
1 0.816 0.887 0.028 0.018
1 0.818 0.909 0.016 0.018
2 0.986 0.996 0.024 0.004
2 0.341 0.32 0.014 0.016
2 0.239 0.304 0.014 0.016
2 0.275 0.317 0.022 0.018
2 0.068 0.904 0.032 0.016
2 0.33 0.995 0.024 0.006
2 0.391 0.992 0.01 0.012
2 0.002 0.096 0.004 0.036
2 0.262 0.057 0.012 0.018
2 0.276 0.099 0.012 0.034
2 0.724 0.003 0.016 0.006
2 0.667 0.371 0.022 0.022
2 0.25 0.404 0.016 0.02
2 0.005 0.341 0.01 0.03
2 0.004 0.51 0.004 0.016
2 0.005 0.554 0.01 0.016
2 0.244 0.74 0.016 0.024
2 0.307 0.576 0.014 0.024
2 0.69 0.644 0.028 0.016
2 0.857 0.842 0.026 0.028
2 0.924 0.59 0.016 0.032
2 0.497 0.819 0.014 0.018
2 0.171 0.398 0.006 0.012
2 0.903 0.075 0.034 0.01
2 0.966 0.236 0.012 0.016
2 0.991 0.294 0.014 0.012
2 0.917 0.415 0.014 0.022
2 0.828 0.187 0.016 0.038