0 0.441 0.345 0.046 0.094
0 0.045 0.098 0.038 0.04
0 0.1 0.07 0.044 0.06
0 0.157 0.043 0.03 0.038
0 0.191 0.093 0.054 0.054
0 0.269 0.081 0.038 0.046
0 0.342 0.026 0.044 0.04
0 0.32 0.124 0.052 0.088
0 0.369 0.188 0.034 0.072
0 0.432 0.164 0.036 0.072
0 0.135 0.214 0.038 0.084
0 0.072 0.161 0.056 0.058
0 0.164 0.264 0.06 0.072
0 0.012 0.328 0.024 0.068
0 0.119 0.392 0.042 0.072
0 0.026 0.416 0.028 0.06
0 0.286 0.281 0.032 0.046
0 0.283 0.329 0.026 0.042
0 0.315 0.332 0.03 0.052
0 0.375 0.395 0.046 0.074
0 0.228 0.447 0.028 0.046
0 0.199 0.503 0.042 0.054
0 0.031 0.552 0.038 0.052
0 0.086 0.545 0.04 0.058
0 0.06 0.626 0.036 0.06
0 0.116 0.653 0.04 0.05
0 0.163 0.355 0.03 0.042
0 0.213 0.36 0.042 0.052
0 0.937 0.042 0.026 0.04
0 0.918 0.06 0.036 0.044
0 0.938 0.114 0.036 0.052
0 0.899 0.188 0.046 0.064
0 0.842 0.27 0.032 0.048
0 0.808 0.272 0.036 0.048
0 0.839 0.36 0.042 0.08
0 0.891 0.381 0.074 0.07
0 0.939 0.409 0.022 0.062
0 0.983 0.337 0.03 0.074
0 0.968 0.249 0.036 0.05
0 0.701 0.034 0.038 0.052
0 0.716 0.085 0.024 0.054
0 0.791 0.046 0.038 0.056
0 0.729 0.171 0.046 0.038
0 0.775 0.19 0.03 0.036
0 0.742 0.196 0.04 0.052
0 0.759 0.238 0.034 0.048
0 0.828 0.144 0.032 0.052
0 0.335 0.679 0.042 0.066
0 0.336 0.751 0.044 0.082
0 0.298 0.764 0.028 0.048
0 0.465 0.231 0.034 0.038
0 0.527 0.217 0.058 0.082
0 0.673 0.267 0.022 0.022
0 0.502 0.31 0.032 0.064
0 0.498 0.398 0.032 0.056
0 0.568 0.444 0.04 0.064
0 0.605 0.296 0.022 0.056
0 0.658 0.329 0.04 0.058
0 0.686 0.394 0.032 0.076
0 0.684 0.442 0.04 0.064
0 0.641 0.442 0.026 0.048
0 0.722 0.458 0.04 0.044
0 0.842 0.455 0.032 0.042
0 0.894 0.545 0.032 0.066
0 0.934 0.601 0.032 0.07
0 0.95 0.688 0.036 0.076
0 0.977 0.736 0.038 0.064
0 0.885 0.72 0.03 0.056
0 0.829 0.702 0.03 0.068
0 0.72 0.58 0.036 0.084
0 0.758 0.588 0.032 0.088
0 0.408 0.504 0.032 0.056
0 0.459 0.52 0.038 0.048
0 0.47 0.551 0.04 0.054
0 0.389 0.625 0.042 0.074
0 0.413 0.645 0.03 0.058
0 0.498 0.601 0.04 0.07
0 0.063 0.766 0.05 0.068
0 0.134 0.836 0.04 0.048
0 0.135 0.771 0.038 0.042
0 0.167 0.772 0.026 0.052
0 0.191 0.706 0.034 0.06
0 0.461 0.687 0.034 0.05
0 0.511 0.709 0.026 0.058
0 0.584 0.723 0.048 0.082
0 0.283 0.846 0.046 0.068
0 0.267 0.932 0.038 0.052
0 0.341 0.893 0.038 0.062
0 0.413 0.858 0.034 0.052
0 0.402 0.912 0.036 0.064
0 0.394 0.981 0.028 0.034
0 0.405 0.753 0.034 0.066
0 0.497 0.82 0.026 0.052
0 0.606 0.904 0.032 0.056
0 0.646 0.893 0.036 0.058
0 0.749 0.959 0.046 0.078
0 0.49 0.068 0.032 0.04
0 0.532 0.461 0.036 0.046
0 0.524 0.488 0.036 0.044
0 0.241 0.528 0.034 0.048
0 0.288 0.496 0.016 0.032
0 0.334 0.524 0.032 0.052
0 0.236 0.67 0.036 0.044
0 0.461 0.625 0.026 0.054
0 0.561 0.629 0.026 0.03
0 0.781 0.704 0.03 0.068
0 0.128 0.723 0.024 0.03
0 0.707 0.796 0.034 0.06
0 0.808 0.824 0.036 0.056
0 0.874 0.902 0.028 0.032
0 0.045 0.936 0.054 0.084
0 0.147 0.931 0.034 0.046
0 0.538 0.964 0.028 0.052
0 0.826 0.947 0.04 0.062
1 0.384 0.135 0.016 0.022
1 0.224 0.143 0.016 0.026
1 0.232 0.202 0.016 0.02
1 0.068 0.145 0.012 0.022
1 0.011 0.104 0.014 0.02
1 0.017 0.174 0.022 0.016
1 0.211 0.304 0.022 0.036
1 0.233 0.293 0.022 0.038
1 0.076 0.283 0.02 0.026
1 0.097 0.305 0.022 0.018
1 0.056 0.453 0.016 0.022
1 0.102 0.444 0.012 0.02
1 0.428 0.387 0.024 0.026
1 0.059 0.577 0.018 0.026
1 0.024 0.639 0.02 0.022
1 0.98 0.073 0.016 0.03
1 0.869 0.374 0.022 0.02
1 0.814 0.059 0.012 0.018
1 0.781 0.146 0.018 0.036
1 0.316 0.713 0.016 0.022
1 0.548 0.175 0.016 0.014
1 0.548 0.138 0.016 0.024
1 0.582 0.24 0.02 0.032
1 0.655 0.259 0.014 0.018
1 0.706 0.255 0.024 0.014
1 0.382 0.281 0.016 0.022
1 0.5 0.358 0.016 0.02
1 0.539 0.396 0.022 0.028
1 0.992 0.702 0.012 0.024
1 0.832 0.632 0.024 0.028
1 0.83 0.579 0.02 0.026
1 0.832 0.541 0.016 0.018
1 0.844 0.551 0.02 0.026
1 0.834 0.519 0.016 0.022
1 0.858 0.502 0.016 0.024
1 0.784 0.402 0.02 0.024
1 0.958 0.524 0.024 0.036
1 0.991 0.478 0.014 0.024
1 0.36 0.607 0.02 0.022
1 0.064 0.812 0.024 0.036
1 0.563 0.69 0.022 0.016
1 0.529 0.744 0.014 0.032
1 0.646 0.673 0.024 0.042
1 0.473 0.739 0.022 0.026
1 0.654 0.585 0.02 0.03
1 0.67 0.598 0.024 0.02
1 0.67 0.573 0.012 0.03
1 0.663 0.521 0.006 0.018
1 0.654 0.522 0.012 0.016
1 0.429 0.091 0.018 0.034
1 0.602 0.092 0.016 0.02
1 0.668 0.107 0.016 0.018
1 0.899 0.281 0.01 0.03
1 0.546 0.366 0.02 0.016
1 0.297 0.433 0.018 0.026
1 0.277 0.446 0.018 0.02
1 0.621 0.516 0.014 0.032
1 0.139 0.567 0.018 0.026
1 0.176 0.587 0.028 0.034
1 0.249 0.635 0.034 0.034
1 0.715 0.638 0.014 0.02
1 0.819 0.755 0.026 0.022
1 0.815 0.735 0.018 0.018
1 0.105 0.723 0.014 0.022
1 0.141 0.698 0.018 0.016
1 0.243 0.734 0.026 0.02
1 0.261 0.763 0.022 0.018
1 0.721 0.832 0.018 0.02
1 0.777 0.829 0.022 0.014
1 0.808 0.885 0.028 0.034
1 0.815 0.852 0.022 0.02
1 0.837 0.776 0.022 0.024
1 0.867 0.825 0.014 0.018
1 0.901 0.823 0.046 0.03
1 0.909 0.915 0.022 0.042
1 0.019 0.975 0.022 0.022
2 0.211 0.078 0.014 0.02
2 0.756 0.046 0.016 0.024
2 0.406 0.255 0.024 0.038
2 0.07 0.854 0.02 0.032
2 0.463 0.775 0.034 0.042
2 0.496 0.758 0.028 0.028
2 0.468 0.135 0.024 0.062
2 0.567 0.079 0.046 0.054
2 0.25 0.477 0.028 0.038
2 0.357 0.45 0.018 0.036
2 0.657 0.489 0.022 0.01
2 0.489 0.492 0.022 0.036
2 0.742 0.487 0.036 0.05
2 0.72 0.485 0.008 0.014
2 0.729 0.484 0.01 0.012
2 0.72 0.498 0.016 0.008
2 0.125 0.541 0.014 0.018
2 0.155 0.517 0.018 0.022
2 0.751 0.65 0.026 0.028
2 0.76 0.673 0.012 0.014
2 0.107 0.919 0.014 0.018
2 0.219 0.921 0.022 0.018
2 0.245 0.982 0.022 0.016
2 0.458 0.924 0.02 0.016
2 0.979 0.842 0.026 0.056
2 0.967 0.885 0.018 0.026
2 0.659 0.973 0.034 0.05
2 0.693 0.961 0.014 0.022