0 0.105 0.224 0.03 0.04
0 0.09 0.167 0.032 0.05
0 0.076 0.253 0.036 0.046
0 0.072 0.329 0.036 0.046
0 0.035 0.364 0.03 0.056
0 0.01 0.267 0.02 0.03
0 0.035 0.235 0.026 0.034
0 0.152 0.257 0.036 0.054
0 0.184 0.159 0.036 0.038
0 0.042 0.132 0.036 0.032
0 0.198 0.34 0.044 0.052
0 0.137 0.289 0.038 0.038
0 0.219 0.445 0.05 0.062
0 0.278 0.518 0.036 0.052
0 0.244 0.573 0.048 0.05
0 0.379 0.579 0.058 0.066
0 0.52 0.631 0.06 0.062
0 0.515 0.681 0.05 0.046
0 0.511 0.53 0.046 0.068
0 0.61 0.479 0.052 0.062
0 0.625 0.541 0.05 0.058
0 0.78 0.619 0.048 0.05
0 0.799 0.547 0.038 0.05
0 0.862 0.637 0.04 0.042
0 0.861 0.759 0.046 0.046
0 0.9 0.779 0.044 0.062
0 0.87 0.721 0.036 0.042
0 0.775 0.752 0.054 0.084
0 0.714 0.654 0.048 0.068
0 0.569 0.56 0.054 0.084
0 0.534 0.572 0.032 0.056
0 0.292 0.615 0.052 0.062
0 0.253 0.665 0.046 0.066
0 0.298 0.748 0.044 0.052
0 0.221 0.75 0.054 0.076
0 0.094 0.686 0.04 0.052
0 0.016 0.724 0.032 0.044
0 0.078 0.748 0.052 0.056
0 0.146 0.822 0.04 0.068
0 0.007 0.852 0.014 0.04
0 0.035 0.84 0.046 0.048
0 0.021 0.916 0.042 0.056
0 0.086 0.954 0.04 0.04
0 0.05 0.985 0.048 0.026
0 0.154 0.983 0.04 0.03
0 0.232 0.938 0.036 0.06
0 0.299 0.978 0.05 0.04
0 0.387 0.889 0.038 0.05
0 0.461 0.877 0.05 0.07
0 0.481 0.963 0.074 0.07
0 0.513 0.929 0.038 0.038
0 0.556 0.867 0.06 0.078
0 0.523 0.745 0.074 0.062
0 0.619 0.753 0.046 0.042
0 0.677 0.84 0.046 0.04
0 0.707 0.877 0.038 0.046
0 0.718 0.803 0.044 0.038
0 0.752 0.827 0.04 0.042
0 0.832 0.867 0.048 0.066
0 0.855 0.938 0.062 0.056
0 0.843 0.98 0.046 0.036
0 0.797 0.841 0.042 0.05
0 0.642 0.965 0.096 0.066
0 0.534 0.157 0.04 0.046
0 0.552 0.191 0.052 0.042
0 0.603 0.237 0.05 0.058
0 0.639 0.21 0.034 0.032
0 0.693 0.123 0.046 0.046
0 0.709 0.078 0.038 0.048
0 0.636 0.031 0.04 0.054
0 0.615 0.089 0.034 0.034
0 0.674 0.022 0.036 0.044
0 0.767 0.069 0.038 0.054
0 0.862 0.048 0.044 0.06
0 0.921 0.102 0.054 0.064
0 0.986 0.023 0.024 0.046
0 0.792 0.18 0.036 0.044
0 0.895 0.226 0.046 0.08
0 0.963 0.301 0.07 0.07
0 0.708 0.35 0.032 0.032
0 0.766 0.351 0.04 0.058
0 0.583 0.353 0.054 0.066
0 0.614 0.382 0.036 0.048
0 0.468 0.32 0.06 0.068
0 0.308 0.252 0.064 0.044
0 0.213 0.184 0.046 0.056
0 0.142 0.132 0.028 0.068
0 0.158 0.144 0.016 0.04
0 0.173 0.1 0.034 0.028
0 0.146 0.055 0.028 0.038
0 0.12 0.038 0.032 0.044
0 0.109 0.08 0.026 0.04
0 0.173 0.02 0.03 0.04
0 0.197 0.006 0.034 0.012
0 0.128 0.012 0.036 0.024
0 0.176 0.056 0.028 0.036
0 0.233 0.042 0.042 0.072
0 0.286 0.067 0.032 0.042
0 0.318 0.041 0.028 0.042
0 0.345 0.034 0.03 0.036
0 0.326 0.013 0.032 0.026
0 0.412 0.049 0.028 0.046
0 0.377 0.086 0.042 0.04
0 0.364 0.125 0.048 0.038
0 0.45 0.095 0.06 0.066
0 0.345 0.152 0.038 0.036
0 0.323 0.209 0.042 0.046
0 0.242 0.301 0.04 0.034
0 0.033 0.202 0.03 0.028
0 0.018 0.17 0.024 0.036
0 0.071 0.438 0.034 0.044
0 0.09 0.393 0.036 0.066
0 0.116 0.575 0.048 0.046
0 0.128 0.623 0.036 0.05
0 0.301 0.66 0.034 0.04
0 0.299 0.693 0.05 0.054
0 0.455 0.596 0.046 0.052
0 0.841 0.403 0.054 0.046
0 0.892 0.493 0.048 0.066
0 0.914 0.403 0.04 0.05
0 0.816 0.454 0.036 0.028
0 0.627 0.46 0.046 0.032
0 0.34 0.189 0.04 0.042
0 0.291 0.134 0.046 0.048
0 0.367 0.049 0.026 0.034
0 0.394 0.017 0.02 0.034
0 0.45 0.037 0.044 0.034
0 0.609 0.116 0.038 0.024
0 0.76 0.654 0.028 0.04
0 0.733 0.729 0.034 0.042
0 0.642 0.798 0.036 0.044
0 0.581 0.822 0.042 0.032
0 0.345 0.93 0.046 0.056
0 0.396 0.983 0.052 0.03
0 0.438 0.446 0.044 0.044
0 0.98 0.707 0.036 0.054
0 0.44 0.213 0.032 0.034
0 0.45 0.172 0.028 0.044
0 0.026 0.072 0.02 0.028
0 0.014 0.072 0.016 0.032
0 0.046 0.01 0.032 0.02
0 0.226 0.124 0.036 0.032
0 0.289 0.17 0.026 0.032
0 0.248 0.208 0.028 0.024
0 0.274 0.023 0.036 0.046
0 0.298 0.012 0.016 0.024
0 0.343 0.577 0.046 0.102
0 0.669 0.701 0.034 0.05
0 0.82 0.961 0.02 0.022
0 0.984 0.816 0.028 0.024
0 0.831 0.598 0.05 0.048
0 0.809 0.357 0.042 0.046
0 0.414 0.683 0.036 0.042
0 0.434 0.671 0.028 0.026
0 0.431 0.623 0.03 0.03
0 0.639 0.83 0.022 0.024
0 0.134 0.785 0.024 0.03
0 0.839 0.008 0.034 0.016
0 0.919 0.008 0.03 0.016
0 0.944 0.066 0.028 0.028
0 0.971 0.102 0.034 0.032
0 0.994 0.136 0.008 0.04
0 0.108 0.359 0.02 0.026
0 0.656 0.066 0.04 0.024
0 0.704 0.01 0.02 0.02
0 0.733 0.012 0.046 0.024
0 0.61 0.33 0.064 0.072
0 0.773 0.381 0.03 0.026
0 0.469 0.009 0.03 0.018
0 0.552 0.005 0.02 0.01
0 0.539 0.991 0.034 0.014
0 0.004 0.367 0.008 0.03
1 0.223 0.085 0.022 0.026
1 0.275 0.084 0.026 0.032
1 0.814 0.922 0.036 0.024
1 0.277 0.855 0.022 0.03
1 0.61 0.847 0.024 0.03
1 0.097 0.915 0.022 0.03
1 0.136 0.935 0.024 0.022
1 0.763 0.504 0.034 0.036
1 0.297 0.537 0.006 0.026
1 0.877 0.814 0.026 0.016
1 0.776 0.731 0.012 0.018
1 0.165 0.848 0.018 0.028
1 0.535 0.323 0.018 0.022
1 0.1 0.376 0.02 0.036
1 0.036 0.576 0.02 0.02
1 0.052 0.597 0.016 0.022
1 0.088 0.541 0.02 0.03
1 0.136 0.602 0.016 0.016
1 0.366 0.69 0.02 0.024
1 0.384 0.69 0.02 0.024
1 0.401 0.62 0.018 0.028
1 0.451 0.644 0.026 0.024
1 0.428 0.644 0.02 0.02
1 0.548 0.712 0.024 0.028
1 0.659 0.745 0.022 0.018
1 0.717 0.755 0.034 0.018
1 0.747 0.713 0.018 0.018
1 0.866 0.547 0.036 0.018
1 0.911 0.551 0.026 0.022
1 0.964 0.58 0.024 0.02
1 0.99 0.54 0.016 0.024
1 0.99 0.658 0.016 0.032
1 0.703 0.319 0.022 0.022
1 0.555 0.446 0.018 0.028
1 0.256 0.425 0.016 0.022
1 0.471 0.141 0.022 0.034
1 0.498 0.176 0.02 0.024
1 0.086 0.031 0.02 0.03
1 0.069 0.078 0.022 0.02
1 0.253 0.185 0.038 0.014
1 0.675 0.646 0.018 0.032
1 0.599 0.651 0.022 0.03
1 0.945 0.744 0.022 0.024
1 0.56 0.924 0.024 0.028
1 0.607 0.914 0.03 0.02
1 0.628 0.91 0.016 0.02
1 0.976 0.987 0.032 0.014
1 0.955 0.91 0.022 0.024
1 0.825 0.335 0.026 0.026
1 0.334 0.81 0.02 0.044
1 0.339 0.847 0.022 0.018
1 0.201 0.943 0.022 0.018
1 0.498 0.265 0.024 0.03
1 0.726 0.204 0.032 0.016
1 0.671 0.155 0.022 0.022
1 0.653 0.172 0.026 0.024
1 0.757 0.169 0.018 0.022
1 0.89 0.153 0.016 0.03
1 0.011 0.32 0.022 0.02
1 0.071 0.41 0.026 0.02
1 0.364 0.963 0.044 0.018
1 0.608 0.99 0.02 0.016
1 0.673 0.875 0.022 0.022
1 0.714 0.916 0.016 0.012
1 0.907 0.892 0.026 0.024
1 0.26 0.701 0.008 0.018
1 0.265 0.711 0.002 0.01
1 0.19 0.528 0.012 0.028
1 0.202 0.531 0.016 0.014
1 0.213 0.529 0.03 0.046
1 0.852 0.174 0.044 0.028
1 0.537 0.242 0.022 0.028
1 0.452 0.134 0.016 0.02
1 0.577 0.026 0.018 0.024
1 0.25 0.154 0.02 0.036
1 0.126 0.086 0.012 0.024
1 0.203 0.084 0.014 0.024
1 0.318 0.147 0.008 0.03
1 0.179 0.657 0.022 0.022
1 0.746 0.919 0.028 0.03
1 0.108 0.792 0.024 0.028
1 0.361 0.948 0.01 0.02
1 0.84 0.5 0.02 0.024
1 0.433 0.94 0.014 0.016
1 0.765 0.563 0.018 0.026
1 0.987 0.17 0.022 0.024
1 0.925 0.027 0.022 0.022
1 0.482 0.031 0.02 0.018
1 0.41 0.155 0.02 0.018
1 0.727 0.694 0.022 0.016
2 0.499 0.8 0.034 0.036
2 0.383 0.523 0.042 0.034
2 0.733 0.964 0.038 0.04
2 0.368 0.382 0.04 0.04
2 0.718 0.042 0.028 0.032
2 0.354 0.726 0.04 0.04
2 0.293 0.472 0.038 0.024
2 0.285 0.409 0.03 0.046
2 0.248 0.315 0.02 0.018
2 0.393 0.489 0.038 0.034
2 0.935 0.996 0.018 0.004
2 0.876 0.99 0.012 0.016
2 0.972 0.863 0.02 0.014
2 0.249 0.362 0.03 0.056
2 0.082 0.493 0.02 0.026
2 0.019 0.497 0.022 0.022
2 0.006 0.531 0.008 0.01
2 0.171 0.622 0.01 0.012
2 0.438 0.831 0.012 0.014
2 0.501 0.882 0.01 0.008
2 0.489 0.934 0.01 0.008
2 0.67 0.598 0.012 0.02
2 0.758 0.417 0.024 0.018
2 0.703 0.472 0.022 0.012
2 0.969 0.15 0.006 0.016
2 0.8 0.047 0.02 0.018
2 0.749 0.03 0.01 0.02
2 0.774 0.025 0.008 0.018
2 0.755 0.248 0.006 0.012
2 0.717 0.251 0.01 0.006
2 0.293 0.287 0.03 0.026
2 0.394 0.355 0.016 0.038
2 0.391 0.246 0.026 0.052
2 0.43 0.257 0.008 0.01
2 0.004 0.192 0.008 0.02
2 0.002 0.236 0.004 0.028
2 0.012 0.996 0.024 0.004
2 0.556 0.612 0.02 0.012
2 0.99 0.58 0.016 0.02
2 0.319 0.284 0.022 0.02
2 0.352 0.535 0.012 0.03
2 0.332 0.418 0.012 0.024
2 0.618 0.179 0.024 0.026
2 0.985 0.504 0.026 0.016
2 0.469 0.381 0.018 0.022
2 0.128 0.375 0.016 0.006
2 0.05 0.097 0.012 0.03
0 0.922 0.11 0.048 0.044
0 0.86 0.047 0.04 0.058
0 0.766 0.068 0.036 0.048
0 0.712 0.077 0.032 0.042
0 0.677 0.019 0.03 0.038
0 0.636 0.034 0.036 0.048
0 0.693 0.123 0.042 0.042
0 0.894 0.232 0.048 0.06
0 0.791 0.182 0.034 0.04
0 0.615 0.088 0.03 0.032
0 0.639 0.21 0.038 0.032
0 0.552 0.191 0.044 0.038
0 0.527 0.155 0.026 0.034
0 0.535 0.167 0.034 0.03
0 0.461 0.106 0.038 0.04
0 0.444 0.102 0.044 0.048
0 0.412 0.048 0.028 0.044
0 0.342 0.034 0.028 0.032
0 0.317 0.043 0.03 0.034
0 0.327 0.012 0.026 0.024
0 0.274 0.011 0.028 0.022
0 0.287 0.064 0.03 0.036
0 0.236 0.026 0.032 0.032
0 0.232 0.039 0.04 0.046
0 0.175 0.021 0.026 0.034
0 0.175 0.051 0.026 0.03
0 0.129 0.01 0.03 0.02
0 0.122 0.039 0.032 0.026
0 0.113 0.047 0.022 0.022
0 0.145 0.054 0.026 0.036
0 0.108 0.082 0.024 0.032
0 0.124 0.084 0.016 0.024
0 0.172 0.098 0.028 0.024
0 0.026 0.072 0.024 0.028
0 0.045 0.132 0.03 0.028
0 0.017 0.167 0.022 0.034
0 0.089 0.166 0.03 0.04
0 0.144 0.139 0.024 0.034
0 0.156 0.142 0.016 0.032
0 0.139 0.152 0.014 0.02
0 0.183 0.159 0.03 0.034
0 0.232 0.125 0.024 0.022
0 0.275 0.082 0.026 0.028
0 0.212 0.19 0.04 0.036
0 0.034 0.203 0.028 0.022
0 0.035 0.235 0.026 0.03
0 0.01 0.266 0.02 0.028
0 0.105 0.227 0.03 0.034
0 0.076 0.26 0.032 0.032
0 0.152 0.255 0.032 0.05
0 0.137 0.29 0.03 0.032
0 0.071 0.329 0.034 0.038
0 0.034 0.363 0.028 0.046
0 0.198 0.343 0.04 0.042
0 0.38 0.086 0.032 0.032
0 0.3 0.135 0.02 0.034
0 0.369 0.122 0.038 0.032
0 0.288 0.166 0.02 0.02
0 0.346 0.152 0.028 0.024
0 0.331 0.179 0.018 0.014
0 0.344 0.187 0.024 0.026
0 0.316 0.253 0.048 0.034
0 0.321 0.213 0.038 0.034
0 0.092 0.385 0.032 0.046
0 0.1 0.378 0.016 0.036
0 0.069 0.44 0.026 0.036
0 0.082 0.43 0.016 0.024
0 0.219 0.449 0.046 0.05
0 0.279 0.519 0.034 0.046
0 0.246 0.573 0.048 0.05
0 0.293 0.613 0.05 0.054
0 0.378 0.583 0.048 0.046
0 0.965 0.304 0.054 0.056
0 0.912 0.402 0.036 0.04
0 0.838 0.404 0.044 0.044
0 0.765 0.348 0.038 0.04
0 0.709 0.348 0.03 0.028
0 0.583 0.357 0.05 0.054
0 0.701 0.318 0.018 0.016
0 0.6 0.236 0.044 0.048
0 0.438 0.212 0.024 0.028
0 0.497 0.177 0.018 0.018
0 0.455 0.304 0.034 0.028
0 0.476 0.329 0.036 0.034
0 0.815 0.454 0.034 0.024
0 0.81 0.362 0.024 0.024
0 0.799 0.352 0.018 0.028
0 0.777 0.38 0.022 0.02
0 0.89 0.493 0.044 0.062
0 0.797 0.541 0.034 0.034
0 0.861 0.636 0.038 0.036
0 0.782 0.618 0.04 0.04
0 0.758 0.655 0.024 0.03
0 0.716 0.66 0.036 0.048
0 0.608 0.483 0.048 0.05
0 0.508 0.529 0.04 0.062
0 0.626 0.542 0.044 0.052
0 0.567 0.575 0.05 0.05
0 0.534 0.574 0.032 0.048
0 0.454 0.596 0.044 0.048
0 0.518 0.635 0.048 0.046
0 0.514 0.683 0.044 0.038
0 0.418 0.684 0.032 0.04
0 0.432 0.67 0.028 0.02
0 0.299 0.66 0.03 0.04
0 0.298 0.69 0.044 0.036
0 0.252 0.672 0.036 0.044
0 0.297 0.745 0.038 0.042
0 0.222 0.754 0.052 0.068
0 0.081 0.752 0.042 0.044
0 0.013 0.726 0.026 0.036
0 0.094 0.685 0.04 0.046
0 0.116 0.574 0.048 0.044
0 0.13 0.604 0.028 0.024
0 0.128 0.629 0.036 0.034
0 0.036 0.839 0.04 0.046
0 0.145 0.807 0.042 0.05
0 0.143 0.842 0.034 0.028
0 0.019 0.913 0.038 0.042
0 0.082 0.956 0.032 0.036
0 0.051 0.986 0.046 0.024
0 0.231 0.943 0.034 0.05
0 0.298 0.983 0.044 0.03
0 0.387 0.891 0.034 0.042
0 0.46 0.883 0.036 0.054
0 0.556 0.868 0.052 0.068
0 0.513 0.928 0.034 0.036
0 0.472 0.969 0.04 0.058
0 0.5 0.983 0.028 0.03
0 0.652 0.974 0.072 0.048
0 0.623 0.757 0.034 0.026
0 0.673 0.839 0.034 0.034
0 0.708 0.875 0.036 0.038
0 0.648 0.798 0.024 0.028
0 0.639 0.821 0.026 0.034
0 0.717 0.803 0.042 0.03
0 0.752 0.826 0.036 0.04
0 0.734 0.732 0.028 0.036
0 0.774 0.768 0.048 0.044
0 0.769 0.737 0.038 0.05
0 0.868 0.725 0.028 0.03
0 0.862 0.762 0.04 0.044
0 0.901 0.777 0.038 0.058
0 0.832 0.869 0.044 0.058
0 0.857 0.938 0.042 0.044
0 0.798 0.851 0.024 0.03
0 0.532 0.752 0.044 0.044
0 0.438 0.448 0.036 0.036
0 0.012 0.071 0.016 0.034
0 0.14 0.112 0.028 0.032
0 0.195 0.004 0.026 0.008
0 0.576 0.027 0.016 0.022
0 0.72 0.013 0.02 0.022
0 0.661 0.066 0.026 0.02
0 0.611 0.119 0.03 0.018
0 0.656 0.173 0.028 0.026
0 0.47 0.141 0.02 0.03
0 0.071 0.413 0.022 0.018
0 0.011 0.319 0.022 0.018
0 0.004 0.366 0.008 0.02
0 0.91 0.552 0.024 0.024
0 0.866 0.546 0.036 0.016
0 0.839 0.602 0.038 0.032
0 0.716 0.752 0.028 0.016
0 0.007 0.852 0.014 0.036
0 0.214 0.528 0.024 0.044
0 0.197 0.528 0.022 0.024
0 0.428 0.624 0.028 0.028
0 0.428 0.643 0.02 0.018
0 0.452 0.645 0.024 0.022
0 0.349 0.589 0.034 0.078
0 0.293 0.473 0.038 0.022
0 0.395 0.983 0.042 0.03
0 0.344 0.929 0.04 0.05
0 0.815 0.92 0.03 0.024
0 0.842 0.98 0.04 0.036
0 0.67 0.875 0.02 0.018
0 0.55 0.713 0.02 0.026
0 0.955 0.91 0.022 0.024
0 0.985 0.817 0.026 0.022
0 0.979 0.707 0.038 0.046
0 0.994 0.134 0.008 0.036
0 0.987 0.17 0.022 0.028
1 0.365 0.018 0.014 0.012
1 0.6 0.112 0.016 0.016
1 0.671 0.155 0.018 0.018
1 0.725 0.204 0.026 0.016
1 0.453 0.131 0.014 0.018
1 0.249 0.315 0.018 0.018
1 0.534 0.324 0.016 0.024
1 0.554 0.446 0.016 0.028
1 0.991 0.54 0.014 0.02
1 0.965 0.58 0.022 0.016
1 0.66 0.745 0.02 0.018
1 0.746 0.714 0.016 0.02
1 0.341 0.847 0.022 0.018
1 0.276 0.856 0.02 0.028
1 0.136 0.934 0.02 0.02
1 0.095 0.916 0.022 0.028
1 0.161 0.848 0.022 0.024
1 0.037 0.576 0.018 0.02
1 0.367 0.689 0.018 0.022
1 0.383 0.688 0.018 0.024
1 0.201 0.944 0.022 0.02
1 0.178 0.655 0.016 0.018
1 0.186 0.663 0.012 0.014
1 0.865 0.168 0.014 0.016
2 0.286 0.136 0.024 0.028
2 0.045 0.01 0.026 0.02
2 0.085 0.03 0.018 0.032
2 0.067 0.078 0.026 0.02
2 0.224 0.085 0.02 0.026
2 0.202 0.084 0.016 0.024
2 0.3 0.011 0.016 0.022
2 0.266 0.031 0.02 0.022
2 0.392 0.016 0.02 0.032
2 0.366 0.052 0.024 0.028
2 0.451 0.037 0.038 0.034
2 0.482 0.03 0.02 0.02
2 0.469 0.007 0.022 0.014
2 0.717 0.042 0.026 0.032
2 0.536 0.247 0.02 0.026
2 0.499 0.264 0.022 0.028
2 0.45 0.173 0.028 0.042
2 0.41 0.155 0.02 0.018
2 0.369 0.134 0.022 0.016
2 0.253 0.184 0.034 0.012
2 0.249 0.208 0.03 0.024
2 0.251 0.154 0.018 0.032
2 0.219 0.171 0.026 0.03
2 0.315 0.143 0.014 0.034
2 0.108 0.359 0.02 0.026
2 0.242 0.301 0.04 0.03
2 0.626 0.463 0.032 0.026
2 0.615 0.383 0.034 0.042
2 0.826 0.336 0.028 0.024
2 0.99 0.581 0.016 0.022
2 0.838 0.499 0.02 0.026
2 0.762 0.565 0.016 0.022
2 0.76 0.505 0.024 0.03
2 0.732 0.69 0.04 0.024
2 0.598 0.651 0.02 0.034
2 0.672 0.643 0.02 0.034
2 0.582 0.823 0.04 0.03
2 0.61 0.844 0.024 0.032
2 0.498 0.8 0.036 0.036
2 0.154 0.983 0.036 0.03
2 0.053 0.597 0.014 0.022
2 0.087 0.541 0.018 0.03
2 0.395 0.489 0.038 0.026
2 0.38 0.523 0.032 0.034
2 0.286 0.409 0.028 0.042
2 0.203 0.424 0.018 0.02
2 0.366 0.373 0.032 0.026
2 0.365 0.964 0.042 0.016
2 0.358 0.945 0.012 0.026
2 0.561 0.926 0.022 0.032
2 0.608 0.915 0.024 0.022
2 0.614 0.944 0.04 0.028
2 0.734 0.964 0.036 0.04
2 0.747 0.916 0.022 0.028
2 0.628 0.91 0.016 0.02
2 0.715 0.915 0.018 0.014
2 0.334 0.809 0.02 0.038
2 0.5 0.729 0.024 0.03
2 0.977 0.987 0.034 0.014
2 0.82 0.96 0.02 0.02
2 0.903 0.891 0.026 0.022
2 0.991 0.658 0.014 0.028
2 0.945 0.745 0.022 0.022
2 0.667 0.698 0.03 0.044
2 0.878 0.814 0.028 0.02
2 0.845 0.181 0.026 0.014
2 0.89 0.154 0.016 0.032
2 0.987 0.023 0.022 0.046
2 0.839 0.008 0.03 0.016
2 0.919 0.008 0.026 0.016
2 0.923 0.03 0.022 0.02
2 0.974 0.104 0.028 0.032
2 0.942 0.068 0.028 0.024
2 0.758 0.168 0.02 0.02
2 0.254 0.424 0.016 0.024
2 0.292 0.288 0.028 0.028
2 0.402 0.621 0.02 0.026
2 0.538 0.993 0.028 0.01
2 0.606 0.989 0.02 0.018
2 0.441 0.937 0.038 0.026