0 0.131 0.964 0.062 0.068
0 0.037 0.993 0.038 0.01
0 0.411 0.986 0.034 0.024
0 0.261 0.849 0.07 0.078
0 0.159 0.792 0.058 0.052
0 0.009 0.722 0.018 0.06
0 0.03 0.709 0.032 0.042
0 0.146 0.735 0.04 0.046
0 0.345 0.906 0.03 0.04
0 0.323 0.9 0.034 0.056
0 0.11 0.659 0.036 0.042
0 0.037 0.594 0.034 0.04
0 0.109 0.572 0.026 0.036
0 0.039 0.512 0.034 0.036
0 0.059 0.491 0.03 0.046
0 0.08 0.393 0.052 0.062
0 0.004 0.299 0.008 0.042
0 0.063 0.295 0.038 0.042
0 0.044 0.265 0.04 0.03
0 0.046 0.224 0.036 0.04
0 0.028 0.178 0.052 0.056
0 0.108 0.236 0.044 0.052
0 0.04 0.082 0.02 0.024
0 0.063 0.087 0.022 0.038
0 0.046 0.044 0.036 0.028
0 0.151 0.091 0.034 0.046
0 0.166 0.167 0.044 0.054
0 0.253 0.093 0.034 0.058
0 0.277 0.099 0.026 0.046
0 0.306 0.044 0.02 0.032
0 0.339 0.004 0.022 0.004
0 0.334 0.106 0.012 0.028
0 0.4 0.075 0.032 0.03
0 0.418 0.165 0.036 0.042
0 0.451 0.148 0.046 0.064
0 0.522 0.073 0.04 0.042
0 0.558 0.025 0.028 0.046
0 0.634 0.027 0.044 0.05
0 0.672 0.058 0.036 0.044
0 0.807 0.009 0.042 0.014
0 0.818 0.053 0.044 0.05
0 0.904 0.034 0.036 0.036
0 0.974 0.012 0.048 0.02
0 0.825 0.105 0.03 0.03
0 0.809 0.116 0.026 0.036
0 0.769 0.127 0.034 0.038
0 0.74 0.138 0.044 0.052
0 0.834 0.156 0.028 0.044
0 0.854 0.146 0.024 0.028
0 0.842 0.213 0.04 0.05
0 0.882 0.23 0.044 0.052
0 0.946 0.233 0.032 0.03
0 0.965 0.32 0.05 0.056
0 0.814 0.323 0.06 0.062
0 0.701 0.21 0.042 0.036
0 0.676 0.19 0.036 0.032
0 0.67 0.243 0.044 0.05
0 0.255 0.223 0.03 0.046
0 0.144 0.356 0.032 0.04
0 0.158 0.424 0.036 0.06
0 0.23 0.356 0.032 0.048
0 0.14 0.514 0.024 0.044
0 0.179 0.529 0.026 0.038
0 0.175 0.611 0.046 0.062
0 0.222 0.7 0.048 0.044
0 0.253 0.656 0.046 0.04
0 0.301 0.717 0.066 0.074
0 0.259 0.582 0.046 0.04
0 0.235 0.492 0.034 0.04
0 0.339 0.572 0.046 0.056
0 0.422 0.604 0.032 0.048
0 0.375 0.438 0.038 0.04
0 0.365 0.399 0.034 0.046
0 0.392 0.362 0.04 0.068
0 0.434 0.392 0.048 0.06
0 0.499 0.964 0.054 0.068
0 0.442 0.847 0.036 0.046
0 0.419 0.796 0.022 0.02
0 0.468 0.804 0.048 0.044
0 0.58 0.968 0.064 0.06
0 0.581 0.907 0.07 0.094
0 0.673 0.935 0.03 0.05
0 0.651 0.889 0.022 0.03
0 0.689 0.839 0.07 0.062
0 0.539 0.731 0.054 0.062
0 0.748 0.863 0.028 0.046
0 0.885 0.944 0.026 0.064
0 0.836 0.854 0.032 0.06
0 0.869 0.858 0.022 0.036
0 0.672 0.716 0.064 0.084
0 0.756 0.737 0.04 0.058
0 0.939 0.931 0.038 0.066
0 0.967 0.761 0.026 0.042
0 0.886 0.728 0.036 0.032
0 0.986 0.712 0.024 0.032
0 0.426 0.509 0.048 0.03
0 0.508 0.585 0.064 0.078
0 0.578 0.63 0.02 0.024
0 0.518 0.43 0.036 0.04
0 0.575 0.464 0.034 0.044
0 0.615 0.55 0.062 0.072
0 0.573 0.313 0.046 0.078
0 0.592 0.376 0.056 0.032
0 0.594 0.406 0.028 0.048
0 0.627 0.401 0.03 0.03
0 0.665 0.336 0.03 0.044
0 0.755 0.349 0.03 0.046
0 0.838 0.393 0.06 0.054
0 0.817 0.431 0.058 0.058
0 0.926 0.445 0.052 0.07
0 0.976 0.408 0.044 0.06
0 0.888 0.529 0.04 0.058
0 0.941 0.54 0.066 0.064
0 0.987 0.574 0.022 0.044
0 0.916 0.655 0.04 0.038
0 0.923 0.63 0.038 0.04
0 0.743 0.642 0.034 0.08
1 0.045 0.948 0.022 0.012
1 0.003 0.953 0.006 0.014
1 0.286 0.986 0.028 0.024
1 0.271 0.934 0.018 0.02
1 0.107 0.831 0.026 0.026
1 0.021 0.771 0.034 0.018
1 0.082 0.631 0.028 0.022
1 0.102 0.612 0.012 0.028
1 0.091 0.482 0.022 0.016
1 0.065 0.427 0.03 0.042
1 0.084 0.151 0.032 0.018
1 0.112 0.165 0.02 0.022
1 0.105 0.102 0.026 0.02
1 0.003 0.009 0.006 0.014
1 0.324 0.062 0.028 0.036
1 0.328 0.029 0.016 0.014
1 0.371 0.044 0.01 0.024
1 0.356 0.051 0.016 0.03
1 0.689 0.006 0.03 0.008
1 0.626 0.071 0.02 0.014
1 0.964 0.139 0.028 0.022
1 0.919 0.246 0.018 0.024
1 0.96 0.22 0.016 0.016
1 0.923 0.275 0.03 0.026
1 0.81 0.288 0.032 0.016
1 0.84 0.299 0.02 0.018
1 0.76 0.234 0.02 0.02
1 0.419 0.269 0.022 0.022
1 0.323 0.263 0.018 0.03
1 0.267 0.257 0.022 0.022
1 0.19 0.283 0.016 0.022
1 0.247 0.408 0.014 0.016
1 0.259 0.404 0.018 0.024
1 0.296 0.374 0.028 0.024
1 0.174 0.659 0.028 0.022
1 0.237 0.569 0.034 0.034
1 0.247 0.523 0.022 0.022
1 0.368 0.488 0.016 0.012
1 0.524 0.324 0.02 0.032
1 0.442 0.88 0.032 0.02
1 0.623 0.921 0.01 0.034
1 0.596 0.834 0.02 0.02
1 0.616 0.784 0.016 0.04
1 0.764 0.955 0.032 0.034
1 0.875 0.904 0.022 0.024
1 0.909 0.838 0.022 0.02
1 0.552 0.642 0.02 0.048
1 0.586 0.525 0.02 0.026
1 0.622 0.439 0.024 0.022
1 0.696 0.383 0.016 0.018
1 0.739 0.385 0.014 0.022
1 0.872 0.476 0.024 0.024
1 0.84 0.508 0.024 0.028
1 0.929 0.505 0.022 0.014
1 0.666 0.541 0.028 0.034
1 0.721 0.566 0.026 0.016
1 0.708 0.601 0.024 0.026
1 0.67 0.442 0.028 0.032
1 0.782 0.765 0.012 0.014
1 0.742 0.824 0.016 0.02
2 0.028 0.922 0.044 0.032
2 0.216 0.987 0.044 0.022
2 0.331 0.955 0.034 0.03
2 0.225 0.765 0.058 0.07
2 0.733 0.015 0.034 0.026
2 0.775 0.032 0.03 0.036
2 0.561 0.229 0.03 0.05
2 0.405 0.293 0.038 0.034
2 0.505 0.739 0.038 0.062
2 0.886 0.779 0.064 0.086
2 0.705 0.675 0.058 0.066
2 0.198 0.039 0.012 0.014
2 0.351 0.103 0.014 0.018
2 0.464 0.014 0.008 0.02
2 0.508 0.095 0.016 0.01
2 0.688 0.088 0.012 0.016
2 0.627 0.06 0.038 0.024
2 0.799 0.514 0.018 0.028
2 0.553 0.774 0.026 0.028
2 0.038 0.837 0.012 0.014
2 0.815 0.892 0.014 0.024
2 0.101 0.741 0.01 0.018
2 0.084 0.762 0.012 0.012
2 0.116 0.742 0.012 0.028
2 0.119 0.709 0.014 0.01
2 0.101 0.718 0.006 0.008
2 0.639 0.755 0.034 0.026
2 0.653 0.787 0.014 0.038
2 0.673 0.988 0.01 0.02
2 0.602 0.1 0.02 0.02
2 0.627 0.115 0.018 0.01
2 0.592 0.07 0.008 0.008
2 0.546 0.274 0.012 0.016
2 0.569 0.283 0.018 0.014