0 0.45 0.853 0.044 0.058
0 0.676 0.289 0.044 0.038
0 0.49 0.669 0.04 0.038
0 0.398 0.757 0.044 0.042
0 0.261 0.563 0.03 0.03
0 0.58 0.746 0.032 0.044
0 0.682 0.421 0.028 0.03
0 0.757 0.665 0.034 0.038
0 0.842 0.569 0.036 0.03
0 0.702 0.848 0.036 0.028
0 0.81 0.594 0.036 0.036
0 0.581 0.19 0.046 0.044
0 0.718 0.249 0.036 0.03
0 0.226 0.632 0.048 0.056
0 0.297 0.816 0.05 0.052
0 0.487 0.784 0.05 0.06
0 0.124 0.899 0.052 0.046
0 0.259 0.951 0.038 0.026
0 0.323 0.458 0.054 0.036
0 0.254 0.521 0.024 0.03
0 0.479 0.526 0.03 0.04
0 0.722 0.589 0.044 0.042
0 0.699 0.659 0.038 0.03
0 0.546 0.541 0.044 0.046
0 0.675 0.877 0.034 0.034
0 0.6 0.862 0.048 0.032
0 0.457 0.594 0.046 0.04
0 0.368 0.39 0.068 0.064
0 0.197 0.317 0.042 0.046
0 0.276 0.307 0.032 0.054
0 0.353 0.312 0.038 0.036
0 0.287 0.193 0.074 0.078
0 0.288 0.091 0.06 0.074
0 0.18 0.162 0.048 0.048
0 0.139 0.088 0.026 0.032
0 0.415 0.221 0.07 0.046
0 0.697 0.066 0.046 0.04
0 0.893 0.172 0.05 0.04
0 0.848 0.382 0.048 0.044
0 0.765 0.38 0.046 0.04
0 0.927 0.458 0.046 0.032
0 0.961 0.422 0.042 0.024
0 0.898 0.31 0.04 0.028
0 0.943 0.377 0.042 0.038
0 0.643 0.353 0.042 0.046
0 0.424 0.665 0.036 0.034
0 0.406 0.646 0.044 0.04
0 0.817 0.52 0.038 0.028
0 0.833 0.181 0.042 0.03
0 0.746 0.049 0.036 0.038
0 0.634 0.021 0.044 0.038
0 0.386 0.042 0.072 0.06
0 0.09 0.437 0.064 0.05
0 0.157 0.649 0.042 0.054
0 0.174 0.924 0.032 0.064
0 0.175 0.7 0.034 0.032
0 0.16 0.544 0.044 0.052
0 0.227 0.465 0.038 0.034
0 0.14 0.361 0.032 0.038
0 0.031 0.199 0.034 0.03
0 0.12 0.234 0.024 0.036
0 0.686 0.225 0.044 0.038
0 0.828 0.042 0.036 0.024
0 0.7 0.5 0.048 0.048
0 0.979 0.04 0.038 0.052
0 0.974 0.103 0.048 0.034
0 0.137 0.765 0.074 0.066
0 0.025 0.352 0.05 0.076
0 0.025 0.135 0.038 0.046
0 0.896 0.015 0.04 0.03
0 0.784 0.327 0.056 0.034
0 0.036 0.858 0.064 0.056
0 0.937 0.538 0.046 0.036
0 0.926 0.522 0.036 0.028
0 0.91 0.735 0.052 0.046
0 0.822 0.639 0.04 0.042
0 0.749 0.885 0.03 0.042
0 0.776 0.904 0.028 0.04
0 0.897 0.882 0.046 0.028
0 0.426 0.903 0.044 0.034
0 0.228 0.97 0.028 0.028
0 0.838 0.677 0.04 0.034
0 0.952 0.665 0.048 0.034
0 0.971 0.645 0.054 0.03
0 0.045 0.717 0.046 0.054
0 0.254 0.76 0.04 0.048
0 0.147 0.833 0.038 0.034
0 0.711 0.387 0.038 0.03
0 0.977 0.466 0.042 0.032
0 0.981 0.328 0.034 0.028
0 0.752 0.13 0.04 0.028
0 0.37 0.167 0.044 0.042
0 0.086 0.014 0.04 0.028
0 0.192 0.041 0.032 0.03
0 0.008 0.066 0.016 0.024
0 0.197 0.114 0.062 0.048
0 0.366 0.241 0.028 0.038
0 0.565 0.375 0.034 0.03
0 0.682 0.149 0.044 0.03
0 0.567 0.044 0.038 0.04
0 0.416 0.159 0.032 0.034
0 0.424 0.121 0.052 0.038
0 0.417 0.091 0.018 0.038
0 0.136 0.165 0.036 0.034
0 0.552 0.813 0.04 0.038
0 0.401 0.836 0.038 0.044
0 0.221 0.418 0.05 0.056
0 0.336 0.584 0.032 0.028
0 0.761 0.017 0.026 0.03
0 0.938 0.407 0.056 0.026
0 0.59 0.404 0.044 0.044
0 0.806 0.178 0.032 0.04
0 0.937 0.209 0.03 0.038
0 0.98 0.194 0.036 0.044
0 0.602 0.442 0.028 0.028
0 0.231 0.841 0.026 0.03
0 0.309 0.857 0.038 0.03
0 0.65 0.273 0.024 0.026
0 0.659 0.793 0.05 0.05
0 0.651 0.767 0.03 0.038
0 0.762 0.82 0.044 0.028
0 0.801 0.749 0.026 0.026
0 0.981 0.855 0.034 0.038
0 0.889 0.932 0.038 0.024
0 0.945 0.825 0.046 0.018
0 0.788 0.986 0.04 0.024
0 0.696 0.923 0.032 0.042
0 0.576 0.896 0.032 0.024
0 0.683 0.967 0.026 0.026
0 0.159 0.98 0.042 0.036
0 0.191 0.991 0.03 0.014
0 0.264 0.992 0.02 0.012
0 0.463 0.99 0.026 0.016
0 0.606 0.992 0.036 0.012
0 0.911 0.993 0.034 0.01
0 0.473 0.321 0.018 0.026
0 0.372 0.207 0.048 0.03
0 0.52 0.653 0.024 0.018
0 0.32 0.937 0.024 0.03
0 0.918 0.132 0.032 0.028
0 0.489 0.387 0.022 0.026
0 0.217 0.678 0.026 0.024
0 0.47 0.217 0.028 0.022
0 0.735 0.537 0.026 0.026
1 0.448 0.136 0.016 0.028
1 0.514 0.463 0.02 0.026
1 0.807 0.891 0.03 0.018
1 0.76 0.929 0.016 0.03
1 0.451 0.325 0.026 0.018
1 0.278 0.487 0.024 0.022
1 0.502 0.586 0.02 0.02
1 0.337 0.686 0.018 0.024
1 0.447 0.733 0.014 0.018
1 0.565 0.139 0.026 0.018
1 0.12 0.719 0.02 0.018
1 0.255 0.856 0.022 0.012
1 0.631 0.672 0.018 0.02
1 0.665 0.543 0.018 0.018
1 0.859 0.28 0.018 0.024
1 0.03 0.231 0.024 0.022
1 0.146 0.935 0.016 0.018
1 0.769 0.483 0.022 0.022
1 0.869 0.079 0.022 0.018
1 0.183 0.011 0.018 0.018
1 0.517 0.03 0.022 0.024
1 0.59 0.588 0.016 0.024
1 0.683 0.639 0.018 0.018
1 0.481 0.737 0.018 0.022
1 0.438 0.833 0.016 0.018
1 0.297 0.761 0.022 0.018
1 0.301 0.487 0.018 0.022
1 0.926 0.265 0.024 0.022
1 0.976 0.263 0.024 0.03
1 0.594 0.671 0.016 0.026
1 0.522 0.623 0.02 0.03
1 0.712 0.344 0.028 0.024
1 0.209 0.569 0.026 0.022
1 0.134 0.456 0.024 0.02
1 0.059 0.263 0.018 0.026
1 0.248 0.007 0.016 0.014
1 0.664 0.171 0.016 0.018
1 0.995 0.909 0.006 0.018
1 0.289 0.271 0.018 0.022
2 0.539 0.288 0.07 0.06
2 0.348 0.348 0.016 0.024
2 0.299 0.401 0.014 0.022
2 0.42 0.43 0.068 0.048
2 0.349 0.534 0.022 0.024
2 0.599 0.941 0.038 0.034
2 0.547 0.934 0.018 0.032
2 0.112 0.009 0.024 0.018
2 0.065 0.107 0.022 0.034
2 0.427 0.24 0.022 0.024
2 0.628 0.092 0.032 0.02
2 0.665 0.047 0.014 0.014
2 0.574 0.069 0.016 0.014
2 0.433 0.144 0.022 0.024
2 0.091 0.228 0.014 0.016
2 0.085 0.251 0.014 0.018
2 0.659 0.587 0.034 0.018
2 0.652 0.668 0.016 0.028
2 0.416 0.722 0.024 0.012
2 0.067 0.747 0.078 0.05
2 0.168 0.487 0.028 0.038
2 0.29 0.432 0.024 0.016
2 0.788 0.117 0.032 0.03
2 0.728 0.005 0.028 0.01
2 0.204 0.537 0.016 0.03
2 0.109 0.61 0.018 0.084
2 0.508 0.185 0.036 0.018
2 0.619 0.2 0.018 0.016
2 0.658 0.193 0.024 0.014
2 0.709 0.151 0.018 0.014
2 0.904 0.273 0.02 0.018
2 0.719 0.433 0.03 0.022
2 0.517 0.377 0.018 0.022
2 0.552 0.442 0.016 0.012
2 0.354 0.464 0.032 0.032
2 0.176 0.872 0.052 0.036
2 0.208 0.79 0.028 0.036
2 0.032 0.257 0.036 0.034
2 0.012 0.116 0.024 0.04
2 0.588 0.224 0.02 0.024
2 0.819 0.771 0.026 0.026
2 0.757 0.843 0.038 0.022
2 0.987 0.759 0.022 0.034
2 0.982 0.699 0.032 0.03
2 0.838 0.886 0.024 0.028
2 0.812 0.862 0.02 0.012
2 0.846 0.812 0.024 0.016
2 0.939 0.805 0.022 0.022
2 0.971 0.899 0.038 0.026
2 0.124 0.984 0.02 0.02
2 0.378 0.993 0.024 0.01
2 0.726 0.993 0.028 0.01
2 0.863 0.974 0.038 0.016
2 0.716 0.926 0.012 0.012
2 0.876 0.494 0.024 0.02
2 0.311 0.662 0.018 0.016
2 0.324 0.286 0.02 0.036
2 0.235 0.165 0.03 0.022