0 0.946 0.911 0.044 0.078
0 0.888 0.923 0.04 0.078
0 0.862 0.888 0.068 0.08
0 0.805 0.84 0.05 0.052
0 0.768 0.867 0.052 0.062
0 0.736 0.81 0.056 0.04
0 0.722 0.785 0.048 0.042
0 0.732 0.867 0.036 0.058
0 0.923 0.672 0.046 0.1
0 0.815 0.625 0.058 0.066
0 0.645 0.652 0.046 0.044
0 0.553 0.637 0.046 0.058
0 0.503 0.652 0.034 0.064
0 0.458 0.63 0.036 0.076
0 0.404 0.661 0.032 0.062
0 0.364 0.646 0.048 0.06
0 0.357 0.735 0.038 0.066
0 0.33 0.869 0.064 0.086
0 0.252 0.783 0.048 0.054
0 0.133 0.884 0.054 0.052
0 0.079 0.873 0.038 0.042
0 0.059 0.819 0.046 0.046
0 0.019 0.867 0.034 0.07
0 0.155 0.782 0.038 0.04
0 0.129 0.757 0.058 0.094
0 0.168 0.667 0.052 0.07
0 0.262 0.709 0.052 0.066
0 0.42 0.934 0.068 0.128
0 0.437 0.836 0.058 0.08
0 0.581 0.918 0.046 0.1
0 0.604 0.952 0.036 0.052
0 0.646 0.799 0.04 0.05
0 0.551 0.818 0.038 0.044
0 0.964 0.843 0.048 0.038
0 0.899 0.763 0.038 0.05
0 0.873 0.595 0.042 0.054
0 0.925 0.53 0.046 0.044
0 0.967 0.52 0.038 0.04
0 0.899 0.462 0.042 0.072
0 0.968 0.406 0.04 0.044
0 0.93 0.283 0.044 0.05
0 0.969 0.291 0.034 0.054
0 0.835 0.198 0.05 0.044
0 0.981 0.19 0.034 0.048
0 0.83 0.148 0.04 0.036
0 0.754 0.18 0.048 0.052
0 0.732 0.144 0.048 0.032
0 0.631 0.132 0.046 0.036
0 0.709 0.197 0.038 0.054
0 0.774 0.279 0.032 0.042
0 0.839 0.259 0.046 0.046
0 0.855 0.273 0.034 0.058
0 0.808 0.322 0.04 0.048
0 0.818 0.553 0.056 0.038
0 0.779 0.533 0.034 0.042
0 0.75 0.524 0.044 0.056
0 0.661 0.237 0.042 0.046
0 0.609 0.362 0.038 0.048
0 0.704 0.342 0.028 0.052
0 0.684 0.359 0.036 0.058
0 0.751 0.415 0.034 0.054
0 0.668 0.505 0.048 0.066
0 0.564 0.581 0.04 0.05
0 0.518 0.515 0.04 0.066
0 0.605 0.47 0.034 0.052
0 0.613 0.504 0.034 0.052
0 0.502 0.42 0.048 0.064
0 0.453 0.464 0.034 0.048
0 0.418 0.539 0.044 0.07
0 0.313 0.543 0.05 0.074
0 0.278 0.602 0.048 0.056
0 0.408 0.78 0.036 0.048
0 0.548 0.737 0.044 0.046
0 0.708 0.911 0.056 0.078
0 0.519 0.85 0.038 0.06
0 0.305 0.825 0.038 0.05
0 0.198 0.917 0.032 0.046
0 0.121 0.852 0.034 0.044
0 0.021 0.655 0.038 0.05
0 0.178 0.513 0.04 0.066
0 0.047 0.449 0.046 0.038
0 0.175 0.403 0.062 0.07
0 0.107 0.396 0.046 0.044
0 0.285 0.47 0.046 0.052
0 0.375 0.537 0.038 0.05
0 0.379 0.575 0.042 0.03
0 0.326 0.417 0.044 0.058
0 0.391 0.407 0.034 0.058
0 0.565 0.366 0.042 0.064
0 0.521 0.359 0.042 0.042
0 0.521 0.312 0.05 0.056
0 0.592 0.314 0.04 0.048
0 0.605 0.253 0.074 0.038
0 0.476 0.227 0.048 0.046
0 0.447 0.219 0.042 0.05
0 0.407 0.271 0.034 0.042
0 0.404 0.328 0.036 0.052
0 0.436 0.312 0.024 0.052
0 0.321 0.338 0.026 0.052
0 0.335 0.289 0.038 0.042
0 0.255 0.325 0.05 0.054
0 0.281 0.206 0.058 0.04
0 0.073 0.226 0.03 0.044
0 0.101 0.228 0.042 0.064
0 0.042 0.232 0.028 0.048
0 0.056 0.316 0.044 0.044
0 0.104 0.308 0.032 0.044
0 0.13 0.288 0.056 0.04
0 0.16 0.215 0.044 0.054
0 0.131 0.169 0.038 0.042
0 0.089 0.079 0.042 0.042
0 0.015 0.228 0.026 0.06
0 0.255 0.378 0.042 0.04
0 0.328 0.234 0.032 0.052
0 0.309 0.069 0.046 0.05
0 0.412 0.049 0.044 0.058
0 0.452 0.043 0.044 0.03
0 0.47 0.093 0.036 0.038
0 0.463 0.07 0.038 0.032
0 0.535 0.068 0.038 0.04
0 0.524 0.021 0.04 0.038
0 0.367 0.062 0.038 0.04
0 0.182 0.038 0.048 0.052
0 0.25 0.266 0.04 0.04
0 0.308 0.017 0.048 0.022
0 0.338 0.062 0.028 0.036
0 0.726 0.073 0.036 0.05
0 0.78 0.078 0.044 0.052
0 0.801 0.058 0.042 0.06
0 0.845 0.054 0.03 0.052
0 0.893 0.078 0.038 0.048
0 0.934 0.067 0.036 0.046
0 0.986 0.053 0.024 0.042
0 0.675 0.079 0.038 0.038
0 0.666 0.019 0.04 0.034
0 0.582 0.041 0.044 0.046
0 0.143 0.019 0.046 0.034
0 0.02 0.173 0.036 0.034
0 0.683 0.152 0.042 0.032
0 0.536 0.14 0.032 0.036
0 0.856 0.37 0.036 0.048
0 0.873 0.393 0.03 0.034
0 0.64 0.416 0.04 0.04
0 0.019 0.521 0.034 0.042
0 0.415 0.465 0.03 0.042
0 0.986 0.599 0.024 0.034
0 0.992 0.714 0.012 0.076
0 0.176 0.989 0.04 0.018
0 0.94 0.008 0.036 0.012
0 0.854 0.009 0.044 0.014
0 0.13 0.35 0.032 0.032
1 0.023 0.07 0.026 0.02
1 0.071 0.038 0.018 0.028
1 0.089 0.1 0.022 0.024
1 0.284 0.124 0.024 0.02
1 0.25 0.074 0.02 0.024
1 0.367 0.217 0.022 0.026
1 0.285 0.292 0.014 0.02
1 0.545 0.1 0.018 0.02
1 0.764 0.216 0.028 0.044
1 0.922 0.138 0.028 0.02
1 0.953 0.246 0.026 0.02
1 0.813 0.452 0.026 0.036
1 0.897 0.416 0.026 0.032
1 0.937 0.392 0.018 0.04
1 0.939 0.496 0.018 0.024
1 0.658 0.434 0.04 0.02
1 0.745 0.311 0.022 0.03
1 0.697 0.284 0.03 0.024
1 0.643 0.3 0.03 0.028
1 0.579 0.409 0.022 0.022
1 0.578 0.521 0.024 0.026
1 0.617 0.614 0.022 0.024
1 0.622 0.59 0.02 0.012
1 0.612 0.569 0.02 0.014
1 0.598 0.777 0.024 0.03
1 0.69 0.963 0.028 0.018
1 0.658 0.967 0.028 0.042
1 0.685 0.941 0.026 0.022
1 0.773 0.966 0.022 0.032
1 0.518 0.99 0.032 0.016
1 0.484 0.987 0.02 0.018
1 0.904 0.8 0.028 0.02
1 0.27 0.665 0.028 0.018
1 0.08 0.567 0.028 0.034
1 0.056 0.526 0.024 0.032
1 0.411 0.432 0.018 0.032
1 0.692 0.489 0.024 0.034
1 0.673 0.462 0.046 0.016
1 0.846 0.692 0.028 0.048
1 0.985 0.629 0.022 0.022
1 0.354 0.812 0.02 0.028
1 0.209 0.872 0.03 0.032
1 0.228 0.988 0.032 0.02
1 0.287 0.986 0.026 0.024
1 0.385 0.858 0.022 0.024
1 0.738 0.223 0.016 0.018
1 0.989 0.1 0.018 0.044
1 0.981 0.106 0.01 0.016
1 0.308 0.162 0.028 0.028
1 0.085 0.34 0.018 0.024
1 0.286 0.384 0.012 0.032
1 0.007 0.339 0.01 0.042
1 0.007 0.299 0.01 0.03
1 0.007 0.726 0.01 0.036
1 0.547 0.224 0.018 0.024
1 0.457 0.183 0.022 0.022
1 0.351 0.019 0.022 0.026
2 0.993 0.42 0.01 0.06
2 0.837 0.488 0.042 0.024
2 0.714 0.398 0.028 0.028
2 0.743 0.374 0.034 0.032
2 0.598 0.693 0.032 0.034
2 0.594 0.838 0.032 0.04
2 0.969 0.804 0.03 0.028
2 0.934 0.812 0.028 0.024
2 0.856 0.942 0.02 0.036
2 0.985 0.94 0.026 0.06
2 0.25 0.637 0.06 0.042
2 0.081 0.683 0.066 0.05
2 0.142 0.621 0.048 0.042
2 0.21 0.537 0.036 0.042
2 0.224 0.448 0.036 0.048
2 0.133 0.481 0.022 0.018
2 0.113 0.443 0.022 0.03
2 0.115 0.509 0.038 0.03
2 0.083 0.526 0.03 0.04
2 0.058 0.582 0.024 0.036
2 0.331 0.465 0.046 0.054
2 0.337 0.559 0.03 0.042
2 0.411 0.594 0.022 0.02
2 0.359 0.481 0.026 0.022
2 0.637 0.53 0.034 0.032
2 0.775 0.612 0.03 0.036
2 0.033 0.982 0.026 0.032
2 0.094 0.818 0.02 0.04
2 0.347 0.914 0.042 0.072
2 0.927 0.166 0.026 0.024
2 0.761 0.021 0.03 0.022
2 0.604 0.062 0.016 0.024
2 0.499 0.096 0.026 0.036
2 0.387 0.222 0.03 0.044
2 0.315 0.195 0.018 0.042
2 0.156 0.143 0.036 0.034
2 0.175 0.093 0.034 0.046
2 0.215 0.041 0.038 0.038
2 0.18 0.265 0.036 0.022
2 0.164 0.933 0.032 0.094
2 0.81 0.171 0.032 0.026
2 0.612 0.227 0.028 0.026
2 0.29 0.01 0.032 0.016
2 0.239 0.012 0.022 0.02