0 0.036 0.369 0.052 0.046
0 0.035 0.418 0.05 0.044
0 0.17 0.356 0.06 0.052
0 0.118 0.452 0.06 0.044
0 0.167 0.411 0.042 0.03
0 0.156 0.449 0.032 0.022
0 0.239 0.386 0.038 0.028
0 0.349 0.336 0.058 0.036
0 0.27 0.371 0.028 0.042
0 0.291 0.431 0.034 0.03
0 0.272 0.529 0.04 0.026
0 0.276 0.496 0.044 0.024
0 0.353 0.638 0.058 0.04
0 0.397 0.587 0.058 0.042
0 0.409 0.612 0.058 0.032
0 0.527 0.648 0.038 0.032
0 0.509 0.598 0.046 0.024
0 0.533 0.567 0.046 0.03
0 0.544 0.511 0.052 0.026
0 0.406 0.174 0.036 0.052
0 0.462 0.169 0.04 0.034
0 0.44 0.247 0.036 0.042
0 0.482 0.227 0.044 0.05
0 0.524 0.262 0.032 0.032
0 0.55 0.259 0.024 0.022
0 0.531 0.133 0.042 0.038
0 0.2 0.114 0.064 0.048
0 0.23 0.019 0.076 0.038
0 0.331 0.064 0.05 0.032
0 0.519 0.021 0.046 0.03
0 0.674 0.08 0.044 0.032
0 0.941 0.069 0.058 0.026
0 0.929 0.139 0.054 0.038
0 0.932 0.114 0.052 0.032
0 0.879 0.212 0.05 0.032
0 0.866 0.12 0.052 0.036
0 0.763 0.173 0.038 0.038
0 0.739 0.204 0.05 0.056
0 0.791 0.377 0.058 0.038
0 0.747 0.461 0.042 0.026
0 0.337 0.709 0.046 0.03
0 0.338 0.74 0.052 0.036
0 0.321 0.775 0.066 0.046
0 0.232 0.751 0.044 0.046
0 0.067 0.646 0.046 0.036
0 0.045 0.623 0.058 0.046
0 0.024 0.808 0.048 0.048
0 0.109 0.802 0.046 0.044
0 0.159 0.915 0.066 0.058
0 0.464 0.776 0.052 0.044
0 0.646 0.703 0.048 0.034
0 0.68 0.728 0.048 0.032
0 0.717 0.753 0.05 0.034
0 0.776 0.741 0.052 0.038
0 0.828 0.752 0.044 0.044
0 0.917 0.735 0.05 0.034
0 0.775 0.665 0.05 0.034
0 0.84 0.648 0.048 0.036
0 0.694 0.589 0.052 0.03
0 0.909 0.694 0.034 0.036
0 0.932 0.7 0.04 0.036
0 0.962 0.593 0.056 0.038
0 0.831 0.909 0.046 0.03
0 0.864 0.859 0.064 0.042
0 0.809 0.946 0.054 0.032
0 0.964 0.884 0.052 0.036
0 0.959 0.852 0.058 0.032
0 0.484 0.875 0.044 0.034
0 0.497 0.832 0.05 0.028
0 0.332 0.956 0.032 0.036
0 0.731 0.855 0.066 0.034
0 0.736 0.794 0.052 0.036
0 0.577 0.984 0.038 0.016
0 0.609 0.988 0.05 0.02
0 0.923 0.925 0.034 0.022
0 0.946 0.927 0.024 0.018
0 0.965 0.929 0.018 0.014
0 0.995 0.954 0.006 0.028
0 0.994 0.994 0.008 0.008
0 0.312 0.84 0.012 0.016
0 0.333 0.842 0.03 0.028
0 0.49 0.702 0.048 0.048
0 0.44 0.636 0.04 0.036
0 0.318 0.538 0.044 0.028
0 0.284 0.564 0.048 0.024
0 0.081 0.407 0.042 0.05
0 0.111 0.406 0.03 0.02
0 0.33 0.27 0.04 0.032
0 0.238 0.266 0.044 0.024
0 0.284 0.222 0.048 0.048
0 0.135 0.148 0.034 0.028
0 0.086 0.134 0.036 0.028
0 0.05 0.071 0.044 0.026
0 0.266 0.034 0.04 0.024
0 0.567 0.331 0.05 0.042
0 0.46 0.327 0.048 0.034
0 0.562 0.224 0.024 0.04
0 0.643 0.142 0.03 0.028
0 0.661 0.115 0.022 0.03
0 0.679 0.123 0.026 0.042
0 0.823 0.169 0.034 0.034
0 0.776 0.257 0.036 0.022
0 0.684 0.313 0.056 0.026
0 0.955 0.331 0.058 0.034
0 0.942 0.289 0.044 0.026
0 0.99 0.328 0.016 0.02
0 0.857 0.416 0.042 0.028
0 0.739 0.428 0.042 0.028
0 0.778 0.431 0.048 0.038
0 0.615 0.379 0.042 0.026
0 0.584 0.484 0.044 0.036
0 0.476 0.137 0.044 0.038
0 0.3 0.117 0.036 0.03
0 0.27 0.153 0.024 0.034
0 0.453 0.065 0.038 0.038
0 0.594 0.033 0.04 0.034
0 0.785 0.032 0.03 0.036
0 0.99 0.01 0.016 0.02
0 0.943 0.036 0.042 0.028
0 0.277 0.397 0.038 0.03
0 0.314 0.39 0.04 0.024
0 0.266 0.295 0.036 0.026
0 0.234 0.057 0.02 0.026
0 0.297 0.158 0.03 0.032
0 0.357 0.153 0.038 0.014
0 0.62 0.168 0.056 0.028
0 0.687 0.201 0.034 0.038
0 0.978 0.208 0.04 0.04
0 0.845 0.521 0.046 0.03
0 0.909 0.525 0.066 0.042
0 0.927 0.495 0.034 0.03
0 0.914 0.472 0.028 0.032
0 0.919 0.386 0.066 0.036
0 0.752 0.585 0.04 0.018
0 0.916 0.788 0.028 0.024
0 0.988 0.69 0.02 0.032
0 0.987 0.65 0.022 0.028
0 0.758 0.342 0.068 0.032
0 0.659 0.4 0.038 0.036
0 0.338 0.434 0.028 0.036
0 0.361 0.419 0.042 0.042
0 0.692 0.288 0.052 0.024
0 0.17 0.668 0.044 0.052
0 0.186 0.647 0.04 0.026
0 0.006 0.726 0.012 0.024
0 0.253 0.956 0.07 0.04
0 0.191 0.992 0.034 0.012
0 0.362 0.99 0.044 0.016
0 0.46 0.488 0.028 0.032
0 0.492 0.461 0.048 0.034
0 0.523 0.35 0.034 0.032
0 0.805 0.539 0.026 0.018
0 0.626 0.442 0.044 0.024
0 0.39 0.694 0.032 0.016
0 0.317 0.884 0.03 0.032
0 0.258 0.838 0.032 0.032
0 0.026 0.984 0.028 0.02
0 0.746 0.912 0.052 0.04
0 0.686 0.839 0.056 0.026
0 0.64 0.931 0.04 0.038
0 0.707 0.965 0.034 0.018
0 0.708 0.994 0.036 0.008
0 0.87 0.679 0.016 0.042
0 0.443 0.972 0.042 0.028
0 0.505 0.886 0.026 0.02
1 0.819 0.295 0.03 0.018
1 0.16 0.137 0.012 0.026
1 0.749 0.561 0.03 0.014
1 0.334 0.877 0.02 0.022
1 0.229 0.082 0.018 0.02
1 0.594 0.226 0.02 0.02
1 0.66 0.136 0.02 0.024
1 0.79 0.155 0.016 0.022
1 0.806 0.248 0.02 0.02
1 0.366 0.066 0.016 0.02
1 0.811 0.033 0.022 0.018
1 0.97 0.039 0.012 0.014
1 0.916 0.196 0.024 0.016
1 0.98 0.54 0.016 0.02
1 0.777 0.52 0.022 0.02
1 0.579 0.679 0.022 0.022
1 0.444 0.812 0.024 0.02
1 0.413 0.767 0.03 0.038
1 0.259 0.892 0.022 0.02
1 0.738 0.942 0.024 0.016
1 0.485 0.511 0.022 0.014
1 0.61 0.506 0.024 0.016
1 0.617 0.526 0.018 0.016
1 0.363 0.438 0.018 0.02
1 0.447 0.388 0.018 0.02
1 0.122 0.537 0.02 0.03
1 0.088 0.754 0.016 0.02
1 0.051 0.759 0.018 0.018
1 0.008 0.936 0.016 0.024
1 0.3 0.964 0.016 0.02
1 0.228 0.98 0.02 0.024
1 0.264 0.682 0.02 0.016
1 0.262 0.669 0.016 0.014
1 0.288 0.688 0.02 0.012
1 0.988 0.369 0.02 0.022
1 0.581 0.63 0.022 0.016
1 0.073 0.704 0.022 0.016
1 0.099 0.841 0.022 0.018
1 0.026 0.859 0.02 0.022
1 0.033 0.933 0.022 0.022
1 0.046 0.982 0.016 0.02
1 0.752 0.815 0.04 0.014
1 0.667 0.662 0.014 0.012
1 0.46 0.985 0.024 0.018
1 0.232 0.448 0.024 0.016
1 0.031 0.308 0.034 0.024
1 0.402 0.26 0.02 0.024
2 0.476 0.684 0.036 0.036
2 0.571 0.234 0.018 0.024
2 0.614 0.208 0.024 0.028
2 0.851 0.174 0.026 0.02
2 0.741 0.029 0.038 0.022
2 0.853 0.042 0.018 0.02
2 0.348 0.383 0.024 0.018
2 0.207 0.188 0.026 0.02
2 0.168 0.249 0.02 0.03
2 0.234 0.247 0.036 0.018
2 0.864 0.269 0.028 0.022
2 0.821 0.252 0.026 0.028
2 0.922 0.432 0.028 0.04
2 0.527 0.868 0.026 0.028
2 0.942 0.833 0.048 0.022
2 0.799 0.592 0.026 0.024
2 0.257 0.327 0.038 0.018
2 0.788 0.073 0.024 0.014
2 0.486 0.091 0.028 0.026
2 0.481 0.063 0.018 0.018
2 0.463 0.03 0.026 0.02
2 0.135 0.538 0.014 0.016
2 0.196 0.905 0.024 0.03
2 0.398 0.511 0.028 0.022
2 0.514 0.45 0.02 0.028
2 0.43 0.455 0.02 0.018
2 0.81 0.155 0.016 0.026
2 0.986 0.396 0.024 0.02
2 0.797 0.483 0.034 0.018
2 0.768 0.569 0.028 0.014
2 0.724 0.516 0.04 0.012
2 0.581 0.644 0.03 0.028
2 0.299 0.875 0.022 0.026
2 0.132 0.682 0.02 0.016
2 0.09 0.678 0.028 0.02
2 0.096 0.699 0.028 0.022
2 0.222 0.643 0.032 0.026
2 0.035 0.91 0.026 0.012
2 0.081 0.996 0.022 0.004
2 0.253 0.767 0.026 0.034
2 0.876 0.964 0.04 0.02
2 0.988 0.898 0.02 0.036
2 0.941 0.791 0.026 0.022
2 0.976 0.792 0.028 0.02
2 0.851 0.78 0.042 0.024
2 0.818 0.828 0.036 0.016
2 0.668 0.77 0.052 0.024
2 0.76 0.626 0.024 0.012
2 0.789 0.697 0.022 0.018
2 0.791 0.632 0.014 0.008
2 0.965 0.649 0.022 0.022
2 0.472 0.971 0.024 0.026
2 0.093 0.564 0.026 0.024
2 0.023 0.028 0.042 0.048