0 0.692 0.531 0.048 0.062
0 0.643 0.586 0.03 0.056
0 0.568 0.643 0.048 0.062
0 0.603 0.721 0.05 0.054
0 0.554 0.723 0.04 0.054
0 0.536 0.765 0.048 0.058
0 0.499 0.85 0.078 0.068
0 0.537 0.921 0.046 0.042
0 0.641 0.944 0.042 0.044
0 0.66 0.886 0.044 0.068
0 0.607 0.857 0.046 0.062
0 0.575 0.796 0.046 0.068
0 0.474 0.754 0.044 0.048
0 0.362 0.823 0.048 0.058
0 0.337 0.865 0.046 0.066
0 0.276 0.796 0.052 0.068
0 0.285 0.926 0.038 0.036
0 0.244 0.96 0.04 0.04
0 0.21 0.907 0.048 0.054
0 0.14 0.982 0.04 0.032
0 0.77 0.936 0.036 0.044
0 0.745 0.928 0.034 0.044
0 0.82 0.981 0.048 0.034
0 0.974 0.987 0.044 0.022
0 0.964 0.964 0.048 0.036
0 0.93 0.935 0.044 0.046
0 0.885 0.863 0.046 0.046
0 0.919 0.829 0.05 0.054
0 0.833 0.867 0.046 0.058
0 0.807 0.884 0.042 0.044
0 0.815 0.934 0.038 0.048
0 0.751 0.853 0.038 0.058
0 0.97 0.818 0.052 0.056
0 0.913 0.771 0.046 0.062
0 0.876 0.747 0.024 0.046
0 0.95 0.726 0.06 0.064
0 0.911 0.689 0.05 0.066
0 0.868 0.676 0.048 0.044
0 0.903 0.598 0.038 0.048
0 0.9 0.619 0.044 0.042
0 0.796 0.699 0.064 0.038
0 0.774 0.657 0.06 0.054
0 0.743 0.609 0.046 0.058
0 0.682 0.686 0.044 0.04
0 0.668 0.647 0.044 0.046
0 0.702 0.728 0.044 0.052
0 0.708 0.774 0.044 0.048
0 0.741 0.705 0.026 0.034
0 0.534 0.596 0.044 0.04
0 0.461 0.644 0.05 0.052
0 0.483 0.918 0.054 0.06
0 0.445 0.884 0.03 0.024
0 0.411 0.969 0.046 0.054
0 0.318 0.983 0.04 0.03
0 0.269 0.978 0.018 0.028
0 0.252 0.994 0.04 0.008
0 0.615 0.974 0.03 0.032
0 0.454 0.997 0.032 0.002
0 0.194 0.884 0.028 0.032
0 0.112 0.877 0.048 0.042
0 0.14 0.867 0.044 0.062
0 0.068 0.813 0.044 0.058
0 0.056 0.975 0.044 0.046
0 0.005 0.903 0.006 0.034
0 0.055 0.729 0.046 0.046
0 0.128 0.703 0.044 0.054
0 0.048 0.683 0.04 0.05
0 0.015 0.69 0.026 0.064
0 0.008 0.774 0.012 0.044
0 0.147 0.612 0.03 0.052
0 0.197 0.64 0.038 0.052
0 0.218 0.697 0.04 0.058
0 0.262 0.677 0.036 0.042
0 0.343 0.72 0.042 0.048
0 0.378 0.725 0.04 0.054
0 0.395 0.691 0.054 0.054
0 0.349 0.667 0.042 0.05
0 0.403 0.637 0.05 0.062
0 0.364 0.61 0.044 0.048
0 0.425 0.571 0.046 0.05
0 0.34 0.57 0.056 0.056
0 0.27 0.54 0.044 0.06
0 0.238 0.535 0.036 0.05
0 0.229 0.497 0.034 0.038
0 0.204 0.512 0.04 0.048
0 0.187 0.468 0.026 0.048
0 0.16 0.458 0.024 0.04
0 0.149 0.541 0.046 0.042
0 0.16 0.514 0.04 0.032
0 0.119 0.523 0.042 0.058
0 0.093 0.569 0.042 0.054
0 0.025 0.56 0.046 0.06
0 0.051 0.522 0.038 0.044
0 0.119 0.409 0.034 0.046
0 0.094 0.363 0.044 0.054
0 0.055 0.376 0.038 0.06
0 0.017 0.376 0.03 0.068
0 0.101 0.307 0.062 0.058
0 0.048 0.272 0.048 0.064
0 0.013 0.245 0.022 0.054
0 0.046 0.204 0.048 0.044
0 0.052 0.123 0.048 0.05
0 0.024 0.145 0.044 0.062
0 0.158 0.236 0.036 0.04
0 0.178 0.204 0.028 0.048
0 0.199 0.258 0.038 0.036
0 0.258 0.262 0.032 0.044
0 0.342 0.311 0.048 0.05
0 0.41 0.292 0.056 0.044
0 0.478 0.294 0.04 0.036
0 0.445 0.349 0.038 0.042
0 0.407 0.413 0.062 0.038
0 0.388 0.446 0.04 0.028
0 0.356 0.472 0.032 0.044
0 0.401 0.475 0.042 0.042
0 0.341 0.411 0.054 0.046
0 0.331 0.375 0.034 0.038
0 0.304 0.456 0.044 0.072
0 0.251 0.398 0.03 0.048
0 0.214 0.355 0.044 0.042
0 0.19 0.325 0.036 0.038
0 0.447 0.485 0.038 0.046
0 0.505 0.494 0.042 0.048
0 0.534 0.495 0.032 0.038
0 0.724 0.475 0.048 0.042
0 0.723 0.433 0.05 0.042
0 0.716 0.371 0.04 0.054
0 0.766 0.391 0.04 0.042
0 0.784 0.427 0.036 0.03
0 0.803 0.49 0.042 0.044
0 0.81 0.465 0.04 0.046
0 0.837 0.368 0.05 0.052
0 0.912 0.415 0.072 0.058
0 0.966 0.389 0.044 0.05
0 0.99 0.408 0.016 0.052
0 0.955 0.313 0.054 0.05
0 0.972 0.262 0.052 0.064
0 0.833 0.253 0.046 0.034
0 0.868 0.21 0.056 0.068
0 0.884 0.163 0.06 0.062
0 0.833 0.105 0.058 0.05
0 0.82 0.149 0.044 0.05
0 0.792 0.209 0.06 0.066
0 0.776 0.145 0.04 0.066
0 0.694 0.172 0.044 0.044
0 0.708 0.203 0.044 0.042
0 0.632 0.222 0.052 0.036
0 0.653 0.298 0.046 0.028
0 0.676 0.33 0.044 0.036
0 0.707 0.263 0.05 0.05
0 0.768 0.295 0.044 0.058
0 0.656 0.375 0.04 0.03
0 0.638 0.396 0.044 0.048
0 0.664 0.438 0.044 0.064
0 0.522 0.414 0.04 0.052
0 0.517 0.357 0.042 0.05
0 0.499 0.241 0.05 0.034
0 0.513 0.262 0.054 0.044
0 0.56 0.186 0.044 0.044
0 0.604 0.247 0.028 0.026
0 0.591 0.227 0.034 0.038
0 0.631 0.159 0.054 0.062
0 0.527 0.104 0.054 0.06
0 0.49 0.186 0.064 0.06
0 0.465 0.119 0.062 0.07
0 0.429 0.158 0.038 0.052
0 0.397 0.151 0.026 0.03
0 0.579 0.107 0.046 0.062
0 0.63 0.074 0.044 0.04
0 0.678 0.065 0.052 0.066
0 0.653 0.018 0.054 0.032
0 0.537 0.017 0.038 0.03
0 0.489 0.018 0.05 0.032
0 0.44 0.051 0.044 0.054
0 0.387 0.03 0.058 0.056
0 0.341 0.075 0.058 0.078
0 0.299 0.116 0.058 0.072
0 0.27 0.044 0.044 0.068
0 0.232 0.069 0.064 0.038
0 0.222 0.019 0.06 0.034
0 0.167 0.036 0.038 0.056
0 0.149 0.018 0.026 0.032
0 0.12 0.023 0.036 0.042
0 0.036 0.041 0.04 0.05
0 0.056 0.012 0.036 0.02
0 0.072 0.042 0.048 0.056
0 0.797 0.034 0.046 0.064
0 0.759 0.021 0.038 0.038
0 0.937 0.029 0.058 0.054
0 0.882 0.08 0.08 0.072
0 0.958 0.201 0.052 0.046
0 0.975 0.549 0.046 0.062
0 0.963 0.622 0.066 0.048
0 0.994 0.684 0.008 0.028
1 0.98 0.939 0.028 0.022
1 0.987 0.799 0.022 0.026
1 0.993 0.781 0.01 0.022
1 0.805 0.724 0.034 0.016
1 0.792 0.632 0.02 0.032
1 0.496 0.694 0.024 0.024
1 0.605 0.82 0.022 0.02
1 0.644 0.754 0.028 0.032
1 0.413 0.903 0.03 0.022
1 0.064 0.863 0.024 0.038
1 0.108 0.959 0.02 0.042
1 0.005 0.962 0.006 0.028
1 0.133 0.918 0.022 0.032
1 0.18 0.818 0.024 0.032
1 0.114 0.652 0.024 0.024
1 0.251 0.716 0.018 0.028
1 0.292 0.63 0.028 0.028
1 0.305 0.56 0.018 0.028
1 0.105 0.185 0.03 0.018
1 0.102 0.154 0.032 0.032
1 0.288 0.469 0.02 0.03
1 0.24 0.43 0.02 0.024
1 0.225 0.416 0.018 0.028
1 0.616 0.478 0.02 0.028
1 0.479 0.533 0.014 0.018
1 0.759 0.513 0.03 0.018
1 0.823 0.439 0.018 0.026
1 0.815 0.41 0.018 0.024
1 0.928 0.211 0.024 0.026
1 0.92 0.277 0.032 0.018
1 0.91 0.296 0.028 0.02
1 0.485 0.393 0.018 0.038
1 0.459 0.384 0.022 0.024
1 0.576 0.321 0.02 0.034
1 0.409 0.182 0.026 0.024
1 0.657 0.096 0.026 0.02
1 0.202 0.149 0.024 0.026
1 0.74 0.05 0.028 0.028
1 0.745 0.189 0.022 0.022
2 0.718 0.696 0.024 0.04
2 0.76 0.778 0.052 0.052
2 0.629 0.764 0.038 0.048
2 0.358 0.989 0.048 0.018
2 0.386 0.948 0.028 0.028
2 0.607 0.939 0.026 0.038
2 0.578 0.992 0.04 0.012
2 0.609 0.992 0.026 0.012
2 0.118 0.775 0.036 0.066
2 0.022 0.66 0.032 0.036
2 0.256 0.608 0.04 0.04
2 0.176 0.549 0.024 0.034
2 0.287 0.367 0.03 0.034
2 0.288 0.411 0.036 0.03
2 0.256 0.444 0.02 0.024
2 0.164 0.39 0.04 0.048
2 0.217 0.318 0.034 0.04
2 0.55 0.526 0.032 0.04
2 0.603 0.524 0.034 0.036
2 0.496 0.532 0.02 0.028
2 0.499 0.582 0.01 0.016
2 0.484 0.628 0.028 0.032
2 0.549 0.683 0.042 0.046
2 0.511 0.307 0.034 0.046
2 0.664 0.196 0.036 0.048
2 0.633 0.247 0.018 0.018
2 0.619 0.191 0.014 0.022
2 0.378 0.189 0.044 0.058
2 0.372 0.229 0.024 0.03
2 0.447 0.185 0.026 0.062
2 0.733 0.021 0.026 0.038
2 0.767 0.057 0.034 0.038
2 0.611 0.403 0.042 0.038
2 0.34 0.017 0.04 0.03
2 0.293 0.29 0.042 0.048
2 0.876 0.969 0.044 0.038
0 0.98 0.989 0.032 0.018
0 0.963 0.972 0.042 0.048
0 0.932 0.936 0.032 0.036
0 0.821 0.982 0.046 0.032
0 0.973 0.819 0.046 0.046
0 0.921 0.828 0.046 0.048
0 0.883 0.86 0.042 0.04
0 0.832 0.865 0.044 0.05
0 0.915 0.771 0.038 0.054
0 0.952 0.726 0.052 0.056
0 0.995 0.686 0.006 0.024
0 0.814 0.934 0.036 0.048
0 0.777 0.949 0.014 0.018
0 0.756 0.928 0.044 0.044
0 0.749 0.854 0.034 0.052
0 0.878 0.745 0.028 0.046
0 0.91 0.702 0.032 0.032
0 0.905 0.674 0.038 0.032
0 0.871 0.676 0.046 0.048
0 0.958 0.615 0.04 0.03
0 0.906 0.597 0.036 0.046
0 0.899 0.621 0.038 0.034
0 0.975 0.549 0.046 0.062
0 0.991 0.407 0.014 0.046
0 0.966 0.386 0.036 0.04
0 0.928 0.424 0.036 0.04
0 0.898 0.408 0.024 0.044
0 0.956 0.314 0.044 0.044
0 0.975 0.262 0.046 0.052
0 0.958 0.199 0.052 0.046
0 0.87 0.209 0.044 0.058
0 0.884 0.161 0.056 0.054
0 0.942 0.028 0.052 0.052
0 0.908 0.077 0.04 0.05
0 0.879 0.066 0.022 0.028
0 0.857 0.064 0.026 0.032
0 0.833 0.104 0.05 0.048
0 0.821 0.155 0.042 0.042
0 0.776 0.144 0.036 0.06
0 0.792 0.21 0.048 0.056
0 0.769 0.293 0.042 0.05
0 0.797 0.029 0.042 0.054
0 0.762 0.021 0.04 0.038
0 0.742 0.05 0.028 0.02
0 0.678 0.062 0.052 0.064
0 0.651 0.018 0.058 0.032
0 0.632 0.073 0.036 0.042
0 0.58 0.107 0.04 0.062
0 0.528 0.104 0.048 0.06
0 0.538 0.018 0.032 0.032
0 0.489 0.018 0.05 0.032
0 0.443 0.053 0.038 0.054
0 0.386 0.028 0.056 0.052
0 0.274 0.043 0.04 0.066
0 0.218 0.018 0.052 0.032
0 0.167 0.036 0.034 0.048
0 0.148 0.018 0.028 0.032
0 0.121 0.024 0.034 0.044
0 0.056 0.007 0.036 0.01
0 0.08 0.05 0.032 0.036
0 0.071 0.033 0.046 0.038
0 0.038 0.04 0.036 0.044
0 0.057 0.129 0.042 0.046
0 0.238 0.072 0.052 0.032
0 0.342 0.081 0.048 0.058
0 0.295 0.124 0.046 0.048
0 0.399 0.152 0.018 0.032
0 0.465 0.121 0.062 0.066
0 0.432 0.162 0.032 0.036
0 0.493 0.187 0.054 0.058
0 0.562 0.187 0.04 0.046
0 0.633 0.16 0.046 0.056
0 0.696 0.173 0.04 0.042
0 0.715 0.203 0.026 0.042
0 0.711 0.263 0.038 0.046
0 0.834 0.359 0.04 0.03
0 0.765 0.394 0.03 0.036
0 0.784 0.426 0.028 0.028
0 0.717 0.376 0.038 0.048
0 0.676 0.329 0.04 0.038
0 0.652 0.299 0.044 0.03
0 0.633 0.221 0.05 0.034
0 0.603 0.243 0.022 0.022
0 0.59 0.221 0.032 0.026
0 0.5 0.24 0.052 0.036
0 0.479 0.294 0.038 0.036
0 0.528 0.364 0.02 0.028
0 0.515 0.348 0.034 0.032
0 0.524 0.414 0.036 0.044
0 0.444 0.351 0.032 0.038
0 0.424 0.291 0.024 0.038
0 0.411 0.294 0.026 0.04
0 0.392 0.294 0.02 0.032
0 0.046 0.204 0.044 0.04
0 0.012 0.244 0.02 0.056
0 0.048 0.271 0.044 0.058
0 0.159 0.235 0.034 0.038
0 0.202 0.258 0.036 0.04
0 0.258 0.261 0.032 0.046
0 0.342 0.309 0.044 0.042
0 0.092 0.301 0.04 0.046
0 0.118 0.319 0.028 0.038
0 0.191 0.327 0.038 0.038
0 0.215 0.354 0.034 0.044
0 0.1 0.371 0.024 0.03
0 0.087 0.352 0.03 0.032
0 0.015 0.375 0.026 0.07
0 0.055 0.382 0.038 0.044
0 0.12 0.409 0.032 0.046
0 0.251 0.398 0.03 0.048
0 0.331 0.377 0.03 0.034
0 0.341 0.41 0.05 0.044
0 0.398 0.412 0.036 0.032
0 0.391 0.446 0.038 0.028
0 0.449 0.484 0.038 0.044
0 0.403 0.473 0.038 0.038
0 0.357 0.473 0.03 0.042
0 0.306 0.456 0.044 0.068
0 0.187 0.469 0.026 0.046
0 0.16 0.459 0.024 0.038
0 0.805 0.49 0.038 0.044
0 0.726 0.475 0.04 0.038
0 0.724 0.431 0.044 0.042
0 0.693 0.539 0.046 0.042
0 0.746 0.61 0.048 0.056
0 0.774 0.658 0.052 0.056
0 0.795 0.701 0.058 0.042
0 0.708 0.774 0.04 0.048
0 0.703 0.729 0.038 0.046
0 0.681 0.685 0.046 0.042
0 0.67 0.643 0.036 0.038
0 0.645 0.585 0.03 0.05
0 0.671 0.448 0.022 0.04
0 0.657 0.431 0.022 0.038
0 0.636 0.397 0.044 0.046
0 0.654 0.373 0.032 0.03
0 0.532 0.492 0.036 0.036
0 0.506 0.493 0.036 0.046
0 0.535 0.595 0.038 0.038
0 0.567 0.643 0.046 0.062
0 0.603 0.722 0.046 0.056
0 0.553 0.726 0.042 0.052
0 0.608 0.859 0.048 0.058
0 0.661 0.887 0.042 0.07
0 0.643 0.942 0.042 0.044
0 0.616 0.973 0.032 0.03
0 0.579 0.788 0.046 0.04
0 0.536 0.766 0.048 0.056
0 0.454 0.645 0.028 0.046
0 0.426 0.572 0.04 0.044
0 0.412 0.653 0.032 0.03
0 0.376 0.622 0.016 0.032
0 0.36 0.606 0.036 0.044
0 0.341 0.572 0.05 0.056
0 0.266 0.533 0.036 0.05
0 0.242 0.535 0.032 0.05
0 0.228 0.496 0.032 0.032
0 0.21 0.512 0.036 0.04
0 0.122 0.522 0.04 0.052
0 0.148 0.533 0.04 0.05
0 0.05 0.519 0.036 0.042
0 0.023 0.561 0.042 0.054
0 0.095 0.564 0.038 0.052
0 0.147 0.61 0.03 0.048
0 0.197 0.638 0.038 0.048
0 0.258 0.611 0.032 0.03
0 0.261 0.676 0.034 0.044
0 0.218 0.697 0.036 0.058
0 0.348 0.667 0.04 0.05
0 0.393 0.692 0.046 0.048
0 0.376 0.726 0.036 0.052
0 0.344 0.72 0.04 0.056
0 0.478 0.756 0.036 0.052
0 0.128 0.704 0.04 0.052
0 0.014 0.682 0.024 0.048
0 0.046 0.684 0.036 0.048
0 0.055 0.727 0.042 0.042
0 0.007 0.775 0.01 0.042
0 0.067 0.813 0.042 0.054
0 0.113 0.878 0.046 0.044
0 0.138 0.868 0.036 0.056
0 0.004 0.903 0.004 0.03
0 0.056 0.977 0.04 0.042
0 0.14 0.981 0.04 0.034
0 0.209 0.908 0.042 0.048
0 0.195 0.886 0.026 0.032
0 0.276 0.795 0.048 0.058
0 0.364 0.821 0.044 0.058
0 0.338 0.864 0.048 0.064
0 0.287 0.925 0.038 0.034
0 0.248 0.96 0.04 0.036
0 0.255 0.994 0.042 0.008
0 0.319 0.984 0.038 0.028
0 0.347 0.99 0.03 0.016
0 0.42 0.981 0.028 0.034
0 0.399 0.967 0.022 0.026
0 0.483 0.917 0.046 0.054
0 0.537 0.916 0.046 0.044
0 0.501 0.855 0.078 0.058
0 0.291 0.096 0.026 0.024
1 0.98 0.941 0.024 0.014
1 0.989 0.801 0.018 0.014
1 0.928 0.213 0.02 0.022
1 0.919 0.275 0.026 0.014
1 0.911 0.294 0.014 0.012
1 0.657 0.097 0.022 0.018
1 0.371 0.062 0.006 0.008
1 0.355 0.06 0.006 0.016
1 0.744 0.19 0.02 0.024
1 0.845 0.379 0.026 0.018
1 0.823 0.44 0.014 0.028
1 0.812 0.411 0.016 0.022
1 0.579 0.323 0.014 0.03
1 0.484 0.392 0.016 0.04
1 0.46 0.384 0.024 0.02
1 0.203 0.148 0.014 0.02
1 0.105 0.156 0.026 0.028
1 0.108 0.187 0.024 0.014
1 0.178 0.204 0.024 0.04
1 0.158 0.202 0.008 0.016
1 0.373 0.228 0.022 0.028
1 0.365 0.195 0.01 0.01
1 0.288 0.47 0.016 0.028
1 0.239 0.431 0.018 0.022
1 0.227 0.416 0.014 0.024
1 0.76 0.514 0.032 0.016
1 0.678 0.511 0.02 0.022
1 0.792 0.636 0.016 0.032
1 0.806 0.725 0.032 0.018
1 0.743 0.699 0.022 0.022
1 0.657 0.657 0.014 0.018
1 0.617 0.478 0.018 0.028
1 0.48 0.533 0.012 0.018
1 0.645 0.756 0.022 0.024
1 0.605 0.819 0.022 0.018
1 0.572 0.818 0.028 0.02
1 0.499 0.693 0.022 0.026
1 0.477 0.66 0.018 0.02
1 0.481 0.624 0.018 0.02
1 0.305 0.561 0.018 0.026
1 0.282 0.558 0.016 0.02
1 0.164 0.511 0.032 0.03
1 0.176 0.551 0.016 0.026
1 0.114 0.653 0.024 0.026
1 0.293 0.631 0.022 0.026
1 0.25 0.717 0.016 0.026
1 0.022 0.663 0.024 0.03
1 0.063 0.865 0.018 0.038
1 0.183 0.82 0.014 0.024
1 0.133 0.917 0.018 0.03
1 0.109 0.959 0.018 0.038
1 0.004 0.961 0.004 0.022
1 0.268 0.977 0.016 0.026
1 0.455 0.996 0.03 0.004
1 0.416 0.901 0.028 0.022
1 0.445 0.883 0.026 0.022
1 0.635 0.776 0.014 0.016
1 0.687 0.583 0.01 0.014
1 0.5 0.583 0.012 0.014
2 0.809 0.885 0.03 0.034
2 0.895 0.095 0.034 0.034
2 0.833 0.255 0.042 0.034
2 0.018 0.141 0.032 0.058
2 0.353 0.055 0.026 0.03
2 0.44 0.143 0.016 0.014
2 0.674 0.207 0.012 0.014
2 0.668 0.188 0.02 0.024
2 0.619 0.191 0.014 0.014
2 0.526 0.263 0.024 0.03
2 0.512 0.306 0.024 0.036
2 0.407 0.182 0.03 0.02
2 0.382 0.183 0.036 0.042
2 0.217 0.319 0.026 0.034
2 0.164 0.392 0.032 0.036
2 0.29 0.367 0.024 0.03
2 0.427 0.422 0.018 0.02
2 0.811 0.462 0.034 0.036
2 0.719 0.699 0.018 0.022
2 0.601 0.527 0.022 0.022
2 0.55 0.525 0.024 0.026
2 0.394 0.632 0.028 0.04
2 0.371 0.991 0.03 0.014
2 0.779 0.797 0.014 0.01
2 0.754 0.791 0.032 0.022
2 0.98 0.636 0.036 0.02
2 0.609 0.939 0.018 0.03
2 0.582 0.995 0.032 0.006
2 0.614 0.995 0.02 0.006
2 0.516 0.811 0.012 0.018
2 0.12 0.761 0.02 0.026
2 0.698 0.607 0.02 0.01
2 0.499 0.532 0.018 0.02
2 0.4 0.578 0.02 0.032
2 0.605 0.396 0.022 0.02
2 0.592 0.477 0.02 0.022
2 0.039 0.472 0.014 0.016