0 0.025 0.539 0.05 0.086
0 0.101 0.053 0.05 0.062
0 0.034 0.126 0.044 0.044
0 0.035 0.171 0.042 0.054
0 0.126 0.1 0.048 0.06
0 0.217 0.201 0.046 0.046
0 0.171 0.063 0.042 0.054
0 0.281 0.063 0.042 0.058
0 0.12 0.183 0.036 0.046
0 0.069 0.263 0.042 0.066
0 0.061 0.311 0.034 0.054
0 0.128 0.316 0.044 0.064
0 0.168 0.317 0.04 0.054
0 0.196 0.282 0.052 0.056
0 0.219 0.317 0.034 0.046
0 0.263 0.318 0.038 0.048
0 0.153 0.37 0.046 0.052
0 0.343 0.341 0.05 0.066
0 0.396 0.362 0.056 0.064
0 0.444 0.382 0.068 0.072
0 0.483 0.33 0.038 0.06
0 0.555 0.281 0.046 0.058
0 0.623 0.32 0.05 0.052
0 0.672 0.238 0.032 0.044
0 0.7 0.131 0.04 0.05
0 0.759 0.174 0.05 0.064
0 0.701 0.041 0.046 0.038
0 0.831 0.015 0.046 0.03
0 0.878 0.028 0.04 0.04
0 0.939 0.029 0.026 0.046
0 0.853 0.182 0.042 0.04
0 0.416 0.102 0.044 0.048
0 0.345 0.034 0.046 0.052
0 0.292 0.213 0.052 0.05
0 0.744 0.399 0.056 0.074
0 0.836 0.335 0.044 0.062
0 0.882 0.295 0.044 0.046
0 0.767 0.481 0.034 0.046
0 0.709 0.52 0.05 0.056
0 0.683 0.508 0.034 0.048
0 0.797 0.527 0.042 0.046
0 0.83 0.501 0.036 0.062
0 0.865 0.497 0.034 0.05
0 0.919 0.475 0.03 0.038
0 0.891 0.351 0.038 0.034
0 0.849 0.273 0.042 0.054
0 0.509 0.021 0.03 0.042
0 0.494 0.031 0.032 0.034
0 0.408 0.011 0.052 0.022
0 0.447 0.005 0.022 0.01
0 0.359 0.071 0.054 0.046
0 0.326 0.244 0.04 0.044
0 0.376 0.251 0.04 0.054
0 0.364 0.216 0.032 0.028
0 0.503 0.142 0.038 0.036
0 0.589 0.163 0.03 0.042
0 0.549 0.105 0.046 0.046
0 0.552 0.139 0.04 0.034
0 0.554 0.556 0.056 0.064
0 0.614 0.537 0.044 0.054
0 0.627 0.575 0.054 0.07
0 0.844 0.652 0.056 0.068
0 0.813 0.646 0.042 0.056
0 0.798 0.707 0.044 0.046
0 0.887 0.706 0.05 0.048
0 0.852 0.745 0.06 0.078
0 0.844 0.83 0.052 0.072
0 0.915 0.889 0.05 0.054
0 0.854 0.903 0.044 0.07
0 0.962 0.971 0.068 0.054
0 0.728 0.86 0.048 0.06
0 0.698 0.814 0.044 0.056
0 0.487 0.944 0.066 0.08
0 0.496 0.896 0.056 0.06
0 0.416 0.815 0.06 0.042
0 0.293 0.84 0.054 0.064
0 0.563 0.657 0.066 0.106
0 0.448 0.703 0.06 0.054
0 0.628 0.713 0.048 0.05
0 0.087 0.43 0.054 0.088
0 0.181 0.513 0.046 0.046
0 0.34 0.512 0.048 0.064
0 0.419 0.49 0.066 0.084
0 0.474 0.442 0.056 0.048
0 0.235 0.691 0.05 0.066
0 0.188 0.695 0.04 0.07
0 0.079 0.593 0.05 0.07
0 0.197 0.559 0.054 0.042
0 0.197 0.911 0.046 0.102
0 0.199 0.794 0.038 0.048
0 0.217 0.759 0.03 0.038
0 0.113 0.819 0.058 0.098
0 0.064 0.788 0.044 0.076
0 0.13 0.92 0.04 0.048
0 0.124 0.966 0.056 0.064
0 0.026 0.962 0.052 0.06
0 0.013 0.87 0.026 0.068
0 0.041 0.852 0.05 0.068
0 0.114 0.731 0.036 0.058
0 0.137 0.771 0.042 0.042
0 0.275 0.746 0.05 0.072
0 0.285 0.696 0.038 0.064
0 0.432 0.879 0.056 0.054
0 0.428 0.624 0.048 0.056
0 0.288 0.56 0.06 0.092
0 0.545 0.425 0.034 0.07
0 0.58 0.376 0.044 0.088
0 0.51 0.394 0.028 0.04
0 0.799 0.585 0.03 0.054
0 0.662 0.684 0.032 0.036
0 0.683 0.741 0.046 0.038
0 0.962 0.812 0.036 0.036
0 0.993 0.812 0.01 0.04
0 0.986 0.535 0.024 0.066
0 0.97 0.59 0.056 0.052
0 0.96 0.534 0.04 0.064
0 0.749 0.107 0.046 0.05
0 0.853 0.137 0.042 0.05
0 0.975 0.147 0.046 0.062
0 0.928 0.172 0.032 0.02
0 0.926 0.2 0.032 0.028
0 0.428 0.224 0.04 0.056
0 0.423 0.248 0.034 0.036
0 0.534 0.157 0.048 0.05
0 0.318 0.971 0.04 0.054
0 0.13 0.713 0.028 0.058
0 0.2 0.641 0.036 0.05
0 0.605 0.198 0.042 0.036
0 0.622 0.219 0.044 0.038
0 0.633 0.241 0.038 0.038
0 0.632 0.122 0.032 0.048
0 0.716 0.375 0.032 0.07
0 0.65 0.396 0.048 0.056
0 0.94 0.661 0.048 0.046
0 0.579 0.779 0.042 0.046
0 0.604 0.815 0.028 0.038
0 0.091 0.223 0.03 0.034
0 0.236 0.013 0.044 0.026
0 0.276 0.011 0.028 0.022
0 0.206 0.004 0.012 0.008
0 0.088 0.355 0.04 0.03
0 0.449 0.085 0.026 0.042
0 0.317 0.202 0.034 0.052
0 0.017 0.61 0.034 0.04
0 0.023 0.629 0.026 0.022
0 0.321 0.58 0.022 0.052
0 0.431 0.543 0.046 0.034
0 0.447 0.563 0.03 0.026
0 0.66 0.043 0.036 0.038
0 0.743 0.024 0.034 0.048
0 0.395 0.879 0.03 0.062
0 0.497 0.842 0.042 0.044
0 0.283 0.625 0.034 0.03
0 0.386 0.782 0.052 0.048
0 0.705 0.954 0.038 0.048
0 0.893 0.969 0.034 0.042
0 0.876 0.966 0.036 0.048
0 0.624 0.796 0.028 0.048
0 0.706 0.665 0.044 0.086
0 0.794 0.074 0.036 0.036
0 0.845 0.076 0.038 0.036
0 0.962 0.048 0.04 0.04
0 0.93 0.087 0.04 0.038
0 0.955 0.116 0.034 0.032
0 0.98 0.207 0.036 0.05
0 0.944 0.289 0.04 0.038
0 0.978 0.419 0.04 0.066
0 0.906 0.395 0.036 0.026
0 0.88 0.202 0.028 0.036
0 0.654 0.186 0.032 0.044
0 0.669 0.804 0.034 0.052
0 0.686 0.846 0.032 0.028
0 0.958 0.681 0.032 0.038
0 0.833 0.255 0.026 0.042
0 0.746 0.438 0.036 0.02
1 0.524 0.187 0.044 0.018
1 0.26 0.854 0.016 0.02
1 0.228 0.874 0.016 0.02
1 0.241 0.902 0.018 0.024
1 0.274 0.9 0.032 0.036
1 0.07 0.99 0.024 0.016
1 0.171 0.986 0.03 0.016
1 0.116 0.706 0.02 0.028
1 0.192 0.459 0.044 0.022
1 0.282 0.478 0.036 0.032
1 0.355 0.123 0.022 0.026
1 0.848 0.382 0.016 0.032
1 0.862 0.411 0.024 0.03
1 0.883 0.417 0.022 0.022
1 0.827 0.581 0.026 0.022
1 0.869 0.578 0.022 0.024
1 0.875 0.643 0.014 0.026
1 0.549 0.77 0.022 0.028
1 0.013 0.066 0.026 0.024
1 0.06 0.049 0.028 0.018
1 0.126 0.245 0.024 0.022
1 0.09 0.197 0.024 0.014
1 0.223 0.041 0.022 0.026
1 0.223 0.068 0.018 0.036
1 0.237 0.166 0.026 0.028
1 0.433 0.06 0.03 0.024
1 0.432 0.153 0.02 0.014
1 0.297 0.327 0.022 0.026
1 0.547 0.032 0.018 0.024
1 0.536 0.076 0.016 0.028
1 0.27 0.535 0.02 0.018
1 0.559 0.471 0.03 0.018
1 0.53 0.499 0.016 0.022
1 0.787 0.015 0.022 0.026
1 0.664 0.012 0.024 0.024
1 0.373 0.865 0.018 0.014
1 0.571 0.875 0.018 0.03
1 0.327 0.711 0.03 0.03
1 0.395 0.692 0.022 0.024
1 0.443 0.67 0.026 0.024
1 0.523 0.96 0.01 0.032
1 0.594 0.941 0.024 0.022
1 0.915 0.936 0.03 0.016
1 0.733 0.659 0.014 0.03
1 0.619 0.747 0.022 0.01
1 0.624 0.754 0.024 0.012
1 0.671 0.547 0.022 0.022
1 0.852 0.046 0.032 0.028
1 0.865 0.392 0.014 0.012
1 0.879 0.397 0.014 0.014
1 0.79 0.353 0.02 0.026
1 0.746 0.734 0.024 0.024
1 0.547 0.063 0.03 0.022
1 0.575 0.018 0.014 0.02
1 0.58 0.036 0.036 0.02
1 0.617 0.031 0.022 0.018
1 0.59 0.011 0.024 0.022
1 0.557 0.016 0.014 0.02
1 0.942 0.371 0.02 0.018
1 0.237 0.471 0.014 0.018
2 0.05 0.485 0.036 0.034
2 0.046 0.032 0.04 0.016
2 0.09 0.137 0.032 0.038
2 0.135 0.606 0.03 0.04
2 0.11 0.562 0.02 0.024
2 0.092 0.509 0.024 0.022
2 0.228 0.431 0.024 0.014
2 0.281 0.364 0.022 0.028
2 0.27 0.124 0.044 0.024
2 0.228 0.109 0.032 0.058
2 0.426 0.167 0.02 0.022
2 0.371 0.594 0.022 0.036
2 0.393 0.575 0.03 0.034
2 0.342 0.633 0.06 0.05
2 0.395 0.937 0.018 0.026
2 0.798 0.889 0.02 0.034
2 0.772 0.956 0.028 0.024
2 0.826 0.405 0.024 0.05
2 0.48 0.601 0.04 0.046
2 0.505 0.577 0.018 0.022
2 0.629 0.369 0.022 0.038
2 0.686 0.591 0.032 0.022
2 0.743 0.28 0.034 0.032
2 0.565 0.061 0.022 0.018
2 0.036 0.244 0.02 0.024
2 0.559 0.201 0.026 0.034
2 0.882 0.448 0.032 0.028
2 0.895 0.818 0.022 0.024
2 0.627 0.83 0.018 0.024