0 0.692 0.489 0.032 0.05
0 0.749 0.434 0.038 0.048
0 0.238 0.391 0.032 0.058
0 0.145 0.261 0.042 0.05
0 0.144 0.22 0.044 0.048
0 0.032 0.259 0.032 0.07
0 0.15 0.12 0.032 0.036
0 0.015 0.124 0.03 0.052
0 0.01 0.1 0.02 0.04
0 0.119 0.174 0.026 0.036
0 0.18 0.188 0.016 0.032
0 0.226 0.131 0.032 0.034
0 0.269 0.136 0.034 0.052
0 0.3 0.131 0.028 0.046
0 0.271 0.175 0.026 0.05
0 0.286 0.201 0.024 0.046
0 0.232 0.177 0.016 0.018
0 0.13 0.058 0.032 0.048
0 0.16 0.036 0.024 0.032
0 0.222 0.028 0.028 0.056
0 0.367 0.011 0.034 0.022
0 0.379 0.114 0.022 0.024
0 0.386 0.097 0.02 0.03
0 0.444 0.076 0.028 0.04
0 0.398 0.069 0.024 0.026
0 0.51 0.015 0.028 0.03
0 0.615 0.084 0.026 0.044
0 0.627 0.164 0.022 0.04
0 0.59 0.226 0.028 0.06
0 0.67 0.285 0.036 0.042
0 0.664 0.132 0.028 0.036
0 0.906 0.084 0.032 0.04
0 0.887 0.124 0.03 0.04
0 0.952 0.065 0.032 0.042
0 0.881 0.071 0.026 0.03
0 0.892 0.052 0.024 0.032
0 0.849 0.102 0.022 0.044
0 0.939 0.165 0.026 0.034
0 0.953 0.171 0.026 0.038
0 0.858 0.25 0.028 0.048
0 0.853 0.23 0.03 0.048
0 0.958 0.226 0.02 0.024
0 0.986 0.244 0.02 0.04
0 0.955 0.306 0.026 0.04
0 0.886 0.278 0.024 0.024
0 0.876 0.294 0.028 0.024
0 0.986 0.316 0.024 0.056
0 0.894 0.458 0.028 0.036
0 0.861 0.514 0.03 0.036
0 0.913 0.526 0.03 0.04
0 0.982 0.502 0.016 0.02
0 0.986 0.488 0.024 0.028
0 0.992 0.479 0.012 0.022
0 0.983 0.57 0.03 0.056
0 0.779 0.459 0.018 0.022
0 0.784 0.433 0.024 0.034
0 0.744 0.478 0.028 0.04
0 0.774 0.541 0.028 0.046
0 0.841 0.618 0.03 0.036
0 0.782 0.667 0.028 0.042
0 0.736 0.622 0.032 0.032
0 0.906 0.645 0.04 0.038
0 0.849 0.653 0.026 0.034
0 0.876 0.711 0.028 0.038
0 0.963 0.714 0.038 0.036
0 0.95 0.831 0.04 0.066
0 0.924 0.795 0.036 0.042
0 0.882 0.815 0.032 0.038
0 0.775 0.745 0.034 0.038
0 0.77 0.795 0.036 0.042
0 0.763 0.856 0.038 0.06
0 0.877 0.861 0.034 0.034
0 0.9 0.934 0.028 0.032
0 0.847 0.929 0.026 0.046
0 0.765 0.944 0.026 0.036
0 0.584 0.975 0.028 0.03
0 0.515 0.981 0.026 0.034
0 0.544 0.946 0.028 0.04
0 0.538 0.836 0.024 0.044
0 0.503 0.832 0.022 0.044
0 0.467 0.887 0.03 0.042
0 0.452 0.842 0.028 0.048
0 0.516 0.897 0.036 0.042
0 0.603 0.717 0.026 0.038
0 0.644 0.687 0.028 0.042
0 0.662 0.752 0.02 0.032
0 0.699 0.712 0.026 0.036
0 0.723 0.711 0.03 0.042
0 0.558 0.634 0.028 0.044
0 0.5 0.698 0.028 0.04
0 0.511 0.719 0.03 0.034
0 0.364 0.801 0.028 0.042
0 0.388 0.839 0.028 0.046
0 0.344 0.859 0.024 0.038
0 0.355 0.838 0.022 0.02
0 0.345 0.901 0.022 0.022
0 0.314 0.928 0.024 0.048
0 0.286 0.943 0.024 0.038
0 0.357 0.982 0.034 0.032
0 0.432 0.946 0.028 0.04
0 0.441 0.983 0.03 0.03
0 0.176 0.915 0.028 0.046
0 0.151 0.963 0.026 0.05
0 0.098 0.866 0.028 0.04
0 0.109 0.888 0.022 0.048
0 0.051 0.878 0.03 0.048
0 0.07 0.898 0.024 0.04
0 0.04 0.842 0.024 0.044
0 0.016 0.903 0.032 0.042
0 0.067 0.832 0.026 0.048
0 0.141 0.86 0.018 0.036
0 0.225 0.897 0.026 0.034
0 0.26 0.814 0.028 0.056
0 0.273 0.886 0.018 0.016
0 0.198 0.789 0.02 0.03
0 0.202 0.764 0.024 0.028
0 0.192 0.749 0.028 0.038
0 0.31 0.753 0.028 0.034
0 0.255 0.74 0.03 0.032
0 0.268 0.722 0.02 0.024
0 0.075 0.758 0.026 0.044
0 0.095 0.705 0.022 0.038
0 0.169 0.711 0.022 0.042
0 0.028 0.649 0.028 0.026
0 0.114 0.648 0.024 0.048
0 0.223 0.652 0.026 0.044
0 0.184 0.615 0.024 0.05
0 0.263 0.592 0.026 0.048
0 0.233 0.626 0.03 0.028
0 0.286 0.649 0.016 0.026
0 0.343 0.657 0.03 0.042
0 0.37 0.662 0.028 0.04
0 0.432 0.695 0.024 0.03
0 0.49 0.618 0.02 0.04
0 0.463 0.613 0.026 0.038
0 0.672 0.582 0.028 0.048
0 0.672 0.612 0.032 0.048
0 0.644 0.585 0.024 0.03
0 0.637 0.606 0.026 0.02
0 0.477 0.474 0.03 0.04
0 0.508 0.478 0.032 0.04
0 0.586 0.47 0.052 0.036
0 0.433 0.396 0.03 0.04
0 0.48 0.37 0.024 0.04
0 0.506 0.329 0.024 0.03
0 0.576 0.358 0.036 0.036
0 0.57 0.38 0.028 0.02
0 0.595 0.432 0.03 0.028
0 0.616 0.412 0.032 0.04
0 0.51 0.273 0.028 0.05
0 0.543 0.3 0.026 0.044
0 0.482 0.266 0.028 0.048
0 0.448 0.332 0.024 0.032
0 0.455 0.312 0.026 0.036
0 0.355 0.346 0.03 0.044
0 0.37 0.473 0.032 0.046
0 0.371 0.493 0.026 0.038
0 0.416 0.44 0.016 0.024
0 0.248 0.537 0.028 0.042
0 0.017 0.591 0.03 0.05
0 0.032 0.552 0.028 0.04
0 0.08 0.534 0.024 0.048
0 0.14 0.615 0.024 0.054
0 0.111 0.493 0.022 0.034
0 0.2 0.368 0.032 0.056
0 0.189 0.431 0.026 0.042
0 0.128 0.336 0.028 0.044
0 0.172 0.47 0.016 0.024
0 0.103 0.429 0.026 0.034
0 0.11 0.472 0.02 0.032
0 0.1 0.504 0.016 0.016
0 0.219 0.48 0.022 0.02
0 0.262 0.47 0.02 0.02
0 0.194 0.452 0.032 0.012
0 0.01 0.379 0.02 0.042
0 0.045 0.367 0.022 0.03
0 0.083 0.372 0.026 0.056
0 0.197 0.337 0.022 0.026
0 0.302 0.255 0.024 0.05
0 0.354 0.217 0.024 0.042
0 0.459 0.148 0.026 0.04
0 0.503 0.158 0.026 0.052
0 0.432 0.211 0.016 0.046
0 0.419 0.225 0.018 0.042
0 0.418 0.253 0.024 0.03
0 0.451 0.259 0.018 0.026
0 0.406 0.197 0.024 0.042
0 0.577 0.271 0.022 0.018
0 0.808 0.165 0.032 0.054
0 0.718 0.234 0.02 0.032
0 0.73 0.215 0.024 0.026
0 0.73 0.125 0.028 0.046
0 0.784 0.131 0.032 0.034
0 0.778 0.15 0.028 0.02
0 0.774 0.172 0.028 0.036
0 0.724 0.043 0.036 0.05
0 0.72 0.021 0.028 0.042
0 0.779 0.242 0.026 0.024
0 0.592 0.844 0.02 0.028
0 0.564 0.871 0.02 0.018
0 0.575 0.886 0.014 0.016
0 0.622 0.834 0.02 0.028
0 0.608 0.909 0.02 0.022
0 0.687 0.937 0.034 0.046
0 0.535 0.918 0.026 0.04
0 0.848 0.985 0.032 0.026
0 0.9 0.903 0.036 0.038
0 0.991 0.973 0.014 0.034
0 0.967 0.986 0.022 0.02
0 0.893 0.968 0.018 0.024
0 0.791 0.916 0.026 0.028
0 0.875 0.759 0.026 0.034
0 0.948 0.689 0.016 0.022
0 0.994 0.647 0.008 0.034
0 0.872 0.681 0.016 0.014
0 0.747 0.669 0.022 0.026
0 0.299 0.781 0.014 0.022
0 0.432 0.918 0.032 0.036
0 0.675 0.885 0.022 0.03
0 0.785 0.817 0.022 0.022
0 0.499 0.752 0.018 0.036
0 0.412 0.796 0.016 0.028
0 0.108 0.777 0.028 0.038
0 0.744 0.094 0.02 0.02
0 0.897 0.391 0.018 0.026
0 0.935 0.326 0.038 0.024
1 0.556 0.104 0.016 0.016
1 0.657 0.156 0.022 0.012
1 0.911 0.208 0.014 0.016
1 0.019 0.942 0.014 0.012
1 0.497 0.596 0.014 0.016
1 0.467 0.591 0.014 0.01
1 0.63 0.559 0.016 0.022
1 0.492 0.356 0.012 0.02
1 0.59 0.339 0.02 0.018
1 0.337 0.373 0.018 0.014
1 0.079 0.586 0.018 0.02
1 0.094 0.341 0.02 0.022
1 0.544 0.217 0.02 0.018
1 0.725 0.383 0.022 0.018
1 0.837 0.858 0.018 0.02
1 0.73 0.791 0.02 0.022
1 0.332 0.958 0.016 0.02
1 0.314 0.61 0.024 0.024
1 0.483 0.56 0.022 0.024
2 0.086 0.258 0.028 0.036
2 0.24 0.058 0.028 0.044
2 0.961 0.099 0.026 0.038
2 0.99 0.346 0.016 0.036
2 0.981 0.539 0.03 0.038
2 0.004 0.973 0.008 0.026
2 0.021 0.97 0.022 0.012
2 0.082 0.991 0.016 0.014
2 0.093 0.979 0.014 0.018
2 0.129 0.923 0.018 0.018
2 0.198 0.933 0.024 0.038
2 0.234 0.863 0.012 0.022
2 0.189 0.869 0.014 0.014
2 0.198 0.84 0.012 0.016
2 0.031 0.689 0.03 0.03
2 0.165 0.739 0.014 0.014
2 0.182 0.724 0.016 0.016
2 0.412 0.691 0.032 0.034
2 0.44 0.647 0.016 0.026
2 0.52 0.629 0.02 0.026
2 0.572 0.59 0.02 0.024
2 0.538 0.361 0.02 0.034
2 0.526 0.39 0.02 0.02
2 0.379 0.407 0.022 0.026
2 0.336 0.415 0.028 0.042
2 0.409 0.339 0.026 0.038
2 0.053 0.607 0.022 0.022
2 0.019 0.535 0.026 0.026
2 0.233 0.454 0.022 0.028
2 0.026 0.358 0.02 0.044
2 0.147 0.396 0.014 0.04
2 0.248 0.265 0.032 0.046
2 0.395 0.247 0.018 0.022
2 0.544 0.158 0.024 0.02
2 0.7 0.015 0.02 0.03
2 0.841 0.018 0.022 0.036
2 0.562 0.95 0.024 0.028
2 0.951 0.909 0.026 0.03
2 0.813 0.931 0.014 0.042
2 0.68 0.646 0.016 0.028
2 0.893 0.59 0.022 0.032
2 0.312 0.797 0.024 0.042
2 0.286 0.809 0.024 0.034
2 0.377 0.946 0.014 0.024
2 0.664 0.907 0.028 0.038
2 0.701 0.962 0.022 0.024
2 0.678 0.973 0.016 0.026
2 0.449 0.862 0.038 0.036
2 0.444 0.807 0.032 0.042
2 0.289 0.745 0.022 0.022
2 0.198 0.673 0.032 0.026
2 0.592 0.681 0.024 0.034
2 0.543 0.024 0.026 0.044
2 0.807 0.02 0.026 0.04
2 0.657 0.18 0.018 0.024
2 0.637 0.011 0.022 0.022
2 0.744 0.289 0.028 0.034