0 0.548 0.532 0.04 0.076
0 0.024 0.866 0.044 0.076
0 0.016 0.823 0.032 0.07
0 0.18 0.917 0.036 0.058
0 0.161 0.787 0.058 0.086
0 0.271 0.874 0.054 0.08
0 0.115 0.984 0.018 0.028
0 0.256 0.981 0.04 0.034
0 0.231 0.991 0.018 0.014
0 0.319 0.948 0.046 0.072
0 0.417 0.986 0.042 0.024
0 0.431 0.971 0.026 0.034
0 0.476 0.981 0.028 0.034
0 0.458 0.987 0.024 0.022
0 0.65 0.878 0.064 0.044
0 0.708 0.919 0.044 0.046
0 0.585 0.85 0.038 0.06
0 0.722 0.988 0.04 0.02
0 0.793 0.981 0.054 0.034
0 0.936 0.976 0.04 0.044
0 0.921 0.897 0.034 0.05
0 0.855 0.858 0.046 0.06
0 0.962 0.887 0.04 0.05
0 0.676 0.788 0.048 0.048
0 0.799 0.78 0.05 0.036
0 0.762 0.846 0.032 0.06
0 0.833 0.885 0.046 0.054
0 0.83 0.754 0.028 0.032
0 0.771 0.745 0.038 0.026
0 0.958 0.708 0.044 0.06
0 0.77 0.622 0.036 0.048
0 0.612 0.677 0.04 0.05
0 0.235 0.62 0.042 0.06
0 0.375 0.636 0.034 0.064
0 0.353 0.645 0.03 0.046
0 0.324 0.496 0.036 0.056
0 0.262 0.552 0.032 0.048
0 0.184 0.493 0.032 0.038
0 0.276 0.48 0.036 0.048
0 0.394 0.445 0.04 0.078
0 0.439 0.472 0.026 0.044
0 0.459 0.542 0.042 0.052
0 0.479 0.561 0.038 0.042
0 0.477 0.351 0.054 0.054
0 0.687 0.637 0.058 0.05
0 0.685 0.674 0.054 0.064
0 0.564 0.435 0.064 0.094
0 0.626 0.329 0.032 0.058
0 0.668 0.321 0.024 0.058
0 0.401 0.355 0.054 0.054
0 0.692 0.551 0.024 0.054
0 0.666 0.513 0.064 0.094
0 0.251 0.359 0.042 0.074
0 0.177 0.341 0.058 0.078
0 0.068 0.313 0.04 0.066
0 0.016 0.385 0.024 0.066
0 0.96 0.527 0.032 0.066
0 0.784 0.559 0.024 0.038
0 0.8 0.424 0.072 0.104
0 0.983 0.385 0.03 0.106
0 0.73 0.275 0.056 0.074
0 0.727 0.196 0.038 0.048
0 0.431 0.096 0.062 0.076
0 0.312 0.181 0.076 0.09
0 0.506 0.145 0.056 0.05
0 0.563 0.126 0.046 0.036
0 0.496 0.025 0.044 0.046
0 0.135 0.086 0.046 0.084
0 0.248 0.089 0.032 0.074
0 0.211 0.039 0.038 0.074
0 0.074 0.1 0.036 0.044
0 0.075 0.153 0.05 0.07
0 0.178 0.113 0.02 0.046
0 0.335 0.024 0.046 0.044
0 0.027 0.086 0.018 0.036
0 0.378 0.189 0.032 0.03
0 0.396 0.169 0.032 0.022
0 0.387 0.143 0.018 0.026
0 0.482 0.047 0.032 0.034
0 0.607 0.06 0.014 0.052
0 0.772 0.1 0.068 0.056
0 0.761 0.163 0.05 0.05
0 0.702 0.132 0.036 0.04
0 0.902 0.032 0.04 0.06
0 0.802 0.077 0.052 0.038
0 0.893 0.128 0.03 0.032
0 0.937 0.293 0.03 0.054
0 0.883 0.309 0.042 0.082
0 0.477 0.286 0.046 0.048
0 0.535 0.261 0.038 0.066
0 0.452 0.301 0.028 0.042
0 0.597 0.282 0.034 0.04
0 0.496 0.399 0.028 0.042
0 0.6 0.538 0.024 0.028
0 0.788 0.528 0.024 0.028
0 0.214 0.436 0.044 0.092
0 0.005 0.464 0.01 0.048
0 0.011 0.644 0.022 0.056
0 0.563 0.993 0.026 0.01
1 0.072 0.976 0.02 0.02
1 0.044 0.791 0.016 0.022
1 0.841 0.786 0.018 0.024
1 0.923 0.722 0.018 0.024
1 0.541 0.693 0.022 0.022
1 0.258 0.775 0.028 0.018
1 0.034 0.707 0.02 0.018
1 0.432 0.578 0.016 0.02
1 0.882 0.51 0.024 0.024
1 0.835 0.49 0.018 0.028
1 0.062 0.168 0.02 0.02
1 0.384 0.112 0.012 0.02
1 0.916 0.131 0.02 0.022
1 0.908 0.274 0.016 0.028
1 0.829 0.361 0.03 0.022
1 0.555 0.307 0.014 0.022
1 0.469 0.417 0.022 0.026
1 0.594 0.486 0.016 0.02
1 0.745 0.531 0.022 0.022
1 0.12 0.592 0.028 0.016
1 0.174 0.518 0.028 0.02
1 0.126 0.299 0.016 0.03
2 0.146 0.887 0.032 0.05
2 0.059 0.79 0.018 0.028
2 0.14 0.82 0.036 0.052
2 0.138 0.767 0.024 0.046
2 0.167 0.988 0.026 0.02
2 0.385 0.967 0.038 0.042
2 0.249 0.946 0.026 0.024
2 0.459 0.924 0.026 0.032
2 0.678 0.825 0.052 0.042
2 0.872 0.806 0.024 0.02
2 0.53 0.929 0.024 0.034
2 0.578 0.798 0.028 0.032
2 0.361 0.813 0.058 0.078
2 0.336 0.882 0.04 0.068
2 0.29 0.832 0.012 0.036
2 0.256 0.741 0.032 0.034
2 0.404 0.623 0.02 0.042
2 0.314 0.551 0.02 0.03
2 0.401 0.476 0.042 0.056
2 0.608 0.734 0.032 0.024
2 0.933 0.446 0.046 0.068
2 0.927 0.365 0.03 0.022
2 0.197 0.079 0.026 0.03
2 0.322 0.041 0.024 0.038
2 0.352 0.065 0.028 0.026
2 0.637 0.011 0.018 0.018
2 0.863 0.031 0.03 0.058
2 0.865 0.168 0.042 0.068
2 0.899 0.203 0.026 0.03
2 0.828 0.283 0.052 0.054
2 0.745 0.347 0.022 0.042
2 0.64 0.242 0.02 0.064
2 0.387 0.303 0.038 0.026
2 0.504 0.26 0.024 0.076
2 0.544 0.316 0.028 0.036
2 0.259 0.018 0.038 0.032
2 0.433 0.409 0.034 0.034
2 0.185 0.414 0.038 0.048
2 0.029 0.343 0.054 0.086
2 0.078 0.522 0.036 0.024
2 0.195 0.562 0.018 0.044
2 0.133 0.69 0.038 0.024
2 0.569 0.65 0.022 0.04
2 0.306 0.295 0.032 0.018
2 0.442 0.219 0.028 0.03
2 0.588 0.145 0.04 0.03
2 0.463 0.684 0.014 0.036
2 0.515 0.891 0.03 0.018
2 0.501 0.081 0.046 0.042