0 0.143 0.112 0.058 0.052
0 0.157 0.178 0.038 0.028
0 0.142 0.23 0.036 0.044
0 0.268 0.324 0.068 0.056
0 0.162 0.427 0.056 0.054
0 0.112 0.303 0.044 0.054
0 0.092 0.373 0.052 0.05
0 0.042 0.422 0.04 0.052
0 0.044 0.664 0.048 0.052
0 0.098 0.645 0.064 0.062
0 0.17 0.599 0.064 0.066
0 0.311 0.519 0.05 0.042
0 0.404 0.496 0.044 0.032
0 0.439 0.549 0.042 0.038
0 0.481 0.527 0.034 0.054
0 0.533 0.512 0.078 0.056
0 0.549 0.373 0.05 0.034
0 0.52 0.333 0.064 0.074
0 0.426 0.112 0.044 0.056
0 0.474 0.159 0.064 0.05
0 0.427 0.22 0.066 0.048
0 0.501 0.249 0.046 0.054
0 0.604 0.329 0.044 0.03
0 0.593 0.422 0.07 0.064
0 0.719 0.398 0.05 0.044
0 0.818 0.382 0.044 0.044
0 0.823 0.342 0.046 0.032
0 0.761 0.309 0.05 0.042
0 0.727 0.282 0.046 0.044
0 0.847 0.298 0.054 0.032
0 0.929 0.282 0.046 0.036
0 0.979 0.253 0.038 0.042
0 0.861 0.425 0.042 0.03
0 0.847 0.462 0.046 0.04
0 0.866 0.516 0.056 0.036
0 0.829 0.571 0.05 0.038
0 0.911 0.606 0.07 0.04
0 0.723 0.552 0.042 0.036
0 0.697 0.584 0.05 0.036
0 0.702 0.616 0.068 0.052
0 0.615 0.504 0.046 0.056
0 0.592 0.489 0.044 0.046
0 0.773 0.521 0.058 0.054
0 0.665 0.669 0.07 0.038
0 0.63 0.71 0.044 0.044
0 0.551 0.69 0.054 0.048
0 0.519 0.725 0.034 0.046
0 0.231 0.786 0.046 0.052
0 0.414 0.75 0.088 0.068
0 0.453 0.78 0.05 0.044
0 0.426 0.826 0.032 0.032
0 0.465 0.819 0.042 0.046
0 0.3 0.973 0.056 0.034
0 0.399 0.987 0.054 0.022
0 0.474 0.96 0.044 0.044
0 0.532 0.978 0.036 0.04
0 0.571 0.989 0.042 0.018
0 0.319 0.643 0.082 0.066
0 0.358 0.597 0.076 0.042
0 0.02 0.24 0.04 0.068
0 0.073 0.728 0.078 0.076
0 0.072 0.821 0.04 0.054
0 0.239 0.872 0.05 0.048
0 0.175 0.95 0.034 0.056
0 0.068 0.931 0.072 0.042
0 0.078 0.866 0.072 0.052
0 0.33 0.939 0.06 0.046
0 0.154 0.776 0.04 0.04
0 0.381 0.665 0.078 0.054
0 0.427 0.657 0.03 0.03
0 0.472 0.64 0.052 0.048
0 0.595 0.568 0.042 0.036
0 0.281 0.387 0.058 0.046
0 0.39 0.349 0.06 0.042
0 0.399 0.408 0.054 0.04
0 0.328 0.446 0.048 0.048
0 0.396 0.443 0.044 0.038
0 0.128 0.495 0.06 0.09
0 0.649 0.228 0.046 0.06
0 0.659 0.192 0.07 0.064
0 0.695 0.158 0.058 0.04
0 0.77 0.193 0.04 0.042
0 0.775 0.154 0.058 0.036
0 0.868 0.161 0.044 0.038
0 0.795 0.096 0.05 0.048
0 0.875 0.074 0.062 0.056
0 0.752 0.033 0.056 0.046
0 0.934 0.085 0.04 0.038
0 0.945 0.18 0.054 0.04
0 0.989 0.144 0.018 0.048
0 0.989 0.186 0.018 0.04
0 0.984 0.445 0.028 0.042
0 0.985 0.471 0.026 0.034
0 0.974 0.309 0.048 0.038
0 0.985 0.341 0.026 0.038
0 0.962 0.366 0.072 0.036
0 0.994 0.383 0.008 0.03
0 0.962 0.42 0.044 0.036
0 0.19 0.057 0.056 0.042
0 0.111 0.038 0.054 0.056
0 0.221 0.09 0.03 0.048
0 0.286 0.081 0.068 0.066
0 0.32 0.03 0.06 0.044
0 0.411 0.039 0.05 0.074
0 0.491 0.026 0.03 0.04
0 0.533 0.012 0.046 0.024
0 0.631 0.01 0.046 0.02
0 0.564 0.112 0.064 0.06
0 0.333 0.101 0.066 0.058
0 0.514 0.177 0.06 0.046
0 0.386 0.887 0.072 0.054
0 0.502 0.865 0.068 0.05
0 0.551 0.773 0.046 0.038
0 0.528 0.796 0.028 0.028
0 0.65 0.803 0.056 0.038
0 0.676 0.764 0.036 0.028
0 0.721 0.785 0.042 0.034
0 0.806 0.715 0.052 0.042
0 0.839 0.775 0.046 0.038
0 0.621 0.922 0.042 0.036
0 0.654 0.93 0.048 0.036
0 0.803 0.871 0.05 0.038
0 0.746 0.957 0.036 0.038
0 0.779 0.947 0.03 0.038
0 0.812 0.956 0.052 0.04
0 0.834 0.89 0.036 0.06
0 0.916 0.876 0.056 0.044
0 0.926 0.917 0.052 0.042
0 0.994 0.985 0.008 0.026
0 0.765 0.836 0.062 0.032
0 0.905 0.824 0.034 0.02
0 0.931 0.792 0.046 0.036
0 0.981 0.825 0.034 0.042
0 0.906 0.737 0.064 0.034
0 0.948 0.74 0.044 0.032
0 0.947 0.709 0.05 0.038
0 0.014 0.978 0.028 0.04
0 0.038 0.97 0.04 0.052
0 0.102 0.993 0.044 0.01
0 0.919 0.524 0.046 0.036
0 0.355 0.727 0.046 0.042
0 0.734 0.85 0.044 0.036
0 0.007 0.092 0.014 0.032
0 0.014 0.007 0.028 0.014
0 0.008 0.851 0.016 0.034
0 0.009 0.714 0.018 0.02
0 0.014 0.543 0.028 0.042
0 0.004 0.448 0.008 0.036
0 0.007 0.145 0.014 0.042
0 0.926 0.009 0.04 0.018
0 0.701 0.984 0.03 0.028
0 0.481 0.077 0.038 0.042
0 0.218 0.918 0.032 0.06
0 0.377 0.924 0.062 0.028
0 0.454 0.994 0.032 0.008
0 0.993 0.782 0.01 0.016
0 0.873 0.268 0.046 0.032
1 0.328 0.203 0.04 0.038
1 0.111 0.458 0.034 0.036
1 0.052 0.321 0.028 0.038
1 0.219 0.212 0.05 0.032
1 0.658 0.875 0.028 0.022
1 0.039 0.065 0.03 0.018
1 0.061 0.037 0.03 0.018
1 0.09 0.143 0.016 0.034
1 0.088 0.18 0.012 0.008
1 0.198 0.136 0.032 0.024
1 0.277 0.248 0.022 0.02
1 0.252 0.153 0.032 0.034
1 0.426 0.182 0.024 0.044
1 0.392 0.258 0.032 0.02
1 0.382 0.32 0.012 0.024
1 0.348 0.336 0.032 0.016
1 0.336 0.385 0.02 0.018
1 0.296 0.459 0.02 0.026
1 0.25 0.456 0.032 0.02
1 0.193 0.456 0.022 0.024
1 0.196 0.372 0.016 0.036
1 0.448 0.48 0.02 0.024
1 0.523 0.454 0.014 0.02
1 0.507 0.398 0.022 0.016
1 0.683 0.456 0.038 0.016
1 0.694 0.328 0.02 0.028
1 0.726 0.362 0.032 0.02
1 0.792 0.456 0.024 0.024
1 0.584 0.212 0.02 0.024
1 0.785 0.228 0.022 0.024
1 0.887 0.243 0.038 0.022
1 0.878 0.441 0.024 0.014
1 0.888 0.421 0.016 0.026
1 0.909 0.398 0.018 0.008
1 0.91 0.424 0.02 0.016
1 0.947 0.531 0.018 0.022
1 0.817 0.627 0.034 0.022
1 0.768 0.709 0.016 0.034
1 0.871 0.786 0.014 0.012
1 0.893 0.777 0.022 0.018
1 0.967 0.825 0.018 0.018
1 0.567 0.83 0.042 0.02
1 0.612 0.859 0.02 0.026
1 0.669 0.813 0.018 0.014
1 0.701 0.873 0.026 0.014
1 0.708 0.834 0.012 0.016
1 0.751 0.869 0.022 0.014
1 0.938 0.945 0.028 0.026
1 0.545 0.584 0.018 0.028
1 0.395 0.613 0.026 0.01
1 0.6 0.657 0.04 0.018
1 0.305 0.844 0.022 0.024
1 0.449 0.866 0.03 0.02
1 0.427 0.929 0.026 0.014
1 0.47 0.893 0.024 0.026
1 0.104 0.888 0.02 0.024
1 0.123 0.867 0.026 0.026
1 0.648 0.023 0.02 0.022
1 0.321 0.139 0.018 0.01
1 0.011 0.753 0.022 0.042
1 0.112 0.814 0.032 0.028
1 0.106 0.976 0.024 0.028
1 0.224 0.975 0.036 0.026
1 0.514 0.918 0.032 0.036
1 0.712 0.972 0.016 0.04
1 0.51 0.636 0.02 0.024
1 0.99 0.521 0.016 0.026
1 0.974 0.669 0.016 0.014
1 0.097 0.594 0.022 0.028
1 0.101 0.542 0.026 0.028
1 0.059 0.47 0.03 0.024
1 0.161 0.715 0.022 0.03
1 0.192 0.707 0.024 0.014
1 0.139 0.311 0.018 0.034
1 0.43 0.053 0.02 0.022
1 0.623 0.047 0.026 0.014
1 0.878 0.131 0.02 0.026
1 0.449 0.328 0.026 0.032
1 0.31 0.737 0.036 0.026
1 0.241 0.806 0.026 0.016
1 0.083 0.983 0.022 0.022
1 0.235 0.827 0.058 0.038
1 0.396 0.948 0.012 0.016
1 0.29 0.892 0.016 0.02
1 0.627 0.951 0.022 0.018
1 0.837 0.726 0.018 0.028
1 0.982 0.717 0.016 0.018
1 0.852 0.557 0.024 0.014
1 0.598 0.795 0.024 0.03
1 0.592 0.721 0.028 0.026
1 0.636 0.36 0.024 0.032
1 0.532 0.86 0.028 0.016
1 0.262 0.418 0.024 0.024
2 0.086 0.447 0.032 0.026
2 0.588 0.89 0.048 0.024
2 0.73 0.907 0.032 0.034
2 0.618 0.134 0.036 0.036
2 0.97 0.002 0.024 0.004
2 0.232 0.667 0.016 0.014
2 0.219 0.592 0.022 0.028
2 0.247 0.554 0.034 0.02
2 0.228 0.487 0.032 0.034
2 0.37 0.472 0.016 0.028
2 0.481 0.462 0.022 0.024
2 0.191 0.92 0.03 0.024
2 0.189 0.996 0.038 0.004
2 0.004 0.794 0.008 0.024
2 0.039 0.789 0.006 0.01
2 0.058 0.795 0.016 0.01
2 0.751 0.983 0.018 0.014
2 0.824 0.996 0.036 0.004
2 0.892 0.997 0.012 0.002
2 0.698 0.682 0.02 0.016
2 0.936 0.683 0.024 0.018
2 0.997 0.756 0.002 0.024
2 0.325 0.253 0.018 0.01
2 0.358 0.143 0.032 0.034
2 0.287 0.128 0.014 0.036
2 0.394 0.166 0.016 0.02
2 0.476 0.198 0.02 0.016
2 0.458 0.299 0.016 0.026
2 0.637 0.297 0.014 0.018
2 0.926 0.476 0.028 0.02
2 0.996 0.546 0.004 0.02
2 0.778 0.807 0.028 0.01
2 0.955 0.851 0.038 0.022
2 0.292 0.7 0.012 0.008
2 0.002 0.616 0.004 0.012
2 0.001 0.646 0.002 0.008
2 0.114 0.718 0.012 0.024
2 0.13 0.842 0.024 0.02
2 0.112 0.385 0.024 0.03
2 0.598 0.018 0.028 0.012
2 0.446 0.058 0.012 0.016
2 0.744 0.752 0.012 0.012
2 0.193 0.085 0.038 0.022