0 0.928 0.948 0.04 0.052
0 0.914 0.886 0.044 0.056
0 0.935 0.81 0.034 0.056
0 0.975 0.745 0.03 0.062
0 0.776 0.976 0.04 0.044
0 0.698 0.85 0.04 0.048
0 0.828 0.867 0.04 0.054
0 0.865 0.961 0.042 0.054
0 0.884 0.831 0.04 0.05
0 0.903 0.747 0.046 0.05
0 0.905 0.777 0.054 0.03
0 0.791 0.854 0.03 0.052
0 0.656 0.821 0.036 0.046
0 0.797 0.747 0.042 0.046
0 0.582 0.853 0.052 0.05
0 0.437 0.949 0.05 0.066
0 0.56 0.805 0.04 0.042
0 0.478 0.739 0.04 0.054
0 0.663 0.754 0.038 0.068
0 0.848 0.689 0.052 0.05
0 0.806 0.681 0.04 0.054
0 0.804 0.577 0.032 0.046
0 0.757 0.578 0.046 0.052
0 0.727 0.675 0.046 0.058
0 0.699 0.651 0.03 0.058
0 0.592 0.727 0.04 0.046
0 0.608 0.731 0.02 0.03
0 0.344 0.797 0.04 0.058
0 0.387 0.841 0.042 0.07
0 0.397 0.911 0.034 0.054
0 0.502 0.92 0.04 0.072
0 0.967 0.555 0.034 0.058
0 0.975 0.492 0.034 0.04
0 0.9 0.554 0.04 0.044
0 0.97 0.434 0.028 0.04
0 0.843 0.461 0.034 0.034
0 0.812 0.519 0.032 0.034
0 0.935 0.514 0.038 0.04
0 0.937 0.496 0.026 0.024
0 0.992 0.64 0.012 0.048
0 0.812 0.64 0.036 0.036
0 0.908 0.654 0.024 0.036
0 0.647 0.677 0.026 0.03
0 0.992 0.804 0.012 0.036
0 0.994 0.841 0.008 0.026
0 0.988 0.99 0.02 0.016
0 0.861 0.883 0.022 0.026
0 0.666 0.922 0.036 0.072
0 0.832 0.772 0.024 0.028
0 0.749 0.847 0.018 0.042
0 0.569 0.925 0.038 0.058
0 0.542 0.772 0.02 0.024
0 0.241 0.976 0.05 0.044
0 0.239 0.895 0.042 0.062
0 0.194 0.906 0.056 0.076
0 0.126 0.966 0.064 0.064
0 0.104 0.943 0.024 0.034
0 0.115 0.917 0.022 0.022
0 0.01 0.977 0.016 0.034
0 0.057 0.901 0.038 0.058
0 0.154 0.756 0.04 0.052
0 0.145 0.787 0.034 0.038
0 0.012 0.721 0.02 0.058
0 0.118 0.66 0.032 0.032
0 0.219 0.664 0.042 0.056
0 0.274 0.775 0.048 0.066
0 0.445 0.873 0.05 0.042
0 0.558 0.613 0.036 0.038
0 0.569 0.574 0.038 0.044
0 0.433 0.642 0.034 0.04
0 0.417 0.651 0.018 0.03
0 0.49 0.666 0.044 0.052
0 0.497 0.692 0.018 0.024
0 0.337 0.692 0.042 0.052
0 0.412 0.507 0.032 0.054
0 0.432 0.483 0.024 0.03
0 0.372 0.468 0.04 0.052
0 0.323 0.483 0.034 0.042
0 0.342 0.526 0.048 0.052
0 0.381 0.579 0.022 0.03
0 0.365 0.595 0.026 0.038
0 0.444 0.598 0.028 0.028
0 0.234 0.566 0.044 0.06
0 0.222 0.543 0.044 0.05
0 0.145 0.572 0.038 0.052
0 0.201 0.469 0.034 0.05
0 0.17 0.466 0.044 0.056
0 0.141 0.506 0.022 0.024
0 0.052 0.548 0.04 0.056
0 0.018 0.509 0.032 0.05
0 0.036 0.524 0.048 0.052
0 0.009 0.647 0.014 0.046
0 0.084 0.727 0.044 0.07
0 0.164 0.521 0.02 0.018
0 0.14 0.4 0.04 0.052
0 0.136 0.338 0.036 0.04
0 0.158 0.305 0.04 0.05
0 0.08 0.352 0.036 0.04
0 0.015 0.286 0.026 0.052
0 0.071 0.323 0.034 0.054
0 0.038 0.261 0.024 0.038
0 0.049 0.232 0.018 0.028
0 0.116 0.274 0.02 0.024
0 0.06 0.136 0.032 0.048
0 0.089 0.129 0.03 0.05
0 0.01 0.158 0.016 0.032
0 0.136 0.162 0.044 0.036
0 0.1 0.062 0.028 0.036
0 0.015 0.074 0.026 0.056
0 0.066 0.079 0.028 0.038
0 0.021 0.015 0.038 0.026
0 0.186 0.07 0.032 0.048
0 0.228 0.139 0.032 0.03
0 0.226 0.08 0.04 0.04
0 0.24 0.045 0.032 0.03
0 0.148 0.123 0.032 0.038
0 0.278 0.042 0.028 0.036
0 0.21 0.023 0.028 0.042
0 0.424 0.048 0.028 0.032
0 0.398 0.083 0.028 0.038
0 0.447 0.052 0.022 0.044
0 0.487 0.016 0.034 0.028
0 0.348 0.161 0.028 0.034
0 0.302 0.038 0.032 0.064
0 0.318 0.11 0.028 0.024
0 0.26 0.179 0.044 0.03
0 0.3 0.181 0.04 0.05
0 0.981 0.024 0.026 0.032
0 0.953 0.021 0.026 0.038
0 0.974 0.094 0.02 0.036
0 0.988 0.089 0.02 0.038
0 0.971 0.148 0.018 0.032
0 0.954 0.15 0.02 0.04
0 0.894 0.053 0.032 0.034
0 0.992 0.143 0.012 0.03
0 0.811 0.138 0.026 0.028
0 0.783 0.104 0.038 0.028
0 0.795 0.028 0.026 0.032
0 0.747 0.024 0.038 0.044
0 0.723 0.07 0.034 0.028
0 0.881 0.094 0.026 0.044
0 0.864 0.115 0.044 0.046
0 0.912 0.18 0.024 0.032
0 0.961 0.218 0.022 0.032
0 0.884 0.232 0.028 0.032
0 0.961 0.191 0.022 0.026
0 0.924 0.137 0.032 0.038
0 0.646 0.072 0.036 0.044
0 0.604 0.025 0.032 0.026
0 0.645 0.011 0.018 0.018
0 0.715 0.029 0.018 0.018
0 0.687 0.01 0.026 0.016
0 0.571 0.079 0.026 0.03
0 0.6 0.078 0.028 0.032
0 0.678 0.085 0.036 0.03
0 0.582 0.14 0.028 0.028
0 0.519 0.127 0.022 0.038
0 0.515 0.231 0.026 0.034
0 0.545 0.143 0.026 0.038
0 0.612 0.227 0.028 0.034
0 0.563 0.22 0.03 0.044
0 0.633 0.169 0.03 0.026
0 0.628 0.122 0.02 0.016
0 0.582 0.179 0.028 0.03
0 0.634 0.191 0.012 0.022
0 0.713 0.16 0.014 0.024
0 0.834 0.196 0.032 0.028
0 0.774 0.199 0.036 0.026
0 0.779 0.228 0.03 0.036
0 0.837 0.24 0.038 0.024
0 0.954 0.257 0.028 0.026
0 0.986 0.309 0.024 0.042
0 0.888 0.291 0.036 0.038
0 0.842 0.312 0.036 0.028
0 0.815 0.281 0.042 0.042
0 0.833 0.363 0.034 0.026
0 0.795 0.38 0.042 0.036
0 0.83 0.398 0.028 0.032
0 0.717 0.367 0.042 0.038
0 0.809 0.419 0.038 0.034
0 0.914 0.303 0.024 0.038
0 0.924 0.276 0.032 0.044
0 0.691 0.286 0.034 0.032
0 0.645 0.274 0.034 0.032
0 0.626 0.36 0.032 0.044
0 0.583 0.321 0.022 0.03
0 0.607 0.328 0.026 0.02
0 0.577 0.371 0.03 0.034
0 0.598 0.288 0.028 0.028
0 0.425 0.387 0.042 0.054
0 0.362 0.383 0.028 0.046
0 0.489 0.44 0.038 0.052
0 0.596 0.464 0.04 0.052
0 0.472 0.486 0.032 0.04
0 0.464 0.388 0.024 0.044
0 0.497 0.382 0.034 0.06
0 0.316 0.225 0.028 0.042
0 0.222 0.282 0.04 0.036
0 0.208 0.218 0.028 0.044
0 0.256 0.298 0.032 0.032
0 0.285 0.348 0.042 0.048
0 0.266 0.455 0.036 0.046
0 0.4 0.188 0.036 0.036
0 0.445 0.107 0.022 0.026
0 0.351 0.333 0.038 0.038
0 0.241 0.391 0.042 0.054
0 0.291 0.289 0.05 0.054
0 0.789 0.442 0.03 0.036
0 0.759 0.385 0.03 0.034
0 0.753 0.341 0.034 0.034
0 0.816 0.337 0.04 0.022
0 0.36 0.24 0.04 0.052
0 0.383 0.222 0.026 0.028
0 0.431 0.346 0.022 0.024
0 0.51 0.273 0.02 0.018
0 0.569 0.253 0.022 0.026
0 0.432 0.192 0.024 0.02
0 0.78 0.278 0.016 0.024
0 0.733 0.349 0.03 0.026
0 0.765 0.453 0.026 0.026
0 0.787 0.486 0.022 0.024
0 0.757 0.475 0.018 0.03
0 0.842 0.513 0.016 0.034
0 0.582 0.686 0.032 0.068
0 0.255 0.734 0.018 0.032
0 0.388 0.691 0.024 0.018
0 0.119 0.212 0.026 0.02
0 0.361 0.029 0.014 0.03
0 0.376 0.008 0.032 0.012
0 0.937 0.258 0.018 0.028
1 0.026 0.405 0.024 0.022
1 0.774 0.865 0.012 0.03
1 0.88 0.933 0.016 0.022
1 0.248 0.936 0.024 0.02
1 0.048 0.967 0.012 0.022
1 0.173 0.681 0.018 0.022
1 0.346 0.99 0.016 0.016
1 0.444 0.566 0.016 0.016
1 0.455 0.542 0.018 0.016
1 0.353 0.618 0.018 0.016
1 0.855 0.123 0.01 0.018
1 0.674 0.188 0.012 0.02
1 0.75 0.245 0.02 0.022
1 0.499 0.329 0.018 0.018
1 0.472 0.359 0.024 0.018
1 0.286 0.432 0.02 0.016
1 0.334 0.443 0.02 0.022
1 0.251 0.265 0.014 0.018
1 0.4 0.137 0.02 0.018
1 0.652 0.552 0.02 0.016
1 0.033 0.584 0.022 0.012
1 0.855 0.123 0.01 0.022
2 0.946 0.55 0.032 0.04
2 0.867 0.516 0.046 0.04
2 0.878 0.625 0.016 0.022
2 0.769 0.689 0.018 0.046
2 0.745 0.61 0.042 0.04
2 0.958 0.936 0.032 0.06
2 0.871 0.853 0.034 0.042
2 0.689 0.87 0.038 0.024
2 0.696 0.957 0.02 0.03
2 0.543 0.745 0.042 0.038
2 0.215 0.962 0.042 0.04
2 0.118 0.831 0.044 0.042
2 0.074 0.849 0.028 0.038
2 0.018 0.762 0.028 0.044
2 0.345 0.864 0.038 0.044
2 0.284 0.867 0.032 0.05
2 0.434 0.85 0.028 0.024
2 0.338 0.937 0.016 0.022
2 0.087 0.47 0.03 0.028
2 0.027 0.321 0.022 0.026
2 0.106 0.349 0.028 0.046
2 0.057 0.042 0.026 0.052
2 0.164 0.094 0.02 0.032
2 0.189 0.031 0.022 0.026
2 0.98 0.047 0.016 0.01
2 0.854 0.076 0.02 0.02
2 0.628 0.012 0.024 0.02
2 0.65 0.187 0.024 0.022
2 0.734 0.138 0.016 0.02
2 0.262 0.107 0.024 0.026
2 0.245 0.155 0.03 0.022
2 0.359 0.192 0.018 0.032
2 0.447 0.204 0.018 0.028
2 0.768 0.293 0.024 0.026
2 0.738 0.289 0.02 0.022
2 0.864 0.403 0.028 0.03
2 0.511 0.531 0.03 0.026
2 0.56 0.508 0.02 0.032
2 0.281 0.597 0.018 0.05
2 0.244 0.615 0.032 0.034
2 0.218 0.719 0.044 0.058
2 0.224 0.838 0.02 0.028
2 0.412 0.149 0.032 0.042
2 0.855 0.293 0.018 0.018
2 0.62 0.76 0.024 0.024
2 0.768 0.505 0.032 0.042