0 0.016 0.906 0.032 0.072
0 0.021 0.821 0.038 0.062
0 0.1 0.82 0.028 0.044
0 0.148 0.878 0.024 0.044
0 0.184 0.875 0.024 0.038
0 0.262 0.859 0.028 0.038
0 0.188 0.979 0.052 0.038
0 0.151 0.966 0.03 0.044
0 0.247 0.974 0.03 0.048
0 0.294 0.825 0.04 0.062
0 0.338 0.811 0.032 0.042
0 0.275 0.665 0.05 0.05
0 0.131 0.69 0.026 0.036
0 0.086 0.614 0.04 0.056
0 0.174 0.636 0.028 0.044
0 0.199 0.588 0.054 0.056
0 0.244 0.578 0.016 0.032
0 0.249 0.558 0.018 0.028
0 0.015 0.484 0.03 0.068
0 0.363 0.986 0.034 0.024
0 0.397 0.956 0.034 0.044
0 0.572 0.972 0.028 0.036
0 0.542 0.976 0.036 0.044
0 0.501 0.923 0.03 0.046
0 0.495 0.89 0.038 0.024
0 0.544 0.891 0.052 0.082
0 0.424 0.761 0.032 0.05
0 0.469 0.708 0.058 0.044
0 0.507 0.706 0.046 0.06
0 0.425 0.629 0.022 0.026
0 0.429 0.597 0.034 0.05
0 0.386 0.617 0.02 0.046
0 0.272 0.612 0.032 0.04
0 0.156 0.486 0.048 0.068
0 0.105 0.508 0.03 0.036
0 0.011 0.155 0.022 0.066
0 0.017 0.072 0.026 0.048
0 0.041 0.088 0.03 0.044
0 0.072 0.03 0.036 0.044
0 0.25 0.036 0.044 0.068
0 0.288 0.009 0.036 0.014
0 0.155 0.087 0.034 0.034
0 0.129 0.12 0.03 0.028
0 0.142 0.15 0.024 0.052
0 0.192 0.112 0.044 0.032
0 0.162 0.209 0.028 0.054
0 0.22 0.259 0.036 0.046
0 0.225 0.219 0.014 0.034
0 0.264 0.102 0.036 0.04
0 0.31 0.159 0.032 0.086
0 0.347 0.178 0.034 0.08
0 0.364 0.032 0.036 0.056
0 0.541 0.02 0.05 0.036
0 0.597 0.029 0.042 0.054
0 0.678 0.046 0.052 0.072
0 0.785 0.025 0.038 0.046
0 0.969 0.093 0.042 0.058
0 0.98 0.187 0.032 0.054
0 0.846 0.165 0.06 0.098
0 0.908 0.319 0.044 0.042
0 0.343 0.381 0.05 0.09
0 0.382 0.082 0.024 0.028
0 0.68 0.158 0.052 0.108
0 0.637 0.265 0.042 0.078
0 0.69 0.279 0.04 0.082
0 0.708 0.25 0.028 0.052
0 0.758 0.29 0.04 0.056
0 0.804 0.349 0.044 0.062
0 0.754 0.381 0.04 0.082
0 0.842 0.427 0.036 0.074
0 0.891 0.417 0.054 0.09
0 0.981 0.459 0.034 0.078
0 0.934 0.474 0.028 0.044
0 0.559 0.289 0.026 0.034
0 0.501 0.323 0.038 0.054
0 0.387 0.402 0.022 0.08
0 0.432 0.42 0.028 0.052
0 0.489 0.429 0.034 0.074
0 0.519 0.42 0.038 0.056
0 0.671 0.459 0.034 0.058
0 0.608 0.46 0.036 0.068
0 0.572 0.536 0.04 0.04
0 0.6 0.594 0.032 0.052
0 0.546 0.599 0.02 0.046
0 0.685 0.566 0.034 0.052
0 0.907 0.603 0.042 0.062
0 0.977 0.65 0.042 0.08
0 0.972 0.69 0.024 0.024
0 0.902 0.688 0.04 0.048
0 0.78 0.644 0.044 0.052
0 0.813 0.717 0.034 0.038
0 0.762 0.704 0.024 0.04
0 0.729 0.771 0.034 0.046
0 0.986 0.827 0.024 0.098
0 0.875 0.863 0.05 0.074
0 0.91 0.943 0.044 0.07
0 0.871 0.97 0.05 0.056
0 0.785 0.88 0.034 0.048
0 0.683 0.923 0.034 0.042
0 0.635 0.981 0.038 0.034
0 0.721 0.963 0.03 0.038
0 0.652 0.676 0.044 0.064
0 0.6 0.711 0.036 0.062
0 0.008 0.995 0.016 0.006
0 0.455 0.54 0.022 0.036
0 0.353 0.443 0.014 0.018
1 0.053 0.924 0.026 0.016
1 0.144 0.776 0.036 0.028
1 0.263 0.88 0.022 0.02
1 0.187 0.748 0.034 0.024
1 0.232 0.728 0.024 0.024
1 0.216 0.727 0.012 0.014
1 0.273 0.722 0.026 0.024
1 0.328 0.714 0.028 0.02
1 0.373 0.695 0.026 0.022
1 0.334 0.657 0.016 0.026
1 0.135 0.671 0.026 0.022
1 0.086 0.666 0.024 0.032
1 0.166 0.714 0.02 0.016
1 0.175 0.6 0.022 0.028
1 0.2 0.539 0.016 0.022
1 0.324 0.902 0.024 0.028
1 0.404 0.867 0.02 0.022
1 0.432 0.897 0.016 0.026
1 0.606 0.859 0.016 0.026
1 0.585 0.838 0.03 0.02
1 0.495 0.808 0.018 0.024
1 0.471 0.782 0.026 0.044
1 0.518 0.67 0.02 0.012
1 0.434 0.559 0.02 0.022
1 0.31 0.634 0.024 0.028
1 0.282 0.593 0.02 0.026
1 0.137 0.416 0.022 0.028
1 0.148 0.381 0.024 0.026
1 0.213 0.378 0.022 0.024
1 0.038 0.277 0.02 0.022
1 0.077 0.258 0.018 0.024
1 0.214 0.137 0.024 0.022
1 0.785 0.051 0.018 0.026
1 0.796 0.078 0.016 0.024
1 0.818 0.087 0.016 0.018
1 0.876 0.071 0.028 0.03
1 0.9 0.022 0.016 0.028
1 0.947 0.276 0.038 0.028
1 0.926 0.345 0.016 0.022
1 0.282 0.347 0.016 0.03
1 0.359 0.314 0.026 0.036
1 0.306 0.265 0.016 0.014
1 0.431 0.146 0.018 0.028
1 0.387 0.13 0.01 0.012
1 0.444 0.053 0.016 0.03
1 0.473 0.043 0.034 0.034
1 0.568 0.187 0.016 0.05
1 0.802 0.28 0.02 0.028
1 0.838 0.322 0.012 0.02
1 0.915 0.47 0.022 0.04
1 0.947 0.519 0.03 0.022
1 0.767 0.485 0.022 0.022
1 0.761 0.53 0.022 0.012
1 0.714 0.53 0.024 0.012
1 0.538 0.326 0.032 0.024
1 0.439 0.456 0.026 0.048
1 0.721 0.486 0.014 0.02
1 0.629 0.499 0.018 0.03
1 0.572 0.463 0.016 0.022
1 0.627 0.57 0.018 0.024
1 0.661 0.632 0.014 0.032
1 0.399 0.464 0.018 0.02
1 0.914 0.58 0.024 0.024
1 0.795 0.68 0.026 0.028
1 0.729 0.644 0.03 0.044
1 0.77 0.747 0.028 0.022
1 0.728 0.743 0.02 0.022
1 0.944 0.886 0.04 0.052
1 0.957 0.981 0.014 0.022
1 0.806 0.796 0.016 0.024
1 0.816 0.881 0.016 0.022
1 0.732 0.89 0.02 0.024
1 0.715 0.997 0.018 0.002
1 0.794 0.997 0.008 0.002
1 0.658 0.735 0.008 0.014
1 0.667 0.746 0.014 0.004
1 0.662 0.808 0.024 0.032
1 0.685 0.401 0.014 0.018
1 0.17 0.818 0.012 0.016
1 0.069 0.996 0.014 0.004
1 0.361 0.459 0.01 0.002
2 0.01 0.62 0.02 0.04
2 0.29 0.922 0.032 0.028
2 0.468 0.628 0.028 0.04
2 0.28 0.574 0.016 0.016
2 0.297 0.601 0.018 0.018
2 0.767 0.074 0.022 0.04
2 0.898 0.063 0.036 0.022
2 0.967 0.009 0.034 0.014
2 0.877 0.024 0.022 0.044
2 0.892 0.173 0.02 0.074
2 0.271 0.375 0.022 0.034
2 0.795 0.797 0.01 0.022
2 0.594 0.984 0.012 0.02
2 0.079 0.127 0.01 0.022
2 0.533 0.046 0.014 0.02
2 0.541 0.068 0.01 0.016
2 0.545 0.24 0.014 0.012
2 0.576 0.342 0.012 0.024
2 0.782 0.447 0.02 0.026
2 0.865 0.504 0.01 0.016
2 0.872 0.725 0.02 0.018
2 0.267 0.798 0.03 0.02
2 0.714 0.846 0.024 0.048
2 0.532 0.232 0.012 0.016
2 0.188 0.257 0.016 0.034