0 0.883 0.854 0.042 0.056
0 0.915 0.907 0.046 0.054
0 0.883 0.975 0.042 0.046
0 0.808 0.987 0.036 0.022
0 0.787 0.974 0.038 0.048
0 0.979 0.894 0.038 0.064
0 0.78 0.9 0.048 0.056
0 0.68 0.984 0.032 0.028
0 0.658 0.993 0.044 0.01
0 0.837 0.869 0.03 0.034
0 0.992 0.759 0.012 0.066
0 0.871 0.735 0.042 0.062
0 0.886 0.699 0.044 0.042
0 0.922 0.701 0.04 0.054
0 0.926 0.668 0.012 0.02
0 0.993 0.643 0.01 0.042
0 0.994 0.584 0.008 0.024
0 0.982 0.475 0.032 0.042
0 0.946 0.595 0.028 0.042
0 0.926 0.55 0.036 0.04
0 0.923 0.517 0.042 0.038
0 0.989 0.374 0.018 0.044
0 0.956 0.386 0.04 0.06
0 0.948 0.336 0.032 0.04
0 0.977 0.25 0.034 0.036
0 0.959 0.205 0.03 0.038
0 0.981 0.164 0.022 0.032
0 0.993 0.135 0.01 0.03
0 0.989 0.12 0.018 0.044
0 0.963 0.071 0.022 0.034
0 0.948 0.012 0.024 0.02
0 0.912 0.015 0.028 0.026
0 0.886 0.011 0.016 0.018
0 0.896 0.059 0.028 0.026
0 0.851 0.062 0.03 0.048
0 0.839 0.095 0.026 0.034
0 0.86 0.121 0.036 0.034
0 0.891 0.134 0.026 0.032
0 0.928 0.152 0.024 0.028
0 0.931 0.176 0.022 0.028
0 0.92 0.191 0.024 0.034
0 0.883 0.185 0.026 0.034
0 0.871 0.229 0.03 0.034
0 0.835 0.26 0.03 0.044
0 0.818 0.125 0.028 0.038
0 0.777 0.1 0.018 0.024
0 0.768 0.037 0.036 0.026
0 0.725 0.024 0.026 0.02
0 0.731 0.072 0.034 0.028
0 0.69 0.076 0.032 0.04
0 0.664 0.026 0.028 0.032
0 0.726 0.126 0.044 0.048
0 0.711 0.165 0.05 0.034
0 0.766 0.147 0.024 0.034
0 0.816 0.189 0.032 0.022
0 0.624 0.006 0.048 0.008
0 0.563 0.021 0.03 0.03
0 0.607 0.049 0.034 0.042
0 0.636 0.043 0.016 0.026
0 0.563 0.057 0.03 0.03
0 0.508 0.052 0.028 0.048
0 0.529 0.037 0.022 0.042
0 0.617 0.092 0.026 0.036
0 0.459 0.019 0.034 0.034
0 0.421 0.024 0.018 0.028
0 0.393 0.05 0.034 0.04
0 0.387 0.087 0.03 0.034
0 0.423 0.085 0.03 0.018
0 0.464 0.07 0.02 0.016
0 0.464 0.097 0.032 0.034
0 0.335 0.099 0.042 0.062
0 0.367 0.13 0.05 0.044
0 0.294 0.145 0.032 0.038
0 0.272 0.144 0.02 0.04
0 0.212 0.105 0.044 0.042
0 0.199 0.076 0.03 0.036
0 0.211 0.052 0.03 0.032
0 0.23 0.036 0.036 0.048
0 0.19 0.027 0.04 0.05
0 0.158 0.033 0.028 0.03
0 0.145 0.049 0.026 0.022
0 0.109 0.016 0.026 0.028
0 0.099 0.036 0.022 0.028
0 0.048 0.024 0.04 0.044
0 0.012 0.01 0.02 0.016
0 0.071 0.126 0.038 0.06
0 0.007 0.216 0.01 0.06
0 0.056 0.266 0.036 0.052
0 0.075 0.279 0.034 0.066
0 0.085 0.351 0.046 0.054
0 0.055 0.399 0.03 0.038
0 0.043 0.423 0.03 0.054
0 0.051 0.458 0.038 0.044
0 0.092 0.424 0.036 0.06
0 0.065 0.434 0.026 0.032
0 0.117 0.44 0.03 0.028
0 0.112 0.468 0.032 0.032
0 0.006 0.587 0.008 0.058
0 0.12 0.522 0.04 0.052
0 0.119 0.557 0.018 0.022
0 0.155 0.557 0.03 0.054
0 0.148 0.584 0.024 0.024
0 0.141 0.621 0.034 0.05
0 0.159 0.622 0.022 0.028
0 0.2 0.565 0.032 0.054
0 0.248 0.566 0.04 0.06
0 0.227 0.485 0.026 0.058
0 0.038 0.696 0.036 0.052
0 0.032 0.663 0.024 0.038
0 0.089 0.686 0.038 0.052
0 0.011 0.793 0.018 0.062
0 0.034 0.849 0.04 0.05
0 0.041 0.8 0.038 0.032
0 0.049 0.768 0.038 0.044
0 0.127 0.785 0.034 0.058
0 0.139 0.847 0.038 0.05
0 0.02 0.951 0.036 0.054
0 0.067 0.972 0.022 0.032
0 0.085 0.94 0.058 0.036
0 0.106 0.969 0.024 0.018
0 0.108 0.984 0.036 0.028
0 0.158 0.992 0.052 0.012
0 0.18 0.978 0.024 0.02
0 0.224 0.964 0.036 0.052
0 0.243 0.978 0.038 0.04
0 0.301 0.958 0.038 0.06
0 0.334 0.993 0.032 0.01
0 0.442 0.965 0.036 0.058
0 0.596 0.98 0.04 0.036
0 0.569 0.942 0.042 0.044
0 0.656 0.861 0.048 0.078
0 0.514 0.888 0.052 0.06
0 0.428 0.884 0.028 0.04
0 0.404 0.88 0.024 0.02
0 0.385 0.911 0.054 0.074
0 0.217 0.837 0.038 0.05
0 0.225 0.798 0.034 0.032
0 0.21 0.888 0.04 0.052
0 0.266 0.83 0.028 0.04
0 0.304 0.864 0.04 0.048
0 0.317 0.842 0.038 0.044
0 0.214 0.181 0.036 0.034
0 0.18 0.249 0.036 0.026
0 0.18 0.221 0.04 0.03
0 0.191 0.266 0.042 0.052
0 0.219 0.277 0.026 0.05
0 0.257 0.28 0.042 0.068
0 0.163 0.328 0.034 0.044
0 0.295 0.332 0.038 0.056
0 0.339 0.228 0.03 0.032
0 0.336 0.259 0.02 0.03
0 0.374 0.22 0.032 0.032
0 0.361 0.297 0.042 0.05
0 0.365 0.355 0.03 0.054
0 0.412 0.239 0.04 0.046
0 0.434 0.264 0.044 0.052
0 0.445 0.173 0.034 0.042
0 0.502 0.15 0.028 0.036
0 0.512 0.122 0.02 0.024
0 0.526 0.235 0.04 0.05
0 0.83 0.694 0.04 0.044
0 0.815 0.642 0.038 0.036
0 0.873 0.607 0.022 0.026
0 0.754 0.739 0.036 0.054
0 0.672 0.745 0.048 0.054
0 0.643 0.708 0.038 0.04
0 0.716 0.701 0.028 0.026
0 0.719 0.679 0.03 0.022
0 0.885 0.287 0.018 0.022
0 0.883 0.313 0.038 0.034
0 0.856 0.357 0.04 0.038
0 0.888 0.399 0.036 0.046
0 0.86 0.416 0.024 0.024
0 0.798 0.259 0.036 0.034
0 0.755 0.272 0.034 0.02
0 0.748 0.258 0.032 0.032
0 0.727 0.227 0.022 0.03
0 0.69 0.241 0.032 0.042
0 0.684 0.28 0.032 0.044
0 0.719 0.275 0.018 0.026
0 0.716 0.296 0.024 0.024
0 0.721 0.325 0.034 0.034
0 0.639 0.261 0.026 0.042
0 0.604 0.275 0.028 0.018
0 0.597 0.318 0.034 0.028
0 0.582 0.329 0.016 0.014
0 0.536 0.341 0.028 0.042
0 0.469 0.264 0.022 0.036
0 0.484 0.278 0.04 0.044
0 0.471 0.35 0.03 0.036
0 0.465 0.328 0.034 0.028
0 0.422 0.377 0.036 0.054
0 0.349 0.46 0.038 0.056
0 0.355 0.518 0.034 0.052
0 0.346 0.572 0.032 0.056
0 0.399 0.531 0.034 0.05
0 0.459 0.522 0.03 0.032
0 0.451 0.559 0.03 0.026
0 0.487 0.591 0.03 0.058
0 0.514 0.41 0.036 0.048
0 0.477 0.451 0.03 0.058
0 0.407 0.46 0.038 0.032
0 0.594 0.416 0.032 0.056
0 0.63 0.421 0.032 0.054
0 0.578 0.474 0.048 0.056
0 0.548 0.482 0.04 0.056
0 0.689 0.377 0.03 0.046
0 0.778 0.341 0.024 0.038
0 0.823 0.339 0.03 0.042
0 0.761 0.4 0.03 0.052
0 0.732 0.418 0.04 0.052
0 0.699 0.428 0.034 0.052
0 0.79 0.44 0.024 0.044
0 0.818 0.462 0.036 0.052
0 0.761 0.5 0.042 0.052
0 0.879 0.477 0.046 0.046
0 0.884 0.497 0.016 0.038
0 0.905 0.497 0.034 0.03
0 0.751 0.578 0.038 0.048
0 0.704 0.613 0.036 0.058
0 0.63 0.656 0.036 0.048
0 0.632 0.613 0.036 0.03
0 0.638 0.586 0.04 0.036
0 0.589 0.595 0.038 0.066
0 0.549 0.79 0.042 0.044
0 0.463 0.83 0.038 0.032
0 0.472 0.812 0.016 0.016
0 0.415 0.798 0.022 0.02
0 0.423 0.754 0.03 0.02
0 0.419 0.773 0.03 0.03
0 0.285 0.742 0.022 0.032
0 0.292 0.72 0.032 0.02
0 0.351 0.722 0.046 0.068
0 0.171 0.704 0.03 0.02
0 0.412 0.636 0.032 0.048
0 0.425 0.671 0.03 0.05
0 0.513 0.669 0.042 0.054
0 0.544 0.715 0.02 0.022
0 0.556 0.726 0.044 0.044
0 0.532 0.754 0.024 0.036
0 0.495 0.794 0.026 0.024
0 0.226 0.42 0.036 0.04
0 0.013 0.179 0.022 0.042
0 0.638 0.158 0.028 0.02
0 0.542 0.149 0.02 0.022
0 0.532 0.194 0.028 0.036
1 0.881 0.919 0.014 0.026
1 0.709 0.911 0.018 0.022
1 0.686 0.923 0.02 0.018
1 0.709 0.993 0.026 0.01
1 0.976 0.771 0.016 0.014
1 0.945 0.726 0.022 0.024
1 0.989 0.08 0.018 0.02
1 0.99 0.053 0.016 0.018
1 0.983 0.06 0.01 0.012
1 0.895 0.022 0.01 0.02
1 0.916 0.224 0.024 0.024
1 0.916 0.249 0.032 0.014
1 0.772 0.113 0.024 0.018
1 0.491 0.08 0.022 0.02
1 0.641 0.089 0.018 0.018
1 0.645 0.101 0.01 0.01
1 0.398 0.012 0.036 0.02
1 0.206 0.132 0.016 0.016
1 0.135 0.116 0.018 0.024
1 0.07 0.221 0.032 0.014
1 0.02 0.509 0.016 0.026
1 0.005 0.696 0.006 0.044
1 0.112 0.728 0.024 0.02
1 0.066 0.885 0.016 0.018
1 0.091 0.924 0.018 0.012
1 0.452 0.988 0.032 0.02
1 0.42 0.996 0.028 0.004
1 0.525 0.995 0.034 0.006
1 0.539 0.952 0.018 0.032
1 0.631 0.829 0.018 0.026
1 0.708 0.805 0.024 0.026
1 0.751 0.807 0.018 0.022
1 0.507 0.851 0.022 0.014
1 0.199 0.825 0.014 0.034
1 0.172 0.199 0.016 0.014
1 0.155 0.347 0.026 0.026
1 0.132 0.268 0.016 0.016
1 0.272 0.343 0.016 0.018
1 0.438 0.155 0.016 0.014
1 0.586 0.197 0.02 0.022
1 0.56 0.213 0.032 0.022
1 0.781 0.702 0.01 0.02
1 0.848 0.671 0.024 0.034
1 0.896 0.631 0.024 0.022
1 0.859 0.587 0.03 0.034
1 0.794 0.543 0.036 0.026
1 0.669 0.687 0.018 0.022
1 0.636 0.293 0.012 0.026
1 0.62 0.295 0.02 0.018
1 0.566 0.305 0.016 0.026
1 0.567 0.281 0.01 0.022
1 0.58 0.349 0.008 0.026
1 0.462 0.3 0.02 0.02
1 0.499 0.292 0.018 0.012
1 0.508 0.302 0.016 0.012
1 0.542 0.398 0.016 0.032
1 0.581 0.413 0.018 0.038
1 0.783 0.408 0.022 0.016
1 0.81 0.393 0.032 0.014
1 0.912 0.474 0.016 0.016
1 0.768 0.611 0.02 0.054
1 0.658 0.555 0.028 0.038
1 0.37 0.783 0.016 0.034
1 0.32 0.698 0.02 0.024
1 0.276 0.615 0.012 0.018
1 0.263 0.633 0.014 0.022
1 0.374 0.639 0.02 0.022
1 0.406 0.704 0.02 0.016
1 0.486 0.714 0.02 0.024
1 0.56 0.687 0.012 0.022
1 0.554 0.693 0.012 0.018
1 0.517 0.72 0.014 0.012
1 0.317 0.003 0.018 0.002
1 0.248 0.145 0.012 0.018
1 0.582 0.556 0.02 0.02
1 0.727 0.54 0.014 0.012
1 0.783 0.627 0.018 0.03
1 0.82 0.613 0.024 0.014
1 0.798 0.607 0.02 0.014
1 0.12 0.923 0.012 0.018
1 0.1 0.377 0.02 0.022
2 0.844 0.846 0.056 0.048
2 0.967 0.785 0.03 0.018
2 0.921 0.656 0.018 0.02
2 0.93 0.421 0.04 0.042
2 0.267 0.111 0.022 0.022
2 0.011 0.295 0.018 0.05
2 0.525 0.913 0.03 0.042
2 0.837 0.652 0.046 0.016
2 0.907 0.346 0.034 0.052
2 0.777 0.236 0.018 0.02
2 0.146 0.162 0.02 0.028
2 0.108 0.18 0.016 0.016
2 0.307 0.015 0.022 0.018
2 0.82 0.297 0.024 0.03