0 0.657 0.266 0.046 0.076
0 0.643 0.386 0.05 0.064
0 0.608 0.356 0.04 0.048
0 0.513 0.383 0.046 0.062
0 0.848 0.608 0.056 0.064
0 0.775 0.637 0.038 0.046
0 0.598 0.209 0.044 0.054
0 0.902 0.23 0.052 0.068
0 0.847 0.225 0.062 0.058
0 0.837 0.126 0.054 0.06
0 0.785 0.117 0.05 0.042
0 0.73 0.101 0.048 0.046
0 0.81 0.497 0.044 0.046
0 0.774 0.468 0.052 0.032
0 0.748 0.403 0.048 0.058
0 0.707 0.406 0.046 0.06
0 0.931 0.091 0.046 0.046
0 0.729 0.044 0.066 0.068
0 0.637 0.102 0.046 0.076
0 0.538 0.061 0.048 0.046
0 0.454 0.045 0.056 0.062
0 0.462 0.064 0.044 0.056
0 0.644 0.153 0.036 0.03
0 0.787 0.185 0.042 0.05
0 0.835 0.169 0.034 0.034
0 0.884 0.104 0.036 0.028
0 0.799 0.068 0.034 0.024
0 0.574 0.14 0.048 0.06
0 0.552 0.248 0.028 0.06
0 0.471 0.248 0.046 0.068
0 0.392 0.154 0.06 0.04
0 0.369 0.107 0.022 0.042
0 0.322 0.105 0.044 0.074
0 0.747 0.193 0.062 0.078
0 0.836 0.31 0.052 0.048
0 0.955 0.495 0.038 0.042
0 0.91 0.479 0.044 0.054
0 0.834 0.53 0.064 0.084
0 0.748 0.522 0.06 0.072
0 0.746 0.598 0.064 0.072
0 0.656 0.492 0.048 0.056
0 0.192 0.179 0.044 0.042
0 0.14 0.167 0.036 0.042
0 0.134 0.203 0.044 0.046
0 0.12 0.248 0.032 0.04
0 0.065 0.186 0.042 0.068
0 0.046 0.172 0.044 0.064
0 0.021 0.134 0.038 0.06
0 0.17 0.302 0.048 0.076
0 0.298 0.194 0.048 0.064
0 0.4 0.03 0.036 0.052
0 0.327 0.034 0.038 0.064
0 0.287 0.043 0.054 0.062
0 0.138 0.291 0.028 0.054
0 0.107 0.298 0.034 0.052
0 0.284 0.522 0.048 0.072
0 0.247 0.548 0.05 0.092
0 0.215 0.547 0.03 0.05
0 0.357 0.291 0.058 0.074
0 0.394 0.246 0.064 0.08
0 0.819 0.082 0.03 0.028
0 0.782 0.081 0.04 0.03
0 0.921 0.196 0.038 0.024
0 0.578 0.443 0.052 0.07
0 0.603 0.462 0.066 0.064
0 0.411 0.355 0.054 0.078
0 0.336 0.405 0.052 0.078
0 0.33 0.35 0.028 0.044
0 0.376 0.482 0.04 0.06
0 0.236 0.461 0.056 0.078
0 0.171 0.476 0.042 0.048
0 0.169 0.425 0.034 0.046
0 0.089 0.452 0.05 0.076
0 0.148 0.374 0.048 0.06
0 0.281 0.291 0.042 0.05
0 0.252 0.304 0.028 0.048
0 0.264 0.329 0.024 0.018
0 0.024 0.477 0.044 0.086
0 0.078 0.516 0.036 0.044
0 0.634 0.63 0.056 0.06
0 0.648 0.657 0.044 0.05
0 0.966 0.569 0.06 0.062
0 0.909 0.662 0.042 0.048
0 0.889 0.659 0.042 0.046
0 0.936 0.698 0.04 0.044
0 0.857 0.722 0.062 0.06
0 0.942 0.854 0.064 0.076
0 0.887 0.854 0.026 0.036
0 0.746 0.773 0.048 0.05
0 0.781 0.692 0.034 0.048
0 0.739 0.716 0.046 0.052
0 0.718 0.673 0.032 0.034
0 0.701 0.654 0.018 0.032
0 0.28 0.493 0.024 0.022
0 0.244 0.877 0.048 0.074
0 0.18 0.886 0.04 0.052
0 0.211 0.946 0.046 0.06
0 0.15 0.934 0.024 0.036
0 0.034 0.885 0.048 0.09
0 0.11 0.839 0.028 0.062
0 0.079 0.842 0.03 0.048
0 0.068 0.816 0.024 0.04
0 0.031 0.792 0.042 0.064
0 0.038 0.751 0.032 0.026
0 0.106 0.912 0.036 0.044
0 0.095 0.941 0.026 0.03
0 0.077 0.965 0.03 0.03
0 0.374 0.913 0.044 0.058
0 0.303 0.962 0.058 0.056
0 0.244 0.985 0.044 0.026
0 0.561 0.862 0.042 0.068
0 0.503 0.868 0.042 0.08
0 0.469 0.88 0.026 0.04
0 0.46 0.926 0.032 0.032
0 0.495 0.97 0.05 0.056
0 0.437 0.979 0.042 0.038
0 0.522 0.977 0.044 0.042
0 0.793 0.836 0.074 0.088
0 0.703 0.916 0.046 0.056
0 0.723 0.947 0.042 0.062
0 0.778 0.975 0.04 0.046
0 0.66 0.846 0.06 0.072
0 0.781 0.903 0.038 0.046
0 0.661 0.726 0.046 0.06
0 0.676 0.704 0.032 0.04
0 0.544 0.78 0.044 0.048
0 0.51 0.764 0.028 0.036
0 0.473 0.741 0.038 0.078
0 0.421 0.754 0.05 0.06
0 0.463 0.665 0.042 0.042
0 0.358 0.806 0.04 0.072
0 0.304 0.779 0.044 0.066
0 0.234 0.785 0.04 0.058
0 0.317 0.617 0.026 0.034
0 0.302 0.572 0.048 0.068
0 0.296 0.659 0.048 0.046
0 0.302 0.697 0.048 0.042
0 0.277 0.715 0.042 0.034
0 0.156 0.642 0.028 0.036
0 0.156 0.728 0.036 0.032
0 0.144 0.787 0.04 0.066
0 0.458 0.634 0.036 0.032
0 0.578 0.683 0.06 0.078
0 0.578 0.635 0.032 0.038
0 0.389 0.778 0.018 0.052
1 0.815 0.594 0.03 0.028
1 0.65 0.444 0.024 0.02
1 0.877 0.088 0.022 0.02
1 0.965 0.031 0.018 0.026
1 0.696 0.025 0.02 0.014
1 0.489 0.015 0.03 0.026
1 0.699 0.15 0.018 0.02
1 0.586 0.108 0.02 0.016
1 0.6 0.111 0.008 0.014
1 0.524 0.251 0.02 0.034
1 0.447 0.182 0.018 0.016
1 0.442 0.191 0.02 0.014
1 0.821 0.34 0.034 0.024
1 0.745 0.357 0.022 0.026
1 0.918 0.518 0.02 0.032
1 0.949 0.287 0.022 0.038
1 0.922 0.338 0.024 0.024
1 0.797 0.275 0.034 0.034
1 0.866 0.447 0.036 0.03
1 0.797 0.433 0.018 0.018
1 0.699 0.268 0.018 0.02
1 0.276 0.114 0.016 0.028
1 0.249 0.096 0.018 0.024
1 0.387 0.071 0.018 0.022
1 0.161 0.565 0.034 0.026
1 0.147 0.546 0.018 0.02
1 0.138 0.535 0.028 0.026
1 0.217 0.052 0.018 0.024
1 0.12 0.086 0.016 0.024
1 0.097 0.098 0.022 0.02
1 0.091 0.075 0.014 0.018
1 0.897 0.178 0.018 0.02
1 0.572 0.501 0.024 0.03
1 0.598 0.532 0.02 0.044
1 0.591 0.56 0.01 0.02
1 0.544 0.327 0.024 0.034
1 0.56 0.348 0.024 0.02
1 0.517 0.429 0.026 0.022
1 0.461 0.427 0.022 0.026
1 0.419 0.419 0.022 0.03
1 0.065 0.372 0.018 0.024
1 0.051 0.394 0.018 0.024
1 0.188 0.229 0.024 0.034
1 0.224 0.334 0.024 0.024
1 0.228 0.305 0.02 0.022
1 0.98 0.697 0.024 0.03
1 0.968 0.662 0.012 0.016
1 0.956 0.649 0.008 0.01
1 0.947 0.657 0.01 0.01
1 0.734 0.687 0.02 0.022
1 0.272 0.945 0.024 0.026
1 0.589 0.971 0.034 0.026
1 0.659 0.974 0.014 0.04
1 0.713 0.84 0.01 0.044
1 0.787 0.934 0.03 0.02
1 0.966 0.734 0.028 0.036
1 0.95 0.73 0.02 0.028
1 0.705 0.767 0.022 0.022
1 0.608 0.732 0.016 0.024
1 0.593 0.726 0.014 0.02
1 0.618 0.778 0.036 0.024
1 0.427 0.686 0.018 0.024
1 0.398 0.718 0.028 0.04
1 0.427 0.831 0.03 0.03
1 0.415 0.804 0.022 0.024
1 0.413 0.592 0.018 0.032
1 0.395 0.603 0.018 0.038
1 0.373 0.573 0.03 0.026
1 0.258 0.698 0.016 0.016
1 0.092 0.614 0.032 0.02
1 0.057 0.677 0.022 0.03
1 0.557 0.653 0.014 0.022
1 0.604 0.646 0.024 0.024
1 0.524 0.517 0.024 0.03
1 0.857 0.902 0.026 0.024
1 0.621 0.895 0.022 0.022
1 0.181 0.196 0.018 0.016
1 0.792 0.6 0.016 0.024
1 0.797 0.63 0.01 0.024
2 0.638 0.559 0.032 0.026
2 0.184 0.688 0.02 0.016
2 0.029 0.315 0.018 0.046
2 0.296 0.822 0.032 0.028
2 0.349 0.725 0.018 0.018
2 0.414 0.104 0.028 0.024