0 0.987 0.057 0.022 0.05
0 0.95 0.03 0.048 0.056
0 0.863 0.039 0.046 0.066
0 0.795 0.075 0.038 0.042
0 0.762 0.014 0.08 0.028
0 0.723 0.036 0.066 0.032
0 0.67 0.118 0.028 0.032
0 0.69 0.099 0.056 0.066
0 0.714 0.077 0.028 0.026
0 0.595 0.025 0.046 0.05
0 0.578 0.033 0.024 0.03
0 0.575 0.074 0.046 0.052
0 0.496 0.091 0.08 0.066
0 0.624 0.11 0.036 0.052
0 0.595 0.141 0.034 0.074
0 0.551 0.155 0.046 0.038
0 0.498 0.149 0.08 0.082
0 0.364 0.031 0.044 0.058
0 0.323 0.064 0.022 0.024
0 0.278 0.043 0.04 0.042
0 0.246 0.015 0.032 0.03
0 0.217 0.014 0.022 0.028
0 0.203 0.05 0.074 0.044
0 0.173 0.012 0.022 0.024
0 0.132 0.038 0.076 0.076
0 0.105 0.004 0.026 0.008
0 0.082 0.074 0.048 0.076
0 0.011 0.048 0.018 0.028
0 0.104 0.145 0.032 0.022
0 0.087 0.209 0.042 0.066
0 0.138 0.218 0.06 0.092
0 0.178 0.27 0.028 0.028
0 0.246 0.249 0.052 0.066
0 0.289 0.242 0.038 0.044
0 0.271 0.154 0.042 0.04
0 0.343 0.11 0.026 0.036
0 0.361 0.153 0.062 0.118
0 0.363 0.261 0.062 0.058
0 0.439 0.238 0.038 0.06
0 0.499 0.211 0.074 0.07
0 0.777 0.215 0.05 0.054
0 0.835 0.172 0.118 0.188
0 0.847 0.191 0.022 0.034
0 0.928 0.135 0.076 0.078
0 0.964 0.088 0.036 0.024
0 0.996 0.205 0.004 0.026
0 0.939 0.199 0.054 0.058
0 0.928 0.235 0.024 0.018
0 0.988 0.276 0.02 0.052
0 0.947 0.29 0.054 0.072
0 0.888 0.258 0.032 0.044
0 0.858 0.283 0.04 0.074
0 0.953 0.358 0.066 0.068
0 0.885 0.359 0.022 0.03
0 0.866 0.369 0.036 0.038
0 0.819 0.328 0.026 0.052
0 0.84 0.407 0.048 0.05
0 0.616 0.368 0.08 0.1
0 0.497 0.391 0.086 0.094
0 0.459 0.439 0.05 0.05
0 0.5 0.442 0.06 0.04
0 0.472 0.493 0.044 0.062
0 0.515 0.503 0.05 0.058
0 0.46 0.535 0.032 0.03
0 0.429 0.321 0.066 0.09
0 0.376 0.338 0.04 0.056
0 0.308 0.308 0.028 0.04
0 0.313 0.353 0.046 0.062
0 0.238 0.336 0.028 0.028
0 0.209 0.408 0.046 0.064
0 0.168 0.383 0.052 0.058
0 0.135 0.366 0.034 0.056
0 0.089 0.385 0.05 0.058
0 0.041 0.385 0.03 0.038
0 0.008 0.374 0.012 0.032
0 0.058 0.418 0.024 0.028
0 0.064 0.45 0.024 0.032
0 0.043 0.497 0.034 0.062
0 0.045 0.53 0.038 0.032
0 0.055 0.611 0.066 0.058
0 0.137 0.513 0.066 0.126
0 0.102 0.494 0.052 0.068
0 0.194 0.49 0.048 0.088
0 0.248 0.505 0.048 0.078
0 0.278 0.516 0.036 0.076
0 0.236 0.547 0.028 0.022
0 0.25 0.58 0.028 0.024
0 0.306 0.529 0.064 0.102
0 0.397 0.531 0.034 0.046
0 0.227 0.616 0.026 0.048
0 0.388 0.407 0.04 0.042
0 0.982 0.508 0.032 0.088
0 0.921 0.438 0.066 0.064
0 0.884 0.457 0.048 0.042
0 0.877 0.489 0.03 0.03
0 0.943 0.535 0.066 0.082
0 0.869 0.563 0.03 0.05
0 0.898 0.566 0.032 0.06
0 0.743 0.47 0.046 0.056
0 0.674 0.48 0.048 0.088
0 0.62 0.458 0.044 0.056
0 0.542 0.541 0.032 0.078
0 0.967 0.677 0.062 0.086
0 0.896 0.7 0.044 0.084
0 0.875 0.682 0.05 0.08
0 0.808 0.639 0.068 0.102
0 0.78 0.615 0.04 0.058
0 0.694 0.613 0.056 0.05
0 0.497 0.595 0.046 0.05
0 0.037 0.709 0.038 0.05
0 0.086 0.699 0.032 0.054
0 0.135 0.653 0.042 0.074
0 0.167 0.71 0.07 0.1
0 0.121 0.827 0.038 0.042
0 0.057 0.854 0.042 0.052
0 0.074 0.836 0.036 0.04
0 0.344 0.633 0.088 0.062
0 0.411 0.688 0.058 0.06
0 0.476 0.659 0.052 0.058
0 0.563 0.653 0.034 0.062
0 0.703 0.673 0.05 0.062
0 0.672 0.666 0.06 0.056
0 0.668 0.732 0.056 0.056
0 0.972 0.821 0.052 0.094
0 0.907 0.832 0.058 0.068
0 0.912 0.881 0.028 0.03
0 0.885 0.891 0.046 0.042
0 0.829 0.91 0.066 0.108
0 0.827 0.769 0.038 0.058
0 0.801 0.803 0.038 0.058
0 0.815 0.827 0.034 0.03
0 0.809 0.855 0.038 0.034
0 0.765 0.792 0.026 0.032
0 0.742 0.796 0.028 0.032
0 0.773 0.779 0.026 0.03
0 0.735 0.838 0.046 0.044
0 0.787 0.967 0.034 0.054
0 0.761 0.954 0.03 0.068
0 0.737 0.96 0.018 0.036
0 0.639 0.82 0.046 0.04
0 0.654 0.84 0.036 0.04
0 0.683 0.941 0.05 0.074
0 0.7 0.903 0.036 0.026
0 0.543 0.769 0.062 0.062
0 0.618 0.991 0.04 0.014
0 0.604 0.961 0.052 0.062
0 0.593 0.904 0.05 0.06
0 0.581 0.951 0.05 0.054
0 0.536 0.979 0.044 0.038
0 0.501 0.983 0.05 0.03
0 0.487 0.991 0.03 0.014
0 0.53 0.815 0.036 0.038
0 0.498 0.827 0.044 0.038
0 0.445 0.762 0.054 0.076
0 0.503 0.888 0.062 0.064
0 0.461 0.888 0.046 0.056
0 0.417 0.985 0.042 0.026
0 0.404 0.867 0.04 0.046
0 0.403 0.831 0.034 0.046
0 0.363 0.742 0.05 0.08
0 0.305 0.751 0.038 0.086
0 0.329 0.798 0.03 0.048
0 0.356 0.806 0.04 0.04
0 0.305 0.987 0.026 0.022
0 0.287 0.956 0.062 0.064
0 0.232 0.988 0.04 0.02
0 0.23 0.698 0.044 0.052
0 0.218 0.766 0.048 0.088
0 0.255 0.774 0.034 0.04
0 0.279 0.82 0.046 0.052
0 0.299 0.894 0.05 0.084
0 0.238 0.85 0.036 0.064
0 0.194 0.858 0.036 0.036
0 0.164 0.988 0.032 0.02
0 0.086 0.973 0.048 0.05
0 0.046 0.975 0.036 0.046
0 0.025 0.984 0.022 0.024
0 0.192 0.935 0.044 0.05
0 0.03 0.9 0.056 0.064
1 0.448 0.029 0.028 0.038
1 0.036 0.131 0.048 0.018
1 0.138 0.085 0.036 0.022
1 0.372 0.209 0.016 0.014
1 0.693 0.236 0.034 0.032
1 0.718 0.271 0.016 0.034
1 0.732 0.281 0.024 0.022
1 0.847 0.237 0.018 0.038
1 0.869 0.153 0.022 0.03
1 0.994 0.167 0.008 0.03
1 0.761 0.369 0.022 0.022
1 0.757 0.387 0.03 0.03
1 0.648 0.361 0.024 0.022
1 0.089 0.588 0.038 0.028
1 0.261 0.635 0.03 0.022
1 0.283 0.441 0.034 0.018
1 0.385 0.439 0.038 0.014
1 0.774 0.567 0.028 0.046
1 0.612 0.512 0.028 0.052
1 0.719 0.597 0.026 0.026
1 0.604 0.592 0.028 0.044
1 0.12 0.686 0.02 0.052
1 0.939 0.795 0.026 0.022
1 0.922 0.756 0.04 0.024
1 0.907 0.906 0.03 0.016
1 0.675 0.788 0.042 0.028
1 0.526 0.724 0.024 0.056
1 0.255 0.944 0.014 0.032
1 0.24 0.939 0.02 0.034
1 0.227 0.831 0.034 0.034
2 0.844 0.093 0.036 0.03
2 0.639 0.062 0.034 0.036
2 0.442 0.056 0.02 0.02
2 0.029 0.065 0.05 0.054
2 0.103 0.114 0.054 0.036
2 0.12 0.179 0.032 0.03
2 0.19 0.129 0.036 0.046
2 0.184 0.293 0.024 0.034
2 0.31 0.216 0.028 0.02
2 0.602 0.258 0.024 0.02
2 0.884 0.33 0.024 0.028
2 0.851 0.335 0.034 0.018
2 0.778 0.317 0.032 0.038
2 0.795 0.382 0.034 0.032
2 0.803 0.416 0.03 0.024
2 0.726 0.355 0.028 0.046
2 0.682 0.328 0.04 0.028
2 0.667 0.397 0.038 0.054
2 0.159 0.363 0.018 0.014
2 0.014 0.528 0.024 0.04
2 0.105 0.45 0.034 0.02
2 0.321 0.416 0.026 0.028
2 0.323 0.445 0.018 0.026
2 0.341 0.424 0.014 0.016
2 0.353 0.472 0.022 0.036
2 0.953 0.466 0.054 0.072
2 0.872 0.449 0.028 0.022
2 0.918 0.61 0.076 0.028
2 0.016 0.777 0.024 0.026
2 0.052 0.784 0.032 0.04
2 0.083 0.76 0.034 0.032
2 0.029 0.851 0.01 0.018
2 0.422 0.615 0.028 0.026
2 0.404 0.633 0.032 0.018
2 0.602 0.656 0.036 0.044
2 0.596 0.611 0.016 0.022
2 0.949 0.815 0.026 0.026
2 0.945 0.954 0.026 0.04
2 0.872 0.838 0.024 0.028
2 0.772 0.841 0.024 0.03
2 0.766 0.904 0.016 0.02
2 0.774 0.892 0.016 0.016
2 0.662 0.76 0.012 0.02
2 0.699 0.76 0.022 0.024
2 0.685 0.983 0.038 0.03
2 0.721 0.935 0.03 0.03
2 0.506 0.942 0.06 0.056
2 0.538 0.895 0.024 0.034
2 0.462 0.852 0.028 0.032
2 0.375 0.993 0.03 0.01
2 0.372 0.688 0.016 0.02
2 0.276 0.861 0.032 0.034
2 0.196 0.992 0.016 0.012
2 0.123 0.984 0.03 0.028
2 0.15 0.921 0.024 0.034
2 0.195 0.897 0.038 0.034
2 0.05 0.929 0.044 0.022
2 0.696 0.179 0.024 0.05
2 0.491 0.02 0.022 0.024