0 0.811 0.069 0.046 0.046
0 0.944 0.021 0.06 0.042
0 0.924 0.099 0.044 0.05
0 0.84 0.123 0.044 0.058
0 0.905 0.219 0.054 0.046
0 0.834 0.166 0.048 0.036
0 0.778 0.156 0.048 0.056
0 0.879 0.104 0.034 0.028
0 0.866 0.013 0.036 0.026
0 0.806 0.013 0.04 0.026
0 0.716 0.034 0.044 0.036
0 0.672 0.038 0.048 0.056
0 0.591 0.099 0.054 0.054
0 0.564 0.196 0.052 0.044
0 0.416 0.062 0.052 0.044
0 0.388 0.149 0.052 0.042
0 0.328 0.166 0.044 0.04
0 0.389 0.302 0.05 0.044
0 0.453 0.362 0.046 0.032
0 0.456 0.412 0.04 0.036
0 0.489 0.42 0.05 0.04
0 0.4 0.445 0.04 0.03
0 0.425 0.569 0.054 0.05
0 0.329 0.541 0.05 0.05
0 0.281 0.59 0.042 0.048
0 0.272 0.665 0.064 0.054
0 0.324 0.641 0.092 0.046
0 0.596 0.664 0.056 0.04
0 0.692 0.645 0.056 0.046
0 0.757 0.643 0.038 0.034
0 0.868 0.6 0.048 0.04
0 0.944 0.575 0.048 0.05
0 0.969 0.643 0.058 0.05
0 0.962 0.691 0.048 0.038
0 0.934 0.726 0.04 0.04
0 0.929 0.789 0.042 0.038
0 0.929 0.865 0.038 0.03
0 0.937 0.904 0.038 0.036
0 0.873 0.889 0.05 0.05
0 0.897 0.978 0.05 0.04
0 0.825 0.963 0.046 0.058
0 0.777 0.944 0.046 0.048
0 0.679 0.815 0.038 0.042
0 0.617 0.8 0.05 0.044
0 0.66 0.864 0.048 0.028
0 0.615 0.904 0.05 0.064
0 0.48 0.932 0.064 0.064
0 0.391 0.906 0.03 0.032
0 0.428 0.967 0.052 0.058
0 0.295 0.99 0.054 0.016
0 0.255 0.99 0.042 0.016
0 0.305 0.872 0.062 0.048
0 0.271 0.907 0.05 0.05
0 0.241 0.935 0.054 0.05
0 0.23 0.899 0.028 0.018
0 0.143 0.879 0.07 0.046
0 0.092 0.917 0.06 0.058
0 0.013 0.928 0.022 0.06
0 0.231 0.751 0.042 0.05
0 0.405 0.774 0.054 0.036
0 0.492 0.67 0.06 0.06
0 0.652 0.599 0.072 0.042
0 0.635 0.554 0.07 0.048
0 0.694 0.504 0.056 0.052
0 0.775 0.506 0.046 0.044
0 0.831 0.445 0.05 0.05
0 0.681 0.435 0.058 0.05
0 0.612 0.472 0.056 0.044
0 0.454 0.464 0.056 0.044
0 0.573 0.713 0.062 0.042
0 0.658 0.71 0.056 0.052
0 0.635 0.758 0.046 0.036
0 0.598 0.847 0.044 0.03
0 0.484 0.885 0.048 0.038
0 0.353 0.797 0.058 0.038
0 0.177 0.793 0.046 0.042
0 0.078 0.839 0.048 0.034
0 0.023 0.784 0.042 0.036
0 0.09 0.799 0.056 0.042
0 0.165 0.685 0.062 0.046
0 0.062 0.698 0.04 0.044
0 0.07 0.645 0.048 0.03
0 0.157 0.55 0.05 0.044
0 0.085 0.494 0.05 0.044
0 0.099 0.416 0.042 0.044
0 0.137 0.454 0.046 0.04
0 0.032 0.47 0.048 0.064
0 0.025 0.534 0.038 0.036
0 0.097 0.588 0.042 0.036
0 0.197 0.727 0.03 0.026
0 0.081 0.99 0.038 0.016
0 0.103 0.986 0.038 0.024
0 0.366 0.717 0.06 0.038
0 0.409 0.728 0.042 0.044
0 0.399 0.698 0.066 0.044
0 0.459 0.601 0.05 0.034
0 0.526 0.512 0.052 0.044
0 0.573 0.505 0.054 0.058
0 0.815 0.549 0.046 0.034
0 0.777 0.45 0.062 0.044
0 0.871 0.53 0.046 0.032
0 0.994 0.511 0.008 0.03
0 0.956 0.483 0.044 0.038
0 0.912 0.518 0.06 0.048
0 0.697 0.377 0.058 0.042
0 0.585 0.358 0.054 0.06
0 0.315 0.396 0.058 0.04
0 0.267 0.462 0.046 0.052
0 0.217 0.335 0.054 0.042
0 0.111 0.36 0.05 0.04
0 0.197 0.392 0.034 0.032
0 0.131 0.385 0.014 0.022
0 0.172 0.242 0.048 0.092
0 0.343 0.233 0.05 0.05
0 0.327 0.326 0.026 0.028
0 0.725 0.257 0.042 0.062
0 0.785 0.22 0.046 0.048
0 0.945 0.273 0.042 0.066
0 0.267 0.208 0.042 0.044
0 0.254 0.12 0.052 0.032
0 0.34 0.103 0.044 0.07
0 0.474 0.069 0.048 0.05
0 0.241 0.223 0.042 0.042
0 0.525 0.158 0.034 0.044
0 0.535 0.253 0.034 0.046
0 0.637 0.318 0.046 0.044
0 0.667 0.339 0.042 0.042
0 0.873 0.557 0.038 0.03
0 0.896 0.667 0.04 0.042
0 0.838 0.744 0.044 0.036
0 0.794 0.738 0.044 0.04
0 0.825 0.827 0.042 0.042
0 0.847 0.783 0.058 0.046
0 0.784 0.808 0.052 0.032
0 0.677 0.899 0.066 0.05
0 0.617 0.987 0.058 0.022
0 0.548 0.825 0.032 0.038
0 0.521 0.824 0.026 0.032
0 0.162 0.984 0.044 0.028
0 0.177 0.975 0.046 0.046
0 0.205 0.822 0.046 0.036
0 0.02 0.599 0.036 0.034
0 0.046 0.585 0.028 0.034
0 0.074 0.571 0.02 0.03
0 0.117 0.566 0.026 0.028
0 0.124 0.626 0.06 0.028
0 0.012 0.696 0.02 0.02
0 0.884 0.427 0.044 0.038
0 0.91 0.448 0.036 0.028
0 0.743 0.322 0.058 0.044
0 0.685 0.355 0.022 0.022
0 0.815 0.266 0.054 0.056
0 0.686 0.173 0.048 0.038
0 0.641 0.176 0.062 0.048
0 0.443 0.019 0.058 0.038
0 0.324 0.051 0.052 0.046
0 0.113 0.311 0.038 0.046
0 0.203 0.305 0.07 0.046
0 0.178 0.414 0.044 0.048
0 0.477 0.321 0.03 0.038
0 0.276 0.377 0.044 0.046
0 0.547 0.455 0.022 0.026
0 0.531 0.379 0.022 0.022
0 0.804 0.403 0.028 0.026
0 0.787 0.388 0.038 0.044
0 0.09 0.71 0.02 0.024
0 0.086 0.746 0.02 0.02
0 0.081 0.782 0.03 0.024
0 0.005 0.748 0.006 0.028
0 0.239 0.878 0.026 0.016
0 0.223 0.881 0.018 0.014
0 0.798 0.849 0.024 0.034
0 0.959 0.842 0.046 0.04
0 0.966 0.866 0.032 0.02
0 0.991 0.708 0.014 0.036
0 0.993 0.739 0.01 0.022
0 0.975 0.803 0.026 0.022
0 0.961 0.059 0.026 0.03
0 0.992 0.099 0.012 0.026
0 0.989 0.123 0.018 0.026
0 0.375 0.225 0.03 0.034
0 0.004 0.553 0.004 0.022
0 0.008 0.575 0.012 0.026
0 0.074 0.474 0.036 0.024
0 0.329 0.455 0.034 0.034
0 0.34 0.502 0.036 0.024
0 0.909 0.627 0.03 0.03
0 0.941 0.62 0.042 0.024
0 0.954 0.514 0.024 0.036
0 0.882 0.484 0.02 0.028
0 0.341 0.005 0.03 0.01
0 0.406 0.017 0.016 0.01
0 0.397 0.026 0.018 0.012
0 0.139 0.003 0.018 0.006
0 0.175 0.085 0.022 0.03
0 0.576 0.425 0.02 0.022
0 0.56 0.442 0.02 0.016
0 0.771 0.85 0.026 0.02
0 0.538 0.856 0.028 0.024
0 0.238 0.824 0.02 0.02
0 0.226 0.488 0.024 0.024
0 0.203 0.491 0.026 0.03
0 0.991 0.169 0.014 0.038
0 0.98 0.223 0.036 0.078
0 0.988 0.784 0.02 0.048
0 0.847 0.912 0.03 0.028
0 0.826 0.925 0.048 0.03
0 0.444 0.808 0.028 0.032
0 0.339 0.574 0.054 0.04
0 0.182 0.172 0.06 0.036
0 0.256 0.18 0.02 0.012
0 0.242 0.397 0.028 0.026
0 0.122 0.262 0.02 0.016
0 0.51 0.134 0.024 0.036
0 0.439 0.078 0.014 0.024
0 0.372 0.08 0.032 0.028
0 0.878 0.019 0.028 0.038
0 0.877 0.127 0.034 0.026
0 0.929 0.143 0.034 0.018
0 0.709 0.169 0.026 0.03
0 0.021 0.983 0.014 0.018
0 0.008 0.989 0.012 0.018
0 0.929 0.245 0.03 0.026
0 0.901 0.243 0.026 0.018
0 0.514 0.807 0.032 0.026
0 0.687 0.85 0.038 0.024
0 0.713 0.855 0.022 0.018
0 0.472 0.996 0.028 0.004
0 0.587 0.927 0.018 0.018
0 0.575 0.915 0.006 0.01
0 0.253 0.859 0.026 0.026
0 0.9 0.743 0.028 0.022
0 0.913 0.726 0.014 0.032
0 0.992 0.908 0.012 0.028
0 0.693 0.78 0.018 0.028
0 0.551 0.424 0.026 0.024
0 0.984 0.389 0.028 0.054
1 0.161 0.013 0.014 0.022
1 0.811 0.379 0.022 0.018
1 0.634 0.348 0.024 0.024
1 0.488 0.523 0.012 0.018
1 0.49 0.546 0.016 0.028
1 0.597 0.628 0.038 0.02
1 0.431 0.67 0.018 0.04
1 0.271 0.747 0.014 0.026
1 0.398 0.966 0.016 0.028
1 0.652 0.942 0.02 0.024
1 0.83 0.715 0.028 0.018
1 0.971 0.779 0.022 0.01
1 0.967 0.087 0.034 0.026
1 0.923 0.168 0.034 0.012
1 0.81 0.241 0.02 0.014
1 0.638 0.222 0.028 0.02
1 0.475 0.225 0.026 0.022
1 0.459 0.153 0.018 0.022
1 0.454 0.175 0.04 0.022
1 0.49 0.194 0.028 0.024
1 0.137 0.136 0.022 0.02
1 0.063 0.13 0.034 0.024
1 0.421 0.4 0.03 0.036
1 0.373 0.528 0.022 0.028
1 0.215 0.421 0.03 0.018
1 0.23 0.409 0.036 0.022
1 0.198 0.559 0.024 0.022
1 0.826 0.579 0.02 0.014
1 0.795 0.597 0.026 0.018
1 0.965 0.441 0.034 0.022
1 0.969 0.349 0.022 0.034
1 0.903 0.483 0.014 0.014
1 0.532 0.46 0.02 0.016
1 0.363 0.024 0.018 0.012
1 0.412 0.011 0.012 0.006
1 0.03 0.201 0.02 0.022
1 0.062 0.324 0.02 0.02
1 0.028 0.431 0.004 0.01
1 0.018 0.42 0.012 0.008
1 0.754 0.745 0.032 0.026
1 0.788 0.767 0.008 0.01
1 0.708 0.788 0.016 0.04
1 0.072 0.925 0.02 0.026
1 0.042 0.962 0.02 0.032
1 0.176 0.487 0.02 0.022
1 0.618 0.228 0.02 0.016
1 0.739 0.194 0.022 0.02
1 0.767 0.244 0.03 0.032
1 0.936 0.3 0.032 0.04
1 0.892 0.726 0.032 0.024
1 0.397 0.821 0.026 0.022
1 0.228 0.587 0.028 0.03
1 0.258 0.399 0.016 0.01
1 0.236 0.179 0.016 0.01
1 0.238 0.189 0.012 0.01
1 0.226 0.19 0.012 0.008
1 0.015 0.385 0.026 0.014
1 0.609 0.161 0.014 0.014
1 0.776 0.04 0.008 0.012
1 0.947 0.399 0.034 0.038
1 0.138 0.721 0.008 0.018
1 0.047 0.766 0.014 0.02
1 0.299 0.521 0.014 0.006
1 0.281 0.535 0.006 0.01
1 0.252 0.542 0.008 0.012
1 0.753 0.835 0.018 0.018
1 0.664 0.781 0.024 0.014
2 0.382 0.976 0.02 0.016
2 0.488 0.289 0.02 0.07
2 0.216 0.256 0.016 0.052
2 0.135 0.211 0.01 0.014
2 0.004 0.518 0.004 0.016
2 0.387 0.002 0.022 0.004
2 0.948 0.975 0.016 0.026
2 0.518 0.002 0.02 0.004
2 0.919 0.346 0.014 0.016
2 0.878 0.381 0.02 0.014
2 0.33 0.368 0.016 0.012
2 0.996 0.294 0.004 0.052
2 0.99 0.344 0.016 0.032
2 0.552 0.288 0.016 0.036
2 0.577 0.957 0.014 0.022
2 0.568 0.946 0.012 0.02
2 0.499 0.853 0.01 0.01
2 0.483 0.846 0.006 0.008
2 0.7 0.558 0.028 0.016
2 0.574 0.296 0.02 0.016
2 0.994 0.881 0.008 0.014
2 0.84 0.995 0.028 0.006
2 0.377 0.947 0.014 0.01
2 0.762 0.371 0.004 0.03
2 0.747 0.459 0.038 0.042