0 0.074 0.915 0.04 0.046
0 0.029 0.93 0.058 0.044
0 0.029 0.964 0.058 0.056
0 0.109 0.833 0.046 0.066
0 0.022 0.83 0.044 0.08
0 0.023 0.801 0.046 0.062
0 0.15 0.801 0.048 0.066
0 0.074 0.73 0.052 0.064
0 0.173 0.748 0.054 0.056
0 0.211 0.752 0.034 0.048
0 0.022 0.619 0.044 0.054
0 0.056 0.601 0.028 0.026
0 0.025 0.586 0.042 0.036
0 0.106 0.603 0.032 0.058
0 0.016 0.542 0.032 0.056
0 0.042 0.527 0.04 0.038
0 0.017 0.484 0.034 0.064
0 0.013 0.425 0.026 0.062
0 0.045 0.331 0.058 0.05
0 0.03 0.28 0.048 0.052
0 0.02 0.017 0.04 0.03
0 0.108 0.099 0.04 0.042
0 0.181 0.207 0.046 0.05
0 0.191 0.253 0.05 0.046
0 0.216 0.312 0.04 0.048
0 0.112 0.421 0.04 0.026
0 0.128 0.438 0.036 0.044
0 0.114 0.471 0.044 0.046
0 0.195 0.539 0.038 0.038
0 0.169 0.537 0.034 0.038
0 0.15 0.611 0.052 0.074
0 0.269 0.6 0.062 0.084
0 0.309 0.605 0.03 0.054
0 0.253 0.681 0.034 0.026
0 0.294 0.813 0.048 0.074
0 0.238 0.934 0.028 0.028
0 0.189 0.968 0.026 0.04
0 0.205 0.973 0.038 0.034
0 0.23 0.995 0.02 0.006
0 0.312 0.96 0.044 0.044
0 0.339 0.981 0.05 0.034
0 0.363 0.876 0.046 0.044
0 0.393 0.976 0.046 0.044
0 0.377 0.958 0.034 0.036
0 0.244 0.485 0.052 0.054
0 0.291 0.481 0.042 0.046
0 0.32 0.482 0.06 0.088
0 0.363 0.515 0.038 0.058
0 0.344 0.446 0.036 0.024
0 0.27 0.381 0.04 0.034
0 0.353 0.376 0.05 0.044
0 0.363 0.332 0.054 0.052
0 0.397 0.351 0.034 0.058
0 0.265 0.154 0.074 0.096
0 0.315 0.16 0.026 0.048
0 0.224 0.103 0.072 0.058
0 0.319 0.236 0.058 0.056
0 0.282 0.246 0.044 0.044
0 0.207 0.014 0.062 0.024
0 0.341 0.107 0.054 0.046
0 0.321 0.017 0.05 0.03
0 0.36 0.054 0.068 0.048
0 0.354 0.138 0.028 0.036
0 0.365 0.243 0.042 0.05
0 0.436 0.028 0.076 0.052
0 0.453 0.073 0.05 0.038
0 0.476 0.142 0.044 0.02
0 0.45 0.226 0.052 0.096
0 0.529 0.266 0.054 0.044
0 0.524 0.119 0.056 0.022
0 0.495 0.01 0.034 0.016
0 0.565 0.016 0.034 0.028
0 0.621 0.032 0.03 0.032
0 0.639 0.012 0.038 0.02
0 0.713 0.053 0.034 0.03
0 0.721 0.087 0.03 0.038
0 0.688 0.103 0.048 0.042
0 0.627 0.134 0.05 0.06
0 0.692 0.137 0.032 0.034
0 0.569 0.154 0.062 0.052
0 0.542 0.175 0.032 0.022
0 0.787 0.052 0.038 0.048
0 0.855 0.066 0.042 0.024
0 0.811 0.118 0.066 0.056
0 0.79 0.144 0.06 0.04
0 0.981 0.059 0.034 0.07
0 0.96 0.078 0.076 0.08
0 0.888 0.147 0.024 0.038
0 0.973 0.153 0.05 0.058
0 0.969 0.191 0.05 0.046
0 0.82 0.209 0.036 0.038
0 0.784 0.198 0.044 0.036
0 0.77 0.253 0.052 0.07
0 0.775 0.286 0.07 0.044
0 0.727 0.255 0.034 0.042
0 0.801 0.237 0.022 0.03
0 0.626 0.298 0.084 0.084
0 0.629 0.253 0.07 0.046
0 0.841 0.32 0.062 0.076
0 0.942 0.297 0.04 0.042
0 0.692 0.306 0.04 0.048
0 0.487 0.322 0.034 0.028
0 0.462 0.327 0.036 0.026
0 0.591 0.326 0.042 0.02
0 0.566 0.369 0.056 0.054
0 0.581 0.35 0.042 0.056
0 0.605 0.364 0.026 0.036
0 0.496 0.369 0.028 0.026
0 0.506 0.42 0.048 0.048
0 0.609 0.415 0.022 0.054
0 0.461 0.409 0.042 0.062
0 0.462 0.488 0.044 0.06
0 0.573 0.479 0.062 0.066
0 0.618 0.489 0.04 0.058
0 0.365 0.584 0.03 0.048
0 0.509 0.615 0.046 0.074
0 0.492 0.691 0.056 0.066
0 0.457 0.64 0.046 0.052
0 0.438 0.696 0.048 0.064
0 0.371 0.712 0.058 0.06
0 0.347 0.73 0.03 0.032
0 0.399 0.754 0.026 0.032
0 0.429 0.764 0.038 0.084
0 0.406 0.837 0.04 0.058
0 0.539 0.75 0.034 0.028
0 0.577 0.784 0.03 0.048
0 0.486 0.824 0.032 0.044
0 0.428 0.901 0.028 0.034
0 0.467 0.982 0.058 0.032
0 0.539 0.98 0.05 0.036
0 0.546 0.931 0.056 0.042
0 0.56 0.891 0.04 0.038
0 0.588 0.879 0.04 0.03
0 0.61 0.983 0.036 0.026
0 0.63 0.923 0.048 0.054
0 0.673 0.972 0.054 0.052
0 0.695 0.934 0.038 0.048
0 0.732 0.968 0.036 0.056
0 0.752 0.995 0.032 0.006
0 0.718 0.811 0.032 0.038
0 0.653 0.71 0.054 0.052
0 0.675 0.69 0.042 0.048
0 0.558 0.602 0.024 0.044
0 0.584 0.608 0.016 0.044
0 0.585 0.557 0.062 0.054
0 0.619 0.583 0.054 0.058
0 0.579 0.239 0.034 0.034
0 0.787 0.372 0.054 0.044
0 0.794 0.436 0.044 0.052
0 0.832 0.446 0.024 0.032
0 0.857 0.451 0.026 0.038
0 0.684 0.447 0.044 0.058
0 0.713 0.519 0.05 0.038
0 0.743 0.542 0.03 0.028
0 0.693 0.578 0.054 0.072
0 0.837 0.527 0.026 0.034
0 0.831 0.622 0.05 0.072
0 0.803 0.585 0.034 0.042
0 0.837 0.581 0.042 0.046
0 0.784 0.632 0.064 0.076
0 0.747 0.604 0.03 0.068
0 0.923 0.577 0.046 0.062
0 0.957 0.545 0.046 0.05
0 0.995 0.566 0.006 0.024
0 0.748 0.746 0.056 0.048
0 0.811 0.695 0.038 0.046
0 0.846 0.701 0.032 0.03
0 0.957 0.709 0.062 0.062
0 0.852 0.784 0.028 0.036
0 0.891 0.823 0.054 0.038
0 0.984 0.848 0.028 0.064
0 0.996 0.817 0.004 0.03
0 0.806 0.917 0.04 0.046
0 0.822 0.879 0.052 0.03
0 0.933 0.813 0.038 0.058
0 0.945 0.848 0.042 0.04
0 0.778 0.9 0.028 0.052
0 0.885 0.897 0.042 0.038
0 0.944 0.977 0.032 0.042
0 0.852 0.976 0.048 0.044
0 0.834 0.945 0.04 0.042
0 0.887 0.961 0.042 0.05
0 0.828 0.997 0.028 0.002
0 0.165 0.468 0.042 0.04
0 0.207 0.668 0.054 0.072
0 0.201 0.59 0.042 0.056
0 0.224 0.911 0.06 0.054
0 0.136 0.94 0.04 0.044
0 0.112 0.937 0.032 0.038
0 0.692 0.88 0.056 0.048
0 0.755 0.403 0.07 0.066
1 0.29 0.452 0.032 0.024
1 0.707 0.908 0.038 0.024
1 0.658 0.537 0.02 0.018
1 0.069 0.529 0.026 0.03
1 0.006 0.114 0.012 0.024
1 0.008 0.03 0.016 0.036
1 0.136 0.13 0.024 0.024
1 0.209 0.364 0.022 0.036
1 0.13 0.548 0.028 0.02
1 0.225 0.623 0.03 0.026
1 0.323 0.63 0.026 0.028
1 0.132 0.917 0.028 0.026
1 0.417 0.948 0.018 0.032
1 0.223 0.467 0.022 0.026
1 0.268 0.534 0.02 0.032
1 0.354 0.476 0.024 0.028
1 0.329 0.574 0.026 0.028
1 0.332 0.307 0.02 0.034
1 0.224 0.067 0.036 0.018
1 0.21 0.131 0.016 0.038
1 0.279 0.074 0.026 0.024
1 0.393 0.119 0.026 0.026
1 0.406 0.271 0.02 0.026
1 0.472 0.044 0.028 0.032
1 0.568 0.049 0.024 0.034
1 0.742 0.311 0.024 0.03
1 0.943 0.267 0.026 0.022
1 0.398 0.575 0.016 0.014
1 0.529 0.878 0.022 0.024
1 0.609 0.995 0.038 0.006
1 0.572 0.651 0.024 0.034
1 0.995 0.238 0.006 0.032
1 0.789 0.517 0.026 0.034
1 0.992 0.618 0.012 0.044
1 0.75 0.685 0.032 0.018
1 0.932 0.942 0.024 0.02
1 0.889 0.992 0.03 0.012
1 0.781 0.982 0.026 0.024
1 0.984 0.353 0.028 0.038
1 0.005 0.258 0.01 0.02
2 0.888 0.451 0.028 0.042
2 0.124 0.144 0.02 0.02
2 0.663 0.12 0.018 0.016
2 0.987 0.016 0.022 0.028
2 0.986 0.124 0.024 0.028
2 0.886 0.12 0.016 0.012
2 0.966 0.124 0.008 0.012
2 0.932 0.105 0.044 0.042
2 0.642 0.227 0.064 0.05
2 0.508 0.869 0.036 0.046
2 0.491 0.969 0.034 0.03
2 0.18 0.053 0.028 0.022
2 0.693 0.204 0.022 0.024
2 0.916 0.93 0.032 0.032
2 0.03 0.757 0.028 0.034
2 0.009 0.699 0.018 0.038
2 0.022 0.463 0.028 0.026
2 0.063 0.371 0.042 0.038
2 0.066 0.264 0.04 0.044
2 0.1 0.307 0.048 0.054
2 0.012 0.194 0.024 0.06
2 0.077 0.042 0.038 0.044
2 0.132 0.065 0.06 0.054
2 0.097 0.49 0.022 0.02
2 0.057 0.633 0.034 0.034
2 0.326 0.656 0.02 0.024
2 0.222 0.717 0.036 0.034
2 0.104 0.986 0.032 0.024
2 0.265 0.893 0.026 0.03
2 0.289 0.916 0.03 0.044
2 0.345 0.487 0.01 0.014
2 0.297 0.357 0.034 0.03
2 0.301 0.315 0.03 0.034
2 0.311 0.414 0.03 0.036
2 0.213 0.187 0.026 0.026
2 0.231 0.17 0.03 0.024
2 0.225 0.142 0.018 0.036
2 0.32 0.04 0.012 0.02
2 0.373 0.166 0.038 0.036
2 0.385 0.236 0.026 0.024
2 0.49 0.193 0.04 0.058
2 0.529 0.029 0.05 0.054
2 0.681 0.023 0.046 0.042
2 0.58 0.118 0.028 0.02
2 0.797 0.091 0.022 0.026
2 0.762 0.009 0.024 0.014
2 0.93 0.132 0.036 0.028
2 0.911 0.229 0.046 0.062
2 0.834 0.196 0.016 0.016
2 0.776 0.214 0.024 0.016
2 0.888 0.352 0.02 0.024
2 0.939 0.371 0.054 0.07
2 0.673 0.271 0.026 0.042
2 0.574 0.278 0.028 0.04
2 0.629 0.36 0.022 0.02
2 0.663 0.357 0.042 0.042
2 0.5 0.392 0.032 0.032
2 0.427 0.434 0.05 0.02
2 0.422 0.576 0.052 0.044
2 0.381 0.747 0.014 0.022
2 0.384 0.771 0.016 0.022
2 0.455 0.739 0.014 0.026
2 0.499 0.749 0.026 0.018
2 0.53 0.787 0.032 0.046
2 0.587 0.813 0.014 0.018
2 0.621 0.874 0.038 0.036
2 0.639 0.802 0.042 0.036
2 0.456 0.591 0.024 0.05
2 0.482 0.525 0.024 0.022
2 0.45 0.539 0.012 0.014
2 0.354 0.539 0.04 0.038
2 0.125 0.67 0.034 0.032
2 0.13 0.508 0.02 0.028
2 0.241 0.361 0.018 0.022
2 0.22 0.284 0.048 0.06
2 0.082 0.406 0.028 0.04
2 0.169 0.386 0.058 0.048
2 0.3 0.202 0.032 0.04
2 0.398 0.084 0.024 0.024
2 0.477 0.103 0.058 0.074
2 0.553 0.076 0.034 0.044
2 0.605 0.191 0.062 0.062
2 0.865 0.019 0.038 0.03
2 0.875 0.058 0.014 0.012
2 0.832 0.159 0.032 0.038
2 0.802 0.319 0.032 0.054
2 0.811 0.401 0.018 0.034
2 0.667 0.503 0.038 0.022
2 0.767 0.462 0.038 0.04
2 0.895 0.586 0.046 0.056
2 0.832 0.775 0.016 0.018
2 0.88 0.767 0.02 0.026
2 0.865 0.757 0.018 0.018
2 0.977 0.97 0.034 0.04
2 0.848 0.928 0.02 0.02
2 0.505 0.993 0.026 0.01
2 0.273 0.943 0.022 0.018