0 0.806 0.876 0.08 0.052
0 0.748 0.911 0.04 0.034
0 0.728 0.917 0.02 0.03
0 0.625 0.816 0.05 0.04
0 0.629 0.85 0.046 0.036
0 0.74 0.846 0.044 0.032
0 0.707 0.837 0.042 0.042
0 0.623 0.915 0.066 0.046
0 0.546 0.906 0.052 0.052
0 0.527 0.957 0.058 0.05
0 0.894 0.846 0.056 0.04
0 0.934 0.852 0.04 0.04
0 0.984 0.905 0.028 0.046
0 0.924 0.652 0.036 0.044
0 0.878 0.673 0.036 0.026
0 0.772 0.774 0.024 0.036
0 0.449 0.872 0.066 0.064
0 0.423 0.828 0.038 0.032
0 0.493 0.635 0.07 0.058
0 0.164 0.96 0.048 0.044
0 0.311 0.822 0.066 0.064
0 0.293 0.713 0.046 0.05
0 0.399 0.718 0.042 0.064
0 0.679 0.671 0.054 0.05
0 0.728 0.6 0.036 0.056
0 0.743 0.703 0.034 0.038
0 0.773 0.684 0.042 0.036
0 0.52 0.579 0.056 0.062
0 0.613 0.512 0.07 0.048
0 0.353 0.486 0.054 0.06
0 0.334 0.418 0.06 0.056
0 0.257 0.502 0.054 0.036
0 0.2 0.517 0.064 0.054
0 0.26 0.617 0.108 0.058
0 0.146 0.668 0.052 0.056
0 0.095 0.64 0.062 0.064
0 0.07 0.732 0.048 0.044
0 0.693 0.519 0.062 0.038
0 0.734 0.468 0.06 0.044
0 0.681 0.472 0.05 0.048
0 0.77 0.425 0.048 0.042
0 0.926 0.569 0.052 0.038
0 0.856 0.545 0.068 0.054
0 0.925 0.511 0.05 0.038
0 0.969 0.469 0.046 0.034
0 0.931 0.35 0.05 0.032
0 0.89 0.326 0.04 0.036
0 0.873 0.265 0.054 0.042
0 0.825 0.292 0.054 0.044
0 0.857 0.163 0.086 0.054
0 0.785 0.151 0.05 0.038
0 0.925 0.065 0.07 0.058
0 0.795 0.046 0.05 0.04
0 0.588 0.111 0.064 0.066
0 0.542 0.041 0.076 0.042
0 0.789 0.238 0.058 0.036
0 0.753 0.33 0.078 0.048
0 0.692 0.278 0.052 0.044
0 0.433 0.232 0.066 0.052
0 0.487 0.291 0.066 0.05
0 0.543 0.37 0.062 0.052
0 0.508 0.384 0.044 0.044
0 0.737 0.385 0.05 0.026
0 0.711 0.412 0.054 0.044
0 0.98 0.086 0.036 0.048
0 0.987 0.029 0.022 0.054
0 0.273 0.223 0.058 0.086
0 0.21 0.411 0.048 0.038
0 0.167 0.235 0.042 0.046
0 0.072 0.19 0.052 0.044
0 0.136 0.13 0.092 0.068
0 0.025 0.191 0.046 0.07
0 0.04 0.288 0.072 0.052
0 0.082 0.429 0.096 0.054
0 0.338 0.292 0.072 0.064
0 0.394 0.211 0.032 0.042
0 0.361 0.07 0.054 0.036
0 0.024 0.092 0.044 0.064
0 0.229 0.132 0.046 0.036
0 0.19 0.262 0.048 0.028
0 0.208 0.305 0.04 0.03
0 0.551 0.17 0.05 0.044
0 0.813 0.462 0.054 0.048
0 0.848 0.367 0.052 0.054
0 0.805 0.399 0.05 0.038
0 0.492 0.47 0.068 0.04
0 0.062 0.337 0.044 0.046
0 0.031 0.342 0.022 0.036
0 0.032 0.957 0.06 0.07
0 0.317 0.956 0.118 0.04
0 0.398 0.575 0.056 0.05
0 0.439 0.335 0.054 0.03
0 0.509 0.341 0.05 0.03
0 0.643 0.315 0.046 0.038
0 0.489 0.438 0.042 0.032
0 0.506 0.809 0.044 0.05
0 0.515 0.748 0.038 0.028
0 0.022 0.709 0.032 0.042
0 0.476 0.991 0.036 0.014
0 0.956 0.948 0.044 0.032
0 0.984 0.944 0.028 0.048
0 0.856 0.927 0.052 0.034
0 0.834 0.932 0.028 0.024
1 0.969 0.988 0.042 0.02
1 0.785 0.923 0.046 0.038
1 0.906 0.789 0.036 0.038
1 0.551 0.825 0.038 0.026
1 0.632 0.692 0.028 0.028
1 0.602 0.718 0.048 0.02
1 0.597 0.646 0.034 0.024
1 0.57 0.637 0.028 0.03
1 0.406 0.631 0.02 0.026
1 0.476 0.583 0.024 0.026
1 0.351 0.833 0.026 0.022
1 0.371 0.814 0.03 0.02
1 0.716 0.737 0.024 0.03
1 0.774 0.723 0.052 0.034
1 0.76 0.554 0.024 0.024
1 0.749 0.994 0.042 0.008
1 0.384 0.517 0.032 0.03
1 0.191 0.45 0.026 0.028
1 0.142 0.467 0.028 0.022
1 0.029 0.6 0.03 0.024
1 0.146 0.739 0.028 0.022
1 0.437 0.471 0.034 0.03
1 0.611 0.481 0.018 0.018
1 0.639 0.438 0.022 0.024
1 0.605 0.37 0.03 0.024
1 0.671 0.37 0.038 0.028
1 0.643 0.26 0.03 0.028
1 0.255 0.319 0.014 0.026
1 0.234 0.277 0.016 0.022
1 0.262 0.284 0.02 0.02
1 0.324 0.498 0.016 0.028
1 0.108 0.853 0.024 0.026
1 0.131 0.813 0.022 0.034
1 0.138 0.855 0.036 0.018
1 0.233 0.971 0.022 0.03
1 0.445 0.534 0.018 0.028
1 0.844 0.498 0.032 0.028
1 0.893 0.395 0.022 0.034
1 0.766 0.264 0.028 0.04
1 0.76 0.175 0.024 0.014
1 0.665 0.098 0.034 0.032
1 0.868 0.093 0.036 0.038
1 0.515 0.238 0.022 0.024
1 0.755 0.114 0.022 0.02
1 0.491 0.04 0.022 0.024
1 0.294 0.164 0.024 0.028
1 0.138 0.418 0.02 0.048
1 0.091 0.387 0.054 0.034
1 0.736 0.799 0.028 0.034
1 0.867 0.79 0.03 0.036
1 0.686 0.754 0.024 0.024
1 0.595 0.992 0.03 0.012
1 0.678 0.994 0.036 0.008
1 0.062 0.131 0.032 0.03
1 0.014 0.421 0.024 0.038
1 0.898 0.618 0.024 0.032
1 0.789 0.567 0.03 0.026
1 0.201 0.974 0.018 0.016
1 0.704 0.17 0.02 0.032
2 0.179 0.828 0.082 0.056
2 0.104 0.953 0.048 0.042
2 0.054 0.985 0.024 0.026
2 0.019 0.792 0.034 0.056
2 0.042 0.689 0.028 0.026
2 0.566 0.573 0.044 0.046
2 0.503 0.535 0.034 0.03
2 0.795 0.198 0.062 0.036
2 0.72 0.029 0.04 0.042
2 0.956 0.11 0.048 0.036
2 0.928 0.017 0.04 0.03
2 0.953 0.255 0.038 0.042
2 0.876 0.444 0.032 0.032
2 0.206 0.064 0.072 0.036
2 0.271 0.053 0.046 0.026
2 0.352 0.025 0.044 0.03
2 0.353 0.138 0.046 0.044
2 0.028 0.493 0.052 0.042
2 0.652 0.873 0.052 0.034
2 0.368 0.85 0.036 0.036
2 0.19 0.764 0.052 0.044