0 0.991 0.964 0.014 0.048
0 0.981 0.932 0.034 0.044
0 0.95 0.985 0.024 0.026
0 0.916 0.987 0.032 0.022
0 0.941 0.963 0.026 0.014
0 0.933 0.952 0.018 0.02
0 0.946 0.941 0.02 0.018
0 0.839 0.979 0.038 0.03
0 0.905 0.94 0.026 0.044
0 0.878 0.915 0.032 0.034
0 0.84 0.929 0.024 0.034
0 0.967 0.884 0.022 0.04
0 0.993 0.82 0.01 0.048
0 0.978 0.79 0.012 0.04
0 0.93 0.807 0.04 0.042
0 0.997 0.74 0.002 0.032
0 0.975 0.74 0.03 0.036
0 0.901 0.794 0.022 0.028
0 0.899 0.771 0.03 0.022
0 0.879 0.868 0.034 0.036
0 0.86 0.868 0.032 0.06
0 0.841 0.857 0.03 0.03
0 0.802 0.854 0.028 0.036
0 0.793 0.907 0.018 0.03
0 0.775 0.899 0.026 0.046
0 0.742 0.96 0.024 0.02
0 0.765 0.95 0.018 0.016
0 0.756 0.887 0.016 0.018
0 0.77 0.865 0.02 0.022
0 0.802 0.804 0.028 0.028
0 0.828 0.832 0.012 0.02
0 0.828 0.811 0.02 0.026
0 0.84 0.791 0.02 0.034
0 0.804 0.773 0.032 0.03
0 0.981 0.689 0.034 0.05
0 0.982 0.646 0.032 0.052
0 0.982 0.536 0.032 0.052
0 0.941 0.535 0.034 0.034
0 0.909 0.551 0.026 0.026
0 0.89 0.502 0.048 0.044
0 0.862 0.508 0.028 0.036
0 0.994 0.329 0.008 0.042
0 0.951 0.2 0.038 0.056
0 0.897 0.019 0.042 0.034
0 0.854 0.01 0.028 0.016
0 0.79 0.031 0.024 0.038
0 0.66 0.036 0.04 0.044
0 0.656 0.099 0.064 0.046
0 0.678 0.142 0.044 0.036
0 0.712 0.176 0.048 0.056
0 0.601 0.037 0.03 0.03
0 0.567 0.092 0.038 0.04
0 0.5 0.02 0.04 0.036
0 0.467 0.175 0.038 0.034
0 0.495 0.219 0.018 0.022
0 0.49 0.191 0.016 0.018
0 0.949 0.689 0.03 0.034
0 0.925 0.684 0.034 0.048
0 0.939 0.615 0.038 0.038
0 0.925 0.594 0.026 0.028
0 0.866 0.625 0.032 0.042
0 0.823 0.605 0.03 0.042
0 0.812 0.668 0.024 0.032
0 0.791 0.71 0.03 0.044
0 0.752 0.687 0.036 0.034
0 0.78 0.577 0.032 0.03
0 0.835 0.468 0.034 0.032
0 0.782 0.488 0.032 0.036
0 0.79 0.44 0.044 0.044
0 0.829 0.423 0.042 0.046
0 0.803 0.269 0.046 0.066
0 0.747 0.431 0.042 0.038
0 0.754 0.507 0.032 0.058
0 0.715 0.543 0.026 0.022
0 0.688 0.508 0.024 0.04
0 0.676 0.552 0.028 0.032
0 0.638 0.522 0.024 0.068
0 0.617 0.547 0.034 0.034
0 0.687 0.255 0.042 0.03
0 0.558 0.254 0.048 0.052
0 0.572 0.198 0.044 0.06
0 0.632 0.38 0.036 0.036
0 0.666 0.422 0.04 0.036
0 0.551 0.428 0.034 0.028
0 0.534 0.413 0.04 0.038
0 0.542 0.378 0.028 0.048
0 0.514 0.352 0.032 0.052
0 0.587 0.379 0.026 0.03
0 0.703 0.629 0.026 0.03
0 0.692 0.649 0.024 0.038
0 0.678 0.647 0.016 0.038
0 0.656 0.645 0.024 0.038
0 0.701 0.704 0.038 0.036
0 0.681 0.726 0.03 0.036
0 0.645 0.76 0.03 0.024
0 0.721 0.858 0.03 0.036
0 0.711 0.813 0.034 0.046
0 0.69 0.857 0.028 0.034
0 0.633 0.963 0.042 0.034
0 0.636 0.987 0.064 0.022
0 0.576 0.98 0.028 0.036
0 0.541 0.978 0.018 0.02
0 0.629 0.9 0.026 0.028
0 0.601 0.895 0.03 0.038
0 0.633 0.859 0.03 0.03
0 0.629 0.824 0.03 0.032
0 0.622 0.799 0.032 0.03
0 0.578 0.755 0.032 0.046
0 0.581 0.831 0.03 0.034
0 0.325 0.982 0.042 0.032
0 0.4 0.989 0.04 0.018
0 0.42 0.963 0.032 0.026
0 0.519 0.93 0.026 0.032
0 0.548 0.895 0.028 0.038
0 0.499 0.909 0.026 0.034
0 0.466 0.923 0.028 0.03
0 0.476 0.887 0.024 0.042
0 0.493 0.826 0.022 0.032
0 0.015 0.983 0.026 0.03
0 0.055 0.993 0.038 0.01
0 0.176 0.993 0.044 0.01
0 0.012 0.881 0.02 0.054
0 0.029 0.932 0.034 0.052
0 0.06 0.902 0.028 0.04
0 0.187 0.936 0.03 0.048
0 0.219 0.921 0.034 0.038
0 0.32 0.92 0.036 0.048
0 0.308 0.954 0.024 0.028
0 0.338 0.928 0.032 0.052
0 0.427 0.894 0.022 0.028
0 0.427 0.851 0.022 0.034
0 0.385 0.866 0.03 0.04
0 0.447 0.797 0.026 0.038
0 0.416 0.779 0.016 0.034
0 0.513 0.749 0.03 0.034
0 0.522 0.7 0.036 0.052
0 0.486 0.719 0.028 0.042
0 0.447 0.723 0.034 0.038
0 0.62 0.652 0.032 0.028
0 0.618 0.61 0.028 0.036
0 0.583 0.599 0.026 0.046
0 0.318 0.882 0.024 0.024
0 0.282 0.882 0.028 0.028
0 0.351 0.829 0.026 0.034
0 0.302 0.827 0.036 0.042
0 0.189 0.879 0.034 0.038
0 0.201 0.798 0.042 0.048
0 0.158 0.801 0.024 0.042
0 0.133 0.803 0.03 0.058
0 0.083 0.833 0.026 0.026
0 0.044 0.76 0.028 0.032
0 0.129 0.759 0.026 0.034
0 0.173 0.735 0.026 0.03
0 0.197 0.753 0.03 0.03
0 0.247 0.748 0.046 0.036
0 0.337 0.782 0.026 0.024
0 0.36 0.76 0.028 0.028
0 0.397 0.682 0.018 0.024
0 0.44 0.675 0.028 0.046
0 0.484 0.656 0.028 0.028
0 0.499 0.679 0.03 0.026
0 0.209 0.026 0.038 0.048
0 0.127 0.016 0.062 0.028
0 0.025 0.023 0.042 0.034
0 0.098 0.073 0.024 0.03
0 0.201 0.105 0.042 0.054
0 0.139 0.109 0.042 0.05
0 0.267 0.07 0.046 0.048
0 0.275 0.137 0.046 0.05
0 0.399 0.139 0.042 0.042
0 0.4 0.181 0.044 0.034
0 0.363 0.179 0.022 0.038
0 0.488 0.393 0.032 0.05
0 0.449 0.376 0.034 0.032
0 0.422 0.407 0.036 0.034
0 0.463 0.449 0.034 0.042
0 0.534 0.475 0.024 0.034
0 0.562 0.458 0.024 0.024
0 0.48 0.542 0.032 0.04
0 0.519 0.598 0.038 0.048
0 0.284 0.263 0.048 0.062
0 0.239 0.26 0.042 0.048
0 0.169 0.265 0.034 0.046
0 0.153 0.296 0.034 0.036
0 0.127 0.287 0.018 0.03
0 0.106 0.28 0.024 0.048
0 0.098 0.315 0.016 0.034
0 0.121 0.317 0.026 0.022
0 0.009 0.255 0.014 0.026
0 0.007 0.289 0.01 0.022
0 0.022 0.276 0.036 0.028
0 0.036 0.332 0.024 0.028
0 0.016 0.371 0.028 0.03
0 0.377 0.372 0.03 0.048
0 0.347 0.33 0.022 0.016
0 0.294 0.366 0.04 0.044
0 0.271 0.36 0.018 0.024
0 0.232 0.335 0.028 0.042
0 0.01 0.411 0.016 0.05
0 0.035 0.41 0.026 0.032
0 0.059 0.408 0.026 0.032
0 0.076 0.386 0.028 0.032
0 0.107 0.37 0.03 0.032
0 0.141 0.365 0.022 0.022
0 0.193 0.371 0.038 0.03
0 0.112 0.406 0.036 0.044
0 0.081 0.439 0.034 0.03
0 0.051 0.442 0.026 0.032
0 0.007 0.479 0.01 0.018
0 0.064 0.472 0.036 0.04
0 0.007 0.516 0.01 0.036
0 0.422 0.503 0.024 0.03
0 0.418 0.478 0.032 0.032
0 0.418 0.456 0.028 0.032
0 0.388 0.509 0.028 0.038
0 0.359 0.537 0.038 0.034
0 0.39 0.586 0.028 0.036
0 0.394 0.621 0.028 0.034
0 0.417 0.626 0.034 0.036
0 0.37 0.647 0.028 0.03
0 0.352 0.439 0.036 0.034
0 0.314 0.429 0.032 0.054
0 0.258 0.424 0.036 0.036
0 0.215 0.451 0.034 0.034
0 0.171 0.424 0.03 0.028
0 0.137 0.433 0.022 0.034
0 0.14 0.471 0.024 0.042
0 0.117 0.489 0.026 0.034
0 0.136 0.514 0.024 0.044
0 0.121 0.546 0.03 0.036
0 0.092 0.551 0.032 0.034
0 0.189 0.479 0.026 0.034
0 0.272 0.484 0.02 0.032
0 0.249 0.475 0.026 0.05
0 0.306 0.54 0.044 0.024
0 0.259 0.556 0.026 0.032
0 0.193 0.546 0.026 0.04
0 0.367 0.719 0.034 0.034
0 0.34 0.706 0.028 0.036
0 0.32 0.684 0.032 0.04
0 0.298 0.66 0.024 0.028
0 0.279 0.647 0.03 0.034
0 0.3 0.625 0.024 0.034
0 0.281 0.616 0.026 0.032
0 0.215 0.573 0.026 0.03
0 0.244 0.615 0.032 0.03
0 0.211 0.614 0.022 0.036
0 0.19 0.613 0.028 0.03
0 0.188 0.668 0.032 0.036
0 0.139 0.703 0.03 0.046
0 0.096 0.677 0.036 0.05
0 0.131 0.658 0.034 0.024
0 0.531 0.092 0.034 0.044
0 0.637 0.064 0.038 0.036
0 0.781 0.124 0.03 0.028
1 0.875 0.98 0.018 0.02
1 0.766 0.986 0.02 0.024
1 0.994 0.87 0.008 0.028
1 0.91 0.852 0.004 0.012
1 0.898 0.848 0.004 0.012
1 0.748 0.928 0.016 0.024
1 0.776 0.827 0.02 0.026
1 0.861 0.776 0.014 0.016
1 0.85 0.775 0.008 0.014
1 0.959 0.581 0.026 0.018
1 0.913 0.48 0.018 0.016
1 0.993 0.459 0.01 0.026
1 0.988 0.247 0.02 0.022
1 0.903 0.206 0.018 0.028
1 0.92 0.202 0.012 0.012
1 0.949 0.109 0.026 0.014
1 0.891 0.178 0.018 0.016
1 0.892 0.165 0.012 0.01
1 0.854 0.141 0.028 0.022
1 0.867 0.096 0.022 0.024
1 0.9 0.048 0.016 0.016
1 0.873 0.005 0.01 0.006
1 0.682 0.015 0.016 0.014
1 0.637 0.124 0.026 0.024
1 0.404 0.051 0.024 0.03
1 0.416 0.083 0.032 0.018
1 0.465 0.104 0.022 0.024
1 0.495 0.205 0.026 0.022
1 0.887 0.694 0.022 0.028
1 0.947 0.637 0.022 0.014
1 0.831 0.673 0.014 0.022
1 0.766 0.666 0.028 0.016
1 0.765 0.638 0.022 0.024
1 0.728 0.643 0.024 0.026
1 0.893 0.316 0.014 0.032
1 0.925 0.373 0.014 0.026
1 0.774 0.321 0.028 0.026
1 0.724 0.387 0.016 0.026
1 0.715 0.415 0.018 0.022
1 0.754 0.409 0.02 0.018
1 0.695 0.234 0.022 0.02
1 0.667 0.228 0.018 0.016
1 0.598 0.453 0.024 0.022
1 0.572 0.479 0.02 0.018
1 0.675 0.928 0.018 0.024
1 0.611 0.78 0.018 0.012
1 0.608 0.77 0.016 0.008
1 0.593 0.781 0.014 0.018
1 0.482 0.874 0.016 0.024
1 0.53 0.804 0.012 0.02
1 0.115 0.995 0.022 0.006
1 0.056 0.935 0.02 0.014
1 0.136 0.923 0.012 0.014
1 0.245 0.91 0.022 0.02
1 0.425 0.885 0.018 0.026
1 0.433 0.776 0.014 0.02
1 0.644 0.717 0.016 0.022
1 0.655 0.581 0.014 0.026
1 0.581 0.634 0.014 0.02
1 0.255 0.866 0.018 0.036
1 0.227 0.855 0.01 0.018
1 0.233 0.85 0.014 0.02
1 0.246 0.826 0.016 0.02
1 0.073 0.817 0.03 0.018
1 0.269 0.713 0.03 0.006
1 0.412 0.752 0.012 0.016
1 0.408 0.704 0.02 0.024
1 0.256 0.02 0.016 0.024
1 0.072 0.044 0.036 0.024
1 0.142 0.04 0.02 0.02
1 0.363 0.15 0.022 0.012
1 0.373 0.123 0.03 0.026
1 0.396 0.218 0.02 0.032
1 0.432 0.264 0.02 0.012
1 0.472 0.487 0.016 0.026
1 0.51 0.474 0.028 0.02
1 0.561 0.527 0.01 0.01
1 0.551 0.517 0.006 0.014
1 0.558 0.507 0.008 0.014
1 0.568 0.517 0.008 0.006
1 0.574 0.51 0.004 0.008
1 0.062 0.284 0.02 0.024
1 0.048 0.309 0.012 0.018
1 0.283 0.343 0.018 0.022
1 0.171 0.334 0.022 0.016
1 0.006 0.466 0.008 0.016
1 0.006 0.553 0.008 0.026
1 0.408 0.549 0.004 0.01
1 0.353 0.626 0.014 0.02
1 0.33 0.494 0.028 0.024
1 0.307 0.581 0.018 0.034
1 0.18 0.58 0.008 0.012
1 0.259 0.693 0.006 0.01
1 0.167 0.708 0.01 0.02
1 0.113 0.721 0.01 0.01
1 0.077 0.642 0.026 0.012
1 0.109 0.611 0.01 0.01
1 0.044 0.631 0.016 0.034
1 0.039 0.663 0.006 0.038
1 0.013 0.654 0.022 0.016
1 0.003 0.094 0.002 0.012
1 0.212 0.2 0.016 0.02
1 0.29 0.179 0.012 0.014
1 0.802 0.104 0.016 0.012
1 0.756 0.197 0.02 0.022
1 0.637 0.168 0.014 0.012
1 0.622 0.168 0.008 0.016
1 0.63 0.16 0.016 0.004
1 0.865 0.439 0.01 0.01
1 0.857 0.448 0.006 0.012
1 0.865 0.458 0.01 0.016
2 0.105 0.126 0.014 0.04
2 0.022 0.097 0.012 0.01
2 0.039 0.106 0.022 0.016
2 0.065 0.121 0.01 0.014
2 0.879 0.955 0.026 0.018
2 0.927 0.853 0.03 0.046
2 0.465 0.226 0.034 0.052
2 0.841 0.538 0.026 0.024
2 0.944 0.367 0.024 0.026
2 0.959 0.385 0.022 0.018
2 0.692 0.319 0.052 0.03
2 0.645 0.781 0.014 0.018
2 0.661 0.842 0.022 0.024
2 0.564 0.788 0.008 0.016
2 0.466 0.992 0.02 0.012
2 0.029 0.802 0.03 0.032
2 0.096 0.767 0.024 0.03
2 0.428 0.67 0.016 0.032
2 0.069 0.072 0.034 0.032
2 0.16 0.064 0.02 0.024
2 0.417 0.234 0.018 0.032
2 0.432 0.249 0.012 0.014
2 0.077 0.213 0.03 0.022
2 0.346 0.358 0.024 0.02
2 0.239 0.421 0.018 0.038
2 0.231 0.519 0.03 0.022
2 0.035 0.709 0.022 0.026
2 0.031 0.683 0.038 0.018
2 0.092 0.913 0.024 0.066
2 0.147 0.871 0.018 0.022
2 0.311 0.232 0.01 0.012
2 0.504 0.119 0.016 0.014
2 0.595 0.062 0.014 0.024
2 0.691 0.079 0.014 0.018
2 0.61 0.188 0.024 0.044
2 0.736 0.147 0.016 0.026
2 0.851 0.809 0.014 0.022