0 0.3 0.686 0.056 0.056
0 0.05 0.019 0.032 0.038
0 0.011 0.024 0.022 0.04
0 0.161 0.048 0.046 0.06
0 0.221 0.018 0.038 0.036
0 0.265 0.07 0.038 0.052
0 0.381 0.038 0.034 0.036
0 0.415 0.023 0.022 0.022
0 0.439 0.043 0.05 0.054
0 0.433 0.025 0.022 0.022
0 0.481 0.103 0.03 0.058
0 0.636 0.034 0.032 0.04
0 0.778 0.021 0.036 0.042
0 0.891 0.105 0.042 0.066
0 0.8 0.164 0.048 0.072
0 0.763 0.183 0.03 0.054
0 0.883 0.338 0.054 0.06
0 0.903 0.16 0.038 0.036
0 0.978 0.227 0.036 0.05
0 0.959 0.13 0.038 0.08
0 0.938 0.161 0.024 0.046
0 0.968 0.029 0.04 0.05
0 0.574 0.314 0.036 0.06
0 0.556 0.26 0.04 0.068
0 0.523 0.268 0.026 0.052
0 0.514 0.22 0.04 0.064
0 0.626 0.254 0.04 0.064
0 0.601 0.277 0.038 0.046
0 0.699 0.258 0.034 0.06
0 0.642 0.344 0.028 0.052
0 0.629 0.348 0.022 0.052
0 0.152 0.336 0.04 0.052
0 0.136 0.302 0.04 0.036
0 0.101 0.167 0.038 0.034
0 0.098 0.218 0.036 0.056
0 0.118 0.223 0.036 0.054
0 0.218 0.123 0.036 0.05
0 0.212 0.153 0.032 0.03
0 0.473 0.18 0.038 0.036
0 0.407 0.332 0.042 0.06
0 0.294 0.409 0.056 0.058
0 0.486 0.663 0.048 0.066
0 0.512 0.599 0.032 0.038
0 0.59 0.568 0.036 0.032
0 0.673 0.54 0.034 0.044
0 0.742 0.535 0.036 0.042
0 0.786 0.553 0.032 0.038
0 0.752 0.596 0.024 0.04
0 0.84 0.445 0.036 0.054
0 0.796 0.452 0.04 0.06
0 0.801 0.488 0.03 0.02
0 0.796 0.351 0.044 0.058
0 0.838 0.241 0.048 0.05
0 0.866 0.252 0.044 0.052
0 0.736 0.277 0.044 0.05
0 0.927 0.395 0.054 0.062
0 0.93 0.486 0.044 0.04
0 0.748 0.432 0.048 0.052
0 0.665 0.423 0.038 0.05
0 0.558 0.395 0.04 0.05
0 0.733 0.648 0.046 0.056
0 0.874 0.705 0.048 0.062
0 0.843 0.656 0.046 0.06
0 0.814 0.67 0.048 0.052
0 0.613 0.978 0.038 0.04
0 0.764 0.978 0.036 0.04
0 0.797 0.955 0.042 0.066
0 0.77 0.9 0.032 0.052
0 0.746 0.848 0.052 0.08
0 0.741 0.784 0.034 0.068
0 0.882 0.767 0.04 0.042
0 0.894 0.745 0.024 0.018
0 0.941 0.756 0.026 0.052
0 0.989 0.749 0.018 0.046
0 0.885 0.829 0.034 0.046
0 0.942 0.849 0.036 0.05
0 0.935 0.873 0.038 0.034
0 0.948 0.92 0.024 0.04
0 0.892 0.932 0.044 0.076
0 0.979 0.892 0.026 0.052
0 0.215 0.935 0.038 0.066
0 0.307 0.95 0.054 0.064
0 0.122 0.74 0.052 0.052
0 0.31 0.757 0.036 0.046
0 0.172 0.55 0.036 0.048
0 0.181 0.494 0.038 0.06
0 0.132 0.679 0.028 0.046
0 0.136 0.696 0.036 0.036
0 0.442 0.567 0.052 0.066
0 0.387 0.438 0.042 0.064
0 0.435 0.456 0.054 0.06
0 0.063 0.159 0.034 0.05
0 0.275 0.205 0.042 0.05
0 0.044 0.096 0.044 0.044
0 0.013 0.152 0.026 0.04
0 0.032 0.143 0.032 0.05
0 0.273 0.581 0.05 0.062
0 0.209 0.323 0.042 0.054
0 0.304 0.327 0.04 0.046
0 0.271 0.291 0.042 0.05
0 0.025 0.758 0.05 0.052
0 0.338 0.805 0.032 0.046
0 0.414 0.829 0.036 0.042
0 0.428 0.765 0.032 0.034
0 0.6 0.824 0.048 0.108
0 0.677 0.903 0.042 0.058
0 0.797 0.814 0.038 0.056
0 0.969 0.786 0.034 0.044
0 0.252 0.838 0.044 0.044
0 0.258 0.771 0.036 0.042
0 0.386 0.752 0.04 0.056
0 0.017 0.84 0.034 0.068
0 0.021 0.916 0.042 0.072
0 0.239 0.658 0.026 0.068
0 0.345 0.966 0.034 0.048
0 0.419 0.65 0.054 0.06
0 0.378 0.989 0.024 0.018
0 0.066 0.352 0.036 0.044
0 0.02 0.357 0.036 0.046
0 0.106 0.392 0.048 0.052
0 0.075 0.44 0.038 0.056
0 0.053 0.434 0.034 0.052
0 0.137 0.481 0.054 0.058
0 0.108 0.52 0.028 0.036
0 0.089 0.543 0.058 0.05
0 0.08 0.596 0.044 0.052
0 0.189 0.402 0.042 0.068
0 0.209 0.385 0.022 0.03
0 0.026 0.692 0.044 0.06
0 0.168 0.093 0.052 0.046
0 0.193 0.2 0.054 0.052
0 0.575 0.058 0.03 0.048
0 0.609 0.047 0.03 0.046
0 0.724 0.045 0.048 0.066
0 0.701 0.069 0.03 0.042
0 0.803 0.079 0.046 0.058
0 0.796 0.042 0.028 0.044
0 0.541 0.096 0.034 0.052
0 0.647 0.082 0.026 0.044
0 0.73 0.225 0.032 0.058
0 0.327 0.162 0.038 0.072
0 0.322 0.221 0.04 0.054
0 0.308 0.264 0.052 0.052
0 0.462 0.139 0.04 0.042
0 0.482 0.254 0.032 0.04
0 0.394 0.234 0.04 0.044
0 0.345 0.356 0.03 0.044
0 0.358 0.38 0.024 0.036
0 0.479 0.327 0.042 0.062
0 0.45 0.334 0.024 0.052
0 0.743 0.371 0.038 0.062
0 0.703 0.375 0.042 0.042
0 0.7 0.404 0.032 0.032
0 0.469 0.391 0.042 0.054
0 0.478 0.454 0.044 0.072
0 0.212 0.533 0.028 0.062
0 0.227 0.535 0.026 0.05
0 0.197 0.799 0.03 0.042
0 0.12 0.798 0.028 0.064
0 0.337 0.885 0.042 0.062
0 0.118 0.906 0.04 0.056
0 0.176 0.765 0.036 0.042
0 0.155 0.793 0.034 0.046
0 0.193 0.974 0.05 0.04
0 0.423 0.713 0.054 0.07
0 0.608 0.426 0.036 0.064
0 0.581 0.608 0.046 0.04
0 0.55 0.595 0.028 0.046
0 0.924 0.017 0.044 0.034
0 0.99 0.03 0.016 0.06
0 0.935 0.263 0.034 0.05
0 0.987 0.319 0.022 0.058
0 0.953 0.425 0.034 0.038
0 0.603 0.521 0.042 0.034
0 0.727 0.49 0.038 0.06
0 0.915 0.524 0.042 0.036
0 0.907 0.473 0.026 0.014
0 0.981 0.584 0.034 0.064
0 0.969 0.617 0.03 0.058
0 0.485 0.774 0.042 0.08
0 0.577 0.736 0.062 0.052
0 0.563 0.702 0.046 0.056
0 0.827 0.74 0.03 0.028
0 0.803 0.759 0.03 0.034
0 0.624 0.755 0.024 0.042
0 0.686 0.965 0.048 0.054
0 0.99 0.928 0.016 0.06
0 0.413 0.887 0.03 0.054
0 0.471 0.853 0.022 0.038
0 0.353 0.764 0.026 0.028
0 0.317 0.79 0.022 0.032
1 0.275 0.817 0.018 0.022
1 0.016 0.288 0.032 0.02
1 0.1 0.281 0.024 0.018
1 0.177 0.298 0.014 0.044
1 0.014 0.316 0.024 0.024
1 0.011 0.443 0.022 0.018
1 0.009 0.572 0.018 0.02
1 0.045 0.054 0.018 0.02
1 0.1 0.14 0.02 0.016
1 0.599 0.096 0.014 0.016
1 0.655 0.134 0.026 0.016
1 0.395 0.265 0.022 0.022
1 0.489 0.351 0.022 0.022
1 0.538 0.342 0.024 0.02
1 0.731 0.401 0.018 0.014
1 0.23 0.054 0.016 0.02
1 0.212 0.061 0.02 0.022
1 0.194 0.663 0.016 0.03
1 0.195 0.701 0.014 0.03
1 0.219 0.727 0.022 0.014
1 0.366 0.88 0.016 0.024
1 0.169 0.862 0.014 0.036
1 0.163 0.9 0.022 0.02
1 0.158 0.913 0.024 0.01
1 0.099 0.808 0.026 0.028
1 0.283 0.985 0.018 0.022
1 0.252 0.803 0.036 0.026
1 0.275 0.79 0.022 0.02
1 0.105 0.638 0.026 0.016
1 0.026 0.807 0.016 0.018
1 0.318 0.837 0.024 0.014
1 0.356 0.853 0.016 0.018
1 0.543 0.499 0.022 0.018
1 0.486 0.603 0.02 0.018
1 0.359 0.077 0.03 0.034
1 0.657 0.317 0.022 0.038
1 0.7 0.289 0.012 0.01
1 0.426 0.136 0.012 0.016
1 0.42 0.142 0.012 0.036
1 0.962 0.266 0.016 0.024
1 0.937 0.33 0.014 0.016
1 0.921 0.354 0.014 0.02
1 0.974 0.379 0.02 0.026
1 0.81 0.279 0.028 0.022
1 0.87 0.585 0.024 0.014
1 0.839 0.561 0.018 0.034
1 0.772 0.583 0.02 0.018
1 0.914 0.619 0.028 0.042
1 0.655 0.79 0.038 0.024
1 0.672 0.822 0.028 0.02
1 0.512 0.802 0.032 0.02
1 0.469 0.815 0.018 0.042
1 0.443 0.859 0.014 0.026
1 0.735 0.727 0.018 0.05
1 0.702 0.788 0.04 0.028
1 0.658 0.637 0.02 0.018
1 0.593 0.901 0.026 0.03
1 0.848 0.866 0.028 0.02
1 0.927 0.936 0.018 0.024
1 0.898 0.658 0.02 0.024
1 0.534 0.769 0.024 0.026
1 0.528 0.792 0.044 0.024
1 0.339 0.622 0.014 0.024
1 0.285 0.773 0.01 0.014
2 0.051 0.49 0.022 0.024
2 0.095 0.489 0.022 0.022
2 0.027 0.515 0.022 0.034
2 0.01 0.544 0.02 0.024
2 0.105 0.087 0.018 0.034
2 0.155 0.233 0.026 0.026
2 0.539 0.051 0.022 0.026
2 0.359 0.296 0.026 0.032
2 0.334 0.449 0.036 0.058
2 0.181 0.887 0.034 0.038
2 0.534 0.842 0.036 0.02
2 0.556 0.876 0.016 0.036
2 0.511 0.879 0.022 0.034
2 0.164 0.623 0.02 0.022
2 0.185 0.627 0.022 0.022
2 0.038 0.847 0.024 0.042
2 0.052 0.866 0.02 0.028
2 0.288 0.863 0.028 0.038
2 0.142 0.555 0.016 0.03
2 0.259 0.5 0.022 0.036
2 0.414 0.5 0.04 0.032
2 0.567 0.469 0.034 0.034
2 0.283 0.152 0.022 0.02
2 0.245 0.092 0.026 0.028
2 0.398 0.08 0.032 0.044
2 0.89 0.191 0.024 0.026
2 0.885 0.215 0.022 0.018
2 0.957 0.19 0.03 0.04
2 0.583 0.444 0.018 0.028
2 0.454 0.828 0.016 0.016
2 0.878 0.864 0.02 0.02
2 0.968 0.96 0.024 0.056
2 0.877 0.647 0.006 0.022
2 0.955 0.57 0.03 0.048
2 0.516 0.948 0.044 0.036
2 0.428 0.851 0.012 0.03
2 0.284 0.543 0.008 0.01
2 0.313 0.557 0.022 0.014
2 0.442 0.371 0.036 0.03
2 0.42 0.423 0.016 0.022