0 0.741 0.251 0.062 0.05
0 0.505 0.633 0.046 0.078
0 0.961 0.027 0.042 0.03
0 0.969 0.009 0.034 0.018
0 0.901 0.017 0.022 0.026
0 0.84 0.021 0.044 0.042
0 0.788 0.011 0.04 0.022
0 0.571 0.025 0.038 0.042
0 0.587 0.055 0.05 0.062
0 0.503 0.06 0.054 0.064
0 0.452 0.023 0.048 0.046
0 0.409 0.078 0.046 0.048
0 0.318 0.03 0.052 0.06
0 0.24 0.03 0.028 0.028
0 0.202 0.021 0.024 0.042
0 0.216 0.019 0.016 0.038
0 0.14 0.016 0.048 0.032
0 0.752 0.172 0.048 0.032
0 0.724 0.142 0.048 0.076
0 0.684 0.152 0.032 0.052
0 0.584 0.165 0.044 0.054
0 0.568 0.101 0.052 0.042
0 0.584 0.111 0.016 0.022
0 0.969 0.053 0.034 0.038
0 0.91 0.125 0.048 0.062
0 0.781 0.091 0.046 0.054
0 0.381 0.182 0.05 0.068
0 0.397 0.154 0.034 0.064
0 0.433 0.255 0.054 0.074
0 0.485 0.216 0.038 0.064
0 0.461 0.235 0.022 0.042
0 0.574 0.261 0.04 0.062
0 0.64 0.307 0.048 0.07
0 0.549 0.381 0.038 0.05
0 0.567 0.39 0.042 0.06
0 0.732 0.308 0.056 0.036
0 0.722 0.364 0.06 0.072
0 0.818 0.245 0.04 0.054
0 0.788 0.291 0.048 0.058
0 0.844 0.328 0.052 0.084
0 0.98 0.251 0.036 0.078
0 0.943 0.248 0.046 0.088
0 0.927 0.308 0.038 0.04
0 0.988 0.308 0.02 0.056
0 0.979 0.398 0.038 0.06
0 0.912 0.42 0.056 0.076
0 0.852 0.435 0.056 0.074
0 0.926 0.473 0.048 0.054
0 0.879 0.527 0.054 0.094
0 0.818 0.518 0.04 0.072
0 0.736 0.553 0.052 0.074
0 0.548 0.528 0.04 0.052
0 0.49 0.534 0.044 0.064
0 0.46 0.472 0.04 0.06
0 0.403 0.419 0.058 0.074
0 0.242 0.356 0.036 0.056
0 0.266 0.437 0.048 0.07
0 0.318 0.459 0.052 0.054
0 0.172 0.446 0.06 0.076
0 0.104 0.438 0.036 0.048
0 0.188 0.285 0.056 0.058
0 0.143 0.183 0.046 0.074
0 0.178 0.181 0.02 0.046
0 0.094 0.129 0.048 0.07
0 0.065 0.098 0.03 0.08
0 0.119 0.068 0.042 0.076
0 0.165 0.051 0.034 0.07
0 0.238 0.092 0.04 0.052
0 0.305 0.111 0.062 0.062
0 0.412 0.592 0.036 0.06
0 0.299 0.37 0.062 0.076
0 0.32 0.253 0.076 0.058
0 0.305 0.548 0.038 0.056
0 0.246 0.57 0.04 0.052
0 0.203 0.509 0.03 0.058
0 0.154 0.507 0.048 0.078
0 0.035 0.501 0.046 0.066
0 0.071 0.507 0.03 0.066
0 0.342 0.599 0.044 0.07
0 0.291 0.659 0.054 0.074
0 0.267 0.608 0.038 0.064
0 0.236 0.508 0.032 0.044
0 0.245 0.489 0.026 0.022
0 0.803 0.618 0.042 0.056
0 0.782 0.692 0.036 0.04
0 0.731 0.713 0.038 0.07
0 0.752 0.673 0.024 0.042
0 0.699 0.644 0.042 0.044
0 0.566 0.779 0.048 0.074
0 0.522 0.835 0.04 0.078
0 0.441 0.788 0.042 0.052
0 0.425 0.866 0.046 0.052
0 0.393 0.957 0.05 0.062
0 0.317 0.939 0.042 0.05
0 0.241 0.961 0.042 0.058
0 0.198 0.933 0.032 0.042
0 0.095 0.98 0.038 0.036
0 0.054 0.979 0.04 0.038
0 0.135 0.976 0.042 0.044
0 0.099 0.865 0.046 0.054
0 0.011 0.871 0.018 0.07
0 0.208 0.769 0.056 0.07
0 0.024 0.696 0.044 0.068
0 0.055 0.657 0.022 0.042
0 0.488 0.931 0.044 0.062
0 0.527 0.928 0.03 0.052
0 0.467 0.891 0.03 0.046
0 0.679 0.939 0.05 0.074
0 0.694 0.842 0.048 0.072
0 0.865 0.821 0.042 0.074
0 0.82 0.925 0.052 0.062
0 0.339 0.789 0.058 0.058
0 0.297 0.78 0.042 0.056
0 0.965 0.842 0.034 0.052
0 0.935 0.918 0.042 0.044
0 0.547 0.988 0.042 0.02
0 0.571 0.903 0.034 0.078
0 0.67 0.622 0.048 0.064
0 0.369 0.738 0.046 0.06
0 0.968 0.639 0.052 0.078
0 0.848 0.614 0.024 0.028
0 0.786 0.734 0.052 0.068
0 0.066 0.212 0.032 0.036
0 0.542 0.618 0.052 0.084
0 0.504 0.7 0.024 0.036
0 0.494 0.735 0.048 0.07
0 0.83 0.771 0.036 0.058
0 0.692 0.686 0.06 0.052
0 0.797 0.569 0.026 0.034
0 0.764 0.6 0.028 0.036
0 0.936 0.082 0.036 0.036
0 0.667 0.53 0.05 0.076
0 0.674 0.548 0.032 0.044
0 0.247 0.16 0.046 0.06
0 0.019 0.288 0.034 0.068
0 0.028 0.419 0.048 0.058
0 0.123 0.496 0.022 0.052
0 0.446 0.703 0.04 0.046
0 0.611 0.585 0.042 0.062
0 0.112 0.654 0.048 0.068
0 0.158 0.719 0.036 0.026
0 0.413 0.694 0.046 0.06
0 0.914 0.645 0.048 0.062
0 0.826 0.662 0.04 0.036
0 0.552 0.869 0.048 0.054
0 0.749 0.903 0.03 0.046
0 0.988 0.587 0.02 0.038
0 0.992 0.653 0.012 0.038
0 0.933 0.732 0.034 0.036
0 0.988 0.888 0.02 0.056
0 0.91 0.974 0.036 0.048
1 0.34 0.945 0.02 0.022
1 0.426 0.929 0.028 0.022
1 0.062 0.334 0.02 0.024
1 0.753 0.002 0.014 0.004
1 0.12 0.002 0.012 0.004
1 0.78 0.067 0.02 0.018
1 0.469 0.099 0.014 0.034
1 0.472 0.145 0.024 0.026
1 0.356 0.214 0.02 0.024
1 0.3 0.295 0.028 0.022
1 0.385 0.274 0.022 0.028
1 0.55 0.23 0.012 0.036
1 0.553 0.359 0.018 0.022
1 0.818 0.281 0.016 0.022
1 0.818 0.354 0.016 0.024
1 0.802 0.395 0.02 0.026
1 0.782 0.348 0.02 0.02
1 0.757 0.364 0.01 0.02
1 0.887 0.269 0.022 0.022
1 0.045 0.566 0.018 0.024
1 0.151 0.582 0.058 0.072
1 0.005 0.608 0.006 0.032
1 0.991 0.09 0.014 0.024
1 0.931 0.513 0.046 0.022
1 0.957 0.53 0.03 0.024
1 0.883 0.588 0.038 0.024
1 0.924 0.589 0.044 0.022
1 0.317 0.966 0.026 0.02
1 0.656 0.564 0.012 0.016
1 0.37 0.046 0.02 0.02
1 0.306 0.221 0.028 0.018
1 0.205 0.254 0.022 0.02
1 0.318 0.34 0.02 0.028
1 0.347 0.356 0.022 0.024
1 0.404 0.374 0.024 0.02
1 0.157 0.373 0.022 0.018
1 0.146 0.412 0.032 0.02
1 0.102 0.226 0.024 0.032
1 0.065 0.255 0.018 0.026
1 0.084 0.262 0.016 0.02
1 0.072 0.304 0.024 0.024
1 0.015 0.357 0.026 0.022
1 0.052 0.371 0.032 0.03
1 0.02 0.457 0.024 0.018
1 0.013 0.382 0.022 0.024
1 0.013 0.625 0.022 0.034
1 0.173 0.633 0.014 0.042
1 0.188 0.682 0.02 0.02
1 0.421 0.518 0.018 0.028
1 0.463 0.584 0.026 0.024
1 0.422 0.635 0.02 0.022
1 0.388 0.657 0.024 0.022
1 0.621 0.655 0.018 0.038
1 0.593 0.667 0.022 0.026
1 0.531 0.706 0.026 0.02
1 0.156 0.823 0.02 0.026
1 0.19 0.856 0.04 0.02
1 0.169 0.854 0.034 0.044
1 0.158 0.74 0.024 0.012
1 0.141 0.682 0.018 0.016
1 0.122 0.683 0.016 0.022
1 0.082 0.718 0.02 0.024
1 0.103 0.797 0.034 0.026
1 0.06 0.828 0.024 0.024
1 0.136 0.934 0.02 0.028
1 0.159 0.944 0.022 0.032
1 0.155 0.954 0.018 0.024
1 0.613 0.847 0.014 0.038
1 0.451 0.745 0.026 0.034
1 0.89 0.685 0.024 0.022
1 0.628 0.206 0.024 0.032
1 0.609 0.348 0.03 0.02
1 0.552 0.314 0.016 0.02
1 0.727 0.228 0.006 0.016
1 0.931 0.704 0.018 0.028
1 0.963 0.728 0.026 0.028
1 0.934 0.852 0.016 0.024
1 0.949 0.984 0.018 0.024
1 0.991 0.97 0.014 0.016
1 0.989 0.978 0.018 0.012
1 0.637 0.972 0.022 0.02
1 0.702 0.797 0.024 0.022
1 0.489 0.983 0.022 0.026
2 0.835 0.175 0.026 0.03
2 0.815 0.134 0.018 0.024
2 0.037 0.32 0.058 0.028
2 0.054 0.876 0.036 0.032
2 0.049 0.903 0.03 0.03
2 0.627 0.135 0.018 0.05
2 0.507 0.252 0.034 0.064
2 0.614 0.373 0.02 0.03
2 0.704 0.192 0.016 0.02
2 0.639 0.944 0.018 0.032
2 0.448 0.879 0.016 0.026
2 0.425 0.905 0.018 0.022
2 0.481 0.844 0.022 0.032
2 0.353 0.827 0.022 0.018
2 0.087 0.796 0.026 0.036
2 0.026 0.783 0.016 0.018