0 0.186 0.322 0.06 0.084
0 0.28 0.268 0.068 0.092
0 0.258 0.181 0.06 0.074
0 0.313 0.12 0.026 0.04
0 0.361 0.11 0.042 0.048
0 0.387 0.161 0.042 0.054
0 0.148 0.378 0.084 0.08
0 0.277 0.347 0.062 0.058
0 0.211 0.468 0.066 0.096
0 0.258 0.464 0.056 0.08
0 0.338 0.456 0.06 0.072
0 0.271 0.523 0.046 0.042
0 0.232 0.542 0.04 0.052
0 0.253 0.601 0.046 0.042
0 0.332 0.619 0.04 0.046
0 0.357 0.614 0.038 0.04
0 0.349 0.683 0.038 0.058
0 0.577 0.538 0.062 0.072
0 0.625 0.475 0.054 0.062
0 0.702 0.503 0.044 0.054
0 0.741 0.441 0.054 0.09
0 0.814 0.475 0.072 0.07
0 0.52 0.046 0.032 0.056
0 0.575 0.044 0.034 0.052
0 0.568 0.129 0.064 0.058
0 0.548 0.145 0.04 0.05
0 0.47 0.679 0.048 0.058
0 0.5 0.663 0.04 0.054
0 0.524 0.632 0.056 0.048
0 0.67 0.286 0.064 0.116
0 0.813 0.201 0.062 0.07
0 0.704 0.148 0.068 0.088
0 0.764 0.682 0.052 0.052
0 0.797 0.63 0.038 0.048
0 0.821 0.599 0.058 0.062
0 0.824 0.561 0.052 0.03
0 0.816 0.531 0.04 0.026
0 0.809 0.509 0.038 0.018
0 0.253 0.084 0.07 0.08
0 0.17 0.086 0.036 0.048
0 0.117 0.151 0.034 0.046
0 0.154 0.152 0.044 0.036
0 0.196 0.128 0.032 0.036
0 0.102 0.203 0.052 0.034
0 0.058 0.288 0.024 0.068
0 0.018 0.278 0.036 0.064
0 0.112 0.282 0.052 0.088
0 0.461 0.192 0.038 0.044
0 0.467 0.233 0.042 0.038
0 0.42 0.257 0.032 0.046
0 0.468 0.306 0.036 0.052
0 0.501 0.301 0.03 0.05
0 0.605 0.347 0.038 0.038
0 0.591 0.391 0.05 0.05
0 0.664 0.369 0.04 0.034
0 0.07 0.467 0.036 0.05
0 0.095 0.507 0.05 0.058
0 0.076 0.523 0.04 0.05
0 0.139 0.563 0.058 0.07
0 0.133 0.619 0.062 0.046
0 0.364 0.362 0.04 0.048
0 0.332 0.368 0.024 0.032
0 0.415 0.45 0.038 0.076
0 0.601 0.23 0.09 0.036
0 0.674 0.035 0.056 0.07
0 0.867 0.056 0.066 0.108
0 0.897 0.125 0.058 0.054
0 0.921 0.188 0.058 0.076
0 0.736 0.211 0.048 0.058
0 0.952 0.281 0.056 0.086
0 0.776 0.337 0.06 0.078
0 0.824 0.398 0.048 0.04
0 0.974 0.378 0.036 0.044
0 0.889 0.17 0.038 0.036
0 0.249 0.654 0.038 0.032
0 0.438 0.571 0.036 0.038
0 0.081 0.686 0.046 0.044
0 0.064 0.715 0.048 0.058
0 0.133 0.699 0.054 0.074
0 0.181 0.771 0.034 0.05
0 0.265 0.835 0.03 0.054
0 0.288 0.728 0.04 0.056
0 0.418 0.815 0.032 0.03
0 0.703 0.667 0.022 0.03
0 0.856 0.677 0.044 0.062
0 0.877 0.623 0.046 0.046
0 0.928 0.654 0.032 0.036
0 0.908 0.65 0.02 0.04
0 0.036 0.853 0.048 0.038
0 0.036 0.902 0.048 0.056
0 0.085 0.933 0.03 0.038
0 0.085 0.969 0.046 0.034
0 0.121 0.821 0.042 0.062
0 0.148 0.887 0.06 0.046
0 0.156 0.946 0.06 0.048
0 0.205 0.966 0.038 0.036
0 0.303 0.913 0.05 0.058
0 0.374 0.894 0.044 0.048
0 0.489 0.876 0.034 0.076
0 0.524 0.865 0.036 0.066
0 0.537 0.829 0.03 0.042
0 0.494 0.817 0.036 0.042
0 0.597 0.784 0.058 0.044
0 0.693 0.762 0.05 0.044
0 0.749 0.742 0.038 0.04
0 0.81 0.762 0.072 0.068
0 0.905 0.741 0.038 0.034
0 0.346 0.799 0.048 0.046
0 0.395 0.812 0.038 0.044
0 0.596 0.842 0.048 0.076
0 0.578 0.908 0.036 0.076
0 0.939 0.707 0.034 0.038
0 0.977 0.703 0.042 0.078
0 0.755 0.864 0.03 0.056
0 0.803 0.857 0.034 0.058
0 0.931 0.862 0.042 0.072
0 0.656 0.882 0.044 0.068
0 0.377 0.965 0.034 0.038
0 0.471 0.954 0.054 0.044
0 0.433 0.98 0.03 0.036
0 0.767 0.949 0.05 0.046
0 0.864 0.932 0.04 0.04
0 0.833 0.968 0.034 0.036
0 0.944 0.964 0.036 0.04
0 0.658 0.969 0.028 0.058
0 0.682 0.972 0.032 0.04
0 0.967 0.821 0.042 0.05
1 0.277 0.154 0.026 0.016
1 0.336 0.501 0.028 0.026
1 0.392 0.641 0.02 0.026
1 0.57 0.089 0.012 0.014
1 0.623 0.129 0.026 0.026
1 0.656 0.15 0.012 0.012
1 0.864 0.211 0.024 0.03
1 0.755 0.157 0.022 0.022
1 0.79 0.139 0.012 0.058
1 0.809 0.141 0.022 0.026
1 0.836 0.136 0.032 0.04
1 0.661 0.567 0.026 0.03
1 0.636 0.597 0.02 0.026
1 0.675 0.621 0.018 0.034
1 0.851 0.534 0.018 0.02
1 0.128 0.091 0.02 0.022
1 0.102 0.099 0.028 0.018
1 0.109 0.117 0.026 0.014
1 0.197 0.187 0.03 0.022
1 0.039 0.076 0.026 0.044
1 0.063 0.126 0.026 0.024
1 0.044 0.134 0.024 0.02
1 0.046 0.173 0.028 0.026
1 0.045 0.195 0.026 0.018
1 0.036 0.209 0.028 0.018
1 0.123 0.237 0.018 0.026
1 0.047 0.251 0.022 0.026
1 0.068 0.368 0.032 0.04
1 0.158 0.222 0.012 0.028
1 0.151 0.252 0.014 0.028
1 0.446 0.251 0.028 0.026
1 0.568 0.32 0.02 0.032
1 0.64 0.359 0.008 0.018
1 0.145 0.508 0.03 0.024
1 0.181 0.642 0.03 0.024
1 0.224 0.677 0.044 0.026
1 0.341 0.301 0.03 0.026
1 0.3 0.397 0.02 0.022
1 0.433 0.487 0.03 0.03
1 0.524 0.247 0.02 0.026
1 0.598 0.209 0.036 0.022
1 0.629 0.242 0.018 0.016
1 0.718 0.029 0.02 0.034
1 0.812 0.026 0.024 0.048
1 0.836 0.021 0.012 0.026
1 0.793 0.103 0.022 0.026
1 0.781 0.267 0.034 0.03
1 0.958 0.077 0.02 0.022
1 0.621 0.086 0.022 0.028
1 0.04 0.563 0.028 0.026
1 0.043 0.498 0.018 0.016
1 0.306 0.559 0.028 0.022
1 0.354 0.56 0.032 0.02
1 0.032 0.654 0.024 0.04
1 0.146 0.75 0.02 0.024
1 0.199 0.734 0.014 0.016
1 0.286 0.797 0.032 0.03
1 0.404 0.675 0.02 0.046
1 0.397 0.769 0.022 0.022
1 0.45 0.787 0.024 0.018
1 0.713 0.689 0.022 0.026
1 0.727 0.646 0.018 0.02
1 0.759 0.643 0.03 0.026
1 0.744 0.672 0.024 0.02
1 0.765 0.6 0.022 0.02
1 0.873 0.562 0.022 0.02
1 0.864 0.577 0.024 0.018
1 0.095 0.818 0.01 0.02
1 0.221 0.933 0.022 0.022
1 0.234 0.976 0.02 0.028
1 0.218 0.841 0.024 0.03
1 0.191 0.815 0.018 0.022
1 0.562 0.731 0.024 0.03
1 0.638 0.768 0.028 0.036
1 0.868 0.784 0.02 0.02
1 0.944 0.76 0.02 0.02
1 0.44 0.817 0.008 0.034
1 0.455 0.824 0.018 0.048
1 0.979 0.661 0.026 0.022
1 0.853 0.852 0.026 0.036
1 0.874 0.85 0.02 0.048
1 0.395 0.855 0.018 0.034
1 0.511 0.98 0.022 0.02
1 0.546 0.979 0.032 0.022
1 0.519 0.945 0.022 0.018
1 0.521 0.929 0.022 0.014
1 0.728 0.91 0.024 0.016
1 0.714 0.964 0.024 0.024
1 0.884 0.984 0.028 0.028
1 0.931 0.807 0.026 0.026
1 0.982 0.783 0.028 0.03
1 0.979 0.807 0.01 0.018
2 0.264 0.041 0.032 0.038
2 0.308 0.22 0.056 0.068
2 0.549 0.324 0.014 0.016
2 0.896 0.301 0.052 0.094
2 0.874 0.455 0.04 0.062
2 0.542 0.191 0.016 0.018
2 0.535 0.29 0.018 0.016
2 0.437 0.406 0.026 0.028
2 0.523 0.387 0.022 0.022
2 0.932 0.401 0.028 0.03
2 0.474 0.527 0.028 0.046
2 0.682 0.698 0.016 0.036
2 0.2 0.839 0.032 0.066
2 0.347 0.898 0.022 0.036
2 0.551 0.914 0.018 0.028
2 0.437 0.878 0.03 0.06
2 0.398 0.923 0.036 0.03
2 0.885 0.776 0.018 0.036
2 0.714 0.704 0.04 0.016