0 0.106 0.037 0.04 0.05
0 0.153 0.027 0.034 0.046
0 0.21 0.045 0.04 0.046
0 0.262 0.047 0.032 0.042
0 0.302 0.053 0.044 0.058
0 0.314 0.012 0.048 0.024
0 0.363 0.018 0.038 0.036
0 0.345 0.105 0.03 0.038
0 0.346 0.153 0.044 0.062
0 0.247 0.092 0.03 0.052
0 0.197 0.118 0.042 0.06
0 0.133 0.14 0.038 0.068
0 0.207 0.17 0.042 0.064
0 0.051 0.154 0.038 0.048
0 0.089 0.27 0.038 0.064
0 0.129 0.3 0.038 0.056
0 0.034 0.291 0.04 0.046
0 0.046 0.356 0.048 0.056
0 0.126 0.351 0.032 0.05
0 0.097 0.379 0.042 0.05
0 0.25 0.34 0.036 0.056
0 0.226 0.411 0.04 0.062
0 0.162 0.469 0.044 0.062
0 0.1 0.515 0.04 0.046
0 0.056 0.524 0.036 0.056
0 0.033 0.548 0.042 0.08
0 0.007 0.562 0.014 0.06
0 0.111 0.55 0.042 0.048
0 0.013 0.692 0.026 0.052
0 0.067 0.795 0.046 0.062
0 0.005 0.765 0.01 0.038
0 0.102 0.808 0.036 0.048
0 0.116 0.764 0.036 0.056
0 0.151 0.759 0.034 0.058
0 0.239 0.715 0.05 0.062
0 0.256 0.667 0.04 0.042
0 0.235 0.637 0.022 0.022
0 0.318 0.644 0.048 0.072
0 0.349 0.6 0.038 0.052
0 0.343 0.549 0.05 0.054
0 0.368 0.517 0.048 0.046
0 0.444 0.533 0.04 0.042
0 0.402 0.557 0.04 0.046
0 0.471 0.622 0.042 0.064
0 0.51 0.586 0.032 0.044
0 0.558 0.582 0.032 0.056
0 0.609 0.547 0.05 0.058
0 0.535 0.495 0.038 0.046
0 0.536 0.528 0.04 0.036
0 0.525 0.435 0.046 0.058
0 0.581 0.388 0.034 0.052
0 0.52 0.367 0.04 0.042
0 0.49 0.386 0.04 0.048
0 0.508 0.414 0.044 0.052
0 0.543 0.317 0.034 0.062
0 0.506 0.298 0.032 0.028
0 0.46 0.325 0.04 0.05
0 0.432 0.367 0.048 0.046
0 0.348 0.374 0.036 0.052
0 0.367 0.388 0.034 0.052
0 0.349 0.274 0.026 0.052
0 0.306 0.291 0.04 0.058
0 0.277 0.214 0.038 0.052
0 0.229 0.25 0.026 0.048
0 0.005 0.299 0.01 0.042
0 0.285 0.475 0.042 0.066
0 0.279 0.55 0.03 0.056
0 0.247 0.561 0.038 0.062
0 0.376 0.675 0.048 0.058
0 0.369 0.726 0.03 0.032
0 0.356 0.77 0.04 0.06
0 0.315 0.792 0.038 0.056
0 0.416 0.777 0.044 0.078
0 0.48 0.776 0.04 0.056
0 0.467 0.688 0.038 0.064
0 0.549 0.717 0.042 0.07
0 0.624 0.641 0.044 0.042
0 0.633 0.696 0.022 0.076
0 0.666 0.706 0.032 0.048
0 0.691 0.77 0.042 0.056
0 0.835 0.76 0.038 0.06
0 0.862 0.72 0.032 0.048
0 0.882 0.773 0.032 0.07
0 0.782 0.852 0.044 0.08
0 0.749 0.878 0.034 0.076
0 0.798 0.898 0.052 0.076
0 0.878 0.952 0.036 0.052
0 0.912 0.915 0.048 0.05
0 0.919 0.876 0.042 0.044
0 0.949 0.976 0.05 0.044
0 0.653 0.989 0.026 0.018
0 0.643 0.917 0.042 0.082
0 0.677 0.861 0.038 0.078
0 0.569 0.823 0.046 0.094
0 0.519 0.911 0.046 0.09
0 0.474 0.896 0.036 0.068
0 0.396 0.917 0.032 0.074
0 0.425 0.914 0.03 0.064
0 0.385 0.973 0.034 0.05
0 0.283 0.945 0.054 0.102
0 0.265 0.895 0.038 0.066
0 0.241 0.855 0.038 0.066
0 0.229 0.904 0.038 0.072
0 0.216 0.988 0.044 0.02
0 0.126 0.981 0.044 0.034
0 0.127 0.927 0.042 0.046
0 0.087 0.954 0.038 0.052
0 0.379 0.422 0.034 0.056
0 0.452 0.455 0.032 0.05
0 0.68 0.424 0.04 0.072
0 0.719 0.359 0.046 0.05
0 0.716 0.313 0.056 0.062
0 0.75 0.239 0.048 0.05
0 0.806 0.236 0.04 0.064
0 0.767 0.167 0.038 0.034
0 0.715 0.191 0.03 0.054
0 0.645 0.179 0.038 0.054
0 0.562 0.151 0.04 0.046
0 0.598 0.094 0.028 0.044
0 0.698 0.087 0.028 0.046
0 0.582 0.207 0.036 0.03
0 0.714 0.037 0.048 0.066
0 0.771 0.029 0.03 0.05
0 0.796 0.028 0.024 0.04
0 0.815 0.011 0.038 0.022
0 0.853 0.035 0.038 0.042
0 0.882 0.057 0.032 0.05
0 0.81 0.104 0.048 0.068
0 0.758 0.095 0.032 0.046
0 0.953 0.189 0.034 0.05
0 0.992 0.081 0.012 0.05
0 0.941 0.012 0.034 0.024
0 0.815 0.193 0.03 0.038
0 0.921 0.29 0.042 0.068
0 0.801 0.378 0.034 0.044
0 0.893 0.433 0.042 0.046
0 0.974 0.483 0.04 0.058
0 0.938 0.554 0.032 0.036
0 0.973 0.579 0.038 0.058
0 0.894 0.503 0.04 0.054
0 0.839 0.516 0.046 0.072
0 0.797 0.475 0.054 0.078
0 0.776 0.523 0.028 0.038
0 0.736 0.535 0.028 0.042
0 0.666 0.479 0.044 0.062
0 0.684 0.471 0.02 0.026
0 0.786 0.651 0.036 0.046
0 0.708 0.659 0.028 0.038
0 0.432 0.251 0.052 0.03
1 0.077 0.629 0.022 0.022
1 0.054 0.622 0.024 0.024
1 0.179 0.735 0.018 0.026
1 0.144 0.725 0.028 0.022
1 0.256 0.759 0.02 0.022
1 0.173 0.284 0.018 0.024
1 0.067 0.295 0.018 0.026
1 0.145 0.352 0.014 0.028
1 0.242 0.616 0.02 0.02
1 0.229 0.606 0.022 0.02
1 0.615 0.698 0.014 0.016
1 0.9 0.818 0.024 0.028
1 0.92 0.819 0.02 0.022
1 0.942 0.815 0.02 0.018
1 0.937 0.769 0.026 0.038
1 0.941 0.719 0.038 0.022
1 0.863 0.917 0.026 0.022
1 0.988 0.911 0.02 0.022
1 0.708 0.972 0.024 0.028
1 0.418 0.978 0.028 0.032
1 0.371 0.896 0.014 0.032
1 0.124 0.881 0.012 0.038
1 0.062 0.987 0.02 0.022
1 0.682 0.198 0.02 0.028
1 0.669 0.09 0.018 0.032
1 0.647 0.103 0.022 0.03
1 0.921 0.136 0.022 0.028
1 0.894 0.166 0.02 0.02
1 0.937 0.154 0.022 0.02
1 0.992 0.167 0.012 0.034
1 0.888 0.398 0.028 0.02
1 0.941 0.486 0.018 0.028
1 0.992 0.438 0.012 0.028
1 0.981 0.532 0.018 0.024
1 0.728 0.498 0.016 0.028
1 0.731 0.684 0.026 0.028
1 0.862 0.568 0.024 0.024
1 0.863 0.59 0.022 0.02
1 0.918 0.504 0.02 0.032
1 0.383 0.108 0.014 0.048
1 0.33 0.029 0.02 0.018
1 0.403 0.183 0.034 0.038
1 0.539 0.198 0.018 0.036
1 0.626 0.257 0.02 0.022
1 0.31 0.22 0.016 0.02
1 0.072 0.477 0.024 0.022
1 0.454 0.477 0.04 0.034
1 0.285 0.694 0.018 0.036
1 0.587 0.972 0.026 0.036
1 0.564 0.903 0.024 0.054
1 0.614 0.829 0.04 0.026
1 0.696 0.908 0.02 0.032
1 0.707 0.881 0.018 0.026
1 0.662 0.82 0.02 0.028
1 0.64 0.862 0.02 0.02
1 0.522 0.768 0.032 0.016
1 0.495 0.827 0.03 0.026
1 0.107 0.125 0.026 0.026
1 0.107 0.083 0.03 0.026
1 0.076 0.109 0.02 0.026
1 0.008 0.017 0.016 0.034
1 0.542 0.033 0.016 0.026
1 0.542 0.991 0.024 0.014
1 0.765 0.796 0.026 0.024
1 0.981 0.306 0.03 0.024
1 0.158 0.385 0.016 0.022
2 0.081 0.565 0.026 0.026
2 0.114 0.675 0.032 0.038
2 0.055 0.776 0.014 0.024
2 0.223 0.753 0.03 0.026
2 0.204 0.275 0.024 0.058
2 0.828 0.933 0.036 0.042
2 0.106 0.88 0.024 0.032
2 0.167 0.826 0.014 0.032
2 0.757 0.134 0.03 0.04
2 0.971 0.13 0.038 0.052
2 0.709 0.536 0.026 0.04
2 0.813 0.622 0.026 0.048
2 0.768 0.681 0.02 0.026
2 0.37 0.095 0.012 0.038
2 0.418 0.198 0.032 0.024
2 0.427 0.309 0.026 0.038
2 0.354 0.325 0.032 0.018
2 0.582 0.299 0.04 0.058
2 0.666 0.254 0.02 0.02
2 0.289 0.268 0.026 0.044
2 0.247 0.293 0.034 0.03
2 0.095 0.462 0.022 0.04
2 0.174 0.541 0.024 0.038
2 0.352 0.44 0.024 0.024
2 0.177 0.042 0.026 0.036
2 0.139 0.189 0.034 0.03
2 0.486 0.187 0.072 0.082
2 0.67 0.047 0.036 0.066
2 0.508 0.977 0.048 0.042
2 0.412 0.045 0.072 0.082
2 0.874 0.358 0.032 0.048
2 0.681 0.373 0.022 0.026
2 0.501 0.547 0.03 0.026
2 0.396 0.7 0.032 0.032
2 0.531 0.817 0.018 0.018
2 0.245 0.48 0.038 0.044
2 0.145 0.533 0.03 0.03
2 0.059 0.411 0.022 0.03