0 0.913 0.016 0.05 0.032
0 0.941 0.006 0.03 0.012
0 0.977 0.078 0.042 0.04
0 0.825 0.01 0.042 0.02
0 0.876 0.069 0.06 0.03
0 0.974 0.179 0.032 0.034
0 0.91 0.193 0.048 0.05
0 0.804 0.072 0.04 0.036
0 0.761 0.061 0.042 0.054
0 0.845 0.174 0.038 0.044
0 0.921 0.251 0.034 0.042
0 0.99 0.299 0.016 0.05
0 0.989 0.353 0.018 0.042
0 0.946 0.396 0.036 0.048
0 0.965 0.469 0.038 0.042
0 0.983 0.558 0.03 0.04
0 0.921 0.514 0.034 0.048
0 0.939 0.586 0.038 0.052
0 0.961 0.671 0.034 0.054
0 0.942 0.739 0.036 0.054
0 0.974 0.752 0.032 0.064
0 0.974 0.92 0.016 0.024
0 0.969 0.943 0.026 0.038
0 0.923 0.95 0.038 0.04
0 0.892 0.879 0.036 0.066
0 0.877 0.982 0.034 0.032
0 0.822 0.931 0.028 0.05
0 0.788 0.917 0.024 0.026
0 0.806 0.901 0.024 0.03
0 0.783 0.855 0.038 0.046
0 0.689 0.921 0.034 0.042
0 0.849 0.736 0.034 0.044
0 0.798 0.771 0.036 0.03
0 0.829 0.664 0.03 0.048
0 0.814 0.593 0.032 0.054
0 0.764 0.598 0.04 0.044
0 0.743 0.628 0.026 0.064
0 0.726 0.628 0.012 0.032
0 0.702 0.707 0.016 0.026
0 0.613 0.836 0.026 0.06
0 0.483 0.954 0.034 0.052
0 0.505 0.948 0.01 0.028
0 0.452 0.987 0.032 0.022
0 0.438 0.937 0.032 0.05
0 0.438 0.897 0.02 0.026
0 0.37 0.934 0.036 0.044
0 0.275 0.96 0.038 0.052
0 0.245 0.901 0.026 0.038
0 0.202 0.927 0.036 0.042
0 0.193 0.983 0.018 0.022
0 0.166 0.942 0.028 0.028
0 0.104 0.94 0.024 0.028
0 0.099 0.931 0.018 0.018
0 0.056 0.941 0.024 0.042
0 0.181 0.877 0.034 0.038
0 0.066 0.844 0.032 0.036
0 0.037 0.808 0.038 0.032
0 0.018 0.842 0.032 0.06
0 0.226 0.814 0.032 0.052
0 0.118 0.774 0.04 0.04
0 0.111 0.727 0.038 0.038
0 0.055 0.709 0.042 0.042
0 0.032 0.73 0.036 0.04
0 0.456 0.795 0.036 0.054
0 0.406 0.786 0.028 0.064
0 0.317 0.756 0.03 0.04
0 0.378 0.731 0.024 0.034
0 0.485 0.728 0.038 0.04
0 0.546 0.749 0.028 0.042
0 0.616 0.704 0.036 0.056
0 0.665 0.604 0.042 0.04
0 0.533 0.626 0.038 0.068
0 0.449 0.629 0.034 0.05
0 0.599 0.502 0.042 0.044
0 0.662 0.467 0.044 0.038
0 0.775 0.535 0.038 0.046
0 0.809 0.325 0.038 0.05
0 0.82 0.358 0.024 0.036
0 0.774 0.347 0.04 0.034
0 0.729 0.365 0.018 0.022
0 0.731 0.382 0.038 0.032
0 0.698 0.353 0.036 0.038
0 0.724 0.273 0.028 0.062
0 0.751 0.252 0.026 0.072
0 0.789 0.214 0.034 0.044
0 0.711 0.166 0.046 0.036
0 0.706 0.093 0.04 0.038
0 0.681 0.213 0.038 0.042
0 0.613 0.249 0.034 0.054
0 0.058 0.023 0.036 0.046
0 0.022 0.082 0.04 0.04
0 0.003 0.133 0.002 0.022
0 0.033 0.148 0.034 0.032
0 0.036 0.173 0.024 0.03
0 0.02 0.234 0.036 0.068
0 0.096 0.247 0.028 0.054
0 0.112 0.178 0.04 0.052
0 0.118 0.102 0.032 0.032
0 0.168 0.145 0.036 0.046
0 0.246 0.141 0.044 0.05
0 0.297 0.139 0.034 0.042
0 0.283 0.067 0.038 0.074
0 0.317 0.064 0.03 0.04
0 0.367 0.047 0.042 0.026
0 0.361 0.072 0.026 0.036
0 0.39 0.008 0.036 0.016
0 0.488 0.006 0.024 0.012
0 0.468 0.011 0.028 0.022
0 0.61 0.007 0.048 0.014
0 0.628 0.052 0.032 0.024
0 0.622 0.071 0.036 0.026
0 0.626 0.09 0.036 0.024
0 0.478 0.093 0.04 0.042
0 0.435 0.084 0.038 0.048
0 0.558 0.166 0.036 0.032
0 0.556 0.304 0.04 0.036
0 0.552 0.328 0.02 0.016
0 0.583 0.39 0.042 0.048
0 0.531 0.378 0.03 0.052
0 0.513 0.531 0.03 0.054
0 0.497 0.482 0.038 0.056
0 0.427 0.461 0.046 0.042
0 0.014 0.58 0.024 0.068
0 0.086 0.64 0.04 0.06
0 0.263 0.718 0.034 0.036
0 0.182 0.64 0.032 0.064
0 0.167 0.598 0.038 0.052
0 0.167 0.546 0.026 0.044
0 0.272 0.609 0.024 0.046
0 0.299 0.648 0.03 0.064
0 0.352 0.653 0.036 0.066
0 0.426 0.573 0.016 0.018
0 0.425 0.556 0.022 0.008
0 0.355 0.515 0.038 0.042
0 0.301 0.523 0.034 0.042
0 0.408 0.349 0.04 0.038
0 0.354 0.35 0.032 0.02
0 0.366 0.404 0.028 0.028
0 0.341 0.383 0.038 0.042
0 0.438 0.261 0.036 0.058
0 0.046 0.539 0.032 0.054
0 0.065 0.513 0.03 0.046
0 0.014 0.447 0.024 0.054
0 0.009 0.361 0.014 0.038
0 0.022 0.331 0.024 0.026
0 0.074 0.313 0.016 0.026
0 0.116 0.294 0.028 0.032
0 0.152 0.288 0.032 0.036
0 0.138 0.344 0.036 0.06
0 0.207 0.45 0.038 0.044
0 0.241 0.453 0.03 0.03
0 0.257 0.431 0.03 0.034
0 0.267 0.411 0.038 0.038
0 0.288 0.374 0.04 0.024
0 0.226 0.396 0.036 0.036
0 0.218 0.364 0.016 0.02
0 0.291 0.32 0.038 0.04
0 0.26 0.318 0.024 0.032
0 0.266 0.237 0.036 0.066
0 0.304 0.234 0.024 0.048
0 0.314 0.257 0.024 0.042
0 0.341 0.194 0.034 0.04
0 0.388 0.169 0.04 0.042
1 0.92 0.094 0.032 0.016
1 0.789 0.023 0.034 0.03
1 0.725 0.031 0.03 0.026
1 0.991 0.508 0.014 0.024
1 0.915 0.885 0.022 0.042
1 0.834 0.942 0.02 0.028
1 0.799 0.942 0.018 0.024
1 0.816 0.873 0.02 0.022
1 0.774 0.984 0.02 0.024
1 0.699 0.993 0.022 0.01
1 0.676 0.952 0.028 0.028
1 0.775 0.725 0.022 0.022
1 0.729 0.669 0.018 0.034
1 0.732 0.837 0.016 0.03
1 0.579 0.985 0.014 0.026
1 0.567 0.975 0.014 0.01
1 0.575 0.929 0.026 0.026
1 0.546 0.91 0.016 0.028
1 0.464 0.933 0.02 0.026
1 0.514 0.877 0.02 0.034
1 0.319 0.984 0.018 0.028
1 0.299 0.928 0.018 0.02
1 0.296 0.895 0.024 0.026
1 0.22 0.979 0.02 0.022
1 0.043 0.975 0.018 0.018
1 0.024 0.953 0.016 0.018
1 0.012 0.964 0.016 0.036
1 0.082 0.885 0.024 0.026
1 0.137 0.853 0.022 0.026
1 0.062 0.812 0.016 0.028
1 0.503 0.808 0.014 0.028
1 0.37 0.807 0.032 0.018
1 0.358 0.815 0.016 0.022
1 0.6 0.765 0.02 0.014
1 0.608 0.661 0.016 0.026
1 0.64 0.566 0.016 0.016
1 0.613 0.603 0.014 0.01
1 0.601 0.617 0.014 0.022
1 0.562 0.574 0.028 0.024
1 0.486 0.581 0.032 0.026
1 0.631 0.479 0.022 0.018
1 0.716 0.537 0.024 0.018
1 0.735 0.494 0.018 0.024
1 0.698 0.43 0.032 0.02
1 0.855 0.478 0.042 0.06
1 0.88 0.368 0.02 0.032
1 0.669 0.35 0.03 0.024
1 0.613 0.329 0.01 0.03
1 0.701 0.14 0.026 0.02
1 0.647 0.225 0.03 0.034
1 0.004 0.047 0.004 0.026
1 0.119 0.129 0.026 0.018
1 0.162 0.091 0.024 0.022
1 0.228 0.091 0.02 0.022
1 0.236 0.11 0.02 0.02
1 0.237 0.039 0.022 0.03
1 0.38 0.062 0.008 0.012
1 0.365 0.064 0.01 0.02
1 0.514 0.005 0.02 0.01
1 0.551 0.023 0.034 0.038
1 0.538 0.098 0.016 0.02
1 0.559 0.256 0.026 0.04
1 0.524 0.259 0.024 0.038
1 0.378 0.445 0.012 0.03
1 0.063 0.621 0.014 0.022
1 0.08 0.676 0.024 0.012
1 0.216 0.713 0.024 0.022
1 0.234 0.557 0.012 0.03
1 0.311 0.468 0.022 0.024
1 0.369 0.375 0.01 0.034
1 0.033 0.437 0.014 0.03
1 0.078 0.415 0.024 0.022
1 0.054 0.394 0.02 0.024
1 0.048 0.407 0.016 0.018
1 0.068 0.396 0.012 0.02
1 0.057 0.37 0.014 0.012
1 0.074 0.278 0.008 0.024
1 0.295 0.391 0.022 0.01
1 0.296 0.402 0.02 0.016
1 0.16 0.406 0.012 0.048
1 0.138 0.457 0.016 0.026
1 0.214 0.315 0.02 0.022
1 0.207 0.302 0.022 0.024
1 0.335 0.173 0.022 0.018
1 0.298 0.198 0.008 0.028
1 0.472 0.603 0.012 0.018
2 0.99 0.098 0.016 0.032
2 0.942 0.853 0.016 0.042
2 0.223 0.933 0.026 0.034
2 0.121 0.965 0.022 0.026
2 0.111 0.982 0.018 0.012
2 0.718 0.221 0.02 0.03
2 0.18 0.561 0.02 0.026
2 0.184 0.5 0.012 0.02
2 0.319 0.571 0.026 0.034
2 0.448 0.425 0.032 0.042
2 0.594 0.574 0.016 0.012
2 0.586 0.559 0.016 0.014
2 0.224 0.653 0.012 0.022
2 0.118 0.702 0.02 0.016
2 0.089 0.72 0.01 0.016
2 0.24 0.181 0.024 0.014
2 0.164 0.19 0.02 0.02
2 0.058 0.128 0.02 0.016
2 0.35 0.245 0.012 0.026
2 0.51 0.327 0.016 0.014
2 0.016 0.486 0.02 0.016
2 0.011 0.502 0.018 0.016
2 0.081 0.588 0.022 0.02
2 0.187 0.517 0.026 0.022
2 0.638 0.502 0.016 0.028
2 0.708 0.503 0.028 0.026
2 0.701 0.481 0.014 0.01
2 0.584 0.448 0.024 0.012
2 0.899 0.326 0.022 0.024
2 0.57 0.045 0.024 0.018
2 0.653 0.035 0.018 0.022
2 0.633 0.034 0.014 0.012
2 0.622 0.04 0.008 0.012
2 0.6 0.041 0.004 0.006
2 0.64 0.181 0.012 0.014
2 0.401 0.858 0.018 0.016
2 0.048 0.775 0.024 0.034
2 0.334 0.936 0.016 0.012
2 0.419 0.969 0.018 0.03
2 0.634 0.877 0.012 0.022
2 0.526 0.846 0.008 0.02
2 0.535 0.873 0.006 0.014
2 0.542 0.892 0.008 0.016
2 0.504 0.06 0.008 0.016
2 0.426 0.022 0.004 0.012
2 0.385 0.018 0.014 0.008