0 0.857 0.888 0.058 0.052
0 0.843 0.822 0.038 0.028
0 0.858 0.77 0.036 0.044
0 0.732 0.676 0.068 0.056
0 0.838 0.573 0.056 0.054
0 0.888 0.697 0.044 0.054
0 0.908 0.627 0.052 0.05
0 0.958 0.578 0.04 0.052
0 0.956 0.336 0.048 0.052
0 0.902 0.355 0.064 0.062
0 0.83 0.401 0.064 0.066
0 0.689 0.481 0.05 0.042
0 0.596 0.504 0.044 0.032
0 0.561 0.451 0.042 0.038
0 0.519 0.473 0.034 0.054
0 0.467 0.488 0.078 0.056
0 0.451 0.627 0.05 0.034
0 0.48 0.667 0.064 0.074
0 0.574 0.888 0.044 0.056
0 0.526 0.841 0.064 0.05
0 0.573 0.78 0.066 0.048
0 0.499 0.751 0.046 0.054
0 0.396 0.671 0.044 0.03
0 0.407 0.578 0.07 0.064
0 0.281 0.602 0.05 0.044
0 0.182 0.618 0.044 0.044
0 0.177 0.658 0.046 0.032
0 0.239 0.691 0.05 0.042
0 0.273 0.718 0.046 0.044
0 0.153 0.702 0.054 0.032
0 0.071 0.718 0.046 0.036
0 0.021 0.747 0.038 0.042
0 0.139 0.575 0.042 0.03
0 0.153 0.538 0.046 0.04
0 0.134 0.484 0.056 0.036
0 0.171 0.429 0.05 0.038
0 0.089 0.394 0.07 0.04
0 0.277 0.448 0.042 0.036
0 0.303 0.416 0.05 0.036
0 0.298 0.384 0.068 0.052
0 0.385 0.496 0.046 0.056
0 0.408 0.511 0.044 0.046
0 0.227 0.479 0.058 0.054
0 0.335 0.331 0.07 0.038
0 0.37 0.29 0.044 0.044
0 0.449 0.31 0.054 0.048
0 0.481 0.275 0.034 0.046
0 0.769 0.214 0.046 0.052
0 0.586 0.25 0.088 0.068
0 0.547 0.22 0.05 0.044
0 0.574 0.174 0.032 0.032
0 0.535 0.181 0.042 0.046
0 0.7 0.027 0.056 0.034
0 0.601 0.013 0.054 0.022
0 0.526 0.04 0.044 0.044
0 0.468 0.022 0.036 0.04
0 0.429 0.011 0.042 0.018
0 0.681 0.357 0.082 0.066
0 0.642 0.403 0.076 0.042
0 0.979 0.761 0.038 0.07
0 0.927 0.272 0.078 0.076
0 0.928 0.179 0.04 0.054
0 0.761 0.128 0.05 0.048
0 0.825 0.05 0.034 0.056
0 0.932 0.069 0.072 0.042
0 0.922 0.134 0.072 0.052
0 0.67 0.061 0.06 0.046
0 0.846 0.224 0.04 0.04
0 0.619 0.335 0.078 0.054
0 0.573 0.343 0.03 0.03
0 0.528 0.36 0.052 0.048
0 0.405 0.432 0.042 0.036
0 0.719 0.613 0.058 0.046
0 0.61 0.651 0.06 0.042
0 0.601 0.592 0.054 0.04
0 0.672 0.554 0.048 0.048
0 0.604 0.557 0.044 0.038
0 0.872 0.505 0.06 0.09
0 0.351 0.772 0.046 0.06
0 0.341 0.808 0.07 0.064
0 0.305 0.842 0.058 0.04
0 0.23 0.807 0.04 0.042
0 0.225 0.846 0.058 0.036
0 0.132 0.839 0.044 0.038
0 0.205 0.904 0.05 0.048
0 0.125 0.926 0.062 0.056
0 0.248 0.967 0.056 0.046
0 0.066 0.915 0.04 0.038
0 0.055 0.82 0.054 0.04
0 0.011 0.856 0.018 0.048
0 0.011 0.814 0.018 0.04
0 0.016 0.555 0.028 0.042
0 0.015 0.529 0.026 0.034
0 0.026 0.691 0.048 0.038
0 0.015 0.659 0.026 0.038
0 0.038 0.634 0.072 0.036
0 0.006 0.617 0.008 0.03
0 0.038 0.58 0.044 0.036
0 0.81 0.943 0.056 0.042
0 0.889 0.962 0.054 0.056
0 0.779 0.91 0.03 0.048
0 0.714 0.919 0.068 0.066
0 0.68 0.97 0.06 0.044
0 0.589 0.961 0.05 0.074
0 0.509 0.974 0.03 0.04
0 0.468 0.987 0.048 0.022
0 0.37 0.989 0.048 0.018
0 0.436 0.888 0.064 0.06
0 0.667 0.899 0.066 0.058
0 0.486 0.823 0.06 0.046
0 0.614 0.113 0.072 0.054
0 0.498 0.135 0.068 0.05
0 0.449 0.227 0.046 0.038
0 0.472 0.204 0.028 0.028
0 0.35 0.197 0.056 0.038
0 0.324 0.236 0.036 0.028
0 0.279 0.215 0.042 0.034
0 0.194 0.285 0.052 0.042
0 0.161 0.225 0.046 0.038
0 0.379 0.078 0.042 0.036
0 0.346 0.07 0.048 0.036
0 0.197 0.129 0.05 0.038
0 0.254 0.043 0.036 0.038
0 0.221 0.053 0.03 0.038
0 0.188 0.044 0.052 0.04
0 0.166 0.11 0.036 0.06
0 0.084 0.124 0.056 0.044
0 0.074 0.083 0.052 0.042
0 0.006 0.015 0.008 0.026
0 0.235 0.164 0.062 0.032
0 0.095 0.176 0.034 0.02
0 0.069 0.208 0.046 0.036
0 0.019 0.175 0.034 0.042
0 0.094 0.263 0.064 0.034
0 0.052 0.26 0.044 0.032
0 0.053 0.291 0.05 0.038
0 0.985 0.023 0.026 0.042
0 0.962 0.03 0.04 0.052
0 0.898 0.007 0.044 0.01
0 0.081 0.476 0.046 0.036
0 0.645 0.273 0.046 0.042
0 0.266 0.15 0.044 0.036
0 0.992 0.909 0.012 0.034
0 0.985 0.992 0.026 0.012
0 0.991 0.15 0.014 0.036
0 0.99 0.287 0.016 0.022
0 0.985 0.458 0.026 0.044
0 0.995 0.553 0.006 0.038
0 0.992 0.856 0.012 0.044
0 0.075 0.99 0.042 0.016
0 0.299 0.016 0.03 0.028
0 0.519 0.923 0.038 0.042
0 0.782 0.082 0.032 0.06
0 0.623 0.076 0.062 0.028
0 0.546 0.006 0.032 0.008
0 0.007 0.218 0.01 0.016
0 0.127 0.732 0.046 0.032
1 0.672 0.797 0.04 0.038
1 0.889 0.542 0.034 0.036
1 0.948 0.679 0.028 0.038
1 0.781 0.788 0.05 0.032
1 0.342 0.125 0.028 0.022
1 0.961 0.935 0.03 0.018
1 0.939 0.963 0.03 0.018
1 0.91 0.857 0.016 0.034
1 0.912 0.82 0.012 0.008
1 0.802 0.864 0.032 0.024
1 0.723 0.752 0.022 0.02
1 0.748 0.847 0.032 0.034
1 0.574 0.818 0.024 0.044
1 0.608 0.742 0.032 0.02
1 0.618 0.68 0.012 0.024
1 0.652 0.664 0.032 0.016
1 0.664 0.615 0.02 0.018
1 0.704 0.541 0.02 0.026
1 0.75 0.544 0.032 0.02
1 0.807 0.544 0.022 0.024
1 0.804 0.628 0.016 0.036
1 0.552 0.52 0.02 0.024
1 0.477 0.546 0.014 0.02
1 0.493 0.602 0.022 0.016
1 0.317 0.544 0.038 0.016
1 0.306 0.672 0.02 0.028
1 0.274 0.638 0.032 0.02
1 0.208 0.544 0.024 0.024
1 0.416 0.788 0.02 0.024
1 0.215 0.772 0.022 0.024
1 0.113 0.757 0.038 0.022
1 0.122 0.559 0.024 0.014
1 0.112 0.579 0.016 0.026
1 0.091 0.602 0.018 0.008
1 0.09 0.576 0.02 0.016
1 0.053 0.469 0.018 0.022
1 0.183 0.373 0.034 0.022
1 0.232 0.291 0.016 0.034
1 0.129 0.214 0.014 0.012
1 0.107 0.223 0.022 0.018
1 0.033 0.175 0.018 0.018
1 0.433 0.17 0.042 0.02
1 0.388 0.141 0.02 0.026
1 0.331 0.187 0.018 0.014
1 0.299 0.127 0.026 0.014
1 0.292 0.166 0.012 0.016
1 0.249 0.131 0.022 0.014
1 0.062 0.055 0.028 0.026
1 0.455 0.416 0.018 0.028
1 0.605 0.387 0.026 0.01
1 0.4 0.343 0.04 0.018
1 0.695 0.156 0.022 0.024
1 0.551 0.134 0.03 0.02
1 0.573 0.071 0.026 0.014
1 0.53 0.107 0.024 0.026
1 0.896 0.112 0.02 0.024
1 0.877 0.133 0.026 0.026
1 0.352 0.977 0.02 0.022
1 0.679 0.861 0.018 0.01
1 0.988 0.248 0.02 0.044
1 0.888 0.186 0.032 0.028
1 0.894 0.024 0.024 0.028
1 0.776 0.025 0.036 0.026
1 0.486 0.082 0.032 0.036
1 0.288 0.028 0.016 0.04
1 0.49 0.364 0.02 0.024
1 0.01 0.479 0.016 0.026
1 0.026 0.331 0.016 0.014
1 0.903 0.406 0.022 0.028
1 0.899 0.458 0.026 0.028
1 0.941 0.53 0.03 0.024
1 0.839 0.285 0.022 0.03
1 0.808 0.293 0.024 0.014
1 0.861 0.689 0.018 0.034
1 0.57 0.947 0.02 0.022
1 0.377 0.953 0.026 0.014
1 0.122 0.869 0.02 0.026
1 0.551 0.672 0.026 0.032
1 0.69 0.263 0.036 0.026
1 0.759 0.194 0.026 0.016
1 0.917 0.017 0.022 0.022
1 0.765 0.173 0.058 0.038
1 0.604 0.052 0.012 0.016
1 0.71 0.108 0.016 0.02
1 0.373 0.049 0.022 0.018
1 0.163 0.274 0.018 0.028
1 0.018 0.283 0.016 0.018
1 0.148 0.443 0.024 0.014
1 0.402 0.205 0.024 0.03
1 0.408 0.279 0.028 0.026
1 0.364 0.64 0.024 0.032
1 0.468 0.14 0.028 0.016
1 0.738 0.582 0.024 0.024
2 0.914 0.553 0.032 0.026
2 0.412 0.11 0.048 0.024
2 0.27 0.093 0.032 0.034
2 0.382 0.866 0.036 0.036
2 0.031 0.997 0.026 0.002
2 0.768 0.333 0.016 0.014
2 0.781 0.408 0.022 0.028
2 0.753 0.446 0.034 0.02
2 0.772 0.513 0.032 0.034
2 0.63 0.528 0.016 0.028
2 0.519 0.538 0.022 0.024
2 0.809 0.08 0.03 0.024
2 0.811 0.004 0.038 0.004
2 0.995 0.207 0.006 0.026
2 0.961 0.211 0.006 0.01
2 0.942 0.205 0.016 0.01
2 0.249 0.017 0.018 0.014
2 0.176 0.004 0.036 0.004
2 0.108 0.003 0.012 0.002
2 0.302 0.318 0.02 0.016
2 0.064 0.317 0.024 0.018
2 0.003 0.244 0.002 0.024
2 0.675 0.747 0.018 0.01
2 0.642 0.857 0.032 0.034
2 0.713 0.872 0.014 0.036
2 0.606 0.834 0.016 0.02
2 0.524 0.802 0.02 0.016
2 0.542 0.701 0.016 0.026
2 0.363 0.703 0.014 0.018
2 0.074 0.524 0.028 0.02
2 0.004 0.454 0.004 0.02
2 0.222 0.193 0.028 0.01
2 0.045 0.149 0.038 0.022
2 0.708 0.3 0.012 0.008
2 0.997 0.385 0.002 0.014
2 0.886 0.282 0.012 0.024
2 0.87 0.158 0.024 0.02
2 0.888 0.615 0.024 0.03
2 0.402 0.982 0.028 0.012
2 0.554 0.942 0.012 0.016
2 0.256 0.248 0.012 0.012
2 0.807 0.915 0.038 0.022