0 0.826 0.285 0.036 0.082
0 0.725 0.172 0.038 0.048
0 0.743 0.226 0.038 0.06
0 0.736 0.334 0.032 0.06
0 0.7 0.358 0.04 0.056
0 0.655 0.199 0.034 0.054
0 0.561 0.142 0.038 0.052
0 0.869 0.033 0.042 0.066
0 0.722 0.044 0.048 0.064
0 0.969 0.638 0.05 0.068
0 0.957 0.719 0.046 0.062
0 0.894 0.678 0.036 0.052
0 0.902 0.574 0.048 0.06
0 0.867 0.365 0.042 0.07
0 0.809 0.384 0.05 0.072
0 0.705 0.423 0.046 0.062
0 0.906 0.473 0.044 0.062
0 0.919 0.191 0.046 0.05
0 0.98 0.339 0.036 0.062
0 0.67 0.312 0.028 0.048
0 0.615 0.036 0.034 0.036
0 0.634 0.526 0.056 0.064
0 0.643 0.575 0.042 0.054
0 0.725 0.618 0.03 0.064
0 0.845 0.765 0.034 0.046
0 0.832 0.817 0.052 0.07
0 0.792 0.832 0.036 0.068
0 0.916 0.801 0.048 0.046
0 0.902 0.768 0.04 0.036
0 0.957 0.928 0.038 0.052
0 0.875 0.893 0.046 0.046
0 0.761 0.788 0.038 0.04
0 0.708 0.771 0.04 0.03
0 0.734 0.699 0.044 0.05
0 0.672 0.665 0.044 0.094
0 0.638 0.667 0.04 0.066
0 0.744 0.931 0.06 0.046
0 0.779 0.931 0.038 0.058
0 0.967 0.976 0.05 0.044
0 0.82 0.984 0.04 0.028
0 0.905 0.977 0.026 0.042
0 0.708 0.86 0.04 0.044
0 0.601 0.75 0.05 0.068
0 0.567 0.575 0.034 0.062
0 0.583 0.669 0.046 0.086
0 0.601 0.894 0.042 0.068
0 0.677 0.972 0.034 0.052
0 0.617 0.971 0.062 0.054
0 0.492 0.839 0.04 0.054
0 0.496 0.9 0.036 0.064
0 0.462 0.941 0.024 0.03
0 0.38 0.85 0.036 0.06
0 0.479 0.606 0.038 0.064
0 0.494 0.711 0.032 0.03
0 0.435 0.716 0.042 0.064
0 0.318 0.977 0.04 0.042
0 0.379 0.701 0.034 0.058
0 0.505 0.409 0.038 0.046
0 0.39 0.627 0.048 0.074
0 0.483 0.496 0.046 0.052
0 0.782 0.56 0.028 0.044
0 0.765 0.385 0.03 0.03
0 0.892 0.736 0.02 0.028
0 0.879 0.712 0.026 0.032
0 0.476 0.326 0.04 0.056
0 0.351 0.247 0.034 0.058
0 0.301 0.247 0.034 0.054
0 0.372 0.329 0.036 0.05
0 0.337 0.303 0.03 0.046
0 0.269 0.31 0.042 0.052
0 0.405 0.399 0.042 0.05
0 0.502 0.026 0.048 0.052
0 0.439 0.02 0.03 0.04
0 0.337 0.01 0.034 0.02
0 0.384 0.078 0.044 0.036
0 0.369 0.131 0.05 0.05
0 0.158 0.026 0.04 0.052
0 0.239 0.121 0.042 0.066
0 0.081 0.054 0.042 0.048
0 0.079 0.109 0.054 0.082
0 0.104 0.098 0.04 0.06
0 0.162 0.13 0.04 0.048
0 0.136 0.147 0.02 0.054
0 0.19 0.204 0.036 0.072
0 0.101 0.243 0.042 0.074
0 0.132 0.223 0.048 0.102
0 0.151 0.313 0.042 0.046
0 0.157 0.282 0.042 0.044
0 0.131 0.349 0.042 0.062
0 0.372 0.467 0.044 0.058
0 0.272 0.763 0.048 0.058
0 0.184 0.68 0.052 0.048
0 0.182 0.725 0.04 0.058
0 0.204 0.55 0.04 0.06
0 0.119 0.535 0.046 0.05
0 0.391 0.556 0.038 0.048
0 0.075 0.563 0.034 0.034
0 0.158 0.447 0.068 0.074
0 0.26 0.381 0.04 0.062
0 0.504 0.244 0.052 0.076
0 0.579 0.314 0.042 0.056
0 0.441 0.2 0.026 0.056
0 0.421 0.152 0.034 0.056
0 0.084 0.406 0.032 0.06
0 0.513 0.468 0.062 0.056
0 0.021 0.421 0.038 0.062
0 0.021 0.476 0.03 0.052
0 0.055 0.484 0.038 0.064
0 0.01 0.604 0.016 0.064
0 0.025 0.576 0.042 0.048
0 0.057 0.649 0.034 0.046
0 0.032 0.725 0.048 0.07
0 0.091 0.805 0.042 0.05
0 0.188 0.844 0.044 0.068
0 0.122 0.872 0.032 0.068
0 0.026 0.941 0.048 0.058
0 0.27 0.877 0.04 0.046
0 0.63 0.068 0.048 0.04
0 0.228 0.027 0.052 0.054
0 0.867 0.146 0.038 0.052
0 0.852 0.151 0.028 0.05
0 0.88 0.312 0.068 0.064
0 0.279 0.484 0.05 0.068
0 0.972 0.492 0.032 0.032
0 0.78 0.497 0.048 0.054
0 0.251 0.664 0.038 0.076
0 0.085 0.977 0.054 0.042
0 0.2 0.967 0.052 0.062
1 0.789 0.233 0.038 0.03
1 0.614 0.186 0.028 0.04
1 0.743 0.028 0.022 0.032
1 0.666 0.032 0.016 0.016
1 0.656 0.04 0.012 0.012
1 0.985 0.699 0.018 0.018
1 0.854 0.503 0.02 0.026
1 0.827 0.583 0.026 0.026
1 0.934 0.146 0.028 0.024
1 0.851 0.386 0.01 0.036
1 0.957 0.377 0.018 0.018
1 0.922 0.391 0.028 0.018
1 0.906 0.159 0.024 0.022
1 0.839 0.17 0.022 0.028
1 0.746 0.425 0.024 0.03
1 0.699 0.491 0.026 0.038
1 0.84 0.87 0.02 0.024
1 0.763 0.968 0.018 0.04
1 0.89 0.972 0.008 0.012
1 0.892 0.985 0.008 0.01
1 0.635 0.729 0.022 0.022
1 0.614 0.812 0.024 0.04
1 0.556 0.901 0.024 0.018
1 0.531 0.98 0.03 0.036
1 0.52 0.784 0.024 0.04
1 0.339 0.832 0.018 0.02
1 0.515 0.625 0.014 0.03
1 0.492 0.95 0.028 0.044
1 0.329 0.879 0.034 0.026
1 0.559 0.787 0.026 0.046
1 0.407 0.252 0.022 0.028
1 0.267 0.21 0.022 0.024
1 0.292 0.293 0.024 0.022
1 0.488 0.095 0.016 0.034
1 0.481 0.14 0.018 0.028
1 0.055 0.053 0.01 0.01
1 0.022 0.158 0.024 0.036
1 0.207 0.322 0.026 0.028
1 0.473 0.526 0.042 0.048
1 0.443 0.509 0.022 0.018
1 0.423 0.474 0.034 0.036
1 0.122 0.635 0.016 0.046
1 0.106 0.671 0.032 0.022
1 0.103 0.689 0.054 0.022
1 0.114 0.717 0.032 0.022
1 0.141 0.743 0.026 0.026
1 0.154 0.616 0.016 0.032
1 0.144 0.584 0.016 0.036
1 0.401 0.134 0.018 0.032
1 0.156 0.408 0.024 0.012
1 0.134 0.415 0.024 0.03
1 0.01 0.694 0.016 0.016
1 0.759 0.091 0.022 0.022
1 0.316 0.087 0.032 0.03
1 0.682 0.038 0.008 0.012
1 0.914 0.348 0.024 0.032
1 0.281 0.338 0.026 0.012
1 0.469 0.352 0.042 0.02
1 0.448 0.325 0.016 0.034
1 0.052 0.024 0.016 0.028
1 0.047 0.01 0.042 0.02
1 0.992 0.512 0.012 0.028
1 0.98 0.528 0.016 0.036
1 0.848 0.569 0.008 0.01
1 0.47 0.968 0.024 0.02
1 0.466 0.974 0.032 0.044
1 0.228 0.939 0.02 0.018
1 0.198 0.928 0.024 0.04
2 0.73 0.125 0.024 0.038
2 0.688 0.121 0.04 0.034
2 0.662 0.089 0.02 0.014
2 0.648 0.094 0.024 0.02
2 0.316 0.911 0.04 0.058
2 0.795 0.582 0.014 0.024
2 0.418 0.075 0.036 0.042
2 0.056 0.358 0.036 0.048
2 0.36 0.417 0.04 0.042
2 0.329 0.409 0.014 0.026
2 0.756 0.137 0.028 0.042
2 0.506 0.155 0.036 0.034
2 0.581 0.229 0.034 0.058
2 0.629 0.246 0.014 0.016
2 0.248 0.021 0.012 0.022
2 0.687 0.062 0.01 0.008
2 0.906 0.139 0.016 0.018
2 0.371 0.23 0.018 0.024
2 0.662 0.423 0.028 0.05
2 0.673 0.471 0.026 0.054
2 0.611 0.446 0.026 0.012
2 0.413 0.281 0.038 0.042
2 0.256 0.431 0.016 0.034
2 0.236 0.406 0.024 0.052
2 0.249 0.264 0.046 0.068
2 0.924 0.031 0.032 0.026
2 0.839 0.021 0.014 0.014
2 0.278 0.598 0.016 0.02
2 0.341 0.601 0.01 0.022
2 0.425 0.649 0.022 0.038
2 0.445 0.878 0.026 0.032
2 0.441 0.852 0.018 0.016
2 0.45 0.9 0.016 0.016
2 0.539 0.865 0.006 0.026
2 0.499 0.652 0.006 0.032
2 0.867 0.953 0.046 0.054
2 0.739 0.958 0.038 0.036
2 0.131 0.935 0.046 0.054
2 0.226 0.903 0.032 0.042