0 0.105 0.987 0.034 0.022
0 0.036 0.761 0.044 0.066
0 0.012 0.676 0.024 0.064
0 0.017 0.601 0.034 0.062
0 0.082 0.583 0.044 0.066
0 0.155 0.585 0.026 0.042
0 0.179 0.585 0.03 0.058
0 0.141 0.714 0.042 0.072
0 0.232 0.751 0.032 0.042
0 0.21 0.689 0.044 0.046
0 0.229 0.634 0.03 0.052
0 0.334 0.734 0.036 0.06
0 0.359 0.693 0.026 0.05
0 0.208 0.842 0.04 0.08
0 0.164 0.918 0.036 0.056
0 0.269 0.937 0.03 0.078
0 0.33 0.97 0.024 0.028
0 0.319 0.9 0.042 0.072
0 0.31 0.851 0.036 0.054
0 0.007 0.405 0.014 0.05
0 0.024 0.436 0.032 0.048
0 0.095 0.446 0.046 0.048
0 0.104 0.48 0.032 0.052
0 0.132 0.452 0.032 0.04
0 0.106 0.422 0.028 0.016
0 0.169 0.408 0.03 0.052
0 0.209 0.416 0.034 0.048
0 0.264 0.42 0.036 0.064
0 0.145 0.52 0.038 0.052
0 0.265 0.52 0.03 0.04
0 0.028 0.29 0.036 0.06
0 0.05 0.339 0.032 0.054
0 0.118 0.328 0.028 0.052
0 0.09 0.255 0.032 0.038
0 0.058 0.208 0.036 0.044
0 0.035 0.216 0.018 0.04
0 0.006 0.14 0.012 0.04
0 0.069 0.103 0.034 0.058
0 0.083 0.147 0.034 0.046
0 0.073 0.176 0.026 0.02
0 0.142 0.15 0.02 0.036
0 0.149 0.116 0.01 0.024
0 0.167 0.132 0.034 0.04
0 0.202 0.103 0.044 0.054
0 0.208 0.141 0.032 0.046
0 0.241 0.184 0.026 0.064
0 0.304 0.149 0.016 0.046
0 0.376 0.173 0.02 0.05
0 0.192 0.035 0.036 0.054
0 0.229 0.032 0.038 0.032
0 0.112 0.015 0.04 0.026
0 0.378 0.007 0.016 0.01
0 0.401 0.061 0.038 0.042
0 0.345 0.096 0.022 0.048
0 0.411 0.113 0.022 0.046
0 0.265 0.295 0.034 0.038
0 0.285 0.285 0.026 0.05
0 0.219 0.283 0.022 0.03
0 0.427 0.96 0.03 0.052
0 0.527 0.954 0.046 0.056
0 0.586 0.976 0.048 0.044
0 0.656 0.988 0.044 0.02
0 0.737 0.964 0.034 0.06
0 0.83 0.977 0.044 0.042
0 0.956 0.988 0.032 0.02
0 0.944 0.906 0.024 0.028
0 0.928 0.862 0.02 0.048
0 0.901 0.868 0.034 0.088
0 0.855 0.882 0.026 0.044
0 0.73 0.894 0.036 0.048
0 0.618 0.888 0.04 0.068
0 0.487 0.892 0.03 0.052
0 0.427 0.843 0.034 0.062
0 0.396 0.776 0.048 0.072
0 0.452 0.703 0.056 0.078
0 0.386 0.619 0.036 0.042
0 0.411 0.592 0.03 0.036
0 0.425 0.608 0.018 0.036
0 0.553 0.67 0.03 0.036
0 0.573 0.709 0.03 0.07
0 0.609 0.734 0.014 0.032
0 0.529 0.768 0.05 0.064
0 0.599 0.848 0.034 0.056
0 0.641 0.835 0.03 0.046
0 0.665 0.804 0.042 0.064
0 0.83 0.696 0.044 0.06
0 0.882 0.764 0.036 0.044
0 0.991 0.623 0.014 0.054
0 0.975 0.503 0.046 0.078
0 0.942 0.045 0.032 0.05
0 0.975 0.13 0.022 0.04
0 0.993 0.123 0.01 0.034
0 0.885 0.048 0.038 0.044
0 0.784 0.072 0.036 0.056
0 0.848 0.15 0.032 0.04
0 0.881 0.166 0.038 0.036
0 0.927 0.157 0.03 0.05
0 0.97 0.221 0.032 0.054
0 0.913 0.219 0.038 0.034
0 0.951 0.299 0.038 0.05
0 0.799 0.627 0.026 0.046
0 0.833 0.457 0.034 0.058
0 0.733 0.546 0.03 0.048
0 0.692 0.551 0.044 0.062
0 0.657 0.616 0.034 0.04
0 0.668 0.624 0.028 0.044
0 0.663 0.7 0.038 0.06
0 0.596 0.651 0.024 0.038
0 0.581 0.561 0.034 0.07
0 0.396 0.525 0.024 0.042
0 0.441 0.522 0.034 0.048
0 0.497 0.548 0.034 0.06
0 0.353 0.488 0.034 0.052
0 0.342 0.419 0.032 0.046
0 0.374 0.402 0.028 0.044
0 0.525 0.472 0.026 0.06
0 0.56 0.444 0.044 0.056
0 0.574 0.415 0.024 0.018
0 0.619 0.461 0.05 0.046
0 0.685 0.408 0.022 0.04
0 0.903 0.266 0.046 0.044
0 0.839 0.265 0.042 0.066
0 0.79 0.283 0.036 0.066
0 0.771 0.311 0.022 0.05
0 0.773 0.239 0.034 0.054
0 0.714 0.237 0.02 0.042
0 0.675 0.014 0.046 0.024
0 0.583 0.008 0.042 0.012
0 0.71 0.081 0.032 0.05
0 0.578 0.092 0.04 0.064
0 0.495 0.079 0.026 0.046
0 0.526 0.136 0.028 0.048
0 0.486 0.141 0.024 0.034
0 0.596 0.183 0.028 0.042
0 0.674 0.284 0.024 0.056
0 0.568 0.342 0.04 0.06
0 0.405 0.33 0.03 0.052
0 0.37 0.308 0.016 0.04
0 0.443 0.315 0.038 0.046
0 0.437 0.27 0.034 0.048
0 0.486 0.268 0.04 0.056
0 0.525 0.242 0.038 0.056
0 0.549 0.255 0.022 0.038
0 0.579 0.269 0.034 0.038
0 0.691 0.169 0.03 0.062
0 0.768 0.133 0.044 0.054
0 0.463 0.224 0.022 0.028
1 0.185 0.972 0.014 0.028
1 0.223 0.991 0.03 0.014
1 0.078 0.889 0.024 0.018
1 0.015 0.875 0.01 0.01
1 0.014 0.859 0.012 0.014
1 0.044 0.777 0.016 0.018
1 0.107 0.654 0.022 0.02
1 0.16 0.656 0.024 0.02
1 0.112 0.745 0.02 0.014
1 0.266 0.751 0.016 0.026
1 0.057 0.44 0.022 0.02
1 0.181 0.53 0.018 0.024
1 0.243 0.558 0.014 0.024
1 0.27 0.556 0.016 0.02
1 0.275 0.582 0.022 0.024
1 0.298 0.595 0.02 0.018
1 0.272 0.614 0.012 0.02
1 0.249 0.526 0.01 0.02
1 0.268 0.54 0.012 0.012
1 0.105 0.297 0.03 0.022
1 0.122 0.249 0.016 0.018
1 0.146 0.232 0.016 0.016
1 0.154 0.175 0.02 0.022
1 0.3 0.196 0.016 0.04
1 0.335 0.14 0.014 0.04
1 0.328 0.011 0.016 0.018
1 0.342 0.01 0.016 0.016
1 0.328 0.031 0.024 0.018
1 0.356 0.029 0.008 0.026
1 0.315 0.064 0.014 0.028
1 0.299 0.266 0.014 0.024
1 0.214 0.311 0.02 0.022
1 0.181 0.311 0.034 0.014
1 0.77 0.956 0.02 0.028
1 0.715 0.994 0.018 0.008
1 0.796 0.959 0.012 0.026
1 0.791 0.933 0.018 0.026
1 0.952 0.958 0.02 0.016
1 0.961 0.9 0.026 0.028
1 0.822 0.868 0.02 0.028
1 0.734 0.861 0.028 0.022
1 0.579 0.911 0.014 0.014
1 0.567 0.909 0.01 0.006
1 0.562 0.927 0.008 0.01
1 0.524 0.867 0.016 0.022
1 0.504 0.844 0.016 0.016
1 0.514 0.828 0.02 0.016
1 0.536 0.806 0.024 0.02
1 0.469 0.633 0.022 0.034
1 0.53 0.675 0.016 0.022
1 0.617 0.775 0.014 0.026
1 0.797 0.787 0.014 0.03
1 0.774 0.775 0.032 0.014
1 0.74 0.775 0.02 0.022
1 0.722 0.786 0.016 0.02
1 0.681 0.775 0.018 0.014
1 0.918 0.748 0.016 0.024
1 0.939 0.806 0.03 0.012
1 0.927 0.104 0.03 0.02
1 0.902 0.099 0.02 0.022
1 0.853 0.034 0.026 0.036
1 0.929 0.125 0.014 0.014
1 0.942 0.334 0.024 0.02
1 0.971 0.372 0.026 0.016
1 0.965 0.398 0.022 0.024
1 0.913 0.426 0.01 0.032
1 0.885 0.496 0.014 0.028
1 0.817 0.504 0.022 0.024
1 0.862 0.573 0.012 0.038
1 0.878 0.612 0.012 0.012
1 0.658 0.589 0.024 0.018
1 0.526 0.598 0.02 0.024
1 0.593 0.571 0.018 0.026
1 0.373 0.536 0.018 0.02
1 0.422 0.562 0.016 0.012
1 0.433 0.574 0.01 0.012
1 0.3 0.458 0.016 0.016
1 0.392 0.453 0.024 0.022
1 0.4 0.474 0.008 0.008
1 0.395 0.427 0.01 0.014
1 0.625 0.432 0.026 0.02
1 0.849 0.363 0.03 0.018
1 0.749 0.244 0.01 0.024
1 0.577 0.042 0.022 0.02
1 0.647 0.061 0.014 0.022
1 0.614 0.097 0.012 0.03
1 0.515 0.021 0.018 0.026
1 0.541 0.191 0.018 0.026
1 0.603 0.158 0.03 0.016
1 0.631 0.234 0.01 0.032
1 0.47 0.392 0.016 0.02
1 0.478 0.367 0.024 0.026
1 0.433 0.236 0.022 0.02
1 0.577 0.241 0.022 0.018
1 0.822 0.179 0.012 0.03
1 0.819 0.149 0.018 0.018
1 0.449 0.186 0.022 0.044
1 0.474 0.21 0.016 0.016
1 0.484 0.2 0.012 0.016
1 0.477 0.192 0.01 0.012
1 0.919 0.707 0.018 0.014
2 0.175 0.844 0.038 0.06
2 0.048 0.472 0.02 0.02
2 0.349 0.029 0.006 0.018
2 0.862 0.605 0.024 0.034
2 0.834 0.376 0.02 0.028
2 0.283 0.338 0.022 0.04
2 0.712 0.597 0.024 0.03
2 0.656 0.654 0.016 0.012
2 0.969 0.743 0.014 0.054
2 0.71 0.436 0.032 0.048
2 0.446 0.483 0.008 0.022
2 0.522 0.432 0.016 0.024
2 0.894 0.533 0.012 0.014
2 0.419 0.726 0.022 0.052
2 0.466 0.053 0.012 0.018
2 0.064 0.061 0.028 0.022
2 0.987 0.257 0.022 0.026
2 0.834 0.003 0.04 0.002
2 0.076 0.817 0.012 0.022
2 0.064 0.802 0.016 0.012