0 0.769 0.104 0.066 0.048
0 0.866 0.135 0.036 0.038
0 0.934 0.191 0.048 0.042
0 0.985 0.182 0.026 0.04
0 0.823 0.23 0.046 0.04
0 0.654 0.128 0.048 0.044
0 0.699 0.255 0.038 0.034
0 0.654 0.287 0.044 0.03
0 0.747 0.271 0.046 0.042
0 0.831 0.466 0.062 0.056
0 0.899 0.485 0.054 0.046
0 0.628 0.503 0.052 0.046
0 0.555 0.515 0.038 0.05
0 0.799 0.536 0.062 0.06
0 0.749 0.562 0.054 0.036
0 0.744 0.519 0.044 0.034
0 0.672 0.512 0.044 0.044
0 0.934 0.499 0.032 0.038
0 0.93 0.392 0.056 0.028
0 0.774 0.446 0.036 0.048
0 0.904 0.438 0.032 0.012
0 0.907 0.298 0.046 0.032
0 0.404 0.238 0.052 0.048
0 0.37 0.216 0.052 0.048
0 0.281 0.254 0.018 0.04
0 0.285 0.231 0.026 0.018
0 0.381 0.341 0.042 0.038
0 0.481 0.311 0.046 0.038
0 0.891 0.629 0.05 0.042
0 0.813 0.705 0.038 0.066
0 0.492 0.505 0.044 0.038
0 0.343 0.551 0.042 0.042
0 0.234 0.516 0.048 0.052
0 0.578 0.601 0.04 0.038
0 0.535 0.653 0.014 0.034
0 0.461 0.649 0.034 0.042
0 0.977 0.712 0.038 0.048
0 0.704 0.806 0.072 0.032
0 0.84 0.818 0.052 0.072
0 0.439 0.579 0.07 0.034
0 0.122 0.44 0.044 0.036
0 0.4 0.57 0.028 0.032
0 0.388 0.69 0.068 0.06
0 0.595 0.818 0.074 0.052
0 0.599 0.913 0.046 0.042
0 0.546 0.907 0.048 0.034
0 0.385 0.898 0.07 0.044
0 0.36 0.937 0.048 0.046
0 0.381 0.46 0.07 0.068
0 0.312 0.45 0.044 0.056
0 0.338 0.442 0.024 0.036
0 0.383 0.14 0.05 0.036
0 0.283 0.116 0.086 0.032
0 0.473 0.015 0.038 0.03
0 0.52 0.013 0.044 0.026
0 0.428 0.03 0.04 0.048
0 0.228 0.648 0.048 0.032
0 0.194 0.687 0.056 0.058
0 0.158 0.736 0.068 0.032
0 0.023 0.733 0.042 0.03
0 0.024 0.624 0.044 0.036
0 0.044 0.549 0.04 0.03
0 0.119 0.559 0.038 0.046
0 0.099 0.514 0.046 0.032
0 0.11 0.582 0.052 0.024
0 0.084 0.319 0.064 0.046
0 0.062 0.271 0.036 0.03
0 0.112 0.185 0.052 0.042
0 0.043 0.158 0.062 0.06
0 0.13 0.093 0.036 0.034
0 0.046 0.016 0.052 0.032
0 0.015 0.036 0.026 0.032
0 0.198 0.008 0.028 0.016
0 0.253 0.313 0.054 0.042
0 0.214 0.346 0.032 0.028
0 0.218 0.296 0.04 0.032
0 0.26 0.343 0.02 0.018
0 0.889 0.709 0.046 0.046
0 0.908 0.813 0.048 0.042
0 0.608 0.768 0.048 0.04
0 0.45 0.816 0.032 0.04
0 0.402 0.786 0.048 0.04
0 0.482 0.766 0.032 0.04
0 0.349 0.678 0.022 0.048
0 0.211 0.554 0.042 0.024
0 0.226 0.584 0.04 0.024
0 0.289 0.545 0.038 0.042
0 0.302 0.875 0.068 0.046
0 0.16 0.878 0.044 0.028
0 0.088 0.915 0.016 0.038
0 0.108 0.91 0.028 0.048
0 0.099 0.96 0.066 0.024
0 0.393 0.984 0.046 0.028
0 0.974 0.814 0.048 0.052
0 0.046 0.82 0.06 0.048
0 0.017 0.962 0.03 0.044
0 0.013 0.485 0.022 0.05
0 0.026 0.376 0.048 0.036
0 0.021 0.291 0.038 0.05
0 0.114 0.372 0.04 0.044
0 0.193 0.375 0.05 0.03
0 0.534 0.023 0.032 0.042
0 0.356 0.024 0.068 0.044
0 0.492 0.023 0.02 0.026
0 0.512 0.988 0.056 0.02
0 0.705 0.987 0.046 0.022
0 0.786 0.955 0.084 0.078
0 0.25 0.227 0.036 0.03
0 0.665 0.659 0.034 0.03
0 0.778 0.802 0.032 0.028
0 0.76 0.355 0.024 0.026
0 0.019 0.176 0.03 0.024
0 0.178 0.07 0.028 0.04
0 0.06 0.05 0.032 0.032
0 0.264 0.047 0.028 0.03
0 0.858 0.702 0.036 0.044
0 0.929 0.838 0.018 0.032
0 0.182 0.482 0.024 0.036
0 0.054 0.302 0.028 0.028
0 0.656 0.086 0.032 0.028
0 0.424 0.201 0.036 0.034
0 0.013 0.219 0.022 0.034
0 0.989 0.961 0.018 0.038
0 0.618 0.442 0.02 0.04
0 0.6 0.206 0.04 0.052
0 0.704 0.084 0.056 0.044
0 0.914 0.693 0.04 0.038
0 0.858 0.734 0.02 0.016
0 0.542 0.857 0.052 0.034
0 0.144 0.947 0.052 0.038
0 0.609 0.671 0.022 0.03
0 0.567 0.285 0.038 0.022
0 0.097 0.294 0.018 0.012
1 0.771 0.3 0.018 0.02
1 0.671 0.316 0.034 0.02
1 0.89 0.426 0.024 0.012
1 0.862 0.366 0.028 0.008
1 0.851 0.359 0.03 0.018
1 0.334 0.24 0.028 0.024
1 0.55 0.358 0.028 0.016
1 0.564 0.35 0.012 0.016
1 0.581 0.437 0.026 0.03
1 0.447 0.539 0.03 0.026
1 0.38 0.555 0.02 0.022
1 0.689 0.631 0.026 0.022
1 0.737 0.901 0.022 0.022
1 0.816 0.156 0.028 0.036
1 0.712 0.564 0.024 0.032
1 0.228 0.435 0.028 0.026
1 0.122 0.734 0.028 0.012
1 0.176 0.515 0.028 0.018
1 0.096 0.138 0.028 0.024
1 0.175 0.151 0.022 0.042
1 0.388 0.055 0.02 0.03
1 0.305 0.299 0.026 0.026
1 0.269 0.348 0.018 0.016
1 0.693 0.851 0.022 0.034
1 0.805 0.846 0.022 0.032
1 0.2 0.945 0.028 0.034
1 0.266 0.987 0.032 0.018
1 0.211 0.785 0.022 0.034
1 0.093 0.258 0.022 0.032
1 0.986 0.151 0.02 0.026
1 0.563 0.022 0.022 0.024
1 0.66 0.166 0.028 0.032
1 0.774 0.315 0.012 0.01
1 0.901 0.207 0.018 0.042
1 0.948 0.442 0.02 0.028
1 0.31 0.003 0.024 0.006
1 0.113 0.003 0.026 0.006
1 0.875 0.986 0.026 0.024
1 0.463 0.296 0.018 0.02
1 0.872 0.407 0.032 0.026
1 0.265 0.449 0.01 0.022
1 0.264 0.432 0.02 0.02
1 0.628 0.648 0.024 0.024
1 0.917 0.853 0.018 0.022
2 0.606 0.455 0.016 0.018
2 0.719 0.538 0.014 0.024
2 0.544 0.659 0.008 0.018
2 0.75 0.166 0.052 0.052
2 0.903 0.273 0.026 0.038
2 0.433 0.289 0.026 0.026
2 0.951 0.759 0.018 0.014
2 0.66 0.843 0.016 0.03
2 0.639 0.777 0.022 0.014
2 0.834 0.939 0.032 0.026
2 0.857 0.927 0.018 0.022
2 0.825 0.856 0.022 0.012
2 0.496 0.851 0.028 0.026
2 0.417 0.759 0.026 0.03
2 0.51 0.76 0.024 0.02
2 0.131 0.498 0.042 0.028
2 0.091 0.645 0.03 0.03
2 0.257 0.56 0.018 0.02
2 0.74 0.622 0.056 0.036
2 0.778 0.701 0.036 0.042
2 0.607 0.634 0.022 0.02
2 0.615 0.596 0.014 0.016
2 0.668 0.627 0.02 0.018
2 0.597 0.594 0.014 0.024
2 0.355 0.749 0.018 0.018
2 0.402 0.861 0.04 0.034
2 0.314 0.809 0.024 0.05
2 0.271 0.737 0.038 0.026
2 0.049 0.747 0.022 0.022
2 0.071 0.93 0.022 0.024
2 0.008 0.898 0.012 0.02
2 0.127 0.91 0.014 0.016
2 0.207 0.812 0.01 0.04
2 0.131 0.353 0.03 0.026
2 0.464 0.262 0.028 0.024
2 0.499 0.153 0.038 0.03
2 0.823 0.093 0.03 0.026
2 0.963 0.183 0.018 0.026
2 0.624 0.291 0.032 0.018
2 0.796 0.389 0.06 0.022
2 0.946 0.474 0.02 0.016
2 0.155 0.322 0.03 0.012
2 0.295 0.203 0.014 0.026
2 0.049 0.13 0.018 0.016
2 0.036 0.096 0.028 0.012
2 0.561 0.717 0.026 0.018
2 0.299 0.686 0.034 0.032
2 0.779 0.769 0.018 0.03
2 0.477 0.988 0.026 0.02
2 0.53 0.965 0.024 0.03
2 0.817 0.989 0.026 0.018
2 0.994 0.87 0.008 0.024
2 0.598 0.992 0.016 0.012
2 0.16 0.993 0.024 0.01
2 0.874 0.446 0.04 0.028
2 0.915 0.491 0.022 0.03
2 0.233 0.759 0.03 0.022
2 0.595 0.288 0.022 0.02
2 0.13 0.332 0.02 0.028
2 0.025 0.468 0.03 0.036
2 0.454 0.301 0.008 0.01
2 0.433 0.308 0.01 0.012
2 0.446 0.309 0.008 0.01
2 0.126 0.312 0.024 0.012
2 0.869 0.732 0.022 0.024
2 0.88 0.838 0.024 0.012
2 0.75 0.806 0.028 0.012
2 0.078 0.637 0.024 0.022