0 0.616 0.666 0.056 0.048
0 0.876 0.85 0.012 0.016
0 0.883 0.862 0.022 0.02
0 0.756 0.784 0.044 0.036
0 0.663 0.792 0.046 0.056
0 0.718 0.827 0.028 0.026
0 0.722 0.937 0.04 0.066
0 0.697 0.995 0.018 0.006
0 0.658 0.974 0.052 0.048
0 0.618 0.864 0.02 0.02
0 0.564 0.882 0.044 0.044
0 0.602 0.916 0.036 0.044
0 0.647 0.914 0.014 0.02
0 0.572 0.973 0.028 0.03
0 0.437 0.992 0.03 0.012
0 0.482 0.878 0.044 0.036
0 0.308 0.926 0.044 0.04
0 0.281 0.971 0.038 0.054
0 0.193 0.993 0.026 0.01
0 0.167 0.989 0.026 0.018
0 0.128 0.988 0.032 0.02
0 0.085 0.978 0.034 0.04
0 0.019 0.969 0.034 0.05
0 0.016 0.908 0.028 0.048
0 0.127 0.935 0.018 0.026
0 0.084 0.873 0.036 0.042
0 0.025 0.769 0.034 0.046
0 0.141 0.889 0.03 0.03
0 0.187 0.864 0.046 0.044
0 0.121 0.785 0.034 0.05
0 0.308 0.829 0.044 0.062
0 0.351 0.858 0.034 0.048
0 0.492 0.775 0.036 0.046
0 0.432 0.757 0.044 0.038
0 0.698 0.667 0.044 0.054
0 0.75 0.642 0.04 0.044
0 0.787 0.656 0.034 0.044
0 0.717 0.599 0.042 0.046
0 0.667 0.598 0.05 0.056
0 0.625 0.554 0.026 0.032
0 0.681 0.523 0.05 0.042
0 0.734 0.501 0.04 0.042
0 0.824 0.518 0.04 0.036
0 0.872 0.529 0.032 0.038
0 0.88 0.571 0.044 0.042
0 0.962 0.56 0.028 0.032
0 0.902 0.477 0.048 0.054
0 0.895 0.41 0.046 0.052
0 0.871 0.405 0.026 0.038
0 0.81 0.449 0.04 0.034
0 0.976 0.336 0.044 0.044
0 0.949 0.278 0.05 0.032
0 0.942 0.229 0.048 0.034
0 0.925 0.15 0.042 0.052
0 0.859 0.165 0.042 0.058
0 0.833 0.204 0.038 0.028
0 0.953 0.075 0.038 0.038
0 0.991 0.05 0.014 0.048
0 0.932 0.024 0.056 0.036
0 0.824 0.031 0.044 0.042
0 0.838 0.072 0.06 0.04
0 0.812 0.116 0.056 0.044
0 0.8 0.145 0.036 0.022
0 0.765 0.119 0.034 0.038
0 0.658 0.067 0.048 0.05
0 0.662 0.135 0.04 0.026
0 0.694 0.167 0.048 0.042
0 0.778 0.211 0.024 0.022
0 0.722 0.195 0.036 0.034
0 0.745 0.193 0.034 0.038
0 0.609 0.166 0.046 0.036
0 0.629 0.209 0.03 0.046
0 0.585 0.209 0.042 0.042
0 0.802 0.273 0.032 0.026
0 0.799 0.297 0.026 0.03
0 0.771 0.297 0.014 0.014
0 0.776 0.288 0.028 0.016
0 0.765 0.335 0.054 0.038
0 0.67 0.446 0.036 0.032
0 0.691 0.413 0.022 0.018
0 0.61 0.402 0.052 0.036
0 0.713 0.355 0.05 0.034
0 0.68 0.352 0.036 0.032
0 0.575 0.307 0.054 0.042
0 0.523 0.227 0.054 0.046
0 0.46 0.101 0.052 0.034
0 0.483 0.023 0.054 0.042
0 0.274 0.024 0.056 0.044
0 0.34 0.084 0.048 0.036
0 0.146 0.036 0.032 0.052
0 0.024 0.014 0.04 0.024
0 0.059 0.053 0.054 0.05
0 0.036 0.163 0.036 0.03
0 0.037 0.193 0.026 0.03
0 0.012 0.216 0.02 0.044
0 0.117 0.138 0.038 0.036
0 0.213 0.106 0.038 0.024
0 0.225 0.146 0.034 0.048
0 0.128 0.22 0.052 0.032
0 0.069 0.288 0.03 0.032
0 0.024 0.336 0.028 0.032
0 0.061 0.384 0.026 0.044
0 0.005 0.423 0.006 0.034
0 0.026 0.444 0.028 0.036
0 0.057 0.465 0.026 0.034
0 0.115 0.442 0.038 0.032
0 0.141 0.392 0.042 0.036
0 0.388 0.165 0.044 0.042
0 0.427 0.195 0.042 0.042
0 0.425 0.248 0.05 0.036
0 0.431 0.294 0.062 0.036
0 0.29 0.207 0.056 0.05
0 0.204 0.266 0.04 0.048
0 0.157 0.295 0.054 0.058
0 0.246 0.302 0.04 0.044
0 0.334 0.312 0.044 0.04
0 0.376 0.348 0.048 0.056
0 0.496 0.386 0.04 0.036
0 0.427 0.458 0.038 0.036
0 0.487 0.477 0.038 0.034
0 0.496 0.561 0.052 0.038
0 0.441 0.676 0.042 0.032
0 0.455 0.654 0.022 0.02
0 0.424 0.625 0.044 0.038
0 0.375 0.677 0.038 0.038
0 0.328 0.684 0.04 0.04
0 0.307 0.745 0.038 0.042
0 0.238 0.766 0.048 0.052
0 0.212 0.381 0.056 0.046
0 0.284 0.42 0.044 0.052
0 0.355 0.448 0.014 0.02
0 0.331 0.45 0.042 0.036
0 0.291 0.5 0.046 0.032
0 0.208 0.567 0.056 0.034
0 0.192 0.519 0.04 0.03
0 0.192 0.477 0.052 0.042
0 0.227 0.485 0.034 0.022
0 0.151 0.525 0.022 0.03
0 0.142 0.504 0.024 0.032
0 0.05 0.54 0.04 0.032
0 0.145 0.571 0.026 0.038
0 0.053 0.601 0.038 0.038
0 0.045 0.658 0.042 0.04
0 0.202 0.643 0.04 0.042
1 0.949 0.828 0.014 0.02
1 0.895 0.888 0.014 0.016
1 0.851 0.914 0.018 0.024
1 0.845 0.89 0.022 0.024
1 0.831 0.861 0.026 0.034
1 0.909 0.788 0.01 0.048
1 0.889 0.822 0.01 0.024
1 0.876 0.831 0.02 0.022
1 0.867 0.722 0.014 0.02
1 0.869 0.705 0.026 0.014
1 0.972 0.654 0.028 0.028
1 0.995 0.64 0.006 0.016
1 0.729 0.855 0.026 0.026
1 0.744 0.815 0.008 0.01
1 0.697 0.824 0.026 0.028
1 0.632 0.856 0.016 0.02
1 0.661 0.915 0.01 0.018
1 0.652 0.933 0.008 0.014
1 0.654 0.898 0.008 0.008
1 0.505 0.909 0.022 0.026
1 0.4 0.914 0.032 0.024
1 0.114 0.951 0.012 0.022
1 0.057 0.839 0.01 0.026
1 0.177 0.911 0.03 0.026
1 0.126 0.87 0.024 0.02
1 0.222 0.826 0.024 0.02
1 0.202 0.808 0.012 0.024
1 0.102 0.801 0.016 0.026
1 0.573 0.77 0.018 0.024
1 0.463 0.74 0.026 0.028
1 0.382 0.773 0.02 0.018
1 0.511 0.706 0.03 0.024
1 0.932 0.537 0.024 0.006
1 0.991 0.491 0.014 0.022
1 0.888 0.499 0.024 0.014
1 0.786 0.428 0.024 0.024
1 0.884 0.35 0.024 0.02
1 0.874 0.336 0.024 0.012
1 0.996 0.184 0.004 0.02
1 0.895 0.05 0.022 0.032
1 0.868 0.048 0.024 0.024
1 0.616 0.077 0.016 0.014
1 0.774 0.182 0.024 0.02
1 0.748 0.24 0.028 0.012
1 0.787 0.298 0.014 0.016
1 0.749 0.436 0.018 0.016
1 0.736 0.444 0.02 0.016
1 0.683 0.46 0.038 0.016
1 0.629 0.332 0.026 0.02
1 0.527 0.26 0.026 0.02
1 0.528 0.113 0.024 0.026
1 0.329 0.055 0.022 0.022
1 0.031 0.1 0.022 0.024
1 0.03 0.118 0.02 0.012
1 0.195 0.156 0.022 0.024
1 0.118 0.27 0.016 0.028
1 0.015 0.378 0.022 0.032
1 0.102 0.471 0.02 0.018
1 0.387 0.295 0.018 0.014
1 0.188 0.326 0.028 0.012
1 0.199 0.316 0.018 0.02
1 0.424 0.386 0.02 0.02
1 0.479 0.353 0.022 0.018
1 0.491 0.431 0.034 0.03
1 0.552 0.501 0.028 0.026
1 0.559 0.56 0.022 0.028
1 0.431 0.567 0.018 0.018
1 0.417 0.563 0.01 0.014
1 0.403 0.615 0.022 0.03
1 0.31 0.653 0.024 0.018
1 0.23 0.407 0.02 0.014
1 0.327 0.553 0.022 0.026
1 0.282 0.558 0.036 0.024
1 0.26 0.445 0.016 0.01
1 0.093 0.518 0.026 0.012
1 0.092 0.566 0.024 0.024
1 0.113 0.555 0.018 0.022
1 0.124 0.642 0.024 0.032
1 0.042 0.633 0.016 0.01
1 0.029 0.689 0.022 0.01
1 0.052 0.697 0.048 0.026
1 0.07 0.72 0.012 0.012
1 0.171 0.706 0.022 0.024
1 0.212 0.702 0.028 0.028
1 0.228 0.686 0.016 0.028
2 0.94 0.911 0.02 0.034
2 0.921 0.936 0.018 0.032
2 0.995 0.969 0.006 0.03
2 0.616 0.959 0.02 0.022
2 0.46 0.949 0.024 0.034
2 0.346 0.936 0.036 0.028
2 0.333 0.929 0.022 0.014
2 0.037 0.868 0.014 0.024
2 0.154 0.896 0.012 0.024
2 0.168 0.803 0.028 0.05
2 0.375 0.874 0.014 0.024
2 0.848 0.502 0.016 0.028
2 0.912 0.568 0.024 0.016
2 0.859 0.227 0.01 0.018
2 0.586 0.265 0.044 0.026
2 0.519 0.181 0.022 0.014
2 0.451 0.074 0.018 0.016
2 0.506 0.007 0.024 0.01
2 0.188 0.092 0.02 0.016
2 0.189 0.113 0.022 0.018
2 0.091 0.378 0.034 0.04
2 0.468 0.404 0.04 0.028
2 0.441 0.534 0.046 0.032
2 0.415 0.568 0.038 0.032
2 0.326 0.747 0.012 0.014
2 0.268 0.728 0.044 0.032
2 0.218 0.466 0.02 0.024
2 0.08 0.502 0.028 0.028
2 0.03 0.578 0.012 0.028
2 0.098 0.608 0.048 0.024
2 0.034 0.629 0.02 0.018
2 0.079 0.674 0.03 0.04
2 0.855 0.823 0.018 0.018
2 0.602 0.871 0.008 0.022
2 0.766 0.875 0.008 0.014