0 0.164 0.712 0.044 0.048
0 0.091 0.748 0.054 0.044
0 0.223 0.712 0.046 0.04
0 0.226 0.665 0.048 0.038
0 0.142 0.608 0.036 0.044
0 0.102 0.602 0.044 0.048
0 0.053 0.573 0.05 0.042
0 0.089 0.548 0.054 0.044
0 0.112 0.669 0.044 0.046
0 0.264 0.871 0.044 0.046
0 0.308 0.918 0.052 0.048
0 0.163 0.782 0.038 0.04
0 0.183 0.508 0.054 0.032
0 0.041 0.458 0.05 0.04
0 0.185 0.569 0.054 0.042
0 0.232 0.592 0.06 0.044
0 0.231 0.827 0.034 0.038
0 0.199 0.849 0.058 0.034
0 0.324 0.585 0.068 0.05
0 0.278 0.578 0.036 0.04
0 0.343 0.674 0.054 0.044
0 0.387 0.601 0.054 0.042
0 0.325 0.521 0.07 0.038
0 0.336 0.461 0.044 0.042
0 0.403 0.462 0.066 0.052
0 0.117 0.395 0.058 0.042
0 0.228 0.374 0.064 0.06
0 0.073 0.366 0.054 0.056
0 0.104 0.348 0.044 0.036
0 0.407 0.789 0.05 0.042
0 0.378 0.815 0.044 0.046
0 0.339 0.805 0.042 0.038
0 0.369 0.761 0.038 0.062
0 0.096 0.874 0.064 0.064
0 0.186 0.908 0.048 0.048
0 0.475 0.505 0.03 0.034
0 0.376 0.498 0.044 0.044
0 0.37 0.522 0.044 0.036
0 0.131 0.445 0.046 0.046
0 0.17 0.417 0.052 0.042
0 0.156 0.433 0.04 0.038
0 0.052 0.679 0.048 0.05
0 0.238 0.307 0.028 0.038
0 0.155 0.29 0.054 0.032
0 0.043 0.267 0.042 0.034
0 0.301 0.362 0.078 0.064
0 0.301 0.326 0.038 0.024
0 0.324 0.283 0.032 0.022
0 0.248 0.22 0.076 0.052
0 0.203 0.206 0.022 0.028
0 0.078 0.234 0.064 0.048
0 0.146 0.255 0.024 0.038
0 0.043 0.321 0.03 0.034
0 0.085 0.179 0.062 0.042
0 0.065 0.151 0.066 0.034
0 0.147 0.154 0.046 0.044
0 0.146 0.078 0.044 0.032
0 0.194 0.083 0.032 0.022
0 0.17 0.06 0.064 0.044
0 0.167 0.029 0.042 0.026
0 0.21 0.134 0.04 0.028
0 0.241 0.142 0.03 0.028
0 0.275 0.139 0.034 0.022
0 0.342 0.115 0.048 0.03
0 0.324 0.085 0.032 0.026
0 0.323 0.04 0.07 0.052
0 0.359 0.059 0.034 0.038
0 0.369 0.189 0.074 0.042
0 0.411 0.166 0.062 0.048
0 0.444 0.221 0.064 0.05
0 0.432 0.289 0.06 0.042
0 0.448 0.335 0.068 0.03
0 0.347 0.72 0.026 0.016
0 0.181 0.946 0.022 0.016
0 0.076 0.973 0.052 0.042
0 0.316 0.181 0.032 0.038
0 0.5 0.201 0.028 0.034
0 0.409 0.132 0.03 0.024
0 0.358 0.234 0.036 0.032
0 0.53 0.401 0.028 0.026
0 0.557 0.322 0.026 0.04
0 0.591 0.318 0.046 0.032
0 0.548 0.233 0.044 0.042
0 0.56 0.17 0.056 0.036
0 0.599 0.098 0.046 0.036
0 0.611 0.126 0.054 0.036
0 0.742 0.147 0.048 0.042
0 0.785 0.151 0.042 0.046
0 0.734 0.176 0.036 0.036
0 0.743 0.122 0.03 0.02
0 0.646 0.552 0.036 0.04
0 0.534 0.562 0.044 0.036
0 0.497 0.596 0.018 0.028
0 0.496 0.772 0.076 0.052
0 0.447 0.682 0.038 0.036
0 0.459 0.653 0.042 0.042
0 0.521 0.53 0.038 0.028
0 0.54 0.507 0.024 0.022
0 0.638 0.349 0.068 0.05
0 0.588 0.271 0.04 0.042
0 0.642 0.293 0.06 0.042
0 0.701 0.296 0.058 0.04
0 0.666 0.235 0.02 0.03
0 0.681 0.181 0.046 0.034
0 0.67 0.168 0.028 0.02
0 0.689 0.091 0.042 0.03
0 0.683 0.053 0.054 0.034
0 0.65 0.108 0.044 0.036
0 0.714 0.022 0.032 0.036
0 0.84 0.135 0.032 0.034
0 0.787 0.115 0.034 0.03
0 0.708 0.246 0.052 0.052
0 0.706 0.211 0.032 0.03
0 0.892 0.049 0.048 0.05
0 0.877 0.109 0.022 0.018
0 0.865 0.24 0.042 0.04
0 0.981 0.101 0.034 0.034
0 0.783 0.241 0.054 0.038
0 0.785 0.273 0.066 0.03
0 0.749 0.317 0.07 0.042
0 0.913 0.287 0.046 0.038
0 0.912 0.322 0.036 0.028
0 0.916 0.255 0.032 0.03
0 0.873 0.381 0.046 0.046
0 0.826 0.335 0.044 0.042
0 0.839 0.349 0.026 0.022
0 0.799 0.383 0.042 0.042
0 0.793 0.447 0.042 0.046
0 0.775 0.435 0.026 0.026
0 0.71 0.43 0.044 0.044
0 0.703 0.452 0.034 0.04
0 0.735 0.383 0.038 0.046
0 0.988 0.384 0.02 0.052
0 0.935 0.425 0.046 0.03
0 0.711 0.511 0.046 0.03
0 0.678 0.506 0.028 0.028
0 0.909 0.462 0.038 0.04
0 0.962 0.472 0.028 0.02
0 0.966 0.527 0.036 0.03
0 0.907 0.559 0.038 0.042
0 0.899 0.532 0.058 0.032
0 0.813 0.567 0.046 0.05
0 0.761 0.555 0.046 0.042
0 0.62 0.603 0.036 0.03
0 0.694 0.592 0.044 0.036
0 0.752 0.613 0.052 0.046
0 0.669 0.6 0.022 0.032
0 0.807 0.609 0.026 0.026
0 0.708 0.663 0.02 0.03
0 0.837 0.63 0.018 0.04
0 0.769 0.671 0.046 0.046
0 0.58 0.686 0.044 0.036
0 0.637 0.712 0.046 0.044
0 0.663 0.703 0.038 0.038
0 0.513 0.669 0.022 0.03
0 0.024 0.118 0.048 0.04
0 0.02 0.078 0.04 0.028
0 0.107 0.017 0.042 0.03
0 0.05 0.007 0.04 0.01
0 0.227 0.015 0.07 0.026
0 0.373 0.008 0.03 0.012
0 0.48 0.027 0.064 0.05
0 0.66 0.006 0.028 0.008
0 0.844 0.02 0.04 0.036
0 0.984 0.036 0.028 0.044
0 0.969 0.041 0.018 0.042
0 0.988 0.136 0.02 0.036
0 0.986 0.256 0.024 0.036
0 0.991 0.291 0.014 0.038
0 0.893 0.713 0.034 0.03
0 0.797 0.733 0.054 0.042
0 0.749 0.746 0.042 0.048
0 0.67 0.752 0.052 0.036
0 0.928 0.667 0.044 0.062
0 0.694 0.738 0.02 0.028
0 0.522 0.737 0.028 0.022
0 0.519 0.796 0.034 0.032
0 0.538 0.819 0.024 0.022
0 0.514 0.828 0.028 0.02
0 0.599 0.808 0.034 0.048
0 0.65 0.8 0.056 0.064
0 0.501 0.886 0.074 0.06
0 0.024 0.754 0.048 0.036
0 0.275 0.988 0.066 0.02
0 0.36 0.98 0.052 0.036
0 0.419 0.885 0.07 0.062
0 0.42 0.949 0.056 0.038
0 0.586 0.905 0.04 0.042
0 0.598 0.949 0.044 0.046
0 0.684 0.908 0.064 0.052
0 0.667 0.956 0.066 0.048
0 0.721 0.844 0.058 0.04
0 0.784 0.803 0.044 0.046
0 0.878 0.79 0.04 0.048
0 0.945 0.697 0.034 0.046
0 0.974 0.723 0.032 0.042
0 0.935 0.79 0.062 0.056
0 0.808 0.871 0.052 0.038
0 0.821 0.921 0.058 0.046
0 0.991 0.808 0.014 0.028
0 0.907 0.835 0.038 0.046
0 0.74 0.934 0.032 0.036
0 0.766 0.927 0.028 0.038
0 0.889 0.981 0.046 0.034
0 0.99 0.751 0.016 0.042
0 0.977 0.936 0.042 0.044
0 0.984 0.97 0.028 0.032
0 0.986 0.624 0.024 0.044
0 0.011 0.445 0.022 0.034
0 0.012 0.326 0.024 0.036
0 0.208 0.94 0.036 0.048
0 0.312 0.829 0.024 0.034
0 0.966 0.491 0.052 0.038
0 0.021 0.904 0.042 0.036
0 0.87 0.77 0.036 0.032
0 0.943 0.923 0.026 0.03
0 0.483 0.991 0.022 0.014
1 0.303 0.739 0.018 0.018
1 0.595 0.193 0.022 0.018
1 0.583 0.204 0.022 0.016
1 0.628 0.045 0.016 0.022
1 0.859 0.524 0.018 0.024
1 0.508 0.006 0.028 0.008
1 0.559 0.007 0.026 0.01
1 0.797 0.007 0.038 0.01
1 0.772 0.014 0.012 0.024
1 0.99 0.009 0.016 0.014
1 0.704 0.787 0.02 0.022
1 0.177 0.995 0.018 0.006
1 0.831 0.881 0.018 0.018
1 0.978 0.878 0.04 0.016
1 0.02 0.687 0.02 0.022
1 0.005 0.492 0.01 0.02
1 0.806 0.644 0.016 0.024
1 0.508 0.93 0.02 0.024
2 0.185 0.366 0.03 0.024
2 0.32 0.725 0.048 0.042
2 0.554 0.502 0.016 0.032
2 0.638 0.464 0.024 0.024
2 0.687 0.149 0.034 0.022
2 0.942 0.19 0.036 0.04
2 0.248 0.158 0.028 0.016
2 0.202 0.15 0.016 0.012
2 0.165 0.462 0.034 0.024
2 0.202 0.415 0.02 0.018
2 0.187 0.638 0.038 0.024
2 0.14 0.689 0.016 0.014
2 0.265 0.659 0.034 0.022
2 0.289 0.445 0.034 0.018
2 0.225 0.46 0.022 0.02
2 0.357 0.363 0.022 0.026
2 0.45 0.4 0.032 0.04
2 0.261 0.328 0.038 0.02
2 0.068 0.324 0.02 0.02
2 0.039 0.202 0.026 0.024
2 0.127 0.25 0.03 0.028
2 0.257 0.26 0.05 0.024
2 0.152 0.138 0.032 0.028
2 0.45 0.52 0.036 0.028
2 0.422 0.503 0.024 0.022
2 0.396 0.704 0.024 0.044
2 0.112 0.814 0.016 0.02
2 0.03 0.837 0.032 0.018
2 0.025 0.82 0.03 0.02
2 0.053 0.811 0.038 0.03
2 0.427 0.086 0.034 0.02
2 0.471 0.117 0.014 0.022
2 0.463 0.14 0.026 0.032
2 0.369 0.255 0.03 0.026
2 0.518 0.377 0.024 0.038
2 0.554 0.414 0.028 0.036
2 0.437 0.618 0.038 0.028
2 0.588 0.493 0.024 0.026
2 0.657 0.261 0.034 0.018
2 0.753 0.081 0.042 0.026
2 0.584 0.069 0.048 0.026
2 0.622 0.056 0.024 0.02
2 0.825 0.104 0.026 0.028
2 0.876 0.088 0.052 0.028
2 0.898 0.118 0.016 0.02
2 0.807 0.322 0.018 0.028
2 0.846 0.288 0.016 0.028
2 0.878 0.343 0.04 0.03
2 0.844 0.451 0.028 0.03
2 0.888 0.442 0.036 0.036
2 0.863 0.478 0.022 0.024
2 0.977 0.513 0.03 0.026
2 0.671 0.57 0.018 0.024
2 0.577 0.661 0.022 0.026
2 0.351 0.651 0.03 0.022
2 0.309 0.683 0.022 0.018
2 0.29 0.624 0.02 0.028
2 0.218 0.546 0.024 0.02
2 0.25 0.481 0.032 0.03
2 0.473 0.346 0.03 0.024
2 0.464 0.311 0.02 0.026
2 0.514 0.426 0.024 0.032
2 0.531 0.453 0.03 0.038
2 0.535 0.64 0.042 0.056
2 0.512 0.632 0.028 0.044
2 0.523 0.113 0.038 0.022
2 0.267 0.095 0.042 0.05
2 0.294 0.096 0.02 0.028
2 0.636 0.005 0.024 0.006
2 0.833 0.043 0.038 0.03
2 0.762 0.389 0.032 0.03
2 0.898 0.67 0.02 0.032
2 0.546 0.743 0.036 0.03
2 0.541 0.794 0.022 0.036
2 0.094 0.989 0.036 0.018
2 0.392 0.962 0.032 0.04
2 0.433 0.975 0.026 0.022
2 0.486 0.929 0.02 0.018
2 0.74 0.864 0.052 0.036
2 0.842 0.791 0.028 0.022
2 0.937 0.755 0.046 0.034
2 0.909 0.814 0.018 0.012
2 0.928 0.887 0.04 0.038
2 0.965 0.879 0.018 0.018
2 0.022 0.431 0.024 0.018