0 0.989 0.914 0.018 0.024
0 0.984 0.867 0.028 0.038
0 0.947 0.874 0.034 0.036
0 0.932 0.9 0.024 0.024
0 0.879 0.911 0.03 0.03
0 0.926 0.772 0.044 0.044
0 0.861 0.822 0.05 0.044
0 0.823 0.829 0.042 0.034
0 0.703 0.888 0.046 0.024
0 0.657 0.936 0.038 0.024
0 0.981 0.712 0.026 0.04
0 0.955 0.715 0.026 0.034
0 0.874 0.705 0.024 0.022
0 0.878 0.686 0.024 0.032
0 0.858 0.753 0.02 0.022
0 0.863 0.743 0.022 0.022
0 0.808 0.757 0.036 0.042
0 0.746 0.799 0.04 0.034
0 0.685 0.809 0.046 0.034
0 0.748 0.757 0.04 0.05
0 0.714 0.727 0.036 0.062
0 0.671 0.702 0.042 0.036
0 0.672 0.666 0.06 0.048
0 0.691 0.62 0.042 0.052
0 0.801 0.628 0.046 0.04
0 0.914 0.601 0.044 0.038
0 0.878 0.601 0.028 0.038
0 0.979 0.508 0.038 0.056
0 0.944 0.494 0.032 0.052
0 0.853 0.528 0.05 0.036
0 0.782 0.49 0.04 0.044
0 0.757 0.544 0.038 0.024
0 0.989 0.382 0.018 0.06
0 0.968 0.367 0.036 0.026
0 0.951 0.33 0.038 0.052
0 0.899 0.378 0.034 0.052
0 0.898 0.321 0.04 0.058
0 0.832 0.331 0.032 0.042
0 0.817 0.374 0.038 0.052
0 0.995 0.232 0.006 0.04
0 0.935 0.217 0.034 0.042
0 0.922 0.202 0.024 0.044
0 0.898 0.205 0.028 0.042
0 0.995 0.11 0.006 0.036
0 0.964 0.104 0.024 0.028
0 0.982 0.099 0.012 0.018
0 0.982 0.072 0.02 0.036
0 0.914 0.095 0.02 0.026
0 0.917 0.125 0.038 0.03
0 0.87 0.075 0.04 0.07
0 0.841 0.122 0.034 0.056
0 0.794 0.147 0.028 0.03
0 0.8 0.121 0.032 0.026
0 0.808 0.164 0.02 0.036
0 0.78 0.197 0.036 0.046
0 0.778 0.242 0.036 0.048
0 0.753 0.159 0.05 0.058
0 0.816 0.015 0.04 0.026
0 0.797 0.018 0.022 0.032
0 0.778 0.033 0.036 0.062
0 0.751 0.099 0.014 0.014
0 0.718 0.099 0.024 0.042
0 0.7 0.12 0.024 0.048
0 0.665 0.108 0.034 0.056
0 0.645 0.022 0.034 0.04
0 0.738 0.004 0.032 0.004
0 0.578 0.008 0.04 0.012
0 0.578 0.058 0.04 0.056
0 0.501 0.022 0.05 0.04
0 0.45 0.016 0.032 0.028
0 0.489 0.084 0.046 0.056
0 0.387 0.083 0.046 0.054
0 0.242 0.056 0.036 0.056
0 0.226 0.032 0.036 0.052
0 0.199 0.035 0.046 0.066
0 0.119 0.051 0.03 0.05
0 0.025 0.024 0.038 0.044
0 0.119 0.011 0.018 0.018
0 0.022 0.182 0.036 0.068
0 0.003 0.178 0.002 0.04
0 0.044 0.216 0.04 0.056
0 0.074 0.172 0.036 0.048
0 0.115 0.216 0.034 0.052
0 0.136 0.159 0.048 0.066
0 0.186 0.213 0.04 0.062
0 0.205 0.25 0.042 0.048
0 0.112 0.264 0.02 0.028
0 0.021 0.286 0.026 0.044
0 0.048 0.29 0.044 0.044
0 0.057 0.306 0.014 0.012
0 0.589 0.837 0.054 0.038
0 0.515 0.839 0.046 0.038
0 0.603 0.763 0.038 0.026
0 0.599 0.73 0.042 0.024
0 0.521 0.728 0.074 0.044
0 0.562 0.67 0.044 0.048
0 0.611 0.631 0.042 0.042
0 0.569 0.627 0.042 0.042
0 0.536 0.607 0.032 0.026
0 0.582 0.584 0.04 0.044
0 0.578 0.544 0.036 0.036
0 0.523 0.496 0.046 0.048
0 0.473 0.482 0.03 0.048
0 0.737 0.456 0.034 0.044
0 0.714 0.465 0.032 0.03
0 0.702 0.474 0.024 0.016
0 0.658 0.45 0.032 0.06
0 0.713 0.414 0.038 0.044
0 0.758 0.366 0.028 0.024
0 0.761 0.337 0.026 0.034
0 0.662 0.354 0.036 0.044
0 0.572 0.353 0.036 0.054
0 0.605 0.329 0.034 0.042
0 0.538 0.347 0.04 0.046
0 0.511 0.377 0.026 0.038
0 0.502 0.342 0.04 0.064
0 0.481 0.29 0.038 0.04
0 0.516 0.279 0.036 0.046
0 0.443 0.243 0.042 0.046
0 0.702 0.249 0.04 0.046
0 0.733 0.253 0.026 0.05
0 0.631 0.225 0.03 0.062
0 0.609 0.132 0.034 0.048
0 0.57 0.155 0.028 0.034
0 0.228 0.957 0.036 0.03
0 0.104 0.948 0.036 0.028
0 0.25 0.905 0.048 0.038
0 0.087 0.767 0.042 0.026
0 0.133 0.741 0.042 0.026
0 0.265 0.809 0.042 0.026
0 0.394 0.773 0.036 0.022
0 0.373 0.779 0.018 0.026
0 0.399 0.727 0.054 0.03
0 0.45 0.647 0.032 0.038
0 0.423 0.662 0.042 0.044
0 0.372 0.668 0.036 0.032
0 0.311 0.687 0.046 0.042
0 0.225 0.738 0.026 0.032
0 0.489 0.585 0.042 0.038
0 0.448 0.597 0.044 0.058
0 0.406 0.619 0.028 0.03
0 0.384 0.597 0.044 0.046
0 0.331 0.609 0.046 0.05
0 0.305 0.577 0.034 0.034
0 0.256 0.567 0.036 0.05
0 0.2 0.565 0.052 0.046
0 0.157 0.612 0.042 0.036
0 0.052 0.628 0.048 0.044
0 0.118 0.57 0.044 0.036
0 0.208 0.52 0.048 0.04
0 0.019 0.459 0.034 0.054
0 0.019 0.493 0.03 0.038
0 0.041 0.49 0.022 0.032
0 0.053 0.487 0.038 0.058
0 0.059 0.378 0.034 0.044
0 0.074 0.361 0.028 0.034
0 0.107 0.339 0.034 0.034
0 0.136 0.333 0.04 0.062
0 0.115 0.379 0.03 0.026
0 0.079 0.436 0.018 0.028
0 0.16 0.413 0.036 0.042
0 0.157 0.382 0.038 0.036
0 0.065 0.559 0.038 0.038
0 0.204 0.464 0.02 0.028
0 0.238 0.473 0.036 0.042
0 0.259 0.491 0.042 0.034
0 0.289 0.457 0.038 0.042
0 0.311 0.522 0.046 0.044
0 0.322 0.478 0.04 0.044
0 0.426 0.49 0.048 0.048
0 0.575 0.445 0.042 0.05
0 0.566 0.477 0.008 0.018
0 0.54 0.444 0.02 0.024
0 0.8 0.324 0.02 0.032
0 0.431 0.412 0.046 0.036
0 0.395 0.428 0.03 0.044
0 0.369 0.383 0.038 0.046
0 0.34 0.361 0.044 0.046
0 0.303 0.375 0.034 0.038
0 0.272 0.414 0.036 0.044
0 0.264 0.324 0.028 0.032
0 0.325 0.297 0.026 0.042
0 0.269 0.259 0.046 0.054
0 0.231 0.266 0.034 0.044
0 0.285 0.22 0.03 0.032
0 0.45 0.171 0.052 0.054
0 0.382 0.139 0.04 0.054
0 0.376 0.209 0.04 0.062
0 0.361 0.174 0.026 0.052
0 0.313 0.13 0.03 0.028
0 0.333 0.085 0.018 0.026
0 0.323 0.109 0.026 0.038
0 0.283 0.176 0.034 0.036
0 0.261 0.103 0.018 0.03
0 0.244 0.123 0.036 0.042
0 0.223 0.349 0.022 0.03
0 0.994 0.598 0.008 0.06
0 0.632 0.535 0.02 0.014
0 0.977 0.01 0.042 0.016
1 0.977 0.958 0.014 0.02
1 0.92 0.963 0.016 0.014
1 0.79 0.944 0.02 0.028
1 0.757 0.948 0.014 0.012
1 0.767 0.94 0.018 0.016
1 0.948 0.823 0.016 0.022
1 0.996 0.76 0.004 0.036
1 0.545 0.965 0.018 0.018
1 0.584 0.938 0.008 0.008
1 0.589 0.908 0.034 0.016
1 0.614 0.89 0.012 0.012
1 0.6 0.878 0.016 0.016
1 0.479 0.917 0.026 0.014
1 0.647 0.745 0.034 0.018
1 0.779 0.585 0.022 0.026
1 0.868 0.342 0.016 0.016
1 0.945 0.258 0.018 0.02
1 0.888 0.178 0.016 0.032
1 0.964 0.14 0.016 0.016
1 0.751 0.203 0.018 0.026
1 0.744 0.074 0.024 0.016
1 0.73 0.127 0.012 0.014
1 0.733 0.114 0.014 0.016
1 0.705 0.008 0.014 0.012
1 0.608 0.042 0.012 0.052
1 0.634 0.06 0.02 0.024
1 0.621 0.083 0.014 0.034
1 0.367 0.005 0.026 0.006
1 0.268 0.037 0.012 0.026
1 0.013 0.072 0.01 0.012
1 0.173 0.175 0.034 0.022
1 0.163 0.284 0.014 0.016
1 0.06 0.295 0.008 0.01
1 0.067 0.289 0.002 0.018
1 0.115 0.303 0.026 0.018
1 0.576 0.804 0.012 0.028
1 0.613 0.802 0.018 0.024
1 0.523 0.687 0.018 0.018
1 0.617 0.516 0.014 0.02
1 0.55 0.518 0.012 0.024
1 0.767 0.35 0.022 0.012
1 0.682 0.357 0.008 0.018
1 0.451 0.349 0.018 0.018
1 0.446 0.323 0.02 0.022
1 0.627 0.119 0.03 0.018
1 0.648 0.159 0.036 0.022
1 0.352 0.971 0.02 0.022
1 0.33 0.974 0.02 0.016
1 0.277 0.988 0.026 0.02
1 0.261 0.995 0.01 0.006
1 0.04 0.968 0.028 0.016
1 0.161 0.965 0.018 0.03
1 0.103 0.887 0.026 0.018
1 0.185 0.894 0.022 0.032
1 0.208 0.831 0.016 0.026
1 0.042 0.768 0.028 0.016
1 0.132 0.759 0.024 0.014
1 0.41 0.9 0.028 0.024
1 0.416 0.878 0.016 0.016
1 0.356 0.912 0.02 0.02
1 0.377 0.857 0.026 0.018
1 0.282 0.786 0.032 0.008
1 0.48 0.67 0.016 0.024
1 0.454 0.694 0.016 0.016
1 0.205 0.751 0.014 0.042
1 0.143 0.69 0.026 0.024
1 0.258 0.612 0.024 0.02
1 0.079 0.336 0.018 0.032
1 0.106 0.402 0.02 0.02
1 0.086 0.402 0.02 0.024
1 0.086 0.419 0.028 0.022
1 0.098 0.502 0.032 0.028
1 0.192 0.467 0.012 0.018
1 0.34 0.454 0.008 0.008
1 0.35 0.455 0.008 0.014
1 0.477 0.44 0.022 0.024
1 0.372 0.423 0.012 0.022
1 0.454 0.201 0.028 0.022
1 0.496 0.154 0.024 0.012
1 0.43 0.545 0.008 0.01
1 0.816 0.41 0.012 0.02
2 0.903 0.926 0.014 0.02
2 0.914 0.802 0.016 0.016
2 0.994 0.446 0.008 0.056
2 0.868 0.023 0.024 0.018
2 0.582 0.867 0.02 0.018
2 0.695 0.493 0.022 0.03
2 0.726 0.491 0.02 0.026
2 0.685 0.276 0.018 0.024
2 0.569 0.231 0.022 0.03
2 0.653 0.178 0.038 0.036
2 0.198 0.992 0.036 0.012
2 0.01 0.987 0.016 0.022
2 0.139 0.93 0.018 0.02
2 0.08 0.819 0.036 0.034
2 0.375 0.936 0.03 0.028
2 0.524 0.761 0.016 0.014
2 0.493 0.658 0.022 0.024
2 0.51 0.639 0.024 0.022
2 0.22 0.674 0.032 0.024
2 0.165 0.53 0.022 0.032
2 0.553 0.191 0.014 0.022
2 0.221 0.107 0.014 0.018
2 0.394 0.04 0.02 0.02
2 0.034 0.39 0.02 0.024
2 0.35 0.544 0.02 0.028
2 0.727 0.535 0.026 0.022
2 0.823 0.549 0.014 0.014
2 0.344 0.638 0.028 0.024
2 0.356 0.69 0.02 0.02
2 0.285 0.712 0.014 0.012
2 0.858 0.608 0.024 0.036
2 0.917 0.252 0.014 0.02