0 0.019 0.895 0.038 0.034
0 0.047 0.883 0.038 0.038
0 0.15 0.959 0.032 0.05
0 0.205 0.964 0.038 0.048
0 0.366 0.981 0.048 0.034
0 0.292 0.922 0.032 0.032
0 0.356 0.919 0.02 0.038
0 0.141 0.893 0.05 0.038
0 0.18 0.91 0.028 0.028
0 0.054 0.829 0.04 0.038
0 0.032 0.731 0.036 0.042
0 0.059 0.796 0.022 0.028
0 0.094 0.793 0.036 0.03
0 0.192 0.884 0.036 0.028
0 0.173 0.798 0.046 0.04
0 0.014 0.657 0.028 0.042
0 0.02 0.676 0.02 0.016
0 0.008 0.542 0.016 0.044
0 0.07 0.51 0.036 0.04
0 0.047 0.591 0.046 0.038
0 0.081 0.574 0.038 0.036
0 0.08 0.621 0.04 0.034
0 0.125 0.623 0.034 0.034
0 0.102 0.711 0.032 0.022
0 0.153 0.724 0.05 0.06
0 0.201 0.741 0.03 0.038
0 0.274 0.76 0.04 0.036
0 0.264 0.835 0.032 0.034
0 0.019 0.018 0.038 0.032
0 0.062 0.005 0.028 0.006
0 0.204 0.016 0.02 0.02
0 0.169 0.052 0.022 0.016
0 0.143 0.066 0.034 0.032
0 0.158 0.093 0.032 0.022
0 0.26 0.057 0.052 0.042
0 0.433 0.029 0.054 0.054
0 0.619 0.009 0.054 0.014
0 0.65 0.017 0.04 0.026
0 0.663 0.043 0.03 0.022
0 0.778 0.006 0.028 0.008
0 0.767 0.062 0.042 0.036
0 0.694 0.076 0.044 0.048
0 0.987 0.023 0.022 0.038
0 0.935 0.015 0.07 0.026
0 0.904 0.023 0.052 0.034
0 0.894 0.052 0.056 0.04
0 0.946 0.099 0.04 0.05
0 0.883 0.084 0.034 0.028
0 0.911 0.125 0.05 0.034
0 0.884 0.142 0.052 0.032
0 0.854 0.183 0.072 0.042
0 0.817 0.225 0.042 0.042
0 0.992 0.226 0.012 0.036
0 0.974 0.221 0.02 0.034
0 0.987 0.27 0.022 0.028
0 0.995 0.302 0.006 0.028
0 0.884 0.269 0.04 0.034
0 0.909 0.308 0.03 0.032
0 0.785 0.293 0.022 0.034
0 0.726 0.245 0.032 0.026
0 0.666 0.123 0.044 0.038
0 0.641 0.159 0.054 0.046
0 0.554 0.104 0.048 0.044
0 0.535 0.129 0.03 0.026
0 0.462 0.132 0.04 0.028
0 0.473 0.154 0.03 0.016
0 0.42 0.14 0.044 0.028
0 0.317 0.12 0.046 0.028
0 0.304 0.167 0.04 0.038
0 0.183 0.15 0.054 0.024
0 0.149 0.196 0.038 0.028
0 0.034 0.205 0.048 0.038
0 0.014 0.234 0.028 0.032
0 0.01 0.263 0.02 0.034
0 0.048 0.33 0.04 0.032
0 0.031 0.376 0.026 0.028
0 0.084 0.411 0.02 0.018
0 0.106 0.439 0.044 0.038
0 0.18 0.244 0.056 0.028
0 0.149 0.26 0.05 0.04
0 0.188 0.289 0.044 0.026
0 0.149 0.36 0.038 0.036
0 0.169 0.343 0.022 0.018
0 0.229 0.375 0.046 0.034
0 0.275 0.289 0.046 0.034
0 0.294 0.232 0.052 0.036
0 0.571 0.181 0.046 0.034
0 0.611 0.201 0.018 0.018
0 0.446 0.189 0.04 0.034
0 0.406 0.189 0.04 0.034
0 0.437 0.256 0.042 0.032
0 0.565 0.238 0.038 0.036
0 0.55 0.262 0.032 0.024
0 0.988 0.398 0.02 0.04
0 0.951 0.392 0.038 0.032
0 0.975 0.462 0.038 0.04
0 0.978 0.495 0.028 0.018
0 0.997 0.515 0.002 0.018
0 0.898 0.451 0.044 0.046
0 0.892 0.481 0.04 0.038
0 0.875 0.522 0.058 0.056
0 0.754 0.347 0.068 0.034
0 0.724 0.365 0.048 0.03
0 0.667 0.324 0.046 0.032
0 0.641 0.3 0.038 0.028
0 0.609 0.315 0.038 0.03
0 0.576 0.372 0.04 0.028
0 0.706 0.405 0.028 0.022
0 0.712 0.445 0.036 0.03
0 0.745 0.456 0.042 0.036
0 0.832 0.45 0.02 0.028
0 0.782 0.482 0.044 0.04
0 0.789 0.536 0.03 0.024
0 0.731 0.521 0.03 0.022
0 0.707 0.536 0.018 0.024
0 0.676 0.538 0.04 0.036
0 0.614 0.521 0.032 0.038
0 0.546 0.473 0.036 0.034
0 0.521 0.519 0.058 0.034
0 0.479 0.508 0.022 0.024
0 0.443 0.506 0.034 0.024
0 0.537 0.553 0.042 0.03
0 0.558 0.577 0.044 0.03
0 0.354 0.356 0.048 0.028
0 0.301 0.366 0.038 0.028
0 0.416 0.392 0.032 0.028
0 0.415 0.412 0.042 0.028
0 0.405 0.443 0.042 0.038
0 0.237 0.43 0.038 0.028
0 0.224 0.484 0.032 0.044
0 0.187 0.465 0.034 0.038
0 0.17 0.489 0.04 0.038
0 0.2 0.538 0.036 0.028
0 0.184 0.559 0.036 0.034
0 0.268 0.569 0.032 0.042
0 0.371 0.528 0.062 0.052
0 0.392 0.57 0.044 0.032
0 0.211 0.668 0.042 0.048
0 0.255 0.67 0.03 0.032
0 0.982 0.592 0.032 0.036
0 0.991 0.662 0.014 0.036
0 0.969 0.7 0.038 0.028
0 0.89 0.648 0.044 0.036
0 0.793 0.641 0.022 0.03
0 0.755 0.639 0.026 0.026
0 0.811 0.707 0.046 0.038
0 0.867 0.703 0.038 0.034
0 0.476 0.605 0.036 0.038
0 0.453 0.627 0.034 0.034
0 0.534 0.637 0.04 0.026
0 0.456 0.666 0.04 0.032
0 0.429 0.688 0.046 0.032
0 0.388 0.694 0.036 0.02
0 0.312 0.797 0.032 0.042
0 0.314 0.825 0.024 0.026
0 0.351 0.828 0.042 0.032
0 0.455 0.915 0.042 0.03
0 0.452 0.888 0.036 0.028
0 0.479 0.81 0.05 0.044
0 0.451 0.858 0.066 0.032
0 0.507 0.75 0.046 0.04
0 0.5 0.715 0.02 0.026
0 0.55 0.71 0.036 0.04
0 0.607 0.727 0.034 0.034
0 0.691 0.753 0.05 0.05
0 0.725 0.724 0.042 0.04
0 0.768 0.737 0.032 0.034
0 0.798 0.747 0.04 0.038
0 0.856 0.764 0.032 0.036
0 0.838 0.794 0.04 0.044
0 0.996 0.773 0.004 0.026
0 0.932 0.797 0.04 0.034
0 0.898 0.867 0.048 0.038
0 0.98 0.904 0.036 0.032
0 0.974 0.947 0.024 0.022
0 0.869 0.976 0.026 0.02
0 0.709 0.95 0.038 0.048
0 0.673 0.947 0.034 0.038
0 0.554 0.924 0.06 0.048
0 0.602 0.88 0.04 0.032
0 0.714 0.899 0.036 0.05
0 0.756 0.9 0.036 0.032
0 0.783 0.892 0.034 0.024
0 0.746 0.871 0.02 0.026
0 0.728 0.827 0.032 0.038
0 0.761 0.837 0.034 0.034
0 0.782 0.811 0.036 0.022
0 0.795 0.83 0.042 0.036
1 0.005 0.747 0.01 0.026
1 0.052 0.801 0.016 0.018
1 0.061 0.542 0.022 0.024
1 0.04 0.449 0.012 0.014
1 0.096 0.697 0.024 0.026
1 0.002 0.058 0.004 0.028
1 0.186 0.088 0.024 0.02
1 0.632 0.054 0.036 0.036
1 0.738 0.081 0.012 0.014
1 0.732 0.068 0.036 0.012
1 0.931 0.058 0.022 0.024
1 0.925 0.157 0.014 0.018
1 0.882 0.221 0.012 0.014
1 0.749 0.297 0.018 0.018
1 0.697 0.128 0.022 0.008
1 0.233 0.164 0.022 0.02
1 0.114 0.304 0.024 0.024
1 0.233 0.308 0.026 0.032
1 0.308 0.204 0.04 0.028
1 0.622 0.22 0.012 0.012
1 0.385 0.255 0.026 0.03
1 0.902 0.401 0.032 0.034
1 0.572 0.408 0.024 0.016
1 0.536 0.406 0.016 0.024
1 0.768 0.434 0.012 0.012
1 0.561 0.512 0.026 0.024
1 0.561 0.467 0.03 0.022
1 0.406 0.326 0.02 0.02
1 0.33 0.484 0.028 0.016
1 0.312 0.519 0.012 0.046
1 0.262 0.615 0.036 0.018
1 0.284 0.665 0.028 0.034
1 0.919 0.579 0.034 0.022
1 0.776 0.687 0.028 0.03
1 0.446 0.596 0.024 0.016
1 0.3 0.73 0.024 0.028
1 0.328 0.715 0.02 0.03
1 0.389 0.853 0.022 0.046
1 0.902 0.845 0.024 0.026
1 0.915 0.9 0.022 0.02
1 0.948 0.878 0.032 0.016
1 0.958 0.918 0.012 0.012
1 0.793 0.976 0.018 0.04
1 0.641 0.928 0.022 0.028
1 0.573 0.883 0.022 0.03
2 0.113 0.95 0.03 0.036
2 0.092 0.96 0.016 0.024
2 0.33 0.97 0.024 0.04
2 0.19 0.034 0.016 0.016
2 0.052 0.114 0.032 0.024
2 0.902 0.086 0.016 0.024
2 0.845 0.112 0.022 0.02
2 0.907 0.165 0.026 0.018
2 0.948 0.254 0.032 0.032
2 0.817 0.281 0.034 0.034
2 0.388 0.146 0.024 0.016
2 0.086 0.329 0.028 0.022
2 0.171 0.396 0.042 0.028
2 0.421 0.517 0.026 0.022
2 0.842 0.426 0.048 0.016
2 0.336 0.295 0.024 0.018
2 0.822 0.632 0.032 0.024
2 0.772 0.659 0.012 0.014
2 0.431 0.625 0.01 0.01
2 0.419 0.652 0.022 0.02
2 0.384 0.672 0.02 0.012
2 0.32 0.719 0.02 0.022
2 0.539 0.957 0.022 0.03
2 0.598 0.976 0.02 0.024