0 0.047 0.958 0.03 0.036
0 0.124 0.927 0.032 0.034
0 0.135 0.975 0.026 0.03
0 0.177 0.997 0.034 0.002
0 0.04 0.865 0.04 0.038
0 0.025 0.807 0.042 0.042
0 0.018 0.755 0.036 0.054
0 0.005 0.679 0.01 0.034
0 0.083 0.823 0.03 0.038
0 0.104 0.899 0.024 0.038
0 0.142 0.861 0.044 0.046
0 0.142 0.823 0.032 0.03
0 0.168 0.831 0.024 0.03
0 0.166 0.793 0.032 0.034
0 0.168 0.746 0.04 0.036
0 0.216 0.762 0.04 0.04
0 0.214 0.714 0.044 0.052
0 0.085 0.594 0.046 0.044
0 0.114 0.582 0.036 0.044
0 0.159 0.579 0.034 0.05
0 0.185 0.582 0.03 0.052
0 0.009 0.511 0.018 0.042
0 0.053 0.506 0.046 0.04
0 0.064 0.308 0.044 0.056
0 0.005 0.173 0.01 0.03
0 0.028 0.033 0.02 0.042
0 0.089 0.009 0.03 0.014
0 0.069 0.107 0.034 0.038
0 0.072 0.209 0.032 0.034
0 0.08 0.159 0.048 0.03
0 0.192 0.044 0.056 0.068
0 0.244 0.02 0.044 0.036
0 0.221 0.128 0.042 0.04
0 0.353 0.048 0.034 0.04
0 0.307 0.143 0.034 0.042
0 0.331 0.151 0.022 0.03
0 0.171 0.406 0.038 0.036
0 0.154 0.524 0.032 0.04
0 0.158 0.333 0.044 0.074
0 0.235 0.287 0.038 0.054
0 0.274 0.332 0.044 0.052
0 0.3 0.393 0.052 0.046
0 0.34 0.42 0.024 0.04
0 0.38 0.385 0.016 0.026
0 0.417 0.385 0.03 0.042
0 0.319 0.484 0.038 0.056
0 0.327 0.653 0.038 0.054
0 0.305 0.59 0.046 0.036
0 0.201 0.916 0.034 0.04
0 0.272 0.955 0.028 0.038
0 0.246 0.899 0.032 0.046
0 0.277 0.885 0.03 0.042
0 0.275 0.851 0.026 0.03
0 0.306 0.819 0.024 0.022
0 0.358 0.919 0.036 0.05
0 0.396 0.979 0.036 0.034
0 0.401 0.958 0.038 0.024
0 0.443 0.995 0.038 0.006
0 0.484 0.987 0.028 0.022
0 0.507 0.986 0.03 0.024
0 0.607 0.981 0.038 0.034
0 0.477 0.942 0.014 0.032
0 0.493 0.94 0.026 0.036
0 0.414 0.903 0.032 0.046
0 0.422 0.87 0.016 0.02
0 0.398 0.812 0.032 0.032
0 0.47 0.095 0.024 0.022
0 0.535 0.079 0.026 0.03
0 0.516 0.121 0.024 0.026
0 0.528 0.104 0.02 0.028
0 0.512 0.094 0.016 0.028
0 0.468 0.128 0.048 0.036
0 0.609 0.13 0.054 0.068
0 0.352 0.287 0.044 0.058
0 0.474 0.298 0.056 0.04
0 0.491 0.382 0.05 0.044
0 0.487 0.443 0.046 0.034
0 0.57 0.411 0.04 0.038
0 0.547 0.268 0.058 0.068
0 0.551 0.193 0.034 0.03
0 0.627 0.344 0.042 0.068
0 0.663 0.034 0.07 0.064
0 0.799 0.004 0.022 0.004
0 0.875 0.07 0.054 0.088
0 0.848 0.157 0.056 0.058
0 0.953 0.181 0.042 0.078
0 0.982 0.252 0.032 0.072
0 0.701 0.144 0.046 0.04
0 0.69 0.186 0.028 0.032
0 0.67 0.263 0.04 0.038
0 0.736 0.29 0.052 0.032
0 0.806 0.254 0.036 0.044
0 0.843 0.308 0.054 0.052
0 0.84 0.344 0.032 0.032
0 0.763 0.341 0.046 0.058
0 0.81 0.399 0.044 0.05
0 0.968 0.47 0.04 0.052
0 0.921 0.478 0.046 0.072
0 0.891 0.442 0.034 0.048
0 0.894 0.549 0.032 0.034
0 0.85 0.531 0.032 0.034
0 0.826 0.56 0.036 0.044
0 0.759 0.502 0.03 0.024
0 0.747 0.532 0.042 0.052
0 0.72 0.477 0.048 0.042
0 0.703 0.445 0.05 0.042
0 0.556 0.5 0.036 0.036
0 0.48 0.524 0.036 0.04
0 0.395 0.521 0.042 0.034
0 0.437 0.539 0.03 0.05
0 0.467 0.56 0.03 0.028
0 0.459 0.588 0.018 0.02
0 0.425 0.575 0.046 0.042
0 0.506 0.572 0.04 0.04
0 0.547 0.57 0.038 0.048
0 0.572 0.602 0.028 0.036
0 0.555 0.632 0.042 0.04
0 0.524 0.623 0.032 0.042
0 0.62 0.556 0.036 0.04
0 0.615 0.593 0.046 0.054
0 0.505 0.684 0.046 0.044
0 0.906 0.661 0.04 0.042
0 0.93 0.679 0.04 0.046
0 0.986 0.72 0.024 0.06
0 0.857 0.662 0.03 0.036
0 0.913 0.731 0.046 0.046
0 0.924 0.755 0.04 0.042
0 0.934 0.721 0.016 0.022
0 0.852 0.748 0.036 0.056
0 0.783 0.687 0.038 0.054
0 0.754 0.657 0.044 0.054
0 0.67 0.68 0.032 0.064
0 0.652 0.736 0.052 0.04
0 0.619 0.757 0.034 0.046
0 0.594 0.729 0.024 0.022
0 0.577 0.759 0.042 0.046
0 0.515 0.755 0.034 0.038
0 0.473 0.763 0.038 0.058
0 0.503 0.802 0.034 0.044
0 0.506 0.877 0.036 0.038
0 0.988 0.899 0.02 0.058
0 0.915 0.903 0.034 0.038
0 0.96 0.921 0.028 0.05
0 0.959 0.966 0.034 0.044
0 0.929 0.971 0.034 0.042
0 0.84 0.995 0.036 0.006
0 0.789 0.96 0.034 0.04
0 0.624 0.934 0.036 0.036
0 0.637 0.834 0.03 0.052
0 0.669 0.834 0.034 0.044
0 0.701 0.833 0.03 0.05
0 0.756 0.811 0.04 0.054
0 0.793 0.786 0.038 0.04
0 0.874 0.841 0.04 0.038
0 0.997 0.152 0.002 0.032
1 0.013 0.958 0.022 0.016
1 0.082 0.941 0.024 0.038
1 0.143 0.948 0.022 0.016
1 0.057 0.793 0.022 0.018
1 0.123 0.797 0.022 0.018
1 0.142 0.698 0.024 0.02
1 0.175 0.677 0.026 0.022
1 0.196 0.647 0.016 0.03
1 0.169 0.628 0.03 0.012
1 0.072 0.543 0.016 0.018
1 0.072 0.515 0.012 0.018
1 0.018 0.417 0.032 0.026
1 0.011 0.358 0.014 0.016
1 0.006 0.321 0.012 0.018
1 0.039 0.191 0.022 0.022
1 0.093 0.224 0.022 0.02
1 0.085 0.089 0.022 0.026
1 0.124 0.098 0.016 0.024
1 0.153 0.125 0.026 0.022
1 0.171 0.126 0.01 0.008
1 0.203 0.169 0.026 0.026
1 0.196 0.2 0.028 0.02
1 0.135 0.188 0.018 0.016
1 0.158 0.049 0.02 0.034
1 0.258 0.096 0.024 0.04
1 0.33 0.043 0.016 0.03
1 0.281 0.159 0.014 0.018
1 0.297 0.163 0.006 0.018
1 0.402 0.164 0.032 0.032
1 0.455 0.188 0.022 0.024
1 0.511 0.172 0.026 0.028
1 0.104 0.37 0.016 0.028
1 0.126 0.337 0.012 0.022
1 0.135 0.423 0.022 0.026
1 0.167 0.459 0.022 0.014
1 0.353 0.37 0.018 0.02
1 0.372 0.399 0.02 0.014
1 0.367 0.384 0.014 0.028
1 0.39 0.421 0.016 0.022
1 0.457 0.418 0.022 0.024
1 0.253 0.517 0.014 0.018
1 0.246 0.536 0.02 0.02
1 0.247 0.553 0.018 0.018
1 0.238 0.607 0.02 0.022
1 0.298 0.61 0.028 0.024
1 0.256 0.971 0.008 0.018
1 0.342 0.989 0.016 0.018
1 0.273 0.781 0.022 0.018
1 0.327 0.849 0.026 0.018
1 0.297 0.842 0.01 0.012
1 0.29 0.832 0.012 0.012
1 0.375 0.794 0.026 0.02
1 0.382 0.781 0.024 0.022
1 0.417 0.06 0.01 0.012
1 0.441 0.094 0.018 0.016
1 0.499 0.11 0.018 0.016
1 0.673 0.105 0.018 0.026
1 0.491 0.342 0.022 0.016
1 0.488 0.41 0.016 0.016
1 0.447 0.456 0.01 0.012
1 0.464 0.461 0.012 0.014
1 0.53 0.45 0.016 0.02
1 0.578 0.381 0.02 0.018
1 0.582 0.339 0.02 0.022
1 0.58 0.205 0.012 0.018
1 0.599 0.203 0.014 0.018
1 0.591 0.22 0.018 0.008
1 0.6 0.245 0.02 0.022
1 0.617 0.276 0.018 0.028
1 0.645 0.335 0.018 0.026
1 0.739 0.004 0.03 0.004
1 0.781 0.029 0.026 0.022
1 0.716 0.061 0.036 0.026
1 0.816 0.143 0.02 0.034
1 0.881 0.14 0.014 0.02
1 0.905 0.223 0.026 0.03
1 0.694 0.211 0.02 0.022
1 0.775 0.2 0.014 0.016
1 0.851 0.28 0.014 0.016
1 0.925 0.308 0.022 0.04
1 0.892 0.294 0.016 0.02
1 0.78 0.372 0.016 0.016
1 0.761 0.403 0.026 0.026
1 0.782 0.438 0.024 0.024
1 0.96 0.394 0.02 0.02
1 0.899 0.511 0.026 0.034
1 0.96 0.583 0.02 0.022
1 0.869 0.605 0.018 0.026
1 0.818 0.628 0.02 0.016
1 0.794 0.622 0.02 0.016
1 0.625 0.477 0.018 0.026
1 0.594 0.489 0.012 0.01
1 0.59 0.526 0.02 0.016
1 0.597 0.64 0.022 0.02
1 0.59 0.71 0.024 0.02
1 0.802 0.728 0.016 0.044
1 0.714 0.657 0.024 0.034
1 0.703 0.63 0.018 0.016
1 0.692 0.611 0.02 0.018
1 0.437 0.742 0.018 0.024
1 0.525 0.838 0.022 0.016
1 0.923 0.864 0.018 0.016
1 0.9 0.877 0.016 0.022
1 0.984 0.968 0.024 0.028
1 0.763 0.965 0.014 0.03
1 0.788 0.919 0.036 0.026
1 0.84 0.917 0.02 0.018
1 0.574 0.866 0.024 0.016
1 0.615 0.825 0.026 0.018
1 0.802 0.83 0.016 0.02
1 0.81 0.813 0.012 0.018
1 0.371 0.586 0.018 0.028
1 0.368 0.635 0.012 0.018
1 0.337 0.613 0.014 0.014
1 0.543 0.881 0.014 0.018
1 0.784 0.749 0.02 0.022
1 0.688 0.532 0.012 0.02
1 0.901 0.023 0.014 0.014
1 0.924 0.008 0.016 0.012
1 0.997 0.106 0.002 0.016
2 0.003 0.904 0.006 0.016
2 0.11 0.995 0.016 0.006
2 0.02 0.844 0.024 0.016
2 0.373 0.148 0.022 0.032
2 0.483 0.196 0.018 0.016
2 0.237 0.639 0.03 0.026
2 0.211 0.98 0.034 0.028
2 0.302 0.956 0.024 0.012
2 0.286 0.925 0.016 0.018
2 0.551 0.96 0.03 0.04
2 0.493 0.064 0.03 0.036
2 0.44 0.326 0.032 0.024
2 0.47 0.338 0.016 0.028
2 0.652 0.387 0.04 0.05
2 0.529 0.699 0.022 0.018
2 0.723 0.699 0.034 0.034
2 0.629 0.711 0.038 0.038
2 0.59 0.804 0.028 0.032
2 0.417 0.696 0.034 0.032
2 0.991 0.849 0.014 0.026
2 0.356 0.512 0.016 0.024
2 0.361 0.553 0.014 0.01
2 0.317 0.786 0.03 0.02
2 0.43 0.838 0.016 0.02
2 0.529 0.872 0.01 0.016
2 0.538 0.828 0.032 0.016
2 0.784 0.935 0.028 0.014
2 0.769 0.914 0.018 0.016
2 0.823 0.833 0.014 0.018
2 0.803 0.862 0.018 0.032
2 0.644 0.594 0.02 0.016
2 0.648 0.574 0.016 0.024
2 0.014 0.433 0.016 0.018
2 0.011 0.453 0.006 0.014
2 0.052 0.443 0.024 0.022
2 0.307 0.924 0.014 0.02
2 0.245 0.927 0.006 0.014
2 0.34 0.741 0.024 0.018
2 0.415 0.721 0.014 0.026
2 0.01 0.285 0.012 0.018
2 0.013 0.265 0.014 0.014
2 0.004 0.217 0.008 0.018
2 0.016 0.177 0.012 0.01
2 0.242 0.196 0.02 0.024
2 0.3 0.184 0.016 0.016
2 0.456 0.008 0.028 0.012
2 0.959 0.122 0.014 0.024