0 0.928 0.052 0.04 0.052
0 0.914 0.114 0.044 0.056
0 0.935 0.19 0.034 0.056
0 0.975 0.255 0.03 0.062
0 0.776 0.024 0.04 0.044
0 0.698 0.15 0.04 0.048
0 0.828 0.133 0.04 0.054
0 0.865 0.039 0.042 0.054
0 0.884 0.169 0.04 0.05
0 0.903 0.253 0.046 0.05
0 0.905 0.223 0.054 0.03
0 0.791 0.146 0.03 0.052
0 0.656 0.179 0.036 0.046
0 0.797 0.253 0.042 0.046
0 0.582 0.147 0.052 0.05
0 0.437 0.051 0.05 0.066
0 0.56 0.195 0.04 0.042
0 0.478 0.261 0.04 0.054
0 0.663 0.246 0.038 0.068
0 0.848 0.311 0.052 0.05
0 0.806 0.319 0.04 0.054
0 0.804 0.423 0.032 0.046
0 0.757 0.422 0.046 0.052
0 0.727 0.325 0.046 0.058
0 0.699 0.349 0.03 0.058
0 0.592 0.273 0.04 0.046
0 0.608 0.269 0.02 0.03
0 0.344 0.203 0.04 0.058
0 0.387 0.159 0.042 0.07
0 0.397 0.089 0.034 0.054
0 0.502 0.08 0.04 0.072
0 0.967 0.445 0.034 0.058
0 0.975 0.508 0.034 0.04
0 0.9 0.446 0.04 0.044
0 0.97 0.566 0.028 0.04
0 0.843 0.539 0.034 0.034
0 0.812 0.481 0.032 0.034
0 0.935 0.486 0.038 0.04
0 0.937 0.504 0.026 0.024
0 0.992 0.362 0.012 0.048
0 0.812 0.36 0.036 0.036
0 0.908 0.346 0.024 0.036
0 0.647 0.323 0.026 0.03
0 0.992 0.198 0.012 0.036
0 0.994 0.161 0.008 0.026
0 0.988 0.01 0.02 0.02
0 0.861 0.117 0.022 0.026
0 0.666 0.078 0.036 0.072
0 0.832 0.228 0.024 0.028
0 0.749 0.153 0.018 0.042
0 0.569 0.075 0.038 0.058
0 0.542 0.228 0.02 0.024
0 0.24 0.023 0.048 0.046
0 0.239 0.105 0.042 0.062
0 0.194 0.094 0.056 0.076
0 0.125 0.033 0.062 0.066
0 0.104 0.057 0.024 0.034
0 0.115 0.083 0.022 0.022
0 0.01 0.023 0.016 0.034
0 0.057 0.099 0.038 0.058
0 0.154 0.244 0.04 0.052
0 0.145 0.213 0.034 0.038
0 0.012 0.279 0.02 0.058
0 0.118 0.34 0.032 0.032
0 0.219 0.336 0.042 0.056
0 0.274 0.225 0.048 0.066
0 0.445 0.127 0.05 0.042
0 0.558 0.387 0.036 0.038
0 0.569 0.426 0.038 0.044
0 0.433 0.358 0.034 0.04
0 0.417 0.349 0.018 0.03
0 0.49 0.334 0.044 0.052
0 0.497 0.308 0.018 0.024
0 0.337 0.308 0.042 0.052
0 0.412 0.493 0.032 0.054
0 0.432 0.517 0.024 0.03
0 0.372 0.532 0.04 0.052
0 0.323 0.517 0.034 0.042
0 0.342 0.474 0.048 0.052
0 0.381 0.421 0.022 0.03
0 0.365 0.405 0.026 0.038
0 0.444 0.402 0.028 0.028
0 0.234 0.434 0.044 0.06
0 0.222 0.457 0.044 0.05
0 0.145 0.428 0.038 0.052
0 0.201 0.531 0.034 0.05
0 0.17 0.534 0.044 0.056
0 0.141 0.494 0.022 0.024
0 0.052 0.452 0.04 0.056
0 0.018 0.491 0.032 0.05
0 0.036 0.476 0.048 0.052
0 0.009 0.353 0.014 0.046
0 0.084 0.273 0.044 0.07
0 0.164 0.479 0.02 0.018
0 0.14 0.6 0.04 0.052
0 0.136 0.662 0.036 0.04
0 0.158 0.695 0.04 0.05
0 0.08 0.648 0.036 0.04
0 0.015 0.714 0.026 0.052
0 0.071 0.677 0.034 0.054
0 0.038 0.739 0.024 0.038
0 0.049 0.768 0.018 0.028
0 0.116 0.726 0.02 0.024
0 0.06 0.864 0.032 0.048
0 0.089 0.871 0.03 0.05
0 0.01 0.842 0.016 0.032
0 0.136 0.838 0.044 0.036
0 0.1 0.938 0.028 0.036
0 0.015 0.926 0.026 0.056
0 0.066 0.921 0.028 0.038
0 0.021 0.985 0.038 0.026
0 0.186 0.93 0.032 0.048
0 0.228 0.861 0.032 0.03
0 0.226 0.92 0.04 0.04
0 0.24 0.955 0.032 0.03
0 0.148 0.877 0.032 0.038
0 0.278 0.958 0.028 0.036
0 0.21 0.977 0.028 0.042
0 0.424 0.952 0.028 0.032
0 0.398 0.917 0.028 0.038
0 0.447 0.948 0.022 0.044
0 0.487 0.984 0.034 0.028
0 0.348 0.839 0.028 0.034
0 0.302 0.962 0.032 0.064
0 0.318 0.89 0.028 0.024
0 0.26 0.821 0.044 0.03
0 0.3 0.819 0.04 0.05
0 0.981 0.976 0.026 0.032
0 0.953 0.979 0.026 0.038
0 0.974 0.906 0.02 0.036
0 0.988 0.913 0.02 0.038
0 0.971 0.852 0.018 0.032
0 0.954 0.85 0.02 0.04
0 0.894 0.947 0.032 0.034
0 0.992 0.859 0.012 0.03
0 0.811 0.862 0.026 0.028
0 0.783 0.896 0.038 0.028
0 0.795 0.972 0.026 0.032
0 0.747 0.976 0.038 0.044
0 0.723 0.93 0.034 0.028
0 0.881 0.906 0.026 0.044
0 0.864 0.885 0.044 0.046
0 0.912 0.82 0.024 0.032
0 0.961 0.782 0.022 0.032
0 0.884 0.768 0.028 0.032
0 0.961 0.809 0.022 0.026
0 0.924 0.863 0.032 0.038
0 0.646 0.928 0.036 0.044
0 0.604 0.975 0.032 0.026
0 0.645 0.989 0.018 0.018
0 0.715 0.971 0.018 0.018
0 0.687 0.99 0.026 0.016
0 0.571 0.921 0.026 0.03
0 0.6 0.922 0.028 0.032
0 0.678 0.915 0.036 0.03
0 0.582 0.86 0.028 0.028
0 0.519 0.873 0.022 0.038
0 0.515 0.769 0.026 0.034
0 0.545 0.857 0.026 0.038
0 0.612 0.773 0.028 0.034
0 0.563 0.78 0.03 0.044
0 0.633 0.831 0.03 0.026
0 0.628 0.878 0.02 0.016
0 0.582 0.821 0.028 0.03
0 0.634 0.809 0.012 0.022
0 0.713 0.84 0.014 0.024
0 0.834 0.804 0.032 0.028
0 0.774 0.801 0.036 0.026
0 0.779 0.772 0.03 0.036
0 0.837 0.76 0.038 0.024
0 0.954 0.743 0.028 0.026
0 0.986 0.693 0.024 0.042
0 0.888 0.709 0.036 0.038
0 0.842 0.688 0.036 0.028
0 0.815 0.719 0.042 0.042
0 0.833 0.637 0.034 0.026
0 0.795 0.62 0.042 0.036
0 0.83 0.602 0.028 0.032
0 0.717 0.633 0.042 0.038
0 0.809 0.581 0.038 0.034
0 0.914 0.697 0.024 0.038
0 0.924 0.724 0.032 0.044
0 0.691 0.714 0.034 0.032
0 0.645 0.726 0.034 0.032
0 0.626 0.64 0.032 0.044
0 0.583 0.679 0.022 0.03
0 0.607 0.672 0.026 0.02
0 0.577 0.629 0.03 0.034
0 0.598 0.712 0.028 0.028
0 0.425 0.613 0.042 0.054
0 0.362 0.617 0.028 0.046
0 0.489 0.56 0.038 0.052
0 0.596 0.536 0.04 0.052
0 0.472 0.514 0.032 0.04
0 0.464 0.612 0.024 0.044
0 0.497 0.618 0.034 0.06
0 0.316 0.775 0.028 0.042
0 0.222 0.718 0.04 0.036
0 0.208 0.782 0.028 0.044
0 0.256 0.702 0.032 0.032
0 0.285 0.652 0.042 0.048
0 0.266 0.545 0.036 0.046
0 0.4 0.812 0.036 0.036
0 0.445 0.893 0.022 0.026
0 0.351 0.667 0.038 0.038
0 0.241 0.609 0.042 0.054
0 0.291 0.711 0.05 0.054
0 0.789 0.558 0.03 0.036
0 0.759 0.615 0.03 0.034
0 0.753 0.659 0.034 0.034
0 0.816 0.663 0.04 0.022
0 0.36 0.76 0.04 0.052
0 0.383 0.778 0.026 0.028
0 0.431 0.654 0.022 0.024
0 0.51 0.727 0.02 0.018
0 0.569 0.747 0.022 0.026
0 0.432 0.808 0.024 0.02
0 0.78 0.722 0.016 0.024
0 0.733 0.651 0.03 0.026
0 0.765 0.547 0.026 0.026
0 0.787 0.514 0.022 0.024
0 0.757 0.525 0.018 0.03
0 0.842 0.487 0.016 0.034
0 0.582 0.314 0.032 0.068
0 0.255 0.266 0.018 0.032
0 0.388 0.309 0.024 0.018
0 0.119 0.788 0.026 0.02
0 0.361 0.971 0.014 0.03
0 0.376 0.992 0.032 0.012
0 0.937 0.742 0.018 0.028
1 0.026 0.595 0.024 0.022
1 0.774 0.135 0.012 0.03
1 0.88 0.067 0.016 0.022
1 0.248 0.064 0.024 0.02
1 0.048 0.033 0.012 0.022
1 0.173 0.319 0.018 0.022
1 0.345 0.009 0.014 0.018
1 0.444 0.434 0.016 0.016
1 0.455 0.458 0.018 0.016
1 0.353 0.382 0.018 0.016
1 0.855 0.877 0.01 0.018
1 0.674 0.812 0.012 0.02
1 0.75 0.755 0.02 0.022
1 0.499 0.671 0.018 0.018
1 0.472 0.641 0.024 0.018
1 0.286 0.568 0.02 0.016
1 0.334 0.557 0.02 0.022
1 0.251 0.735 0.014 0.018
1 0.4 0.863 0.02 0.018
1 0.652 0.448 0.02 0.016
1 0.033 0.416 0.022 0.012
1 0.855 0.877 0.01 0.022
2 0.946 0.45 0.032 0.04
2 0.867 0.484 0.046 0.04
2 0.878 0.375 0.016 0.022
2 0.769 0.311 0.018 0.046
2 0.745 0.39 0.042 0.04
2 0.958 0.064 0.032 0.06
2 0.871 0.147 0.034 0.042
2 0.689 0.13 0.038 0.024
2 0.696 0.043 0.02 0.03
2 0.543 0.255 0.042 0.038
2 0.215 0.038 0.042 0.04
2 0.118 0.169 0.044 0.042
2 0.074 0.151 0.028 0.038
2 0.018 0.238 0.028 0.044
2 0.345 0.136 0.038 0.044
2 0.284 0.133 0.032 0.05
2 0.434 0.15 0.028 0.024
2 0.338 0.063 0.016 0.022
2 0.087 0.53 0.03 0.028
2 0.027 0.679 0.022 0.026
2 0.106 0.651 0.028 0.046
2 0.057 0.958 0.026 0.052
2 0.164 0.906 0.02 0.032
2 0.189 0.969 0.022 0.026
2 0.98 0.953 0.016 0.01
2 0.854 0.924 0.02 0.02
2 0.628 0.988 0.024 0.02
2 0.65 0.813 0.024 0.022
2 0.734 0.862 0.016 0.02
2 0.262 0.893 0.024 0.026
2 0.245 0.845 0.03 0.022
2 0.359 0.808 0.018 0.032
2 0.447 0.796 0.018 0.028
2 0.768 0.707 0.024 0.026
2 0.738 0.711 0.02 0.022
2 0.864 0.597 0.028 0.03
2 0.511 0.469 0.03 0.026
2 0.56 0.492 0.02 0.032
2 0.281 0.403 0.018 0.05
2 0.244 0.385 0.032 0.034
2 0.218 0.281 0.044 0.058
2 0.224 0.162 0.02 0.028
2 0.412 0.851 0.032 0.042
2 0.855 0.707 0.018 0.018
2 0.62 0.24 0.024 0.024
2 0.768 0.495 0.032 0.042