0 0.97 0.029 0.036 0.034
0 0.897 0.017 0.042 0.034
0 0.85 0.02 0.024 0.04
0 0.985 0.111 0.026 0.05
0 0.99 0.155 0.016 0.038
0 0.961 0.135 0.03 0.05
0 0.904 0.099 0.028 0.034
0 0.92 0.148 0.036 0.044
0 0.949 0.227 0.038 0.046
0 0.938 0.252 0.028 0.036
0 0.907 0.236 0.03 0.032
0 0.86 0.226 0.04 0.04
0 0.823 0.216 0.038 0.052
0 0.853 0.131 0.03 0.034
0 0.848 0.105 0.028 0.038
0 0.806 0.073 0.028 0.05
0 0.832 0.049 0.028 0.03
0 0.817 0.024 0.026 0.032
0 0.742 0.025 0.036 0.034
0 0.707 0.015 0.022 0.03
0 0.766 0.096 0.032 0.056
0 0.76 0.146 0.032 0.032
0 0.742 0.164 0.032 0.04
0 0.712 0.118 0.032 0.052
0 0.689 0.155 0.03 0.03
0 0.684 0.171 0.032 0.034
0 0.722 0.207 0.04 0.05
0 0.766 0.247 0.036 0.034
0 0.819 0.285 0.026 0.042
0 0.784 0.283 0.032 0.038
0 0.897 0.284 0.034 0.04
0 0.953 0.307 0.042 0.046
0 0.84 0.402 0.048 0.052
0 0.775 0.387 0.038 0.05
0 0.829 0.448 0.042 0.044
0 0.78 0.464 0.032 0.04
0 0.932 0.619 0.052 0.046
0 0.866 0.609 0.032 0.038
0 0.891 0.595 0.03 0.05
0 0.989 0.745 0.018 0.038
0 0.974 0.835 0.048 0.078
0 0.934 0.815 0.036 0.034
0 0.935 0.782 0.034 0.036
0 0.833 0.784 0.026 0.048
0 0.797 0.727 0.046 0.05
0 0.869 0.67 0.018 0.02
0 0.762 0.536 0.028 0.076
0 0.749 0.478 0.026 0.06
0 0.718 0.485 0.028 0.054
0 0.688 0.472 0.036 0.06
0 0.727 0.301 0.03 0.03
0 0.74 0.322 0.04 0.04
0 0.687 0.316 0.03 0.036
0 0.994 0.97 0.008 0.048
0 0.841 0.912 0.05 0.068
0 0.844 0.962 0.036 0.028
0 0.886 0.988 0.044 0.02
0 0.769 0.95 0.038 0.06
0 0.745 0.97 0.03 0.044
0 0.73 0.99 0.036 0.016
0 0.636 0.98 0.044 0.036
0 0.696 0.897 0.044 0.062
0 0.64 0.901 0.044 0.034
0 0.57 0.964 0.04 0.04
0 0.482 0.974 0.052 0.048
0 0.351 0.986 0.046 0.024
0 0.338 0.956 0.024 0.024
0 0.408 0.908 0.028 0.04
0 0.427 0.902 0.022 0.028
0 0.466 0.913 0.056 0.042
0 0.524 0.917 0.036 0.038
0 0.081 0.959 0.026 0.042
0 0.077 0.986 0.018 0.024
0 0.005 0.988 0.006 0.02
0 0.049 0.913 0.046 0.034
0 0.042 0.876 0.048 0.048
0 0.011 0.841 0.018 0.042
0 0.137 0.881 0.046 0.046
0 0.18 0.881 0.028 0.038
0 0.227 0.872 0.038 0.052
0 0.31 0.886 0.036 0.048
0 0.367 0.864 0.03 0.044
0 0.373 0.814 0.042 0.044
0 0.246 0.827 0.048 0.042
0 0.284 0.819 0.016 0.038
0 0.062 0.78 0.036 0.056
0 0.073 0.723 0.042 0.062
0 0.106 0.674 0.044 0.048
0 0.142 0.678 0.032 0.044
0 0.15 0.711 0.032 0.034
0 0.012 0.619 0.02 0.042
0 0.016 0.586 0.028 0.048
0 0.131 0.554 0.05 0.044
0 0.223 0.639 0.046 0.046
0 0.236 0.676 0.032 0.036
0 0.233 0.699 0.026 0.026
0 0.282 0.667 0.028 0.038
0 0.338 0.736 0.032 0.056
0 0.718 0.806 0.04 0.056
0 0.698 0.775 0.048 0.054
0 0.606 0.834 0.044 0.044
0 0.546 0.758 0.04 0.056
0 0.514 0.784 0.04 0.048
0 0.635 0.672 0.034 0.048
0 0.573 0.696 0.042 0.052
0 0.554 0.628 0.044 0.044
0 0.551 0.581 0.042 0.03
0 0.646 0.528 0.04 0.036
0 0.603 0.423 0.026 0.054
0 0.565 0.443 0.034 0.042
0 0.577 0.366 0.034 0.04
0 0.505 0.355 0.03 0.042
0 0.65 0.022 0.028 0.024
0 0.628 0.032 0.04 0.044
0 0.56 0.013 0.028 0.026
0 0.545 0.074 0.034 0.04
0 0.499 0.02 0.034 0.036
0 0.454 0.007 0.044 0.014
0 0.438 0.027 0.036 0.046
0 0.392 0.011 0.036 0.022
0 0.469 0.071 0.042 0.038
0 0.374 0.057 0.036 0.034
0 0.274 0.015 0.044 0.03
0 0.347 0.076 0.03 0.036
0 0.429 0.13 0.03 0.028
0 0.449 0.164 0.03 0.032
0 0.147 0.021 0.038 0.038
0 0.061 0.051 0.034 0.042
0 0.009 0.095 0.014 0.022
0 0.045 0.008 0.03 0.016
0 0.078 0.013 0.036 0.026
0 0.109 0.012 0.022 0.024
0 0.118 0.045 0.032 0.042
0 0.107 0.085 0.034 0.018
0 0.198 0.063 0.028 0.03
0 0.217 0.119 0.034 0.034
0 0.028 0.155 0.036 0.042
0 0.049 0.182 0.034 0.04
0 0.299 0.103 0.042 0.05
0 0.254 0.145 0.04 0.038
0 0.329 0.157 0.042 0.042
0 0.364 0.193 0.036 0.038
0 0.543 0.134 0.034 0.044
0 0.678 0.231 0.028 0.042
0 0.639 0.235 0.034 0.042
0 0.631 0.269 0.03 0.038
0 0.597 0.26 0.034 0.048
0 0.497 0.702 0.026 0.024
0 0.497 0.646 0.034 0.04
0 0.392 0.648 0.02 0.032
0 0.238 0.763 0.02 0.03
0 0.03 0.714 0.028 0.048
0 0.175 0.503 0.042 0.046
0 0.233 0.507 0.03 0.042
0 0.237 0.558 0.03 0.04
0 0.329 0.557 0.03 0.046
0 0.334 0.493 0.02 0.026
0 0.37 0.491 0.016 0.026
0 0.387 0.527 0.034 0.054
0 0.411 0.557 0.03 0.046
0 0.446 0.508 0.04 0.056
0 0.516 0.534 0.032 0.048
0 0.509 0.448 0.022 0.036
0 0.445 0.46 0.034 0.036
0 0.423 0.434 0.018 0.024
0 0.348 0.395 0.04 0.05
0 0.232 0.459 0.028 0.034
0 0.191 0.441 0.034 0.046
0 0.063 0.394 0.034 0.032
0 0.02 0.377 0.036 0.05
0 0.005 0.43 0.006 0.028
0 0.029 0.305 0.034 0.046
0 0.084 0.331 0.028 0.038
0 0.179 0.362 0.03 0.04
0 0.245 0.408 0.042 0.048
0 0.256 0.373 0.036 0.038
0 0.294 0.349 0.048 0.042
0 0.203 0.319 0.038 0.038
0 0.24 0.291 0.028 0.042
0 0.126 0.284 0.036 0.032
0 0.13 0.245 0.036 0.046
0 0.114 0.219 0.028 0.042
0 0.086 0.222 0.024 0.04
0 0.17 0.213 0.032 0.038
0 0.191 0.191 0.034 0.046
0 0.246 0.178 0.036 0.032
0 0.243 0.222 0.034 0.032
0 0.217 0.27 0.022 0.02
0 0.273 0.203 0.042 0.026
0 0.309 0.248 0.034 0.044
0 0.352 0.271 0.044 0.054
0 0.359 0.236 0.03 0.032
0 0.423 0.345 0.038 0.026
0 0.422 0.318 0.04 0.032
0 0.434 0.274 0.04 0.036
0 0.484 0.288 0.032 0.032
0 0.56 0.297 0.032 0.046
0 0.545 0.26 0.03 0.032
0 0.535 0.238 0.03 0.036
0 0.491 0.245 0.034 0.042
0 0.468 0.247 0.02 0.034
0 0.45 0.233 0.02 0.03
0 0.434 0.224 0.032 0.036
0 0.026 0.517 0.02 0.018
1 0.902 0.04 0.012 0.024
1 0.856 0.19 0.036 0.012
1 0.815 0.178 0.038 0.016
1 0.818 0.108 0.02 0.016
1 0.778 0.002 0.012 0.004
1 0.734 0.258 0.02 0.02
1 0.986 0.308 0.024 0.028
1 0.915 0.328 0.018 0.02
1 0.979 0.397 0.014 0.022
1 0.881 0.402 0.022 0.04
1 0.949 0.437 0.03 0.014
1 0.84 0.514 0.02 0.016
1 0.972 0.623 0.016 0.018
1 0.967 0.637 0.006 0.01
1 0.951 0.714 0.018 0.024
1 0.876 0.801 0.028 0.026
1 0.835 0.75 0.022 0.02
1 0.787 0.745 0.022 0.022
1 0.892 0.673 0.008 0.018
1 0.798 0.625 0.016 0.022
1 0.827 0.537 0.014 0.014
1 0.808 0.537 0.012 0.026
1 0.937 0.954 0.022 0.016
1 0.92 0.919 0.02 0.022
1 0.931 0.891 0.022 0.022
1 0.755 0.867 0.014 0.026
1 0.416 0.943 0.02 0.026
1 0.395 0.921 0.014 0.034
1 0.521 0.889 0.026 0.026
1 0.176 0.996 0.02 0.004
1 0.222 0.97 0.016 0.028
1 0.11 0.911 0.016 0.026
1 0.023 0.812 0.018 0.028
1 0.265 0.909 0.018 0.022
1 0.121 0.763 0.022 0.026
1 0.055 0.619 0.026 0.026
1 0.089 0.561 0.026 0.022
1 0.182 0.638 0.016 0.024
1 0.198 0.695 0.02 0.022
1 0.62 0.807 0.02 0.018
1 0.458 0.775 0.032 0.038
1 0.438 0.762 0.024 0.02
1 0.674 0.535 0.016 0.03
1 0.652 0.48 0.02 0.028
1 0.658 0.419 0.016 0.03
1 0.657 0.399 0.014 0.014
1 0.562 0.463 0.024 0.014
1 0.636 0.357 0.02 0.014
1 0.614 0.054 0.024 0.02
1 0.631 0.083 0.026 0.018
1 0.454 0.098 0.036 0.016
1 0.378 0.04 0.016 0.016
1 0.303 0.021 0.01 0.018
1 0.008 0.075 0.012 0.034
1 0.013 0.005 0.018 0.01
1 0.127 0.068 0.018 0.012
1 0.207 0.012 0.014 0.012
1 0.095 0.172 0.022 0.02
1 0.175 0.16 0.018 0.016
1 0.306 0.128 0.032 0.028
1 0.566 0.124 0.016 0.02
1 0.605 0.17 0.014 0.024
1 0.44 0.676 0.016 0.02
1 0.419 0.665 0.026 0.018
1 0.4 0.689 0.012 0.034
1 0.363 0.634 0.018 0.02
1 0.197 0.601 0.03 0.026
1 0.242 0.593 0.02 0.01
1 0.238 0.583 0.02 0.018
1 0.193 0.537 0.014 0.014
1 0.338 0.516 0.028 0.032
1 0.452 0.6 0.016 0.024
1 0.443 0.394 0.014 0.016
1 0.444 0.37 0.028 0.024
1 0.39 0.379 0.02 0.018
1 0.261 0.457 0.022 0.014
1 0.221 0.45 0.026 0.016
1 0.118 0.447 0.012 0.018
1 0.153 0.34 0.01 0.032
1 0.215 0.285 0.018 0.014
1 0.09 0.258 0.024 0.016
1 0.386 0.356 0.02 0.016
1 0.353 0.327 0.006 0.018
1 0.484 0.211 0.016 0.018
1 0.505 0.204 0.014 0.016
1 0.649 0.603 0.026 0.014
1 0.186 0.758 0.016 0.024
1 0.587 0.862 0.014 0.024
1 0.797 0.788 0.018 0.016
1 0.71 0.751 0.028 0.014
1 0.17 0.97 0.016 0.016
2 0.384 0.972 0.032 0.024
2 0.094 0.861 0.016 0.026
2 0.656 0.783 0.024 0.042
2 0.681 0.057 0.038 0.018
2 0.65 0.081 0.02 0.026
2 0.578 0.014 0.008 0.024
2 0.579 0.04 0.03 0.036
2 0.227 0.047 0.026 0.022
2 0.662 0.205 0.02 0.03
2 0.245 0.741 0.026 0.022
2 0.322 0.505 0.024 0.03
2 0.077 0.349 0.018 0.046
2 0.672 0.349 0.028 0.03
2 0.927 0.699 0.03 0.026
2 0.916 0.678 0.024 0.02
2 0.79 0.687 0.012 0.026
2 0.993 0.499 0.01 0.034
2 0.922 0.461 0.024 0.034
2 0.004 0.496 0.004 0.02
2 0.136 0.359 0.012 0.022
2 0.157 0.433 0.018 0.014
2 0.365 0.469 0.014 0.018
2 0.336 0.342 0.016 0.02