0 0.941 0.654 0.038 0.044
0 0.981 0.978 0.034 0.04
0 0.878 0.971 0.052 0.054
0 0.917 0.907 0.058 0.074
0 0.95 0.913 0.028 0.046
0 0.929 0.816 0.038 0.044
0 0.996 0.846 0.004 0.028
0 0.968 0.72 0.024 0.04
0 0.918 0.694 0.032 0.048
0 0.988 0.53 0.02 0.044
0 0.885 0.606 0.046 0.048
0 0.934 0.558 0.04 0.056
0 0.878 0.856 0.052 0.04
0 0.829 0.851 0.018 0.022
0 0.793 0.904 0.046 0.064
0 0.822 0.547 0.052 0.07
0 0.768 0.522 0.056 0.056
0 0.981 0.428 0.034 0.044
0 0.902 0.413 0.036 0.038
0 0.948 0.326 0.052 0.064
0 0.805 0.301 0.054 0.066
0 0.834 0.228 0.076 0.072
0 0.903 0.197 0.038 0.066
0 0.952 0.248 0.044 0.06
0 0.947 0.136 0.042 0.076
0 0.781 0.607 0.042 0.074
0 0.789 0.657 0.042 0.03
0 0.721 0.518 0.026 0.048
0 0.695 0.665 0.034 0.05
0 0.671 0.692 0.038 0.064
0 0.708 0.842 0.056 0.036
0 0.751 0.979 0.038 0.038
0 0.984 0.147 0.028 0.062
0 0.992 0.029 0.012 0.038
0 0.929 0.014 0.034 0.024
0 0.844 0.018 0.044 0.032
0 0.875 0.039 0.05 0.046
0 0.851 0.068 0.042 0.032
0 0.839 0.093 0.034 0.022
0 0.898 0.081 0.036 0.042
0 0.767 0.172 0.034 0.06
0 0.797 0.182 0.03 0.036
0 0.768 0.09 0.04 0.056
0 0.779 0.059 0.042 0.046
0 0.716 0.091 0.052 0.05
0 0.752 0.022 0.036 0.028
0 0.692 0.033 0.04 0.042
0 0.687 0.106 0.034 0.044
0 0.71 0.215 0.044 0.066
0 0.548 0.095 0.044 0.054
0 0.594 0.111 0.064 0.038
0 0.592 0.147 0.06 0.066
0 0.654 0.274 0.048 0.048
0 0.67 0.339 0.052 0.07
0 0.681 0.451 0.038 0.03
0 0.679 0.428 0.042 0.032
0 0.66 0.417 0.024 0.03
0 0.667 0.497 0.038 0.026
0 0.671 0.533 0.038 0.034
0 0.608 0.547 0.044 0.058
0 0.594 0.532 0.04 0.032
0 0.598 0.598 0.036 0.032
0 0.565 0.648 0.054 0.072
0 0.573 0.71 0.05 0.04
0 0.656 0.875 0.048 0.062
0 0.616 0.977 0.052 0.042
0 0.564 0.927 0.032 0.058
0 0.604 0.893 0.04 0.066
0 0.565 0.98 0.046 0.036
0 0.518 0.917 0.036 0.066
0 0.384 0.944 0.036 0.048
0 0.334 0.945 0.056 0.078
0 0.297 0.975 0.046 0.038
0 0.496 0.803 0.04 0.038
0 0.514 0.769 0.056 0.046
0 0.451 0.73 0.058 0.056
0 0.586 0.445 0.032 0.034
0 0.595 0.462 0.022 0.028
0 0.496 0.537 0.032 0.05
0 0.581 0.407 0.042 0.046
0 0.612 0.345 0.036 0.03
0 0.576 0.293 0.048 0.086
0 0.453 0.403 0.038 0.05
0 0.523 0.449 0.03 0.046
0 0.485 0.444 0.038 0.04
0 0.409 0.435 0.054 0.078
0 0.488 0.119 0.032 0.038
0 0.439 0.142 0.054 0.052
0 0.506 0.04 0.036 0.044
0 0.454 0.032 0.04 0.06
0 0.378 0.008 0.04 0.012
0 0.474 0.224 0.052 0.08
0 0.393 0.306 0.058 0.064
0 0.406 0.348 0.04 0.04
0 0.364 0.117 0.044 0.078
0 0.439 0.552 0.03 0.048
0 0.382 0.531 0.052 0.074
0 0.359 0.533 0.038 0.086
0 0.367 0.479 0.034 0.022
0 0.286 0.408 0.052 0.06
0 0.329 0.343 0.046 0.05
0 0.329 0.305 0.038 0.038
0 0.266 0.304 0.044 0.068
0 0.292 0.183 0.06 0.066
0 0.246 0.162 0.052 0.052
0 0.235 0.199 0.042 0.05
0 0.267 0.072 0.042 0.04
0 0.231 0.024 0.054 0.044
0 0.243 0.049 0.034 0.022
0 0.19 0.103 0.032 0.054
0 0.123 0.086 0.062 0.056
0 0.141 0.061 0.05 0.042
0 0.173 0.041 0.03 0.038
0 0.06 0.034 0.056 0.064
0 0.015 0.086 0.026 0.048
0 0.109 0.136 0.058 0.048
0 0.116 0.179 0.056 0.058
0 0.16 0.2 0.032 0.04
0 0.21 0.235 0.044 0.066
0 0.491 0.604 0.022 0.04
0 0.454 0.673 0.048 0.042
0 0.457 0.652 0.046 0.032
0 0.416 0.64 0.044 0.044
0 0.204 0.354 0.04 0.044
0 0.215 0.427 0.046 0.046
0 0.214 0.514 0.072 0.088
0 0.01 0.02 0.016 0.036
0 0.047 0.159 0.026 0.026
0 0.054 0.129 0.032 0.038
0 0.111 0.228 0.046 0.04
0 0.024 0.207 0.044 0.062
0 0.013 0.163 0.022 0.03
0 0.045 0.228 0.038 0.032
0 0.091 0.258 0.038 0.04
0 0.045 0.258 0.042 0.036
0 0.108 0.279 0.04 0.058
0 0.132 0.351 0.06 0.058
0 0.087 0.317 0.038 0.05
0 0.079 0.337 0.014 0.034
0 0.056 0.361 0.036 0.042
0 0.096 0.378 0.024 0.032
0 0.143 0.446 0.042 0.036
0 0.063 0.413 0.026 0.046
0 0.012 0.362 0.02 0.06
0 0.146 0.482 0.04 0.032
0 0.142 0.557 0.036 0.062
0 0.053 0.503 0.042 0.042
0 0.005 0.479 0.006 0.022
0 0.014 0.582 0.024 0.048
0 0.163 0.617 0.046 0.046
0 0.277 0.631 0.038 0.066
0 0.309 0.626 0.014 0.016
0 0.357 0.686 0.042 0.052
0 0.331 0.698 0.022 0.028
0 0.18 0.709 0.036 0.03
0 0.23 0.702 0.016 0.048
0 0.235 0.753 0.05 0.058
0 0.279 0.77 0.038 0.068
0 0.076 0.742 0.044 0.032
0 0.066 0.766 0.032 0.04
0 0.129 0.76 0.026 0.024
0 0.361 0.757 0.042 0.054
0 0.324 0.849 0.048 0.05
0 0.193 0.815 0.034 0.026
0 0.157 0.845 0.038 0.054
0 0.201 0.842 0.03 0.028
0 0.121 0.875 0.042 0.062
0 0.179 0.88 0.026 0.032
0 0.206 0.877 0.032 0.038
0 0.035 0.8 0.046 0.064
0 0.037 0.871 0.054 0.074
0 0.192 0.938 0.072 0.084
0 0.051 0.955 0.046 0.07
0 0.128 0.96 0.048 0.076
0 0.147 0.941 0.03 0.054
0 0.167 0.987 0.05 0.022
0 0.008 0.78 0.012 0.056
0 0.935 0.409 0.046 0.054
0 0.769 0.327 0.038 0.026
0 0.771 0.839 0.046 0.05
0 0.621 0.658 0.046 0.048
0 0.714 0.954 0.04 0.028
0 0.698 0.157 0.028 0.026
0 0.633 0.404 0.03 0.048
0 0.659 0.567 0.034 0.034
0 0.636 0.594 0.036 0.06
0 0.46 0.075 0.044 0.074
0 0.456 0.265 0.048 0.07
0 0.161 0.666 0.066 0.072
1 0.953 0.868 0.014 0.02
1 0.959 0.856 0.014 0.016
1 0.995 0.817 0.006 0.022
1 0.986 0.773 0.024 0.022
1 0.947 0.587 0.018 0.014
1 0.871 0.508 0.022 0.024
1 0.989 0.483 0.018 0.026
1 0.961 0.564 0.018 0.028
1 0.881 0.352 0.03 0.028
1 0.799 0.411 0.03 0.026
1 0.78 0.252 0.024 0.028
1 0.994 0.279 0.008 0.046
1 0.988 0.273 0.016 0.03
1 0.799 0.853 0.018 0.022
1 0.802 0.833 0.024 0.026
1 0.616 0.633 0.024 0.018
1 0.502 0.838 0.024 0.024
1 0.442 0.966 0.032 0.024
1 0.288 0.961 0.024 0.018
1 0.557 0.316 0.022 0.024
1 0.25 0.279 0.036 0.022
1 0.349 0.387 0.03 0.038
1 0.204 0.08 0.02 0.04
1 0.096 0.056 0.024 0.032
1 0.006 0.19 0.008 0.048
1 0.012 0.41 0.02 0.02
1 0.039 0.468 0.022 0.024
1 0.289 0.609 0.014 0.014
1 0.313 0.609 0.026 0.026
1 0.351 0.648 0.014 0.024
1 0.136 0.797 0.024 0.022
1 0.156 0.788 0.024 0.024
1 0.316 0.784 0.024 0.044
1 0.372 0.784 0.02 0.032
1 0.051 0.993 0.038 0.01
1 0.017 0.984 0.022 0.028
1 0.646 0.005 0.032 0.006
1 0.86 0.487 0.032 0.026
1 0.858 0.46 0.032 0.024
1 0.802 0.433 0.032 0.038
1 0.723 0.762 0.026 0.024
1 0.655 0.772 0.03 0.032
1 0.579 0.808 0.034 0.02
1 0.569 0.757 0.022 0.022
1 0.888 0.106 0.04 0.024
1 0.62 0.45 0.032 0.028
1 0.526 0.88 0.032 0.024
1 0.603 0.352 0.042 0.028
1 0.497 0.378 0.034 0.032
1 0.521 0.183 0.03 0.03
2 0.644 0.231 0.056 0.034
2 0.023 0.833 0.026 0.018
2 0.054 0.842 0.024 0.024
2 0.788 0.497 0.04 0.034
2 0.948 0.363 0.032 0.03
2 0.834 0.339 0.036 0.046
2 0.814 0.449 0.024 0.034
2 0.761 0.265 0.026 0.022
2 0.927 0.241 0.026 0.03
2 0.905 0.164 0.03 0.02
2 0.942 0.61 0.016 0.016
2 0.877 0.655 0.034 0.05
2 0.811 0.578 0.034 0.028
2 0.821 0.611 0.014 0.022
2 0.807 0.934 0.022 0.016
2 0.936 0.764 0.012 0.012
2 0.972 0.051 0.028 0.026
2 0.874 0.009 0.02 0.014
2 0.85 0.166 0.032 0.048
2 0.804 0.147 0.052 0.058
2 0.773 0.209 0.018 0.014
2 0.739 0.006 0.022 0.008
2 0.613 0.183 0.03 0.03
2 0.667 0.516 0.042 0.024
2 0.616 0.693 0.024 0.042
2 0.509 0.86 0.034 0.06
2 0.486 0.846 0.016 0.016
2 0.462 0.88 0.016 0.024
2 0.518 0.977 0.016 0.014
2 0.524 0.958 0.012 0.02
2 0.441 0.996 0.018 0.004
2 0.336 0.984 0.036 0.028
2 0.501 0.996 0.046 0.004
2 0.631 0.91 0.038 0.048
2 0.726 0.929 0.024 0.018
2 0.757 0.96 0.034 0.032
2 0.931 0.971 0.03 0.054
2 0.543 0.601 0.026 0.034
2 0.517 0.508 0.038 0.028
2 0.5 0.461 0.028 0.03
2 0.519 0.482 0.034 0.024
2 0.487 0.483 0.026 0.018
2 0.413 0.265 0.046 0.034
2 0.554 0.443 0.024 0.046
2 0.208 0.183 0.012 0.014
2 0.39 0.586 0.016 0.02
2 0.408 0.601 0.02 0.03
2 0.338 0.561 0.012 0.014
2 0.329 0.442 0.018 0.016
2 0.429 0.485 0.018 0.03
2 0.467 0.481 0.022 0.014
2 0.458 0.438 0.02 0.016
2 0.047 0.337 0.018 0.014
2 0.119 0.369 0.018 0.018
2 0.17 0.39 0.044 0.024
2 0.143 0.391 0.01 0.014
2 0.105 0.44 0.034 0.056
2 0.043 0.539 0.046 0.026
2 0.093 0.533 0.034 0.05
2 0.359 0.653 0.014 0.018
2 0.239 0.573 0.018 0.038
2 0.231 0.631 0.022 0.026
2 0.274 0.856 0.028 0.028
2 0.126 0.737 0.028 0.022
2 0.275 0.708 0.034 0.02
2 0.349 0.72 0.014 0.02
2 0.325 0.767 0.018 0.026
2 0.688 0.486 0.02 0.04
2 0.613 0.506 0.022 0.016
2 0.677 0.388 0.01 0.016
2 0.961 0.194 0.022 0.036
2 0.532 0.034 0.016 0.012
2 0.34 0.067 0.02 0.034
2 0.187 0.062 0.03 0.032
2 0.316 0.161 0.032 0.03
2 0.068 0.284 0.04 0.028
2 0.144 0.218 0.016 0.016
2 0.785 0.131 0.042 0.034
2 0.219 0.296 0.03 0.06
2 0.489 0.289 0.022 0.05
2 0.568 0.347 0.028 0.018
2 0.074 0.08 0.02 0.036
2 0.018 0.132 0.024 0.044
2 0.351 0.799 0.046 0.03