0 0.937 0.969 0.054 0.058
0 0.911 0.955 0.026 0.038
0 0.854 0.977 0.032 0.042
0 0.833 0.976 0.018 0.028
0 0.908 0.896 0.04 0.068
0 0.956 0.833 0.044 0.066
0 0.973 0.774 0.03 0.056
0 0.892 0.86 0.04 0.056
0 0.857 0.861 0.03 0.05
0 0.885 0.823 0.03 0.038
0 0.896 0.778 0.04 0.052
0 0.84 0.809 0.024 0.05
0 0.815 0.899 0.042 0.078
0 0.77 0.92 0.036 0.056
0 0.754 0.905 0.024 0.034
0 0.73 0.995 0.032 0.006
0 0.704 0.981 0.036 0.034
0 0.658 0.975 0.044 0.046
0 0.599 0.975 0.05 0.046
0 0.728 0.865 0.02 0.03
0 0.743 0.82 0.038 0.06
0 0.767 0.786 0.038 0.052
0 0.731 0.749 0.046 0.058
0 0.696 0.755 0.032 0.066
0 0.626 0.824 0.032 0.056
0 0.558 0.94 0.032 0.072
0 0.519 0.979 0.042 0.038
0 0.48 0.99 0.028 0.016
0 0.432 0.954 0.036 0.068
0 0.357 0.979 0.046 0.038
0 0.32 0.987 0.028 0.022
0 0.374 0.967 0.02 0.03
0 0.281 0.971 0.034 0.054
0 0.219 0.996 0.022 0.004
0 0.191 0.98 0.038 0.036
0 0.207 0.942 0.034 0.06
0 0.354 0.915 0.04 0.062
0 0.298 0.868 0.032 0.044
0 0.264 0.891 0.036 0.058
0 0.17 0.941 0.036 0.042
0 0.174 0.907 0.032 0.026
0 0.136 0.946 0.036 0.048
0 0.122 0.909 0.028 0.05
0 0.069 0.911 0.026 0.038
0 0.045 0.915 0.034 0.042
0 0.006 0.971 0.008 0.054
0 0.085 0.854 0.038 0.06
0 0.124 0.81 0.032 0.048
0 0.078 0.776 0.04 0.044
0 0.041 0.797 0.038 0.07
0 0.019 0.787 0.034 0.066
0 0.095 0.71 0.042 0.048
0 0.039 0.675 0.042 0.042
0 0.078 0.652 0.028 0.06
0 0.053 0.609 0.034 0.042
0 0.128 0.644 0.028 0.048
0 0.172 0.636 0.028 0.052
0 0.945 0.687 0.022 0.038
0 0.919 0.618 0.034 0.044
0 0.92 0.568 0.036 0.056
0 0.848 0.658 0.036 0.048
0 0.841 0.662 0.03 0.096
0 0.96 0.456 0.036 0.036
0 0.996 0.47 0.004 0.028
0 0.965 0.329 0.038 0.046
0 0.938 0.369 0.032 0.042
0 0.988 0.225 0.02 0.042
0 0.993 0.194 0.01 0.024
0 0.993 0.163 0.01 0.042
0 0.953 0.184 0.026 0.056
0 0.92 0.233 0.032 0.046
0 0.972 0.036 0.032 0.048
0 0.938 0.04 0.04 0.064
0 0.889 0.087 0.034 0.05
0 0.831 0.061 0.03 0.042
0 0.789 0.088 0.034 0.048
0 0.728 0.097 0.028 0.054
0 0.719 0.148 0.03 0.056
0 0.75 0.175 0.028 0.05
0 0.838 0.132 0.04 0.06
0 0.883 0.158 0.03 0.036
0 0.815 0.183 0.038 0.05
0 0.814 0.229 0.028 0.046
0 0.693 0.229 0.034 0.054
0 0.632 0.17 0.036 0.064
0 0.604 0.227 0.028 0.058
0 0.583 0.113 0.038 0.034
0 0.542 0.146 0.016 0.028
0 0.513 0.168 0.022 0.028
0 0.514 0.14 0.028 0.032
0 0.538 0.054 0.044 0.048
0 0.528 0.024 0.032 0.032
0 0.45 0.017 0.04 0.03
0 0.385 0.024 0.05 0.044
0 0.435 0.101 0.034 0.058
0 0.381 0.106 0.026 0.056
0 0.247 0.007 0.042 0.01
0 0.15 0.01 0.028 0.016
0 0.168 0.019 0.024 0.034
0 0.123 0.05 0.038 0.04
0 0.049 0.052 0.03 0.06
0 0.1 0.133 0.044 0.046
0 0.207 0.048 0.022 0.024
0 0.304 0.085 0.048 0.046
0 0.218 0.135 0.028 0.05
0 0.206 0.147 0.032 0.058
0 0.153 0.144 0.03 0.052
0 0.121 0.201 0.034 0.054
0 0.039 0.249 0.038 0.054
0 0.02 0.281 0.028 0.05
0 0.108 0.301 0.036 0.046
0 0.012 0.376 0.02 0.052
0 0.125 0.34 0.046 0.064
0 0.095 0.359 0.034 0.038
0 0.173 0.265 0.042 0.05
0 0.204 0.269 0.032 0.054
0 0.135 0.422 0.034 0.056
0 0.117 0.462 0.03 0.048
0 0.021 0.481 0.03 0.05
0 0.038 0.512 0.028 0.056
0 0.154 0.513 0.032 0.046
0 0.157 0.563 0.034 0.05
0 0.829 0.379 0.022 0.03
0 0.745 0.353 0.042 0.034
0 0.782 0.356 0.028 0.028
0 0.705 0.312 0.026 0.036
0 0.646 0.316 0.032 0.06
0 0.675 0.349 0.026 0.026
0 0.342 0.188 0.032 0.044
0 0.328 0.171 0.036 0.066
0 0.291 0.192 0.034 0.032
0 0.27 0.282 0.024 0.04
0 0.275 0.325 0.034 0.046
0 0.33 0.358 0.032 0.044
0 0.358 0.223 0.044 0.05
0 0.374 0.249 0.024 0.046
0 0.407 0.241 0.042 0.074
0 0.437 0.261 0.034 0.058
0 0.46 0.269 0.032 0.034
0 0.785 0.581 0.038 0.038
0 0.816 0.546 0.028 0.04
0 0.803 0.532 0.038 0.04
0 0.763 0.529 0.038 0.042
0 0.827 0.488 0.03 0.044
0 0.799 0.48 0.03 0.044
0 0.791 0.432 0.038 0.036
0 0.764 0.45 0.032 0.04
0 0.721 0.444 0.022 0.036
0 0.701 0.415 0.03 0.05
0 0.64 0.408 0.04 0.044
0 0.62 0.394 0.04 0.04
0 0.552 0.336 0.036 0.048
0 0.561 0.398 0.026 0.036
0 0.426 0.402 0.024 0.056
0 0.387 0.415 0.03 0.046
0 0.357 0.421 0.026 0.05
0 0.37 0.457 0.032 0.038
0 0.332 0.432 0.028 0.048
0 0.45 0.444 0.032 0.048
0 0.431 0.439 0.014 0.026
0 0.49 0.432 0.036 0.044
0 0.474 0.488 0.032 0.048
0 0.508 0.483 0.02 0.038
0 0.558 0.516 0.028 0.048
0 0.619 0.504 0.034 0.048
0 0.668 0.561 0.028 0.046
0 0.712 0.592 0.04 0.048
0 0.586 0.723 0.032 0.046
0 0.566 0.838 0.036 0.056
0 0.536 0.868 0.036 0.052
0 0.49 0.866 0.04 0.056
0 0.526 0.83 0.032 0.052
0 0.491 0.755 0.034 0.038
0 0.422 0.867 0.032 0.054
0 0.421 0.835 0.034 0.038
0 0.428 0.77 0.028 0.06
0 0.396 0.764 0.028 0.024
0 0.362 0.823 0.04 0.054
0 0.323 0.788 0.038 0.024
0 0.327 0.765 0.034 0.042
0 0.361 0.725 0.042 0.034
0 0.333 0.675 0.022 0.046
0 0.317 0.69 0.018 0.032
0 0.295 0.714 0.03 0.052
0 0.287 0.684 0.026 0.032
0 0.508 0.654 0.028 0.048
0 0.498 0.684 0.02 0.028
0 0.488 0.6 0.04 0.052
0 0.436 0.612 0.032 0.052
0 0.406 0.615 0.028 0.054
0 0.423 0.525 0.022 0.046
0 0.399 0.538 0.026 0.048
0 0.252 0.447 0.032 0.05
0 0.279 0.483 0.026 0.038
0 0.211 0.509 0.03 0.042
0 0.208 0.546 0.032 0.044
0 0.338 0.535 0.028 0.05
0 0.307 0.531 0.026 0.046
0 0.316 0.502 0.028 0.024
0 0.276 0.549 0.032 0.046
0 0.301 0.582 0.034 0.044
0 0.254 0.59 0.032 0.052
0 0.28 0.619 0.04 0.046
1 0.989 0.782 0.014 0.012
1 0.943 0.765 0.018 0.026
1 0.848 0.897 0.016 0.034
1 0.776 0.962 0.028 0.028
1 0.745 0.937 0.014 0.018
1 0.68 0.939 0.024 0.03
1 0.614 0.993 0.02 0.01
1 0.72 0.884 0.02 0.028
1 0.518 0.946 0.032 0.028
1 0.321 0.958 0.018 0.024
1 0.378 0.884 0.032 0.028
1 0.017 0.909 0.026 0.022
1 0.078 0.986 0.02 0.024
1 0.16 0.751 0.028 0.046
1 0.15 0.78 0.016 0.032
1 0.135 0.716 0.014 0.024
1 0.092 0.675 0.016 0.018
1 0.054 0.69 0.024 0.02
1 0.979 0.939 0.014 0.022
1 0.897 0.705 0.026 0.022
1 0.86 0.721 0.016 0.018
1 0.994 0.566 0.008 0.028
1 0.95 0.347 0.02 0.018
1 0.994 0.336 0.008 0.04
1 0.971 0.069 0.018 0.018
1 0.889 0.009 0.03 0.014
1 0.777 0.013 0.014 0.022
1 0.724 0.009 0.02 0.014
1 0.747 0.054 0.018 0.028
1 0.76 0.097 0.016 0.03
1 0.843 0.259 0.022 0.038
1 0.581 0.276 0.022 0.024
1 0.529 0.247 0.03 0.038
1 0.601 0.092 0.022 0.02
1 0.545 0.114 0.018 0.024
1 0.586 0.153 0.016 0.034
1 0.425 0.046 0.018 0.016
1 0.459 0.1 0.014 0.016
1 0.34 0.134 0.016 0.024
1 0.305 0.049 0.022 0.018
1 0.33 0.01 0.016 0.016
1 0.093 0.074 0.022 0.012
1 0.214 0.072 0.02 0.016
1 0.275 0.137 0.018 0.026
1 0.191 0.114 0.01 0.024
1 0.158 0.158 0.012 0.02
1 0.004 0.303 0.004 0.014
1 0.003 0.282 0.002 0.02
1 0.12 0.254 0.016 0.02
1 0.004 0.349 0.004 0.014
1 0.077 0.414 0.014 0.016
1 0.068 0.42 0.008 0.012
1 0.195 0.347 0.014 0.026
1 0.047 0.574 0.01 0.02
1 0.136 0.537 0.012 0.018
1 0.883 0.378 0.026 0.032
1 0.84 0.348 0.016 0.024
1 0.809 0.326 0.022 0.016
1 0.792 0.299 0.024 0.022
1 0.782 0.322 0.016 0.008
1 0.726 0.288 0.016 0.028
1 0.25 0.195 0.024 0.018
1 0.305 0.3 0.026 0.028
1 0.347 0.316 0.014 0.012
1 0.446 0.182 0.02 0.02
1 0.438 0.205 0.024 0.006
1 0.839 0.435 0.014 0.022
1 0.813 0.433 0.018 0.014
1 0.744 0.423 0.016 0.022
1 0.496 0.33 0.016 0.024
1 0.498 0.408 0.02 0.02
1 0.475 0.382 0.022 0.02
1 0.414 0.37 0.016 0.024
1 0.428 0.461 0.02 0.026
1 0.678 0.532 0.028 0.02
1 0.768 0.679 0.016 0.018
1 0.536 0.662 0.016 0.028
1 0.582 0.677 0.016 0.022
1 0.519 0.789 0.018 0.03
1 0.564 0.767 0.012 0.01
1 0.313 0.825 0.026 0.026
1 0.333 0.807 0.03 0.018
1 0.256 0.797 0.028 0.03
1 0.223 0.777 0.022 0.014
1 0.255 0.739 0.014 0.022
1 0.259 0.723 0.018 0.014
1 0.245 0.719 0.006 0.018
1 0.256 0.699 0.012 0.01
1 0.263 0.682 0.014 0.02
1 0.246 0.684 0.016 0.016
1 0.499 0.631 0.01 0.014
1 0.459 0.685 0.014 0.01
1 0.466 0.668 0.008 0.02
1 0.433 0.652 0.03 0.016
1 0.56 0.579 0.012 0.014
1 0.474 0.63 0.028 0.024
1 0.531 0.518 0.018 0.024
1 0.265 0.426 0.014 0.028
1 0.219 0.471 0.01 0.034
1 0.244 0.484 0.012 0.016
1 0.226 0.598 0.02 0.02
1 0.059 0.204 0.022 0.008
2 0.026 0.895 0.02 0.018
2 0.686 0.138 0.032 0.056
2 0.557 0.02 0.018 0.028
2 0.096 0.06 0.02 0.012
2 0.674 0.317 0.016 0.026
2 0.474 0.411 0.016 0.03
2 0.645 0.622 0.038 0.048
2 0.4 0.788 0.016 0.016
2 0.393 0.812 0.022 0.02
2 0.277 0.812 0.014 0.028
2 0.699 0.667 0.03 0.038
2 0.669 0.718 0.014 0.02
2 0.67 0.699 0.016 0.018
2 0.679 0.685 0.018 0.018
2 0.244 0.53 0.028 0.04
2 0.25 0.549 0.012 0.014
2 0.163 0.685 0.018 0.026
2 0.215 0.7 0.018 0.04
2 0.675 0.037 0.026 0.03
2 0.428 0.334 0.016 0.024
2 0.042 0.213 0.012 0.01
2 0.959 0.525 0.01 0.03
2 0.993 0.527 0.01 0.03
2 0.727 0.252 0.034 0.036
2 0.707 0.201 0.022 0.026
2 0.704 0.515 0.012 0.014
2 0.817 0.719 0.018 0.014