0 0.018 0.013 0.036 0.026
0 0.087 0.012 0.018 0.024
0 0.023 0.122 0.042 0.036
0 0.087 0.116 0.042 0.068
0 0.051 0.173 0.026 0.018
0 0.161 0.052 0.034 0.04
0 0.172 0.12 0.052 0.072
0 0.117 0.183 0.042 0.038
0 0.259 0.016 0.046 0.032
0 0.334 0.023 0.044 0.046
0 0.333 0.095 0.022 0.03
0 0.447 0.046 0.042 0.052
0 0.527 0.009 0.038 0.018
0 0.667 0.011 0.042 0.022
0 0.711 0.011 0.034 0.022
0 0.783 0.012 0.03 0.024
0 0.899 0.021 0.046 0.042
0 0.901 0.204 0.042 0.052
0 0.842 0.219 0.044 0.046
0 0.938 0.395 0.04 0.05
0 0.959 0.444 0.03 0.056
0 0.888 0.399 0.048 0.074
0 0.825 0.517 0.046 0.066
0 0.863 0.561 0.046 0.038
0 0.987 0.619 0.022 0.046
0 0.992 0.704 0.012 0.044
0 0.953 0.722 0.042 0.044
0 0.93 0.698 0.032 0.036
0 0.91 0.708 0.024 0.04
0 0.965 0.773 0.03 0.038
0 0.922 0.76 0.032 0.032
0 0.905 0.802 0.034 0.036
0 0.988 0.838 0.02 0.04
0 0.96 0.833 0.036 0.038
0 0.985 0.997 0.026 0.002
0 0.978 0.977 0.04 0.026
0 0.978 0.954 0.04 0.052
0 0.995 0.899 0.006 0.034
0 0.872 0.991 0.032 0.014
0 0.756 0.992 0.036 0.012
0 0.833 0.92 0.038 0.048
0 0.011 0.988 0.022 0.02
0 0.052 0.971 0.04 0.054
0 0.037 0.931 0.038 0.042
0 0.083 0.886 0.046 0.06
0 0.115 0.978 0.046 0.04
0 0.111 0.933 0.038 0.042
0 0.153 0.985 0.038 0.026
0 0.174 0.91 0.036 0.04
0 0.168 0.945 0.028 0.038
0 0.236 0.949 0.044 0.042
0 0.236 0.995 0.02 0.006
0 0.296 0.982 0.04 0.032
0 0.332 0.986 0.036 0.024
0 0.418 0.986 0.036 0.024
0 0.392 0.965 0.036 0.042
0 0.406 0.895 0.032 0.042
0 0.373 0.899 0.026 0.03
0 0.343 0.907 0.034 0.034
0 0.286 0.9 0.032 0.044
0 0.496 0.875 0.04 0.046
0 0.532 0.923 0.036 0.074
0 0.61 0.996 0.02 0.004
0 0.624 0.974 0.036 0.024
0 0.596 0.954 0.048 0.064
0 0.657 0.893 0.038 0.082
0 0.704 0.949 0.02 0.022
0 0.719 0.902 0.046 0.056
0 0.832 0.834 0.036 0.04
0 0.845 0.819 0.026 0.034
0 0.795 0.82 0.042 0.044
0 0.854 0.77 0.024 0.024
0 0.718 0.784 0.06 0.048
0 0.657 0.817 0.05 0.03
0 0.562 0.803 0.04 0.042
0 0.543 0.781 0.034 0.042
0 0.412 0.803 0.048 0.038
0 0.281 0.831 0.038 0.034
0 0.323 0.812 0.034 0.052
0 0.023 0.789 0.046 0.054
0 0.005 0.748 0.01 0.04
0 0.109 0.812 0.038 0.052
0 0.167 0.796 0.038 0.028
0 0.146 0.769 0.032 0.046
0 0.207 0.778 0.038 0.052
0 0.223 0.812 0.038 0.028
0 0.09 0.698 0.056 0.04
0 0.056 0.666 0.04 0.068
0 0.018 0.571 0.036 0.066
0 0.077 0.557 0.022 0.042
0 0.121 0.588 0.038 0.056
0 0.153 0.695 0.042 0.038
0 0.211 0.691 0.034 0.034
0 0.615 0.763 0.042 0.034
0 0.651 0.764 0.034 0.036
0 0.785 0.718 0.046 0.044
0 0.748 0.691 0.036 0.042
0 0.789 0.667 0.046 0.05
0 0.761 0.627 0.046 0.05
0 0.713 0.628 0.03 0.032
0 0.702 0.594 0.056 0.068
0 0.64 0.683 0.028 0.046
0 0.605 0.699 0.05 0.054
0 0.554 0.736 0.036 0.04
0 0.642 0.609 0.048 0.058
0 0.617 0.595 0.03 0.05
0 0.5 0.722 0.052 0.084
0 0.401 0.745 0.026 0.038
0 0.398 0.772 0.012 0.028
0 0.518 0.643 0.036 0.042
0 0.053 0.284 0.034 0.052
0 0.077 0.365 0.03 0.058
0 0.122 0.365 0.04 0.054
0 0.144 0.407 0.04 0.054
0 0.138 0.492 0.052 0.04
0 0.168 0.596 0.024 0.048
0 0.162 0.631 0.036 0.046
0 0.167 0.21 0.05 0.028
0 0.153 0.234 0.022 0.032
0 0.227 0.219 0.042 0.034
0 0.207 0.142 0.014 0.036
0 0.314 0.161 0.044 0.062
0 0.375 0.171 0.058 0.066
0 0.48 0.065 0.028 0.034
0 0.496 0.079 0.016 0.022
0 0.527 0.096 0.034 0.02
0 0.641 0.054 0.038 0.036
0 0.175 0.348 0.05 0.06
0 0.244 0.322 0.04 0.06
0 0.307 0.344 0.042 0.064
0 0.202 0.446 0.028 0.032
0 0.292 0.763 0.024 0.018
0 0.338 0.707 0.04 0.034
0 0.34 0.757 0.024 0.018
0 0.343 0.734 0.022 0.032
0 0.342 0.67 0.04 0.032
0 0.344 0.611 0.028 0.038
0 0.346 0.58 0.032 0.032
0 0.347 0.551 0.03 0.026
0 0.326 0.517 0.032 0.054
0 0.262 0.547 0.052 0.086
0 0.279 0.468 0.038 0.044
0 0.347 0.443 0.042 0.062
0 0.385 0.439 0.034 0.05
0 0.399 0.508 0.018 0.048
0 0.405 0.468 0.026 0.04
0 0.336 0.359 0.036 0.038
0 0.4 0.234 0.036 0.044
0 0.416 0.288 0.056 0.076
0 0.492 0.272 0.04 0.048
0 0.595 0.201 0.062 0.062
0 0.568 0.138 0.036 0.04
0 0.612 0.14 0.036 0.032
0 0.702 0.13 0.068 0.044
0 0.725 0.199 0.062 0.074
0 0.762 0.241 0.048 0.046
0 0.677 0.221 0.062 0.054
0 0.671 0.275 0.054 0.058
0 0.578 0.278 0.028 0.032
0 0.699 0.346 0.034 0.04
0 0.667 0.369 0.042 0.038
0 0.739 0.437 0.042 0.05
0 0.719 0.482 0.054 0.06
0 0.659 0.521 0.038 0.058
0 0.631 0.435 0.042 0.058
0 0.591 0.478 0.038 0.052
0 0.54 0.56 0.04 0.052
0 0.491 0.563 0.034 0.042
0 0.405 0.569 0.03 0.05
0 0.522 0.476 0.04 0.064
0 0.499 0.428 0.03 0.036
0 0.445 0.423 0.038 0.05
0 0.521 0.391 0.038 0.038
0 0.57 0.348 0.036 0.032
0 0.34 0.775 0.02 0.018
0 0.361 0.769 0.014 0.018
0 0.422 0.68 0.012 0.036
0 0.462 0.65 0.032 0.024
0 0.797 0.365 0.018 0.026
1 0.08 0.058 0.008 0.008
1 0.003 0.217 0.006 0.022
1 0.073 0.168 0.018 0.016
1 0.2 0.155 0.016 0.014
1 0.114 0.137 0.016 0.018
1 0.372 0.006 0.02 0.012
1 0.335 0.062 0.026 0.028
1 0.287 0.071 0.006 0.01
1 0.292 0.082 0.016 0.016
1 0.368 0.062 0.02 0.016
1 0.394 0.049 0.016 0.022
1 0.556 0.006 0.024 0.012
1 0.118 0.079 0.008 0.014
1 0.638 0.005 0.016 0.01
1 0.734 0.018 0.016 0.02
1 0.931 0.014 0.014 0.02
1 0.942 0.003 0.02 0.006
1 0.881 0.086 0.018 0.016
1 0.949 0.096 0.018 0.02
1 0.881 0.114 0.022 0.024
1 0.87 0.161 0.016 0.026
1 0.969 0.196 0.022 0.032
1 0.931 0.301 0.014 0.034
1 0.946 0.323 0.032 0.018
1 0.898 0.334 0.032 0.028
1 0.971 0.387 0.014 0.014
1 0.862 0.459 0.036 0.034
1 0.81 0.419 0.024 0.026
1 0.805 0.465 0.018 0.026
1 0.981 0.577 0.034 0.022
1 0.925 0.591 0.026 0.014
1 0.972 0.656 0.02 0.02
1 0.934 0.828 0.016 0.012
1 0.958 0.888 0.024 0.028
1 0.913 0.946 0.03 0.028
1 0.805 0.992 0.022 0.012
1 0.019 0.946 0.022 0.024
1 0.151 0.926 0.01 0.028
1 0.163 0.866 0.022 0.024
1 0.407 0.929 0.03 0.03
1 0.532 0.963 0.016 0.022
1 0.62 0.899 0.036 0.042
1 0.629 0.862 0.014 0.008
1 0.755 0.82 0.034 0.036
1 0.821 0.783 0.022 0.026
1 0.301 0.798 0.018 0.028
1 0.038 0.74 0.016 0.024
1 0.083 0.67 0.018 0.02
1 0.098 0.645 0.016 0.014
1 0.046 0.584 0.012 0.016
1 0.836 0.667 0.016 0.038
1 0.834 0.702 0.024 0.02
1 0.866 0.708 0.008 0.012
1 0.815 0.608 0.022 0.016
1 0.572 0.67 0.02 0.024
1 0.597 0.647 0.018 0.018
1 0.415 0.719 0.014 0.03
1 0.536 0.652 0.02 0.02
1 0.541 0.618 0.022 0.016
1 0.064 0.215 0.008 0.018
1 0.048 0.225 0.008 0.01
1 0.097 0.22 0.01 0.024
1 0.087 0.259 0.014 0.026
1 0.068 0.331 0.02 0.022
1 0.169 0.564 0.022 0.024
1 0.24 0.622 0.016 0.02
1 0.227 0.63 0.026 0.024
1 0.166 0.243 0.012 0.01
1 0.233 0.176 0.018 0.008
1 0.276 0.161 0.012 0.01
1 0.396 0.156 0.024 0.024
1 0.419 0.105 0.018 0.022
1 0.492 0.119 0.032 0.018
1 0.557 0.079 0.03 0.022
1 0.205 0.417 0.026 0.022
1 0.321 0.657 0.018 0.018
1 0.293 0.381 0.022 0.01
1 0.339 0.383 0.022 0.014
1 0.386 0.378 0.02 0.016
1 0.406 0.378 0.016 0.016
1 0.434 0.186 0.016 0.02
1 0.47 0.162 0.016 0.028
1 0.469 0.206 0.03 0.02
1 0.446 0.234 0.012 0.012
1 0.651 0.185 0.022 0.018
1 0.757 0.116 0.03 0.02
1 0.77 0.168 0.02 0.02
1 0.793 0.198 0.03 0.024
1 0.79 0.273 0.012 0.03
1 0.815 0.257 0.01 0.022
1 0.795 0.331 0.022 0.022
1 0.758 0.334 0.032 0.028
1 0.757 0.371 0.018 0.018
1 0.718 0.529 0.028 0.014
1 0.605 0.513 0.01 0.026
1 0.567 0.476 0.014 0.04
1 0.543 0.511 0.006 0.014
1 0.473 0.404 0.014 0.02
1 0.521 0.356 0.022 0.024
1 0.553 0.373 0.026 0.018
1 0.291 0.729 0.018 0.026
1 0.592 0.408 0.008 0.016
2 0.087 0.035 0.006 0.018
2 0.007 0.156 0.014 0.02
2 0.85 0.055 0.02 0.022
2 0.849 0.08 0.022 0.02
2 0.922 0.98 0.036 0.032
2 0.858 0.963 0.056 0.046
2 0.493 0.922 0.026 0.02
2 0.547 0.995 0.034 0.006
2 0.697 0.866 0.034 0.036
2 0.775 0.93 0.018 0.02
2 0.797 0.89 0.014 0.016
2 0.352 0.867 0.04 0.026
2 0.021 0.622 0.034 0.048
2 0.689 0.754 0.03 0.024
2 0.707 0.736 0.014 0.012
2 0.258 0.137 0.044 0.046
2 0.354 0.227 0.02 0.026
2 0.491 0.213 0.026 0.026
2 0.709 0.289 0.03 0.054
2 0.733 0.369 0.022 0.03
2 0.648 0.484 0.012 0.016
2 0.471 0.54 0.026 0.036
2 0.501 0.197 0.022 0.022
2 0.283 0.632 0.014 0.016
2 0.292 0.61 0.012 0.012
2 0.263 0.639 0.01 0.014
2 0.122 0.898 0.012 0.016
2 0.281 0.754 0.014 0.02
2 0.35 0.791 0.02 0.03
2 0.448 0.692 0.012 0.032
2 0.121 0.066 0.01 0.016
2 0.732 0.542 0.02 0.012