0 0.969 0.017 0.042 0.034
0 0.87 0.022 0.024 0.036
0 0.838 0.005 0.032 0.01
0 0.841 0.036 0.034 0.044
0 0.906 0.057 0.028 0.046
0 0.923 0.067 0.022 0.034
0 0.888 0.094 0.024 0.036
0 0.939 0.113 0.026 0.038
0 0.983 0.217 0.03 0.058
0 0.946 0.264 0.052 0.052
0 0.952 0.334 0.04 0.08
0 0.987 0.349 0.022 0.058
0 0.99 0.42 0.016 0.036
0 0.866 0.225 0.04 0.05
0 0.845 0.198 0.038 0.044
0 0.89 0.396 0.04 0.036
0 0.912 0.447 0.028 0.03
0 0.857 0.461 0.03 0.03
0 0.847 0.501 0.034 0.054
0 0.929 0.557 0.034 0.038
0 0.963 0.582 0.026 0.032
0 0.958 0.635 0.032 0.026
0 0.923 0.617 0.022 0.026
0 0.989 0.68 0.018 0.028
0 0.982 0.708 0.032 0.032
0 0.993 0.869 0.01 0.034
0 0.931 0.811 0.034 0.038
0 0.925 0.991 0.03 0.014
0 0.856 0.97 0.016 0.024
0 0.901 0.911 0.026 0.038
0 0.877 0.894 0.038 0.032
0 0.868 0.831 0.036 0.038
0 0.792 0.945 0.028 0.042
0 0.795 0.902 0.022 0.044
0 0.728 0.968 0.036 0.04
0 0.642 0.99 0.028 0.016
0 0.647 0.96 0.03 0.032
0 0.629 0.91 0.03 0.036
0 0.711 0.914 0.03 0.028
0 0.716 0.879 0.028 0.026
0 0.73 0.821 0.028 0.046
0 0.773 0.824 0.03 0.04
0 0.829 0.768 0.026 0.028
0 0.914 0.735 0.036 0.038
0 0.908 0.71 0.044 0.04
0 0.862 0.706 0.028 0.044
0 0.829 0.687 0.038 0.034
0 0.791 0.702 0.022 0.016
0 0.762 0.708 0.04 0.052
0 0.722 0.749 0.036 0.038
0 0.672 0.713 0.032 0.05
0 0.656 0.825 0.044 0.05
0 0.606 0.839 0.028 0.05
0 0.583 0.812 0.03 0.028
0 0.847 0.626 0.034 0.028
0 0.797 0.565 0.042 0.042
0 0.728 0.638 0.036 0.028
0 0.735 0.675 0.042 0.03
0 0.706 0.596 0.036 0.044
0 0.747 0.538 0.026 0.04
0 0.62 0.589 0.036 0.058
0 0.608 0.65 0.036 0.028
0 0.716 0.452 0.044 0.052
0 0.784 0.454 0.032 0.032
0 0.773 0.42 0.034 0.048
0 0.806 0.378 0.04 0.044
0 0.732 0.37 0.04 0.04
0 0.664 0.383 0.044 0.042
0 0.566 0.453 0.032 0.05
0 0.549 0.416 0.026 0.04
0 0.808 0.147 0.036 0.054
0 0.78 0.092 0.036 0.044
0 0.756 0.127 0.02 0.034
0 0.753 0.157 0.038 0.03
0 0.716 0.118 0.04 0.048
0 0.712 0.156 0.016 0.016
0 0.641 0.101 0.038 0.054
0 0.785 0.214 0.038 0.044
0 0.714 0.267 0.04 0.042
0 0.645 0.278 0.022 0.032
0 0.592 0.225 0.036 0.038
0 0.504 0.235 0.036 0.034
0 0.455 0.187 0.03 0.038
0 0.455 0.058 0.042 0.04
0 0.366 0.029 0.028 0.026
0 0.275 0.051 0.038 0.038
0 0.084 0.01 0.036 0.02
0 0.01 0.013 0.016 0.026
0 0.034 0.078 0.04 0.044
0 0.105 0.114 0.042 0.036
0 0.077 0.108 0.022 0.032
0 0.008 0.12 0.012 0.048
0 0.04 0.183 0.024 0.034
0 0.075 0.213 0.026 0.026
0 0.1 0.2 0.036 0.036
0 0.145 0.222 0.05 0.048
0 0.316 0.158 0.032 0.052
0 0.396 0.257 0.036 0.038
0 0.505 0.327 0.038 0.058
0 0.453 0.373 0.034 0.042
0 0.391 0.324 0.038 0.06
0 0.387 0.366 0.046 0.024
0 0.398 0.408 0.056 0.048
0 0.475 0.441 0.03 0.034
0 0.443 0.445 0.038 0.038
0 0.381 0.462 0.03 0.048
0 0.334 0.467 0.036 0.042
0 0.434 0.495 0.036 0.034
0 0.498 0.527 0.04 0.066
0 0.56 0.593 0.036 0.042
0 0.465 0.579 0.038 0.05
0 0.527 0.656 0.03 0.036
0 0.452 0.99 0.028 0.016
0 0.485 0.96 0.026 0.028
0 0.515 0.915 0.042 0.046
0 0.419 0.99 0.018 0.016
0 0.357 0.981 0.026 0.034
0 0.323 0.953 0.03 0.034
0 0.374 0.94 0.036 0.036
0 0.274 0.961 0.032 0.038
0 0.269 0.907 0.03 0.03
0 0.279 0.854 0.038 0.028
0 0.328 0.827 0.028 0.03
0 0.265 0.793 0.026 0.042
0 0.496 0.838 0.028 0.04
0 0.46 0.812 0.032 0.024
0 0.446 0.83 0.036 0.04
0 0.428 0.797 0.032 0.03
0 0.537 0.776 0.022 0.02
0 0.56 0.765 0.028 0.03
0 0.582 0.763 0.02 0.03
0 0.584 0.734 0.024 0.032
0 0.563 0.709 0.026 0.034
0 0.52 0.696 0.036 0.032
0 0.441 0.665 0.03 0.034
0 0.398 0.616 0.044 0.04
0 0.396 0.711 0.028 0.038
0 0.379 0.706 0.022 0.044
0 0.361 0.719 0.022 0.038
0 0.19 0.995 0.024 0.006
0 0.072 0.977 0.036 0.042
0 0.023 0.979 0.03 0.038
0 0.15 0.919 0.028 0.046
0 0.115 0.887 0.038 0.038
0 0.18 0.877 0.032 0.034
0 0.021 0.87 0.01 0.02
0 0.062 0.861 0.028 0.03
0 0.053 0.824 0.03 0.032
0 0.012 0.786 0.02 0.036
0 0.02 0.76 0.028 0.036
0 0.1 0.776 0.036 0.04
0 0.198 0.777 0.032 0.046
0 0.216 0.713 0.032 0.042
0 0.008 0.663 0.012 0.022
0 0.02 0.61 0.036 0.028
0 0.029 0.57 0.038 0.032
0 0.283 0.663 0.042 0.026
0 0.211 0.634 0.034 0.04
0 0.268 0.63 0.016 0.016
0 0.264 0.64 0.016 0.012
0 0.323 0.597 0.042 0.034
0 0.365 0.529 0.034 0.046
0 0.272 0.582 0.02 0.032
0 0.182 0.606 0.02 0.016
0 0.162 0.592 0.02 0.032
0 0.184 0.583 0.028 0.038
0 0.17 0.561 0.02 0.01
0 0.257 0.442 0.046 0.052
0 0.003 0.443 0.002 0.03
0 0.023 0.437 0.03 0.05
0 0.111 0.403 0.042 0.042
0 0.093 0.364 0.038 0.036
0 0.068 0.342 0.028 0.04
0 0.011 0.353 0.018 0.038
0 0.136 0.295 0.028 0.046
0 0.196 0.333 0.044 0.046
0 0.226 0.334 0.016 0.04
0 0.326 0.339 0.044 0.042
1 0.985 0.287 0.018 0.022
1 0.995 0.479 0.006 0.022
1 0.915 0.181 0.022 0.018
1 0.905 0.217 0.018 0.026
1 0.884 0.206 0.016 0.024
1 0.888 0.325 0.02 0.038
1 0.871 0.34 0.014 0.052
1 0.928 0.487 0.016 0.022
1 0.898 0.532 0.024 0.024
1 0.977 0.63 0.01 0.02
1 0.989 0.724 0.014 0.016
1 0.972 0.756 0.028 0.028
1 0.985 0.842 0.026 0.024
1 0.959 0.981 0.022 0.03
1 0.905 0.972 0.022 0.016
1 0.907 0.984 0.01 0.012
1 0.908 0.927 0.02 0.018
1 0.905 0.846 0.014 0.036
1 0.819 0.919 0.018 0.014
1 0.685 0.938 0.022 0.024
1 0.684 0.997 0.02 0.002
1 0.701 0.996 0.006 0.004
1 0.607 0.981 0.018 0.026
1 0.736 0.853 0.016 0.014
1 0.81 0.821 0.02 0.026
1 0.804 0.725 0.016 0.018
1 0.692 0.744 0.02 0.024
1 0.695 0.711 0.014 0.026
1 0.643 0.867 0.014 0.034
1 0.859 0.579 0.018 0.018
1 0.758 0.591 0.016 0.026
1 0.776 0.65 0.024 0.02
1 0.768 0.637 0.024 0.018
1 0.681 0.572 0.026 0.028
1 0.623 0.524 0.022 0.028
1 0.625 0.632 0.018 0.02
1 0.74 0.473 0.02 0.018
1 0.776 0.115 0.016 0.014
1 0.686 0.144 0.024 0.024
1 0.604 0.046 0.016 0.024
1 0.671 0.202 0.022 0.012
1 0.597 0.259 0.014 0.026
1 0.414 0.111 0.02 0.03
1 0.361 0.011 0.01 0.014
1 0.278 0.008 0.028 0.016
1 0.302 0.002 0.016 0.004
1 0.204 0.248 0.016 0.02
1 0.207 0.13 0.006 0.024
1 0.183 0.087 0.014 0.014
1 0.388 0.188 0.012 0.032
1 0.397 0.218 0.014 0.016
1 0.383 0.225 0.022 0.014
1 0.336 0.257 0.012 0.022
1 0.351 0.422 0.022 0.02
1 0.572 0.501 0.028 0.022
1 0.561 0.662 0.018 0.028
1 0.542 0.902 0.012 0.02
1 0.304 0.982 0.02 0.016
1 0.343 0.924 0.022 0.02
1 0.266 0.936 0.02 0.02
1 0.305 0.875 0.022 0.022
1 0.362 0.806 0.02 0.02
1 0.471 0.798 0.018 0.012
1 0.404 0.76 0.024 0.02
1 0.452 0.722 0.028 0.02
1 0.51 0.755 0.012 0.022
1 0.519 0.738 0.014 0.02
1 0.404 0.689 0.008 0.01
1 0.175 0.983 0.018 0.01
1 0.04 0.975 0.024 0.026
1 0.12 0.864 0.028 0.016
1 0.062 0.891 0.008 0.026
1 0.065 0.73 0.022 0.036
1 0.057 0.665 0.018 0.018
1 0.025 0.669 0.01 0.01
1 0.071 0.537 0.026 0.022
1 0.319 0.56 0.018 0.024
1 0.15 0.56 0.016 0.012
1 0.056 0.393 0.012 0.018
1 0.252 0.345 0.024 0.03
2 0.991 0.087 0.014 0.038
2 0.915 0.011 0.03 0.022
2 0.899 0.265 0.03 0.03
2 0.935 0.435 0.022 0.03
2 0.964 0.926 0.032 0.028
2 0.844 0.948 0.028 0.036
2 0.881 0.791 0.022 0.022
2 0.768 0.927 0.016 0.03
2 0.637 0.719 0.022 0.05
2 0.825 0.418 0.046 0.028
2 0.657 0.421 0.018 0.018
2 0.787 0.045 0.022 0.022
2 0.745 0.024 0.014 0.024
2 0.729 0.053 0.022 0.026
2 0.447 0.123 0.022 0.026
2 0.295 0.033 0.018 0.018
2 0.027 0.222 0.034 0.04
2 0.122 0.18 0.024 0.024
2 0.323 0.217 0.038 0.03
2 0.249 0.23 0.038 0.06
2 0.268 0.215 0.012 0.01
2 0.503 0.745 0.018 0.018
2 0.477 0.67 0.026 0.016
2 0.071 0.499 0.034 0.034
2 0.254 0.646 0.02 0.024
2 0.172 0.626 0.028 0.024
2 0.123 0.595 0.01 0.014
2 0.148 0.498 0.016 0.028
2 0.24 0.488 0.032 0.052
2 0.158 0.352 0.02 0.036
2 0.574 0.28 0.024 0.024
2 0.823 0.343 0.014 0.038
2 0.846 0.303 0.02 0.014
2 0.632 0.35 0.016 0.02