0 0.695 0.197 0.034 0.038
0 0.974 0.036 0.044 0.036
0 0.932 0.028 0.04 0.048
0 0.985 0.081 0.026 0.046
0 0.873 0.072 0.042 0.04
0 0.882 0.145 0.06 0.054
0 0.832 0.136 0.036 0.04
0 0.764 0.09 0.052 0.044
0 0.693 0.042 0.058 0.04
0 0.573 0.026 0.078 0.052
0 0.348 0.059 0.056 0.058
0 0.282 0.064 0.044 0.052
0 0.188 0.045 0.044 0.046
0 0.086 0.011 0.036 0.022
0 0.054 0.025 0.044 0.05
0 0.754 0.947 0.084 0.078
0 0.908 0.878 0.052 0.044
0 0.977 0.379 0.042 0.046
0 0.952 0.297 0.04 0.05
0 0.899 0.319 0.058 0.046
0 0.266 0.11 0.044 0.032
0 0.328 0.191 0.052 0.058
0 0.103 0.11 0.046 0.076
0 0.051 0.22 0.058 0.064
0 0.636 0.193 0.064 0.054
0 0.476 0.126 0.072 0.076
0 0.519 0.239 0.054 0.066
0 0.264 0.221 0.064 0.07
0 0.237 0.19 0.046 0.056
0 0.189 0.154 0.042 0.068
0 0.16 0.209 0.048 0.058
0 0.155 0.243 0.062 0.038
0 0.115 0.316 0.066 0.044
0 0.048 0.482 0.052 0.068
0 0.034 0.389 0.044 0.03
0 0.016 0.42 0.028 0.044
0 0.154 0.343 0.048 0.05
0 0.16 0.513 0.052 0.054
0 0.138 0.479 0.044 0.05
0 0.235 0.389 0.058 0.058
0 0.087 0.596 0.062 0.06
0 0.113 0.616 0.058 0.056
0 0.078 0.713 0.06 0.07
0 0.181 0.786 0.07 0.048
0 0.106 0.776 0.044 0.06
0 0.477 0.254 0.03 0.048
0 0.481 0.365 0.09 0.058
0 0.478 0.448 0.072 0.076
0 0.431 0.44 0.046 0.072
0 0.561 0.106 0.05 0.056
0 0.613 0.151 0.042 0.054
0 0.386 0.381 0.04 0.046
0 0.336 0.372 0.044 0.04
0 0.28 0.365 0.028 0.038
0 0.275 0.419 0.034 0.046
0 0.405 0.248 0.042 0.036
0 0.483 0.713 0.05 0.054
0 0.405 0.722 0.058 0.08
0 0.354 0.656 0.044 0.044
0 0.751 0.341 0.05 0.054
0 0.756 0.423 0.052 0.042
0 0.678 0.383 0.048 0.042
0 0.804 0.468 0.036 0.036
0 0.71 0.476 0.032 0.056
0 0.718 0.534 0.036 0.04
0 0.612 0.548 0.052 0.056
0 0.535 0.559 0.054 0.046
0 0.569 0.631 0.062 0.058
0 0.497 0.783 0.05 0.042
0 0.898 0.418 0.048 0.04
0 0.884 0.494 0.052 0.06
0 0.983 0.495 0.03 0.058
0 0.946 0.673 0.048 0.074
0 0.831 0.691 0.042 0.062
0 0.738 0.744 0.056 0.052
0 0.819 0.743 0.03 0.046
0 0.412 0.798 0.032 0.036
0 0.363 0.803 0.05 0.042
0 0.347 0.863 0.066 0.066
0 0.228 0.842 0.048 0.052
0 0.222 0.887 0.032 0.034
0 0.147 0.94 0.058 0.068
0 0.257 0.963 0.062 0.058
0 0.048 0.898 0.032 0.036
0 0.623 0.975 0.062 0.046
0 0.478 0.885 0.048 0.066
0 0.566 0.846 0.06 0.048
0 0.937 0.824 0.05 0.036
0 0.94 0.848 0.036 0.024
0 0.984 0.782 0.028 0.048
0 0.989 0.579 0.018 0.05
0 0.943 0.631 0.046 0.038
0 0.686 0.598 0.04 0.048
0 0.646 0.458 0.044 0.06
0 0.691 0.511 0.026 0.046
0 0.748 0.602 0.048 0.048
0 0.619 0.806 0.042 0.044
0 0.835 0.606 0.066 0.032
0 0.879 0.299 0.022 0.018
0 0.733 0.314 0.054 0.044
0 0.641 0.217 0.034 0.038
1 0.646 0.044 0.028 0.02
1 0.644 0.063 0.028 0.026
1 0.527 0.032 0.018 0.016
1 0.349 0.092 0.034 0.032
1 0.15 0.061 0.028 0.026
1 0.028 0.04 0.016 0.016
1 0.933 0.271 0.018 0.03
1 0.897 0.354 0.018 0.02
1 0.04 0.108 0.032 0.028
1 0.096 0.173 0.028 0.022
1 0.245 0.141 0.022 0.014
1 0.379 0.17 0.022 0.028
1 0.367 0.242 0.018 0.028
1 0.084 0.338 0.02 0.032
1 0.057 0.357 0.03 0.03
1 0.187 0.43 0.03 0.048
1 0.126 0.41 0.036 0.032
1 0.019 0.454 0.026 0.032
1 0.01 0.51 0.016 0.024
1 0.238 0.733 0.032 0.022
1 0.141 0.817 0.026 0.014
1 0.493 0.388 0.03 0.032
1 0.594 0.122 0.036 0.036
1 0.538 0.244 0.028 0.032
1 0.438 0.263 0.028 0.038
1 0.329 0.339 0.034 0.018
1 0.313 0.363 0.018 0.01
1 0.381 0.281 0.026 0.03
1 0.334 0.288 0.032 0.032
1 0.094 0.223 0.024 0.03
1 0.447 0.709 0.022 0.038
1 0.42 0.676 0.032 0.036
1 0.344 0.578 0.016 0.036
1 0.302 0.541 0.016 0.038
1 0.288 0.587 0.016 0.034
1 0.362 0.45 0.028 0.028
1 0.233 0.483 0.022 0.038
1 0.229 0.454 0.034 0.036
1 0.572 0.402 0.036 0.028
1 0.324 0.485 0.036 0.042
1 0.336 0.528 0.044 0.044
1 0.771 0.384 0.03 0.024
1 0.713 0.434 0.034 0.024
1 0.748 0.508 0.02 0.032
1 0.639 0.517 0.026 0.03
1 0.515 0.483 0.022 0.026
1 0.499 0.57 0.03 0.032
1 0.451 0.609 0.022 0.018
1 0.223 0.711 0.038 0.022
1 0.747 0.661 0.022 0.022
1 0.65 0.74 0.02 0.024
1 0.637 0.734 0.022 0.02
1 0.619 0.652 0.022 0.024
1 0.561 0.686 0.026 0.036
1 0.441 0.779 0.026 0.022
1 0.283 0.83 0.018 0.012
1 0.181 0.965 0.022 0.03
1 0.057 0.845 0.038 0.034
1 0.018 0.956 0.024 0.02
1 0.401 0.954 0.022 0.052
1 0.393 0.937 0.022 0.05
1 0.373 0.991 0.026 0.014
1 0.352 0.948 0.02 0.032
1 0.328 0.948 0.028 0.052
1 0.317 0.974 0.03 0.048
1 0.068 0.904 0.032 0.048
1 0.456 0.928 0.024 0.024
1 0.537 0.861 0.018 0.022
1 0.961 0.601 0.022 0.03
1 0.908 0.152 0.04 0.032
1 0.807 0.548 0.022 0.02
1 0.895 0.594 0.014 0.024
1 0.882 0.596 0.02 0.032
1 0.895 0.769 0.03 0.03
1 0.866 0.794 0.016 0.016
1 0.862 0.8 0.024 0.02
1 0.885 0.66 0.03 0.04
1 0.644 0.612 0.024 0.024
1 0.616 0.594 0.028 0.024
1 0.421 0.099 0.038 0.042
1 0.642 0.697 0.036 0.034
1 0.791 0.767 0.038 0.03
1 0.788 0.807 0.028 0.034
1 0.829 0.852 0.034 0.04
1 0.733 0.863 0.03 0.026
1 0.577 0.714 0.03 0.036
1 0.583 0.792 0.03 0.036
1 0.837 0.751 0.018 0.026
1 0.938 0.201 0.012 0.014
1 0.789 0.31 0.034 0.02
1 0.149 0.273 0.03 0.038
1 0.489 0.152 0.05 0.048
2 0.317 0.236 0.034 0.028
2 0.018 0.665 0.032 0.034
2 0.008 0.643 0.012 0.014
2 0.363 0.598 0.014 0.016
2 0.952 0.186 0.036 0.032
2 0.777 0.294 0.026 0.028
2 0.606 0.31 0.056 0.036
2 0.565 0.316 0.05 0.052
2 0.696 0.09 0.016 0.02
2 0.707 0.084 0.01 0.008
2 0.697 0.071 0.01 0.014
2 0.663 0.656 0.022 0.04
2 0.512 0.605 0.012 0.014
2 0.526 0.695 0.02 0.034
2 0.853 0.325 0.014 0.018
2 0.308 0.722 0.02 0.012
2 0.702 0.857 0.028 0.022
2 0.722 0.894 0.02 0.02
2 0.683 0.891 0.05 0.038
2 0.638 0.895 0.012 0.014
2 0.912 0.94 0.016 0.032
2 0.9 0.946 0.016 0.032
2 0.829 0.184 0.014 0.012