0 0.664 0.365 0.048 0.078
0 0.63 0.546 0.052 0.076
0 0.661 0.52 0.026 0.048
0 0.717 0.526 0.038 0.06
0 0.756 0.492 0.04 0.068
0 0.811 0.467 0.046 0.05
0 0.828 0.448 0.048 0.06
0 0.814 0.396 0.044 0.036
0 0.873 0.42 0.05 0.056
0 0.777 0.31 0.058 0.052
0 0.774 0.265 0.032 0.038
0 0.788 0.237 0.04 0.038
0 0.735 0.224 0.042 0.076
0 0.697 0.267 0.05 0.042
0 0.641 0.197 0.034 0.046
0 0.627 0.225 0.038 0.058
0 0.608 0.264 0.048 0.052
0 0.552 0.279 0.044 0.038
0 0.948 0.037 0.04 0.046
0 0.924 0.087 0.048 0.07
0 0.973 0.101 0.034 0.05
0 0.882 0.106 0.036 0.048
0 0.899 0.136 0.046 0.036
0 0.823 0.039 0.046 0.03
0 0.766 0.061 0.044 0.054
0 0.771 0.108 0.034 0.04
0 0.741 0.157 0.05 0.038
0 0.675 0.048 0.038 0.052
0 0.656 0.071 0.04 0.038
0 0.91 0.22 0.044 0.064
0 0.889 0.256 0.042 0.06
0 0.871 0.209 0.03 0.034
0 0.978 0.166 0.04 0.048
0 0.964 0.232 0.04 0.06
0 0.912 0.32 0.048 0.06
0 0.962 0.446 0.036 0.052
0 0.871 0.483 0.042 0.054
0 0.892 0.53 0.04 0.064
0 0.834 0.527 0.048 0.066
0 0.796 0.527 0.036 0.042
0 0.682 0.602 0.048 0.072
0 0.622 0.616 0.056 0.052
0 0.511 0.596 0.046 0.068
0 0.56 0.585 0.032 0.026
0 0.57 0.674 0.052 0.056
0 0.508 0.67 0.048 0.06
0 0.46 0.669 0.04 0.066
0 0.396 0.65 0.048 0.04
0 0.394 0.679 0.056 0.058
0 0.559 0.622 0.046 0.056
0 0.448 0.569 0.04 0.058
0 0.398 0.533 0.064 0.062
0 0.454 0.485 0.044 0.078
0 0.343 0.511 0.058 0.058
0 0.361 0.579 0.046 0.046
0 0.283 0.516 0.038 0.056
0 0.146 0.452 0.048 0.048
0 0.159 0.493 0.042 0.042
0 0.092 0.55 0.036 0.072
0 0.919 0.694 0.042 0.064
0 0.833 0.639 0.042 0.046
0 0.82 0.769 0.052 0.054
0 0.78 0.757 0.032 0.054
0 0.723 0.741 0.05 0.102
0 0.628 0.768 0.064 0.064
0 0.556 0.821 0.056 0.07
0 0.642 0.836 0.04 0.076
0 0.609 0.862 0.054 0.064
0 0.572 0.881 0.048 0.058
0 0.572 0.957 0.06 0.082
0 0.413 0.964 0.05 0.068
0 0.376 0.926 0.04 0.052
0 0.371 0.876 0.058 0.06
0 0.301 0.848 0.058 0.064
0 0.316 0.908 0.044 0.052
0 0.272 0.94 0.04 0.068
0 0.234 0.94 0.044 0.048
0 0.693 0.681 0.038 0.042
0 0.693 0.774 0.03 0.04
0 0.932 0.892 0.052 0.056
0 0.866 0.867 0.044 0.066
0 0.79 0.887 0.04 0.062
0 0.716 0.963 0.032 0.05
0 0.758 0.952 0.04 0.04
0 0.951 0.971 0.05 0.054
0 0.896 0.969 0.052 0.058
0 0.423 0.786 0.05 0.052
0 0.352 0.756 0.044 0.06
0 0.296 0.786 0.048 0.044
0 0.206 0.771 0.056 0.07
0 0.225 0.712 0.038 0.06
0 0.16 0.701 0.048 0.05
0 0.09 0.766 0.06 0.092
0 0.04 0.755 0.036 0.054
0 0.026 0.824 0.036 0.064
0 0.039 0.9 0.05 0.08
0 0.021 0.932 0.038 0.072
0 0.543 0.485 0.05 0.058
0 0.518 0.492 0.04 0.064
0 0.479 0.536 0.038 0.056
0 0.202 0.563 0.036 0.046
0 0.252 0.565 0.04 0.058
0 0.294 0.321 0.04 0.054
0 0.333 0.334 0.034 0.048
0 0.374 0.367 0.04 0.062
0 0.331 0.383 0.05 0.054
0 0.413 0.323 0.038 0.058
0 0.503 0.325 0.034 0.05
0 0.584 0.088 0.048 0.044
0 0.521 0.111 0.034 0.05
0 0.49 0.103 0.036 0.046
0 0.493 0.217 0.026 0.046
0 0.442 0.188 0.048 0.052
0 0.64 0.3 0.04 0.048
0 0.228 0.585 0.036 0.058
0 0.594 0.149 0.032 0.054
0 0.1 0.281 0.036 0.05
0 0.063 0.329 0.038 0.062
0 0.03 0.308 0.04 0.052
0 0.027 0.181 0.042 0.046
0 0.097 0.147 0.026 0.05
0 0.12 0.14 0.032 0.052
0 0.051 0.147 0.034 0.042
0 0.261 0.264 0.046 0.068
0 0.239 0.316 0.038 0.036
0 0.206 0.328 0.044 0.052
0 0.065 0.405 0.038 0.07
0 0.043 0.38 0.03 0.06
0 0.253 0.172 0.038 0.052
0 0.232 0.211 0.032 0.054
0 0.204 0.158 0.04 0.044
0 0.13 0.207 0.044 0.038
0 0.192 0.205 0.036 0.05
0 0.624 0.161 0.024 0.03
0 0.493 0.053 0.038 0.042
0 0.437 0.053 0.034 0.034
0 0.394 0.099 0.036 0.042
0 0.354 0.134 0.036 0.06
0 0.303 0.119 0.042 0.038
0 0.23 0.096 0.036 0.044
0 0.212 0.056 0.028 0.036
0 0.21 0.021 0.028 0.034
0 0.179 0.026 0.034 0.048
0 0.147 0.044 0.034 0.056
0 0.09 0.062 0.044 0.044
0 0.061 0.089 0.034 0.05
0 0.023 0.102 0.034 0.048
0 0.302 0.192 0.028 0.044
0 0.136 0.26 0.028 0.032
0 0.064 0.207 0.024 0.022
0 0.566 0.118 0.048 0.052
0 0.363 0.068 0.038 0.04
0 0.663 0.102 0.038 0.028
0 0.612 0.171 0.024 0.034
0 0.378 0.327 0.028 0.034
0 0.777 0.477 0.034 0.05
0 0.702 0.018 0.032 0.036
0 0.747 0.017 0.042 0.034
1 0.683 0.503 0.018 0.026
1 0.828 0.36 0.032 0.024
1 0.981 0.046 0.022 0.036
1 0.844 0.1 0.024 0.02
1 0.788 0.116 0.016 0.02
1 0.749 0.128 0.022 0.016
1 0.705 0.061 0.022 0.03
1 0.809 0.183 0.014 0.038
1 0.989 0.142 0.018 0.02
1 0.959 0.191 0.034 0.018
1 0.685 0.536 0.018 0.032
1 0.557 0.561 0.026 0.022
1 0.613 0.669 0.034 0.022
1 0.416 0.577 0.02 0.026
1 0.419 0.471 0.022 0.038
1 0.348 0.546 0.028 0.012
1 0.142 0.527 0.016 0.018
1 0.145 0.546 0.022 0.024
1 0.048 0.602 0.02 0.02
1 0.877 0.799 0.034 0.042
1 0.92 0.791 0.036 0.026
1 0.517 0.981 0.03 0.034
1 0.431 0.923 0.026 0.034
1 0.679 0.701 0.022 0.022
1 0.811 0.803 0.034 0.034
1 0.547 0.772 0.046 0.02
1 0.798 0.85 0.012 0.028
1 0.737 0.889 0.026 0.03
1 0.713 0.888 0.034 0.016
1 0.642 0.98 0.024 0.032
1 0.269 0.729 0.014 0.03
1 0.121 0.787 0.022 0.034
1 0.057 0.838 0.018 0.024
1 0.111 0.859 0.03 0.026
1 0.467 0.815 0.022 0.018
1 0.448 0.735 0.024 0.022
1 0.533 0.455 0.022 0.022
1 0.508 0.546 0.02 0.024
1 0.316 0.669 0.032 0.046
1 0.441 0.309 0.03 0.026
1 0.146 0.619 0.028 0.026
1 0.48 0.133 0.032 0.018
1 0.479 0.163 0.018 0.026
1 0.527 0.165 0.026 0.03
1 0.566 0.189 0.02 0.034
1 0.566 0.454 0.024 0.02
1 0.064 0.174 0.024 0.028
1 0.176 0.198 0.016 0.016
1 0.284 0.185 0.008 0.01
1 0.373 0.209 0.018 0.026
1 0.353 0.239 0.018 0.038
1 0.346 0.028 0.028 0.02
1 0.275 0.015 0.042 0.03
2 0.844 0.15 0.028 0.024
2 0.248 0.474 0.036 0.056
2 0.748 0.607 0.028 0.026
2 0.893 0.603 0.03 0.034
2 0.656 0.923 0.028 0.022
2 0.235 0.853 0.034 0.054
2 0.428 0.744 0.024 0.02
2 0.784 0.367 0.024 0.03
2 0.63 0.382 0.04 0.048
2 0.54 0.379 0.028 0.046
2 0.481 0.357 0.058 0.038
2 0.258 0.641 0.02 0.026
2 0.558 0.238 0.016 0.02
2 0.533 0.194 0.022 0.032
2 0.958 0.384 0.028 0.024
2 0.972 0.36 0.024 0.024
2 0.114 0.337 0.036 0.058
2 0.206 0.386 0.032 0.044
2 0.127 0.39 0.026 0.024
2 0.327 0.251 0.022 0.022
2 0.221 0.129 0.026 0.03
2 0.282 0.076 0.02 0.036
2 0.297 0.05 0.022 0.028
2 0.62 0.136 0.02 0.024
2 0.03 0.538 0.024 0.044
2 0.054 0.537 0.008 0.018