0 0.238 0.56 0.044 0.048
0 0.365 0.64 0.046 0.052
0 0.332 0.589 0.04 0.042
0 0.316 0.544 0.036 0.044
0 0.4 0.505 0.028 0.05
0 0.329 0.492 0.026 0.028
0 0.275 0.461 0.034 0.038
0 0.241 0.508 0.042 0.064
0 0.05 0.01 0.036 0.02
0 0.183 0.011 0.03 0.022
0 0.103 0.043 0.038 0.058
0 0.096 0.099 0.036 0.054
0 0.144 0.099 0.036 0.05
0 0.263 0.109 0.03 0.042
0 0.225 0.228 0.03 0.056
0 0.059 0.197 0.042 0.054
0 0.024 0.248 0.044 0.048
0 0.152 0.21 0.044 0.048
0 0.354 0.021 0.044 0.042
0 0.304 0.017 0.032 0.034
0 0.245 0.011 0.038 0.022
0 0.28 0.026 0.032 0.052
0 0.513 0.017 0.034 0.034
0 0.572 0.029 0.036 0.058
0 0.703 0.014 0.042 0.028
0 0.76 0.167 0.036 0.042
0 0.952 0.116 0.04 0.04
0 0.905 0.12 0.034 0.04
0 0.826 0.2 0.032 0.044
0 0.733 0.212 0.038 0.048
0 0.747 0.256 0.042 0.044
0 0.764 0.35 0.044 0.056
0 0.828 0.295 0.032 0.062
0 0.895 0.338 0.038 0.052
0 0.93 0.231 0.044 0.05
0 0.935 0.157 0.042 0.05
0 0.86 0.127 0.032 0.046
0 0.782 0.271 0.032 0.042
0 0.457 0.131 0.034 0.042
0 0.488 0.098 0.036 0.06
0 0.51 0.116 0.024 0.028
0 0.497 0.28 0.038 0.068
0 0.519 0.262 0.03 0.064
0 0.558 0.271 0.024 0.058
0 0.57 0.169 0.032 0.054
0 0.657 0.295 0.034 0.054
0 0.622 0.523 0.04 0.046
0 0.665 0.547 0.034 0.054
0 0.561 0.564 0.034 0.052
0 0.524 0.55 0.032 0.06
0 0.43 0.571 0.032 0.062
0 0.383 0.73 0.034 0.052
0 0.302 0.63 0.036 0.064
0 0.208 0.622 0.032 0.052
0 0.256 0.676 0.04 0.052
0 0.276 0.718 0.04 0.044
0 0.291 0.761 0.038 0.034
0 0.437 0.802 0.03 0.052
0 0.488 0.725 0.028 0.05
0 0.48 0.808 0.04 0.04
0 0.489 0.769 0.038 0.038
0 0.459 0.694 0.058 0.052
0 0.387 0.596 0.042 0.072
0 0.493 0.501 0.042 0.078
0 0.571 0.463 0.038 0.054
0 0.755 0.428 0.034 0.048
0 0.969 0.321 0.042 0.062
0 0.988 0.376 0.02 0.052
0 0.816 0.554 0.04 0.04
0 0.708 0.631 0.036 0.058
0 0.744 0.63 0.032 0.044
0 0.803 0.596 0.038 0.04
0 0.803 0.636 0.054 0.04
0 0.889 0.576 0.03 0.064
0 0.855 0.497 0.042 0.042
0 0.911 0.488 0.038 0.04
0 0.8 0.427 0.036 0.046
0 0.952 0.377 0.04 0.066
0 0.629 0.572 0.034 0.044
0 0.638 0.653 0.04 0.07
0 0.661 0.639 0.03 0.054
0 0.721 0.713 0.05 0.05
0 0.791 0.762 0.038 0.04
0 0.926 0.68 0.044 0.056
0 0.839 0.716 0.034 0.052
0 0.985 0.564 0.026 0.052
0 0.976 0.444 0.036 0.036
0 0.354 0.439 0.036 0.05
0 0.437 0.366 0.042 0.048
0 0.426 0.288 0.028 0.064
0 0.169 0.515 0.034 0.062
0 0.093 0.44 0.046 0.048
0 0.037 0.591 0.042 0.066
0 0.649 0.162 0.038 0.048
0 0.66 0.418 0.036 0.044
0 0.808 0.918 0.036 0.064
0 0.748 0.883 0.036 0.046
0 0.866 0.953 0.04 0.062
0 0.911 0.951 0.03 0.078
0 0.944 0.949 0.028 0.058
0 0.988 0.898 0.016 0.052
0 0.61 0.924 0.04 0.04
0 0.509 0.867 0.034 0.058
0 0.544 0.826 0.032 0.048
0 0.778 0.687 0.028 0.042
0 0.154 0.854 0.032 0.048
0 0.198 0.771 0.04 0.054
0 0.298 0.981 0.036 0.034
0 0.356 0.956 0.04 0.064
0 0.423 0.914 0.03 0.068
0 0.615 0.969 0.038 0.042
0 0.922 0.837 0.032 0.038
0 0.945 0.818 0.038 0.04
0 0.048 0.94 0.04 0.06
0 0.019 0.907 0.038 0.05
0 0.021 0.747 0.042 0.054
0 0.04 0.709 0.036 0.05
0 0.079 0.715 0.034 0.054
0 0.108 0.695 0.028 0.074
0 0.114 0.597 0.028 0.05
0 0.091 0.566 0.026 0.056
0 0.102 0.504 0.036 0.044
0 0.351 0.375 0.05 0.054
0 0.376 0.201 0.02 0.038
0 0.373 0.262 0.038 0.072
0 0.347 0.226 0.042 0.052
0 0.3 0.248 0.044 0.048
0 0.142 0.458 0.04 0.06
0 0.601 0.311 0.038 0.066
0 0.527 0.403 0.038 0.066
0 0.102 0.275 0.036 0.05
0 0.509 0.377 0.03 0.05
0 0.177 0.687 0.03 0.046
0 0.434 0.982 0.028 0.032
0 0.834 0.815 0.04 0.042
0 0.574 0.699 0.032 0.066
0 0.197 0.195 0.038 0.042
0 0.168 0.29 0.036 0.076
0 0.218 0.296 0.036 0.048
0 0.27 0.296 0.028 0.044
0 0.486 0.034 0.028 0.044
0 0.193 0.372 0.042 0.052
0 0.267 0.37 0.034 0.048
0 0.235 0.377 0.034 0.046
0 0.254 0.389 0.028 0.042
0 0.727 0.412 0.026 0.052
0 0.818 0.475 0.044 0.066
0 0.872 0.173 0.028 0.042
0 0.88 0.229 0.032 0.03
0 0.62 0.47 0.036 0.044
0 0.779 0.304 0.038 0.024
0 0.19 0.449 0.024 0.038
0 0.131 0.638 0.03 0.048
0 0.301 0.311 0.03 0.046
0 0.289 0.286 0.026 0.024
0 0.133 0.548 0.034 0.052
0 0.029 0.183 0.03 0.042
0 0.008 0.169 0.016 0.042
0 0.228 0.643 0.024 0.05
0 0.911 0.286 0.034 0.04
0 0.35 0.779 0.02 0.03
0 0.016 0.816 0.032 0.048
0 0.072 0.793 0.028 0.034
0 0.044 0.802 0.024 0.028
0 0.053 0.823 0.034 0.038
0 0.118 0.874 0.032 0.048
0 0.332 0.894 0.04 0.048
0 0.317 0.721 0.042 0.054
0 0.014 0.43 0.028 0.036
0 0.006 0.451 0.012 0.03
0 0.004 0.474 0.008 0.02
0 0.123 0.955 0.034 0.054
0 0.255 0.902 0.054 0.044
0 0.383 0.874 0.03 0.056
0 0.458 0.899 0.024 0.058
0 0.883 0.622 0.026 0.04
0 0.92 0.573 0.032 0.034
0 0.947 0.538 0.022 0.044
0 0.847 0.885 0.042 0.042
0 0.866 0.89 0.028 0.04
0 0.947 0.894 0.034 0.044
0 0.704 0.79 0.04 0.064
0 0.754 0.79 0.032 0.044
0 0.746 0.808 0.02 0.036
0 0.698 0.877 0.028 0.046
0 0.654 0.872 0.028 0.032
0 0.633 0.944 0.03 0.04
0 0.716 0.96 0.032 0.056
0 0.74 0.968 0.012 0.028
0 0.702 0.979 0.036 0.038
0 0.36 0.879 0.028 0.05
0 0.378 0.91 0.024 0.04
0 0.008 0.646 0.016 0.048
0 0.567 0.851 0.03 0.046
0 0.592 0.834 0.032 0.064
1 0.784 0.057 0.024 0.03
1 0.653 0.076 0.022 0.024
1 0.223 0.041 0.018 0.03
1 0.249 0.053 0.01 0.018
1 0.258 0.058 0.008 0.02
1 0.27 0.051 0.012 0.026
1 0.37 0.106 0.02 0.024
1 0.409 0.105 0.026 0.022
1 0.371 0.159 0.014 0.018
1 0.382 0.156 0.012 0.02
1 0.474 0.163 0.024 0.022
1 0.193 0.16 0.018 0.028
1 0.218 0.149 0.008 0.014
1 0.225 0.153 0.01 0.014
1 0.265 0.333 0.022 0.042
1 0.509 0.072 0.014 0.02
1 0.76 0.012 0.02 0.024
1 0.835 0.015 0.018 0.022
1 0.801 0.031 0.018 0.022
1 0.766 0.045 0.012 0.018
1 0.652 0.101 0.032 0.018
1 0.631 0.074 0.026 0.036
1 0.678 0.125 0.02 0.026
1 0.659 0.138 0.018 0.02
1 0.7 0.036 0.024 0.028
1 0.939 0.64 0.022 0.028
1 0.195 0.338 0.018 0.024
1 0.545 0.293 0.018 0.046
1 0.68 0.221 0.02 0.026
1 0.661 0.203 0.018 0.026
1 0.796 0.217 0.02 0.022
1 0.785 0.201 0.014 0.022
1 0.622 0.284 0.028 0.04
1 0.701 0.292 0.014 0.04
1 0.648 0.395 0.02 0.026
1 0.87 0.45 0.02 0.02
1 0.887 0.013 0.018 0.026
1 0.937 0.028 0.026 0.048
1 0.963 0.154 0.014 0.032
1 0.991 0.176 0.014 0.032
1 0.983 0.217 0.018 0.022
1 0.492 0.452 0.024 0.024
1 0.671 0.468 0.014 0.024
1 0.76 0.299 0.02 0.026
1 0.751 0.289 0.01 0.018
1 0.571 0.631 0.022 0.034
1 0.597 0.618 0.018 0.036
1 0.587 0.767 0.026 0.026
1 0.653 0.705 0.026 0.03
1 0.247 0.44 0.026 0.028
1 0.164 0.623 0.02 0.026
1 0.168 0.655 0.02 0.026
1 0.15 0.678 0.012 0.02
1 0.057 0.334 0.018 0.024
1 0.08 0.386 0.028 0.032
1 0.18 0.564 0.02 0.024
1 0.144 0.013 0.016 0.022
1 0.278 0.64 0.012 0.012
1 0.838 0.333 0.02 0.022
1 0.462 0.61 0.028 0.032
1 0.162 0.808 0.024 0.032
1 0.256 0.798 0.024 0.032
1 0.233 0.803 0.018 0.042
1 0.306 0.789 0.04 0.022
1 0.08 0.869 0.02 0.022
1 0.35 0.713 0.02 0.034
1 0.014 0.51 0.028 0.032
1 0.035 0.535 0.022 0.022
1 0.161 0.937 0.026 0.026
1 0.392 0.846 0.012 0.012
1 0.435 0.852 0.018 0.016
1 0.485 0.881 0.014 0.03
1 0.692 0.595 0.02 0.046
1 0.746 0.509 0.016 0.038
1 0.95 0.481 0.02 0.018
1 0.952 0.499 0.008 0.014
1 0.925 0.513 0.026 0.014
1 0.954 0.688 0.036 0.04
1 0.967 0.692 0.026 0.032
1 0.948 0.733 0.016 0.034
1 0.963 0.913 0.018 0.022
1 0.975 0.823 0.018 0.034
1 0.75 0.851 0.02 0.026
1 0.44 0.618 0.016 0.028
1 0.534 0.733 0.02 0.01
1 0.538 0.746 0.016 0.02
1 0.542 0.914 0.02 0.024
1 0.546 0.936 0.02 0.02
1 0.582 0.924 0.012 0.02
1 0.498 0.935 0.02 0.022
1 0.685 0.851 0.018 0.018
1 0.624 0.903 0.016 0.022
1 0.592 0.987 0.016 0.022
1 0.332 0.93 0.028 0.024
1 0.482 0.988 0.036 0.02
1 0.488 0.962 0.024 0.024
1 0.046 0.672 0.028 0.024
1 0.147 0.747 0.018 0.054
1 0.599 0.811 0.022 0.014
1 0.611 0.838 0.018 0.02
1 0.864 0.773 0.024 0.042
1 0.171 0.842 0.022 0.028
1 0.426 0.948 0.016 0.032
1 0.483 0.936 0.014 0.024
1 0.323 0.801 0.018 0.022
1 0.338 0.791 0.012 0.014
1 0.011 0.384 0.022 0.02
1 0.202 0.131 0.016 0.026
1 0.566 0.92 0.02 0.024
1 0.583 0.885 0.01 0.014
1 0.193 0.986 0.014 0.02
1 0.193 0.967 0.01 0.014
1 0.221 0.988 0.022 0.02
2 0.613 0.381 0.022 0.038
2 0.406 0.376 0.02 0.028
2 0.073 0.06 0.022 0.04
2 0.364 0.509 0.028 0.034
2 0.463 0.966 0.018 0.044
2 0.789 0.809 0.022 0.03
2 0.066 0.564 0.016 0.044
2 0.589 0.54 0.014 0.024