0 0.819 0.119 0.034 0.054
0 0.847 0.072 0.034 0.064
0 0.934 0.131 0.044 0.058
0 0.743 0.159 0.046 0.066
0 0.765 0.193 0.034 0.042
0 0.821 0.195 0.046 0.062
0 0.799 0.236 0.034 0.052
0 0.508 0.105 0.028 0.046
0 0.577 0.082 0.046 0.076
0 0.092 0.451 0.056 0.098
0 0.117 0.505 0.046 0.05
0 0.157 0.491 0.034 0.05
0 0.155 0.551 0.062 0.066
0 0.193 0.511 0.03 0.042
0 0.231 0.47 0.034 0.044
0 0.068 0.133 0.048 0.09
0 0.161 0.124 0.042 0.056
0 0.219 0.197 0.05 0.114
0 0.285 0.151 0.038 0.058
0 0.269 0.157 0.038 0.106
0 0.17 0.242 0.036 0.08
0 0.181 0.307 0.042 0.05
0 0.21 0.371 0.06 0.118
0 0.057 0.313 0.054 0.082
0 0.056 0.363 0.044 0.046
0 0.337 0.22 0.05 0.1
0 0.34 0.337 0.048 0.058
0 0.393 0.325 0.034 0.046
0 0.065 0.566 0.05 0.108
0 0.111 0.628 0.05 0.056
0 0.159 0.622 0.042 0.072
0 0.205 0.627 0.038 0.09
0 0.011 0.864 0.022 0.052
0 0.041 0.874 0.042 0.092
0 0.046 0.797 0.044 0.066
0 0.163 0.829 0.05 0.086
0 0.251 0.755 0.034 0.07
0 0.125 0.67 0.05 0.052
0 0.222 0.698 0.04 0.044
0 0.145 0.9 0.054 0.096
0 0.262 0.892 0.04 0.044
0 0.237 0.917 0.034 0.046
0 0.323 0.931 0.046 0.042
0 0.332 0.969 0.044 0.058
0 0.408 0.92 0.032 0.056
0 0.45 0.938 0.056 0.044
0 0.533 0.974 0.046 0.048
0 0.32 0.847 0.04 0.066
0 0.442 0.801 0.044 0.086
0 0.501 0.866 0.042 0.08
0 0.366 0.67 0.048 0.04
0 0.404 0.643 0.028 0.05
0 0.463 0.59 0.054 0.084
0 0.503 0.571 0.03 0.066
0 0.545 0.556 0.038 0.044
0 0.486 0.475 0.04 0.058
0 0.532 0.898 0.056 0.064
0 0.535 0.847 0.034 0.042
0 0.613 0.854 0.038 0.08
0 0.677 0.844 0.034 0.064
0 0.673 0.942 0.042 0.032
0 0.716 0.949 0.044 0.054
0 0.764 0.944 0.024 0.064
0 0.401 0.448 0.042 0.06
0 0.463 0.383 0.038 0.078
0 0.502 0.253 0.044 0.062
0 0.338 0.283 0.032 0.042
0 0.304 0.591 0.032 0.054
0 0.475 0.712 0.058 0.08
0 0.548 0.651 0.044 0.07
0 0.581 0.618 0.042 0.052
0 0.405 0.55 0.046 0.068
0 0.559 0.507 0.042 0.066
0 0.537 0.515 0.026 0.038
0 0.337 0.469 0.03 0.046
0 0.587 0.693 0.05 0.07
0 0.637 0.749 0.038 0.082
0 0.671 0.666 0.042 0.048
0 0.395 0.134 0.034 0.052
0 0.634 0.364 0.056 0.104
0 0.821 0.302 0.046 0.056
0 0.6 0.204 0.048 0.072
0 0.708 0.262 0.044 0.072
0 0.602 0.067 0.024 0.05
0 0.663 0.083 0.05 0.078
0 0.703 0.063 0.042 0.034
0 0.474 0.047 0.044 0.058
0 0.51 0.329 0.04 0.054
0 0.585 0.29 0.034 0.052
0 0.974 0.259 0.036 0.034
0 0.947 0.257 0.026 0.034
0 0.882 0.301 0.036 0.054
0 0.662 0.428 0.056 0.096
0 0.713 0.395 0.03 0.066
0 0.78 0.38 0.044 0.076
0 0.815 0.445 0.046 0.05
0 0.873 0.518 0.046 0.108
0 0.918 0.536 0.044 0.06
0 0.768 0.529 0.044 0.054
0 0.835 0.581 0.038 0.05
0 0.946 0.467 0.044 0.074
0 0.971 0.344 0.03 0.044
0 0.985 0.324 0.026 0.028
0 0.788 0.644 0.048 0.048
0 0.948 0.603 0.06 0.098
0 0.962 0.696 0.056 0.068
0 0.819 0.765 0.046 0.062
0 0.863 0.738 0.058 0.084
0 0.802 0.92 0.052 0.076
0 0.836 0.959 0.056 0.062
0 0.868 0.88 0.032 0.056
0 0.94 0.813 0.044 0.082
0 0.972 0.13 0.04 0.064
1 0.096 0.096 0.016 0.028
1 0.187 0.122 0.01 0.012
1 0.198 0.116 0.016 0.02
1 0.174 0.191 0.016 0.03
1 0.1 0.319 0.016 0.026
1 0.109 0.569 0.022 0.026
1 0.092 0.252 0.028 0.036
1 0.06 0.746 0.016 0.036
1 0.142 0.748 0.024 0.052
1 0.193 0.788 0.022 0.028
1 0.021 0.933 0.034 0.018
1 0.034 0.944 0.008 0.016
1 0.111 0.951 0.022 0.022
1 0.111 0.896 0.026 0.072
1 0.362 0.819 0.024 0.03
1 0.492 0.808 0.02 0.028
1 0.38 0.885 0.024 0.022
1 0.457 0.464 0.014 0.016
1 0.698 0.825 0.02 0.026
1 0.502 0.209 0.024 0.026
1 0.354 0.599 0.024 0.026
1 0.377 0.579 0.018 0.026
1 0.358 0.546 0.012 0.028
1 0.349 0.564 0.014 0.02
1 0.335 0.582 0.022 0.044
1 0.291 0.498 0.026 0.032
1 0.306 0.524 0.02 0.028
1 0.285 0.662 0.022 0.028
1 0.277 0.697 0.018 0.022
1 0.309 0.775 0.022 0.026
1 0.459 0.661 0.03 0.026
1 0.348 0.452 0.016 0.02
1 0.354 0.484 0.012 0.036
1 0.524 0.664 0.024 0.028
1 0.598 0.745 0.02 0.022
1 0.693 0.748 0.03 0.024
1 0.725 0.681 0.022 0.03
1 0.32 0.117 0.024 0.022
1 0.656 0.255 0.028 0.042
1 0.679 0.28 0.022 0.048
1 0.846 0.333 0.024 0.034
1 0.828 0.349 0.012 0.014
1 0.836 0.37 0.016 0.02
1 0.442 0.039 0.02 0.03
1 0.448 0.079 0.02 0.026
1 0.491 0.131 0.014 0.038
1 0.024 0.112 0.024 0.02
1 0.226 0.286 0.036 0.032
1 0.4 0.251 0.016 0.018
1 0.537 0.32 0.026 0.028
1 0.564 0.348 0.024 0.024
1 0.55 0.298 0.024 0.028
1 0.568 0.301 0.012 0.026
1 0.954 0.229 0.016 0.014
1 0.944 0.23 0.008 0.012
1 0.944 0.298 0.02 0.02
1 0.6 0.428 0.016 0.028
1 0.806 0.419 0.024 0.026
1 0.829 0.473 0.022 0.018
1 0.609 0.56 0.026 0.036
1 0.609 0.503 0.022 0.034
1 0.633 0.485 0.026 0.026
1 0.682 0.491 0.032 0.022
1 0.911 0.413 0.026 0.026
1 0.947 0.429 0.022 0.03
1 0.991 0.435 0.014 0.014
1 0.976 0.31 0.008 0.012
1 0.767 0.616 0.034 0.024
1 0.868 0.648 0.016 0.024
1 0.884 0.665 0.016 0.026
1 0.991 0.512 0.014 0.028
1 0.904 0.742 0.02 0.024
1 0.911 0.77 0.014 0.032
1 0.852 0.702 0.036 0.036
1 0.904 0.957 0.032 0.038
1 0.908 0.972 0.016 0.028
1 0.672 0.911 0.032 0.03
1 0.624 0.952 0.012 0.016
1 0.61 0.978 0.016 0.024
1 0.694 0.871 0.016 0.018
1 0.688 0.898 0.028 0.024
1 0.961 0.055 0.022 0.022
2 0.399 0.815 0.014 0.018
2 0.448 0.349 0.036 0.038
2 0.448 0.3 0.016 0.02
2 0.239 0.619 0.022 0.018
2 0.237 0.642 0.014 0.016
2 0.263 0.935 0.026 0.022
2 0.227 0.943 0.026 0.018
2 0.405 0.772 0.026 0.032
2 0.749 0.71 0.026 0.028
2 0.427 0.117 0.034 0.086
2 0.063 0.06 0.022 0.016
2 0.199 0.053 0.03 0.03
2 0.89 0.102 0.028 0.044
2 0.649 0.546 0.026 0.048
2 0.986 0.378 0.024 0.036
2 0.588 0.812 0.024 0.04