0 0.195 0.706 0.038 0.056
0 0.277 0.694 0.046 0.048
0 0.108 0.201 0.044 0.062
0 0.026 0.384 0.044 0.088
0 0.011 0.394 0.022 0.04
0 0.097 0.344 0.058 0.068
0 0.08 0.945 0.032 0.066
0 0.112 0.98 0.052 0.036
0 0.121 0.936 0.026 0.064
0 0.269 0.993 0.05 0.01
0 0.244 0.879 0.048 0.054
0 0.427 0.992 0.038 0.012
0 0.48 0.966 0.032 0.056
0 0.536 0.961 0.036 0.05
0 0.534 0.988 0.028 0.02
0 0.623 0.989 0.038 0.018
0 0.836 0.985 0.04 0.026
0 0.934 0.979 0.04 0.038
0 0.922 0.894 0.044 0.06
0 0.966 0.819 0.044 0.062
0 0.963 0.854 0.038 0.02
0 0.872 0.905 0.04 0.046
0 0.877 0.796 0.042 0.06
0 0.884 0.839 0.048 0.038
0 0.833 0.838 0.038 0.056
0 0.71 0.872 0.06 0.068
0 0.658 0.85 0.04 0.048
0 0.662 0.896 0.052 0.044
0 0.622 0.917 0.032 0.026
0 0.621 0.943 0.034 0.022
0 0.617 0.835 0.038 0.038
0 0.582 0.855 0.04 0.046
0 0.521 0.901 0.03 0.03
0 0.454 0.863 0.044 0.05
0 0.401 0.913 0.046 0.042
0 0.323 0.904 0.034 0.056
0 0.377 0.869 0.054 0.05
0 0.327 0.833 0.042 0.046
0 0.345 0.797 0.05 0.046
0 0.419 0.757 0.046 0.066
0 0.497 0.797 0.034 0.058
0 0.581 0.769 0.042 0.058
0 0.194 0.84 0.04 0.056
0 0.178 0.869 0.04 0.046
0 0.027 0.815 0.046 0.034
0 0.009 0.842 0.018 0.048
0 0.009 0.794 0.018 0.048
0 0.076 0.762 0.048 0.08
0 0.121 0.75 0.026 0.032
0 0.242 0.797 0.04 0.046
0 0.256 0.822 0.044 0.028
0 0.656 0.788 0.044 0.06
0 0.513 0.711 0.03 0.046
0 0.567 0.705 0.022 0.022
0 0.609 0.683 0.034 0.05
0 0.656 0.726 0.036 0.052
0 0.779 0.785 0.03 0.042
0 0.733 0.734 0.034 0.052
0 0.737 0.699 0.034 0.054
0 0.784 0.713 0.024 0.018
0 0.795 0.684 0.046 0.052
0 0.815 0.723 0.042 0.038
0 0.958 0.704 0.032 0.048
0 0.995 0.655 0.006 0.026
0 0.926 0.655 0.024 0.026
0 0.501 0.644 0.046 0.06
0 0.438 0.66 0.04 0.056
0 0.394 0.673 0.036 0.042
0 0.213 0.632 0.046 0.056
0 0.035 0.7 0.042 0.052
0 0.006 0.683 0.012 0.034
0 0.012 0.608 0.024 0.032
0 0.058 0.556 0.028 0.036
0 0.191 0.568 0.026 0.036
0 0.22 0.549 0.052 0.07
0 0.334 0.535 0.044 0.046
0 0.326 0.568 0.044 0.056
0 0.297 0.576 0.034 0.044
0 0.43 0.53 0.048 0.06
0 0.497 0.524 0.042 0.052
0 0.539 0.497 0.038 0.058
0 0.567 0.618 0.034 0.036
0 0.592 0.63 0.028 0.032
0 0.622 0.63 0.024 0.024
0 0.724 0.642 0.032 0.028
0 0.777 0.613 0.038 0.058
0 0.81 0.594 0.044 0.056
0 0.887 0.618 0.042 0.044
0 0.979 0.595 0.038 0.07
0 0.925 0.561 0.042 0.054
0 0.666 0.564 0.044 0.056
0 0.093 0.499 0.05 0.062
0 0.13 0.487 0.044 0.054
0 0.2 0.451 0.06 0.078
0 0.344 0.451 0.036 0.058
0 0.398 0.428 0.036 0.064
0 0.459 0.459 0.054 0.07
0 0.548 0.418 0.04 0.028
0 0.518 0.362 0.04 0.056
0 0.581 0.335 0.042 0.046
0 0.179 0.312 0.05 0.076
0 0.219 0.348 0.042 0.056
0 0.309 0.334 0.046 0.056
0 0.271 0.281 0.058 0.078
0 0.583 0.536 0.038 0.04
0 0.575 0.522 0.034 0.06
0 0.886 0.456 0.04 0.068
0 0.936 0.454 0.04 0.052
0 0.982 0.459 0.032 0.03
0 0.878 0.505 0.036 0.026
0 0.844 0.443 0.036 0.03
0 0.943 0.365 0.038 0.042
0 0.949 0.32 0.038 0.048
0 0.99 0.315 0.016 0.042
0 0.979 0.354 0.038 0.052
0 0.97 0.256 0.04 0.06
0 0.985 0.289 0.026 0.03
0 0.874 0.212 0.04 0.048
0 0.802 0.111 0.04 0.042
0 0.77 0.124 0.024 0.04
0 0.872 0.032 0.036 0.06
0 0.976 0.058 0.04 0.056
0 0.796 0.028 0.056 0.052
0 0.722 0.021 0.052 0.038
0 0.468 0.01 0.044 0.016
0 0.565 0.024 0.034 0.044
0 0.401 0.115 0.05 0.066
0 0.318 0.107 0.04 0.05
0 0.277 0.106 0.042 0.036
0 0.222 0.089 0.04 0.062
0 0.2 0.147 0.04 0.066
0 0.591 0.156 0.05 0.068
0 0.984 0.029 0.028 0.042
0 0.943 0.173 0.034 0.03
0 0.264 0.034 0.052 0.044
0 0.251 0.012 0.054 0.02
0 0.048 0.155 0.06 0.07
0 0.058 0.237 0.044 0.074
0 0.024 0.225 0.04 0.074
0 0.792 0.194 0.04 0.068
0 0.02 0.124 0.02 0.028
0 0.025 0.101 0.026 0.03
0 0.01 0.028 0.02 0.02
0 0.119 0.088 0.022 0.024
0 0.137 0.119 0.022 0.03
0 0.318 0.197 0.048 0.09
0 0.32 0.033 0.024 0.018
0 0.586 0.106 0.02 0.032
0 0.473 0.106 0.046 0.056
0 0.64 0.115 0.056 0.058
0 0.685 0.222 0.038 0.068
0 0.887 0.289 0.03 0.042
0 0.816 0.293 0.048 0.042
0 0.814 0.254 0.036 0.044
0 0.587 0.28 0.054 0.064
0 0.655 0.437 0.034 0.058
0 0.622 0.432 0.036 0.036
0 0.448 0.347 0.044 0.058
0 0.478 0.367 0.044 0.046
0 0.472 0.399 0.052 0.05
0 0.914 0.057 0.052 0.066
0 0.039 0.282 0.018 0.024
0 0.806 0.359 0.04 0.03
0 0.738 0.408 0.036 0.052
0 0.724 0.376 0.036 0.052
0 0.796 0.889 0.024 0.022
0 0.818 0.46 0.048 0.028
0 0.004 0.558 0.008 0.02
0 0.851 0.378 0.046 0.044
0 0.824 0.399 0.04 0.038
0 0.478 0.199 0.052 0.09
0 0.381 0.254 0.034 0.024
0 0.389 0.278 0.042 0.044
0 0.17 0.372 0.028 0.032
1 0.846 0.948 0.02 0.02
1 0.334 0.769 0.028 0.018
1 0.378 0.768 0.02 0.044
1 0.398 0.787 0.012 0.022
1 0.132 0.814 0.016 0.016
1 0.595 0.795 0.018 0.026
1 0.828 0.649 0.016 0.026
1 0.346 0.514 0.032 0.02
1 0.655 0.487 0.03 0.014
1 0.736 0.556 0.032 0.024
1 0.258 0.252 0.012 0.008
1 0.622 0.576 0.016 0.048
1 0.911 0.021 0.034 0.014
1 0.257 0.215 0.034 0.018
1 0.113 0.403 0.022 0.018
1 0.112 0.422 0.02 0.024
1 0.763 0.444 0.026 0.02
1 0.752 0.871 0.008 0.018
1 0.771 0.877 0.034 0.018
1 0.767 0.885 0.018 0.01
1 0.03 0.654 0.012 0.016
1 0.019 0.636 0.01 0.012
1 0.495 0.227 0.026 0.038
2 0.222 0.983 0.028 0.026
2 0.231 0.912 0.022 0.012
2 0.674 0.979 0.036 0.038
2 0.134 0.833 0.02 0.018
2 0.767 0.745 0.018 0.026
2 0.774 0.731 0.024 0.018
2 0.131 0.586 0.018 0.02
2 0.672 0.644 0.044 0.032
2 0.987 0.532 0.022 0.028
2 0.167 0.011 0.03 0.018
2 0.027 0.066 0.022 0.012
2 0.049 0.062 0.01 0.016
2 0.045 0.019 0.03 0.03
2 0.509 0.075 0.03 0.062
2 0.66 0.074 0.044 0.06
2 0.682 0.164 0.02 0.02
2 0.386 0.349 0.028 0.03
2 0.042 0.751 0.028 0.026
2 0.033 0.467 0.034 0.03
2 0.942 0.01 0.024 0.016
2 0.526 0.152 0.04 0.028
2 0.246 0.196 0.036 0.016
2 0.164 0.196 0.016 0.044
2 0.775 0.377 0.022 0.03
2 0.745 0.889 0.022 0.018
2 0.763 0.947 0.01 0.014
2 0.775 0.858 0.018 0.016
2 0.925 0.615 0.034 0.046
2 0.789 0.494 0.03 0.028
2 0.24 0.594 0.04 0.052
2 0.003 0.538 0.006 0.02
2 0.424 0.3 0.028 0.044
2 0.437 0.269 0.022 0.038
2 0.824 0.671 0.024 0.022
2 0.809 0.652 0.018 0.024
2 0.245 0.484 0.026 0.02
2 0.271 0.452 0.034 0.024