0 0.368 0.366 0.04 0.044
0 0.043 0.046 0.042 0.048
0 0.294 0.223 0.024 0.018
0 0.264 0.109 0.04 0.046
0 0.284 0.077 0.036 0.046
0 0.703 0.318 0.046 0.052
0 0.055 0.163 0.03 0.03
0 0.421 0.597 0.034 0.03
0 0.113 0.529 0.038 0.038
0 0.261 0.941 0.038 0.046
0 0.081 0.627 0.034 0.042
0 0.619 0.798 0.034 0.036
0 0.11 0.082 0.048 0.048
0 0.142 0.104 0.048 0.056
0 0.129 0.166 0.034 0.036
0 0.188 0.176 0.036 0.036
0 0.193 0.193 0.05 0.062
0 0.107 0.295 0.034 0.038
0 0.198 0.29 0.048 0.036
0 0.386 0.151 0.032 0.05
0 0.224 0.414 0.04 0.04
0 0.277 0.576 0.034 0.036
0 0.712 0.381 0.036 0.062
0 0.778 0.373 0.04 0.07
0 0.27 0.684 0.04 0.052
0 0.312 0.643 0.044 0.034
0 0.38 0.649 0.056 0.05
0 0.425 0.551 0.022 0.018
0 0.402 0.261 0.06 0.046
0 0.423 0.276 0.05 0.036
0 0.132 0.413 0.036 0.038
0 0.67 0.107 0.056 0.062
0 0.023 0.464 0.046 0.068
0 0.58 0.344 0.048 0.056
0 0.524 0.301 0.044 0.05
0 0.613 0.235 0.042 0.05
0 0.224 0.469 0.036 0.054
0 0.107 0.501 0.034 0.03
0 0.209 0.529 0.038 0.038
0 0.138 0.7 0.036 0.04
0 0.131 0.76 0.03 0.044
0 0.172 0.776 0.044 0.052
0 0.178 0.807 0.044 0.026
0 0.293 0.47 0.054 0.048
0 0.322 0.452 0.04 0.048
0 0.219 0.815 0.042 0.042
0 0.229 0.868 0.03 0.02
0 0.25 0.846 0.04 0.032
0 0.254 0.817 0.036 0.03
0 0.11 0.367 0.036 0.042
0 0.081 0.371 0.026 0.026
0 0.074 0.346 0.04 0.048
0 0.033 0.34 0.026 0.032
0 0.126 0.465 0.04 0.026
0 0.146 0.501 0.036 0.034
0 0.326 0.186 0.064 0.06
0 0.215 0.255 0.042 0.038
0 0.026 0.621 0.036 0.034
0 0.104 0.963 0.032 0.038
0 0.141 0.578 0.03 0.044
0 0.153 0.654 0.03 0.036
0 0.386 0.08 0.048 0.06
0 0.302 0.009 0.048 0.018
0 0.193 0.007 0.03 0.014
0 0.534 0.115 0.056 0.058
0 0.758 0.019 0.056 0.034
0 0.814 0.04 0.044 0.076
0 0.941 0.007 0.03 0.01
0 0.99 0.059 0.016 0.054
0 0.965 0.099 0.022 0.034
0 0.987 0.154 0.022 0.048
0 0.982 0.203 0.032 0.038
0 0.974 0.302 0.044 0.056
0 0.718 0.148 0.06 0.072
0 0.735 0.232 0.042 0.048
0 0.775 0.208 0.03 0.032
0 0.775 0.148 0.05 0.052
0 0.9 0.207 0.048 0.058
0 0.79 0.236 0.06 0.068
0 0.078 0.76 0.036 0.04
0 0.101 0.855 0.042 0.05
0 0.019 0.788 0.03 0.036
0 0.021 0.739 0.038 0.054
0 0.019 0.897 0.038 0.034
0 0.051 0.889 0.05 0.046
0 0.019 0.937 0.038 0.046
0 0.039 0.972 0.034 0.032
0 0.143 0.986 0.038 0.024
0 0.088 0.995 0.024 0.006
0 0.186 0.476 0.036 0.044
0 0.164 0.408 0.024 0.048
0 0.018 0.324 0.036 0.04
0 0.488 0.019 0.056 0.038
0 0.541 0.029 0.046 0.054
0 0.486 0.054 0.02 0.024
0 0.447 0.077 0.03 0.034
0 0.446 0.121 0.04 0.062
0 0.201 0.115 0.03 0.05
0 0.359 0.038 0.054 0.056
0 0.366 0.208 0.032 0.032
0 0.415 0.88 0.038 0.036
0 0.531 0.769 0.034 0.038
0 0.534 0.817 0.044 0.038
0 0.541 0.849 0.03 0.042
0 0.599 0.83 0.034 0.024
0 0.66 0.799 0.032 0.03
0 0.662 0.868 0.052 0.084
0 0.61 0.903 0.036 0.038
0 0.561 0.943 0.034 0.038
0 0.782 0.94 0.036 0.052
0 0.796 0.846 0.036 0.036
0 0.746 0.801 0.04 0.046
0 0.811 0.887 0.054 0.05
0 0.449 0.931 0.034 0.034
0 0.419 0.93 0.03 0.032
0 0.473 0.141 0.066 0.074
0 0.527 0.196 0.038 0.056
0 0.552 0.205 0.028 0.038
0 0.555 0.293 0.026 0.03
0 0.546 0.329 0.048 0.046
0 0.477 0.428 0.038 0.04
0 0.397 0.467 0.022 0.034
0 0.213 0.648 0.042 0.04
0 0.254 0.621 0.036 0.038
0 0.293 0.614 0.046 0.044
0 0.357 0.834 0.034 0.036
0 0.388 0.807 0.036 0.038
0 0.434 0.807 0.028 0.026
0 0.466 0.873 0.032 0.038
0 0.577 0.852 0.034 0.032
0 0.578 0.878 0.028 0.024
0 0.576 0.913 0.036 0.03
0 0.636 0.951 0.04 0.026
0 0.364 0.99 0.04 0.016
0 0.441 0.995 0.026 0.006
0 0.448 0.968 0.044 0.032
0 0.514 0.98 0.032 0.036
0 0.355 0.951 0.026 0.042
0 0.38 0.934 0.036 0.036
0 0.487 0.955 0.026 0.022
0 0.556 0.97 0.028 0.02
0 0.635 0.993 0.026 0.01
0 0.7 0.883 0.036 0.046
0 0.83 0.98 0.048 0.036
0 0.879 0.994 0.026 0.008
0 0.959 0.977 0.058 0.042
0 0.531 0.701 0.042 0.046
0 0.528 0.645 0.04 0.054
0 0.489 0.615 0.038 0.042
0 0.374 0.601 0.036 0.042
0 0.478 0.587 0.024 0.03
0 0.579 0.634 0.038 0.044
0 0.057 0.806 0.046 0.044
0 0.351 0.741 0.034 0.034
0 0.557 0.424 0.054 0.06
0 0.613 0.474 0.022 0.016
0 0.605 0.502 0.046 0.032
0 0.638 0.506 0.036 0.036
0 0.763 0.518 0.046 0.044
0 0.783 0.536 0.03 0.024
0 0.845 0.393 0.046 0.07
0 0.901 0.376 0.034 0.052
0 0.623 0.04 0.038 0.028
0 0.016 0.217 0.028 0.046
0 0.008 0.158 0.012 0.028
0 0.245 0.192 0.034 0.052
0 0.818 0.768 0.036 0.048
0 0.902 0.834 0.04 0.04
0 0.927 0.852 0.042 0.052
0 0.968 0.843 0.04 0.046
0 0.995 0.788 0.006 0.024
0 0.976 0.667 0.044 0.066
0 0.985 0.71 0.026 0.048
0 0.875 0.739 0.058 0.05
0 0.9 0.667 0.048 0.058
0 0.83 0.664 0.036 0.048
0 0.775 0.672 0.046 0.048
0 0.766 0.724 0.04 0.048
0 0.738 0.712 0.04 0.036
0 0.821 0.586 0.038 0.052
0 0.926 0.525 0.044 0.042
0 0.914 0.573 0.052 0.046
0 0.679 0.732 0.038 0.052
0 0.841 0.93 0.026 0.032
0 0.979 0.935 0.034 0.034
0 0.985 0.892 0.026 0.06
0 0.676 0.974 0.044 0.036
0 0.297 0.714 0.062 0.064
0 0.458 0.715 0.052 0.05
0 0.459 0.673 0.05 0.07
0 0.665 0.559 0.042 0.054
0 0.45 0.567 0.02 0.038
0 0.522 0.538 0.044 0.04
0 0.537 0.606 0.042 0.036
0 0.699 0.65 0.058 0.052
0 0.036 0.548 0.028 0.032
0 0.067 0.581 0.046 0.038
0 0.215 0.386 0.026 0.036
0 0.27 0.267 0.052 0.038
0 0.495 0.263 0.03 0.03
0 0.638 0.32 0.052 0.052
0 0.891 0.134 0.042 0.028
0 0.947 0.147 0.03 0.046
0 0.916 0.333 0.028 0.03
0 0.265 0.889 0.038 0.034
0 0.216 0.749 0.028 0.046
0 0.313 0.503 0.03 0.03
0 0.321 0.529 0.026 0.014
0 0.451 0.536 0.034 0.024
0 0.47 0.504 0.036 0.04
0 0.627 0.383 0.034 0.034
0 0.191 0.326 0.046 0.028
0 0.031 0.289 0.026 0.022
0 0.411 0.444 0.03 0.028
0 0.435 0.465 0.034 0.034
0 0.453 0.623 0.022 0.014
0 0.505 0.722 0.026 0.036
0 0.372 0.768 0.036 0.028
0 0.654 0.719 0.032 0.038
0 0.593 0.074 0.042 0.028
0 0.628 0.086 0.04 0.032
0 0.981 0.376 0.034 0.064
0 0.785 0.577 0.034 0.038
0 0.822 0.554 0.032 0.032
0 0.1 0.208 0.036 0.064
0 0.146 0.069 0.024 0.03
1 0.762 0.823 0.016 0.022
1 0.936 0.172 0.024 0.028
1 0.013 0.972 0.022 0.02
1 0.715 0.923 0.026 0.022
1 0.737 0.939 0.014 0.026
1 0.126 0.854 0.012 0.032
1 0.137 0.869 0.014 0.034
1 0.713 0.971 0.026 0.022
1 0.643 0.148 0.03 0.02
1 0.036 0.251 0.012 0.034
1 0.467 0.463 0.014 0.01
1 0.015 0.68 0.022 0.02
1 0.73 0.5 0.024 0.024
1 0.457 0.329 0.03 0.03
1 0.047 0.223 0.026 0.034
1 0.216 0.6 0.032 0.028
1 0.324 0.894 0.028 0.032
1 0.607 0.717 0.014 0.014
1 0.71 0.185 0.028 0.018
1 0.86 0.616 0.012 0.016
1 0.875 0.613 0.01 0.01
1 0.884 0.588 0.02 0.02
1 0.064 0.438 0.012 0.02
1 0.471 0.255 0.014 0.026
1 0.051 0.315 0.006 0.01
1 0.015 0.995 0.022 0.006
1 0.11 0.619 0.012 0.014
1 0.499 0.572 0.022 0.02
1 0.312 0.779 0.032 0.046
1 0.378 0.066 0.048 0.052
1 0.631 0.692 0.03 0.036
1 0.634 0.657 0.024 0.034
1 0.651 0.625 0.042 0.026
2 0.426 0.84 0.032 0.028
2 0.854 0.474 0.048 0.048
2 0.972 0.43 0.052 0.04
2 0.906 0.463 0.036 0.03
2 0.745 0.589 0.042 0.03
2 0.571 0.517 0.026 0.026
2 0.271 0.336 0.03 0.02
2 0.836 0.312 0.016 0.016
2 0.864 0.303 0.024 0.022
2 0.223 0.089 0.022 0.026
2 0.237 0.066 0.01 0.012
2 0.261 0.055 0.018 0.018
2 0.029 0.084 0.022 0.012
2 0.126 0.278 0.016 0.016
2 0.063 0.41 0.022 0.036
2 0.285 0.528 0.022 0.02
2 0.623 0.752 0.026 0.024
2 0.624 0.842 0.04 0.02
2 0.875 0.941 0.022 0.03
2 0.129 0.634 0.018 0.028
2 0.659 0.383 0.034 0.058
2 0.162 0.537 0.02 0.018
2 0.434 0.312 0.012 0.008
2 0.107 0.733 0.022 0.022
2 0.166 0.862 0.032 0.036
2 0.186 0.547 0.024 0.022
2 0.074 0.212 0.012 0.012
2 0.884 0.789 0.024 0.014
2 0.727 0.861 0.03 0.026
2 0.712 0.897 0.012 0.014
2 0.933 0.405 0.034 0.026
2 0.828 0.527 0.032 0.026
2 0.713 0.583 0.022 0.022
2 0.631 0.586 0.034 0.02
2 0.861 0.524 0.03 0.04
2 0.732 0.533 0.028 0.034
2 0.685 0.54 0.018 0.036
2 0.044 0.847 0.024 0.022
2 0.004 0.102 0.008 0.052
2 0.179 0.406 0.014 0.06
2 0.853 0.992 0.026 0.012
2 0.506 0.435 0.012 0.03
2 0.33 0.925 0.016 0.022
2 0.914 0.703 0.02 0.018
2 0.322 0.859 0.016 0.014
2 0.339 0.856 0.006 0.02
2 0.137 0.045 0.026 0.034