0 0.182 0.916 0.064 0.084
0 0.368 0.937 0.068 0.086
0 0.328 0.881 0.064 0.094
0 0.252 0.811 0.044 0.046
0 0.182 0.756 0.04 0.06
0 0.037 0.842 0.062 0.072
0 0.036 0.914 0.04 0.072
0 0.255 0.723 0.042 0.07
0 0.315 0.751 0.066 0.086
0 0.417 0.771 0.038 0.066
0 0.469 0.831 0.07 0.082
0 0.487 0.899 0.046 0.042
0 0.567 0.88 0.054 0.06
0 0.609 0.853 0.05 0.058
0 0.641 0.927 0.046 0.062
0 0.694 0.869 0.04 0.062
0 0.726 0.878 0.024 0.036
0 0.827 0.926 0.05 0.076
0 0.89 0.973 0.032 0.05
0 0.058 0.698 0.04 0.06
0 0.111 0.666 0.05 0.06
0 0.165 0.633 0.046 0.054
0 0.229 0.584 0.042 0.064
0 0.248 0.579 0.044 0.054
0 0.283 0.543 0.034 0.058
0 0.32 0.581 0.044 0.07
0 0.364 0.571 0.028 0.046
0 0.345 0.55 0.03 0.036
0 0.023 0.473 0.046 0.066
0 0.094 0.465 0.044 0.078
0 0.165 0.484 0.042 0.1
0 0.703 0.741 0.066 0.09
0 0.165 0.406 0.05 0.048
0 0.222 0.434 0.032 0.024
0 0.306 0.401 0.032 0.082
0 0.491 0.581 0.058 0.054
0 0.522 0.642 0.048 0.056
0 0.618 0.662 0.044 0.06
0 0.699 0.61 0.054 0.068
0 0.812 0.683 0.048 0.086
0 0.846 0.646 0.04 0.072
0 0.573 0.786 0.05 0.048
0 0.433 0.678 0.042 0.048
0 0.46 0.671 0.048 0.042
0 0.795 0.553 0.034 0.054
0 0.821 0.57 0.03 0.052
0 0.955 0.532 0.066 0.064
0 0.885 0.47 0.082 0.076
0 0.784 0.518 0.048 0.04
0 0.605 0.575 0.03 0.046
0 0.612 0.54 0.02 0.024
0 0.63 0.571 0.016 0.03
0 0.645 0.48 0.046 0.048
0 0.673 0.43 0.042 0.06
0 0.749 0.439 0.038 0.046
0 0.783 0.42 0.05 0.052
0 0.831 0.432 0.034 0.04
0 0.704 0.367 0.036 0.038
0 0.74 0.355 0.032 0.038
0 0.84 0.323 0.052 0.034
0 0.852 0.281 0.04 0.054
0 0.9 0.279 0.04 0.046
0 0.941 0.302 0.03 0.032
0 0.976 0.302 0.04 0.036
0 0.819 0.272 0.03 0.044
0 0.882 0.218 0.036 0.04
0 0.914 0.217 0.036 0.034
0 0.869 0.156 0.046 0.048
0 0.917 0.151 0.046 0.046
0 0.982 0.118 0.032 0.044
0 0.967 0.102 0.022 0.04
0 0.927 0.071 0.058 0.046
0 0.888 0.021 0.044 0.038
0 0.856 0.109 0.044 0.042
0 0.861 0.381 0.038 0.038
0 0.908 0.377 0.044 0.042
0 0.958 0.419 0.036 0.058
0 0.378 0.337 0.044 0.042
0 0.422 0.297 0.048 0.054
0 0.472 0.313 0.036 0.046
0 0.408 0.246 0.048 0.048
0 0.494 0.223 0.044 0.066
0 0.566 0.228 0.036 0.048
0 0.637 0.239 0.05 0.05
0 0.611 0.187 0.05 0.07
0 0.708 0.114 0.044 0.04
0 0.756 0.115 0.04 0.042
0 0.77 0.094 0.04 0.036
0 0.681 0.042 0.058 0.048
0 0.732 0.059 0.036 0.046
0 0.625 0.081 0.078 0.074
0 0.178 0.23 0.04 0.044
0 0.155 0.206 0.03 0.036
0 0.212 0.195 0.032 0.046
0 0.346 0.299 0.048 0.038
0 0.32 0.238 0.048 0.06
0 0.34 0.231 0.04 0.054
0 0.39 0.182 0.044 0.048
0 0.339 0.171 0.034 0.03
0 0.322 0.151 0.032 0.026
0 0.309 0.104 0.042 0.076
0 0.363 0.092 0.05 0.044
0 0.413 0.108 0.042 0.04
0 0.401 0.044 0.046 0.064
0 0.456 0.028 0.036 0.052
0 0.496 0.036 0.036 0.056
0 0.563 0.05 0.034 0.036
0 0.042 0.151 0.052 0.046
0 0.061 0.183 0.038 0.046
0 0.077 0.115 0.038 0.038
0 0.078 0.066 0.036 0.048
0 0.153 0.072 0.038 0.052
0 0.149 0.12 0.022 0.044
0 0.183 0.124 0.042 0.056
0 0.236 0.135 0.04 0.042
0 0.248 0.105 0.032 0.038
0 0.127 0.252 0.034 0.048
0 0.075 0.324 0.034 0.048
0 0.166 0.311 0.036 0.058
0 0.221 0.304 0.042 0.044
0 0.094 0.39 0.04 0.044
0 0.105 0.433 0.038 0.034
0 0.445 0.407 0.042 0.058
0 0.521 0.49 0.05 0.064
0 0.596 0.282 0.044 0.04
0 0.111 0.529 0.022 0.022
0 0.515 0.114 0.038 0.04
0 0.363 0.861 0.034 0.042
0 0.772 0.726 0.04 0.048
1 0.19 0.846 0.028 0.032
1 0.257 0.851 0.034 0.03
1 0.25 0.917 0.028 0.03
1 0.29 0.823 0.032 0.018
1 0.199 0.719 0.014 0.026
1 0.631 0.872 0.022 0.032
1 0.916 0.923 0.028 0.03
1 0.125 0.474 0.022 0.024
1 0.209 0.472 0.022 0.024
1 0.203 0.487 0.026 0.022
1 0.647 0.752 0.026 0.036
1 0.377 0.451 0.022 0.03
1 0.366 0.539 0.032 0.038
1 0.521 0.716 0.018 0.024
1 0.546 0.693 0.028 0.03
1 0.569 0.712 0.026 0.024
1 0.783 0.679 0.018 0.026
1 0.901 0.675 0.022 0.022
1 0.924 0.638 0.02 0.024
1 0.608 0.799 0.02 0.034
1 0.48 0.704 0.024 0.028
1 0.33 0.677 0.024 0.022
1 0.396 0.681 0.02 0.022
1 0.676 0.802 0.028 0.032
1 0.852 0.599 0.016 0.022
1 0.872 0.6 0.024 0.024
1 0.875 0.523 0.042 0.026
1 0.798 0.49 0.02 0.02
1 0.749 0.552 0.022 0.032
1 0.05 0.772 0.032 0.024
1 0.053 0.586 0.026 0.028
1 0.026 0.557 0.02 0.018
1 0.03 0.538 0.016 0.016
1 0.928 0.134 0.028 0.02
1 0.926 0.028 0.024 0.024
1 0.875 0.403 0.038 0.03
1 0.649 0.213 0.03 0.014
1 0.719 0.155 0.03 0.022
1 0.796 0.153 0.016 0.034
1 0.412 0.192 0.012 0.016
1 0.177 0.078 0.014 0.02
1 0.17 0.1 0.02 0.016
1 0.258 0.074 0.036 0.02
1 0.319 0.029 0.022 0.026
1 0.336 0.024 0.012 0.024
1 0.268 0.165 0.028 0.022
1 0.244 0.164 0.016 0.016
1 0.128 0.218 0.024 0.024
1 0.253 0.299 0.022 0.026
1 0.523 0.451 0.018 0.022
1 0.576 0.443 0.024 0.022
1 0.574 0.27 0.016 0.024
1 0.749 0.306 0.03 0.028
1 0.572 0.095 0.012 0.022
1 0.582 0.106 0.016 0.016
1 0.186 0.092 0.012 0.02
1 0.848 0.775 0.04 0.034
1 0.943 0.759 0.018 0.042
1 0.989 0.696 0.018 0.028
1 0.126 0.344 0.028 0.04
1 0.105 0.315 0.026 0.022
2 0.728 0.446 0.024 0.044
2 0.52 0.049 0.012 0.018
2 0.252 0.2 0.032 0.028
2 0.799 0.326 0.03 0.032
2 0.541 0.584 0.014 0.02
2 0.535 0.574 0.022 0.016
2 0.527 0.586 0.01 0.016
2 0.145 0.597 0.026 0.022
2 0.415 0.451 0.03 0.046
2 0.423 0.432 0.03 0.028
2 0.391 0.401 0.01 0.026
2 0.345 0.397 0.014 0.014
2 0.428 0.506 0.04 0.036
2 0.46 0.49 0.028 0.02
2 0.452 0.463 0.032 0.042
2 0.48 0.497 0.016 0.022
2 0.511 0.346 0.022 0.02
2 0.517 0.324 0.026 0.02
2 0.549 0.323 0.03 0.026
2 0.664 0.346 0.032 0.024
2 0.438 0.858 0.032 0.04
2 0.771 0.89 0.03 0.024
2 0.046 0.738 0.04 0.044
2 0.564 0.531 0.024 0.03
2 0.186 0.547 0.02 0.026
2 0.197 0.527 0.018 0.014