0 0.277 0.21 0.05 0.084
0 0.983 0.767 0.03 0.066
0 0.93 0.78 0.036 0.064
0 0.949 0.921 0.046 0.078
0 0.871 0.873 0.022 0.062
0 0.784 0.886 0.036 0.088
0 0.723 0.881 0.038 0.082
0 0.762 0.981 0.032 0.034
0 0.625 0.946 0.038 0.072
0 0.533 0.915 0.034 0.074
0 0.515 0.991 0.03 0.014
0 0.845 0.614 0.038 0.076
0 0.873 0.671 0.05 0.058
0 0.808 0.75 0.048 0.076
0 0.781 0.831 0.034 0.05
0 0.636 0.825 0.032 0.082
0 0.574 0.846 0.036 0.06
0 0.551 0.767 0.034 0.058
0 0.514 0.842 0.04 0.06
0 0.411 0.925 0.046 0.066
0 0.262 0.946 0.044 0.068
0 0.487 0.765 0.042 0.058
0 0.386 0.752 0.032 0.06
0 0.325 0.762 0.038 0.06
0 0.215 0.901 0.03 0.054
0 0.063 0.855 0.038 0.054
0 0.077 0.929 0.038 0.054
0 0.037 0.923 0.03 0.054
0 0.011 0.977 0.018 0.042
0 0.216 0.716 0.032 0.072
0 0.187 0.774 0.034 0.048
0 0.098 0.742 0.028 0.052
0 0.155 0.719 0.034 0.034
0 0.961 0.035 0.038 0.046
0 0.939 0.119 0.034 0.082
0 0.895 0.143 0.034 0.07
0 0.823 0.092 0.042 0.06
0 0.852 0.079 0.028 0.05
0 0.843 0.231 0.042 0.062
0 0.807 0.162 0.062 0.072
0 0.988 0.258 0.02 0.044
0 0.926 0.266 0.024 0.036
0 0.925 0.406 0.038 0.068
0 0.88 0.377 0.036 0.066
0 0.988 0.41 0.02 0.08
0 0.937 0.49 0.038 0.052
0 0.956 0.549 0.032 0.042
0 0.888 0.567 0.036 0.062
0 0.762 0.597 0.036 0.078
0 0.731 0.518 0.03 0.064
0 0.753 0.702 0.026 0.048
0 0.667 0.738 0.038 0.084
0 0.664 0.608 0.032 0.056
0 0.561 0.648 0.034 0.052
0 0.489 0.606 0.042 0.084
0 0.455 0.589 0.038 0.098
0 0.444 0.739 0.032 0.066
0 0.326 0.86 0.028 0.068
0 0.362 0.988 0.024 0.02
0 0.335 0.566 0.034 0.052
0 0.301 0.544 0.034 0.06
0 0.289 0.643 0.034 0.05
0 0.631 0.482 0.03 0.052
0 0.55 0.416 0.044 0.06
0 0.191 0.018 0.034 0.036
0 0.023 0.059 0.034 0.082
0 0.106 0.039 0.04 0.042
0 0.149 0.121 0.034 0.062
0 0.109 0.128 0.046 0.068
0 0.069 0.087 0.046 0.05
0 0.085 0.151 0.05 0.07
0 0.017 0.155 0.03 0.086
0 0.17 0.322 0.044 0.052
0 0.114 0.282 0.036 0.076
0 0.071 0.248 0.038 0.04
0 0.195 0.432 0.038 0.06
0 0.202 0.548 0.048 0.092
0 0.126 0.513 0.04 0.09
0 0.045 0.308 0.046 0.06
0 0.075 0.39 0.038 0.076
0 0.012 0.258 0.02 0.04
0 0.441 0.407 0.058 0.086
0 0.432 0.459 0.048 0.042
0 0.384 0.51 0.024 0.052
0 0.76 0.227 0.04 0.054
0 0.796 0.339 0.048 0.074
0 0.719 0.351 0.042 0.07
0 0.718 0.302 0.036 0.048
0 0.658 0.293 0.036 0.062
0 0.416 0.334 0.032 0.056
0 0.344 0.348 0.032 0.048
0 0.315 0.273 0.046 0.078
0 0.16 0.209 0.044 0.054
0 0.275 0.322 0.03 0.044
0 0.325 0.171 0.046 0.082
0 0.439 0.038 0.046 0.048
0 0.429 0.072 0.022 0.044
0 0.483 0.163 0.038 0.07
0 0.565 0.188 0.05 0.064
0 0.55 0.277 0.028 0.05
0 0.504 0.253 0.036 0.03
0 0.034 0.957 0.032 0.034
1 0.671 0.988 0.022 0.02
1 0.549 0.954 0.018 0.02
1 0.435 0.993 0.022 0.01
1 0.821 0.706 0.018 0.032
1 0.739 0.798 0.018 0.024
1 0.66 0.813 0.024 0.018
1 0.612 0.819 0.02 0.026
1 0.478 0.883 0.028 0.038
1 0.35 0.877 0.024 0.026
1 0.342 0.931 0.02 0.018
1 0.331 0.924 0.014 0.012
1 0.5 0.715 0.02 0.018
1 0.396 0.831 0.036 0.03
1 0.384 0.89 0.012 0.028
1 0.256 0.848 0.02 0.024
1 0.154 0.879 0.016 0.022
1 0.048 0.707 0.036 0.022
1 0.012 0.761 0.02 0.034
1 0.155 0.692 0.026 0.024
1 0.112 0.641 0.028 0.03
1 0.136 0.67 0.024 0.032
1 0.263 0.751 0.022 0.034
1 0.95 0.074 0.028 0.016
1 0.819 0.033 0.022 0.022
1 0.854 0.053 0.02 0.022
1 0.573 0.633 0.026 0.022
1 0.566 0.695 0.024 0.026
1 0.671 0.643 0.026 0.026
1 0.688 0.634 0.02 0.044
1 0.455 0.506 0.022 0.02
1 0.424 0.548 0.028 0.032
1 0.381 0.694 0.026 0.024
1 0.398 0.651 0.02 0.022
1 0.379 0.665 0.01 0.014
1 0.424 0.737 0.016 0.03
1 0.245 0.614 0.014 0.036
1 0.841 0.436 0.022 0.032
1 0.817 0.433 0.018 0.026
1 0.973 0.51 0.022 0.036
1 0.965 0.64 0.022 0.024
1 0.846 0.557 0.028 0.038
1 0.882 0.495 0.028 0.034
1 0.922 0.526 0.012 0.028
1 0.639 0.447 0.022 0.026
1 0.667 0.458 0.022 0.028
1 0.658 0.434 0.02 0.024
1 0.663 0.42 0.014 0.02
1 0.573 0.491 0.022 0.03
1 0.214 0.02 0.016 0.024
1 0.049 0.031 0.018 0.026
1 0.123 0.344 0.018 0.02
1 0.107 0.335 0.022 0.018
1 0.104 0.327 0.024 0.018
1 0.074 0.274 0.02 0.016
1 0.228 0.552 0.016 0.016
1 0.039 0.222 0.014 0.02
1 0.029 0.228 0.014 0.016
1 0.088 0.545 0.044 0.042
1 0.016 0.492 0.028 0.048
1 0.07 0.495 0.044 0.042
1 0.397 0.464 0.018 0.024
1 0.325 0.505 0.026 0.022
1 0.706 0.202 0.016 0.024
1 0.711 0.227 0.022 0.026
1 0.704 0.254 0.012 0.024
1 0.714 0.249 0.016 0.014
1 0.65 0.503 0.016 0.034
1 0.189 0.198 0.014 0.02
1 0.233 0.134 0.05 0.016
1 0.206 0.194 0.012 0.02
1 0.219 0.196 0.014 0.02
1 0.207 0.116 0.03 0.036
1 0.32 0.101 0.044 0.03
1 0.356 0.07 0.028 0.024
1 0.383 0.06 0.03 0.036
1 0.771 0.081 0.01 0.034
1 0.702 0.072 0.024 0.04
1 0.72 0.063 0.024 0.038
1 0.553 0.071 0.026 0.022
1 0.517 0.135 0.026 0.026
1 0.378 0.228 0.02 0.02
1 0.672 0.255 0.02 0.034
1 0.661 0.244 0.026 0.028
1 0.661 0.01 0.014 0.02
1 0.528 0.113 0.016 0.022
1 0.52 0.107 0.016 0.026
1 0.637 0.164 0.018 0.036
1 0.49 0.09 0.012 0.028
1 0.465 0.1 0.026 0.032
1 0.654 0.019 0.012 0.038
1 0.68 0.066 0.024 0.036
1 0.718 0.104 0.032 0.028
1 0.259 0.011 0.022 0.022
2 0.921 0.852 0.022 0.024
2 0.919 0.88 0.01 0.024
2 0.93 0.879 0.008 0.026
2 0.682 0.942 0.02 0.036
2 0.577 0.987 0.014 0.022
2 0.596 0.883 0.02 0.026
2 0.597 0.905 0.014 0.022
2 0.138 0.83 0.02 0.036
2 0.992 0.108 0.012 0.02
2 0.993 0.115 0.01 0.014
2 0.957 0.368 0.026 0.028
2 0.301 0.832 0.018 0.028
2 0.975 0.602 0.026 0.04
2 0.97 0.576 0.02 0.012
2 0.941 0.615 0.01 0.018
2 0.936 0.675 0.008 0.01
2 0.345 0.464 0.018 0.028
2 0.332 0.523 0.028 0.022
2 0.513 0.481 0.018 0.026
2 0.54 0.495 0.032 0.046
2 0.617 0.082 0.022 0.036
2 0.604 0.049 0.028 0.038
2 0.445 0.141 0.026 0.03
2 0.435 0.124 0.014 0.024
2 0.471 0.091 0.026 0.034
2 0.487 0.114 0.014 0.02
2 0.474 0.072 0.024 0.012
2 0.395 0.16 0.022 0.044
2 0.611 0.328 0.014 0.012
2 0.783 0.449 0.018 0.026
2 0.722 0.451 0.012 0.014
2 0.608 0.651 0.012 0.05
2 0.497 0.299 0.014 0.014
2 0.965 0.181 0.022 0.026
2 0.776 0.28 0.016 0.016
2 0.765 0.266 0.01 0.02
2 0.786 0.238 0.012 0.06
2 0.858 0.401 0.012 0.018
2 0.871 0.432 0.014 0.032
2 0.654 0.541 0.012 0.022
2 0.644 0.53 0.012 0.012
2 0.652 0.525 0.008 0.01