0 0.207 0.241 0.038 0.114
0 0.075 0.258 0.034 0.052
0 0.107 0.212 0.03 0.048
0 0.131 0.245 0.038 0.046
0 0.039 0.22 0.046 0.096
0 0.061 0.328 0.03 0.052
0 0.134 0.374 0.036 0.08
0 0.017 0.466 0.034 0.072
0 0.085 0.596 0.03 0.04
0 0.195 0.597 0.038 0.058
0 0.142 0.677 0.036 0.038
0 0.251 0.736 0.03 0.048
0 0.27 0.741 0.048 0.102
0 0.296 0.729 0.036 0.042
0 0.344 0.643 0.036 0.038
0 0.401 0.622 0.034 0.06
0 0.451 0.611 0.03 0.07
0 0.4 0.75 0.032 0.056
0 0.529 0.726 0.034 0.068
0 0.628 0.703 0.028 0.05
0 0.581 0.794 0.03 0.06
0 0.614 0.822 0.028 0.036
0 0.703 0.798 0.034 0.044
0 0.647 0.853 0.026 0.066
0 0.657 0.889 0.03 0.05
0 0.394 0.964 0.04 0.032
0 0.377 0.99 0.038 0.016
0 0.47 0.912 0.028 0.056
0 0.447 0.975 0.034 0.026
0 0.27 0.918 0.04 0.052
0 0.445 0.821 0.026 0.054
0 0.452 0.858 0.032 0.044
0 0.514 0.901 0.024 0.046
0 0.223 0.324 0.03 0.064
0 0.161 0.325 0.046 0.054
0 0.364 0.368 0.044 0.056
0 0.398 0.321 0.032 0.046
0 0.439 0.387 0.034 0.05
0 0.486 0.426 0.04 0.064
0 0.533 0.394 0.026 0.052
0 0.641 0.392 0.03 0.048
0 0.621 0.458 0.026 0.056
0 0.627 0.523 0.038 0.05
0 0.696 0.469 0.028 0.046
0 0.764 0.44 0.028 0.052
0 0.829 0.392 0.03 0.048
0 0.926 0.373 0.036 0.054
0 0.928 0.416 0.032 0.04
0 0.924 0.477 0.032 0.042
0 0.853 0.488 0.03 0.04
0 0.965 0.477 0.026 0.062
0 0.863 0.588 0.038 0.06
0 0.819 0.566 0.034 0.06
0 0.654 0.611 0.032 0.05
0 0.666 0.663 0.032 0.038
0 0.759 0.632 0.03 0.048
0 0.819 0.629 0.026 0.062
0 0.83 0.696 0.036 0.064
0 0.877 0.704 0.034 0.064
0 0.887 0.731 0.03 0.05
0 0.986 0.63 0.024 0.052
0 0.969 0.703 0.026 0.038
0 0.904 0.802 0.032 0.052
0 0.925 0.827 0.026 0.054
0 0.963 0.874 0.042 0.036
0 0.942 0.907 0.032 0.034
0 0.751 0.896 0.03 0.04
0 0.736 0.95 0.04 0.048
0 0.672 0.96 0.032 0.048
0 0.644 0.962 0.032 0.052
0 0.577 0.959 0.03 0.046
0 0.587 0.933 0.03 0.038
0 0.624 0.979 0.032 0.038
0 0.628 0.939 0.024 0.042
0 0.364 0.888 0.028 0.036
0 0.385 0.863 0.038 0.042
0 0.381 0.818 0.03 0.052
0 0.236 0.883 0.036 0.054
0 0.239 0.921 0.026 0.026
0 0.289 0.851 0.022 0.038
0 0.008 0.939 0.016 0.038
0 0.067 0.949 0.026 0.042
0 0.092 0.952 0.024 0.044
0 0.029 0.875 0.03 0.038
0 0.026 0.783 0.032 0.038
0 0.032 0.813 0.032 0.038
0 0.05 0.848 0.032 0.056
0 0.068 0.827 0.036 0.054
0 0.099 0.81 0.05 0.068
0 0.286 0.659 0.036 0.038
0 0.281 0.689 0.03 0.034
0 0.403 0.696 0.026 0.04
0 0.022 0.136 0.036 0.08
0 0.017 0.189 0.03 0.03
0 0.154 0.113 0.028 0.054
0 0.176 0.141 0.032 0.046
0 0.184 0.16 0.036 0.036
0 0.142 0.016 0.04 0.028
0 0.234 0.057 0.04 0.09
0 0.26 0.018 0.036 0.036
0 0.32 0.06 0.028 0.052
0 0.388 0.067 0.044 0.05
0 0.404 0.082 0.028 0.044
0 0.442 0.043 0.028 0.046
0 0.515 0.036 0.042 0.052
0 0.478 0.132 0.032 0.04
0 0.562 0.1 0.036 0.072
0 0.646 0.098 0.032 0.052
0 0.679 0.118 0.034 0.072
0 0.61 0.205 0.028 0.07
0 0.631 0.301 0.026 0.082
0 0.69 0.283 0.04 0.074
0 0.669 0.334 0.05 0.044
0 0.573 0.282 0.038 0.036
0 0.699 0.214 0.03 0.048
0 0.762 0.25 0.028 0.048
0 0.751 0.327 0.026 0.05
0 0.691 0.372 0.034 0.084
0 0.348 0.202 0.032 0.052
0 0.381 0.181 0.034 0.058
0 0.398 0.17 0.032 0.056
0 0.396 0.222 0.024 0.04
0 0.477 0.242 0.034 0.052
0 0.895 0.014 0.042 0.028
0 0.915 0.018 0.022 0.032
0 0.98 0.028 0.036 0.056
0 0.806 0.03 0.056 0.056
0 0.921 0.066 0.038 0.064
0 0.895 0.081 0.046 0.07
0 0.992 0.161 0.012 0.042
0 0.848 0.217 0.032 0.038
0 0.886 0.208 0.032 0.04
0 0.889 0.237 0.03 0.042
0 0.97 0.229 0.028 0.046
0 0.957 0.306 0.034 0.036
0 0.983 0.296 0.022 0.048
0 0.989 0.378 0.018 0.06
0 0.985 0.441 0.026 0.054
0 0.966 0.536 0.044 0.048
0 0.871 0.533 0.038 0.058
0 0.695 0.618 0.026 0.044
0 0.696 0.589 0.032 0.034
0 0.533 0.133 0.03 0.054
0 0.461 0.182 0.03 0.044
0 0.472 0.198 0.028 0.036
0 0.749 0.05 0.042 0.096
0 0.779 0.065 0.038 0.062
0 0.776 0.103 0.024 0.038
0 0.786 0.292 0.032 0.044
0 0.384 0.283 0.028 0.054
0 0.264 0.324 0.028 0.04
0 0.271 0.452 0.03 0.048
0 0.449 0.51 0.03 0.044
0 0.491 0.517 0.03 0.054
0 0.309 0.518 0.026 0.028
0 0.339 0.501 0.034 0.038
0 0.286 0.561 0.052 0.062
0 0.127 0.761 0.05 0.066
0 0.138 0.812 0.024 0.048
0 0.184 0.493 0.06 0.07
0 0.224 0.579 0.032 0.058
0 0.766 0.805 0.036 0.046
0 0.771 0.773 0.026 0.03
0 0.913 0.674 0.038 0.064
0 0.081 0.444 0.054 0.068
0 0.068 0.48 0.04 0.028
0 0.387 0.416 0.042 0.056
0 0.017 0.692 0.034 0.108
0 0.045 0.68 0.05 0.072
0 0.057 0.014 0.038 0.028
0 0.254 0.249 0.044 0.066
0 0.274 0.18 0.044 0.036
0 0.46 0.093 0.028 0.042
0 0.509 0.237 0.038 0.062
0 0.76 0.181 0.04 0.098
0 0.938 0.207 0.028 0.058
0 0.923 0.199 0.022 0.046
0 0.885 0.386 0.03 0.064
0 0.599 0.13 0.038 0.088
0 0.592 0.012 0.02 0.024
0 0.427 0.204 0.026 0.064
0 0.666 0.709 0.024 0.05
0 0.651 0.71 0.022 0.028
0 0.197 0.54 0.046 0.024
0 0.296 0.942 0.024 0.056
0 0.314 0.989 0.036 0.018
0 0.222 0.922 0.024 0.032
0 0.738 0.989 0.032 0.018
0 0.804 0.981 0.044 0.034
0 0.854 0.983 0.052 0.03
0 0.934 0.962 0.048 0.072
0 0.995 0.913 0.006 0.042
0 0.987 0.992 0.022 0.016
0 0.984 0.757 0.028 0.034
0 0.57 0.33 0.024 0.04
0 0.505 0.376 0.022 0.04
0 0.86 0.147 0.044 0.074
0 0.732 0.099 0.028 0.042
0 0.549 0.853 0.046 0.042
0 0.712 0.005 0.02 0.01
0 0.904 0.992 0.012 0.012
0 0.355 0.46 0.058 0.036
1 0.105 0.546 0.026 0.032
1 0.349 0.851 0.022 0.038
1 0.507 0.94 0.026 0.032
1 0.527 0.675 0.026 0.026
1 0.491 0.654 0.026 0.028
1 0.205 0.123 0.03 0.034
1 0.057 0.051 0.038 0.034
1 0.221 0.16 0.038 0.016
1 0.284 0.245 0.02 0.022
1 0.258 0.166 0.02 0.024
1 0.3 0.288 0.012 0.048
1 0.473 0.342 0.018 0.02
1 0.562 0.247 0.028 0.022
1 0.591 0.328 0.022 0.028
1 0.646 0.445 0.02 0.022
1 0.346 0.524 0.02 0.024
1 0.51 0.649 0.016 0.034
1 0.065 0.393 0.026 0.026
1 0.722 0.37 0.012 0.024
1 0.434 0.481 0.016 0.018
1 0.432 0.08 0.016 0.016
1 0.455 0.064 0.014 0.012
1 0.475 0.273 0.042 0.026
1 0.044 0.572 0.024 0.02
1 0.161 0.555 0.026 0.018
1 0.078 0.665 0.02 0.026
1 0.205 0.812 0.014 0.016
1 0.013 0.905 0.014 0.026
1 0.4 0.834 0.016 0.016
1 0.233 0.476 0.018 0.036
1 0.793 0.498 0.018 0.032
1 0.843 0.518 0.026 0.016
1 0.954 0.673 0.016 0.038
1 0.849 0.781 0.022 0.03
1 0.848 0.831 0.016 0.018
1 0.838 0.888 0.02 0.028
1 0.856 0.88 0.016 0.028
1 0.772 0.836 0.02 0.02
1 0.805 0.931 0.018 0.038
1 0.481 0.595 0.03 0.022
1 0.167 0.696 0.022 0.02
1 0.129 0.541 0.022 0.038
1 0.158 0.581 0.036 0.018
1 0.248 0.425 0.028 0.03
1 0.777 0.229 0.014 0.03
1 0.82 0.337 0.036 0.018
1 0.761 0.119 0.022 0.026
1 0.981 0.085 0.034 0.022
1 0.835 0.044 0.018 0.028
1 0.403 0.286 0.018 0.024
1 0.241 0.945 0.018 0.022
1 0.643 0.484 0.022 0.024
1 0.284 0.126 0.02 0.016
1 0.467 0.305 0.022 0.03
1 0.528 0.194 0.016 0.02
1 0.82 0.2 0.028 0.028
1 0.462 0.951 0.016 0.022
1 0.352 0.585 0.024 0.034
1 0.432 0.655 0.024 0.026
1 0.649 0.744 0.022 0.02
1 0.679 0.817 0.022 0.034
1 0.668 0.386 0.016 0.024
1 0.863 0.363 0.026 0.022
1 0.7 0.159 0.024 0.03
1 0.718 0.528 0.032 0.032
1 0.725 0.57 0.014 0.032
1 0.742 0.578 0.012 0.028
1 0.353 0.29 0.026 0.02
1 0.224 0.662 0.016 0.024
1 0.55 0.826 0.024 0.028
1 0.737 0.603 0.014 0.03
1 0.468 0.789 0.012 0.022
1 0.48 0.79 0.016 0.016
1 0.478 0.802 0.012 0.008
1 0.522 0.58 0.024 0.028
1 0.54 0.554 0.028 0.044
2 0.3 0.495 0.052 0.034
2 0.163 0.845 0.042 0.022
2 0.183 0.892 0.034 0.052
2 0.214 0.431 0.032 0.034
2 0.423 0.44 0.038 0.032
2 0.215 0.387 0.05 0.038
2 0.165 0.058 0.018 0.032
2 0.318 0.967 0.02 0.01
2 0.365 0.012 0.03 0.024
2 0.787 0.002 0.022 0.004
2 0.566 0.18 0.016 0.028
2 0.647 0.144 0.01 0.016
2 0.353 0.164 0.01 0.02
2 0.204 0.718 0.008 0.012
2 0.585 0.994 0.022 0.008
2 0.534 0.932 0.016 0.028
2 0.553 0.889 0.01 0.01
2 0.59 0.88 0.008 0.024
2 0.72 0.856 0.02 0.012
2 0.758 0.723 0.016 0.006
2 0.849 0.445 0.014 0.034
2 0.973 0.379 0.01 0.018
2 0.952 0.418 0.016 0.012
2 0.552 0.803 0.008 0.014
2 0.556 0.778 0.004 0.012
2 0.419 0.52 0.014 0.008
2 0.599 0.444 0.018 0.024
2 0.858 0.289 0.008 0.01
2 0.037 0.546 0.014 0.012
2 0.012 0.553 0.004 0.01
2 0.216 0.852 0.008 0.008
2 0.224 0.841 0.008 0.01
2 0.221 0.987 0.01 0.022