0 0.075 0.01 0.046 0.02
0 0.045 0.023 0.022 0.038
0 0.108 0.049 0.036 0.054
0 0.212 0.014 0.044 0.028
0 0.29 0.009 0.044 0.018
0 0.182 0.071 0.048 0.074
0 0.227 0.061 0.03 0.05
0 0.219 0.085 0.022 0.026
0 0.284 0.037 0.028 0.018
0 0.332 0.043 0.044 0.078
0 0.302 0.101 0.052 0.062
0 0.444 0.006 0.04 0.012
0 0.485 0.012 0.038 0.024
0 0.461 0.047 0.022 0.038
0 0.536 0.002 0.02 0.004
0 0.527 0.029 0.042 0.054
0 0.619 0.023 0.042 0.046
0 0.677 0.004 0.038 0.008
0 0.724 0.014 0.04 0.028
0 0.775 0.008 0.034 0.016
0 0.824 0.03 0.024 0.028
0 0.849 0.036 0.034 0.072
0 0.882 0.011 0.044 0.022
0 0.933 0.039 0.046 0.078
0 0.997 0.01 0.002 0.016
0 0.991 0.079 0.014 0.042
0 0.993 0.108 0.01 0.044
0 0.851 0.129 0.042 0.078
0 0.803 0.077 0.054 0.066
0 0.768 0.153 0.088 0.058
0 0.692 0.069 0.064 0.082
0 0.658 0.156 0.028 0.024
0 0.633 0.146 0.05 0.044
0 0.603 0.16 0.022 0.024
0 0.577 0.143 0.05 0.046
0 0.57 0.185 0.048 0.038
0 0.522 0.105 0.032 0.054
0 0.465 0.101 0.042 0.046
0 0.464 0.151 0.024 0.03
0 0.455 0.142 0.038 0.04
0 0.432 0.124 0.036 0.04
0 0.403 0.068 0.062 0.08
0 0.41 0.102 0.048 0.04
0 0.376 0.12 0.052 0.068
0 0.261 0.166 0.038 0.06
0 0.277 0.133 0.018 0.03
0 0.174 0.153 0.068 0.094
0 0.085 0.104 0.042 0.044
0 0.035 0.097 0.046 0.046
0 0.007 0.049 0.014 0.042
0 0.016 0.133 0.032 0.054
0 0.011 0.192 0.022 0.056
0 0.148 0.209 0.032 0.066
0 0.005 0.248 0.01 0.052
0 0.116 0.261 0.052 0.062
0 0.158 0.285 0.044 0.046
0 0.058 0.311 0.036 0.042
0 0.21 0.273 0.04 0.042
0 0.258 0.259 0.032 0.038
0 0.352 0.215 0.068 0.062
0 0.382 0.251 0.048 0.046
0 0.421 0.186 0.042 0.068
0 0.463 0.198 0.046 0.044
0 0.538 0.231 0.044 0.054
0 0.584 0.241 0.036 0.046
0 0.618 0.228 0.048 0.068
0 0.644 0.248 0.052 0.064
0 0.675 0.218 0.042 0.06
0 0.941 0.207 0.058 0.058
0 0.92 0.269 0.052 0.066
0 0.995 0.322 0.006 0.036
0 0.843 0.308 0.058 0.06
0 0.913 0.322 0.038 0.044
0 0.905 0.34 0.046 0.032
0 0.781 0.325 0.042 0.038
0 0.776 0.347 0.048 0.034
0 0.657 0.292 0.022 0.024
0 0.675 0.315 0.038 0.038
0 0.634 0.357 0.052 0.054
0 0.597 0.368 0.038 0.052
0 0.561 0.332 0.038 0.052
0 0.536 0.316 0.048 0.052
0 0.487 0.321 0.022 0.026
0 0.472 0.287 0.024 0.034
0 0.461 0.31 0.034 0.036
0 0.47 0.347 0.044 0.034
0 0.276 0.338 0.032 0.04
0 0.04 0.46 0.052 0.072
0 0.07 0.457 0.024 0.054
0 0.041 0.514 0.062 0.06
0 0.04 0.555 0.064 0.054
0 0.223 0.465 0.074 0.082
0 0.227 0.4 0.042 0.084
0 0.32 0.437 0.08 0.098
0 0.391 0.443 0.026 0.026
0 0.54 0.452 0.032 0.04
0 0.979 0.361 0.038 0.042
0 0.979 0.403 0.038 0.05
0 0.971 0.394 0.038 0.044
0 0.904 0.421 0.04 0.038
0 0.88 0.397 0.036 0.038
0 0.909 0.488 0.038 0.092
0 0.869 0.504 0.046 0.072
0 0.847 0.459 0.022 0.03
0 0.875 0.455 0.042 0.034
0 0.761 0.425 0.034 0.05
0 0.725 0.495 0.022 0.034
0 0.654 0.519 0.072 0.106
0 0.106 0.564 0.056 0.1
0 0.137 0.598 0.062 0.088
0 0.207 0.586 0.07 0.108
0 0.177 0.561 0.038 0.046
0 0.154 0.54 0.044 0.052
0 0.443 0.518 0.042 0.068
0 0.474 0.522 0.032 0.044
0 0.003 0.967 0.006 0.042
0 0.053 0.963 0.054 0.058
0 0.092 0.986 0.04 0.024
0 0.112 0.935 0.06 0.062
0 0.212 0.913 0.044 0.046
0 0.048 0.892 0.028 0.024
0 0.316 0.993 0.028 0.01
0 0.329 0.968 0.046 0.06
0 0.374 0.982 0.052 0.032
0 0.369 0.917 0.022 0.022
0 0.46 0.943 0.024 0.034
0 0.51 0.965 0.052 0.066
0 0.548 0.961 0.024 0.034
0 0.578 0.958 0.04 0.052
0 0.613 0.943 0.054 0.078
0 0.624 0.987 0.04 0.022
0 0.673 0.974 0.034 0.048
0 0.984 0.986 0.028 0.024
0 0.994 0.957 0.008 0.034
0 0.991 0.92 0.014 0.028
0 0.994 0.865 0.008 0.05
0 0.982 0.859 0.024 0.022
0 0.898 0.895 0.048 0.062
0 0.837 0.895 0.042 0.042
0 0.824 0.878 0.068 0.052
0 0.784 0.867 0.052 0.058
0 0.842 0.818 0.068 0.068
0 0.895 0.806 0.062 0.064
0 0.924 0.809 0.036 0.054
0 0.99 0.786 0.016 0.032
0 0.751 0.841 0.026 0.03
0 0.742 0.828 0.024 0.024
0 0.703 0.831 0.042 0.058
0 0.639 0.855 0.03 0.026
0 0.671 0.815 0.05 0.042
0 0.655 0.802 0.062 0.076
0 0.525 0.88 0.062 0.064
0 0.489 0.875 0.03 0.018
0 0.494 0.835 0.048 0.05
0 0.437 0.805 0.034 0.03
0 0.375 0.852 0.07 0.076
0 0.358 0.827 0.036 0.034
0 0.216 0.799 0.048 0.058
0 0.199 0.812 0.018 0.032
0 0.129 0.837 0.05 0.046
0 0.016 0.721 0.032 0.054
0 0.005 0.68 0.01 0.024
0 0.169 0.659 0.046 0.058
0 0.035 0.613 0.022 0.038
0 0.043 0.634 0.026 0.024
0 0.299 0.656 0.034 0.052
0 0.281 0.706 0.066 0.076
0 0.342 0.752 0.024 0.04
0 0.358 0.765 0.02 0.034
0 0.509 0.742 0.034 0.06
0 0.437 0.696 0.078 0.08
0 0.441 0.634 0.058 0.056
0 0.445 0.591 0.046 0.05
0 0.405 0.648 0.054 0.084
0 0.295 0.526 0.03 0.032
0 0.301 0.556 0.038 0.024
0 0.326 0.582 0.048 0.06
0 0.375 0.609 0.046 0.054
0 0.994 0.585 0.008 0.022
0 0.953 0.665 0.026 0.026
0 0.904 0.631 0.04 0.05
0 0.947 0.634 0.042 0.044
0 0.963 0.605 0.05 0.034
0 0.891 0.583 0.046 0.038
0 0.876 0.741 0.044 0.066
0 0.779 0.71 0.054 0.056
0 0.823 0.663 0.03 0.026
0 0.578 0.686 0.06 0.072
0 0.536 0.689 0.036 0.046
0 0.625 0.614 0.086 0.096
0 0.649 0.646 0.034 0.044
0 0.713 0.594 0.046 0.06
0 0.71 0.665 0.04 0.026
0 0.796 0.572 0.064 0.096
0 0.845 0.586 0.05 0.064
0 0.805 0.627 0.054 0.038
0 0.388 0.327 0.064 0.066
0 0.376 0.369 0.048 0.046
0 0.41 0.37 0.044 0.056
0 0.384 0.364 0.024 0.016
1 0.222 0.236 0.032 0.024
1 0.333 0.382 0.022 0.028
1 0.823 0.427 0.034 0.03
1 0.106 0.905 0.036 0.018
1 0.156 0.895 0.02 0.022
1 0.005 0.81 0.01 0.04
1 0.292 0.182 0.016 0.056
1 0.023 0.163 0.018 0.018
1 0.031 0.267 0.034 0.022
1 0.726 0.233 0.032 0.014
1 0.144 0.342 0.02 0.024
1 0.171 0.343 0.034 0.03
1 0.077 0.333 0.026 0.026
1 0.947 0.435 0.038 0.022
1 0.924 0.409 0.024 0.018
1 0.616 0.562 0.02 0.024
1 0.185 0.925 0.034 0.022
1 0.717 0.943 0.018 0.026
1 0.696 0.894 0.016 0.032
1 0.788 0.807 0.028 0.026
1 0.729 0.776 0.014 0.016
1 0.222 0.683 0.032 0.018
1 0.307 0.508 0.014 0.016
1 0.532 0.564 0.02 0.024
1 0.544 0.576 0.012 0.028
1 0.93 0.675 0.028 0.018
1 0.707 0.638 0.03 0.02
2 0.932 0.14 0.052 0.056
2 0.888 0.151 0.012 0.022
2 0.787 0.103 0.022 0.03
2 0.696 0.028 0.024 0.028
2 0.495 0.127 0.026 0.026
2 0.257 0.125 0.022 0.034
2 0.145 0.085 0.026 0.018
2 0.068 0.228 0.032 0.044
2 0.788 0.205 0.024 0.03
2 0.863 0.256 0.034 0.032
2 0.84 0.364 0.056 0.068
2 0.715 0.291 0.042 0.042
2 0.597 0.202 0.014 0.024
2 0.524 0.394 0.02 0.024
2 0.027 0.363 0.042 0.058
2 0.184 0.429 0.02 0.034
2 0.988 0.484 0.02 0.024
2 0.949 0.507 0.038 0.062
2 0.766 0.382 0.04 0.028
2 0.732 0.386 0.028 0.024
2 0.57 0.488 0.032 0.036
2 0.163 0.492 0.074 0.048
2 0.169 0.455 0.058 0.038
2 0.467 0.416 0.026 0.02
2 0.273 0.927 0.014 0.022
2 0.459 0.983 0.026 0.03
2 0.565 0.996 0.03 0.004
2 0.724 0.994 0.032 0.008
2 0.874 0.939 0.04 0.05
2 0.929 0.948 0.03 0.056
2 0.971 0.794 0.026 0.02
2 0.994 0.814 0.008 0.032
2 0.596 0.813 0.02 0.022
2 0.461 0.844 0.026 0.02
2 0.296 0.811 0.032 0.054
2 0.056 0.768 0.016 0.02
2 0.102 0.736 0.064 0.06
2 0.181 0.718 0.026 0.04
2 0.188 0.747 0.024 0.014
2 0.225 0.732 0.022 0.032
2 0.32 0.491 0.044 0.034
2 0.479 0.544 0.042 0.052
2 0.493 0.582 0.046 0.048
2 0.489 0.628 0.034 0.032
2 0.898 0.554 0.02 0.02
2 0.838 0.702 0.06 0.092
2 0.724 0.699 0.044 0.05
2 0.753 0.592 0.026 0.036
2 0.408 0.325 0.02 0.026
2 0.407 0.73 0.022 0.032
0 0.108 0.051 0.04 0.046
0 0.182 0.075 0.052 0.066
0 0.302 0.103 0.056 0.058
0 0.377 0.125 0.05 0.058
0 0.403 0.083 0.062 0.086
0 0.332 0.045 0.048 0.066
0 0.29 0.008 0.04 0.016
0 0.214 0.016 0.048 0.032
0 0.225 0.061 0.03 0.046
0 0.26 0.164 0.04 0.068
0 0.359 0.219 0.042 0.05
0 0.381 0.252 0.05 0.044
0 0.422 0.191 0.04 0.058
0 0.433 0.126 0.038 0.04
0 0.466 0.103 0.04 0.042
0 0.459 0.146 0.038 0.044
0 0.524 0.107 0.032 0.05
0 0.576 0.143 0.048 0.042
0 0.632 0.146 0.044 0.044
0 0.571 0.183 0.042 0.038
0 0.537 0.234 0.042 0.052
0 0.584 0.248 0.032 0.036
0 0.644 0.23 0.096 0.068
0 0.69 0.068 0.06 0.076
0 0.779 0.154 0.062 0.056
0 0.804 0.079 0.048 0.066
0 0.852 0.132 0.04 0.072
0 0.933 0.041 0.046 0.07
0 0.879 0.012 0.042 0.024
0 0.847 0.037 0.034 0.07
0 0.776 0.01 0.036 0.02
0 0.724 0.013 0.048 0.026
0 0.677 0.005 0.038 0.01
0 0.618 0.022 0.044 0.044
0 0.527 0.029 0.05 0.058
0 0.485 0.011 0.038 0.022
0 0.391 0.354 0.082 0.096
0 0.463 0.302 0.038 0.052
0 0.47 0.346 0.04 0.04
0 0.548 0.33 0.06 0.068
0 0.619 0.364 0.07 0.056
0 0.778 0.336 0.044 0.06
0 0.761 0.427 0.034 0.05
0 0.842 0.332 0.06 0.104
0 0.909 0.329 0.05 0.058
0 0.921 0.27 0.05 0.06
0 0.94 0.215 0.056 0.046
0 0.993 0.111 0.01 0.054
0 0.078 0.009 0.052 0.018
0 0.007 0.049 0.014 0.042
0 0.036 0.098 0.044 0.052
0 0.085 0.105 0.038 0.038
0 0.179 0.15 0.062 0.072
0 0.148 0.214 0.036 0.06
0 0.115 0.261 0.05 0.058
0 0.16 0.286 0.044 0.048
0 0.209 0.273 0.038 0.038
0 0.016 0.135 0.032 0.05
0 0.01 0.194 0.02 0.052
0 0.006 0.251 0.012 0.046
0 0.059 0.315 0.038 0.038
0 0.222 0.443 0.072 0.13
0 0.046 0.505 0.072 0.158
0 0.016 0.722 0.032 0.052
0 0.005 0.812 0.01 0.044
0 0.132 0.838 0.044 0.048
0 0.215 0.799 0.05 0.062
0 0.282 0.692 0.068 0.116
0 0.376 0.851 0.072 0.074
0 0.495 0.841 0.042 0.038
0 0.511 0.747 0.046 0.054
0 0.578 0.695 0.06 0.062
0 0.442 0.705 0.064 0.066
0 0.447 0.59 0.05 0.048
0 0.407 0.661 0.05 0.058
0 0.44 0.639 0.06 0.046
0 0.653 0.522 0.066 0.104
0 0.717 0.599 0.038 0.054
0 0.784 0.706 0.048 0.056
0 0.62 0.615 0.076 0.082
0 0.875 0.748 0.042 0.06
0 0.868 0.506 0.048 0.06
0 0.911 0.49 0.038 0.084
0 0.876 0.457 0.036 0.034
0 0.98 0.361 0.036 0.042
0 0.975 0.405 0.046 0.05
0 0.441 0.523 0.038 0.054
0 0.474 0.522 0.032 0.048
0 0.539 0.453 0.03 0.038
0 0.319 0.442 0.082 0.108
0 0.325 0.586 0.046 0.06
0 0.373 0.614 0.046 0.04
0 0.204 0.597 0.056 0.09
0 0.133 0.583 0.11 0.122
0 0.05 0.968 0.048 0.044
0 0.112 0.934 0.06 0.064
0 0.093 0.984 0.042 0.028
0 0.212 0.914 0.044 0.044
0 0.184 0.924 0.032 0.024
0 0.326 0.973 0.04 0.05
0 0.314 0.992 0.024 0.012
0 0.374 0.987 0.044 0.022
0 0.512 0.97 0.048 0.056
0 0.604 0.958 0.084 0.08
0 0.524 0.884 0.064 0.056
0 0.791 0.592 0.086 0.112
0 0.889 0.583 0.046 0.042
0 0.85 0.589 0.04 0.062
0 0.66 0.81 0.072 0.06
0 0.701 0.835 0.034 0.05
0 0.746 0.838 0.036 0.04
0 0.811 0.878 0.094 0.072
0 0.838 0.822 0.06 0.056
0 0.902 0.814 0.076 0.052
0 0.901 0.898 0.05 0.064
0 0.983 0.987 0.03 0.022
0 0.992 0.917 0.012 0.03
0 0.992 0.959 0.012 0.038
0 0.986 0.866 0.024 0.048
0 0.67 0.976 0.032 0.044
1 0.217 0.086 0.018 0.02
1 0.282 0.037 0.032 0.022
1 0.278 0.133 0.024 0.026
1 0.603 0.162 0.018 0.02
1 0.658 0.157 0.024 0.022
1 0.461 0.049 0.026 0.034
1 0.497 0.13 0.022 0.024
1 0.487 0.322 0.022 0.028
1 0.668 0.306 0.044 0.052
1 0.714 0.292 0.04 0.04
1 0.734 0.385 0.028 0.022
1 0.99 0.079 0.016 0.042
1 0.824 0.032 0.024 0.028
1 0.223 0.238 0.034 0.024
1 0.257 0.259 0.026 0.03
1 0.031 0.267 0.03 0.018
1 0.023 0.164 0.018 0.02
1 0.076 0.338 0.028 0.032
1 0.143 0.344 0.022 0.032
1 0.171 0.345 0.03 0.03
1 0.277 0.339 0.03 0.034
1 0.183 0.431 0.03 0.03
1 0.035 0.617 0.026 0.03
1 0.043 0.638 0.026 0.02
1 0.004 0.682 0.008 0.02
1 0.342 0.754 0.024 0.04
1 0.357 0.764 0.022 0.032
1 0.438 0.807 0.032 0.03
1 0.488 0.875 0.032 0.018
1 0.462 0.842 0.024 0.02
1 0.534 0.696 0.028 0.036
1 0.65 0.65 0.032 0.044
1 0.715 0.666 0.038 0.024
1 0.707 0.636 0.03 0.02
1 0.822 0.664 0.028 0.02
1 0.904 0.638 0.044 0.036
1 0.932 0.676 0.032 0.02
1 0.825 0.428 0.03 0.032
1 0.878 0.402 0.04 0.036
1 0.924 0.41 0.024 0.02
1 0.905 0.425 0.042 0.034
1 0.85 0.459 0.02 0.022
1 0.524 0.394 0.02 0.02
1 0.47 0.414 0.028 0.02
1 0.393 0.444 0.022 0.024
1 0.568 0.489 0.028 0.034
1 0.615 0.561 0.026 0.026
1 0.535 0.569 0.026 0.034
1 0.727 0.495 0.026 0.034
1 0.334 0.384 0.028 0.028
1 0.311 0.509 0.018 0.014
1 0.293 0.527 0.026 0.034
1 0.302 0.554 0.04 0.028
1 0.171 0.666 0.046 0.044
1 0.225 0.683 0.03 0.022
1 0.225 0.731 0.022 0.034
1 0.186 0.746 0.028 0.016
1 0.057 0.769 0.022 0.022
1 0.156 0.893 0.024 0.026
1 0.046 0.893 0.028 0.026
1 0.107 0.905 0.038 0.018
1 0.546 0.963 0.024 0.034
1 0.462 0.947 0.024 0.022
1 0.638 0.858 0.028 0.02
1 0.962 0.611 0.04 0.038
1 0.948 0.641 0.036 0.03
1 0.96 0.667 0.032 0.026
1 0.987 0.488 0.022 0.032
1 0.945 0.436 0.038 0.024
1 0.788 0.809 0.028 0.026
1 0.97 0.794 0.028 0.024
1 0.992 0.787 0.012 0.034
1 0.7 0.899 0.028 0.038
1 0.718 0.944 0.024 0.032
1 0.369 0.917 0.026 0.026
1 0.594 0.815 0.024 0.022
1 0.004 0.966 0.008 0.032
2 0.461 0.2 0.042 0.044
2 0.931 0.153 0.046 0.062
2 0.698 0.029 0.028 0.026
2 0.441 0.007 0.042 0.014
2 0.045 0.028 0.03 0.044
2 0.294 0.181 0.02 0.054
2 0.065 0.23 0.038 0.044
2 0.028 0.366 0.04 0.052
2 0.164 0.482 0.08 0.072
2 0.841 0.712 0.054 0.068
2 0.949 0.506 0.034 0.06
2 0.861 0.256 0.03 0.032
2 0.775 0.207 0.074 0.046
2 0.722 0.232 0.032 0.02
2 0.181 0.721 0.03 0.034
2 0.105 0.731 0.054 0.058
2 0.163 0.779 0.026 0.038
2 0.728 0.698 0.04 0.044
2 0.729 0.774 0.018 0.02
2 0.903 0.943 0.086 0.054
2 0.487 0.592 0.05 0.116
2 0.408 0.734 0.024 0.028
2 0.406 0.779 0.064 0.074
2 0.297 0.815 0.034 0.05