0 0.825 0.452 0.054 0.096
0 0.965 0.489 0.054 0.098
0 0.9 0.457 0.036 0.074
0 0.956 0.389 0.04 0.034
0 0.751 0.452 0.058 0.08
0 0.703 0.338 0.046 0.072
0 0.603 0.346 0.03 0.06
0 0.66 0.248 0.04 0.06
0 0.757 0.227 0.046 0.058
0 0.735 0.197 0.03 0.05
0 0.668 0.173 0.048 0.054
0 0.675 0.138 0.038 0.032
0 0.589 0.159 0.062 0.054
0 0.726 0.035 0.036 0.05
0 0.817 0.062 0.066 0.108
0 0.904 0.078 0.044 0.064
0 0.927 0.045 0.03 0.034
0 0.915 0.016 0.038 0.032
0 0.973 0.214 0.042 0.06
0 0.862 0.279 0.06 0.062
0 0.87 0.34 0.06 0.06
0 0.951 0.63 0.042 0.044
0 0.903 0.712 0.058 0.072
0 0.972 0.753 0.048 0.062
0 0.893 0.771 0.042 0.058
0 0.942 0.845 0.048 0.066
0 0.861 0.857 0.03 0.046
0 0.797 0.864 0.066 0.068
0 0.745 0.78 0.042 0.06
0 0.7 0.775 0.028 0.046
0 0.694 0.827 0.04 0.042
0 0.608 0.79 0.044 0.068
0 0.568 0.784 0.04 0.052
0 0.846 0.613 0.04 0.042
0 0.874 0.649 0.036 0.046
0 0.807 0.664 0.034 0.048
0 0.743 0.622 0.046 0.06
0 0.717 0.523 0.046 0.062
0 0.767 0.538 0.042 0.032
0 0.696 0.66 0.036 0.056
0 0.675 0.652 0.022 0.048
0 0.655 0.63 0.034 0.044
0 0.64 0.67 0.04 0.036
0 0.622 0.688 0.032 0.052
0 0.624 0.516 0.052 0.064
0 0.569 0.576 0.062 0.072
0 0.627 0.608 0.062 0.076
0 0.511 0.755 0.038 0.07
0 0.514 0.697 0.032 0.038
0 0.459 0.716 0.05 0.08
0 0.435 0.758 0.05 0.04
0 0.378 0.794 0.04 0.036
0 0.384 0.821 0.052 0.038
0 0.54 0.037 0.052 0.074
0 0.454 0.042 0.056 0.072
0 0.427 0.187 0.046 0.066
0 0.474 0.236 0.068 0.084
0 0.526 0.26 0.032 0.08
0 0.366 0.035 0.052 0.07
0 0.35 0.098 0.056 0.084
0 0.255 0.029 0.046 0.058
0 0.208 0.031 0.044 0.062
0 0.083 0.057 0.042 0.042
0 0.756 0.915 0.036 0.042
0 0.71 0.918 0.04 0.068
0 0.67 0.92 0.04 0.068
0 0.611 0.928 0.046 0.064
0 0.585 0.854 0.05 0.048
0 0.508 0.919 0.044 0.078
0 0.454 0.929 0.036 0.074
0 0.414 0.942 0.036 0.044
0 0.896 0.969 0.044 0.058
0 0.886 0.94 0.04 0.064
0 0.839 0.969 0.05 0.058
0 0.954 0.951 0.044 0.082
0 0.366 0.909 0.048 0.094
0 0.325 0.937 0.046 0.07
0 0.253 0.961 0.054 0.042
0 0.257 0.896 0.058 0.076
0 0.203 0.835 0.058 0.082
0 0.24 0.798 0.032 0.052
0 0.274 0.815 0.032 0.03
0 0.162 0.911 0.04 0.066
0 0.11 0.774 0.036 0.048
0 0.103 0.831 0.03 0.042
0 0.156 0.792 0.032 0.056
0 0.085 0.742 0.034 0.04
0 0.051 0.733 0.026 0.042
0 0.022 0.828 0.032 0.032
0 0.077 0.917 0.038 0.05
0 0.121 0.109 0.046 0.054
0 0.145 0.148 0.058 0.056
0 0.168 0.193 0.04 0.066
0 0.058 0.147 0.036 0.058
0 0.315 0.26 0.066 0.088
0 0.22 0.277 0.048 0.082
0 0.28 0.345 0.048 0.074
0 0.278 0.397 0.048 0.042
0 0.247 0.304 0.034 0.056
0 0.18 0.271 0.036 0.034
0 0.193 0.343 0.054 0.086
0 0.251 0.446 0.046 0.06
0 0.134 0.406 0.04 0.056
0 0.05 0.407 0.04 0.054
0 0.037 0.302 0.058 0.068
0 0.092 0.329 0.036 0.038
0 0.454 0.381 0.036 0.054
0 0.392 0.366 0.056 0.068
0 0.459 0.491 0.066 0.05
0 0.49 0.565 0.06 0.054
0 0.311 0.659 0.058 0.082
0 0.318 0.731 0.032 0.05
0 0.317 0.542 0.05 0.068
0 0.344 0.537 0.052 0.058
0 0.282 0.603 0.04 0.042
0 0.185 0.6 0.042 0.04
0 0.145 0.587 0.042 0.05
0 0.18 0.52 0.032 0.04
0 0.142 0.546 0.04 0.048
0 0.057 0.594 0.034 0.06
0 0.018 0.589 0.032 0.058
0 0.136 0.705 0.036 0.062
0 0.101 0.692 0.054 0.064
0 0.025 0.504 0.046 0.044
1 0.891 0.394 0.022 0.028
1 0.978 0.362 0.008 0.016
1 0.963 0.354 0.018 0.02
1 0.958 0.327 0.024 0.018
1 0.718 0.42 0.02 0.024
1 0.623 0.147 0.018 0.018
1 0.597 0.105 0.022 0.018
1 0.605 0.077 0.018 0.014
1 0.636 0.057 0.024 0.018
1 0.849 0.031 0.018 0.022
1 0.779 0.084 0.018 0.02
1 0.921 0.13 0.034 0.032
1 0.868 0.138 0.024 0.02
1 0.839 0.127 0.026 0.01
1 0.902 0.133 0.008 0.018
1 0.939 0.172 0.022 0.02
1 0.993 0.186 0.01 0.024
1 0.791 0.248 0.014 0.028
1 0.828 0.393 0.032 0.022
1 0.762 0.347 0.016 0.026
1 0.776 0.364 0.016 0.02
1 0.984 0.674 0.024 0.02
1 0.919 0.801 0.018 0.03
1 0.79 0.815 0.02 0.014
1 0.761 0.847 0.014 0.018
1 0.667 0.805 0.022 0.022
1 0.542 0.785 0.016 0.038
1 0.535 0.816 0.018 0.028
1 0.789 0.561 0.022 0.026
1 0.903 0.595 0.022 0.022
1 0.591 0.53 0.018 0.028
1 0.579 0.732 0.03 0.024
1 0.527 0.752 0.03 0.024
1 0.434 0.789 0.02 0.014
1 0.59 0.025 0.024 0.022
1 0.513 0.012 0.014 0.024
1 0.477 0.095 0.022 0.022
1 0.427 0.131 0.026 0.034
1 0.472 0.149 0.02 0.03
1 0.607 0.289 0.026 0.022
1 0.619 0.267 0.022 0.022
1 0.464 0.286 0.028 0.024
1 0.446 0.268 0.016 0.012
1 0.652 0.385 0.028 0.014
1 0.586 0.974 0.02 0.032
1 0.598 0.894 0.016 0.04
1 0.987 0.923 0.014 0.022
1 0.265 0.79 0.018 0.02
1 0.356 0.857 0.036 0.026
1 0.326 0.854 0.016 0.032
1 0.158 0.962 0.016 0.028
1 0.158 0.985 0.024 0.022
1 0.127 0.177 0.018 0.022
1 0.363 0.221 0.03 0.042
1 0.206 0.21 0.02 0.024
1 0.19 0.227 0.024 0.026
1 0.26 0.255 0.024 0.03
1 0.231 0.4 0.03 0.024
1 0.142 0.371 0.032 0.018
1 0.081 0.388 0.026 0.016
1 0.01 0.436 0.016 0.036
1 0.085 0.288 0.014 0.016
1 0.523 0.341 0.026 0.034
1 0.548 0.402 0.028 0.032
1 0.521 0.375 0.034 0.034
1 0.414 0.451 0.02 0.046
1 0.352 0.381 0.02 0.042
1 0.428 0.373 0.024 0.03
1 0.353 0.36 0.034 0.044
1 0.501 0.354 0.022 0.02
1 0.484 0.372 0.02 0.016
1 0.512 0.521 0.024 0.014
1 0.475 0.559 0.014 0.034
1 0.454 0.566 0.028 0.016
1 0.29 0.635 0.024 0.022
1 0.285 0.712 0.022 0.032
1 0.34 0.736 0.024 0.028
1 0.243 0.624 0.022 0.02
1 0.191 0.562 0.022 0.024
1 0.221 0.514 0.018 0.016
1 0.111 0.466 0.014 0.02
1 0.154 0.682 0.024 0.036
1 0.052 0.688 0.02 0.032
2 0.946 0.469 0.02 0.038
2 0.921 0.428 0.03 0.036
2 0.918 0.303 0.024 0.026
2 0.944 0.314 0.024 0.036
2 0.893 0.814 0.022 0.02
2 0.63 0.246 0.024 0.024
2 0.59 0.261 0.02 0.022
2 0.554 0.266 0.02 0.016
2 0.553 0.287 0.018 0.018
2 0.304 0.1 0.02 0.02
2 0.419 0.984 0.034 0.028
2 0.465 0.812 0.022 0.056
2 0.334 0.184 0.032 0.04
2 0.295 0.166 0.03 0.052
2 0.025 0.394 0.046 0.02
2 0.465 0.604 0.026 0.028
2 0.489 0.635 0.018 0.026
2 0.437 0.662 0.022 0.02
2 0.298 0.502 0.02 0.02
2 0.179 0.68 0.022 0.044