0 0.208 0.673 0.052 0.07
0 0.077 0.036 0.058 0.064
0 0.15 0.042 0.06 0.076
0 0.022 0.046 0.04 0.072
0 0.507 0.251 0.034 0.038
0 0.517 0.207 0.038 0.046
0 0.438 0.229 0.048 0.042
0 0.29 0.038 0.044 0.048
0 0.306 0.084 0.056 0.052
0 0.388 0.032 0.056 0.048
0 0.413 0.074 0.054 0.084
0 0.362 0.109 0.032 0.058
0 0.427 0.159 0.042 0.05
0 0.485 0.116 0.054 0.044
0 0.594 0.239 0.048 0.078
0 0.648 0.198 0.048 0.068
0 0.645 0.281 0.062 0.078
0 0.766 0.464 0.072 0.104
0 0.8 0.523 0.036 0.046
0 0.094 0.389 0.052 0.062
0 0.093 0.324 0.046 0.052
0 0.219 0.875 0.042 0.066
0 0.158 0.883 0.048 0.046
0 0.044 0.871 0.044 0.054
0 0.014 0.862 0.028 0.044
0 0.069 0.13 0.034 0.048
0 0.04 0.128 0.032 0.048
0 0.099 0.07 0.042 0.052
0 0.118 0.115 0.04 0.046
0 0.818 0.987 0.044 0.022
0 0.868 0.963 0.04 0.054
0 0.937 0.943 0.042 0.046
0 0.974 0.929 0.044 0.046
0 0.88 0.839 0.036 0.046
0 0.847 0.793 0.034 0.034
0 0.816 0.752 0.048 0.06
0 0.777 0.923 0.038 0.038
0 0.807 0.887 0.058 0.054
0 0.822 0.835 0.064 0.042
0 0.413 0.869 0.05 0.054
0 0.454 0.907 0.032 0.058
0 0.503 0.915 0.042 0.046
0 0.46 0.859 0.04 0.042
0 0.526 0.811 0.06 0.05
0 0.69 0.774 0.04 0.048
0 0.637 0.681 0.034 0.054
0 0.846 0.467 0.048 0.05
0 0.482 0.574 0.044 0.044
0 0.511 0.547 0.038 0.05
0 0.526 0.627 0.048 0.07
0 0.439 0.706 0.046 0.092
0 0.342 0.71 0.052 0.076
0 0.232 0.506 0.044 0.048
0 0.368 0.936 0.052 0.064
0 0.404 0.969 0.044 0.054
0 0.489 0.973 0.046 0.05
0 0.595 0.963 0.042 0.05
0 0.167 0.586 0.034 0.052
0 0.329 0.591 0.058 0.07
0 0.395 0.536 0.034 0.04
0 0.348 0.532 0.032 0.044
0 0.34 0.461 0.052 0.042
0 0.759 0.725 0.074 0.07
0 0.741 0.682 0.054 0.064
0 0.693 0.618 0.05 0.08
0 0.419 0.434 0.046 0.032
0 0.482 0.38 0.04 0.044
0 0.164 0.938 0.056 0.064
0 0.11 0.969 0.032 0.058
0 0.176 0.811 0.032 0.046
0 0.503 0.742 0.034 0.06
0 0.523 0.774 0.038 0.036
0 0.492 0.698 0.024 0.04
0 0.801 0.58 0.05 0.052
0 0.874 0.572 0.06 0.052
0 0.638 0.451 0.044 0.042
0 0.589 0.354 0.046 0.052
0 0.469 0.298 0.042 0.04
0 0.366 0.356 0.048 0.056
0 0.246 0.453 0.032 0.046
0 0.251 0.352 0.038 0.044
0 0.191 0.131 0.05 0.046
0 0.216 0.153 0.052 0.046
0 0.901 0.778 0.034 0.044
0 0.316 0.807 0.044 0.046
0 0.596 0.817 0.044 0.066
0 0.687 0.862 0.038 0.048
0 0.523 0.474 0.034 0.056
0 0.27 0.786 0.032 0.04
0 0.019 0.762 0.038 0.048
0 0.781 0.204 0.038 0.048
0 0.707 0.326 0.042 0.06
0 0.855 0.23 0.046 0.048
0 0.814 0.106 0.048 0.036
0 0.777 0.067 0.05 0.058
0 0.231 0.089 0.042 0.034
0 0.237 0.03 0.038 0.048
0 0.123 0.251 0.038 0.03
0 0.104 0.257 0.02 0.026
0 0.536 0.579 0.036 0.03
0 0.349 0.677 0.03 0.026
0 0.898 0.122 0.04 0.044
0 0.858 0.025 0.044 0.046
0 0.976 0.067 0.024 0.046
0 0.989 0.046 0.018 0.064
0 0.948 0.01 0.032 0.016
0 0.889 0.25 0.026 0.044
0 0.914 0.242 0.028 0.044
0 0.569 0.762 0.034 0.04
0 0.32 0.941 0.024 0.034
0 0.29 0.421 0.044 0.026
0 0.193 0.941 0.042 0.058
0 0.37 0.81 0.036 0.044
0 0.641 0.828 0.03 0.036
0 0.752 0.834 0.024 0.036
0 0.977 0.589 0.042 0.082
0 0.81 0.399 0.032 0.03
0 0.859 0.525 0.066 0.062
0 0.838 0.573 0.032 0.038
0 0.841 0.674 0.038 0.04
0 0.629 0.367 0.026 0.042
0 0.033 0.498 0.03 0.044
0 0.008 0.495 0.016 0.022
0 0.522 0.412 0.028 0.048
0 0.436 0.344 0.036 0.032
0 0.926 0.335 0.032 0.03
0 0.821 0.226 0.026 0.036
0 0.94 0.202 0.024 0.052
0 0.223 0.401 0.042 0.034
0 0.249 0.14 0.034 0.032
0 0.594 0.04 0.032 0.048
0 0.705 0.017 0.042 0.03
0 0.444 0.289 0.052 0.078
0 0.384 0.31 0.028 0.032
0 0.406 0.323 0.028 0.07
0 0.363 0.323 0.018 0.03
1 0.611 0.198 0.018 0.02
1 0.737 0.537 0.03 0.026
1 0.754 0.486 0.028 0.024
1 0.501 0.088 0.03 0.028
1 0.47 0.072 0.024 0.036
1 0.562 0.122 0.02 0.032
1 0.502 0.052 0.028 0.024
1 0.509 0.034 0.026 0.02
1 0.564 0.085 0.032 0.026
1 0.065 0.814 0.022 0.028
1 0.088 0.806 0.024 0.028
1 0.04 0.773 0.016 0.022
1 0.119 0.164 0.018 0.028
1 0.994 0.885 0.008 0.026
1 0.99 0.85 0.016 0.04
1 0.753 0.972 0.042 0.02
1 0.816 0.949 0.016 0.022
1 0.508 0.84 0.024 0.028
1 0.673 0.734 0.05 0.02
1 0.676 0.703 0.016 0.03
1 0.7 0.679 0.028 0.018
1 0.629 0.647 0.03 0.018
1 0.644 0.631 0.032 0.018
1 0.662 0.574 0.024 0.024
1 0.278 0.939 0.024 0.022
1 0.281 0.584 0.034 0.02
1 0.247 0.618 0.03 0.036
1 0.104 0.625 0.032 0.018
1 0.168 0.631 0.02 0.026
1 0.354 0.558 0.02 0.02
1 0.364 0.506 0.028 0.02
1 0.393 0.483 0.018 0.014
1 0.594 0.643 0.032 0.026
1 0.285 0.373 0.034 0.018
1 0.314 0.4 0.016 0.032
1 0.205 0.472 0.022 0.028
1 0.171 0.316 0.018 0.028
1 0.191 0.309 0.014 0.014
1 0.314 0.224 0.028 0.024
1 0.353 0.181 0.022 0.022
1 0.186 0.211 0.04 0.022
1 0.212 0.202 0.02 0.028
1 0.924 0.794 0.02 0.012
1 0.917 0.7 0.022 0.028
1 0.952 0.674 0.016 0.036
1 0.973 0.655 0.026 0.026
1 0.971 0.723 0.03 0.038
1 0.098 0.776 0.036 0.024
1 0.062 0.756 0.028 0.02
1 0.02 0.722 0.02 0.024
1 0.056 0.77 0.016 0.024
1 0.074 0.466 0.02 0.032
1 0.053 0.444 0.022 0.024
1 0.701 0.111 0.026 0.034
1 0.724 0.071 0.028 0.03
1 0.569 0.419 0.018 0.018
1 0.626 0.405 0.028 0.026
1 0.63 0.332 0.032 0.02
1 0.807 0.305 0.034 0.03
1 0.777 0.274 0.022 0.024
1 0.829 0.338 0.022 0.028
1 0.847 0.289 0.022 0.03
1 0.838 0.192 0.024 0.024
1 0.182 0.054 0.024 0.036
1 0.146 0.282 0.032 0.032
1 0.275 0.896 0.022 0.024
1 0.244 0.848 0.028 0.028
1 0.305 0.844 0.026 0.02
1 0.739 0.787 0.022 0.022
1 0.47 0.712 0.02 0.02
1 0.01 0.521 0.02 0.026
1 0.154 0.75 0.024 0.024
1 0.832 0.144 0.028 0.028
1 0.823 0.07 0.014 0.016
1 0.895 0.069 0.022 0.018
1 0.528 0.713 0.028 0.026
1 0.539 0.745 0.026 0.018
1 0.535 0.74 0.042 0.032
1 0.353 0.646 0.022 0.02
1 0.65 0.904 0.02 0.02
1 0.555 0.944 0.034 0.02
1 0.658 0.968 0.028 0.036
1 0.251 0.993 0.026 0.01
1 0.308 0.972 0.04 0.024
1 0.694 0.829 0.016 0.018
1 0.687 0.813 0.026 0.018
1 0.736 0.848 0.024 0.028
1 0.922 0.532 0.024 0.028
1 0.657 0.662 0.022 0.02
1 0.664 0.607 0.016 0.022
1 0.01 0.619 0.02 0.026
1 0.925 0.358 0.018 0.012
1 0.938 0.326 0.012 0.02
1 0.906 0.347 0.016 0.018
1 0.901 0.397 0.022 0.034
1 0.82 0.424 0.012 0.012
1 0.991 0.113 0.014 0.034
1 0.274 0.341 0.016 0.026
1 0.365 0.164 0.026 0.02
1 0.429 0.18 0.022 0.02
1 0.639 0.013 0.034 0.022
1 0.609 0.114 0.014 0.02
1 0.617 0.058 0.022 0.032
1 0.572 0.282 0.02 0.02
1 0.521 0.096 0.034 0.032
1 0.45 0.117 0.02 0.026
1 0.624 0.03 0.028 0.024
2 0.42 0.476 0.04 0.02
2 0.136 0.35 0.028 0.06
2 0.044 0.794 0.02 0.02
2 0.137 0.538 0.046 0.08
2 0.647 0.944 0.058 0.064
2 0.619 0.731 0.026 0.022
2 0.579 0.663 0.022 0.022
2 0.85 0.634 0.016 0.016
2 0.673 0.517 0.03 0.038
2 0.193 0.368 0.018 0.024
2 0.229 0.312 0.038 0.036
2 0.855 0.084 0.03 0.032
2 0.255 0.258 0.034 0.024
2 0.566 0.305 0.016 0.022