0 0.038 0.993 0.052 0.01
0 0.109 0.981 0.042 0.034
0 0.01 0.903 0.02 0.038
0 0.044 0.944 0.04 0.028
0 0.045 0.889 0.034 0.05
0 0.078 0.877 0.036 0.042
0 0.086 0.836 0.024 0.016
0 0.085 0.819 0.038 0.022
0 0.082 0.796 0.036 0.028
0 0.115 0.795 0.03 0.054
0 0.168 0.981 0.04 0.034
0 0.227 0.982 0.038 0.032
0 0.297 0.966 0.038 0.036
0 0.151 0.902 0.026 0.02
0 0.011 0.721 0.022 0.042
0 0.02 0.686 0.028 0.048
0 0.142 0.767 0.028 0.022
0 0.399 0.985 0.038 0.026
0 0.419 0.996 0.018 0.004
0 0.474 0.986 0.044 0.024
0 0.539 0.992 0.042 0.012
0 0.582 0.981 0.04 0.034
0 0.513 0.96 0.046 0.036
0 0.009 0.543 0.018 0.046
0 0.042 0.478 0.032 0.032
0 0.043 0.448 0.03 0.04
0 0.097 0.667 0.014 0.018
0 0.083 0.645 0.03 0.03
0 0.079 0.597 0.038 0.03
0 0.074 0.569 0.044 0.042
0 0.085 0.548 0.042 0.048
0 0.139 0.587 0.034 0.046
0 0.063 0.425 0.03 0.03
0 0.087 0.411 0.03 0.038
0 0.085 0.39 0.022 0.02
0 0.101 0.434 0.026 0.028
0 0.101 0.454 0.03 0.024
0 0.105 0.466 0.018 0.02
0 0.107 0.48 0.014 0.028
0 0.119 0.477 0.01 0.03
0 0.129 0.522 0.018 0.024
0 0.116 0.501 0.016 0.018
0 0.131 0.493 0.01 0.014
0 0.007 0.316 0.014 0.024
0 0.129 0.355 0.034 0.058
0 0.118 0.317 0.04 0.042
0 0.069 0.28 0.046 0.076
0 0.039 0.221 0.03 0.054
0 0.012 0.204 0.024 0.056
0 0.01 0.166 0.02 0.024
0 0.08 0.183 0.04 0.058
0 0.037 0.075 0.026 0.03
0 0.048 0.031 0.032 0.058
0 0.114 0.144 0.036 0.068
0 0.096 0.097 0.032 0.062
0 0.125 0.063 0.022 0.046
0 0.133 0.075 0.022 0.026
0 0.151 0.089 0.03 0.05
0 0.161 0.047 0.038 0.042
0 0.34 0.017 0.036 0.03
0 0.36 0.011 0.032 0.018
0 0.404 0.02 0.036 0.036
0 0.287 0.068 0.034 0.04
0 0.244 0.126 0.012 0.032
0 0.31 0.121 0.032 0.026
0 0.428 0.147 0.028 0.038
0 0.446 0.198 0.048 0.052
0 0.455 0.049 0.03 0.054
0 0.49 0.07 0.032 0.044
0 0.488 0.119 0.036 0.046
0 0.559 0.102 0.022 0.024
0 0.599 0.103 0.038 0.042
0 0.55 0.014 0.04 0.024
0 0.53 0.032 0.028 0.024
0 0.615 0.02 0.042 0.036
0 0.643 0.058 0.03 0.048
0 0.667 0.158 0.034 0.04
0 0.665 0.122 0.018 0.016
0 0.723 0.125 0.038 0.054
0 0.74 0.045 0.032 0.058
0 0.827 0.101 0.042 0.062
0 0.879 0.081 0.034 0.046
0 0.886 0.12 0.028 0.044
0 0.98 0.108 0.036 0.048
0 0.944 0.009 0.036 0.014
0 0.948 0.225 0.036 0.05
0 0.883 0.211 0.034 0.042
0 0.845 0.175 0.05 0.042
0 0.687 0.227 0.026 0.038
0 0.674 0.211 0.024 0.026
0 0.758 0.234 0.04 0.056
0 0.882 0.281 0.04 0.054
0 0.919 0.313 0.034 0.022
0 0.92 0.342 0.032 0.028
0 0.991 0.352 0.014 0.036
0 0.689 0.976 0.034 0.04
0 0.748 0.988 0.032 0.02
0 0.769 0.989 0.022 0.018
0 0.672 0.935 0.032 0.034
0 0.566 0.921 0.036 0.042
0 0.518 0.9 0.024 0.028
0 0.394 0.953 0.04 0.038
0 0.386 0.929 0.036 0.03
0 0.335 0.913 0.034 0.038
0 0.301 0.898 0.042 0.052
0 0.287 0.842 0.026 0.02
0 0.284 0.798 0.04 0.052
0 0.985 0.475 0.026 0.066
0 0.905 0.433 0.038 0.058
0 0.805 0.408 0.046 0.036
0 0.797 0.387 0.034 0.026
0 0.838 0.397 0.036 0.058
0 0.854 0.368 0.036 0.06
0 0.733 0.298 0.03 0.048
0 0.67 0.325 0.036 0.058
0 0.627 0.281 0.038 0.058
0 0.206 0.224 0.036 0.044
0 0.21 0.255 0.024 0.03
0 0.264 0.235 0.048 0.054
0 0.197 0.322 0.042 0.056
0 0.266 0.306 0.044 0.064
0 0.317 0.285 0.03 0.054
0 0.345 0.314 0.03 0.048
0 0.354 0.346 0.028 0.024
0 0.358 0.386 0.04 0.052
0 0.278 0.41 0.032 0.052
0 0.299 0.414 0.014 0.032
0 0.382 0.236 0.036 0.056
0 0.426 0.276 0.032 0.048
0 0.362 0.271 0.036 0.046
0 0.378 0.293 0.04 0.046
0 0.482 0.277 0.028 0.03
0 0.568 0.302 0.028 0.044
0 0.548 0.325 0.04 0.062
0 0.587 0.366 0.038 0.052
0 0.632 0.392 0.044 0.052
0 0.629 0.332 0.042 0.028
0 0.673 0.423 0.034 0.054
0 0.676 0.387 0.016 0.022
0 0.198 0.435 0.04 0.078
0 0.18 0.475 0.016 0.038
0 0.196 0.485 0.02 0.042
0 0.205 0.506 0.026 0.028
0 0.267 0.469 0.034 0.062
0 0.262 0.517 0.024 0.042
0 0.281 0.541 0.03 0.062
0 0.174 0.697 0.032 0.042
0 0.208 0.713 0.036 0.034
0 0.261 0.734 0.038 0.044
0 0.355 0.719 0.038 0.042
0 0.369 0.798 0.038 0.048
0 0.384 0.85 0.04 0.044
0 0.451 0.82 0.026 0.036
0 0.465 0.846 0.05 0.056
0 0.455 0.786 0.042 0.044
0 0.479 0.748 0.034 0.044
0 0.551 0.797 0.05 0.062
0 0.591 0.85 0.042 0.044
0 0.591 0.824 0.046 0.028
0 0.61 0.862 0.016 0.028
0 0.63 0.855 0.024 0.034
0 0.696 0.852 0.048 0.036
0 0.675 0.838 0.03 0.024
0 0.739 0.898 0.034 0.044
0 0.764 0.946 0.04 0.04
0 0.786 0.962 0.044 0.028
0 0.791 0.986 0.018 0.02
0 0.961 0.905 0.018 0.018
0 0.923 0.903 0.022 0.018
0 0.897 0.9 0.03 0.028
0 0.292 0.634 0.04 0.044
0 0.331 0.638 0.03 0.044
0 0.324 0.582 0.044 0.044
0 0.329 0.555 0.038 0.05
0 0.369 0.551 0.03 0.034
0 0.361 0.53 0.034 0.028
0 0.361 0.509 0.026 0.026
0 0.393 0.448 0.038 0.052
0 0.428 0.587 0.044 0.062
0 0.394 0.692 0.032 0.028
0 0.481 0.667 0.038 0.046
0 0.522 0.647 0.036 0.038
0 0.456 0.396 0.056 0.056
0 0.446 0.433 0.036 0.046
0 0.47 0.538 0.036 0.044
0 0.512 0.551 0.032 0.046
0 0.54 0.536 0.048 0.064
0 0.544 0.414 0.036 0.072
0 0.569 0.498 0.046 0.052
0 0.609 0.527 0.042 0.074
0 0.636 0.566 0.032 0.044
0 0.647 0.624 0.042 0.056
0 0.654 0.675 0.036 0.062
0 0.687 0.668 0.03 0.044
0 0.608 0.677 0.036 0.058
0 0.622 0.744 0.04 0.052
0 0.688 0.728 0.04 0.04
0 0.713 0.793 0.042 0.05
0 0.692 0.54 0.044 0.048
0 0.727 0.542 0.026 0.028
0 0.616 0.454 0.036 0.036
0 0.749 0.47 0.038 0.032
0 0.766 0.547 0.064 0.058
0 0.981 0.624 0.034 0.056
0 0.922 0.611 0.04 0.034
0 0.908 0.597 0.028 0.026
0 0.858 0.606 0.04 0.056
0 0.802 0.622 0.036 0.04
0 0.99 0.692 0.016 0.048
0 0.851 0.716 0.042 0.04
0 0.745 0.702 0.05 0.052
0 0.717 0.671 0.026 0.03
0 0.775 0.684 0.014 0.016
0 0.884 0.748 0.048 0.04
0 0.855 0.774 0.03 0.032
0 0.917 0.759 0.034 0.054
0 0.91 0.804 0.04 0.036
0 0.895 0.84 0.038 0.044
0 0.841 0.83 0.022 0.032
0 0.782 0.829 0.048 0.05
0 0.804 0.806 0.044 0.056
0 0.796 0.886 0.028 0.024
0 0.827 0.852 0.046 0.02
0 0.829 0.877 0.038 0.038
0 0.357 0.602 0.038 0.048
1 0.027 0.978 0.03 0.016
1 0.067 0.931 0.01 0.01
1 0.136 0.894 0.016 0.012
1 0.146 0.88 0.02 0.016
1 0.033 0.707 0.01 0.018
1 0.117 0.701 0.01 0.026
1 0.169 0.755 0.022 0.014
1 0.194 0.799 0.02 0.014
1 0.201 0.791 0.01 0.006
1 0.348 0.985 0.024 0.018
1 0.126 0.639 0.016 0.026
1 0.081 0.623 0.03 0.018
1 0.128 0.503 0.008 0.014
1 0.076 0.344 0.024 0.016
1 0.003 0.298 0.006 0.02
1 0.16 0.342 0.02 0.024
1 0.034 0.185 0.024 0.018
1 0.025 0.091 0.014 0.026
1 0.046 0.094 0.012 0.016
1 0.042 0.116 0.016 0.02
1 0.075 0.055 0.018 0.034
1 0.096 0.052 0.016 0.024
1 0.159 0.125 0.006 0.006
1 0.197 0.038 0.014 0.012
1 0.2 0.023 0.012 0.014
1 0.27 0.04 0.012 0.024
1 0.286 0.039 0.012 0.018
1 0.222 0.122 0.02 0.036
1 0.259 0.125 0.018 0.018
1 0.257 0.143 0.01 0.022
1 0.321 0.145 0.018 0.026
1 0.285 0.138 0.006 0.008
1 0.441 0.075 0.022 0.026
1 0.542 0.117 0.016 0.014
1 0.57 0.119 0.02 0.022
1 0.604 0.144 0.024 0.016
1 0.538 0.18 0.024 0.032
1 0.665 0.136 0.026 0.02
1 0.777 0.073 0.022 0.022
1 0.793 0.039 0.014 0.01
1 0.701 0.006 0.022 0.008
1 0.827 0.01 0.01 0.016
1 0.869 0.139 0.018 0.022
1 0.986 0.199 0.024 0.026
1 0.713 0.168 0.018 0.016
1 0.825 0.309 0.022 0.018
1 0.98 0.394 0.012 0.016
1 0.969 0.392 0.018 0.016
1 0.588 0.939 0.016 0.018
1 0.415 0.935 0.022 0.018
1 0.265 0.868 0.022 0.016
1 0.292 0.86 0.02 0.016
1 0.811 0.358 0.03 0.028
1 0.754 0.31 0.012 0.028
1 0.697 0.345 0.018 0.03
1 0.205 0.197 0.022 0.022
1 0.336 0.323 0.02 0.026
1 0.373 0.351 0.01 0.014
1 0.397 0.334 0.03 0.02
1 0.519 0.244 0.018 0.024
1 0.541 0.239 0.014 0.01
1 0.707 0.408 0.018 0.04
1 0.7 0.392 0.016 0.024
1 0.175 0.499 0.018 0.022
1 0.166 0.479 0.008 0.014
1 0.316 0.766 0.028 0.036
1 0.84 0.933 0.016 0.026
1 0.28 0.603 0.02 0.014
1 0.456 0.566 0.024 0.028
1 0.396 0.67 0.028 0.016
1 0.561 0.569 0.022 0.01
1 0.5 0.419 0.024 0.03
1 0.483 0.339 0.022 0.014
1 0.575 0.615 0.014 0.03
1 0.743 0.748 0.022 0.036
1 0.778 0.737 0.024 0.022
1 0.866 0.492 0.036 0.024
1 0.758 0.639 0.02 0.026
1 0.752 0.62 0.024 0.012
1 0.866 0.668 0.02 0.016
1 0.704 0.618 0.028 0.028
1 0.828 0.756 0.016 0.04
1 0.884 0.952 0.032 0.016
1 0.552 0.701 0.012 0.014
1 0.546 0.674 0.016 0.016
1 0.35 0.17 0.024 0.024
1 0.903 0.875 0.03 0.018
1 0.557 0.272 0.018 0.012
1 0.485 0.005 0.018 0.006
2 0.021 0.833 0.026 0.022
2 0.002 0.388 0.004 0.02
2 0.007 0.141 0.014 0.026
2 0.296 0.145 0.012 0.018
2 0.698 0.085 0.028 0.046
2 0.914 0.076 0.032 0.076
2 0.881 0.177 0.018 0.03
2 0.971 0.361 0.018 0.03
2 0.782 0.351 0.024 0.022
2 0.987 0.247 0.022 0.022
2 0.222 0.657 0.044 0.058
2 0.416 0.517 0.036 0.062
2 0.487 0.645 0.03 0.034
2 0.698 0.753 0.016 0.018
2 0.855 0.441 0.034 0.026
2 0.909 0.545 0.038 0.03
2 0.971 0.722 0.034 0.02
2 0.7 0.701 0.02 0.018
2 0.965 0.839 0.018 0.022
2 0.6 0.91 0.02 0.024
2 0.874 0.989 0.016 0.018
2 0.986 0.848 0.024 0.02
2 0.265 0.106 0.01 0.016
2 0.253 0.183 0.018 0.018
2 0.463 0.308 0.022 0.028
2 0.814 0.91 0.016 0.024
2 0.82 0.889 0.016 0.022
2 0.708 0.469 0.012 0.026
2 0.313 0.674 0.022 0.016