0 0.58 0.579 0.056 0.046
0 0.371 0.654 0.062 0.048
0 0.321 0.665 0.046 0.042
0 0.349 0.697 0.03 0.042
0 0.299 0.701 0.07 0.046
0 0.32 0.583 0.072 0.05
0 0.46 0.563 0.052 0.038
0 0.428 0.544 0.048 0.048
0 0.467 0.535 0.03 0.022
0 0.572 0.488 0.044 0.06
0 0.342 0.513 0.04 0.054
0 0.194 0.483 0.072 0.05
0 0.27 0.463 0.028 0.05
0 0.318 0.391 0.052 0.046
0 0.135 0.454 0.046 0.036
0 0.168 0.422 0.06 0.04
0 0.223 0.351 0.07 0.042
0 0.143 0.305 0.102 0.062
0 0.333 0.258 0.062 0.056
0 0.138 0.244 0.02 0.032
0 0.107 0.245 0.034 0.026
0 0.204 0.184 0.04 0.068
0 0.155 0.177 0.042 0.042
0 0.25 0.069 0.064 0.046
0 0.176 0.03 0.088 0.048
0 0.161 0.091 0.058 0.038
0 0.247 0.111 0.038 0.038
0 0.029 0.15 0.054 0.056
0 0.436 0.801 0.064 0.062
0 0.333 0.815 0.062 0.042
0 0.202 0.862 0.06 0.052
0 0.222 0.801 0.056 0.042
0 0.166 0.742 0.052 0.056
0 0.074 0.7 0.052 0.056
0 0.034 0.416 0.052 0.04
0 0.1 0.375 0.048 0.034
0 0.764 0.221 0.06 0.05
0 0.88 0.147 0.044 0.038
0 0.844 0.168 0.048 0.04
0 0.793 0.15 0.042 0.044
0 0.969 0.223 0.038 0.034
0 0.943 0.167 0.054 0.034
0 0.986 0.134 0.024 0.048
0 0.965 0.128 0.026 0.04
0 0.845 0.095 0.042 0.042
0 0.681 0.05 0.042 0.044
0 0.657 0.309 0.042 0.05
0 0.647 0.241 0.042 0.038
0 0.694 0.161 0.056 0.038
0 0.558 0.123 0.064 0.046
0 0.486 0.023 0.056 0.042
0 0.443 0.077 0.062 0.054
0 0.541 0.312 0.066 0.044
0 0.542 0.252 0.04 0.028
0 0.392 0.107 0.036 0.034
0 0.606 0.852 0.036 0.04
0 0.592 0.82 0.036 0.044
0 0.627 0.744 0.042 0.064
0 0.582 0.729 0.04 0.046
0 0.546 0.782 0.044 0.036
0 0.028 0.953 0.052 0.046
0 0.052 0.821 0.052 0.042
0 0.53 0.914 0.06 0.064
0 0.552 0.978 0.036 0.04
0 0.35 0.975 0.044 0.034
0 0.777 0.948 0.05 0.04
0 0.698 0.976 0.056 0.036
0 0.656 0.91 0.048 0.036
0 0.716 0.92 0.036 0.028
0 0.836 0.946 0.044 0.032
0 0.849 0.912 0.042 0.032
0 0.746 0.854 0.032 0.036
0 0.713 0.858 0.034 0.032
0 0.672 0.833 0.044 0.034
0 0.803 0.967 0.026 0.022
0 0.969 0.838 0.042 0.032
0 0.943 0.863 0.03 0.03
0 0.885 0.824 0.038 0.036
0 0.964 0.763 0.036 0.042
0 0.975 0.619 0.034 0.034
0 0.921 0.648 0.046 0.04
0 0.891 0.682 0.038 0.032
0 0.917 0.712 0.046 0.032
0 0.838 0.712 0.036 0.032
0 0.972 0.546 0.04 0.036
0 0.899 0.555 0.038 0.03
0 0.874 0.545 0.032 0.034
0 0.825 0.756 0.042 0.036
0 0.771 0.777 0.042 0.046
0 0.823 0.662 0.05 0.032
0 0.731 0.57 0.042 0.044
0 0.808 0.576 0.036 0.044
0 0.802 0.491 0.04 0.05
0 0.816 0.431 0.036 0.042
0 0.769 0.407 0.042 0.034
0 0.724 0.446 0.032 0.056
0 0.62 0.417 0.04 0.05
0 0.987 0.481 0.022 0.042
0 0.948 0.5 0.036 0.032
0 0.904 0.496 0.036 0.036
0 0.967 0.403 0.038 0.03
0 0.903 0.442 0.03 0.032
0 0.874 0.362 0.036 0.032
0 0.799 0.345 0.038 0.034
0 0.877 0.277 0.034 0.046
0 0.831 0.283 0.034 0.038
0 0.64 0.623 0.064 0.042
0 0.9 0.764 0.036 0.028
0 0.882 0.718 0.028 0.028
0 0.839 0.382 0.038 0.028
0 0.753 0.354 0.03 0.036
0 0.756 0.074 0.044 0.028
1 0.392 0.614 0.028 0.02
1 0.411 0.391 0.018 0.022
1 0.344 0.366 0.028 0.028
1 0.177 0.441 0.01 0.018
1 0.328 0.229 0.008 0.014
1 0.296 0.211 0.02 0.022
1 0.238 0.223 0.04 0.022
1 0.286 0.143 0.02 0.022
1 0.212 0.763 0.032 0.018
1 0.111 0.78 0.018 0.032
1 0.199 0.562 0.026 0.02
1 0.073 0.579 0.018 0.022
1 0.038 0.529 0.024 0.018
1 0.013 0.516 0.022 0.024
1 0.034 0.381 0.02 0.022
1 0.031 0.339 0.026 0.022
1 0.807 0.179 0.022 0.026
1 0.759 0.153 0.018 0.022
1 0.76 0.027 0.024 0.018
1 0.75 0.014 0.032 0.016
1 0.68 0.303 0.02 0.03
1 0.579 0.216 0.034 0.02
1 0.577 0.287 0.026 0.022
1 0.571 0.075 0.046 0.022
1 0.444 0.029 0.024 0.022
1 0.39 0.021 0.024 0.026
1 0.018 0.884 0.028 0.016
1 0.426 0.919 0.02 0.022
1 0.432 0.863 0.052 0.03
1 0.381 0.879 0.026 0.026
1 0.344 0.885 0.02 0.03
1 0.529 0.989 0.018 0.018
1 0.513 0.981 0.018 0.018
1 0.873 0.938 0.026 0.028
1 0.852 0.97 0.024 0.012
1 0.987 0.865 0.022 0.022
1 0.929 0.534 0.03 0.02
1 0.751 0.732 0.018 0.032
1 0.824 0.474 0.012 0.032
1 0.644 0.471 0.02 0.038
1 0.629 0.543 0.026 0.022
1 0.636 0.645 0.028 0.018
1 0.335 0.774 0.03 0.024
1 0.614 0.926 0.016 0.016
1 0.795 0.643 0.018 0.03
1 0.367 0.746 0.022 0.016
1 0.987 0.706 0.022 0.02
1 0.984 0.647 0.02 0.022
1 0.833 0.621 0.026 0.018
1 0.724 0.369 0.024 0.014
1 0.929 0.276 0.022 0.032
1 0.655 0.107 0.026 0.03
1 0.789 0.086 0.026 0.028
1 0.461 0.323 0.018 0.038
1 0.199 0.223 0.034 0.026
1 0.354 0.134 0.032 0.016
1 0.359 0.118 0.014 0.02
1 0.087 0.064 0.022 0.032
2 0.046 0.299 0.016 0.03
2 0.719 0.042 0.03 0.028
2 0.782 0.011 0.02 0.018
2 0.527 0.212 0.042 0.032
2 0.104 0.848 0.02 0.02
2 0.234 0.667 0.036 0.026
2 0.266 0.946 0.052 0.04
2 0.707 0.823 0.022 0.026
2 0.685 0.393 0.034 0.03
2 0.655 0.392 0.018 0.024
2 0.867 0.857 0.03 0.034
2 0.911 0.851 0.022 0.022
2 0.916 0.869 0.012 0.014
2 0.932 0.733 0.016 0.018
2 0.854 0.695 0.008 0.014
2 0.87 0.783 0.032 0.03
2 0.811 0.792 0.026 0.024
2 0.757 0.804 0.01 0.012
2 0.705 0.755 0.026 0.062
2 0.68 0.737 0.012 0.022
2 0.726 0.619 0.016 0.014
2 0.587 0.635 0.038 0.022
2 0.215 0.391 0.038 0.014
2 0.916 0.388 0.02 0.032
2 0.903 0.375 0.014 0.034
2 0.832 0.359 0.036 0.018
2 0.834 0.227 0.04 0.03
2 0.552 0.375 0.032 0.018
2 0.462 0.378 0.008 0.012
2 0.436 0.243 0.04 0.066
2 0.77 0.048 0.02 0.016
2 0.753 0.053 0.018 0.014
2 0.756 0.116 0.024 0.024
2 0.64 0.135 0.028 0.014
2 0.667 0.131 0.014 0.01
2 0.594 0.117 0.028 0.026
2 0.59 0.147 0.024 0.018
2 0.265 0.177 0.054 0.054
2 0.217 0.127 0.038 0.042