0 0.727 0.643 0.046 0.07
0 0.661 0.66 0.046 0.072
0 0.633 0.637 0.042 0.046
0 0.953 0.569 0.042 0.054
0 0.92 0.547 0.044 0.054
0 0.914 0.499 0.044 0.05
0 0.827 0.469 0.046 0.078
0 0.979 0.453 0.038 0.066
0 0.962 0.379 0.036 0.062
0 0.906 0.405 0.036 0.058
0 0.871 0.364 0.042 0.06
0 0.899 0.685 0.038 0.054
0 0.814 0.764 0.048 0.056
0 0.953 0.912 0.046 0.056
0 0.92 0.828 0.032 0.044
0 0.93 0.763 0.032 0.05
0 0.781 0.961 0.042 0.07
0 0.711 0.976 0.054 0.044
0 0.723 0.872 0.038 0.064
0 0.806 0.881 0.044 0.054
0 0.807 0.704 0.042 0.06
0 0.83 0.724 0.024 0.032
0 0.734 0.756 0.056 0.068
0 0.642 0.801 0.056 0.062
0 0.668 0.767 0.024 0.042
0 0.57 0.816 0.044 0.048
0 0.577 0.855 0.042 0.054
0 0.599 0.923 0.038 0.046
0 0.836 0.582 0.048 0.072
0 0.949 0.629 0.038 0.05
0 0.98 0.984 0.036 0.032
0 0.928 0.991 0.036 0.014
0 0.516 0.932 0.056 0.06
0 0.576 0.988 0.04 0.02
0 0.425 0.984 0.05 0.028
0 0.309 0.967 0.034 0.046
0 0.254 0.976 0.044 0.044
0 0.318 0.913 0.048 0.062
0 0.28 0.883 0.032 0.034
0 0.291 0.848 0.026 0.032
0 0.257 0.862 0.042 0.06
0 0.206 0.837 0.044 0.046
0 0.19 0.886 0.04 0.052
0 0.077 0.904 0.038 0.048
0 0.092 0.951 0.044 0.054
0 0.353 0.806 0.046 0.072
0 0.285 0.757 0.05 0.07
0 0.265 0.707 0.046 0.05
0 0.217 0.728 0.054 0.052
0 0.577 0.732 0.042 0.076
0 0.617 0.726 0.038 0.06
0 0.508 0.727 0.044 0.07
0 0.395 0.727 0.042 0.05
0 0.285 0.665 0.03 0.03
0 0.327 0.598 0.046 0.064
0 0.31 0.561 0.044 0.038
0 0.326 0.513 0.04 0.046
0 0.559 0.901 0.038 0.042
0 0.373 0.841 0.038 0.054
0 0.577 0.615 0.042 0.074
0 0.483 0.675 0.03 0.046
0 0.472 0.648 0.036 0.036
0 0.452 0.622 0.068 0.072
0 0.416 0.514 0.048 0.056
0 0.717 0.275 0.042 0.054
0 0.751 0.253 0.022 0.026
0 0.705 0.232 0.05 0.044
0 0.633 0.18 0.03 0.052
0 0.528 0.214 0.04 0.056
0 0.648 0.584 0.036 0.056
0 0.697 0.495 0.054 0.054
0 0.737 0.395 0.038 0.05
0 0.645 0.463 0.026 0.038
0 0.585 0.369 0.042 0.042
0 0.636 0.277 0.044 0.054
0 0.748 0.151 0.044 0.062
0 0.774 0.091 0.036 0.054
0 0.773 0.038 0.05 0.048
0 0.958 0.33 0.044 0.068
0 0.981 0.213 0.034 0.05
0 0.983 0.142 0.03 0.056
0 0.964 0.126 0.04 0.06
0 0.616 0.513 0.028 0.042
0 0.935 0.205 0.042 0.054
0 0.422 0.364 0.044 0.056
0 0.349 0.26 0.034 0.052
0 0.303 0.263 0.046 0.066
0 0.227 0.369 0.058 0.074
0 0.186 0.394 0.044 0.044
0 0.701 0.322 0.042 0.04
0 0.476 0.159 0.048 0.062
0 0.423 0.287 0.042 0.058
0 0.401 0.265 0.042 0.066
0 0.197 0.56 0.078 0.068
0 0.097 0.546 0.034 0.044
0 0.118 0.518 0.036 0.032
0 0.152 0.464 0.056 0.064
0 0.14 0.447 0.056 0.042
0 0.028 0.848 0.052 0.044
0 0.127 0.786 0.05 0.052
0 0.107 0.673 0.05 0.05
0 0.011 0.721 0.018 0.042
0 0.005 0.762 0.006 0.044
0 0.531 0.028 0.042 0.052
0 0.469 0.012 0.046 0.02
0 0.385 0.095 0.026 0.054
0 0.305 0.444 0.026 0.028
0 0.32 0.407 0.028 0.03
0 0.233 0.446 0.03 0.032
0 0.799 0.263 0.05 0.066
0 0.762 0.219 0.02 0.022
0 0.239 0.626 0.054 0.068
0 0.148 0.568 0.024 0.036
0 0.689 0.131 0.03 0.034
0 0.733 0.136 0.03 0.044
0 0.035 0.03 0.046 0.044
0 0.017 0.123 0.03 0.042
0 0.005 0.163 0.006 0.038
0 0.46 0.907 0.028 0.034
0 0.479 0.911 0.026 0.074
0 0.233 0.694 0.026 0.024
0 0.058 0.718 0.04 0.036
0 0.047 0.75 0.038 0.032
0 0.023 0.602 0.042 0.064
0 0.923 0.023 0.038 0.042
0 0.984 0.014 0.028 0.024
0 0.755 0.021 0.05 0.038
0 0.678 0.043 0.024 0.03
0 0.632 0.022 0.024 0.036
0 0.677 0.225 0.03 0.046
0 0.662 0.42 0.028 0.036
0 0.217 0.767 0.038 0.03
0 0.55 0.712 0.036 0.044
1 0.679 0.6 0.022 0.032
1 0.824 0.361 0.024 0.03
1 0.798 0.376 0.02 0.028
1 0.775 0.302 0.018 0.02
1 0.753 0.317 0.022 0.022
1 0.903 0.865 0.022 0.026
1 0.907 0.785 0.022 0.022
1 0.745 0.916 0.022 0.02
1 0.785 0.747 0.014 0.014
1 0.051 0.911 0.014 0.026
1 0.154 0.957 0.02 0.038
1 0.444 0.706 0.028 0.028
1 0.52 0.582 0.024 0.02
1 0.655 0.593 0.01 0.01
1 0.723 0.45 0.03 0.032
1 0.625 0.849 0.03 0.026
1 0.392 0.329 0.02 0.022
1 0.077 0.771 0.022 0.026
1 0.371 0.616 0.014 0.036
1 0.25 0.583 0.028 0.022
1 0.263 0.521 0.026 0.022
1 0.467 0.437 0.026 0.03
1 0.358 0.882 0.02 0.024
1 0.333 0.471 0.014 0.014
1 0.564 0.139 0.028 0.034
1 0.57 0.108 0.024 0.024
1 0.559 0.299 0.022 0.022
1 0.891 0.621 0.018 0.042
1 0.907 0.598 0.022 0.036
1 0.513 0.777 0.022 0.018
1 0.51 0.976 0.02 0.02
1 0.381 0.947 0.014 0.018
1 0.279 0.821 0.03 0.018
1 0.373 0.769 0.026 0.03
1 0.084 0.716 0.016 0.032
1 0.955 0.037 0.022 0.034
1 0.879 0.072 0.01 0.024
1 0.668 0.058 0.024 0.028
1 0.668 0.01 0.02 0.016
1 0.556 0.048 0.028 0.024
1 0.614 0.058 0.024 0.032
1 0.645 0.242 0.014 0.02
1 0.49 0.373 0.024 0.022
1 0.693 0.439 0.018 0.03
1 0.691 0.388 0.022 0.024
1 0.076 0.638 0.028 0.024
1 0.211 0.781 0.018 0.018
2 0.885 0.963 0.026 0.018
2 0.83 0.818 0.02 0.02
2 0.667 0.914 0.022 0.048
2 0.645 0.945 0.026 0.018
2 0.124 0.862 0.048 0.068
2 0.45 0.551 0.032 0.022
2 0.208 0.317 0.028 0.042
2 0.241 0.294 0.034 0.032
2 0.256 0.248 0.032 0.06
2 0.132 0.416 0.028 0.024
2 0.154 0.397 0.016 0.022
2 0.125 0.385 0.03 0.034
2 0.108 0.364 0.032 0.028
2 0.059 0.429 0.034 0.034
2 0.208 0.096 0.032 0.036
2 0.165 0.085 0.054 0.022
2 0.396 0.877 0.02 0.018
2 0.016 0.188 0.028 0.04
2 0.032 0.138 0.032 0.048
2 0.459 0.962 0.014 0.028
2 0.635 0.885 0.03 0.026
2 0.632 0.334 0.028 0.024
2 0.667 0.393 0.014 0.018
2 0.683 0.419 0.018 0.042
2 0.601 0.645 0.018 0.026
2 0.604 0.602 0.008 0.016
2 0.764 0.665 0.024 0.034