0 0.275 0.089 0.046 0.066
0 0.006 0.033 0.012 0.046
0 0.062 0.014 0.04 0.028
0 0.067 0.021 0.026 0.034
0 0.316 0.024 0.064 0.048
0 0.38 0.005 0.028 0.01
0 0.468 0.003 0.024 0.006
0 0.469 0.07 0.054 0.068
0 0.529 0.03 0.042 0.056
0 0.597 0.008 0.042 0.016
0 0.574 0.067 0.048 0.066
0 0.617 0.091 0.05 0.07
0 0.676 0.055 0.048 0.082
0 0.74 0.015 0.052 0.03
0 0.781 0.006 0.03 0.012
0 0.853 0.008 0.022 0.016
0 0.898 0.036 0.044 0.072
0 0.949 0.02 0.046 0.04
0 0.922 0.051 0.028 0.026
0 0.979 0.036 0.038 0.072
0 0.981 0.108 0.034 0.072
0 0.948 0.082 0.048 0.056
0 0.917 0.1 0.022 0.048
0 0.93 0.126 0.028 0.028
0 0.895 0.113 0.026 0.046
0 0.95 0.183 0.048 0.074
0 0.994 0.181 0.008 0.034
0 0.806 0.051 0.036 0.062
0 0.819 0.12 0.03 0.024
0 0.767 0.101 0.05 0.07
0 0.715 0.089 0.058 0.082
0 0.69 0.142 0.028 0.028
0 0.746 0.198 0.06 0.084
0 0.67 0.163 0.048 0.054
0 0.682 0.195 0.06 0.066
0 0.609 0.211 0.022 0.022
0 0.633 0.179 0.026 0.046
0 0.544 0.214 0.076 0.064
0 0.519 0.115 0.062 0.078
0 0.407 0.12 0.054 0.064
0 0.44 0.158 0.068 0.044
0 0.428 0.2 0.052 0.052
0 0.368 0.182 0.024 0.028
0 0.349 0.133 0.042 0.046
0 0.258 0.173 0.052 0.082
0 0.236 0.22 0.06 0.052
0 0.182 0.218 0.056 0.064
0 0.186 0.097 0.044 0.054
0 0.115 0.083 0.058 0.062
0 0.014 0.097 0.028 0.066
0 0.101 0.151 0.038 0.054
0 0.158 0.135 0.044 0.054
0 0.106 0.202 0.04 0.048
0 0.094 0.231 0.036 0.034
0 0.048 0.231 0.052 0.066
0 0.009 0.233 0.018 0.074
0 0.01 0.297 0.02 0.038
0 0.029 0.288 0.038 0.052
0 0.081 0.311 0.066 0.078
0 0.012 0.375 0.024 0.07
0 0.152 0.291 0.032 0.034
0 0.187 0.281 0.058 0.074
0 0.21 0.32 0.06 0.076
0 0.327 0.213 0.054 0.074
0 0.322 0.252 0.044 0.06
0 0.315 0.332 0.042 0.064
0 0.298 0.36 0.044 0.048
0 0.279 0.407 0.042 0.046
0 0.428 0.273 0.084 0.086
0 0.479 0.253 0.034 0.066
0 0.5 0.304 0.032 0.024
0 0.579 0.261 0.022 0.03
0 0.553 0.308 0.074 0.088
0 0.55 0.363 0.052 0.07
0 0.681 0.251 0.05 0.066
0 0.658 0.322 0.072 0.076
0 0.687 0.345 0.042 0.026
0 0.867 0.235 0.062 0.094
0 0.943 0.235 0.038 0.034
0 0.934 0.258 0.048 0.06
0 0.942 0.311 0.044 0.074
0 0.99 0.361 0.016 0.058
0 0.749 0.29 0.046 0.072
0 0.781 0.287 0.05 0.074
0 0.81 0.377 0.04 0.058
0 0.096 0.432 0.036 0.036
0 0.071 0.429 0.03 0.038
0 0.063 0.464 0.042 0.04
0 0.053 0.495 0.046 0.042
0 0.114 0.48 0.04 0.048
0 0.14 0.499 0.02 0.046
0 0.158 0.521 0.04 0.058
0 0.15 0.417 0.056 0.062
0 0.203 0.494 0.046 0.04
0 0.205 0.522 0.05 0.052
0 0.215 0.608 0.058 0.056
0 0.014 0.548 0.028 0.048
0 0.035 0.527 0.05 0.034
0 0.045 0.578 0.046 0.044
0 0.032 0.64 0.032 0.052
0 0.058 0.615 0.048 0.058
0 0.094 0.548 0.044 0.048
0 0.003 0.657 0.006 0.018
0 0.014 0.706 0.028 0.048
0 0.023 0.707 0.022 0.018
0 0.059 0.688 0.034 0.048
0 0.079 0.705 0.034 0.038
0 0.123 0.651 0.034 0.05
0 0.155 0.639 0.034 0.042
0 0.208 0.654 0.032 0.04
0 0.251 0.646 0.046 0.044
0 0.28 0.645 0.044 0.05
0 0.236 0.689 0.028 0.034
0 0.21 0.682 0.032 0.036
0 0.054 0.75 0.036 0.064
0 0.081 0.773 0.03 0.034
0 0.112 0.762 0.032 0.036
0 0.007 0.824 0.014 0.016
0 0.035 0.806 0.038 0.028
0 0.045 0.795 0.03 0.022
0 0.066 0.794 0.016 0.012
0 0.018 0.947 0.036 0.054
0 0.038 0.951 0.032 0.034
0 0.058 0.994 0.024 0.008
0 0.054 0.975 0.028 0.034
0 0.048 0.87 0.036 0.036
0 0.089 0.898 0.046 0.044
0 0.086 0.934 0.032 0.032
0 0.142 0.79 0.028 0.028
0 0.163 0.795 0.034 0.05
0 0.153 0.819 0.03 0.018
0 0.142 0.849 0.032 0.046
0 0.113 0.98 0.05 0.036
0 0.143 0.978 0.022 0.036
0 0.188 0.983 0.036 0.03
0 0.206 0.99 0.032 0.016
0 0.214 0.946 0.036 0.048
0 0.167 0.927 0.034 0.062
0 0.174 0.898 0.032 0.028
0 0.176 0.722 0.036 0.052
0 0.202 0.741 0.032 0.05
0 0.214 0.75 0.024 0.036
0 0.218 0.788 0.04 0.044
0 0.235 0.801 0.038 0.054
0 0.21 0.83 0.028 0.036
0 0.286 0.995 0.032 0.006
0 0.232 0.882 0.028 0.048
0 0.261 0.885 0.03 0.046
0 0.272 0.777 0.032 0.038
0 0.981 0.476 0.034 0.044
0 0.981 0.451 0.034 0.054
0 0.954 0.452 0.032 0.032
0 0.949 0.48 0.034 0.036
0 0.915 0.433 0.046 0.07
0 0.878 0.413 0.048 0.058
0 0.269 0.468 0.058 0.064
0 0.24 0.551 0.016 0.03
0 0.982 0.573 0.032 0.066
0 0.839 0.495 0.038 0.05
0 0.818 0.546 0.044 0.08
0 0.82 0.478 0.032 0.048
0 0.795 0.473 0.046 0.078
0 0.773 0.393 0.026 0.038
0 0.755 0.417 0.038 0.058
0 0.702 0.445 0.064 0.066
0 0.673 0.436 0.046 0.068
0 0.623 0.453 0.066 0.066
0 0.527 0.467 0.058 0.09
0 0.557 0.485 0.03 0.038
0 0.446 0.428 0.052 0.068
0 0.396 0.477 0.048 0.058
0 0.37 0.507 0.04 0.046
0 0.406 0.555 0.028 0.03
0 0.483 0.54 0.034 0.04
0 0.452 0.574 0.06 0.06
0 0.444 0.605 0.02 0.034
0 0.362 0.635 0.048 0.05
0 0.344 0.659 0.052 0.03
0 0.325 0.684 0.034 0.036
0 0.285 0.741 0.05 0.038
0 0.368 0.698 0.04 0.048
0 0.398 0.714 0.044 0.052
0 0.383 0.757 0.05 0.034
0 0.364 0.786 0.048 0.032
0 0.33 0.844 0.032 0.032
0 0.35 0.874 0.036 0.036
0 0.348 0.912 0.036 0.036
0 0.379 0.929 0.026 0.05
0 0.349 0.98 0.054 0.036
0 0.916 0.598 0.044 0.06
0 0.994 0.672 0.008 0.032
0 0.909 0.669 0.058 0.066
0 0.851 0.656 0.054 0.076
0 0.746 0.538 0.052 0.088
0 0.691 0.501 0.03 0.022
0 0.748 0.602 0.048 0.064
0 0.7 0.59 0.04 0.064
0 0.66 0.58 0.048 0.044
0 0.635 0.619 0.062 0.05
0 0.612 0.561 0.024 0.03
0 0.602 0.549 0.028 0.03
0 0.598 0.585 0.048 0.046
0 0.444 0.994 0.032 0.008
0 0.416 0.908 0.028 0.044
0 0.397 0.854 0.03 0.04
0 0.428 0.836 0.028 0.044
0 0.993 0.962 0.01 0.036
0 0.948 0.973 0.028 0.034
0 0.925 0.985 0.034 0.026
0 0.859 0.981 0.03 0.034
0 0.785 0.985 0.03 0.026
0 0.761 0.987 0.026 0.022
0 0.707 0.988 0.034 0.02
0 0.636 0.978 0.044 0.04
0 0.597 0.976 0.042 0.04
0 0.572 0.993 0.028 0.01
0 0.498 0.953 0.04 0.038
0 0.503 0.913 0.042 0.042
0 0.615 0.91 0.046 0.044
0 0.537 0.574 0.022 0.032
0 0.508 0.597 0.044 0.046
0 0.537 0.628 0.046 0.06
0 0.499 0.712 0.054 0.052
0 0.48 0.755 0.036 0.038
0 0.561 0.674 0.042 0.056
0 0.614 0.678 0.04 0.052
0 0.598 0.702 0.032 0.044
0 0.488 0.816 0.048 0.048
0 0.467 0.849 0.034 0.046
0 0.532 0.775 0.032 0.062
0 0.553 0.789 0.038 0.058
0 0.563 0.824 0.042 0.044
0 0.613 0.854 0.066 0.092
0 0.654 0.705 0.044 0.05
0 0.631 0.772 0.054 0.048
0 0.673 0.732 0.038 0.056
0 0.702 0.731 0.02 0.03
0 0.684 0.835 0.044 0.106
0 0.713 0.798 0.026 0.036
0 0.735 0.807 0.03 0.046
0 0.663 0.905 0.034 0.05
0 0.818 0.938 0.036 0.044
0 0.985 0.887 0.026 0.054
0 0.91 0.916 0.04 0.056
0 0.982 0.804 0.032 0.036
0 0.984 0.832 0.028 0.024
0 0.945 0.823 0.046 0.05
0 0.988 0.731 0.02 0.074
0 0.961 0.778 0.046 0.048
0 0.89 0.783 0.04 0.054
0 0.895 0.826 0.026 0.028
0 0.786 0.741 0.056 0.062
0 0.772 0.774 0.048 0.048
0 0.713 0.874 0.05 0.044
0 0.724 0.842 0.04 0.024
0 0.785 0.855 0.058 0.042
0 0.755 0.94 0.03 0.04
0 0.75 0.907 0.036 0.038
0 0.795 0.918 0.042 0.056
0 0.824 0.753 0.052 0.046
0 0.843 0.781 0.034 0.062
0 0.833 0.873 0.046 0.07
1 0.121 0.046 0.022 0.02
1 0.886 0.147 0.024 0.022
1 0.575 0.171 0.018 0.03
1 0.425 0.139 0.018 0.022
1 0.353 0.2 0.018 0.016
1 0.326 0.388 0.02 0.036
1 0.823 0.388 0.022 0.024
1 0.19 0.557 0.028 0.014
1 0.08 0.583 0.032 0.018
1 0.259 0.672 0.03 0.016
1 0.048 0.922 0.044 0.028
1 0.976 0.5 0.024 0.02
1 0.917 0.506 0.034 0.068
1 0.357 0.432 0.034 0.02
1 0.469 0.512 0.018 0.024
1 0.482 0.507 0.008 0.018
1 0.333 0.593 0.018 0.034
1 0.967 0.655 0.01 0.014
1 0.417 0.977 0.034 0.034
1 0.67 0.965 0.032 0.026
1 0.559 0.914 0.018 0.04
1 0.876 0.922 0.02 0.028
1 0.957 0.942 0.034 0.02
1 0.734 0.771 0.036 0.03
1 0.852 0.819 0.032 0.03
2 0.165 0.04 0.034 0.028
2 0.198 0.018 0.028 0.036
2 0.258 0.028 0.056 0.056
2 0.71 0.026 0.028 0.04
2 0.91 0.151 0.028 0.018
2 0.876 0.128 0.02 0.032
2 0.814 0.081 0.012 0.014
2 0.529 0.258 0.026 0.032
2 0.49 0.093 0.024 0.03
2 0.349 0.086 0.042 0.036
2 0.313 0.153 0.058 0.042
2 0.306 0.11 0.016 0.02
2 0.188 0.141 0.04 0.022
2 0.065 0.355 0.022 0.018
2 0.242 0.364 0.06 0.068
2 0.347 0.307 0.046 0.07
2 0.444 0.345 0.052 0.078
2 0.603 0.274 0.034 0.052
2 0.91 0.288 0.036 0.032
2 0.977 0.279 0.026 0.042
2 0.785 0.338 0.062 0.06
2 0.02 0.472 0.04 0.056
2 0.174 0.582 0.044 0.048
2 0.108 0.574 0.032 0.02
2 0.112 0.617 0.024 0.034
2 0.024 0.672 0.024 0.016
2 0.109 0.73 0.038 0.024
2 0.18 0.679 0.028 0.022
2 0.142 0.748 0.028 0.032
2 0.105 0.816 0.03 0.028
2 0.142 0.765 0.028 0.014
2 0.166 0.858 0.024 0.028
2 0.246 0.839 0.048 0.03
2 0.264 0.861 0.036 0.026
2 0.289 0.484 0.022 0.032
2 0.226 0.558 0.02 0.028
2 0.853 0.462 0.026 0.024
2 0.5 0.4 0.04 0.052
2 0.396 0.432 0.044 0.044
2 0.345 0.459 0.058 0.05
2 0.369 0.409 0.03 0.026
2 0.33 0.54 0.028 0.032
2 0.398 0.609 0.036 0.026
2 0.269 0.709 0.034 0.038
2 0.289 0.699 0.022 0.03
2 0.31 0.828 0.02 0.016
2 0.364 0.915 0.008 0.018
2 0.897 0.506 0.022 0.024
2 0.886 0.547 0.04 0.03
2 0.716 0.537 0.024 0.038
2 0.641 0.547 0.034 0.046
2 0.502 0.986 0.036 0.024
2 0.531 0.883 0.03 0.026
2 0.555 0.571 0.014 0.022
2 0.457 0.778 0.038 0.04
2 0.578 0.727 0.028 0.03
2 0.598 0.735 0.02 0.018
2 0.619 0.751 0.022 0.026
2 0.513 0.755 0.03 0.042
2 0.526 0.85 0.02 0.024
2 0.693 0.661 0.058 0.054
2 0.965 0.92 0.026 0.02
2 0.981 0.944 0.026 0.036
2 0.876 0.881 0.032 0.042
2 0.846 0.936 0.02 0.052