0 0.157 0.882 0.066 0.088
0 0.313 0.448 0.07 0.096
0 0.224 0.609 0.06 0.074
0 0.282 0.593 0.048 0.054
0 0.299 0.653 0.042 0.046
0 0.253 0.755 0.062 0.066
0 0.223 0.702 0.042 0.048
0 0.401 0.587 0.066 0.09
0 0.335 0.579 0.042 0.066
0 0.459 0.67 0.046 0.072
0 0.555 0.767 0.058 0.074
0 0.584 0.708 0.056 0.06
0 0.66 0.705 0.048 0.054
0 0.397 0.922 0.05 0.096
0 0.257 0.975 0.042 0.046
0 0.27 0.902 0.048 0.076
0 0.343 0.877 0.034 0.054
0 0.165 0.974 0.05 0.048
0 0.194 0.985 0.04 0.026
0 0.048 0.976 0.056 0.044
0 0.02 0.889 0.04 0.066
0 0.009 0.795 0.018 0.062
0 0.07 0.7 0.06 0.064
0 0.104 0.75 0.04 0.056
0 0.475 0.875 0.054 0.042
0 0.442 0.777 0.04 0.046
0 0.781 0.962 0.046 0.064
0 0.876 0.974 0.052 0.048
0 0.918 0.938 0.044 0.068
0 0.985 0.927 0.026 0.066
0 0.921 0.826 0.05 0.064
0 0.773 0.72 0.038 0.064
0 0.859 0.69 0.066 0.068
0 0.953 0.741 0.03 0.042
0 0.968 0.707 0.032 0.042
0 0.917 0.6 0.07 0.068
0 0.97 0.546 0.04 0.068
0 0.87 0.44 0.06 0.056
0 0.81 0.348 0.048 0.056
0 0.877 0.36 0.034 0.056
0 0.974 0.348 0.048 0.052
0 0.985 0.294 0.026 0.052
0 0.985 0.132 0.026 0.084
0 0.909 0.172 0.034 0.076
0 0.86 0.107 0.048 0.066
0 0.81 0.086 0.052 0.104
0 0.859 0.177 0.05 0.086
0 0.788 0.241 0.036 0.054
0 0.753 0.244 0.042 0.068
0 0.594 0.265 0.044 0.054
0 0.616 0.218 0.048 0.068
0 0.641 0.152 0.046 0.048
0 0.621 0.054 0.054 0.056
0 0.532 0.074 0.024 0.036
0 0.515 0.132 0.034 0.044
0 0.441 0.064 0.058 0.088
0 0.395 0.022 0.046 0.04
0 0.279 0.068 0.05 0.072
0 0.206 0.081 0.052 0.062
0 0.274 0.147 0.056 0.054
0 0.215 0.348 0.054 0.072
0 0.17 0.26 0.052 0.06
0 0.124 0.216 0.052 0.056
0 0.073 0.306 0.062 0.068
0 0.045 0.379 0.054 0.074
0 0.078 0.433 0.056 0.05
0 0.076 0.511 0.052 0.054
0 0.011 0.608 0.022 0.04
0 0.029 0.721 0.05 0.062
0 0.115 0.779 0.054 0.058
0 0.098 0.846 0.044 0.056
0 0.322 0.771 0.036 0.034
0 0.384 0.717 0.024 0.026
0 0.352 0.694 0.02 0.02
0 0.488 0.75 0.02 0.036
0 0.456 0.838 0.02 0.024
0 0.428 0.879 0.02 0.026
0 0.36 0.93 0.032 0.052
0 0.293 0.87 0.054 0.044
0 0.511 0.891 0.042 0.05
0 0.61 0.913 0.048 0.074
0 0.65 0.837 0.044 0.05
0 0.465 0.591 0.054 0.058
0 0.534 0.58 0.052 0.072
0 0.543 0.672 0.042 0.044
0 0.687 0.601 0.046 0.05
0 0.739 0.522 0.05 0.048
0 0.731 0.486 0.046 0.056
0 0.641 0.479 0.046 0.034
0 0.598 0.43 0.056 0.064
0 0.555 0.481 0.026 0.038
0 0.403 0.5 0.022 0.032
0 0.336 0.505 0.052 0.054
0 0.138 0.448 0.04 0.048
0 0.554 0.356 0.044 0.056
0 0.426 0.297 0.056 0.078
0 0.432 0.377 0.048 0.05
0 0.498 0.328 0.044 0.052
0 0.463 0.214 0.062 0.076
0 0.423 0.205 0.046 0.058
0 0.404 0.167 0.036 0.058
0 0.345 0.215 0.05 0.058
0 0.321 0.191 0.034 0.042
0 0.104 0.108 0.052 0.084
0 0.069 0.093 0.042 0.07
0 0.032 0.092 0.06 0.064
0 0.023 0.04 0.046 0.06
0 0.031 0.224 0.062 0.068
0 0.018 0.28 0.036 0.044
0 0.634 0.349 0.052 0.046
0 0.566 0.57 0.036 0.06
0 0.836 0.576 0.028 0.04
0 0.945 0.509 0.03 0.034
0 0.99 0.467 0.016 0.054
0 0.985 0.604 0.026 0.072
0 0.954 0.635 0.036 0.066
0 0.758 0.803 0.044 0.066
0 0.725 0.858 0.046 0.052
0 0.875 0.939 0.042 0.034
0 0.672 0.731 0.044 0.046
0 0.507 0.019 0.042 0.034
0 0.578 0.019 0.06 0.034
0 0.95 0.265 0.036 0.042
0 0.755 0.006 0.03 0.008
1 0.05 0.849 0.02 0.026
1 0.052 0.791 0.02 0.03
1 0.12 0.715 0.02 0.022
1 0.553 0.935 0.022 0.026
1 0.694 0.921 0.024 0.026
1 0.097 0.381 0.03 0.042
1 0.179 0.188 0.03 0.032
1 0.158 0.167 0.024 0.022
1 0.245 0.27 0.022 0.024
1 0.26 0.315 0.032 0.03
1 0.309 0.245 0.022 0.038
1 0.283 0.247 0.022 0.034
1 0.265 0.246 0.022 0.032
1 0.284 0.197 0.02 0.022
1 0.351 0.299 0.018 0.03
1 0.15 0.199 0.024 0.026
1 0.639 0.413 0.022 0.03
1 0.723 0.414 0.022 0.02
1 0.524 0.397 0.028 0.022
1 0.602 0.375 0.02 0.034
1 0.654 0.568 0.032 0.032
1 0.852 0.475 0.02 0.03
1 0.9 0.475 0.02 0.046
1 0.936 0.455 0.016 0.034
1 0.837 0.404 0.026 0.032
1 0.914 0.678 0.016 0.028
1 0.798 0.881 0.024 0.03
1 0.826 0.907 0.028 0.03
1 0.792 0.86 0.028 0.028
1 0.62 0.813 0.02 0.022
1 0.601 0.833 0.018 0.026
1 0.403 0.765 0.034 0.038
1 0.22 0.95 0.02 0.024
1 0.115 0.945 0.026 0.03
1 0.065 0.598 0.014 0.032
1 0.082 0.571 0.016 0.022
1 0.063 0.559 0.018 0.034
1 0.377 0.562 0.022 0.028
1 0.528 0.237 0.036 0.046
1 0.521 0.199 0.018 0.022
1 0.34 0.11 0.02 0.024
1 0.323 0.009 0.026 0.014
1 0.705 0.069 0.026 0.038
1 0.665 0.1 0.022 0.024
1 0.752 0.136 0.02 0.028
1 0.768 0.118 0.016 0.028
1 0.751 0.191 0.022 0.026
1 0.886 0.286 0.024 0.02
1 0.871 0.26 0.026 0.036
1 0.887 0.241 0.026 0.022
1 0.916 0.234 0.024 0.036
1 0.828 0.165 0.02 0.022
1 0.087 0.04 0.022 0.028
2 0.661 0.863 0.034 0.058
2 0.658 0.901 0.036 0.038
2 0.531 0.468 0.034 0.04
2 0.665 0.51 0.054 0.076
2 0.804 0.774 0.032 0.028
2 0.69 0.798 0.04 0.024
2 0.883 0.763 0.022 0.022
2 0.627 0.716 0.022 0.024
2 0.394 0.823 0.016 0.03
2 0.199 0.952 0.034 0.04
2 0.191 0.514 0.03 0.04
2 0.172 0.439 0.02 0.042
2 0.139 0.589 0.034 0.038
2 0.36 0.142 0.032 0.044
2 0.193 0.14 0.05 0.044
2 0.396 0.052 0.032 0.032
2 0.692 0.217 0.036 0.05
2 0.661 0.291 0.054 0.042
2 0.841 0.024 0.046 0.044
2 0.016 0.433 0.032 0.05
2 0.287 0.544 0.03 0.036