0 0.818 0.084 0.064 0.084
0 0.632 0.063 0.068 0.086
0 0.672 0.119 0.064 0.094
0 0.748 0.189 0.044 0.046
0 0.818 0.244 0.04 0.06
0 0.963 0.158 0.062 0.072
0 0.964 0.086 0.04 0.072
0 0.745 0.277 0.042 0.07
0 0.685 0.249 0.066 0.086
0 0.583 0.229 0.038 0.066
0 0.531 0.169 0.07 0.082
0 0.513 0.101 0.046 0.042
0 0.433 0.12 0.054 0.06
0 0.391 0.147 0.05 0.058
0 0.359 0.073 0.046 0.062
0 0.306 0.131 0.04 0.062
0 0.274 0.122 0.024 0.036
0 0.173 0.074 0.05 0.076
0 0.111 0.026 0.03 0.052
0 0.942 0.302 0.04 0.06
0 0.889 0.334 0.05 0.06
0 0.835 0.367 0.046 0.054
0 0.771 0.416 0.042 0.064
0 0.752 0.421 0.044 0.054
0 0.717 0.457 0.034 0.058
0 0.68 0.419 0.044 0.07
0 0.636 0.429 0.028 0.046
0 0.655 0.45 0.03 0.036
0 0.976 0.528 0.044 0.068
0 0.906 0.535 0.044 0.078
0 0.835 0.516 0.042 0.1
0 0.297 0.259 0.066 0.09
0 0.835 0.594 0.05 0.048
0 0.778 0.566 0.032 0.024
0 0.694 0.599 0.032 0.082
0 0.509 0.419 0.058 0.054
0 0.478 0.358 0.048 0.056
0 0.382 0.338 0.044 0.06
0 0.301 0.39 0.054 0.068
0 0.188 0.317 0.048 0.086
0 0.154 0.354 0.04 0.072
0 0.427 0.214 0.05 0.048
0 0.567 0.322 0.042 0.048
0 0.54 0.329 0.048 0.042
0 0.205 0.447 0.034 0.054
0 0.179 0.43 0.03 0.052
0 0.045 0.468 0.066 0.064
0 0.115 0.53 0.082 0.076
0 0.216 0.482 0.048 0.04
0 0.395 0.425 0.03 0.046
0 0.388 0.46 0.02 0.024
0 0.37 0.429 0.016 0.03
0 0.355 0.52 0.046 0.048
0 0.327 0.57 0.042 0.06
0 0.251 0.561 0.038 0.046
0 0.217 0.58 0.05 0.052
0 0.169 0.568 0.034 0.04
0 0.296 0.633 0.036 0.038
0 0.26 0.645 0.032 0.038
0 0.16 0.677 0.052 0.034
0 0.148 0.719 0.04 0.054
0 0.1 0.721 0.04 0.046
0 0.059 0.698 0.03 0.032
0 0.024 0.698 0.04 0.036
0 0.181 0.728 0.03 0.044
0 0.118 0.782 0.036 0.04
0 0.086 0.783 0.036 0.034
0 0.131 0.844 0.046 0.048
0 0.083 0.849 0.046 0.046
0 0.018 0.882 0.032 0.044
0 0.033 0.898 0.022 0.04
0 0.073 0.929 0.058 0.046
0 0.112 0.979 0.044 0.038
0 0.144 0.891 0.044 0.042
0 0.139 0.619 0.038 0.038
0 0.092 0.623 0.044 0.042
0 0.042 0.581 0.036 0.058
0 0.622 0.663 0.044 0.042
0 0.578 0.703 0.048 0.054
0 0.528 0.687 0.036 0.046
0 0.592 0.754 0.048 0.048
0 0.506 0.777 0.044 0.066
0 0.434 0.772 0.036 0.048
0 0.363 0.761 0.05 0.05
0 0.389 0.813 0.05 0.07
0 0.292 0.886 0.044 0.04
0 0.244 0.885 0.04 0.042
0 0.23 0.906 0.04 0.036
0 0.319 0.958 0.058 0.048
0 0.268 0.941 0.036 0.046
0 0.375 0.919 0.078 0.074
0 0.822 0.77 0.04 0.044
0 0.845 0.794 0.03 0.036
0 0.788 0.805 0.032 0.046
0 0.654 0.701 0.048 0.038
0 0.68 0.762 0.048 0.06
0 0.66 0.769 0.04 0.054
0 0.61 0.818 0.044 0.048
0 0.661 0.829 0.034 0.03
0 0.678 0.849 0.032 0.026
0 0.691 0.896 0.042 0.076
0 0.637 0.908 0.05 0.044
0 0.587 0.892 0.042 0.04
0 0.599 0.956 0.046 0.064
0 0.544 0.972 0.036 0.052
0 0.504 0.964 0.036 0.056
0 0.437 0.95 0.034 0.036
0 0.958 0.849 0.052 0.046
0 0.939 0.817 0.038 0.046
0 0.923 0.885 0.038 0.038
0 0.922 0.934 0.036 0.048
0 0.847 0.928 0.038 0.052
0 0.851 0.88 0.022 0.044
0 0.817 0.876 0.042 0.056
0 0.764 0.865 0.04 0.042
0 0.752 0.895 0.032 0.038
0 0.873 0.748 0.034 0.048
0 0.925 0.676 0.034 0.048
0 0.834 0.689 0.036 0.058
0 0.779 0.696 0.042 0.044
0 0.906 0.61 0.04 0.044
0 0.895 0.567 0.038 0.034
0 0.555 0.593 0.042 0.058
0 0.479 0.51 0.05 0.064
0 0.404 0.718 0.044 0.04
0 0.889 0.471 0.022 0.022
0 0.485 0.886 0.038 0.04
0 0.637 0.139 0.034 0.042
0 0.228 0.274 0.04 0.048
1 0.81 0.154 0.028 0.032
1 0.743 0.149 0.034 0.03
1 0.75 0.083 0.028 0.03
1 0.71 0.177 0.032 0.018
1 0.801 0.281 0.014 0.026
1 0.369 0.128 0.022 0.032
1 0.084 0.077 0.028 0.03
1 0.875 0.526 0.022 0.024
1 0.791 0.528 0.022 0.024
1 0.797 0.513 0.026 0.022
1 0.353 0.248 0.026 0.036
1 0.623 0.549 0.022 0.03
1 0.634 0.461 0.032 0.038
1 0.479 0.284 0.018 0.024
1 0.454 0.307 0.028 0.03
1 0.431 0.288 0.026 0.024
1 0.217 0.321 0.018 0.026
1 0.099 0.325 0.022 0.022
1 0.076 0.362 0.02 0.024
1 0.392 0.201 0.02 0.034
1 0.52 0.296 0.024 0.028
1 0.67 0.323 0.024 0.022
1 0.604 0.319 0.02 0.022
1 0.324 0.198 0.028 0.032
1 0.148 0.401 0.016 0.022
1 0.128 0.4 0.024 0.024
1 0.125 0.477 0.042 0.026
1 0.202 0.51 0.02 0.02
1 0.251 0.448 0.022 0.032
1 0.95 0.228 0.032 0.024
1 0.947 0.414 0.026 0.028
1 0.974 0.443 0.02 0.018
1 0.97 0.462 0.016 0.016
1 0.072 0.866 0.028 0.02
1 0.074 0.972 0.024 0.024
1 0.125 0.597 0.038 0.03
1 0.351 0.787 0.03 0.014
1 0.281 0.845 0.03 0.022
1 0.204 0.847 0.016 0.034
1 0.588 0.808 0.012 0.016
1 0.823 0.922 0.014 0.02
1 0.83 0.9 0.02 0.016
1 0.742 0.926 0.036 0.02
1 0.681 0.971 0.022 0.026
1 0.664 0.976 0.012 0.024
1 0.732 0.835 0.028 0.022
1 0.756 0.836 0.016 0.016
1 0.872 0.782 0.024 0.024
1 0.747 0.701 0.022 0.026
1 0.477 0.549 0.018 0.022
1 0.424 0.557 0.024 0.022
1 0.426 0.73 0.016 0.024
1 0.251 0.694 0.03 0.028
1 0.428 0.905 0.012 0.022
1 0.418 0.894 0.016 0.016
1 0.814 0.908 0.012 0.02
1 0.152 0.225 0.04 0.034
1 0.057 0.241 0.018 0.042
1 0.011 0.304 0.018 0.028
1 0.874 0.656 0.028 0.04
1 0.895 0.685 0.026 0.022
2 0.272 0.554 0.024 0.044
2 0.48 0.951 0.012 0.018
2 0.748 0.8 0.032 0.028
2 0.201 0.674 0.03 0.032
2 0.459 0.416 0.014 0.02
2 0.465 0.426 0.022 0.016
2 0.473 0.414 0.01 0.016
2 0.855 0.403 0.026 0.022
2 0.585 0.549 0.03 0.046
2 0.577 0.568 0.03 0.028
2 0.609 0.599 0.01 0.026
2 0.655 0.603 0.014 0.014
2 0.572 0.494 0.04 0.036
2 0.54 0.51 0.028 0.02
2 0.548 0.537 0.032 0.042
2 0.52 0.503 0.016 0.022
2 0.489 0.654 0.022 0.02
2 0.483 0.676 0.026 0.02
2 0.451 0.677 0.03 0.026
2 0.336 0.654 0.032 0.024
2 0.562 0.142 0.032 0.04
2 0.229 0.11 0.03 0.024
2 0.954 0.262 0.04 0.044
2 0.436 0.469 0.024 0.03
2 0.814 0.453 0.02 0.026
2 0.803 0.473 0.018 0.014