0 0.16 0.542 0.048 0.068
0 0.16 0.113 0.04 0.046
0 0.145 0.164 0.046 0.06
0 0.226 0.121 0.04 0.07
0 0.296 0.137 0.044 0.066
0 0.264 0.145 0.04 0.058
0 0.283 0.192 0.038 0.04
0 0.261 0.2 0.022 0.036
0 0.208 0.24 0.048 0.076
0 0.227 0.183 0.018 0.03
0 0.22 0.196 0.012 0.012
0 0.207 0.195 0.018 0.022
0 0.037 0.057 0.058 0.078
0 0.248 0.023 0.036 0.046
0 0.286 0.032 0.048 0.064
0 0.355 0.032 0.046 0.064
0 0.459 0.02 0.046 0.04
0 0.625 0.055 0.046 0.062
0 0.578 0.079 0.048 0.062
0 0.686 0.107 0.04 0.066
0 0.625 0.133 0.042 0.066
0 0.758 0.093 0.036 0.074
0 0.728 0.096 0.032 0.064
0 0.857 0.048 0.038 0.048
0 0.985 0.046 0.026 0.06
0 0.979 0.072 0.03 0.04
0 0.871 0.099 0.034 0.034
0 0.867 0.128 0.034 0.04
0 0.812 0.168 0.036 0.064
0 0.766 0.194 0.056 0.048
0 0.831 0.223 0.05 0.054
0 0.357 0.37 0.05 0.068
0 0.432 0.35 0.044 0.056
0 0.398 0.345 0.032 0.046
0 0.463 0.209 0.05 0.066
0 0.401 0.188 0.042 0.08
0 0.493 0.145 0.042 0.05
0 0.547 0.149 0.042 0.054
0 0.567 0.218 0.05 0.06
0 0.617 0.262 0.054 0.052
0 0.663 0.299 0.054 0.074
0 0.714 0.267 0.048 0.058
0 0.583 0.325 0.038 0.042
0 0.574 0.352 0.048 0.044
0 0.742 0.345 0.044 0.058
0 0.738 0.411 0.064 0.058
0 0.837 0.312 0.042 0.068
0 0.86 0.333 0.044 0.066
0 0.928 0.321 0.048 0.058
0 0.902 0.382 0.044 0.064
0 0.928 0.406 0.04 0.056
0 0.99 0.413 0.016 0.058
0 0.846 0.447 0.056 0.054
0 0.962 0.472 0.04 0.06
0 0.985 0.278 0.026 0.052
0 0.98 0.296 0.028 0.032
0 0.774 0.341 0.016 0.046
0 0.615 0.416 0.046 0.056
0 0.759 0.373 0.026 0.018
0 0.774 0.515 0.032 0.05
0 0.731 0.565 0.042 0.066
0 0.689 0.55 0.054 0.076
0 0.764 0.615 0.044 0.078
0 0.854 0.591 0.044 0.05
0 0.879 0.539 0.062 0.05
0 0.953 0.563 0.042 0.062
0 0.959 0.589 0.042 0.046
0 0.569 0.642 0.042 0.08
0 0.543 0.628 0.038 0.06
0 0.486 0.622 0.056 0.064
0 0.432 0.63 0.032 0.032
0 0.464 0.687 0.048 0.058
0 0.583 0.706 0.042 0.052
0 0.665 0.705 0.05 0.074
0 0.706 0.723 0.036 0.066
0 0.673 0.755 0.05 0.066
0 0.803 0.742 0.046 0.068
0 0.748 0.796 0.04 0.08
0 0.799 0.79 0.058 0.052
0 0.859 0.782 0.034 0.052
0 0.929 0.763 0.046 0.062
0 0.968 0.778 0.06 0.076
0 0.979 0.696 0.038 0.052
0 0.924 0.645 0.036 0.066
0 0.522 0.449 0.052 0.054
0 0.506 0.42 0.04 0.048
0 0.427 0.502 0.038 0.06
0 0.692 0.209 0.04 0.046
0 0.678 0.167 0.032 0.034
0 0.552 0.496 0.056 0.076
0 0.855 0.864 0.054 0.068
0 0.927 0.896 0.042 0.064
0 0.957 0.886 0.03 0.06
0 0.986 0.894 0.024 0.052
0 0.884 0.973 0.048 0.05
0 0.759 0.961 0.042 0.07
0 0.719 0.977 0.042 0.042
0 0.701 0.902 0.042 0.064
0 0.807 0.933 0.038 0.054
0 0.615 0.795 0.05 0.066
0 0.489 0.81 0.058 0.06
0 0.525 0.808 0.034 0.068
0 0.478 0.876 0.056 0.06
0 0.447 0.905 0.038 0.046
0 0.554 0.934 0.048 0.056
0 0.633 0.927 0.062 0.066
0 0.29 0.862 0.056 0.068
0 0.363 0.77 0.038 0.064
0 0.417 0.767 0.05 0.066
0 0.319 0.758 0.05 0.068
0 0.298 0.799 0.036 0.038
0 0.236 0.72 0.052 0.064
0 0.196 0.71 0.04 0.068
0 0.03 0.642 0.048 0.064
0 0.022 0.599 0.036 0.066
0 0.097 0.556 0.03 0.036
0 0.132 0.516 0.048 0.048
0 0.185 0.475 0.03 0.03
0 0.218 0.535 0.04 0.062
0 0.302 0.451 0.048 0.086
0 0.369 0.478 0.054 0.06
0 0.339 0.535 0.042 0.062
0 0.256 0.562 0.044 0.072
0 0.283 0.614 0.05 0.064
0 0.295 0.292 0.058 0.08
0 0.252 0.276 0.044 0.068
0 0.245 0.314 0.038 0.024
0 0.185 0.311 0.05 0.05
0 0.134 0.331 0.052 0.07
0 0.162 0.401 0.052 0.07
0 0.231 0.376 0.038 0.076
0 0.507 0.24 0.046 0.056
0 0.504 0.317 0.044 0.054
0 0.429 0.289 0.082 0.07
0 0.377 0.251 0.05 0.07
0 0.471 0.5 0.026 0.036
0 0.456 0.531 0.04 0.07
0 0.488 0.549 0.04 0.066
0 0.585 0.557 0.03 0.026
0 0.867 0.674 0.046 0.06
0 0.952 0.65 0.044 0.072
0 0.907 0.68 0.038 0.044
0 0.645 0.983 0.042 0.03
0 0.668 0.952 0.024 0.036
0 0.626 0.968 0.036 0.024
0 0.55 0.98 0.048 0.036
0 0.456 0.967 0.064 0.062
0 0.618 0.85 0.048 0.056
0 0.043 0.966 0.042 0.064
0 0.106 0.944 0.036 0.056
0 0.137 0.904 0.05 0.096
0 0.03 0.903 0.048 0.058
0 0.035 0.836 0.05 0.064
0 0.014 0.787 0.028 0.054
0 0.095 0.751 0.046 0.058
0 0.15 0.792 0.048 0.068
0 0.107 0.796 0.046 0.056
0 0.223 0.802 0.05 0.076
0 0.193 0.948 0.046 0.068
0 0.172 0.591 0.044 0.046
0 0.228 0.903 0.036 0.05
0 0.29 0.933 0.04 0.05
0 0.293 0.957 0.042 0.058
0 0.012 0.456 0.024 0.056
0 0.514 0.954 0.036 0.06
0 0.502 0.988 0.04 0.02
0 0.389 0.967 0.054 0.062
0 0.087 0.445 0.034 0.03
0 0.078 0.489 0.036 0.05
0 0.1 0.262 0.04 0.056
0 0.012 0.099 0.024 0.038
0 0.195 0.172 0.046 0.072
0 0.397 0.057 0.042 0.09
0 0.39 0.149 0.048 0.046
0 0.763 0.502 0.038 0.064
0 0.883 0.267 0.058 0.066
0 0.955 0.374 0.034 0.032
0 0.644 0.567 0.028 0.038
0 0.652 0.546 0.032 0.032
0 0.726 0.651 0.032 0.062
1 0.224 0.043 0.028 0.038
1 0.746 0.058 0.032 0.02
1 0.92 0.038 0.028 0.036
1 0.913 0.1 0.022 0.032
1 0.702 0.167 0.024 0.03
1 0.825 0.345 0.022 0.034
1 0.667 0.346 0.022 0.028
1 0.813 0.509 0.03 0.034
1 0.903 0.887 0.022 0.026
1 0.767 0.89 0.026 0.028
1 0.894 0.938 0.032 0.032
1 0.263 0.381 0.026 0.034
1 0.016 0.409 0.032 0.018
1 0.035 0.491 0.022 0.022
1 0.537 0.887 0.034 0.034
1 0.592 0.923 0.02 0.026
1 0.5 0.951 0.028 0.022
1 0.068 0.887 0.02 0.03
1 0.352 0.675 0.024 0.022
1 0.202 0.101 0.024 0.022
1 0.421 0.089 0.026 0.034
1 0.341 0.074 0.03 0.032
1 0.345 0.247 0.014 0.026
1 0.562 0.292 0.024 0.032
1 0.668 0.429 0.02 0.03
1 0.562 0.553 0.008 0.03
1 0.545 0.543 0.026 0.018
1 0.23 0.485 0.028 0.03
1 0.137 0.378 0.026 0.024
1 0.071 0.349 0.026 0.03
1 0.073 0.096 0.022 0.028
1 0.123 0.681 0.03 0.026
1 0.662 0.146 0.028 0.032
1 0.661 0.063 0.022 0.03
1 0.889 0.231 0.022 0.034
1 0.836 0.086 0.024 0.032
1 0.629 0.585 0.03 0.03
1 0.688 0.462 0.032 0.028
1 0.442 0.594 0.04 0.02
1 0.891 0.59 0.026 0.036
1 0.867 0.619 0.03 0.03
1 0.238 0.853 0.016 0.026
1 0.476 0.732 0.028 0.024
1 0.515 0.725 0.01 0.014
1 0.382 0.859 0.044 0.03
1 0.841 0.815 0.026 0.03
1 0.773 0.738 0.022 0.032
2 0.146 0.979 0.016 0.022
2 0.16 0.965 0.012 0.018
2 0.418 0.981 0.02 0.026
2 0.053 0.211 0.03 0.062
2 0.09 0.218 0.024 0.024
2 0.451 0.147 0.034 0.046
2 0.698 0.401 0.032 0.05
2 0.24 0.41 0.02 0.024
2 0.294 0.525 0.036 0.038
2 0.054 0.341 0.024 0.046
2 0.088 0.165 0.02 0.014
2 0.105 0.188 0.018 0.04
2 0.152 0.726 0.052 0.056
2 0.898 0.185 0.06 0.046
2 0.531 0.288 0.026 0.028
2 0.351 0.204 0.022 0.028
2 0.924 0.24 0.024 0.02
2 0.718 0.445 0.032 0.03
2 0.515 0.571 0.03 0.034
2 0.531 0.597 0.038 0.026
2 0.194 0.859 0.028 0.03
2 0.857 0.49 0.022 0.044