0 0.904 0.934 0.048 0.048
0 0.837 0.906 0.038 0.036
0 0.81 0.73 0.06 0.04
0 0.722 0.693 0.064 0.034
0 0.733 0.78 0.038 0.044
0 0.785 0.9 0.034 0.044
0 0.58 0.63 0.056 0.08
0 0.698 0.508 0.056 0.048
0 0.71 0.581 0.04 0.046
0 0.746 0.619 0.076 0.078
0 0.885 0.646 0.05 0.044
0 0.927 0.68 0.042 0.064
0 0.89 0.538 0.06 0.044
0 0.906 0.485 0.052 0.058
0 0.801 0.416 0.066 0.084
0 0.652 0.671 0.044 0.07
0 0.608 0.52 0.052 0.048
0 0.572 0.485 0.044 0.062
0 0.538 0.699 0.056 0.042
0 0.505 0.713 0.038 0.046
0 0.403 0.745 0.062 0.05
0 0.567 0.803 0.042 0.042
0 0.634 0.864 0.04 0.048
0 0.464 0.765 0.076 0.07
0 0.974 0.3 0.048 0.072
0 0.977 0.137 0.042 0.07
0 0.936 0.048 0.04 0.064
0 0.822 0.095 0.064 0.074
0 0.904 0.275 0.068 0.066
0 0.698 0.194 0.072 0.048
0 0.877 0.249 0.054 0.054
0 0.631 0.266 0.066 0.064
0 0.569 0.292 0.042 0.06
0 0.576 0.353 0.036 0.05
0 0.477 0.341 0.054 0.066
0 0.938 0.957 0.032 0.05
0 0.813 0.97 0.042 0.044
0 0.727 0.956 0.038 0.036
0 0.761 0.895 0.034 0.05
0 0.696 0.759 0.036 0.038
0 0.769 0.808 0.038 0.044
0 0.843 0.816 0.042 0.036
0 0.791 0.78 0.042 0.04
0 0.85 0.612 0.052 0.052
0 0.623 0.567 0.034 0.038
0 0.644 0.986 0.052 0.024
0 0.623 0.97 0.042 0.032
0 0.559 0.982 0.034 0.032
0 0.506 0.941 0.056 0.042
0 0.463 0.876 0.03 0.048
0 0.389 0.938 0.042 0.044
0 0.377 0.913 0.034 0.038
0 0.335 0.89 0.042 0.04
0 0.29 0.889 0.036 0.05
0 0.334 0.843 0.044 0.054
0 0.368 0.863 0.036 0.042
0 0.245 0.937 0.046 0.042
0 0.234 0.882 0.056 0.072
0 0.396 0.796 0.056 0.04
0 0.419 0.592 0.046 0.048
0 0.528 0.651 0.036 0.042
0 0.466 0.539 0.052 0.046
0 0.434 0.555 0.032 0.042
0 0.51 0.532 0.036 0.032
0 0.372 0.548 0.04 0.036
0 0.38 0.636 0.048 0.04
0 0.334 0.592 0.036 0.036
0 0.367 0.517 0.042 0.026
0 0.327 0.521 0.046 0.042
0 0.279 0.519 0.038 0.038
0 0.278 0.483 0.032 0.042
0 0.356 0.459 0.04 0.05
0 0.407 0.461 0.058 0.062
0 0.462 0.425 0.044 0.09
0 0.521 0.39 0.038 0.052
0 0.552 0.401 0.036 0.046
0 0.422 0.396 0.032 0.044
0 0.364 0.394 0.06 0.06
0 0.333 0.413 0.038 0.038
0 0.301 0.441 0.046 0.042
0 0.238 0.276 0.032 0.044
0 0.255 0.546 0.03 0.032
0 0.323 0.277 0.046 0.046
0 0.396 0.315 0.048 0.05
0 0.396 0.357 0.04 0.042
0 0.321 0.33 0.042 0.048
0 0.304 0.318 0.036 0.036
0 0.252 0.346 0.04 0.032
0 0.247 0.397 0.038 0.062
0 0.16 0.506 0.036 0.04
0 0.215 0.526 0.046 0.036
0 0.148 0.402 0.036 0.036
0 0.15 0.354 0.044 0.032
0 0.17 0.253 0.028 0.03
0 0.152 0.23 0.048 0.068
0 0.356 0.285 0.036 0.042
0 0.429 0.25 0.046 0.052
0 0.545 0.229 0.058 0.05
0 0.41 0.101 0.04 0.042
0 0.402 0.182 0.04 0.032
0 0.349 0.144 0.05 0.044
0 0.331 0.199 0.034 0.03
0 0.196 0.167 0.036 0.058
0 0.094 0.046 0.04 0.048
0 0.133 0.05 0.034 0.036
0 0.334 0.664 0.036 0.036
0 0.303 0.671 0.054 0.078
0 0.341 0.762 0.026 0.028
0 0.332 0.787 0.032 0.022
0 0.299 0.756 0.03 0.036
0 0.252 0.751 0.052 0.042
0 0.173 0.664 0.046 0.036
0 0.11 0.327 0.044 0.042
0 0.102 0.427 0.044 0.046
0 0.056 0.491 0.04 0.03
0 0.044 0.542 0.04 0.036
0 0.087 0.554 0.046 0.04
0 0.139 0.576 0.05 0.04
0 0.167 0.561 0.03 0.034
0 0.373 0.018 0.05 0.032
0 0.535 0.023 0.034 0.038
0 0.302 0.083 0.036 0.042
0 0.29 0.054 0.064 0.036
0 0.265 0.04 0.066 0.048
0 0.25 0.012 0.06 0.02
0 0.191 0.018 0.038 0.032
0 0.077 0.014 0.046 0.024
0 0.03 0.017 0.056 0.03
0 0.028 0.099 0.036 0.038
0 0.069 0.168 0.042 0.028
0 0.08 0.141 0.028 0.03
0 0.4 0.064 0.04 0.044
0 0.092 0.223 0.04 0.038
0 0.061 0.226 0.034 0.048
0 0.08 0.329 0.036 0.046
0 0.042 0.319 0.036 0.034
0 0.085 0.387 0.046 0.03
0 0.068 0.374 0.052 0.04
0 0.032 0.363 0.044 0.034
0 0.011 0.346 0.018 0.068
0 0.016 0.252 0.028 0.052
0 0.074 0.915 0.064 0.042
0 0.125 0.726 0.042 0.04
0 0.139 0.749 0.05 0.03
0 0.138 0.814 0.04 0.044
0 0.11 0.79 0.04 0.028
0 0.062 0.755 0.04 0.03
0 0.039 0.811 0.046 0.046
0 0.213 0.621 0.038 0.042
0 0.104 0.68 0.032 0.052
0 0.067 0.679 0.034 0.034
0 0.024 0.677 0.028 0.042
0 0.015 0.627 0.026 0.054
0 0.01 0.442 0.016 0.064
0 0.061 0.589 0.038 0.038
0 0.194 0.805 0.04 0.042
0 0.184 0.758 0.044 0.04
0 0.807 0.361 0.046 0.058
0 0.051 0.981 0.05 0.034
0 0.015 0.199 0.026 0.054
0 0.104 0.26 0.036 0.032
0 0.398 0.414 0.032 0.04
0 0.93 0.827 0.032 0.062
0 0.614 0.351 0.04 0.046
1 0.952 0.896 0.032 0.024
1 0.912 0.987 0.032 0.022
1 0.874 0.855 0.016 0.026
1 0.944 0.785 0.02 0.022
1 0.815 0.875 0.026 0.026
1 0.824 0.797 0.032 0.034
1 0.662 0.771 0.032 0.03
1 0.582 0.843 0.02 0.03
1 0.485 0.814 0.018 0.032
1 0.415 0.723 0.026 0.022
1 0.541 0.764 0.03 0.028
1 0.721 0.894 0.026 0.032
1 0.733 0.866 0.022 0.028
1 0.719 0.832 0.034 0.036
1 0.692 0.63 0.028 0.02
1 0.652 0.579 0.02 0.022
1 0.532 0.573 0.036 0.022
1 0.472 0.578 0.024 0.028
1 0.394 0.553 0.024 0.026
1 0.204 0.705 0.028 0.026
1 0.177 0.704 0.034 0.028
1 0.492 0.63 0.036 0.032
1 0.317 0.726 0.022 0.024
1 0.431 0.899 0.03 0.042
1 0.467 0.953 0.022 0.034
1 0.295 0.835 0.022 0.026
1 0.254 0.834 0.032 0.024
1 0.249 0.804 0.026 0.024
1 0.225 0.796 0.03 0.028
1 0.272 0.579 0.028 0.034
1 0.231 0.559 0.018 0.026
1 0.954 0.597 0.04 0.038
1 0.871 0.491 0.026 0.042
1 0.991 0.372 0.014 0.028
1 0.942 0.48 0.024 0.02
1 0.617 0.209 0.026 0.038
1 0.475 0.108 0.026 0.028
1 0.443 0.157 0.03 0.026
1 0.872 0.128 0.044 0.032
1 0.815 0.048 0.046 0.032
1 0.164 0.179 0.028 0.026
1 0.246 0.206 0.032 0.04
1 0.315 0.243 0.03 0.022
1 0.397 0.28 0.022 0.036
1 0.212 0.427 0.024 0.03
1 0.161 0.457 0.03 0.038
1 0.157 0.305 0.026 0.026
1 0.255 0.32 0.026 0.024
1 0.177 0.122 0.038 0.024
1 0.06 0.147 0.024 0.026
1 0.039 0.194 0.034 0.028
1 0.018 0.421 0.024 0.03
1 0.083 0.276 0.022 0.028
1 0.201 0.264 0.03 0.032
1 0.188 0.549 0.032 0.022
1 0.321 0.372 0.038 0.044
1 0.082 0.823 0.04 0.026
1 0.042 0.904 0.024 0.024
1 0.105 0.894 0.03 0.028
1 0.098 0.948 0.036 0.024
1 0.013 0.765 0.022 0.034
1 0.011 0.686 0.018 0.024
1 0.382 0.24 0.028 0.032
1 0.453 0.022 0.026 0.036
1 0.327 0.117 0.034 0.026
1 0.586 0.577 0.036 0.046
1 0.7 0.724 0.04 0.032
1 0.846 0.859 0.04 0.038
1 0.483 0.983 0.022 0.03
1 0.367 0.991 0.034 0.014
1 0.125 0.99 0.034 0.016
1 0.056 0.859 0.04 0.026
1 0.63 0.395 0.036 0.026
1 0.295 0.618 0.038 0.04
1 0.01 0.535 0.016 0.038
1 0.227 0.476 0.03 0.036
2 0.691 0.336 0.066 0.064
2 0.756 0.359 0.048 0.058
2 0.841 0.36 0.03 0.036
2 0.814 0.488 0.04 0.032
2 0.458 0.295 0.032 0.042
2 0.75 0.077 0.044 0.026
2 0.712 0.071 0.02 0.026
2 0.581 0.113 0.018 0.026
2 0.073 0.452 0.038 0.056
2 0.454 0.812 0.032 0.04
2 0.166 0.989 0.056 0.018
2 0.097 0.979 0.034 0.022
2 0.847 0.775 0.05 0.038
2 0.988 0.921 0.02 0.058
2 0.993 0.485 0.01 0.066
2 0.213 0.361 0.042 0.042
2 0.503 0.283 0.026 0.042