0 0.874 0.18 0.044 0.048
0 0.797 0.178 0.034 0.044
0 0.73 0.215 0.04 0.062
0 0.628 0.141 0.036 0.054
0 0.495 0.022 0.038 0.036
0 0.712 0.095 0.04 0.038
0 0.689 0.113 0.046 0.038
0 0.978 0.076 0.04 0.048
0 0.964 0.13 0.036 0.04
0 0.866 0.018 0.032 0.032
0 0.799 0.103 0.038 0.05
0 0.779 0.141 0.034 0.046
0 0.895 0.268 0.042 0.04
0 0.838 0.29 0.044 0.048
0 0.758 0.306 0.04 0.044
0 0.651 0.292 0.046 0.068
0 0.598 0.313 0.056 0.058
0 0.917 0.357 0.046 0.046
0 0.78 0.381 0.036 0.046
0 0.677 0.406 0.042 0.056
0 0.975 0.431 0.042 0.062
0 0.915 0.405 0.042 0.038
0 0.426 0.097 0.032 0.042
0 0.273 0.209 0.034 0.05
0 0.508 0.451 0.044 0.054
0 0.235 0.034 0.038 0.064
0 0.338 0.255 0.04 0.042
0 0.824 0.517 0.04 0.054
0 0.858 0.562 0.036 0.064
0 0.299 0.537 0.046 0.066
0 0.456 0.522 0.044 0.044
0 0.361 0.402 0.07 0.052
0 0.019 0.364 0.034 0.04
0 0.801 0.558 0.038 0.064
0 0.911 0.639 0.038 0.07
0 0.766 0.762 0.056 0.08
0 0.35 0.55 0.04 0.068
0 0.576 0.976 0.06 0.044
0 0.032 0.303 0.044 0.054
0 0.027 0.443 0.038 0.05
0 0.238 0.369 0.04 0.042
0 0.247 0.293 0.034 0.042
0 0.234 0.212 0.028 0.06
0 0.181 0.237 0.046 0.042
0 0.748 0.023 0.048 0.042
0 0.614 0.039 0.036 0.042
0 0.454 0.057 0.032 0.038
0 0.329 0.03 0.062 0.052
0 0.287 0.048 0.03 0.036
0 0.433 0.276 0.054 0.044
0 0.114 0.517 0.052 0.046
0 0.233 0.641 0.05 0.062
0 0.397 0.659 0.042 0.05
0 0.968 0.819 0.044 0.058
0 0.92 0.926 0.04 0.06
0 0.858 0.897 0.044 0.058
0 0.85 0.665 0.048 0.054
0 0.816 0.632 0.04 0.052
0 0.187 0.029 0.03 0.046
0 0.078 0.029 0.032 0.038
0 0.057 0.113 0.038 0.038
0 0.124 0.189 0.04 0.038
0 0.084 0.584 0.048 0.056
0 0.048 0.661 0.048 0.046
0 0.043 0.707 0.042 0.03
0 0.084 0.915 0.06 0.074
0 0.221 0.916 0.038 0.048
0 0.017 0.975 0.03 0.046
0 0.093 0.641 0.046 0.046
0 0.137 0.665 0.046 0.054
0 0.212 0.708 0.04 0.044
0 0.011 0.751 0.018 0.038
0 0.184 0.798 0.048 0.044
0 0.07 0.746 0.036 0.044
0 0.13 0.94 0.036 0.04
0 0.483 0.937 0.058 0.07
0 0.375 0.866 0.054 0.056
0 0.521 0.834 0.054 0.088
0 0.914 0.694 0.036 0.036
0 0.848 0.725 0.044 0.054
0 0.861 0.778 0.03 0.044
0 0.824 0.779 0.032 0.082
0 0.738 0.969 0.076 0.058
0 0.693 0.791 0.038 0.038
0 0.681 0.866 0.038 0.06
0 0.42 0.954 0.06 0.088
0 0.907 0.778 0.022 0.032
0 0.606 0.735 0.04 0.054
0 0.51 0.738 0.06 0.052
0 0.33 0.719 0.06 0.114
0 0.291 0.843 0.042 0.054
0 0.746 0.671 0.044 0.038
0 0.722 0.579 0.048 0.058
0 0.165 0.616 0.066 0.068
0 0.084 0.471 0.036 0.054
0 0.321 0.373 0.05 0.05
0 0.54 0.276 0.048 0.052
0 0.491 0.204 0.034 0.064
0 0.55 0.155 0.036 0.034
0 0.387 0.11 0.046 0.064
0 0.323 0.095 0.03 0.038
0 0.442 0.154 0.052 0.056
0 0.068 0.188 0.036 0.044
0 0.019 0.178 0.034 0.084
0 0.133 0.032 0.038 0.04
0 0.502 0.055 0.028 0.042
0 0.754 0.101 0.032 0.054
0 0.439 0.464 0.046 0.06
0 0.612 0.515 0.048 0.062
0 0.515 0.533 0.03 0.038
0 0.173 0.872 0.042 0.052
0 0.536 0.642 0.044 0.06
0 0.908 0.454 0.044 0.044
0 0.952 0.384 0.032 0.048
0 0.992 0.347 0.012 0.058
0 0.847 0.148 0.03 0.052
0 0.068 0.811 0.06 0.042
0 0.695 0.693 0.042 0.054
0 0.913 0.965 0.03 0.042
0 0.636 0.848 0.036 0.056
0 0.536 0.499 0.032 0.046
0 0.126 0.115 0.04 0.03
0 0.939 0.081 0.03 0.034
0 0.845 0.055 0.03 0.054
0 0.804 0.022 0.052 0.032
0 0.792 0.063 0.036 0.034
0 0.915 0.232 0.058 0.052
0 0.931 0.288 0.034 0.044
0 0.845 0.391 0.034 0.046
0 0.07 0.072 0.032 0.036
0 0.139 0.272 0.038 0.052
0 0.732 0.727 0.032 0.03
0 0.972 0.89 0.048 0.048
0 0.822 0.986 0.044 0.024
0 0.99 0.789 0.016 0.054
0 0.505 0.792 0.03 0.052
0 0.479 0.795 0.034 0.05
0 0.356 0.853 0.056 0.058
0 0.013 0.648 0.022 0.056
0 0.027 0.57 0.038 0.044
0 0.054 0.409 0.048 0.054
0 0.065 0.295 0.038 0.034
0 0.082 0.263 0.032 0.042
0 0.048 0.257 0.036 0.042
0 0.229 0.108 0.038 0.036
0 0.31 0.283 0.032 0.054
0 0.685 0.007 0.042 0.014
0 0.033 0.064 0.042 0.044
0 0.033 0.114 0.042 0.052
1 0.195 0.566 0.03 0.024
1 0.51 0.612 0.016 0.04
1 0.397 0.704 0.022 0.032
1 0.128 0.755 0.028 0.022
1 0.223 0.85 0.03 0.028
1 0.524 0.571 0.028 0.022
1 0.329 0.431 0.014 0.01
1 0.082 0.342 0.02 0.028
1 0.723 0.123 0.022 0.014
1 0.529 0.064 0.022 0.028
1 0.547 0.086 0.022 0.02
1 0.557 0.122 0.034 0.028
1 0.528 0.108 0.024 0.024
1 0.395 0.035 0.022 0.018
1 0.41 0.009 0.024 0.018
1 0.244 0.155 0.032 0.022
1 0.096 0.209 0.016 0.026
1 0.395 0.2 0.03 0.028
1 0.393 0.235 0.03 0.03
1 0.603 0.266 0.03 0.02
1 0.689 0.033 0.022 0.022
1 0.883 0.341 0.022 0.026
1 0.799 0.426 0.022 0.024
1 0.821 0.686 0.026 0.02
1 0.872 0.827 0.028 0.022
1 0.776 0.845 0.032 0.014
1 0.717 0.889 0.042 0.038
1 0.335 0.833 0.022 0.022
1 0.292 0.807 0.024 0.022
1 0.107 0.987 0.026 0.022
1 0.125 0.914 0.018 0.02
1 0.021 0.512 0.022 0.024
1 0.017 0.415 0.026 0.022
1 0.192 0.436 0.024 0.024
1 0.203 0.274 0.018 0.024
1 0.218 0.317 0.02 0.026
1 0.161 0.049 0.018 0.026
1 0.11 0.214 0.016 0.024
1 0.333 0.292 0.018 0.024
1 0.626 0.006 0.024 0.012
1 0.543 0.04 0.014 0.024
1 0.523 0.208 0.03 0.024
1 0.297 0.725 0.022 0.03
1 0.046 0.01 0.036 0.02
1 0.018 0.015 0.032 0.03
1 0.119 0.071 0.014 0.018
1 0.142 0.129 0.032 0.018
1 0.592 0.002 0.02 0.004
1 0.638 0.515 0.024 0.034
1 0.638 0.479 0.028 0.03
1 0.614 0.466 0.02 0.028
2 0.927 0.127 0.058 0.046
2 0.436 0.684 0.044 0.064
2 0.276 0.713 0.036 0.066
2 0.2 0.673 0.028 0.038
2 0.628 0.908 0.04 0.052
2 0.976 0.968 0.044 0.048
2 0.668 0.927 0.036 0.038
2 0.377 0.278 0.038 0.048
2 0.698 0.311 0.04 0.046
2 0.985 0.038 0.022 0.032
2 0.581 0.695 0.07 0.05
2 0.342 0.617 0.04 0.042
2 0.778 0.541 0.032 0.038
2 0.732 0.408 0.052 0.088
2 0.31 0.986 0.08 0.024
2 0.689 0.206 0.03 0.024
2 0.915 0.176 0.018 0.02
2 0.902 0.028 0.016 0.032
2 0.949 0.042 0.026 0.04
2 0.906 0.563 0.036 0.07
2 0.86 0.617 0.028 0.026
2 0.761 0.631 0.022 0.03
2 0.686 0.587 0.028 0.022
2 0.683 0.76 0.03 0.024
2 0.742 0.829 0.032 0.022
2 0.766 0.908 0.028 0.04
2 0.727 0.931 0.038 0.042
2 0.493 0.86 0.066 0.096
2 0.201 0.847 0.018 0.03
2 0.201 0.904 0.014 0.032
2 0.318 0.936 0.028 0.028
2 0.237 0.962 0.03 0.044
2 0.096 0.874 0.036 0.048
2 0.051 0.876 0.022 0.02
2 0.032 0.536 0.052 0.024
2 0.307 0.127 0.05 0.05
2 0.199 0.075 0.022 0.026
2 0.207 0.125 0.046 0.03
2 0.186 0.147 0.032 0.026
2 0.343 0.34 0.05 0.06
2 0.229 0.271 0.034 0.046
2 0.751 0.184 0.03 0.032
2 0.794 0.303 0.028 0.05
2 0.675 0.058 0.018 0.048
2 0.534 0.183 0.028 0.042
2 0.62 0.234 0.028 0.032
2 0.67 0.339 0.036 0.05
2 0.343 0.478 0.034 0.028
2 0.006 0.119 0.008 0.034
2 0.047 0.156 0.034 0.024
2 0.407 0.079 0.034 0.05
2 0.583 0.041 0.022 0.026
2 0.548 0.008 0.016 0.016