0 0.968 0.864 0.04 0.048
0 0.962 0.95 0.036 0.032
0 0.995 0.978 0.006 0.036
0 0.762 0.987 0.036 0.022
0 0.743 0.97 0.034 0.04
0 0.774 0.947 0.028 0.042
0 0.9 0.847 0.032 0.038
0 0.859 0.835 0.03 0.03
0 0.817 0.824 0.046 0.036
0 0.893 0.787 0.03 0.05
0 0.84 0.758 0.028 0.028
0 0.973 0.818 0.01 0.012
0 0.959 0.812 0.018 0.028
0 0.975 0.794 0.014 0.012
0 0.966 0.66 0.036 0.036
0 0.964 0.547 0.064 0.074
0 0.939 0.623 0.046 0.038
0 0.91 0.606 0.056 0.064
0 0.702 0.82 0.044 0.048
0 0.693 0.741 0.054 0.066
0 0.741 0.717 0.038 0.046
0 0.674 0.671 0.04 0.05
0 0.708 0.684 0.04 0.036
0 0.776 0.647 0.04 0.038
0 0.516 0.946 0.04 0.044
0 0.503 0.993 0.046 0.01
0 0.621 0.83 0.026 0.028
0 0.603 0.82 0.026 0.032
0 0.636 0.75 0.044 0.048
0 0.557 0.767 0.046 0.046
0 0.455 0.897 0.046 0.034
0 0.38 0.91 0.028 0.024
0 0.262 0.956 0.044 0.036
0 0.275 0.935 0.034 0.022
0 0.132 0.989 0.064 0.018
0 0.116 0.969 0.024 0.026
0 0.138 0.953 0.04 0.042
0 0.065 0.892 0.042 0.052
0 0.116 0.919 0.044 0.042
0 0.167 0.911 0.042 0.042
0 0.273 0.887 0.034 0.03
0 0.137 0.786 0.046 0.052
0 0.05 0.777 0.032 0.038
0 0.031 0.697 0.042 0.054
0 0.104 0.673 0.036 0.03
0 0.087 0.652 0.046 0.024
0 0.029 0.529 0.038 0.042
0 0.092 0.514 0.036 0.036
0 0.132 0.531 0.032 0.038
0 0.015 0.433 0.026 0.038
0 0.036 0.388 0.04 0.044
0 0.012 0.013 0.02 0.022
0 0.182 0.012 0.044 0.02
0 0.162 0.054 0.04 0.04
0 0.223 0.059 0.038 0.034
0 0.247 0.101 0.046 0.034
0 0.292 0.047 0.032 0.03
0 0.469 0.019 0.062 0.034
0 0.092 0.124 0.044 0.044
0 0.134 0.155 0.032 0.038
0 0.095 0.207 0.05 0.054
0 0.134 0.191 0.024 0.038
0 0.14 0.245 0.024 0.022
0 0.12 0.291 0.028 0.034
0 0.177 0.21 0.058 0.06
0 0.199 0.146 0.058 0.056
0 0.227 0.177 0.046 0.078
0 0.249 0.225 0.026 0.042
0 0.297 0.183 0.054 0.066
0 0.213 0.328 0.042 0.04
0 0.128 0.354 0.04 0.048
0 0.18 0.362 0.032 0.04
0 0.208 0.378 0.032 0.028
0 0.244 0.48 0.064 0.1
0 0.334 0.927 0.04 0.062
0 0.473 0.841 0.038 0.046
0 0.479 0.767 0.034 0.038
0 0.499 0.741 0.034 0.042
0 0.512 0.717 0.036 0.026
0 0.514 0.657 0.044 0.042
0 0.573 0.657 0.038 0.05
0 0.623 0.666 0.026 0.032
0 0.537 0.578 0.034 0.044
0 0.496 0.587 0.044 0.058
0 0.498 0.536 0.044 0.052
0 0.446 0.573 0.04 0.07
0 0.398 0.572 0.04 0.048
0 0.359 0.579 0.038 0.046
0 0.623 0.015 0.05 0.026
0 0.679 0.012 0.054 0.02
0 0.628 0.065 0.04 0.034
0 0.924 0.012 0.048 0.02
0 0.976 0.037 0.036 0.03
0 0.988 0.013 0.02 0.022
0 0.971 0.098 0.042 0.048
0 0.861 0.065 0.054 0.054
0 0.793 0.091 0.034 0.034
0 0.826 0.143 0.012 0.03
0 0.9 0.197 0.04 0.03
0 0.938 0.262 0.032 0.06
0 0.838 0.239 0.02 0.034
0 0.852 0.217 0.032 0.05
0 0.743 0.161 0.038 0.05
0 0.688 0.102 0.032 0.044
0 0.65 0.105 0.04 0.05
0 0.675 0.063 0.018 0.026
0 0.579 0.056 0.03 0.04
0 0.533 0.088 0.018 0.024
0 0.518 0.1 0.012 0.032
0 0.503 0.199 0.054 0.054
0 0.59 0.116 0.048 0.056
0 0.594 0.231 0.04 0.046
0 0.458 0.257 0.052 0.046
0 0.388 0.238 0.032 0.04
0 0.381 0.293 0.03 0.038
0 0.441 0.294 0.038 0.032
0 0.413 0.306 0.022 0.036
0 0.36 0.463 0.044 0.042
0 0.397 0.49 0.03 0.044
0 0.457 0.448 0.038 0.04
0 0.491 0.466 0.034 0.028
0 0.797 0.292 0.022 0.028
0 0.798 0.325 0.052 0.046
0 0.73 0.336 0.04 0.028
0 0.7 0.301 0.028 0.026
0 0.581 0.346 0.042 0.04
0 0.493 0.387 0.042 0.05
0 0.989 0.446 0.018 0.048
0 0.993 0.507 0.01 0.026
0 0.851 0.472 0.042 0.032
0 0.863 0.677 0.066 0.046
0 0.852 0.703 0.028 0.018
0 0.793 0.595 0.034 0.042
0 0.866 0.537 0.02 0.026
0 0.832 0.513 0.04 0.03
0 0.711 0.575 0.038 0.034
0 0.723 0.599 0.062 0.058
0 0.862 0.406 0.036 0.036
0 0.813 0.392 0.034 0.056
0 0.8 0.441 0.036 0.026
0 0.786 0.426 0.032 0.036
0 0.765 0.39 0.038 0.04
0 0.8 0.355 0.028 0.026
0 0.791 0.377 0.03 0.018
0 0.69 0.385 0.036 0.046
0 0.639 0.483 0.042 0.058
0 0.544 0.516 0.04 0.044
0 0.591 0.51 0.03 0.04
0 0.551 0.461 0.03 0.03
0 0.571 0.441 0.026 0.034
0 0.266 0.588 0.052 0.06
0 0.235 0.618 0.038 0.052
0 0.251 0.667 0.034 0.038
0 0.326 0.641 0.036 0.034
0 0.305 0.688 0.046 0.036
0 0.432 0.693 0.052 0.042
0 0.365 0.72 0.026 0.048
0 0.309 0.728 0.05 0.056
0 0.3 0.773 0.024 0.038
0 0.266 0.733 0.04 0.046
1 0.99 0.846 0.016 0.028
1 0.983 0.906 0.018 0.024
1 0.882 0.994 0.056 0.008
1 0.807 0.964 0.034 0.016
1 0.683 0.99 0.03 0.016
1 0.813 0.904 0.018 0.024
1 0.785 0.822 0.018 0.032
1 0.964 0.733 0.024 0.022
1 0.986 0.781 0.016 0.03
1 0.99 0.815 0.016 0.014
1 0.981 0.536 0.034 0.04
1 0.788 0.714 0.02 0.016
1 0.8 0.689 0.028 0.022
1 0.675 0.886 0.022 0.024
1 0.598 0.862 0.024 0.02
1 0.657 0.772 0.006 0.016
1 0.546 0.733 0.02 0.022
1 0.365 0.932 0.01 0.016
1 0.287 0.953 0.018 0.014
1 0.216 0.994 0.024 0.008
1 0.256 0.918 0.024 0.016
1 0.204 0.871 0.008 0.018
1 0.164 0.844 0.024 0.016
1 0.123 0.828 0.018 0.032
1 0.034 0.752 0.028 0.02
1 0.059 0.733 0.018 0.034
1 0.046 0.62 0.008 0.032
1 0.026 0.614 0.016 0.02
1 0.006 0.271 0.008 0.026
1 0.023 0.268 0.022 0.02
1 0.005 0.04 0.006 0.036
1 0.131 0.07 0.014 0.024
1 0.172 0.078 0.02 0.02
1 0.312 0.018 0.024 0.02
1 0.36 0.046 0.024 0.02
1 0.367 0.075 0.026 0.018
1 0.08 0.145 0.024 0.022
1 0.108 0.264 0.028 0.02
1 0.151 0.293 0.026 0.022
1 0.219 0.297 0.026 0.014
1 0.175 0.386 0.018 0.012
1 0.195 0.407 0.03 0.014
1 0.191 0.538 0.01 0.012
1 0.184 0.519 0.008 0.006
1 0.181 0.601 0.018 0.026
1 0.199 0.621 0.022 0.022
1 0.401 0.852 0.022 0.02
1 0.462 0.806 0.028 0.02
1 0.387 0.805 0.022 0.018
1 0.518 0.689 0.016 0.014
1 0.605 0.608 0.026 0.024
1 0.598 0.597 0.012 0.026
1 0.79 0.142 0.032 0.024
1 0.92 0.298 0.02 0.024
1 0.856 0.304 0.012 0.024
1 0.885 0.274 0.026 0.028
1 0.841 0.285 0.018 0.014
1 0.723 0.122 0.018 0.024
1 0.662 0.046 0.032 0.012
1 0.475 0.09 0.018 0.024
1 0.535 0.038 0.018 0.02
1 0.539 0.14 0.026 0.02
1 0.55 0.117 0.024 0.014
1 0.586 0.2 0.028 0.02
1 0.647 0.232 0.026 0.032
1 0.34 0.282 0.024 0.012
1 0.366 0.342 0.02 0.032
1 0.456 0.34 0.024 0.016
1 0.458 0.334 0.012 0.012
1 0.357 0.508 0.022 0.028
1 0.718 0.252 0.02 0.028
1 0.65 0.289 0.02 0.014
1 0.576 0.305 0.02 0.026
1 0.554 0.374 0.012 0.024
1 0.537 0.407 0.014 0.01
1 0.981 0.459 0.022 0.026
1 0.878 0.478 0.008 0.016
1 0.848 0.631 0.02 0.018
1 0.814 0.595 0.028 0.018
1 0.749 0.529 0.018 0.022
1 0.889 0.384 0.026 0.02
1 0.66 0.466 0.016 0.024
1 0.563 0.485 0.026 0.018
1 0.287 0.516 0.026 0.028
1 0.376 0.677 0.028 0.018
1 0.414 0.718 0.024 0.02
1 0.285 0.765 0.018 0.018
1 0.123 0.584 0.018 0.02
1 0.105 0.605 0.018 0.018
1 0.422 0.168 0.02 0.012
1 0.174 0.425 0.016 0.022
1 0.167 0.44 0.014 0.008
1 0.049 0.185 0.022 0.018
1 0.069 0.256 0.006 0.012
1 0.758 0.02 0.02 0.028
1 0.385 0.006 0.018 0.008
2 0.868 0.912 0.036 0.032
2 0.933 0.752 0.022 0.02
2 0.535 0.959 0.026 0.026
2 0.591 0.726 0.026 0.028
2 0.214 0.846 0.02 0.024
2 0.061 0.678 0.042 0.04
2 0.022 0.586 0.04 0.04
2 0.387 0.88 0.026 0.02
2 0.502 0.807 0.032 0.022
2 0.743 0.111 0.014 0.022
2 0.477 0.122 0.026 0.024
2 0.348 0.396 0.04 0.048
2 0.544 0.407 0.024 0.05
2 0.807 0.652 0.026 0.028
2 0.22 0.774 0.032 0.036
2 0.144 0.58 0.012 0.04
2 0.735 0.837 0.026 0.022
2 0.741 0.81 0.026 0.028
2 0.721 0.854 0.014 0.032
2 0.808 0.762 0.008 0.008
2 0.838 0.448 0.02 0.024
2 0.675 0.436 0.014 0.02
2 0.387 0.641 0.014 0.022