0 0.213 0.284 0.062 0.08
0 0.754 0.855 0.06 0.086
0 0.656 0.909 0.04 0.054
0 0.575 0.93 0.03 0.036
0 0.851 0.791 0.05 0.074
0 0.893 0.773 0.038 0.07
0 0.862 0.706 0.044 0.06
0 0.827 0.749 0.05 0.074
0 0.773 0.765 0.038 0.034
0 0.958 0.665 0.044 0.066
0 0.939 0.608 0.042 0.072
0 0.862 0.606 0.052 0.072
0 0.825 0.515 0.042 0.07
0 0.767 0.487 0.038 0.054
0 0.713 0.446 0.034 0.068
0 0.763 0.363 0.034 0.062
0 0.73 0.343 0.032 0.062
0 0.668 0.305 0.04 0.054
0 0.454 0.34 0.04 0.072
0 0.439 0.273 0.054 0.066
0 0.353 0.319 0.054 0.054
0 0.264 0.322 0.052 0.04
0 0.251 0.425 0.054 0.054
0 0.265 0.399 0.038 0.03
0 0.197 0.38 0.03 0.04
0 0.152 0.376 0.036 0.056
0 0.108 0.352 0.04 0.06
0 0.115 0.41 0.026 0.052
0 0.442 0.912 0.044 0.08
0 0.363 0.898 0.054 0.068
0 0.358 0.955 0.044 0.046
0 0.239 0.875 0.038 0.038
0 0.136 0.94 0.048 0.056
0 0.069 0.951 0.042 0.054
0 0.043 0.977 0.05 0.042
0 0.058 0.906 0.044 0.064
0 0.962 0.953 0.032 0.046
0 0.887 0.952 0.05 0.04
0 0.878 0.979 0.04 0.038
0 0.918 0.913 0.032 0.046
0 0.628 0.796 0.048 0.068
0 0.591 0.779 0.038 0.082
0 0.483 0.812 0.034 0.064
0 0.445 0.831 0.034 0.038
0 0.363 0.831 0.058 0.074
0 0.633 0.67 0.058 0.04
0 0.641 0.603 0.038 0.07
0 0.558 0.623 0.056 0.078
0 0.574 0.547 0.052 0.062
0 0.5 0.599 0.028 0.062
0 0.466 0.607 0.032 0.046
0 0.572 0.468 0.064 0.068
0 0.751 0.707 0.046 0.082
0 0.716 0.719 0.044 0.05
0 0.533 0.736 0.046 0.06
0 0.54 0.67 0.036 0.044
0 0.139 0.836 0.058 0.072
0 0.034 0.837 0.036 0.066
0 0.059 0.765 0.03 0.034
0 0.83 0.397 0.044 0.074
0 0.868 0.329 0.036 0.046
0 0.911 0.28 0.062 0.064
0 0.726 0.136 0.052 0.088
0 0.62 0.127 0.06 0.102
0 0.612 0.041 0.056 0.042
0 0.575 0.046 0.03 0.056
0 0.539 0.049 0.034 0.054
0 0.49 0.086 0.048 0.068
0 0.411 0.097 0.038 0.058
0 0.783 0.06 0.042 0.064
0 0.754 0.03 0.056 0.056
0 0.685 0.099 0.034 0.066
0 0.52 0.199 0.06 0.102
0 0.544 0.252 0.044 0.052
0 0.271 0.652 0.038 0.076
0 0.298 0.592 0.044 0.064
0 0.338 0.691 0.032 0.042
0 0.333 0.495 0.042 0.07
0 0.142 0.724 0.052 0.04
0 0.123 0.668 0.078 0.076
0 0.071 0.657 0.042 0.082
0 0.044 0.668 0.024 0.052
0 0.168 0.533 0.048 0.058
0 0.094 0.562 0.048 0.056
0 0.064 0.495 0.044 0.058
0 0.026 0.542 0.048 0.056
0 0.02 0.5 0.036 0.032
0 0.017 0.466 0.026 0.04
0 0.159 0.256 0.046 0.052
0 0.118 0.278 0.056 0.048
0 0.206 0.206 0.04 0.064
0 0.384 0.174 0.036 0.076
0 0.346 0.225 0.072 0.074
0 0.219 0.106 0.066 0.104
0 0.095 0.128 0.042 0.056
0 0.025 0.172 0.034 0.044
0 0.134 0.02 0.048 0.036
0 0.339 0.031 0.046 0.05
0 0.267 0.028 0.05 0.052
0 0.311 0.023 0.026 0.042
0 0.928 0.027 0.044 0.05
0 0.931 0.152 0.046 0.064
0 0.046 0.24 0.052 0.064
0 0.875 0.909 0.062 0.074
0 0.794 0.844 0.024 0.052
0 0.236 0.753 0.028 0.042
0 0.945 0.504 0.03 0.048
0 0.973 0.325 0.046 0.054
0 0.963 0.353 0.03 0.042
0 0.673 0.382 0.05 0.072
0 0.494 0.224 0.032 0.044
1 0.622 0.949 0.02 0.03
1 0.782 0.745 0.02 0.018
1 0.836 0.593 0.02 0.038
1 0.876 0.538 0.02 0.028
1 0.763 0.555 0.026 0.034
1 0.69 0.428 0.024 0.024
1 0.696 0.388 0.012 0.032
1 0.582 0.309 0.02 0.026
1 0.538 0.354 0.024 0.02
1 0.489 0.353 0.026 0.026
1 0.265 0.359 0.018 0.018
1 0.184 0.419 0.028 0.03
1 0.33 0.923 0.02 0.022
1 0.209 0.881 0.026 0.018
1 0.187 0.871 0.022 0.026
1 0.164 0.899 0.024 0.03
1 0.99 0.969 0.016 0.026
1 0.545 0.805 0.022 0.03
1 0.481 0.584 0.014 0.02
1 0.583 0.418 0.022 0.024
1 0.655 0.754 0.022 0.028
1 0.644 0.738 0.02 0.02
1 0.548 0.698 0.024 0.02
1 0.841 0.914 0.018 0.028
1 0.762 0.939 0.024 0.018
1 0.117 0.88 0.014 0.012
1 0.834 0.289 0.016 0.022
1 0.864 0.241 0.028 0.018
1 0.752 0.279 0.024 0.03
1 0.857 0.151 0.018 0.034
1 0.872 0.134 0.012 0.024
1 0.841 0.137 0.034 0.042
1 0.814 0.186 0.036 0.056
1 0.768 0.213 0.028 0.034
1 0.749 0.221 0.022 0.026
1 0.645 0.066 0.042 0.016
1 0.442 0.095 0.032 0.014
1 0.786 0.103 0.024 0.022
1 0.502 0.256 0.024 0.028
1 0.708 0.637 0.016 0.018
1 0.683 0.644 0.022 0.028
1 0.664 0.645 0.02 0.03
1 0.518 0.853 0.032 0.026
1 0.232 0.562 0.036 0.04
1 0.179 0.565 0.022 0.018
1 0.353 0.712 0.018 0.02
1 0.352 0.735 0.032 0.018
1 0.364 0.484 0.02 0.036
1 0.414 0.494 0.04 0.02
1 0.434 0.454 0.032 0.024
1 0.409 0.387 0.018 0.038
1 0.33 0.445 0.028 0.042
1 0.272 0.805 0.028 0.022
1 0.176 0.79 0.032 0.036
1 0.182 0.731 0.016 0.022
1 0.048 0.58 0.024 0.02
1 0.066 0.591 0.016 0.018
1 0.054 0.596 0.008 0.012
1 0.097 0.459 0.022 0.014
1 0.079 0.456 0.018 0.012
1 0.06 0.452 0.02 0.02
1 0.391 0.249 0.018 0.03
1 0.365 0.25 0.026 0.036
1 0.334 0.234 0.02 0.024
1 0.303 0.169 0.018 0.03
1 0.27 0.184 0.024 0.036
1 0.279 0.124 0.022 0.032
1 0.174 0.08 0.016 0.028
1 0.113 0.057 0.022 0.03
1 0.085 0.043 0.018 0.026
1 0.052 0.029 0.032 0.034
1 0.061 0.172 0.034 0.064
1 0.371 0.019 0.014 0.018
1 0.356 0.01 0.012 0.016
1 0.982 0.102 0.032 0.04
1 0.839 0.016 0.018 0.016
1 0.9 0.103 0.036 0.022
1 0.899 0.156 0.018 0.036
1 0.015 0.266 0.018 0.016
1 0.942 0.859 0.032 0.018
1 0.964 0.739 0.028 0.034
1 0.46 0.693 0.032 0.034
1 0.418 0.733 0.028 0.03
1 0.243 0.78 0.026 0.024
1 0.261 0.758 0.022 0.028
1 0.985 0.598 0.022 0.028
1 0.92 0.423 0.016 0.026
1 0.892 0.376 0.028 0.024
1 0.646 0.364 0.024 0.024
1 0.099 0.48 0.03 0.028
1 0.991 0.27 0.014 0.024
1 0.166 0.982 0.02 0.032
1 0.189 0.93 0.022 0.012
1 0.203 0.915 0.03 0.014
2 0.226 0.892 0.016 0.02
2 0.685 0.756 0.022 0.036
2 0.956 0.035 0.036 0.022
2 0.607 0.865 0.026 0.042
2 0.462 0.738 0.028 0.024
2 0.455 0.768 0.022 0.02
2 0.012 0.769 0.02 0.026
2 0.672 0.678 0.024 0.032
2 0.449 0.642 0.01 0.02
2 0.443 0.626 0.014 0.016
2 0.753 0.614 0.022 0.02
2 0.875 0.45 0.03 0.04
2 0.443 0.52 0.03 0.056
2 0.432 0.555 0.036 0.026
2 0.798 0.253 0.02 0.018