0 0.896 0.012 0.032 0.024
0 0.964 0.239 0.044 0.066
0 0.987 0.325 0.022 0.066
0 0.982 0.4 0.032 0.064
0 0.918 0.417 0.044 0.066
0 0.845 0.415 0.026 0.042
0 0.821 0.415 0.03 0.058
0 0.859 0.286 0.042 0.072
0 0.768 0.249 0.032 0.042
0 0.79 0.311 0.044 0.046
0 0.771 0.366 0.03 0.052
0 0.666 0.266 0.036 0.06
0 0.641 0.307 0.026 0.05
0 0.792 0.158 0.04 0.08
0 0.836 0.082 0.036 0.056
0 0.731 0.063 0.03 0.078
0 0.67 0.03 0.024 0.028
0 0.681 0.1 0.042 0.072
0 0.69 0.149 0.036 0.054
0 0.992 0.596 0.012 0.052
0 0.976 0.564 0.032 0.048
0 0.905 0.554 0.046 0.048
0 0.896 0.52 0.032 0.052
0 0.868 0.548 0.032 0.04
0 0.894 0.578 0.028 0.016
0 0.831 0.592 0.03 0.052
0 0.791 0.584 0.034 0.048
0 0.736 0.58 0.036 0.064
0 0.855 0.48 0.038 0.052
0 0.735 0.48 0.03 0.04
0 0.972 0.71 0.036 0.06
0 0.95 0.661 0.032 0.054
0 0.882 0.672 0.028 0.052
0 0.91 0.745 0.032 0.038
0 0.942 0.792 0.036 0.044
0 0.965 0.784 0.018 0.04
0 0.993 0.861 0.01 0.042
0 0.931 0.897 0.034 0.058
0 0.917 0.853 0.034 0.046
0 0.927 0.824 0.026 0.02
0 0.858 0.85 0.02 0.036
0 0.851 0.884 0.01 0.024
0 0.833 0.868 0.034 0.04
0 0.798 0.897 0.044 0.054
0 0.792 0.859 0.032 0.046
0 0.759 0.816 0.026 0.064
0 0.696 0.851 0.016 0.046
0 0.624 0.827 0.02 0.05
0 0.808 0.965 0.036 0.054
0 0.771 0.968 0.038 0.032
0 0.888 0.985 0.04 0.026
0 0.622 0.993 0.016 0.01
0 0.599 0.939 0.038 0.042
0 0.655 0.904 0.022 0.048
0 0.589 0.887 0.022 0.046
0 0.735 0.705 0.034 0.038
0 0.715 0.715 0.026 0.05
0 0.781 0.717 0.022 0.03
0 0.573 0.04 0.03 0.052
0 0.473 0.046 0.046 0.056
0 0.415 0.023 0.046 0.046
0 0.345 0.011 0.042 0.022
0 0.263 0.036 0.034 0.06
0 0.17 0.023 0.044 0.042
0 0.045 0.011 0.03 0.022
0 0.056 0.094 0.024 0.028
0 0.072 0.138 0.02 0.048
0 0.099 0.132 0.034 0.088
0 0.145 0.118 0.026 0.044
0 0.27 0.106 0.036 0.048
0 0.382 0.112 0.04 0.068
0 0.513 0.108 0.03 0.052
0 0.573 0.157 0.034 0.062
0 0.604 0.224 0.048 0.072
0 0.548 0.297 0.056 0.078
0 0.614 0.381 0.036 0.042
0 0.589 0.408 0.03 0.036
0 0.575 0.392 0.018 0.036
0 0.447 0.33 0.03 0.036
0 0.427 0.291 0.03 0.07
0 0.391 0.266 0.014 0.032
0 0.471 0.232 0.05 0.064
0 0.401 0.152 0.034 0.056
0 0.359 0.165 0.03 0.046
0 0.335 0.196 0.042 0.064
0 0.17 0.304 0.044 0.06
0 0.118 0.236 0.036 0.044
0 0.009 0.377 0.014 0.054
0 0.025 0.497 0.046 0.078
0 0.058 0.955 0.032 0.05
0 0.025 0.87 0.022 0.04
0 0.007 0.877 0.01 0.034
0 0.115 0.952 0.038 0.044
0 0.216 0.928 0.036 0.056
0 0.152 0.85 0.032 0.04
0 0.119 0.834 0.038 0.036
0 0.073 0.843 0.03 0.05
0 0.03 0.779 0.032 0.054
0 0.087 0.781 0.038 0.034
0 0.049 0.701 0.038 0.05
0 0.201 0.373 0.026 0.046
0 0.167 0.543 0.034 0.058
0 0.267 0.454 0.03 0.048
0 0.308 0.449 0.044 0.062
0 0.343 0.384 0.034 0.04
0 0.332 0.376 0.028 0.044
0 0.337 0.3 0.038 0.06
0 0.404 0.349 0.024 0.038
0 0.419 0.439 0.034 0.07
0 0.604 0.475 0.024 0.042
0 0.559 0.478 0.034 0.048
0 0.503 0.452 0.034 0.06
0 0.647 0.512 0.034 0.052
0 0.658 0.581 0.032 0.046
0 0.626 0.598 0.028 0.044
0 0.475 0.528 0.026 0.06
0 0.44 0.556 0.044 0.056
0 0.426 0.585 0.024 0.018
0 0.381 0.539 0.05 0.046
0 0.315 0.592 0.022 0.04
0 0.097 0.734 0.046 0.044
0 0.161 0.735 0.042 0.066
0 0.21 0.717 0.036 0.066
0 0.229 0.689 0.022 0.05
0 0.227 0.761 0.034 0.054
0 0.286 0.763 0.02 0.042
0 0.325 0.986 0.046 0.024
0 0.417 0.992 0.042 0.012
0 0.29 0.919 0.032 0.05
0 0.422 0.908 0.04 0.064
0 0.505 0.921 0.026 0.046
0 0.474 0.864 0.028 0.048
0 0.514 0.859 0.024 0.034
0 0.404 0.817 0.028 0.042
0 0.326 0.716 0.024 0.056
0 0.432 0.658 0.04 0.06
0 0.595 0.67 0.03 0.052
0 0.63 0.692 0.016 0.04
0 0.557 0.685 0.038 0.046
0 0.563 0.73 0.034 0.048
0 0.514 0.732 0.04 0.056
0 0.475 0.758 0.038 0.056
0 0.451 0.745 0.022 0.038
0 0.421 0.731 0.034 0.038
0 0.309 0.831 0.03 0.062
0 0.232 0.867 0.044 0.054
0 0.537 0.776 0.022 0.028
1 0.815 0.028 0.014 0.028
1 0.778 0.008 0.028 0.016
1 0.922 0.111 0.024 0.018
1 0.985 0.125 0.01 0.01
1 0.986 0.141 0.012 0.014
1 0.956 0.223 0.016 0.018
1 0.893 0.346 0.022 0.02
1 0.84 0.344 0.024 0.02
1 0.888 0.255 0.02 0.014
1 0.734 0.249 0.016 0.026
1 0.943 0.56 0.022 0.02
1 0.819 0.47 0.018 0.024
1 0.757 0.442 0.014 0.024
1 0.73 0.444 0.016 0.02
1 0.725 0.418 0.022 0.024
1 0.702 0.405 0.02 0.018
1 0.728 0.386 0.012 0.02
1 0.751 0.474 0.01 0.02
1 0.732 0.46 0.012 0.012
1 0.895 0.703 0.03 0.022
1 0.878 0.751 0.016 0.018
1 0.854 0.768 0.016 0.016
1 0.846 0.825 0.02 0.022
1 0.7 0.804 0.016 0.04
1 0.665 0.86 0.014 0.04
1 0.672 0.989 0.016 0.018
1 0.658 0.99 0.016 0.016
1 0.672 0.969 0.024 0.018
1 0.644 0.971 0.008 0.026
1 0.685 0.936 0.014 0.028
1 0.701 0.734 0.014 0.024
1 0.786 0.689 0.02 0.022
1 0.819 0.689 0.034 0.014
1 0.23 0.044 0.02 0.028
1 0.286 0.005 0.016 0.01
1 0.204 0.041 0.012 0.026
1 0.209 0.067 0.018 0.026
1 0.048 0.042 0.02 0.016
1 0.039 0.1 0.026 0.028
1 0.178 0.132 0.02 0.028
1 0.266 0.139 0.028 0.022
1 0.421 0.089 0.014 0.014
1 0.433 0.091 0.01 0.006
1 0.438 0.073 0.008 0.01
1 0.476 0.133 0.016 0.022
1 0.496 0.156 0.016 0.016
1 0.486 0.172 0.02 0.016
1 0.464 0.194 0.024 0.02
1 0.531 0.367 0.022 0.034
1 0.47 0.325 0.016 0.022
1 0.383 0.225 0.014 0.026
1 0.203 0.213 0.014 0.03
1 0.226 0.225 0.032 0.014
1 0.26 0.225 0.02 0.022
1 0.278 0.214 0.016 0.02
1 0.319 0.225 0.018 0.014
1 0.082 0.252 0.016 0.024
1 0.061 0.194 0.03 0.012
1 0.073 0.896 0.03 0.02
1 0.098 0.901 0.02 0.022
1 0.147 0.966 0.026 0.036
1 0.071 0.875 0.014 0.014
1 0.058 0.666 0.024 0.02
1 0.029 0.628 0.026 0.016
1 0.035 0.602 0.022 0.024
1 0.087 0.574 0.01 0.032
1 0.115 0.504 0.014 0.028
1 0.183 0.496 0.022 0.024
1 0.138 0.427 0.012 0.038
1 0.122 0.388 0.012 0.012
1 0.342 0.411 0.024 0.018
1 0.474 0.402 0.02 0.024
1 0.407 0.429 0.018 0.026
1 0.627 0.464 0.018 0.02
1 0.578 0.438 0.016 0.012
1 0.567 0.426 0.01 0.012
1 0.7 0.542 0.016 0.016
1 0.608 0.547 0.024 0.022
1 0.6 0.526 0.008 0.008
1 0.605 0.573 0.01 0.014
1 0.375 0.568 0.026 0.02
1 0.151 0.637 0.03 0.018
1 0.251 0.756 0.01 0.024
1 0.423 0.958 0.022 0.02
1 0.353 0.939 0.014 0.022
1 0.386 0.903 0.012 0.03
1 0.485 0.979 0.018 0.026
1 0.459 0.809 0.018 0.026
1 0.397 0.842 0.03 0.016
1 0.369 0.766 0.01 0.032
1 0.53 0.608 0.016 0.02
1 0.522 0.633 0.024 0.026
1 0.567 0.764 0.022 0.02
1 0.423 0.759 0.022 0.018
1 0.178 0.821 0.012 0.03
1 0.181 0.851 0.018 0.018
1 0.551 0.814 0.022 0.044
1 0.526 0.79 0.016 0.016
1 0.516 0.8 0.012 0.016
1 0.523 0.808 0.01 0.012
1 0.081 0.293 0.018 0.014
2 0.825 0.156 0.038 0.06
2 0.952 0.528 0.02 0.02
2 0.651 0.971 0.006 0.018
2 0.138 0.395 0.024 0.034
2 0.166 0.624 0.02 0.028
2 0.717 0.662 0.022 0.04
2 0.288 0.403 0.024 0.03
2 0.344 0.346 0.016 0.012
2 0.031 0.257 0.014 0.054
2 0.29 0.564 0.032 0.048
2 0.554 0.517 0.008 0.022
2 0.478 0.568 0.016 0.024
2 0.106 0.467 0.012 0.014
2 0.581 0.274 0.022 0.052
2 0.534 0.947 0.012 0.018
2 0.936 0.939 0.028 0.022
2 0.013 0.743 0.022 0.026
2 0.166 0.997 0.04 0.002
2 0.924 0.183 0.012 0.022
2 0.936 0.198 0.016 0.012