0 0.926 0.915 0.04 0.046
0 0.97 0.931 0.056 0.046
0 0.97 0.965 0.056 0.058
0 0.891 0.833 0.046 0.066
0 0.977 0.831 0.042 0.082
0 0.976 0.802 0.044 0.064
0 0.85 0.801 0.048 0.066
0 0.926 0.73 0.052 0.064
0 0.827 0.748 0.054 0.056
0 0.789 0.752 0.034 0.048
0 0.977 0.62 0.042 0.056
0 0.944 0.601 0.028 0.026
0 0.975 0.586 0.042 0.036
0 0.894 0.603 0.032 0.058
0 0.983 0.543 0.03 0.058
0 0.958 0.527 0.04 0.038
0 0.982 0.485 0.032 0.066
0 0.986 0.426 0.024 0.064
0 0.955 0.331 0.058 0.05
0 0.97 0.28 0.048 0.052
0 0.979 0.018 0.038 0.032
0 0.892 0.099 0.04 0.042
0 0.819 0.207 0.046 0.05
0 0.809 0.253 0.05 0.046
0 0.784 0.312 0.04 0.048
0 0.888 0.421 0.04 0.026
0 0.872 0.438 0.036 0.044
0 0.886 0.471 0.044 0.046
0 0.805 0.539 0.038 0.038
0 0.831 0.537 0.034 0.038
0 0.85 0.611 0.052 0.074
0 0.731 0.6 0.062 0.084
0 0.691 0.605 0.03 0.054
0 0.747 0.681 0.034 0.026
0 0.706 0.813 0.048 0.074
0 0.762 0.934 0.028 0.028
0 0.811 0.968 0.026 0.04
0 0.795 0.973 0.038 0.034
0 0.772 0.995 0.02 0.006
0 0.688 0.96 0.044 0.044
0 0.663 0.981 0.05 0.034
0 0.637 0.876 0.046 0.044
0 0.609 0.976 0.046 0.044
0 0.623 0.958 0.034 0.036
0 0.756 0.485 0.052 0.054
0 0.709 0.481 0.042 0.046
0 0.68 0.482 0.06 0.088
0 0.637 0.515 0.038 0.058
0 0.656 0.446 0.036 0.024
0 0.73 0.381 0.04 0.034
0 0.647 0.376 0.05 0.044
0 0.637 0.332 0.054 0.052
0 0.603 0.351 0.034 0.058
0 0.735 0.154 0.074 0.096
0 0.685 0.16 0.026 0.048
0 0.776 0.103 0.072 0.058
0 0.681 0.236 0.058 0.056
0 0.718 0.246 0.044 0.044
0 0.793 0.014 0.062 0.024
0 0.659 0.107 0.054 0.046
0 0.679 0.017 0.05 0.03
0 0.64 0.054 0.068 0.048
0 0.646 0.138 0.028 0.036
0 0.635 0.243 0.042 0.05
0 0.564 0.028 0.076 0.052
0 0.547 0.073 0.05 0.038
0 0.524 0.142 0.044 0.02
0 0.55 0.226 0.052 0.096
0 0.471 0.266 0.054 0.044
0 0.476 0.119 0.056 0.022
0 0.505 0.01 0.034 0.016
0 0.435 0.016 0.034 0.028
0 0.379 0.032 0.03 0.032
0 0.361 0.012 0.038 0.02
0 0.287 0.053 0.034 0.03
0 0.279 0.087 0.03 0.038
0 0.312 0.103 0.048 0.042
0 0.373 0.134 0.05 0.06
0 0.308 0.137 0.032 0.034
0 0.431 0.154 0.062 0.052
0 0.458 0.175 0.032 0.022
0 0.213 0.052 0.038 0.048
0 0.145 0.066 0.042 0.024
0 0.189 0.118 0.066 0.056
0 0.21 0.144 0.06 0.04
0 0.019 0.059 0.034 0.07
0 0.04 0.078 0.076 0.08
0 0.112 0.147 0.024 0.038
0 0.027 0.153 0.05 0.058
0 0.031 0.191 0.05 0.046
0 0.18 0.209 0.036 0.038
0 0.216 0.198 0.044 0.036
0 0.23 0.253 0.052 0.07
0 0.225 0.286 0.07 0.044
0 0.273 0.255 0.034 0.042
0 0.199 0.237 0.022 0.03
0 0.374 0.298 0.084 0.084
0 0.371 0.253 0.07 0.046
0 0.159 0.32 0.062 0.076
0 0.058 0.297 0.04 0.042
0 0.308 0.306 0.04 0.048
0 0.513 0.322 0.034 0.028
0 0.538 0.327 0.036 0.026
0 0.409 0.326 0.042 0.02
0 0.434 0.369 0.056 0.054
0 0.419 0.35 0.042 0.056
0 0.395 0.364 0.026 0.036
0 0.504 0.369 0.028 0.026
0 0.494 0.42 0.048 0.048
0 0.391 0.415 0.022 0.054
0 0.539 0.409 0.042 0.062
0 0.538 0.488 0.044 0.06
0 0.427 0.479 0.062 0.066
0 0.382 0.489 0.04 0.058
0 0.635 0.584 0.03 0.048
0 0.491 0.615 0.046 0.074
0 0.508 0.691 0.056 0.066
0 0.543 0.64 0.046 0.052
0 0.562 0.696 0.048 0.064
0 0.629 0.712 0.058 0.06
0 0.653 0.73 0.03 0.032
0 0.601 0.754 0.026 0.032
0 0.571 0.764 0.038 0.084
0 0.594 0.837 0.04 0.058
0 0.461 0.75 0.034 0.028
0 0.423 0.784 0.03 0.048
0 0.514 0.824 0.032 0.044
0 0.572 0.901 0.028 0.034
0 0.535 0.982 0.058 0.032
0 0.463 0.98 0.05 0.036
0 0.454 0.931 0.056 0.042
0 0.44 0.891 0.04 0.038
0 0.412 0.879 0.04 0.03
0 0.39 0.983 0.036 0.026
0 0.37 0.923 0.048 0.054
0 0.329 0.972 0.054 0.052
0 0.305 0.934 0.038 0.048
0 0.268 0.968 0.036 0.056
0 0.25 0.995 0.032 0.006
0 0.282 0.811 0.032 0.038
0 0.347 0.71 0.054 0.052
0 0.325 0.69 0.042 0.048
0 0.442 0.602 0.024 0.044
0 0.416 0.608 0.016 0.044
0 0.415 0.557 0.062 0.054
0 0.381 0.583 0.054 0.058
0 0.421 0.239 0.034 0.034
0 0.213 0.372 0.054 0.044
0 0.206 0.436 0.044 0.052
0 0.168 0.446 0.024 0.032
0 0.143 0.451 0.026 0.038
0 0.316 0.447 0.044 0.058
0 0.287 0.519 0.05 0.038
0 0.257 0.542 0.03 0.028
0 0.307 0.578 0.054 0.072
0 0.163 0.527 0.026 0.034
0 0.169 0.622 0.05 0.072
0 0.197 0.585 0.034 0.042
0 0.163 0.581 0.042 0.046
0 0.216 0.632 0.064 0.076
0 0.253 0.604 0.03 0.068
0 0.077 0.577 0.046 0.062
0 0.043 0.545 0.046 0.05
0 0.005 0.566 0.006 0.024
0 0.252 0.746 0.056 0.048
0 0.189 0.695 0.038 0.046
0 0.154 0.701 0.032 0.03
0 0.043 0.709 0.062 0.062
0 0.148 0.784 0.028 0.036
0 0.109 0.823 0.054 0.038
0 0.016 0.848 0.028 0.064
0 0.004 0.817 0.004 0.03
0 0.194 0.917 0.04 0.046
0 0.178 0.879 0.052 0.03
0 0.067 0.813 0.038 0.058
0 0.055 0.848 0.042 0.04
0 0.222 0.9 0.028 0.052
0 0.115 0.897 0.042 0.038
0 0.058 0.977 0.032 0.042
0 0.15 0.976 0.048 0.044
0 0.166 0.945 0.04 0.042
0 0.113 0.961 0.042 0.05
0 0.174 0.997 0.028 0.002
0 0.835 0.468 0.042 0.04
0 0.793 0.668 0.054 0.072
0 0.799 0.59 0.042 0.056
0 0.776 0.911 0.06 0.054
0 0.864 0.94 0.04 0.044
0 0.888 0.937 0.032 0.038
0 0.308 0.88 0.056 0.048
0 0.245 0.403 0.07 0.066
1 0.71 0.452 0.032 0.024
1 0.293 0.908 0.038 0.024
1 0.342 0.537 0.02 0.018
1 0.931 0.529 0.026 0.03
1 0.993 0.115 0.01 0.026
1 0.991 0.031 0.014 0.038
1 0.864 0.13 0.024 0.024
1 0.791 0.364 0.022 0.036
1 0.87 0.548 0.028 0.02
1 0.775 0.623 0.03 0.026
1 0.677 0.63 0.026 0.028
1 0.868 0.917 0.028 0.026
1 0.583 0.948 0.018 0.032
1 0.777 0.467 0.022 0.026
1 0.732 0.534 0.02 0.032
1 0.646 0.476 0.024 0.028
1 0.671 0.574 0.026 0.028
1 0.668 0.307 0.02 0.034
1 0.776 0.067 0.036 0.018
1 0.79 0.131 0.016 0.038
1 0.721 0.074 0.026 0.024
1 0.607 0.119 0.026 0.026
1 0.594 0.271 0.02 0.026
1 0.528 0.044 0.028 0.032
1 0.432 0.049 0.024 0.034
1 0.258 0.311 0.024 0.03
1 0.057 0.267 0.026 0.022
1 0.602 0.575 0.016 0.014
1 0.471 0.878 0.022 0.024
1 0.393 0.995 0.038 0.006
1 0.428 0.651 0.024 0.034
1 0.005 0.238 0.006 0.032
1 0.211 0.517 0.026 0.034
1 0.008 0.618 0.012 0.044
1 0.25 0.685 0.032 0.018
1 0.068 0.942 0.024 0.02
1 0.113 0.992 0.03 0.012
1 0.219 0.982 0.026 0.024
1 0.016 0.353 0.028 0.038
1 0.994 0.259 0.008 0.022
2 0.112 0.451 0.028 0.042
2 0.876 0.144 0.02 0.02
2 0.337 0.12 0.018 0.016
2 0.013 0.016 0.022 0.028
2 0.014 0.124 0.024 0.028
2 0.114 0.12 0.016 0.012
2 0.034 0.124 0.008 0.012
2 0.068 0.105 0.044 0.042
2 0.358 0.227 0.064 0.05
2 0.492 0.869 0.036 0.046
2 0.509 0.969 0.034 0.03
2 0.82 0.053 0.028 0.022
2 0.307 0.204 0.022 0.024
2 0.084 0.93 0.032 0.032
2 0.97 0.757 0.028 0.034
2 0.99 0.7 0.016 0.04
2 0.978 0.463 0.028 0.026
2 0.937 0.371 0.042 0.038
2 0.934 0.264 0.04 0.044
2 0.9 0.307 0.048 0.054
2 0.987 0.195 0.022 0.062
2 0.923 0.042 0.038 0.044
2 0.868 0.065 0.06 0.054
2 0.903 0.49 0.022 0.02
2 0.943 0.633 0.034 0.034
2 0.674 0.656 0.02 0.024
2 0.778 0.717 0.036 0.034
2 0.898 0.986 0.032 0.024
2 0.735 0.893 0.026 0.03
2 0.711 0.916 0.03 0.044
2 0.655 0.487 0.01 0.014
2 0.703 0.357 0.034 0.03
2 0.699 0.315 0.03 0.034
2 0.689 0.414 0.03 0.036
2 0.787 0.187 0.026 0.026
2 0.769 0.17 0.03 0.024
2 0.775 0.142 0.018 0.036
2 0.68 0.04 0.012 0.02
2 0.627 0.166 0.038 0.036
2 0.615 0.236 0.026 0.024
2 0.51 0.193 0.04 0.058
2 0.471 0.029 0.05 0.054
2 0.319 0.023 0.046 0.042
2 0.42 0.118 0.028 0.02
2 0.203 0.091 0.022 0.026
2 0.238 0.009 0.024 0.014
2 0.07 0.132 0.036 0.028
2 0.089 0.229 0.046 0.062
2 0.166 0.196 0.016 0.016
2 0.224 0.214 0.024 0.016
2 0.112 0.352 0.02 0.024
2 0.061 0.371 0.054 0.07
2 0.327 0.271 0.026 0.042
2 0.426 0.278 0.028 0.04
2 0.371 0.36 0.022 0.02
2 0.337 0.357 0.042 0.042
2 0.5 0.392 0.032 0.032
2 0.573 0.434 0.05 0.02
2 0.578 0.576 0.052 0.044
2 0.619 0.747 0.014 0.022
2 0.616 0.771 0.016 0.022
2 0.545 0.739 0.014 0.026
2 0.501 0.749 0.026 0.018
2 0.47 0.787 0.032 0.046
2 0.413 0.813 0.014 0.018
2 0.379 0.874 0.038 0.036
2 0.361 0.802 0.042 0.036
2 0.544 0.591 0.024 0.05
2 0.518 0.525 0.024 0.022
2 0.55 0.539 0.012 0.014
2 0.646 0.539 0.04 0.038
2 0.875 0.67 0.034 0.032
2 0.87 0.508 0.02 0.028
2 0.759 0.361 0.018 0.022
2 0.78 0.284 0.048 0.06
2 0.918 0.406 0.028 0.04
2 0.831 0.386 0.058 0.048
2 0.7 0.202 0.032 0.04
2 0.602 0.084 0.024 0.024
2 0.523 0.103 0.058 0.074
2 0.447 0.076 0.034 0.044
2 0.395 0.191 0.062 0.062
2 0.135 0.019 0.038 0.03
2 0.125 0.058 0.014 0.012
2 0.168 0.159 0.032 0.038
2 0.198 0.319 0.032 0.054
2 0.189 0.401 0.018 0.034
2 0.333 0.503 0.038 0.022
2 0.233 0.462 0.038 0.04
2 0.105 0.586 0.046 0.056
2 0.168 0.775 0.016 0.018
2 0.12 0.767 0.02 0.026
2 0.135 0.757 0.018 0.018
2 0.023 0.97 0.034 0.04
2 0.152 0.928 0.02 0.02
2 0.497 0.993 0.026 0.01
2 0.727 0.943 0.022 0.018