0 0.346 0.044 0.048 0.076
0 0.318 0.119 0.048 0.054
0 0.389 0.226 0.046 0.076
0 0.638 0.159 0.044 0.078
0 0.751 0.151 0.054 0.086
0 0.85 0.078 0.032 0.052
0 0.843 0.248 0.042 0.068
0 0.708 0.276 0.052 0.092
0 0.864 0.166 0.052 0.056
0 0.444 0.098 0.04 0.096
0 0.79 0.306 0.044 0.076
0 0.637 0.315 0.042 0.066
0 0.679 0.358 0.042 0.068
0 0.03 0.027 0.06 0.054
0 0.106 0.118 0.052 0.076
0 0.221 0.047 0.05 0.07
0 0.175 0.143 0.042 0.05
0 0.503 0.221 0.042 0.082
0 0.556 0.23 0.044 0.076
0 0.738 0.387 0.044 0.066
0 0.921 0.439 0.066 0.066
0 0.929 0.363 0.038 0.058
0 0.518 0.517 0.048 0.082
0 0.618 0.546 0.052 0.084
0 0.518 0.428 0.044 0.072
0 0.421 0.418 0.046 0.06
0 0.156 0.338 0.048 0.068
0 0.231 0.283 0.05 0.07
0 0.768 0.817 0.048 0.102
0 0.726 0.822 0.044 0.08
0 0.852 0.822 0.04 0.096
0 0.905 0.801 0.042 0.102
0 0.943 0.77 0.046 0.08
0 0.832 0.971 0.044 0.054
0 0.786 0.954 0.032 0.084
0 0.836 0.909 0.044 0.054
0 0.015 0.622 0.03 0.064
0 0.05 0.748 0.04 0.076
0 0.086 0.837 0.04 0.078
0 0.148 0.776 0.044 0.056
0 0.184 0.786 0.04 0.052
0 0.061 0.661 0.034 0.07
0 0.08 0.66 0.036 0.076
0 0.272 0.752 0.036 0.068
0 0.205 0.766 0.038 0.1
0 0.315 0.349 0.05 0.058
0 0.358 0.374 0.04 0.052
0 0.383 0.429 0.034 0.058
0 0.277 0.651 0.038 0.05
0 0.319 0.716 0.042 0.052
0 0.743 0.517 0.042 0.046
0 0.736 0.603 0.036 0.082
0 0.37 0.692 0.04 0.06
0 0.351 0.693 0.03 0.07
0 0.49 0.642 0.06 0.088
0 0.861 0.647 0.042 0.102
0 0.766 0.652 0.028 0.064
0 0.731 0.723 0.05 0.042
0 0.933 0.567 0.038 0.07
0 0.007 0.515 0.014 0.058
0 0.056 0.529 0.04 0.05
0 0.156 0.57 0.036 0.064
0 0.126 0.557 0.02 0.042
0 0.131 0.592 0.03 0.036
0 0.013 0.122 0.026 0.06
0 0.132 0.217 0.032 0.046
0 0.334 0.201 0.04 0.046
0 0.503 0.352 0.034 0.068
0 0.01 0.838 0.02 0.064
0 0.36 0.769 0.036 0.046
0 0.381 0.84 0.038 0.056
0 0.57 0.594 0.036 0.08
0 0.344 0.489 0.04 0.054
0 0.49 0.93 0.036 0.06
0 0.516 0.922 0.036 0.052
0 0.556 0.902 0.032 0.048
0 0.582 0.846 0.028 0.064
0 0.654 0.018 0.052 0.036
0 0.125 0.359 0.03 0.054
0 0.912 0.976 0.032 0.044
0 0.023 0.392 0.03 0.044
0 0.864 0.464 0.036 0.048
0 0.613 0.685 0.042 0.038
0 0.798 0.904 0.028 0.032
0 0.553 0.361 0.03 0.046
0 0.222 0.527 0.032 0.046
0 0.039 0.935 0.034 0.042
0 0.345 0.925 0.03 0.054
0 0.107 0.985 0.038 0.026
0 0.992 0.518 0.012 0.064
0 0.239 0.698 0.026 0.04
0 0.723 0.007 0.034 0.014
0 0.611 0.985 0.034 0.026
0 0.655 0.987 0.022 0.022
0 0.732 0.983 0.024 0.03
0 0.673 0.6 0.026 0.044
0 0.342 0.993 0.032 0.01
0 0.295 0.989 0.022 0.018
0 0.993 0.849 0.01 0.066
0 0.942 0.994 0.016 0.008
0 0.993 0.095 0.01 0.054
1 0.012 0.077 0.016 0.03
1 0.135 0.018 0.01 0.016
1 0.225 0.139 0.018 0.03
1 0.394 0.109 0.024 0.034
1 0.453 0.188 0.022 0.028
1 0.339 0.273 0.018 0.022
1 0.483 0.267 0.014 0.022
1 0.51 0.268 0.02 0.024
1 0.534 0.304 0.02 0.024
1 0.645 0.269 0.022 0.022
1 0.849 0.117 0.022 0.022
1 0.896 0.062 0.028 0.028
1 0.835 0.462 0.018 0.036
1 0.748 0.244 0.02 0.024
1 0.186 0.898 0.016 0.036
1 0.204 0.918 0.032 0.024
1 0.161 0.953 0.03 0.038
1 0.365 0.605 0.03 0.022
1 0.06 0.573 0.02 0.018
1 0.636 0.737 0.016 0.022
1 0.007 0.24 0.014 0.024
1 0.202 0.308 0.02 0.016
1 0.526 0.559 0.02 0.026
1 0.407 0.371 0.022 0.034
1 0.358 0.428 0.02 0.024
1 0.943 0.522 0.022 0.028
1 0.601 0.455 0.026 0.026
1 0.195 0.487 0.026 0.026
1 0.772 0.341 0.024 0.038
1 0.946 0.676 0.024 0.028
1 0.674 0.082 0.016 0.02
1 0.632 0.482 0.024 0.032
1 0.454 0.459 0.024 0.034
1 0.499 0.74 0.018 0.016
1 0.626 0.455 0.028 0.018
1 0.67 0.53 0.028 0.02
1 0.781 0.048 0.022 0.024
1 0.11 0.646 0.016 0.024
1 0.759 0.903 0.018 0.022
1 0.01 0.343 0.02 0.022
1 0.439 0.311 0.022 0.026
1 0.975 0.173 0.026 0.03
1 0.21 0.942 0.02 0.02
1 0.258 0.51 0.028 0.032
1 0.275 0.547 0.018 0.038
1 0.877 0.486 0.022 0.028
1 0.673 0.855 0.026 0.058
1 0.389 0.812 0.03 0.04
1 0.448 0.85 0.024 0.056
1 0.581 0.908 0.022 0.032
1 0.675 0.672 0.018 0.028
1 0.138 0.972 0.02 0.032
1 0.063 0.928 0.03 0.02
1 0.447 0.977 0.026 0.042
1 0.548 0.978 0.032 0.036
1 0.058 0.993 0.028 0.01
1 0.271 0.955 0.022 0.03
1 0.295 0.942 0.022 0.024
1 0.332 0.784 0.02 0.032
1 0.44 0.709 0.02 0.026
1 0.071 0.175 0.018 0.01
1 0.227 0.68 0.018 0.02
1 0.328 0.849 0.024 0.058
1 0.174 0.287 0.02 0.034
1 0.609 0.725 0.026 0.03
1 0.795 0.847 0.022 0.042
1 0.118 0.484 0.028 0.056
1 0.234 0.731 0.024 0.018
1 0.725 0.021 0.018 0.018
1 0.613 0.96 0.022 0.024
1 0.942 0.898 0.028 0.032
2 0.407 0.657 0.018 0.026
2 0.193 0.074 0.026 0.044
2 0.715 0.643 0.01 0.022
2 0.791 0.732 0.01 0.02
2 0.825 0.699 0.01 0.022
2 0.624 0.43 0.02 0.024
2 0.766 0.265 0.008 0.022
2 0.495 0.838 0.014 0.028
2 0.527 0.598 0.014 0.016
2 0.932 0.938 0.024 0.016
2 0.821 0.517 0.014 0.022
2 0.96 0.44 0.012 0.012