0 0.826 0.715 0.036 0.082
0 0.725 0.828 0.038 0.048
0 0.743 0.774 0.038 0.06
0 0.736 0.666 0.032 0.06
0 0.7 0.642 0.04 0.056
0 0.655 0.801 0.034 0.054
0 0.561 0.858 0.038 0.052
0 0.87 0.966 0.044 0.064
0 0.722 0.956 0.048 0.064
0 0.969 0.362 0.05 0.068
0 0.957 0.281 0.046 0.062
0 0.894 0.322 0.036 0.052
0 0.902 0.426 0.048 0.06
0 0.867 0.635 0.042 0.07
0 0.809 0.616 0.05 0.072
0 0.705 0.577 0.046 0.062
0 0.906 0.527 0.044 0.062
0 0.919 0.809 0.046 0.05
0 0.98 0.663 0.036 0.062
0 0.67 0.688 0.028 0.048
0 0.615 0.964 0.034 0.036
0 0.634 0.474 0.056 0.064
0 0.643 0.425 0.042 0.054
0 0.725 0.382 0.03 0.064
0 0.845 0.235 0.034 0.046
0 0.832 0.183 0.052 0.07
0 0.792 0.168 0.036 0.068
0 0.916 0.199 0.048 0.046
0 0.902 0.232 0.04 0.036
0 0.957 0.072 0.038 0.052
0 0.875 0.107 0.046 0.046
0 0.761 0.212 0.038 0.04
0 0.708 0.229 0.04 0.03
0 0.734 0.301 0.044 0.05
0 0.672 0.335 0.044 0.094
0 0.638 0.333 0.04 0.066
0 0.744 0.069 0.06 0.046
0 0.779 0.069 0.038 0.058
0 0.967 0.024 0.05 0.044
0 0.82 0.016 0.04 0.028
0 0.905 0.023 0.026 0.042
0 0.708 0.14 0.04 0.044
0 0.601 0.25 0.05 0.068
0 0.567 0.425 0.034 0.062
0 0.583 0.331 0.046 0.086
0 0.601 0.106 0.042 0.068
0 0.677 0.028 0.034 0.052
0 0.617 0.029 0.062 0.054
0 0.492 0.161 0.04 0.054
0 0.496 0.1 0.036 0.064
0 0.462 0.059 0.024 0.03
0 0.38 0.15 0.036 0.06
0 0.479 0.394 0.038 0.064
0 0.494 0.289 0.032 0.03
0 0.435 0.284 0.042 0.064
0 0.318 0.023 0.04 0.042
0 0.379 0.299 0.034 0.058
0 0.505 0.591 0.038 0.046
0 0.39 0.373 0.048 0.074
0 0.483 0.504 0.046 0.052
0 0.782 0.44 0.028 0.044
0 0.765 0.615 0.03 0.03
0 0.892 0.264 0.02 0.028
0 0.879 0.288 0.026 0.032
0 0.476 0.674 0.04 0.056
0 0.351 0.753 0.034 0.058
0 0.301 0.753 0.034 0.054
0 0.372 0.671 0.036 0.05
0 0.337 0.697 0.03 0.046
0 0.269 0.69 0.042 0.052
0 0.405 0.601 0.042 0.05
0 0.503 0.973 0.05 0.05
0 0.44 0.979 0.032 0.038
0 0.338 0.989 0.036 0.018
0 0.384 0.922 0.044 0.036
0 0.369 0.869 0.05 0.05
0 0.159 0.973 0.042 0.05
0 0.239 0.879 0.042 0.066
0 0.081 0.946 0.042 0.048
0 0.079 0.891 0.054 0.082
0 0.104 0.902 0.04 0.06
0 0.162 0.87 0.04 0.048
0 0.136 0.853 0.02 0.054
0 0.19 0.796 0.036 0.072
0 0.101 0.757 0.042 0.074
0 0.132 0.777 0.048 0.102
0 0.151 0.687 0.042 0.046
0 0.157 0.718 0.042 0.044
0 0.131 0.651 0.042 0.062
0 0.372 0.533 0.044 0.058
0 0.272 0.237 0.048 0.058
0 0.184 0.32 0.052 0.048
0 0.182 0.275 0.04 0.058
0 0.204 0.45 0.04 0.06
0 0.119 0.465 0.046 0.05
0 0.391 0.444 0.038 0.048
0 0.075 0.437 0.034 0.034
0 0.158 0.553 0.068 0.074
0 0.26 0.619 0.04 0.062
0 0.504 0.756 0.052 0.076
0 0.579 0.686 0.042 0.056
0 0.441 0.8 0.026 0.056
0 0.421 0.848 0.034 0.056
0 0.084 0.594 0.032 0.06
0 0.513 0.532 0.062 0.056
0 0.021 0.579 0.038 0.062
0 0.021 0.524 0.03 0.052
0 0.055 0.516 0.038 0.064
0 0.01 0.396 0.016 0.064
0 0.025 0.424 0.042 0.048
0 0.057 0.351 0.034 0.046
0 0.032 0.275 0.048 0.07
0 0.091 0.195 0.042 0.05
0 0.188 0.156 0.044 0.068
0 0.122 0.128 0.032 0.068
0 0.026 0.059 0.048 0.058
0 0.27 0.123 0.04 0.046
0 0.63 0.932 0.048 0.04
0 0.229 0.972 0.054 0.052
0 0.867 0.854 0.038 0.052
0 0.852 0.849 0.028 0.05
0 0.88 0.688 0.068 0.064
0 0.279 0.516 0.05 0.068
0 0.972 0.508 0.032 0.032
0 0.78 0.503 0.048 0.054
0 0.251 0.336 0.038 0.076
0 0.085 0.023 0.054 0.042
0 0.2 0.033 0.052 0.062
1 0.789 0.767 0.038 0.03
1 0.614 0.814 0.028 0.04
1 0.743 0.972 0.022 0.032
1 0.666 0.968 0.016 0.016
1 0.656 0.96 0.012 0.012
1 0.985 0.301 0.018 0.018
1 0.854 0.497 0.02 0.026
1 0.827 0.417 0.026 0.026
1 0.934 0.854 0.028 0.024
1 0.851 0.614 0.01 0.036
1 0.957 0.623 0.018 0.018
1 0.922 0.609 0.028 0.018
1 0.906 0.841 0.024 0.022
1 0.839 0.83 0.022 0.028
1 0.746 0.575 0.024 0.03
1 0.699 0.509 0.026 0.038
1 0.84 0.13 0.02 0.024
1 0.763 0.032 0.018 0.04
1 0.89 0.028 0.008 0.012
1 0.892 0.015 0.008 0.01
1 0.635 0.271 0.022 0.022
1 0.614 0.188 0.024 0.04
1 0.556 0.099 0.024 0.018
1 0.531 0.02 0.03 0.036
1 0.52 0.216 0.024 0.04
1 0.339 0.168 0.018 0.02
1 0.515 0.375 0.014 0.03
1 0.492 0.05 0.028 0.044
1 0.329 0.121 0.034 0.026
1 0.559 0.213 0.026 0.046
1 0.407 0.748 0.022 0.028
1 0.267 0.79 0.022 0.024
1 0.292 0.707 0.024 0.022
1 0.488 0.905 0.016 0.034
1 0.481 0.86 0.018 0.028
1 0.055 0.947 0.01 0.01
1 0.022 0.842 0.024 0.036
1 0.207 0.678 0.026 0.028
1 0.473 0.474 0.042 0.048
1 0.443 0.491 0.022 0.018
1 0.423 0.526 0.034 0.036
1 0.122 0.365 0.016 0.046
1 0.106 0.329 0.032 0.022
1 0.103 0.311 0.054 0.022
1 0.114 0.283 0.032 0.022
1 0.141 0.257 0.026 0.026
1 0.154 0.384 0.016 0.032
1 0.144 0.416 0.016 0.036
1 0.401 0.866 0.018 0.032
1 0.156 0.592 0.024 0.012
1 0.134 0.585 0.024 0.03
1 0.01 0.306 0.016 0.016
1 0.759 0.909 0.022 0.022
1 0.316 0.913 0.032 0.03
1 0.682 0.962 0.008 0.012
1 0.914 0.652 0.024 0.032
1 0.281 0.662 0.026 0.012
1 0.469 0.648 0.042 0.02
1 0.448 0.675 0.016 0.034
1 0.052 0.976 0.016 0.028
1 0.048 0.989 0.044 0.018
1 0.992 0.49 0.012 0.028
1 0.98 0.472 0.016 0.036
1 0.848 0.431 0.008 0.01
1 0.47 0.032 0.024 0.02
1 0.466 0.026 0.032 0.044
1 0.228 0.061 0.02 0.018
1 0.198 0.072 0.024 0.04
2 0.73 0.875 0.024 0.038
2 0.688 0.879 0.04 0.034
2 0.662 0.911 0.02 0.014
2 0.648 0.906 0.024 0.02
2 0.316 0.089 0.04 0.058
2 0.795 0.418 0.014 0.024
2 0.418 0.925 0.036 0.042
2 0.056 0.642 0.036 0.048
2 0.36 0.583 0.04 0.042
2 0.329 0.591 0.014 0.026
2 0.756 0.863 0.028 0.042
2 0.506 0.845 0.036 0.034
2 0.581 0.771 0.034 0.058
2 0.629 0.754 0.014 0.016
2 0.248 0.979 0.012 0.022
2 0.687 0.938 0.01 0.008
2 0.906 0.861 0.016 0.018
2 0.371 0.77 0.018 0.024
2 0.662 0.577 0.028 0.05
2 0.673 0.529 0.026 0.054
2 0.611 0.554 0.026 0.012
2 0.413 0.719 0.038 0.042
2 0.256 0.569 0.016 0.034
2 0.236 0.594 0.024 0.052
2 0.249 0.736 0.046 0.068
2 0.924 0.969 0.032 0.026
2 0.839 0.979 0.014 0.014
2 0.278 0.402 0.016 0.02
2 0.341 0.399 0.01 0.022
2 0.425 0.351 0.022 0.038
2 0.445 0.122 0.026 0.032
2 0.441 0.148 0.018 0.016
2 0.45 0.1 0.016 0.016
2 0.539 0.135 0.006 0.026
2 0.499 0.348 0.006 0.032
2 0.867 0.047 0.046 0.054
2 0.739 0.042 0.038 0.036
2 0.131 0.065 0.046 0.054
2 0.226 0.097 0.032 0.042