0 0.015 0.083 0.03 0.05
0 0.037 0.149 0.038 0.034
0 0.065 0.074 0.034 0.048
0 0.044 0.197 0.056 0.046
0 0.035 0.284 0.046 0.048
0 0.182 0.254 0.036 0.048
0 0.173 0.396 0.046 0.06
0 0.068 0.453 0.048 0.054
0 0.113 0.449 0.046 0.058
0 0.1 0.552 0.04 0.06
0 0.054 0.603 0.048 0.062
0 0.029 0.676 0.042 0.06
0 0.088 0.695 0.044 0.066
0 0.016 0.788 0.032 0.052
0 0.111 0.741 0.034 0.038
0 0.14 0.758 0.048 0.06
0 0.184 0.77 0.04 0.06
0 0.009 0.85 0.018 0.044
0 0.075 0.879 0.046 0.058
0 0.049 0.848 0.062 0.068
0 0.012 0.973 0.024 0.05
0 0.097 0.953 0.046 0.062
0 0.176 0.965 0.036 0.062
0 0.155 0.947 0.046 0.054
0 0.292 0.966 0.052 0.048
0 0.257 0.912 0.034 0.048
0 0.403 0.982 0.034 0.032
0 0.331 0.906 0.046 0.048
0 0.365 0.864 0.042 0.04
0 0.213 0.821 0.046 0.058
0 0.364 0.767 0.036 0.062
0 0.165 0.703 0.046 0.058
0 0.199 0.686 0.038 0.052
0 0.261 0.662 0.038 0.072
0 0.134 0.646 0.032 0.06
0 0.133 0.579 0.062 0.082
0 0.158 0.621 0.024 0.058
0 0.325 0.606 0.042 0.056
0 0.281 0.456 0.042 0.04
0 0.176 0.512 0.032 0.044
0 0.274 0.435 0.052 0.05
0 0.309 0.487 0.05 0.07
0 0.382 0.463 0.032 0.042
0 0.397 0.353 0.05 0.058
0 0.434 0.392 0.048 0.056
0 0.407 0.305 0.042 0.054
0 0.316 0.279 0.04 0.05
0 0.234 0.195 0.044 0.058
0 0.241 0.141 0.034 0.046
0 0.142 0.066 0.036 0.04
0 0.156 0.098 0.052 0.052
0 0.271 0.014 0.038 0.028
0 0.311 0.056 0.05 0.048
0 0.341 0.07 0.038 0.048
0 0.352 0.162 0.044 0.06
0 0.344 0.127 0.048 0.042
0 0.414 0.23 0.056 0.052
0 0.407 0.02 0.026 0.04
0 0.61 0.031 0.052 0.062
0 0.567 0.034 0.05 0.052
0 0.539 0.052 0.034 0.048
0 0.52 0.037 0.028 0.042
0 0.622 0.065 0.044 0.058
0 0.528 0.123 0.068 0.05
0 0.654 0.116 0.04 0.04
0 0.651 0.094 0.034 0.036
0 0.6 0.21 0.052 0.068
0 0.573 0.239 0.046 0.046
0 0.482 0.182 0.048 0.048
0 0.483 0.218 0.058 0.036
0 0.518 0.238 0.044 0.048
0 0.648 0.184 0.048 0.064
0 0.683 0.236 0.042 0.044
0 0.719 0.221 0.03 0.058
0 0.761 0.174 0.058 0.064
0 0.823 0.166 0.014 0.012
0 0.505 0.301 0.062 0.066
0 0.581 0.356 0.042 0.052
0 0.511 0.456 0.05 0.068
0 0.458 0.538 0.036 0.04
0 0.381 0.607 0.046 0.07
0 0.415 0.642 0.046 0.06
0 0.427 0.62 0.026 0.028
0 0.4 0.702 0.048 0.064
0 0.447 0.716 0.046 0.064
0 0.524 0.641 0.044 0.054
0 0.478 0.84 0.04 0.044
0 0.549 0.922 0.05 0.06
0 0.568 0.766 0.044 0.06
0 0.436 0.596 0.068 0.036
0 0.594 0.479 0.036 0.07
0 0.62 0.482 0.016 0.04
0 0.648 0.435 0.036 0.046
0 0.692 0.469 0.032 0.062
0 0.727 0.474 0.05 0.072
0 0.768 0.442 0.032 0.052
0 0.636 0.66 0.04 0.044
0 0.614 0.618 0.032 0.04
0 0.661 0.622 0.05 0.044
0 0.657 0.592 0.05 0.028
0 0.659 0.687 0.034 0.054
0 0.756 0.595 0.036 0.066
0 0.754 0.641 0.04 0.034
0 0.805 0.585 0.038 0.054
0 0.873 0.552 0.042 0.06
0 0.839 0.525 0.042 0.058
0 0.829 0.463 0.05 0.058
0 0.944 0.483 0.044 0.062
0 0.696 0.76 0.04 0.044
0 0.647 0.789 0.05 0.078
0 0.668 0.872 0.04 0.068
0 0.632 0.879 0.04 0.054
0 0.614 0.925 0.036 0.046
0 0.709 0.903 0.042 0.046
0 0.691 0.894 0.034 0.056
0 0.729 0.96 0.03 0.048
0 0.57 0.981 0.044 0.034
0 0.49 0.986 0.044 0.024
0 0.687 0.988 0.038 0.02
0 0.762 0.966 0.044 0.048
0 0.958 0.939 0.036 0.042
0 0.987 0.941 0.022 0.054
0 0.861 0.951 0.022 0.038
0 0.982 0.909 0.032 0.046
0 0.858 0.878 0.04 0.052
0 0.765 0.755 0.05 0.058
0 0.827 0.809 0.046 0.05
0 0.813 0.688 0.042 0.048
0 0.876 0.725 0.032 0.05
0 0.913 0.864 0.018 0.068
0 0.957 0.777 0.042 0.046
0 0.956 0.747 0.04 0.038
0 0.988 0.781 0.02 0.054
0 0.677 0.317 0.042 0.07
0 0.737 0.285 0.042 0.054
0 0.942 0.437 0.036 0.034
0 0.976 0.438 0.044 0.048
0 0.986 0.48 0.024 0.072
0 0.829 0.368 0.046 0.036
0 0.808 0.28 0.032 0.064
0 0.861 0.066 0.042 0.06
0 0.92 0.259 0.052 0.07
0 0.75 0.022 0.048 0.044
0 0.958 0.125 0.052 0.042
0 0.99 0.134 0.016 0.056
0 0.983 0.227 0.03 0.05
0 0.965 0.305 0.046 0.07
0 0.989 0.301 0.018 0.062
0 0.971 0.621 0.038 0.058
0 0.953 0.56 0.026 0.044
0 0.993 0.704 0.01 0.056
0 0.105 0.301 0.046 0.05
0 0.282 0.345 0.044 0.062
0 0.094 0.203 0.048 0.062
0 0.547 0.856 0.042 0.068
0 0.678 0.411 0.048 0.066
0 0.905 0.383 0.042 0.07
0 0.964 0.175 0.052 0.078
0 0.097 0.28 0.038 0.048
0 0.358 0.211 0.04 0.046
0 0.546 0.303 0.036 0.046
0 0.535 0.351 0.038 0.034
0 0.545 0.393 0.038 0.042
0 0.72 0.087 0.036 0.05
0 0.75 0.076 0.036 0.048
0 0.808 0.024 0.048 0.048
0 0.858 0.834 0.036 0.04
0 0.897 0.882 0.034 0.04
0 0.217 0.611 0.038 0.034
0 0.237 0.564 0.03 0.04
0 0.27 0.571 0.036 0.042
0 0.604 0.694 0.052 0.064
0 0.535 0.979 0.046 0.038
0 0.821 0.735 0.042 0.058
0 0.883 0.789 0.046 0.062
1 0.013 0.241 0.026 0.058
1 0.119 0.392 0.03 0.028
1 0.166 0.365 0.04 0.022
1 0.122 0.534 0.016 0.028
1 0.009 0.588 0.018 0.02
1 0.007 0.654 0.014 0.052
1 0.086 0.928 0.04 0.032
1 0.115 0.996 0.022 0.004
1 0.284 0.993 0.032 0.01
1 0.383 0.887 0.014 0.018
1 0.249 0.835 0.026 0.026
1 0.343 0.791 0.014 0.046
1 0.347 0.007 0.038 0.014
1 0.581 0.009 0.042 0.018
1 0.417 0.528 0.022 0.032
1 0.413 0.73 0.018 0.028
1 0.807 0.993 0.034 0.01
1 0.934 0.865 0.02 0.026
1 0.991 0.421 0.014 0.026
1 0.72 0.011 0.024 0.022
1 0.012 0.016 0.024 0.032
1 0.128 0.257 0.024 0.038
1 0.207 0.353 0.038 0.018
1 0.102 0.912 0.016 0.02
1 0.14 0.986 0.028 0.024
1 0.42 0.982 0.04 0.032
1 0.365 0.904 0.03 0.048
1 0.227 0.786 0.03 0.032
1 0.402 0.809 0.032 0.038
1 0.319 0.569 0.022 0.03
1 0.363 0.447 0.03 0.034
1 0.31 0.359 0.032 0.018
1 0.2 0.13 0.04 0.04
1 0.057 0.011 0.034 0.022
1 0.086 0.009 0.02 0.018
1 0.219 0.006 0.034 0.012
1 0.292 0.137 0.032 0.042
1 0.299 0.161 0.026 0.026
1 0.389 0.204 0.046 0.044
1 0.383 0.006 0.022 0.012
1 0.573 0.199 0.03 0.042
1 0.705 0.141 0.042 0.022
1 0.768 0.216 0.032 0.028
1 0.815 0.18 0.022 0.028
1 0.547 0.329 0.03 0.014
1 0.539 0.371 0.026 0.022
1 0.522 0.667 0.024 0.026
1 0.498 0.603 0.024 0.03
1 0.748 0.661 0.032 0.022
1 0.738 0.55 0.028 0.028
1 0.873 0.517 0.03 0.038
1 0.913 0.523 0.026 0.026
1 0.801 0.486 0.026 0.028
1 0.662 0.946 0.032 0.024
1 0.634 0.964 0.032 0.036
1 0.657 0.985 0.034 0.026
1 0.725 0.858 0.034 0.032
1 0.855 0.988 0.046 0.02
1 0.714 0.836 0.032 0.028
1 0.812 0.039 0.04 0.026
1 0.894 0.218 0.032 0.04
1 0.858 0.231 0.032 0.03
1 0.843 0.006 0.022 0.012
1 0.197 0.423 0.018 0.038
2 0.129 0.435 0.058 0.062
2 0.007 0.724 0.014 0.028
2 0.033 0.898 0.026 0.028
2 0.05 0.685 0.016 0.03
2 0.302 0.59 0.02 0.032
2 0.179 0.626 0.018 0.032
2 0.608 0.81 0.036 0.032
2 0.993 0.565 0.01 0.042
2 0.782 0.358 0.052 0.064
2 0.625 0.126 0.026 0.028
2 0.46 0.639 0.036 0.058
2 0.82 0.788 0.024 0.02
2 0.878 0.602 0.04 0.044
2 0.198 0.314 0.06 0.064
2 0.115 0.495 0.05 0.05
2 0.354 0.385 0.048 0.07
2 0.127 0.325 0.046 0.046
2 0.052 0.563 0.044 0.026
2 0.164 0.991 0.024 0.014
2 0.175 0.893 0.034 0.03
2 0.227 0.87 0.038 0.048
2 0.408 0.933 0.036 0.054
2 0.465 0.884 0.034 0.028
2 0.333 0.806 0.018 0.04
2 0.307 0.77 0.054 0.052
2 0.031 0.633 0.01 0.03
2 0.26 0.605 0.04 0.05
2 0.328 0.695 0.016 0.03
2 0.233 0.504 0.022 0.02
2 0.165 0.167 0.03 0.038
2 0.131 0.038 0.022 0.036
2 0.106 0.065 0.032 0.03
2 0.191 0.003 0.022 0.006
2 0.292 0.236 0.04 0.028
2 0.373 0.067 0.014 0.018
2 0.449 0.102 0.046 0.036
2 0.563 0.105 0.022 0.026
2 0.623 0.245 0.022 0.042
2 0.605 0.246 0.014 0.012
2 0.518 0.161 0.036 0.038
2 0.533 0.091 0.03 0.03
2 0.651 0.137 0.038 0.018
2 0.747 0.218 0.022 0.036
2 0.816 0.153 0.024 0.026
2 0.542 0.491 0.032 0.026
2 0.56 0.511 0.032 0.026
2 0.42 0.491 0.032 0.054
2 0.523 0.713 0.038 0.03
2 0.556 0.648 0.02 0.052
2 0.398 0.578 0.012 0.016
2 0.657 0.554 0.05 0.04
2 0.646 0.54 0.028 0.036
2 0.736 0.633 0.012 0.026
2 0.713 0.981 0.03 0.034
2 0.785 0.895 0.042 0.046
2 0.898 0.972 0.02 0.032
2 0.879 0.953 0.03 0.058
2 0.897 0.929 0.03 0.034
2 0.912 0.93 0.012 0.04
2 0.822 0.905 0.028 0.034
2 0.754 0.722 0.036 0.04
2 0.889 0.846 0.03 0.052
2 0.915 0.903 0.01 0.018
2 0.944 0.817 0.032 0.022
2 0.993 0.743 0.01 0.022
2 0.78 0.297 0.028 0.038
2 0.838 0.245 0.02 0.026
2 0.829 0.196 0.034 0.036
2 0.896 0.187 0.028 0.026
2 0.883 0.257 0.03 0.034
2 0.696 0.037 0.032 0.03
2 0.869 0.007 0.022 0.014
2 0.99 0.004 0.016 0.008
2 0.591 0.396 0.05 0.04
2 0.73 0.429 0.008 0.018
2 0.799 0.413 0.038 0.018
2 0.88 0.653 0.052 0.07
2 0.911 0.549 0.022 0.03
2 0.438 0.842 0.02 0.024
2 0.373 0.645 0.038 0.022
2 0.019 0.566 0.038 0.076
2 0.003 0.32 0.006 0.028
2 0.429 0.162 0.03 0.028
2 0.479 0.143 0.03 0.03
2 0.573 0.312 0.018 0.016
2 0.668 0.971 0.028 0.026