0 0.943 0.901 0.034 0.042
0 0.932 0.938 0.028 0.036
0 0.911 0.944 0.014 0.016
0 0.892 0.943 0.024 0.01
0 0.892 0.92 0.04 0.04
0 0.859 0.952 0.038 0.032
0 0.876 0.997 0.028 0.002
0 0.836 0.994 0.036 0.008
0 0.665 0.956 0.026 0.032
0 0.53 0.957 0.024 0.038
0 0.507 0.907 0.046 0.062
0 0.504 0.843 0.04 0.054
0 0.508 0.815 0.036 0.034
0 0.131 0.797 0.034 0.054
0 0.157 0.928 0.03 0.052
0 0.123 0.949 0.03 0.058
0 0.103 0.959 0.018 0.034
0 0.071 0.962 0.026 0.048
0 0.056 0.993 0.036 0.01
0 0.008 0.933 0.012 0.03
0 0.007 0.856 0.01 0.024
0 0.041 0.831 0.034 0.054
0 0.084 0.715 0.028 0.03
0 0.079 0.745 0.018 0.034
0 0.057 0.719 0.026 0.054
0 0.054 0.642 0.036 0.048
0 0.122 0.584 0.04 0.032
0 0.046 0.512 0.032 0.044
0 0.12 0.511 0.044 0.042
0 0.164 0.561 0.04 0.034
0 0.287 0.539 0.05 0.034
0 0.215 0.504 0.05 0.036
0 0.152 0.455 0.036 0.034
0 0.082 0.449 0.028 0.034
0 0.096 0.431 0.036 0.03
0 0.005 0.45 0.006 0.036
0 0.217 0.45 0.046 0.028
0 0.279 0.478 0.062 0.04
0 0.34 0.474 0.044 0.044
0 0.405 0.52 0.034 0.052
0 0.449 0.525 0.038 0.062
0 0.45 0.604 0.036 0.052
0 0.475 0.605 0.018 0.03
0 0.492 0.682 0.032 0.06
0 0.555 0.776 0.03 0.052
0 0.54 0.841 0.024 0.05
0 0.579 0.849 0.026 0.038
0 0.687 0.88 0.034 0.048
0 0.672 0.824 0.028 0.052
0 0.695 0.847 0.026 0.03
0 0.705 0.807 0.022 0.05
0 0.797 0.848 0.038 0.036
0 0.991 0.783 0.014 0.046
0 0.903 0.786 0.034 0.032
0 0.859 0.749 0.034 0.042
0 0.869 0.711 0.034 0.046
0 0.954 0.726 0.036 0.044
0 0.92 0.721 0.024 0.038
0 0.946 0.646 0.036 0.04
0 0.98 0.601 0.032 0.042
0 0.956 0.558 0.02 0.028
0 0.987 0.527 0.022 0.03
0 0.994 0.462 0.008 0.028
0 0.956 0.407 0.04 0.03
0 0.985 0.279 0.026 0.042
0 0.94 0.224 0.032 0.036
0 0.988 0.185 0.02 0.05
0 0.909 0.347 0.026 0.034
0 0.921 0.366 0.026 0.048
0 0.854 0.387 0.028 0.03
0 0.834 0.369 0.032 0.05
0 0.862 0.353 0.032 0.038
0 0.889 0.294 0.034 0.044
0 0.877 0.244 0.03 0.04
0 0.969 0.125 0.03 0.034
0 0.93 0.127 0.036 0.042
0 0.988 0.041 0.02 0.034
0 0.972 0.025 0.02 0.026
0 0.94 0.013 0.028 0.022
0 0.917 0.034 0.026 0.024
0 0.864 0.028 0.028 0.04
0 0.873 0.063 0.034 0.034
0 0.838 0.073 0.024 0.034
0 0.812 0.063 0.028 0.034
0 0.823 0.036 0.026 0.036
0 0.743 0.02 0.03 0.032
0 0.584 0.013 0.036 0.022
0 0.542 0.019 0.032 0.026
0 0.593 0.048 0.026 0.04
0 0.602 0.074 0.024 0.04
0 0.551 0.081 0.026 0.03
0 0.567 0.099 0.022 0.022
0 0.643 0.081 0.026 0.03
0 0.734 0.079 0.024 0.03
0 0.784 0.09 0.028 0.032
0 0.85 0.114 0.028 0.028
0 0.904 0.146 0.032 0.04
0 0.863 0.221 0.022 0.026
0 0.83 0.231 0.028 0.038
0 0.827 0.199 0.026 0.034
0 0.796 0.216 0.028 0.032
0 0.779 0.239 0.038 0.038
0 0.789 0.298 0.03 0.024
0 0.741 0.362 0.034 0.032
0 0.798 0.465 0.036 0.042
0 0.767 0.489 0.034 0.034
0 0.767 0.527 0.03 0.05
0 0.716 0.462 0.024 0.036
0 0.664 0.448 0.032 0.056
0 0.643 0.431 0.01 0.018
0 0.714 0.405 0.032 0.034
0 0.697 0.383 0.026 0.03
0 0.902 0.572 0.028 0.02
0 0.811 0.527 0.03 0.042
0 0.799 0.562 0.03 0.04
0 0.799 0.672 0.034 0.052
0 0.742 0.676 0.036 0.056
0 0.7 0.553 0.036 0.054
0 0.606 0.566 0.028 0.036
0 0.608 0.541 0.028 0.026
0 0.582 0.537 0.024 0.046
0 0.567 0.569 0.026 0.03
0 0.557 0.555 0.022 0.022
0 0.684 0.673 0.036 0.054
0 0.628 0.699 0.04 0.054
0 0.606 0.731 0.028 0.038
0 0.666 0.751 0.028 0.038
0 0.552 0.655 0.036 0.046
0 0.518 0.633 0.028 0.042
0 0.73 0.166 0.028 0.036
0 0.736 0.226 0.024 0.028
0 0.718 0.245 0.028 0.022
0 0.712 0.28 0.024 0.032
0 0.685 0.283 0.026 0.03
0 0.627 0.319 0.034 0.038
0 0.624 0.377 0.028 0.034
0 0.584 0.406 0.032 0.04
0 0.564 0.453 0.032 0.046
0 0.508 0.463 0.036 0.042
0 0.531 0.396 0.034 0.04
0 0.476 0.392 0.024 0.024
0 0.546 0.348 0.024 0.032
0 0.576 0.311 0.02 0.018
0 0.579 0.293 0.038 0.03
0 0.541 0.314 0.034 0.028
0 0.509 0.3 0.026 0.032
0 0.474 0.334 0.028 0.024
0 0.661 0.12 0.042 0.044
0 0.646 0.154 0.036 0.028
0 0.668 0.194 0.028 0.032
0 0.655 0.23 0.034 0.032
0 0.623 0.235 0.038 0.034
0 0.636 0.197 0.024 0.018
0 0.628 0.187 0.028 0.022
0 0.552 0.239 0.04 0.026
0 0.514 0.201 0.032 0.03
0 0.529 0.171 0.026 0.026
0 0.564 0.149 0.028 0.026
0 0.587 0.147 0.026 0.022
0 0.521 0.09 0.03 0.028
0 0.469 0.02 0.026 0.02
0 0.475 0.042 0.034 0.028
0 0.462 0.068 0.032 0.02
0 0.48 0.081 0.024 0.018
0 0.485 0.099 0.026 0.018
0 0.469 0.1 0.022 0.02
0 0.456 0.098 0.016 0.024
0 0.451 0.117 0.026 0.026
0 0.455 0.138 0.03 0.024
0 0.442 0.009 0.036 0.014
0 0.423 0.021 0.026 0.03
0 0.364 0.012 0.028 0.02
0 0.325 0.026 0.038 0.048
0 0.264 0.006 0.024 0.008
0 0.295 0.044 0.03 0.032
0 0.283 0.055 0.03 0.026
0 0.277 0.077 0.026 0.022
0 0.365 0.078 0.026 0.024
0 0.388 0.074 0.028 0.044
0 0.401 0.142 0.034 0.04
0 0.405 0.183 0.034 0.026
0 0.431 0.237 0.042 0.042
0 0.437 0.275 0.026 0.034
0 0.46 0.281 0.028 0.054
0 0.392 0.41 0.036 0.044
0 0.328 0.415 0.028 0.034
0 0.292 0.441 0.04 0.026
0 0.403 0.333 0.03 0.026
0 0.368 0.269 0.028 0.03
0 0.342 0.252 0.032 0.028
0 0.357 0.238 0.018 0.02
0 0.361 0.217 0.022 0.03
0 0.368 0.212 0.024 0.024
0 0.275 0.384 0.038 0.044
0 0.234 0.418 0.028 0.04
0 0.208 0.409 0.036 0.03
0 0.317 0.304 0.03 0.04
0 0.307 0.246 0.03 0.032
0 0.289 0.187 0.034 0.03
0 0.263 0.201 0.026 0.026
0 0.24 0.226 0.024 0.028
0 0.278 0.152 0.024 0.032
0 0.258 0.121 0.04 0.03
0 0.252 0.04 0.02 0.028
0 0.222 0.017 0.028 0.026
0 0.21 0.005 0.016 0.006
0 0.169 0.004 0.022 0.004
0 0.084 0.016 0.036 0.028
0 0.018 0.041 0.028 0.038
0 0.006 0.066 0.008 0.036
0 0.065 0.044 0.018 0.016
0 0.161 0.038 0.034 0.044
0 0.176 0.081 0.028 0.034
0 0.201 0.097 0.022 0.042
0 0.22 0.071 0.028 0.03
0 0.238 0.058 0.028 0.032
0 0.167 0.112 0.022 0.032
0 0.224 0.189 0.024 0.034
0 0.156 0.205 0.032 0.026
0 0.135 0.17 0.026 0.032
0 0.131 0.149 0.03 0.022
0 0.102 0.093 0.024 0.034
0 0.093 0.108 0.022 0.04
0 0.121 0.112 0.026 0.032
0 0.01 0.247 0.016 0.042
0 0.064 0.236 0.02 0.028
0 0.078 0.244 0.02 0.028
0 0.11 0.241 0.028 0.026
0 0.021 0.309 0.022 0.022
0 0.022 0.287 0.036 0.03
0 0.024 0.364 0.032 0.04
0 0.054 0.386 0.032 0.032
0 0.086 0.379 0.032 0.03
0 0.09 0.35 0.028 0.028
0 0.099 0.327 0.038 0.03
0 0.127 0.309 0.034 0.038
0 0.145 0.289 0.03 0.03
0 0.196 0.259 0.024 0.034
0 0.181 0.279 0.026 0.034
0 0.23 0.27 0.024 0.04
0 0.168 0.33 0.028 0.036
0 0.265 0.318 0.026 0.044
0 0.16 0.392 0.024 0.016
0 0.16 0.367 0.024 0.022
1 0.864 0.986 0.02 0.02
1 0.715 0.987 0.01 0.022
1 0.604 0.962 0.028 0.02
1 0.6 0.985 0.024 0.018
1 0.491 0.881 0.03 0.038
1 0.006 0.958 0.008 0.012
1 0.029 0.932 0.014 0.016
1 0.092 0.881 0.012 0.022
1 0.103 0.9 0.014 0.02
1 0.068 0.789 0.02 0.022
1 0.065 0.769 0.018 0.022
1 0.097 0.754 0.022 0.02
1 0.108 0.738 0.008 0.012
1 0.113 0.726 0.01 0.012
1 0.136 0.633 0.024 0.038
1 0.045 0.566 0.022 0.028
1 0.114 0.536 0.024 0.016
1 0.229 0.568 0.038 0.028
1 0.171 0.471 0.022 0.018
1 0.37 0.543 0.028 0.022
1 0.371 0.527 0.026 0.03
1 0.425 0.612 0.034 0.036
1 0.524 0.706 0.02 0.024
1 0.548 0.726 0.02 0.024
1 0.572 0.744 0.016 0.028
1 0.578 0.821 0.024 0.018
1 0.623 0.85 0.03 0.032
1 0.743 0.828 0.022 0.02
1 0.837 0.877 0.03 0.022
1 0.809 0.791 0.018 0.018
1 0.931 0.74 0.01 0.012
1 0.911 0.696 0.018 0.024
1 0.85 0.698 0.016 0.016
1 0.904 0.644 0.008 0.052
1 0.962 0.441 0.016 0.018
1 0.93 0.452 0.008 0.008
1 0.934 0.436 0.008 0.012
1 0.995 0.356 0.006 0.02
1 0.847 0.312 0.022 0.016
1 0.848 0.297 0.028 0.018
1 0.969 0.045 0.018 0.01
1 0.996 0.008 0.004 0.012
1 0.905 0.004 0.03 0.004
1 0.796 0.01 0.02 0.016
1 0.735 0.044 0.022 0.02
1 0.688 0.057 0.02 0.022
1 0.648 0.052 0.02 0.02
1 0.637 0.01 0.034 0.016
1 0.551 0.037 0.022 0.018
1 0.578 0.072 0.016 0.016
1 0.696 0.077 0.02 0.014
1 0.765 0.107 0.022 0.018
1 0.78 0.125 0.016 0.018
1 0.787 0.068 0.01 0.012
1 0.881 0.139 0.014 0.026
1 0.821 0.272 0.022 0.024
1 0.772 0.32 0.02 0.032
1 0.795 0.315 0.018 0.022
1 0.758 0.389 0.012 0.014
1 0.805 0.415 0.018 0.026
1 0.756 0.474 0.016 0.016
1 0.686 0.508 0.012 0.016
1 0.881 0.575 0.01 0.014
1 0.9 0.553 0.024 0.018
1 0.853 0.549 0.018 0.018
1 0.863 0.541 0.026 0.018
1 0.86 0.524 0.012 0.012
1 0.834 0.514 0.016 0.028
1 0.868 0.61 0.024 0.032
1 0.866 0.644 0.008 0.012
1 0.886 0.639 0.008 0.006
1 0.791 0.621 0.014 0.014
1 0.784 0.603 0.024 0.018
1 0.645 0.589 0.022 0.03
1 0.7 0.714 0.016 0.024
1 0.658 0.699 0.012 0.01
1 0.723 0.762 0.006 0.008
1 0.609 0.798 0.006 0.044
1 0.539 0.618 0.018 0.032
1 0.701 0.306 0.014 0.012
1 0.692 0.3 0.016 0.012
1 0.636 0.346 0.028 0.016
1 0.617 0.308 0.022 0.016
1 0.507 0.409 0.018 0.018
1 0.461 0.404 0.006 0.016
1 0.51 0.006 0.024 0.008
1 0.688 0.221 0.024 0.014
1 0.586 0.189 0.028 0.026
1 0.558 0.252 0.024 0.02
1 0.505 0.071 0.026 0.026
1 0.475 0.006 0.034 0.008
1 0.415 0.005 0.022 0.006
1 0.412 0.033 0.016 0.014
1 0.384 0.011 0.02 0.018
1 0.276 0.02 0.016 0.016
1 0.4 0.11 0.032 0.02
1 0.342 0.125 0.008 0.014
1 0.468 0.23 0.016 0.02
1 0.429 0.466 0.026 0.036
1 0.453 0.45 0.018 0.016
1 0.4 0.354 0.024 0.016
1 0.371 0.294 0.026 0.016
1 0.391 0.263 0.01 0.026
1 0.34 0.271 0.024 0.018
1 0.196 0.365 0.036 0.018
1 0.204 0.351 0.02 0.014
1 0.291 0.128 0.01 0.008
1 0.014 0.007 0.024 0.01
1 0.069 0.062 0.026 0.016
1 0.07 0.084 0.024 0.02
1 0.152 0.056 0.02 0.02
1 0.198 0.138 0.024 0.024
1 0.205 0.21 0.022 0.02
1 0.204 0.169 0.012 0.01
1 0.112 0.157 0.016 0.022
1 0.089 0.182 0.01 0.024
1 0.082 0.139 0.016 0.022
1 0.016 0.26 0.02 0.02
1 0.06 0.267 0.012 0.026
1 0.117 0.265 0.014 0.01
1 0.02 0.337 0.016 0.014
1 0.029 0.33 0.01 0.012
1 0.071 0.394 0.022 0.02
1 0.081 0.293 0.026 0.018
1 0.086 0.275 0.012 0.014
1 0.153 0.385 0.022 0.018
1 0.134 0.383 0.016 0.014
1 0.118 0.364 0.024 0.016
1 0.758 0.428 0.016 0.016
2 0.727 0.989 0.026 0.018
2 0.745 0.981 0.03 0.018
2 0.572 0.976 0.02 0.024
2 0.555 0.989 0.026 0.018
2 0.622 0.99 0.016 0.016
2 0.463 0.984 0.018 0.02
2 0.491 0.784 0.018 0.036
2 0.479 0.756 0.01 0.032
2 0.458 0.7 0.012 0.028
2 0.429 0.65 0.022 0.028
2 0.389 0.598 0.03 0.016
2 0.33 0.592 0.04 0.012
2 0.233 0.606 0.042 0.028
2 0.181 0.644 0.03 0.032
2 0.158 0.675 0.008 0.042
2 0.153 0.747 0.026 0.054
2 0.158 0.771 0.008 0.026
2 0.156 0.807 0.012 0.042
2 0.175 0.912 0.026 0.044
2 0.097 0.995 0.03 0.006
2 0.105 0.987 0.014 0.018
2 0.017 0.979 0.01 0.014
2 0.008 0.877 0.012 0.018
2 0.004 0.596 0.004 0.028
2 0.2 0.553 0.036 0.038
2 0.223 0.472 0.018 0.016
2 0.441 0.546 0.026 0.04
2 0.412 0.619 0.028 0.03
2 0.747 0.876 0.018 0.024
2 0.746 0.856 0.024 0.024
2 0.797 0.878 0.038 0.028
2 0.974 0.758 0.02 0.024
2 0.965 0.545 0.014 0.014
2 0.974 0.268 0.028 0.036
2 0.766 0.015 0.032 0.026
2 0.71 0.021 0.016 0.026
2 0.619 0.009 0.026 0.014
2 0.542 0.047 0.008 0.01
2 0.74 0.101 0.016 0.014
2 0.726 0.126 0.02 0.02
2 0.875 0.197 0.038 0.026
2 0.681 0.329 0.014 0.022
2 0.565 0.178 0.026 0.02
2 0.596 0.126 0.028 0.02
2 0.483 0.167 0.034 0.018
2 0.485 0.127 0.022 0.018
2 0.464 0.468 0.02 0.032
2 0.373 0.458 0.034 0.032
2 0.303 0.217 0.022 0.026
2 0.335 0.154 0.022 0.024
2 0.076 0.18 0.016 0.024
2 0.146 0.088 0.02 0.04
2 0.085 0.305 0.014 0.01
2 0.351 0.329 0.014 0.014
2 0.334 0.325 0.012 0.014
2 0.211 0.34 0.014 0.008
2 0.833 0.148 0.03 0.02
2 0.821 0.675 0.018 0.022