0 0.912 0.035 0.04 0.042
0 0.941 0.015 0.03 0.03
0 0.812 0.07 0.068 0.06
0 0.819 0.111 0.046 0.038
0 0.792 0.136 0.044 0.048
0 0.787 0.102 0.022 0.032
0 0.755 0.05 0.102 0.088
0 0.711 0.037 0.066 0.066
0 0.679 0.014 0.062 0.028
0 0.563 0.037 0.086 0.046
0 0.554 0.066 0.068 0.056
0 0.483 0.082 0.102 0.064
0 0.471 0.023 0.086 0.046
0 0.391 0.017 0.07 0.034
0 0.344 0.042 0.08 0.04
0 0.369 0.097 0.094 0.05
0 0.166 0.029 0.06 0.05
0 0.147 0.063 0.05 0.042
0 0.036 0.047 0.06 0.046
0 0.011 0.132 0.018 0.048
0 0.052 0.129 0.064 0.058
0 0.023 0.218 0.042 0.06
0 0.045 0.257 0.062 0.046
0 0.2 0.1 0.068 0.044
0 0.134 0.122 0.068 0.044
0 0.127 0.149 0.066 0.046
0 0.092 0.15 0.02 0.024
0 0.204 0.184 0.044 0.052
0 0.24 0.176 0.04 0.04
0 0.322 0.159 0.052 0.038
0 0.525 0.108 0.074 0.036
0 0.519 0.146 0.078 0.044
0 0.601 0.089 0.07 0.046
0 0.643 0.106 0.082 0.06
0 0.617 0.158 0.046 0.04
0 0.55 0.213 0.052 0.042
0 0.579 0.219 0.046 0.042
0 0.649 0.182 0.07 0.056
0 0.671 0.15 0.038 0.036
0 0.753 0.144 0.042 0.06
0 0.754 0.109 0.036 0.034
0 0.705 0.14 0.03 0.024
0 0.679 0.2 0.062 0.056
0 0.901 0.128 0.038 0.032
0 0.94 0.235 0.036 0.03
0 0.714 0.234 0.06 0.06
0 0.678 0.287 0.04 0.058
0 0.771 0.406 0.034 0.048
0 0.734 0.413 0.048 0.05
0 0.696 0.387 0.06 0.042
0 0.8 0.249 0.036 0.038
0 0.785 0.267 0.042 0.042
0 0.779 0.279 0.046 0.05
0 0.752 0.279 0.032 0.03
0 0.735 0.298 0.034 0.04
0 0.797 0.31 0.034 0.028
0 0.784 0.321 0.028 0.038
0 0.766 0.314 0.016 0.024
0 0.763 0.337 0.022 0.022
0 0.758 0.347 0.056 0.038
0 0.733 0.379 0.022 0.022
0 0.755 0.38 0.03 0.02
0 0.639 0.256 0.058 0.052
0 0.59 0.278 0.048 0.048
0 0.588 0.309 0.072 0.042
0 0.658 0.365 0.072 0.054
0 0.627 0.351 0.054 0.062
0 0.578 0.379 0.048 0.05
0 0.629 0.398 0.058 0.044
0 0.485 0.347 0.062 0.042
0 0.417 0.242 0.042 0.036
0 0.463 0.238 0.086 0.048
0 0.487 0.26 0.042 0.024
0 0.479 0.284 0.046 0.032
0 0.462 0.276 0.056 0.028
0 0.426 0.287 0.04 0.054
0 0.336 0.273 0.052 0.034
0 0.352 0.336 0.056 0.04
0 0.235 0.26 0.054 0.056
0 0.162 0.249 0.048 0.046
0 0.031 0.326 0.058 0.056
0 0.083 0.381 0.058 0.046
0 0.047 0.417 0.054 0.046
0 0.013 0.413 0.022 0.05
0 0.025 0.489 0.046 0.046
0 0.022 0.516 0.032 0.02
0 0.078 0.47 0.06 0.044
0 0.055 0.449 0.054 0.038
0 0.169 0.503 0.046 0.038
0 0.181 0.319 0.05 0.046
0 0.301 0.364 0.054 0.04
0 0.238 0.418 0.052 0.048
0 0.209 0.408 0.054 0.04
0 0.307 0.401 0.042 0.03
0 0.01 0.628 0.016 0.044
0 0.139 0.579 0.058 0.046
0 0.104 0.581 0.04 0.046
0 0.106 0.65 0.052 0.048
0 0.08 0.678 0.044 0.036
0 0.073 0.696 0.038 0.036
0 0.267 0.508 0.054 0.044
0 0.241 0.55 0.054 0.04
0 0.229 0.566 0.034 0.028
0 0.396 0.448 0.06 0.044
0 0.368 0.407 0.048 0.046
0 0.384 0.411 0.028 0.034
0 0.1 0.509 0.052 0.042
0 0.104 0.531 0.056 0.042
0 0.523 0.416 0.074 0.04
0 0.462 0.454 0.072 0.056
0 0.389 0.55 0.062 0.052
0 0.429 0.51 0.022 0.028
0 0.445 0.526 0.022 0.04
0 0.56 0.459 0.068 0.038
0 0.525 0.469 0.034 0.034
0 0.803 0.502 0.046 0.048
0 0.795 0.557 0.034 0.05
0 0.692 0.501 0.044 0.054
0 0.739 0.574 0.038 0.036
0 0.743 0.599 0.038 0.034
0 0.645 0.499 0.062 0.05
0 0.7 0.553 0.072 0.046
0 0.653 0.558 0.034 0.044
0 0.784 0.644 0.04 0.052
0 0.743 0.645 0.042 0.058
0 0.731 0.678 0.046 0.044
0 0.701 0.669 0.046 0.042
0 0.672 0.676 0.044 0.044
0 0.711 0.704 0.038 0.032
0 0.733 0.717 0.058 0.038
0 0.758 0.735 0.052 0.042
0 0.745 0.769 0.058 0.046
0 0.686 0.61 0.032 0.036
0 0.629 0.62 0.038 0.04
0 0.853 0.838 0.038 0.032
0 0.749 0.894 0.038 0.036
0 0.742 0.844 0.052 0.036
0 0.716 0.8 0.044 0.052
0 0.706 0.977 0.052 0.042
0 0.664 0.983 0.044 0.03
0 0.647 0.951 0.07 0.05
0 0.641 0.588 0.062 0.048
0 0.604 0.571 0.048 0.042
0 0.623 0.665 0.058 0.054
0 0.57 0.668 0.052 0.04
0 0.544 0.656 0.06 0.044
0 0.495 0.652 0.058 0.044
0 0.513 0.623 0.038 0.026
0 0.504 0.594 0.06 0.044
0 0.645 0.797 0.078 0.042
0 0.705 0.939 0.05 0.05
0 0.703 0.912 0.042 0.044
0 0.668 0.747 0.068 0.042
0 0.683 0.834 0.058 0.036
0 0.686 0.867 0.056 0.05
0 0.652 0.886 0.056 0.052
0 0.619 0.882 0.026 0.032
0 0.585 0.94 0.058 0.056
0 0.589 0.982 0.046 0.032
0 0.56 0.976 0.028 0.032
0 0.525 0.949 0.054 0.042
0 0.539 0.841 0.062 0.05
0 0.535 0.868 0.066 0.036
0 0.5 0.796 0.068 0.048
0 0.447 0.778 0.058 0.044
0 0.489 0.982 0.046 0.032
0 0.394 0.807 0.076 0.05
0 0.448 0.965 0.072 0.046
0 0.362 0.987 0.06 0.022
0 0.353 0.869 0.054 0.038
0 0.401 0.718 0.054 0.048
0 0.382 0.759 0.064 0.054
0 0.488 0.739 0.052 0.05
0 0.386 0.627 0.06 0.042
0 0.368 0.615 0.06 0.042
0 0.506 0.703 0.048 0.05
0 0.538 0.704 0.028 0.028
0 0.483 0.691 0.038 0.03
0 0.22 0.659 0.064 0.046
0 0.31 0.78 0.044 0.032
0 0.299 0.749 0.062 0.046
0 0.196 0.837 0.052 0.046
0 0.127 0.756 0.07 0.056
0 0.072 0.755 0.044 0.034
0 0.095 0.978 0.05 0.04
0 0.032 0.981 0.036 0.034
0 0.016 0.977 0.028 0.042
0 0.031 0.8 0.058 0.056
0 0.085 0.866 0.09 0.044
0 0.248 0.744 0.052 0.052
0 0.207 0.751 0.038 0.046
0 0.272 0.827 0.052 0.038
0 0.228 0.916 0.036 0.028
0 0.143 0.898 0.07 0.06
1 0.495 0.039 0.034 0.026
1 0.335 0.078 0.022 0.024
1 0.109 0.069 0.026 0.018
1 0.111 0.083 0.026 0.014
1 0.072 0.274 0.032 0.024
1 0.102 0.291 0.016 0.026
1 0.141 0.166 0.018 0.032
1 0.134 0.197 0.032 0.026
1 0.386 0.144 0.044 0.016
1 0.481 0.133 0.054 0.022
1 0.612 0.206 0.012 0.024
1 0.603 0.211 0.01 0.018
1 0.623 0.214 0.014 0.024
1 0.722 0.193 0.028 0.014
1 0.976 0.133 0.032 0.022
1 0.914 0.149 0.032 0.034
1 0.993 0.239 0.01 0.018
1 0.981 0.239 0.018 0.014
1 0.911 0.203 0.026 0.046
1 0.738 0.248 0.024 0.02
1 0.733 0.356 0.014 0.028
1 0.582 0.332 0.024 0.016
1 0.548 0.347 0.028 0.018
1 0.362 0.282 0.032 0.024
1 0.279 0.284 0.018 0.028
1 0.32 0.234 0.032 0.032
1 0.289 0.23 0.026 0.028
1 0.273 0.346 0.034 0.02
1 0.056 0.539 0.04 0.022
1 0.02 0.559 0.036 0.03
1 0.311 0.529 0.03 0.03
1 0.343 0.555 0.026 0.03
1 0.538 0.389 0.024 0.018
1 0.996 0.44 0.004 0.028
1 0.83 0.47 0.032 0.024
1 0.864 0.621 0.028 0.034
1 0.973 0.662 0.03 0.036
1 0.943 0.651 0.022 0.022
1 0.961 0.577 0.022 0.042
1 0.862 0.569 0.032 0.034
1 0.996 0.908 0.004 0.02
1 0.876 0.834 0.016 0.028
1 0.848 0.953 0.024 0.026
1 0.951 0.97 0.03 0.02
1 0.95 0.977 0.02 0.018
1 0.79 0.898 0.04 0.02
1 0.785 0.902 0.026 0.02
1 0.668 0.647 0.032 0.022
1 0.55 0.575 0.028 0.034
1 0.563 0.531 0.026 0.034
1 0.453 0.943 0.03 0.014
1 0.367 0.844 0.03 0.024
1 0.319 0.962 0.038 0.024
1 0.356 0.973 0.036 0.014
1 0.337 0.942 0.034 0.012
1 0.33 0.926 0.032 0.024
1 0.466 0.659 0.02 0.034
1 0.164 0.927 0.04 0.022
1 0.216 0.707 0.028 0.034
1 0.031 0.714 0.03 0.032
1 0.024 0.759 0.016 0.034
1 0.189 0.709 0.038 0.042
2 0.828 0.022 0.016 0.024
2 0.849 0.113 0.01 0.01
2 0.632 0.026 0.044 0.044
2 0.236 0.025 0.036 0.03
2 0.11 0.01 0.044 0.02
2 0.065 0.02 0.03 0.028
2 0.354 0.163 0.02 0.03
2 0.402 0.175 0.048 0.046
2 0.481 0.198 0.058 0.04
2 0.553 0.246 0.05 0.032
2 0.606 0.19 0.016 0.02
2 0.723 0.115 0.022 0.018
2 0.7 0.157 0.028 0.022
2 0.724 0.167 0.028 0.046
2 0.794 0.188 0.032 0.024
2 0.782 0.212 0.04 0.04
2 0.756 0.225 0.036 0.034
2 0.744 0.313 0.048 0.038
2 0.511 0.297 0.058 0.066
2 0.468 0.304 0.036 0.024
2 0.313 0.221 0.026 0.026
2 0.23 0.215 0.032 0.03
2 0.258 0.192 0.036 0.024
2 0.136 0.313 0.028 0.034
2 0.226 0.291 0.016 0.018
2 0.265 0.293 0.014 0.01
2 0.378 0.339 0.024 0.03
2 0.218 0.359 0.056 0.046
2 0.194 0.443 0.04 0.026
2 0.005 0.578 0.006 0.012
2 0.046 0.587 0.02 0.022
2 0.033 0.628 0.034 0.028
2 0.088 0.598 0.048 0.048
2 0.354 0.498 0.064 0.052
2 0.681 0.43 0.03 0.032
2 0.489 0.428 0.038 0.032
2 0.445 0.49 0.054 0.036
2 0.46 0.522 0.012 0.02
2 0.462 0.541 0.012 0.018
2 0.551 0.441 0.058 0.018
2 0.916 0.338 0.036 0.084
2 0.956 0.35 0.012 0.02
2 0.839 0.404 0.022 0.024
2 0.931 0.646 0.018 0.02
2 0.954 0.531 0.024 0.03
2 0.843 0.461 0.018 0.014
2 0.847 0.445 0.018 0.022
2 0.635 0.533 0.014 0.026
2 0.982 0.987 0.036 0.022
2 0.79 0.767 0.036 0.03
2 0.82 0.78 0.036 0.028
2 0.808 0.883 0.048 0.026
2 0.761 0.922 0.022 0.032
2 0.741 0.915 0.014 0.022
2 0.706 0.818 0.024 0.028
2 0.767 0.804 0.022 0.04
2 0.751 0.818 0.01 0.012
2 0.575 0.592 0.026 0.024
2 0.575 0.743 0.05 0.046
2 0.475 0.952 0.046 0.012
2 0.386 0.946 0.068 0.04
2 0.397 0.882 0.034 0.024
2 0.348 0.959 0.02 0.014
2 0.378 0.736 0.02 0.02
2 0.523 0.733 0.034 0.026
2 0.339 0.702 0.054 0.048
2 0.283 0.604 0.058 0.048
2 0.249 0.632 0.042 0.044
2 0.156 0.991 0.036 0.014
2 0.252 0.959 0.036 0.03
2 0.147 0.814 0.038 0.036
2 0.094 0.827 0.056 0.042
2 0.064 0.93 0.056 0.044
2 0.108 0.937 0.024 0.018
2 0.279 0.713 0.038 0.034
2 0.292 0.803 0.032 0.014
2 0.289 0.821 0.014 0.018
2 0.204 0.921 0.068 0.05