0 0.829 0.304 0.042 0.052
0 0.876 0.377 0.044 0.046
0 0.862 0.272 0.036 0.048
0 0.818 0.232 0.036 0.036
0 0.855 0.051 0.046 0.062
0 0.79 0.06 0.044 0.056
0 0.913 0.079 0.046 0.046
0 0.903 0.152 0.042 0.044
0 0.565 0.08 0.05 0.044
0 0.485 0.063 0.038 0.034
0 0.455 0.087 0.07 0.038
0 0.35 0.069 0.064 0.054
0 0.193 0.039 0.054 0.042
0 0.115 0.051 0.05 0.054
0 0.206 0.129 0.04 0.058
0 0.083 0.156 0.05 0.052
0 0.414 0.153 0.052 0.046
0 0.355 0.182 0.054 0.052
0 0.906 0.572 0.044 0.032
0 0.902 0.65 0.032 0.044
0 0.951 0.648 0.046 0.04
0 0.747 0.642 0.046 0.04
0 0.691 0.644 0.038 0.048
0 0.556 0.656 0.064 0.048
0 0.634 0.743 0.04 0.034
0 0.774 0.696 0.036 0.036
0 0.877 0.758 0.034 0.032
0 0.268 0.576 0.052 0.052
0 0.406 0.602 0.044 0.052
0 0.277 0.663 0.042 0.058
0 0.722 0.394 0.044 0.04
0 0.632 0.391 0.04 0.046
0 0.548 0.439 0.048 0.046
0 0.55 0.493 0.044 0.042
0 0.266 0.46 0.06 0.056
0 0.8 0.476 0.04 0.044
0 0.9 0.506 0.036 0.048
0 0.782 0.847 0.04 0.042
0 0.881 0.902 0.054 0.048
0 0.818 0.938 0.032 0.032
0 0.819 0.893 0.03 0.046
0 0.801 0.776 0.026 0.04
0 0.472 0.713 0.056 0.082
0 0.345 0.381 0.042 0.046
0 0.327 0.418 0.046 0.064
0 0.382 0.552 0.036 0.036
0 0.272 0.797 0.048 0.038
0 0.042 0.684 0.044 0.048
0 0.242 0.714 0.036 0.056
0 0.037 0.79 0.062 0.052
0 0.733 0.725 0.066 0.042
0 0.569 0.36 0.038 0.052
0 0.445 0.408 0.042 0.04
0 0.506 0.543 0.04 0.038
0 0.476 0.565 0.04 0.05
0 0.492 0.598 0.04 0.044
0 0.23 0.501 0.056 0.042
0 0.309 0.511 0.062 0.054
0 0.463 0.457 0.046 0.042
0 0.561 0.549 0.05 0.05
0 0.181 0.386 0.07 0.044
0 0.142 0.451 0.052 0.058
0 0.078 0.544 0.052 0.048
0 0.062 0.632 0.044 0.056
0 0.332 0.732 0.068 0.056
0 0.73 0.855 0.052 0.066
0 0.763 0.779 0.05 0.034
0 0.906 0.862 0.044 0.04
0 0.96 0.821 0.028 0.038
0 0.948 0.77 0.028 0.024
0 0.981 0.773 0.034 0.038
0 0.992 0.803 0.012 0.03
0 0.919 0.707 0.026 0.034
0 0.904 0.728 0.044 0.052
0 0.838 0.743 0.04 0.038
0 0.808 0.395 0.036 0.042
0 0.936 0.382 0.028 0.048
0 0.925 0.417 0.034 0.034
0 0.574 0.223 0.044 0.062
0 0.641 0.338 0.058 0.048
0 0.55 0.314 0.04 0.04
0 0.316 0.453 0.04 0.046
0 0.688 0.138 0.048 0.056
0 0.783 0.012 0.058 0.024
0 0.979 0.017 0.038 0.034
0 0.95 0.06 0.056 0.044
0 0.985 0.178 0.026 0.04
0 0.99 0.232 0.016 0.028
0 0.986 0.279 0.024 0.022
0 0.938 0.286 0.036 0.044
0 0.88 0.24 0.036 0.04
0 0.713 0.439 0.038 0.054
0 0.696 0.475 0.044 0.046
0 0.122 0.226 0.092 0.068
0 0.304 0.242 0.048 0.052
0 0.265 0.254 0.046 0.044
0 0.269 0.96 0.054 0.056
0 0.384 0.929 0.04 0.05
0 0.468 0.92 0.04 0.044
0 0.482 0.763 0.036 0.038
0 0.17 0.683 0.036 0.046
0 0.161 0.647 0.046 0.034
0 0.256 0.83 0.036 0.036
0 0.039 0.92 0.042 0.044
0 0.145 0.888 0.054 0.04
0 0.723 0.929 0.038 0.038
0 0.765 0.475 0.026 0.034
0 0.845 0.597 0.046 0.026
0 0.841 0.621 0.042 0.042
0 0.699 0.523 0.062 0.05
0 0.574 0.784 0.06 0.04
0 0.447 0.35 0.046 0.06
0 0.461 0.324 0.038 0.06
0 0.422 0.308 0.056 0.06
0 0.689 0.164 0.062 0.064
0 0.854 0.695 0.028 0.042
0 0.875 0.697 0.03 0.038
0 0.818 0.71 0.02 0.048
0 0.605 0.552 0.038 0.036
0 0.971 0.32 0.022 0.02
0 0.569 0.967 0.058 0.05
0 0.546 0.984 0.04 0.028
0 0.537 0.927 0.05 0.038
0 0.237 0.914 0.046 0.052
0 0.029 0.32 0.042 0.04
0 0.03 0.385 0.048 0.046
0 0.185 0.327 0.07 0.07
0 0.215 0.303 0.038 0.054
0 0.137 0.501 0.066 0.058
0 0.16 0.547 0.048 0.05
0 0.439 0.055 0.054 0.038
0 0.52 0.01 0.048 0.02
0 0.377 0.01 0.05 0.02
0 0.034 0.018 0.048 0.032
0 0.022 0.141 0.04 0.066
0 0.68 0.318 0.024 0.028
0 0.474 0.43 0.02 0.028
0 0.736 0.023 0.044 0.046
0 0.668 0.013 0.04 0.026
0 0.478 0.166 0.048 0.048
0 0.287 0.134 0.046 0.044
0 0.988 0.464 0.02 0.04
0 0.991 0.56 0.014 0.048
0 0.036 0.535 0.04 0.05
0 0.059 0.872 0.058 0.048
0 0.015 0.873 0.026 0.038
0 0.012 0.985 0.02 0.026
0 0.04 0.735 0.032 0.038
0 0.175 0.977 0.03 0.03
0 0.913 0.255 0.03 0.026
0 0.934 0.246 0.028 0.024
0 0.725 0.794 0.034 0.036
0 0.666 0.533 0.024 0.022
0 0.27 0.302 0.036 0.028
0 0.612 0.584 0.024 0.02
0 0.623 0.562 0.026 0.036
0 0.588 0.807 0.028 0.03
0 0.413 0.807 0.062 0.062
0 0.446 0.844 0.048 0.056
0 0.529 0.883 0.046 0.026
0 0.526 0.842 0.044 0.044
0 0.555 0.84 0.038 0.036
0 0.578 0.867 0.028 0.034
0 0.604 0.871 0.036 0.034
0 0.637 0.936 0.042 0.04
0 0.718 0.968 0.032 0.024
0 0.11 0.6 0.048 0.036
0 0.186 0.278 0.024 0.04
0 0.923 0.211 0.046 0.038
0 0.847 0.405 0.042 0.046
0 0.993 0.366 0.01 0.032
0 0.592 0.502 0.032 0.028
0 0.5 0.992 0.032 0.012
0 0.787 0.991 0.03 0.014
0 0.874 0.994 0.036 0.008
0 0.878 0.423 0.016 0.022
0 0.869 0.437 0.038 0.03
0 0.876 0.56 0.028 0.036
0 0.98 0.047 0.036 0.034
0 0.901 0.015 0.046 0.03
1 0.643 0.374 0.026 0.024
1 0.739 0.318 0.022 0.024
1 0.503 0.374 0.01 0.016
1 0.787 0.593 0.018 0.022
1 0.319 0.863 0.03 0.018
1 0.852 0.18 0.048 0.02
1 0.237 0.62 0.006 0.012
1 0.227 0.607 0.014 0.014
1 0.215 0.594 0.01 0.012
1 0.354 0.96 0.02 0.036
1 0.918 0.821 0.016 0.022
1 0.608 0.631 0.036 0.018
1 0.454 0.609 0.02 0.022
1 0.22 0.212 0.024 0.024
1 0.565 0.737 0.03 0.022
1 0.474 0.789 0.028 0.026
1 0.17 0.512 0.02 0.024
1 0.076 0.441 0.032 0.03
1 0.078 0.347 0.032 0.018
1 0.083 0.318 0.018 0.016
1 0.688 0.027 0.024 0.022
1 0.297 0.078 0.018 0.028
1 0.84 0.487 0.02 0.014
1 0.838 0.469 0.016 0.006
1 0.016 0.657 0.028 0.022
1 0.089 0.954 0.026 0.024
1 0.013 0.744 0.018 0.02
1 0.092 0.795 0.016 0.01
1 0.212 0.924 0.028 0.028
1 0.676 0.074 0.036 0.02
1 0.862 0.832 0.028 0.024
1 0.92 0.917 0.02 0.022
1 0.915 0.955 0.022 0.026
1 0.81 0.643 0.016 0.026
1 0.108 0.339 0.036 0.022
1 0.691 0.747 0.022 0.03
1 0.709 0.811 0.022 0.03
1 0.658 0.921 0.016 0.014
1 0.676 0.926 0.012 0.02
1 0.663 0.974 0.022 0.02
1 0.322 0.019 0.02 0.026
1 0.778 0.163 0.024 0.018
1 0.769 0.175 0.038 0.026
1 0.993 0.317 0.01 0.018
1 0.965 0.451 0.022 0.034
1 0.983 0.533 0.018 0.038
1 0.008 0.451 0.012 0.026
1 0.011 0.408 0.018 0.02
1 0.007 0.839 0.01 0.03
1 0.91 0.186 0.024 0.02
1 0.947 0.229 0.022 0.03
1 0.641 0.244 0.022 0.016
2 0.974 0.152 0.008 0.008
2 0.297 0.874 0.018 0.028
2 0.09 0.785 0.008 0.01
2 0.431 0.962 0.014 0.016
2 0.428 0.934 0.024 0.024
2 0.84 0.965 0.016 0.03
2 0.779 0.945 0.026 0.034
2 0.73 0.221 0.024 0.026
2 0.828 0.446 0.016 0.016
2 0.674 0.575 0.012 0.01
2 0.665 0.608 0.01 0.016
2 0.699 0.57 0.006 0.016
2 0.711 0.581 0.006 0.01
2 0.341 0.346 0.01 0.016
2 0.014 0.202 0.016 0.02
2 0.438 0.219 0.032 0.022
2 0.681 0.958 0.01 0.008
2 0.685 0.969 0.01 0.01
2 0.588 0.699 0.008 0.014
2 0.597 0.698 0.01 0.016
2 0.969 0.927 0.022 0.01
2 0.997 0.987 0.006 0.022
2 0.993 0.645 0.01 0.03
2 0.991 0.671 0.01 0.014
2 0.924 0.469 0.016 0.014
2 0.65 0.063 0.02 0.022
2 0.48 0.004 0.024 0.008
2 0.025 0.049 0.022 0.03
2 0.571 0.177 0.018 0.022
2 0.508 0.144 0.016 0.02
2 0.626 0.214 0.04 0.056
2 0.206 0.751 0.032 0.022
2 0.198 0.994 0.032 0.008
2 0.959 0.027 0.01 0.01
2 0.417 0.659 0.014 0.022
2 0.414 0.956 0.02 0.016
2 0.414 0.921 0.02 0.018
2 0.725 0.992 0.026 0.012