0 0.931 0.007 0.026 0.01
0 0.793 0.033 0.03 0.042
0 0.985 0.151 0.026 0.034
0 0.832 0.01 0.02 0.016
0 0.873 0.021 0.034 0.03
0 0.852 0.01 0.024 0.016
0 0.763 0.072 0.046 0.04
0 0.88 0.123 0.02 0.034
0 0.863 0.124 0.022 0.032
0 0.93 0.268 0.028 0.028
0 0.977 0.28 0.03 0.036
0 0.977 0.325 0.03 0.038
0 0.933 0.353 0.066 0.054
0 0.983 0.433 0.03 0.034
0 0.956 0.464 0.036 0.036
0 0.973 0.671 0.034 0.03
0 0.048 0.03 0.04 0.048
0 0.073 0.069 0.062 0.05
0 0.269 0.147 0.074 0.058
0 0.796 0.588 0.04 0.044
0 0.745 0.608 0.034 0.04
0 0.894 0.694 0.036 0.04
0 0.589 0.274 0.026 0.036
0 0.519 0.23 0.034 0.048
0 0.734 0.18 0.024 0.04
0 0.706 0.191 0.032 0.046
0 0.634 0.183 0.024 0.03
0 0.407 0.019 0.066 0.034
0 0.349 0.008 0.03 0.012
0 0.564 0.088 0.056 0.044
0 0.746 0.831 0.028 0.038
0 0.814 0.86 0.04 0.028
0 0.69 0.033 0.048 0.046
0 0.387 0.209 0.046 0.05
0 0.292 0.273 0.04 0.038
0 0.393 0.268 0.074 0.052
0 0.409 0.354 0.05 0.04
0 0.119 0.488 0.066 0.052
0 0.229 0.381 0.082 0.058
0 0.053 0.11 0.042 0.04
0 0.011 0.11 0.018 0.048
0 0.055 0.204 0.106 0.076
0 0.329 0.404 0.07 0.044
0 0.464 0.102 0.028 0.028
0 0.687 0.739 0.046 0.046
0 0.564 0.583 0.032 0.046
0 0.327 0.589 0.046 0.042
0 0.377 0.556 0.05 0.068
0 0.17 0.44 0.036 0.04
0 0.087 0.679 0.066 0.046
0 0.061 0.757 0.058 0.038
0 0.047 0.82 0.062 0.06
0 0.194 0.764 0.02 0.032
0 0.231 0.424 0.018 0.02
0 0.783 0.171 0.03 0.038
0 0.823 0.207 0.03 0.034
0 0.88 0.317 0.032 0.05
0 0.815 0.119 0.034 0.046
0 0.943 0.196 0.038 0.04
0 0.963 0.18 0.03 0.036
0 0.968 0.09 0.028 0.04
0 0.991 0.232 0.014 0.036
0 0.741 0.232 0.034 0.044
0 0.838 0.243 0.036 0.03
0 0.935 0.307 0.03 0.034
0 0.911 0.186 0.022 0.024
0 0.746 0.304 0.028 0.04
0 0.812 0.286 0.044 0.056
0 0.693 0.254 0.062 0.032
0 0.695 0.29 0.062 0.044
0 0.659 0.299 0.042 0.038
0 0.727 0.37 0.038 0.032
0 0.936 0.558 0.028 0.036
0 0.992 0.922 0.012 0.032
0 0.973 0.878 0.03 0.04
0 0.924 0.835 0.036 0.038
0 0.869 0.721 0.038 0.03
0 0.739 0.674 0.038 0.032
0 0.801 0.65 0.042 0.032
0 0.713 0.554 0.034 0.04
0 0.687 0.479 0.034 0.034
0 0.667 0.43 0.042 0.052
0 0.75 0.463 0.028 0.034
0 0.747 0.53 0.034 0.044
0 0.865 0.525 0.038 0.03
0 0.775 0.289 0.046 0.058
0 0.847 0.273 0.03 0.034
0 0.981 0.376 0.03 0.044
0 0.852 0.383 0.04 0.042
0 0.64 0.353 0.036 0.046
0 0.612 0.351 0.032 0.03
0 0.594 0.436 0.036 0.036
0 0.581 0.457 0.038 0.042
0 0.563 0.501 0.03 0.038
0 0.6 0.512 0.04 0.036
0 0.613 0.548 0.054 0.028
0 0.586 0.534 0.028 0.04
0 0.51 0.523 0.032 0.03
0 0.486 0.492 0.032 0.036
0 0.733 0.477 0.026 0.026
0 0.824 0.474 0.036 0.028
0 0.889 0.511 0.038 0.038
0 0.802 0.94 0.04 0.04
0 0.812 0.915 0.032 0.03
0 0.764 0.894 0.036 0.04
0 0.828 0.989 0.028 0.018
0 0.786 0.988 0.032 0.02
0 0.952 0.972 0.04 0.032
0 0.944 0.904 0.04 0.036
0 0.966 0.913 0.024 0.026
0 0.911 0.772 0.046 0.024
0 0.95 0.711 0.072 0.046
0 0.925 0.436 0.034 0.032
0 0.913 0.399 0.05 0.03
0 0.877 0.449 0.026 0.03
0 0.897 0.458 0.018 0.016
0 0.835 0.457 0.038 0.03
0 0.729 0.932 0.034 0.048
0 0.66 0.886 0.052 0.052
0 0.693 0.884 0.03 0.036
0 0.652 0.932 0.036 0.036
0 0.61 0.954 0.028 0.04
0 0.569 0.953 0.034 0.034
0 0.559 0.923 0.038 0.03
0 0.513 0.898 0.046 0.04
0 0.52 0.857 0.028 0.034
0 0.389 0.909 0.026 0.038
0 0.198 0.901 0.04 0.026
0 0.344 0.903 0.032 0.034
0 0.342 0.781 0.032 0.03
0 0.282 0.775 0.048 0.034
0 0.477 0.726 0.034 0.028
0 0.414 0.741 0.036 0.03
0 0.447 0.735 0.03 0.034
0 0.029 0.322 0.046 0.048
0 0.639 0.626 0.038 0.04
0 0.568 0.688 0.044 0.04
0 0.609 0.73 0.034 0.056
0 0.217 0.867 0.058 0.038
0 0.153 0.816 0.042 0.04
0 0.209 0.955 0.046 0.058
0 0.114 0.95 0.032 0.036
0 0.079 0.978 0.038 0.04
0 0.053 0.96 0.03 0.028
0 0.026 0.982 0.048 0.032
0 0.163 0.952 0.042 0.032
0 0.39 0.808 0.044 0.036
0 0.144 0.882 0.032 0.048
0 0.391 0.714 0.022 0.036
0 0.373 0.705 0.042 0.034
0 0.378 0.771 0.036 0.03
0 0.576 0.745 0.024 0.026
0 0.936 0.521 0.048 0.05
0 0.543 0.973 0.026 0.038
0 0.301 0.968 0.026 0.028
0 0.336 0.991 0.048 0.014
0 0.353 0.869 0.034 0.03
0 0.273 0.875 0.03 0.034
0 0.19 0.422 0.06 0.048
0 0.156 0.011 0.056 0.018
0 0.184 0.088 0.04 0.04
0 0.467 0.685 0.046 0.038
0 0.417 0.676 0.046 0.04
0 0.382 0.649 0.044 0.038
0 0.96 0.755 0.032 0.026
0 0.776 0.753 0.036 0.034
0 0.219 0.776 0.058 0.04
0 0.015 0.939 0.022 0.03
0 0.265 0.816 0.022 0.02
0 0.563 0.651 0.03 0.03
0 0.603 0.596 0.038 0.036
0 0.455 0.583 0.034 0.03
0 0.431 0.557 0.046 0.042
0 0.789 0.425 0.022 0.026
0 0.319 0.707 0.034 0.046
0 0.295 0.706 0.014 0.032
0 0.256 0.743 0.048 0.042
0 0.265 0.706 0.03 0.024
0 0.279 0.719 0.038 0.034
0 0.467 0.641 0.03 0.038
0 0.299 0.861 0.038 0.026
0 0.297 0.83 0.038 0.036
0 0.304 0.81 0.024 0.024
0 0.041 0.239 0.042 0.022
0 0.064 0.275 0.072 0.046
0 0.435 0.611 0.022 0.026
0 0.429 0.645 0.042 0.05
0 0.468 0.988 0.032 0.02
0 0.387 0.997 0.022 0.002
0 0.675 0.994 0.026 0.008
0 0.456 0.268 0.028 0.028
0 0.625 0.445 0.022 0.03
0 0.684 0.395 0.04 0.038
0 0.775 0.398 0.034 0.028
0 0.766 0.374 0.04 0.036
0 0.856 0.622 0.032 0.036
0 0.874 0.578 0.056 0.036
0 0.719 0.599 0.03 0.03
1 0.152 0.209 0.04 0.014
1 0.435 0.344 0.026 0.028
1 0.492 0.353 0.024 0.026
1 0.478 0.375 0.02 0.022
1 0.559 0.143 0.018 0.022
1 0.839 0.523 0.018 0.026
1 0.857 0.552 0.026 0.02
1 0.745 0.765 0.026 0.026
1 0.712 0.08 0.02 0.04
1 0.518 0.436 0.028 0.032
1 0.447 0.48 0.022 0.024
1 0.517 0.486 0.022 0.008
1 0.525 0.477 0.01 0.018
1 0.046 0.481 0.036 0.026
1 0.34 0.365 0.02 0.034
1 0.507 0.559 0.022 0.03
1 0.151 0.776 0.042 0.024
1 0.11 0.72 0.024 0.032
1 0.027 0.61 0.026 0.016
1 0.885 0.223 0.026 0.026
1 0.881 0.854 0.018 0.028
1 0.674 0.339 0.02 0.03
1 0.245 0.446 0.018 0.016
1 0.573 0.719 0.03 0.022
1 0.554 0.791 0.028 0.022
1 0.666 0.965 0.032 0.03
1 0.474 0.545 0.028 0.018
1 0.535 0.497 0.014 0.026
1 0.245 0.801 0.026 0.026
1 0.776 0.328 0.032 0.02
1 0.817 0.404 0.018 0.024
1 0.34 0.239 0.024 0.014
1 0.159 0.237 0.022 0.022
1 0.316 0.223 0.016 0.014
1 0.304 0.215 0.016 0.014
1 0.16 0.116 0.024 0.024
1 0.215 0.041 0.014 0.034
1 0.204 0.049 0.008 0.018
1 0.481 0.044 0.026 0.036
1 0.509 0.575 0.018 0.014
1 0.477 0.247 0.026 0.022
1 0.639 0.412 0.01 0.012
1 0.593 0.893 0.018 0.034
1 0.542 0.811 0.036 0.018
2 0.98 0.009 0.036 0.014
2 0.163 0.184 0.03 0.028
2 0.453 0.008 0.046 0.012
2 0.946 0.14 0.032 0.028
2 0.901 0.637 0.034 0.038
2 0.823 0.714 0.022 0.036
2 0.683 0.807 0.03 0.03
2 0.282 0.23 0.04 0.028
2 0.258 0.535 0.028 0.026
2 0.992 0.083 0.012 0.034
2 0.882 0.98 0.024 0.02
2 0.992 0.743 0.012 0.022
2 0.89 0.372 0.028 0.032
2 0.498 0.267 0.048 0.026
2 0.616 0.024 0.028 0.044
2 0.566 0.362 0.024 0.024
2 0.897 0.812 0.022 0.028
2 0.844 0.88 0.028 0.036
2 0.911 0.927 0.038 0.03
2 0.689 0.98 0.034 0.024
2 0.395 0.43 0.03 0.04
2 0.351 0.96 0.026 0.028
2 0.056 0.56 0.108 0.088
2 0.742 0.41 0.032 0.024
2 0.849 0.437 0.026 0.026
2 0.471 0.597 0.03 0.034
2 0.537 0.738 0.038 0.036
2 0.989 0.593 0.018 0.022
2 0.027 0.896 0.05 0.044
2 0.605 0.817 0.018 0.018
2 0.783 0.487 0.03 0.03
2 0.607 0.207 0.038 0.074
2 0.252 0.308 0.08 0.048