0 0.107 0.035 0.042 0.038
0 0.195 0.103 0.026 0.05
0 0.052 0.091 0.044 0.026
0 0.153 0.119 0.046 0.042
0 0.248 0.122 0.036 0.032
0 0.369 0.076 0.054 0.024
0 0.041 0.163 0.03 0.034
0 0.068 0.183 0.036 0.038
0 0.287 0.164 0.062 0.044
0 0.016 0.225 0.032 0.03
0 0.051 0.272 0.046 0.044
0 0.277 0.223 0.054 0.042
0 0.328 0.264 0.036 0.036
0 0.41 0.027 0.056 0.054
0 0.53 0.156 0.096 0.08
0 0.398 0.251 0.048 0.046
0 0.148 0.301 0.048 0.03
0 0.162 0.342 0.056 0.056
0 0.548 0.085 0.056 0.042
0 0.292 0.315 0.048 0.03
0 0.285 0.344 0.05 0.044
0 0.09 0.394 0.044 0.04
0 0.036 0.413 0.052 0.046
0 0.36 0.292 0.044 0.04
0 0.635 0.044 0.062 0.072
0 0.721 0.077 0.042 0.038
0 0.823 0.057 0.074 0.066
0 0.713 0.184 0.074 0.068
0 0.743 0.206 0.054 0.04
0 0.752 0.175 0.02 0.022
0 0.799 0.277 0.066 0.054
0 0.848 0.284 0.048 0.056
0 0.84 0.228 0.056 0.056
0 0.869 0.36 0.038 0.032
0 0.934 0.353 0.048 0.042
0 0.816 0.411 0.056 0.054
0 0.921 0.448 0.054 0.052
0 0.957 0.47 0.03 0.024
0 0.988 0.456 0.02 0.028
0 0.779 0.524 0.094 0.064
0 0.68 0.528 0.036 0.04
0 0.662 0.565 0.06 0.046
0 0.742 0.578 0.068 0.036
0 0.815 0.545 0.038 0.03
0 0.917 0.614 0.066 0.056
0 0.92 0.66 0.04 0.028
0 0.982 0.592 0.032 0.048
0 0.651 0.275 0.05 0.034
0 0.638 0.343 0.04 0.042
0 0.58 0.324 0.064 0.044
0 0.606 0.401 0.084 0.054
0 0.492 0.338 0.048 0.032
0 0.483 0.38 0.05 0.052
0 0.658 0.644 0.04 0.04
0 0.718 0.715 0.06 0.05
0 0.379 0.427 0.05 0.05
0 0.332 0.381 0.052 0.062
0 0.648 0.75 0.064 0.048
0 0.646 0.784 0.048 0.032
0 0.909 0.912 0.038 0.052
0 0.887 0.913 0.026 0.038
0 0.907 0.972 0.046 0.028
0 0.769 0.865 0.054 0.046
0 0.747 0.974 0.038 0.036
0 0.572 0.935 0.06 0.038
0 0.572 0.896 0.052 0.032
0 0.573 0.822 0.042 0.044
0 0.703 0.636 0.054 0.036
0 0.522 0.633 0.048 0.054
0 0.424 0.608 0.052 0.052
0 0.362 0.517 0.056 0.042
0 0.346 0.588 0.056 0.04
0 0.301 0.516 0.03 0.032
0 0.323 0.636 0.058 0.052
0 0.279 0.615 0.054 0.046
0 0.285 0.545 0.046 0.042
0 0.251 0.528 0.046 0.04
0 0.382 0.834 0.044 0.044
0 0.143 0.622 0.054 0.036
0 0.137 0.668 0.058 0.048
0 0.059 0.674 0.046 0.044
0 0.092 0.479 0.056 0.046
0 0.025 0.468 0.05 0.052
0 0.177 0.529 0.038 0.046
0 0.139 0.851 0.062 0.05
0 0.381 0.962 0.058 0.048
0 0.326 0.976 0.052 0.044
0 0.205 0.885 0.05 0.038
0 0.152 0.935 0.056 0.026
0 0.168 0.779 0.06 0.05
0 0.197 0.801 0.054 0.038
0 0.201 0.526 0.038 0.04
0 0.052 0.832 0.04 0.032
0 0.016 0.772 0.032 0.04
0 0.06 0.85 0.048 0.036
0 0.004 0.98 0.008 0.032
0 0.636 0.989 0.052 0.018
0 0.017 0.601 0.034 0.042
0 0.013 0.34 0.026 0.04
0 0.614 0.016 0.044 0.032
0 0.558 0.012 0.044 0.024
0 0.317 0.801 0.038 0.038
0 0.142 0.57 0.048 0.036
0 0.25 0.89 0.04 0.036
0 0.207 0.584 0.05 0.028
0 0.925 0.817 0.046 0.046
0 0.911 0.072 0.05 0.036
0 0.074 0.537 0.036 0.05
0 0.953 0.444 0.034 0.028
0 0.929 0.421 0.038 0.026
1 0.158 0.01 0.028 0.02
1 0.189 0.059 0.018 0.034
1 0.128 0.017 0.02 0.034
1 0.426 0.725 0.032 0.03
1 0.016 0.846 0.024 0.04
1 0.054 0.172 0.016 0.024
1 0.216 0.218 0.028 0.036
1 0.312 0.22 0.032 0.024
1 0.303 0.032 0.026 0.028
1 0.335 0.035 0.03 0.026
1 0.415 0.171 0.022 0.022
1 0.622 0.158 0.024 0.036
1 0.64 0.163 0.024 0.042
1 0.458 0.14 0.036 0.044
1 0.048 0.354 0.036 0.032
1 0.207 0.383 0.034 0.03
1 0.507 0.248 0.026 0.036
1 0.553 0.222 0.03 0.032
1 0.746 0.035 0.036 0.034
1 0.864 0.056 0.024 0.028
1 0.654 0.223 0.028 0.034
1 0.922 0.217 0.032 0.022
1 0.815 0.605 0.026 0.034
1 0.692 0.304 0.02 0.036
1 0.532 0.357 0.024 0.022
1 0.513 0.386 0.026 0.044
1 0.577 0.521 0.026 0.03
1 0.608 0.54 0.024 0.028
1 0.625 0.612 0.034 0.028
1 0.583 0.636 0.026 0.024
1 0.369 0.308 0.03 0.02
1 0.398 0.374 0.032 0.032
1 0.451 0.467 0.042 0.034
1 0.813 0.73 0.03 0.032
1 0.837 0.742 0.03 0.028
1 0.981 0.78 0.022 0.02
1 0.888 0.885 0.02 0.014
1 0.784 0.892 0.028 0.024
1 0.703 0.946 0.038 0.024
1 0.658 0.944 0.036 0.024
1 0.61 0.951 0.024 0.026
1 0.751 0.073 0.018 0.026
1 0.932 0.04 0.04 0.028
1 0.471 0.743 0.03 0.03
1 0.453 0.769 0.03 0.03
1 0.48 0.855 0.032 0.034
1 0.479 0.891 0.018 0.034
1 0.322 0.609 0.028 0.026
1 0.018 0.506 0.024 0.024
1 0.378 0.889 0.028 0.03
1 0.356 0.988 0.04 0.02
1 0.138 0.951 0.032 0.022
1 0.087 0.924 0.054 0.024
1 0.041 0.991 0.054 0.014
1 0.364 0.87 0.016 0.024
1 0.088 0.741 0.032 0.03
1 0.084 0.857 0.02 0.018
1 0.131 0.804 0.018 0.02
1 0.499 0.922 0.014 0.024
1 0.776 0.989 0.024 0.018
1 0.432 0.995 0.02 0.006
1 0.694 0.004 0.02 0.008
1 0.525 0.009 0.022 0.018
1 0.992 0.008 0.012 0.016
1 0.221 0.142 0.022 0.016
1 0.537 0.465 0.038 0.038
1 0.282 0.398 0.032 0.036
1 0.166 0.89 0.02 0.06
1 0.215 0.133 0.018 0.01
2 0.024 0.047 0.028 0.03
2 0.218 0.352 0.028 0.04
2 0.13 0.333 0.032 0.014
2 0.381 0.178 0.022 0.032
2 0.828 0.146 0.024 0.024
2 0.786 0.169 0.024 0.022
2 0.845 0.323 0.014 0.014
2 0.843 0.461 0.018 0.014
2 0.846 0.618 0.116 0.072
2 0.977 0.703 0.026 0.022
2 0.739 0.273 0.03 0.034
2 0.528 0.547 0.052 0.03
2 0.52 0.561 0.036 0.042
2 0.683 0.477 0.022 0.022
2 0.764 0.661 0.036 0.022
2 0.735 0.777 0.086 0.058
2 0.897 0.799 0.046 0.046
2 0.864 0.795 0.02 0.034
2 0.965 0.793 0.026 0.038
2 0.951 0.956 0.026 0.032
2 0.763 0.906 0.054 0.036
2 0.731 0.884 0.026 0.028
2 0.779 0.948 0.038 0.036
2 0.807 0.972 0.034 0.036
2 0.595 0.757 0.03 0.034
2 0.573 0.761 0.022 0.034
2 0.518 0.705 0.02 0.018
2 0.894 0.094 0.028 0.024
2 0.459 0.804 0.026 0.02
2 0.406 0.984 0.064 0.028
2 0.306 0.967 0.016 0.014
2 0.299 0.976 0.014 0.012
2 0.07 0.992 0.032 0.012
2 0.339 0.871 0.034 0.034
2 0.335 0.776 0.018 0.016
2 0.22 0.526 0.016 0.032
2 0.193 0.51 0.022 0.016
2 0.117 0.804 0.01 0.02
2 0.022 0.964 0.04 0.016
2 0.261 0.994 0.042 0.008
2 0.302 0.9 0.032 0.028
2 0.012 0.692 0.024 0.044
2 0.227 0.758 0.018 0.02
2 0.202 0.75 0.032 0.028
2 0.202 0.772 0.016 0.02
2 0.022 0.321 0.02 0.018
2 0.005 0.4 0.01 0.02
2 0.009 0.429 0.01 0.026
2 0.013 0.733 0.026 0.034
2 0.018 0.642 0.024 0.016
2 0.509 0.007 0.018 0.014
2 0.916 0.049 0.012 0.01
2 0.609 0.116 0.062 0.024
2 0.765 0.143 0.034 0.014
2 0.459 0.581 0.014 0.01
2 0.401 0.491 0.014 0.01
2 0.077 0.764 0.018 0.024
2 0.056 0.74 0.028 0.028
2 0.217 0.72 0.03 0.036
2 0.857 0.495 0.022 0.018
2 0.414 0.406 0.02 0.02
2 0.556 0.481 0.024 0.026