0 0.469 0.166 0.046 0.076
0 0.34 0.152 0.04 0.076
0 0.409 0.18 0.058 0.072
0 0.356 0.215 0.044 0.074
0 0.323 0.301 0.05 0.058
0 0.374 0.246 0.044 0.044
0 0.549 0.151 0.03 0.05
0 0.555 0.113 0.042 0.042
0 0.508 0.18 0.044 0.056
0 0.577 0.186 0.042 0.068
0 0.604 0.234 0.044 0.052
0 0.673 0.228 0.038 0.056
0 0.487 0.232 0.034 0.036
0 0.469 0.281 0.046 0.062
0 0.512 0.317 0.052 0.07
0 0.537 0.344 0.046 0.06
0 0.588 0.304 0.044 0.056
0 0.754 0.043 0.044 0.058
0 0.802 0.068 0.056 0.06
0 0.869 0.085 0.05 0.07
0 0.78 0.156 0.044 0.06
0 0.813 0.13 0.046 0.056
0 0.252 0.121 0.052 0.058
0 0.042 0.041 0.048 0.07
0 0.199 0.04 0.042 0.056
0 0.36 0.047 0.04 0.066
0 0.544 0.032 0.044 0.06
0 0.655 0.139 0.034 0.066
0 0.693 0.126 0.038 0.076
0 0.719 0.173 0.05 0.062
0 0.747 0.194 0.038 0.048
0 0.706 0.219 0.032 0.034
0 0.712 0.277 0.052 0.078
0 0.955 0.126 0.042 0.06
0 0.981 0.176 0.034 0.052
0 0.951 0.194 0.034 0.06
0 0.943 0.253 0.042 0.062
0 0.874 0.24 0.052 0.068
0 0.878 0.162 0.04 0.068
0 0.774 0.307 0.044 0.07
0 0.766 0.36 0.04 0.048
0 0.76 0.411 0.036 0.062
0 0.808 0.423 0.056 0.066
0 0.881 0.423 0.03 0.042
0 0.913 0.443 0.046 0.054
0 0.83 0.514 0.04 0.06
0 0.869 0.495 0.042 0.058
0 0.834 0.327 0.068 0.058
0 0.151 0.211 0.038 0.074
0 0.488 0.423 0.044 0.05
0 0.524 0.435 0.048 0.07
0 0.631 0.435 0.058 0.062
0 0.224 0.37 0.036 0.044
0 0.267 0.36 0.046 0.068
0 0.303 0.365 0.038 0.058
0 0.808 0.735 0.044 0.054
0 0.827 0.791 0.058 0.066
0 0.871 0.754 0.042 0.052
0 0.964 0.833 0.044 0.078
0 0.823 0.59 0.05 0.076
0 0.922 0.525 0.04 0.062
0 0.911 0.589 0.03 0.062
0 0.584 0.348 0.048 0.056
0 0.426 0.373 0.04 0.042
0 0.425 0.396 0.026 0.024
0 0.275 0.442 0.038 0.06
0 0.27 0.555 0.036 0.05
0 0.322 0.549 0.044 0.078
0 0.213 0.615 0.038 0.058
0 0.18 0.64 0.028 0.04
0 0.211 0.678 0.034 0.044
0 0.174 0.725 0.052 0.066
0 0.194 0.584 0.056 0.072
0 0.325 0.679 0.046 0.058
0 0.19 0.271 0.044 0.07
0 0.225 0.265 0.026 0.042
0 0.209 0.162 0.026 0.024
0 0.103 0.288 0.034 0.056
0 0.089 0.25 0.05 0.072
0 0.086 0.348 0.044 0.048
0 0.099 0.377 0.074 0.094
0 0.153 0.344 0.034 0.048
0 0.195 0.358 0.046 0.052
0 0.15 0.455 0.036 0.054
0 0.025 0.651 0.05 0.078
0 0.044 0.474 0.04 0.052
0 0.024 0.502 0.04 0.048
0 0.049 0.683 0.046 0.058
0 0.023 0.743 0.042 0.058
0 0.057 0.751 0.042 0.058
0 0.036 0.789 0.04 0.038
0 0.484 0.63 0.048 0.06
0 0.576 0.562 0.044 0.056
0 0.231 0.739 0.046 0.058
0 0.2 0.78 0.04 0.052
0 0.184 0.849 0.04 0.07
0 0.141 0.891 0.046 0.074
0 0.167 0.936 0.038 0.044
0 0.196 0.954 0.048 0.048
0 0.038 0.912 0.036 0.068
0 0.266 0.783 0.064 0.118
0 0.381 0.758 0.046 0.072
0 0.442 0.815 0.048 0.058
0 0.399 0.811 0.034 0.07
0 0.381 0.847 0.042 0.042
0 0.518 0.895 0.044 0.074
0 0.612 0.807 0.036 0.058
0 0.679 0.881 0.046 0.07
0 0.716 0.874 0.036 0.056
0 0.763 0.87 0.038 0.056
0 0.825 0.912 0.054 0.06
0 0.852 0.955 0.044 0.054
0 0.661 0.942 0.046 0.048
0 0.694 0.962 0.048 0.052
0 0.583 0.954 0.03 0.044
0 0.738 0.931 0.04 0.058
0 0.765 0.938 0.038 0.052
0 0.94 0.961 0.064 0.054
0 0.962 0.966 0.048 0.064
0 0.125 0.109 0.058 0.05
0 0.055 0.101 0.042 0.066
0 0.065 0.241 0.042 0.042
0 0.391 0.162 0.038 0.04
0 0.752 0.521 0.052 0.094
0 0.734 0.658 0.048 0.076
0 0.745 0.698 0.038 0.036
0 0.955 0.028 0.046 0.056
0 0.183 0.177 0.03 0.03
0 0.551 0.243 0.042 0.058
0 0.012 0.349 0.024 0.07
0 0.026 0.419 0.036 0.05
0 0.058 0.405 0.028 0.054
0 0.304 0.458 0.056 0.088
0 0.379 0.567 0.05 0.054
0 0.615 0.61 0.042 0.068
0 0.556 0.645 0.044 0.074
0 0.549 0.596 0.038 0.052
0 0.682 0.571 0.06 0.078
0 0.898 0.662 0.048 0.052
0 0.12 0.775 0.044 0.07
0 0.102 0.828 0.056 0.044
0 0.421 0.727 0.038 0.062
0 0.482 0.705 0.044 0.046
0 0.595 0.631 0.026 0.042
0 0.623 0.685 0.046 0.074
0 0.568 0.743 0.06 0.058
0 0.869 0.807 0.042 0.05
0 0.596 0.261 0.024 0.022
1 0.387 0.225 0.022 0.018
1 0.752 0.09 0.032 0.032
1 0.434 0.058 0.024 0.028
1 0.493 0.061 0.026 0.03
1 0.923 0.167 0.018 0.034
1 0.849 0.438 0.018 0.02
1 0.182 0.205 0.02 0.026
1 0.503 0.47 0.014 0.016
1 0.568 0.481 0.028 0.022
1 0.64 0.501 0.02 0.03
1 0.667 0.395 0.022 0.034
1 0.804 0.551 0.024 0.03
1 0.94 0.633 0.012 0.026
1 0.624 0.343 0.028 0.022
1 0.483 0.382 0.018 0.02
1 0.435 0.467 0.018 0.026
1 0.236 0.566 0.02 0.024
1 0.235 0.23 0.026 0.024
1 0.23 0.169 0.02 0.022
1 0.232 0.185 0.012 0.014
1 0.163 0.382 0.03 0.036
1 0.181 0.401 0.034 0.03
1 0.098 0.481 0.024 0.042
1 0.152 0.48 0.02 0.028
1 0.091 0.556 0.042 0.056
1 0.124 0.546 0.032 0.04
1 0.096 0.591 0.02 0.026
1 0.465 0.604 0.018 0.032
1 0.139 0.981 0.026 0.018
1 0.34 0.812 0.024 0.036
1 0.555 0.905 0.018 0.042
1 0.569 0.865 0.014 0.038
1 0.813 0.876 0.038 0.028
1 0.047 0.186 0.022 0.028
1 0.069 0.204 0.034 0.032
1 0.775 0.676 0.022 0.028
1 0.898 0.052 0.02 0.032
1 0.898 0.08 0.012 0.028
1 0.033 0.332 0.018 0.032
1 0.394 0.366 0.032 0.036
1 0.343 0.424 0.03 0.032
1 0.518 0.553 0.028 0.03
1 0.045 0.606 0.03 0.032
1 0.079 0.857 0.018 0.022
1 0.094 0.872 0.02 0.016
1 0.323 0.945 0.026 0.026
1 0.466 0.695 0.028 0.022
1 0.464 0.734 0.02 0.016
1 0.493 0.734 0.018 0.012
1 0.639 0.741 0.026 0.014
1 0.659 0.734 0.018 0.012
1 0.721 0.732 0.014 0.032
1 0.722 0.759 0.024 0.022
1 0.768 0.768 0.032 0.02
1 0.916 0.814 0.02 0.04
2 0.512 0.266 0.028 0.028
2 0.255 0.05 0.046 0.036
2 0.431 0.504 0.046 0.044
2 0.017 0.95 0.034 0.04
2 0.448 0.915 0.04 0.054
2 0.902 0.316 0.036 0.048
2 0.834 0.041 0.052 0.054
2 0.596 0.104 0.02 0.036
2 0.378 0.509 0.032 0.026
2 0.373 0.536 0.03 0.028
2 0.473 0.534 0.042 0.024
2 0.109 0.655 0.034 0.042
2 0.264 0.607 0.048 0.062
2 0.628 0.469 0.052 0.038
2 0.322 0.861 0.052 0.054
2 0.293 0.901 0.018 0.018
2 0.393 0.963 0.026 0.03
2 0.551 0.954 0.026 0.016
2 0.09 0.065 0.056 0.074
2 0.308 0.184 0.016 0.016