0 0.923 0.649 0.034 0.038
0 0.982 0.622 0.032 0.04
0 0.98 0.541 0.032 0.038
0 0.983 0.595 0.03 0.042
0 0.925 0.451 0.034 0.046
0 0.81 0.421 0.032 0.042
0 0.758 0.465 0.036 0.046
0 0.723 0.251 0.03 0.038
0 0.65 0.331 0.04 0.038
0 0.569 0.438 0.038 0.048
0 0.552 0.554 0.04 0.04
0 0.527 0.589 0.03 0.034
0 0.591 0.276 0.03 0.04
0 0.55 0.273 0.028 0.042
0 0.515 0.275 0.03 0.038
0 0.628 0.118 0.036 0.052
0 0.644 0.059 0.052 0.058
0 0.75 0.138 0.032 0.048
0 0.446 0.5 0.036 0.048
0 0.407 0.509 0.026 0.038
0 0.482 0.477 0.036 0.054
0 0.437 0.469 0.034 0.018
0 0.384 0.436 0.036 0.052
0 0.32 0.393 0.036 0.042
0 0.352 0.386 0.036 0.052
0 0.263 0.397 0.034 0.05
0 0.289 0.312 0.042 0.056
0 0.381 0.338 0.038 0.052
0 0.314 0.352 0.024 0.028
0 0.156 0.341 0.048 0.05
0 0.195 0.33 0.034 0.052
0 0.1 0.314 0.052 0.052
0 0.029 0.323 0.026 0.026
0 0.043 0.284 0.018 0.02
0 0.14 0.259 0.036 0.058
0 0.201 0.263 0.034 0.042
0 0.222 0.226 0.036 0.048
0 0.28 0.246 0.04 0.056
0 0.32 0.251 0.036 0.046
0 0.347 0.155 0.03 0.046
0 0.415 0.202 0.038 0.06
0 0.482 0.216 0.036 0.048
0 0.519 0.248 0.038 0.048
0 0.559 0.186 0.026 0.024
0 0.56 0.202 0.02 0.016
0 0.64 0.184 0.036 0.04
0 0.63 0.217 0.024 0.026
0 0.885 0.35 0.034 0.04
0 0.794 0.359 0.036 0.042
0 0.928 0.315 0.036 0.038
0 0.869 0.435 0.038 0.05
0 0.962 0.46 0.032 0.044
0 0.814 0.533 0.032 0.042
0 0.895 0.563 0.042 0.046
0 0.948 0.584 0.02 0.028
0 0.797 0.673 0.05 0.042
0 0.832 0.631 0.04 0.038
0 0.629 0.741 0.038 0.038
0 0.561 0.711 0.034 0.042
0 0.667 0.721 0.034 0.038
0 0.678 0.803 0.044 0.038
0 0.704 0.863 0.028 0.026
0 0.536 0.879 0.032 0.022
0 0.622 0.589 0.032 0.046
0 0.232 0.65 0.04 0.04
0 0.306 0.649 0.032 0.03
0 0.383 0.587 0.042 0.054
0 0.471 0.666 0.042 0.056
0 0.535 0.777 0.046 0.034
0 0.517 0.856 0.038 0.028
0 0.494 0.562 0.028 0.044
0 0.692 0.424 0.04 0.048
0 0.739 0.293 0.03 0.038
0 0.702 0.326 0.036 0.04
0 0.805 0.319 0.042 0.05
0 0.747 0.183 0.042 0.05
0 0.793 0.131 0.038 0.042
0 0.96 0.235 0.036 0.05
0 0.903 0.248 0.042 0.052
0 0.833 0.264 0.046 0.068
0 0.948 0.089 0.04 0.038
0 0.863 0.016 0.034 0.028
0 0.78 0.033 0.04 0.062
0 0.57 0.081 0.032 0.046
0 0.508 0.11 0.024 0.04
0 0.415 0.133 0.038 0.054
0 0.512 0.339 0.044 0.046
0 0.184 0.145 0.04 0.07
0 0.12 0.143 0.028 0.046
0 0.023 0.167 0.034 0.058
0 0.107 0.034 0.042 0.06
0 0.073 0.066 0.03 0.036
0 0.022 0.029 0.04 0.054
0 0.321 0.033 0.038 0.05
0 0.286 0.024 0.028 0.044
0 0.804 0.087 0.036 0.038
0 0.709 0.023 0.042 0.042
0 0.931 0.393 0.034 0.042
0 0.808 0.756 0.052 0.044
0 0.976 0.923 0.028 0.026
0 0.895 0.917 0.038 0.042
0 0.239 0.448 0.026 0.044
0 0.205 0.418 0.022 0.04
0 0.145 0.496 0.038 0.04
0 0.076 0.398 0.036 0.036
0 0.177 0.62 0.038 0.048
0 0.139 0.599 0.03 0.058
0 0.044 0.646 0.04 0.056
0 0.019 0.739 0.034 0.05
0 0.076 0.757 0.036 0.046
0 0.099 0.726 0.038 0.032
0 0.162 0.81 0.036 0.044
0 0.13 0.848 0.032 0.032
0 0.082 0.828 0.028 0.036
0 0.104 0.871 0.032 0.03
0 0.029 0.859 0.03 0.054
0 0.006 0.913 0.008 0.038
0 0.158 0.902 0.036 0.04
0 0.095 0.939 0.034 0.034
0 0.212 0.887 0.036 0.038
0 0.257 0.964 0.042 0.044
0 0.327 0.88 0.042 0.04
0 0.296 0.768 0.04 0.036
0 0.318 0.73 0.028 0.032
0 0.277 0.884 0.022 0.044
0 0.497 0.784 0.034 0.04
0 0.414 0.745 0.028 0.034
0 0.461 0.732 0.034 0.032
0 0.245 0.019 0.046 0.034
0 0.158 0.034 0.04 0.04
0 0.209 0.024 0.022 0.04
0 0.086 0.181 0.032 0.042
0 0.075 0.123 0.034 0.038
0 0.297 0.13 0.034 0.04
0 0.326 0.535 0.04 0.046
0 0.237 0.735 0.03 0.034
0 0.641 0.854 0.042 0.044
0 0.79 0.482 0.024 0.044
0 0.96 0.351 0.036 0.038
0 0.995 0.281 0.006 0.026
0 0.983 0.698 0.03 0.028
0 0.925 0.961 0.018 0.03
0 0.928 0.993 0.012 0.01
0 0.595 0.991 0.034 0.014
0 0.591 0.819 0.034 0.042
0 0.595 0.644 0.022 0.028
0 0.538 0.689 0.028 0.038
0 0.72 0.69 0.04 0.036
0 0.357 0.764 0.03 0.04
0 0.146 0.934 0.044 0.028
0 0.134 0.914 0.032 0.02
0 0.01 0.204 0.016 0.04
1 0.75 0.32 0.02 0.024
1 0.66 0.756 0.02 0.024
1 0.706 0.788 0.02 0.02
1 0.728 0.846 0.02 0.024
1 0.55 0.92 0.024 0.02
1 0.509 0.365 0.046 0.03
1 0.612 0.978 0.02 0.012
1 0.533 0.925 0.022 0.01
1 0.506 0.662 0.016 0.016
1 0.404 0.962 0.012 0.008
1 0.304 0.19 0.016 0.016
1 0.263 0.068 0.018 0.016
1 0.659 0.269 0.014 0.018
1 0.57 0.336 0.012 0.024
2 0.468 0.687 0.052 0.042
2 0.445 0.441 0.022 0.026
2 0.109 0.342 0.026 0.024
2 0.059 0.286 0.022 0.028
2 0.186 0.223 0.028 0.026
2 0.935 0.512 0.034 0.036
2 0.679 0.74 0.034 0.032
2 0.825 0.442 0.022 0.036
2 0.969 0.741 0.038 0.03
2 0.862 0.871 0.024 0.022
2 0.83 0.882 0.016 0.02
2 0.993 0.841 0.01 0.026
2 0.861 0.784 0.022 0.028
2 0.918 0.764 0.036 0.024
2 0.862 0.808 0.04 0.008
2 0.669 0.92 0.026 0.024
2 0.708 0.91 0.032 0.024
2 0.663 0.956 0.014 0.024
2 0.509 0.956 0.026 0.02
2 0.748 0.557 0.036 0.042
2 0.657 0.579 0.018 0.03
2 0.664 0.61 0.036 0.04
2 0.802 0.709 0.02 0.022
2 0.724 0.483 0.02 0.018
2 0.833 0.59 0.026 0.028
2 0.733 0.654 0.026 0.028
2 0.561 0.641 0.03 0.042
2 0.246 0.768 0.024 0.028
2 0.3 0.81 0.032 0.02
2 0.34 0.831 0.04 0.03
2 0.387 0.929 0.038 0.026
2 0.313 0.966 0.014 0.016
2 0.323 0.988 0.014 0.016
2 0.208 0.954 0.02 0.032
2 0.07 0.938 0.028 0.036
2 0.219 0.836 0.014 0.016
2 0.251 0.86 0.022 0.032
2 0.046 0.524 0.028 0.04
2 0.009 0.508 0.014 0.024
2 0.142 0.435 0.028 0.042
2 0.045 0.209 0.018 0.026
2 0.188 0.085 0.024 0.018
2 0.438 0.08 0.028 0.032
2 0.379 0.136 0.038 0.04
2 0.693 0.193 0.018 0.022
2 0.429 0.291 0.022 0.03
2 0.543 0.157 0.018 0.034
2 0.66 0.113 0.02 0.034
2 0.959 0.139 0.046 0.046
2 0.331 0.472 0.026 0.036
2 0.347 0.496 0.026 0.028
2 0.108 0.62 0.028 0.028
2 0.167 0.723 0.03 0.022
2 0.226 0.7 0.02 0.016
2 0.484 0.543 0.024 0.026