0 0.719 0.394 0.062 0.036
0 0.81 0.318 0.032 0.044
0 0.887 0.396 0.038 0.04
0 0.924 0.384 0.044 0.052
0 0.924 0.487 0.044 0.046
0 0.948 0.508 0.032 0.036
0 0.983 0.511 0.03 0.062
0 0.737 0.448 0.066 0.04
0 0.549 0.561 0.05 0.046
0 0.422 0.536 0.056 0.048
0 0.333 0.53 0.054 0.052
0 0.069 0.499 0.058 0.042
0 0.092 0.438 0.044 0.04
0 0.03 0.383 0.044 0.042
0 0.092 0.337 0.048 0.058
0 0.098 0.28 0.06 0.048
0 0.166 0.329 0.04 0.03
0 0.307 0.3 0.05 0.064
0 0.412 0.191 0.048 0.046
0 0.455 0.125 0.038 0.046
0 0.504 0.039 0.04 0.03
0 0.621 0.262 0.042 0.04
0 0.476 0.549 0.044 0.034
0 0.539 0.631 0.058 0.042
0 0.574 0.651 0.04 0.042
0 0.606 0.602 0.024 0.024
0 0.729 0.54 0.054 0.056
0 0.693 0.433 0.046 0.05
0 0.538 0.358 0.052 0.048
0 0.505 0.451 0.05 0.066
0 0.264 0.181 0.064 0.046
0 0.334 0.07 0.064 0.04
0 0.181 0.04 0.034 0.052
0 0.076 0.105 0.044 0.054
0 0.016 0.079 0.028 0.062
0 0.007 0.021 0.01 0.038
0 0.277 0.008 0.042 0.016
0 0.222 0.046 0.044 0.068
0 0.15 0.161 0.04 0.038
0 0.177 0.227 0.05 0.042
0 0.457 0.278 0.062 0.056
0 0.923 0.089 0.03 0.046
0 0.859 0.061 0.054 0.05
0 0.811 0.109 0.03 0.038
0 0.414 0.425 0.048 0.046
0 0.397 0.477 0.046 0.034
0 0.256 0.414 0.06 0.052
0 0.205 0.462 0.058 0.064
0 0.171 0.505 0.034 0.042
0 0.208 0.551 0.044 0.038
0 0.469 0.738 0.038 0.04
0 0.425 0.743 0.042 0.034
0 0.378 0.729 0.048 0.038
0 0.323 0.681 0.046 0.034
0 0.261 0.659 0.058 0.054
0 0.232 0.635 0.032 0.042
0 0.09 0.624 0.052 0.052
0 0.147 0.673 0.046 0.042
0 0.044 0.683 0.04 0.038
0 0.104 0.726 0.048 0.036
0 0.366 0.78 0.04 0.036
0 0.514 0.811 0.036 0.03
0 0.422 0.87 0.056 0.064
0 0.713 0.92 0.038 0.036
0 0.606 0.949 0.052 0.038
0 0.52 0.922 0.08 0.052
0 0.576 0.87 0.032 0.052
0 0.916 0.77 0.052 0.06
0 0.844 0.753 0.076 0.046
0 0.77 0.752 0.052 0.048
0 0.916 0.91 0.044 0.06
0 0.851 0.88 0.058 0.052
0 0.798 0.887 0.052 0.062
0 0.721 0.834 0.042 0.04
0 0.706 0.827 0.052 0.078
0 0.658 0.826 0.04 0.036
0 0.569 0.735 0.058 0.046
0 0.532 0.717 0.04 0.046
0 0.286 0.758 0.064 0.04
0 0.243 0.833 0.046 0.05
0 0.155 0.892 0.042 0.036
0 0.254 0.957 0.028 0.026
0 0.212 0.959 0.024 0.034
0 0.06 0.799 0.044 0.042
0 0.962 0.375 0.064 0.042
0 0.8 0.62 0.064 0.052
0 0.793 0.668 0.05 0.06
0 0.943 0.659 0.034 0.046
0 0.878 0.702 0.048 0.04
0 0.725 0.689 0.042 0.042
0 0.696 0.679 0.028 0.042
0 0.695 0.755 0.07 0.054
0 0.328 0.831 0.044 0.042
0 0.181 0.96 0.026 0.028
0 0.554 0.989 0.092 0.018
0 0.962 0.982 0.052 0.032
0 0.919 0.957 0.046 0.034
0 0.847 0.984 0.05 0.028
0 0.808 0.519 0.036 0.062
0 0.837 0.517 0.038 0.046
0 0.733 0.583 0.042 0.042
0 0.602 0.8 0.068 0.06
0 0.542 0.886 0.02 0.024
0 0.514 0.874 0.028 0.032
0 0.465 0.432 0.038 0.04
0 0.407 0.31 0.054 0.052
0 0.472 0.348 0.044 0.036
0 0.858 0.211 0.036 0.038
0 0.951 0.161 0.054 0.05
0 0.927 0.176 0.042 0.044
0 0.72 0.325 0.052 0.062
0 0.634 0.025 0.076 0.05
0 0.337 0.143 0.062 0.07
0 0.771 0.241 0.058 0.078
0 0.414 0.627 0.036 0.038
0 0.241 0.478 0.042 0.036
0 0.266 0.501 0.04 0.038
0 0.079 0.564 0.038 0.04
0 0.028 0.617 0.028 0.038
0 0.305 0.798 0.066 0.048
0 0.638 0.801 0.032 0.034
0 0.635 0.912 0.042 0.032
0 0.143 0.965 0.042 0.026
0 0.676 0.199 0.052 0.038
0 0.648 0.18 0.04 0.028
0 0.512 0.159 0.04 0.038
0 0.273 0.345 0.05 0.03
0 0.293 0.371 0.042 0.03
0 0.307 0.353 0.03 0.026
0 0.626 0.122 0.052 0.048
0 0.63 0.149 0.04 0.046
0 0.532 0.201 0.036 0.03
0 0.56 0.198 0.028 0.032
0 0.693 0.28 0.026 0.028
0 0.956 0.26 0.028 0.028
0 0.966 0.011 0.048 0.022
0 0.79 0.083 0.048 0.042
0 0.664 0.568 0.032 0.02
0 0.651 0.461 0.03 0.03
0 0.633 0.473 0.022 0.026
0 0.63 0.495 0.036 0.018
0 0.368 0.579 0.036 0.03
0 0.404 0.616 0.056 0.04
0 0.062 0.84 0.044 0.028
0 0.011 0.915 0.018 0.034
0 0.184 0.363 0.032 0.026
0 0.209 0.355 0.038 0.03
0 0.668 0.972 0.028 0.036
0 0.409 0.778 0.042 0.036
0 0.993 0.697 0.01 0.026
0 0.993 0.816 0.01 0.028
0 0.977 0.824 0.026 0.04
0 0.95 0.825 0.04 0.034
0 0.56 0.783 0.032 0.03
0 0.592 0.677 0.024 0.018
0 0.012 0.618 0.02 0.024
0 0.12 0.766 0.052 0.056
0 0.006 0.759 0.008 0.038
0 0.012 0.814 0.02 0.052
0 0.988 0.044 0.02 0.04
0 0.911 0.545 0.034 0.022
0 0.913 0.562 0.03 0.024
0 0.922 0.659 0.024 0.046
0 0.96 0.913 0.024 0.034
0 0.503 0.34 0.042 0.036
0 0.769 0.573 0.038 0.038
0 0.14 0.577 0.032 0.038
0 0.308 0.513 0.048 0.058
0 0.876 0.222 0.02 0.02
0 0.897 0.227 0.03 0.026
0 0.843 0.272 0.038 0.024
0 0.837 0.093 0.03 0.034
0 0.844 0.022 0.028 0.028
0 0.254 0.574 0.032 0.028
0 0.078 0.233 0.024 0.018
0 0.046 0.259 0.028 0.018
0 0.054 0.242 0.016 0.016
0 0.097 0.227 0.014 0.014
1 0.691 0.143 0.018 0.026
1 0.899 0.658 0.014 0.032
1 0.874 0.663 0.02 0.034
1 0.446 0.786 0.02 0.028
1 0.351 0.717 0.022 0.018
1 0.181 0.827 0.018 0.022
1 0.167 0.813 0.022 0.022
1 0.749 0.949 0.038 0.018
1 0.526 0.95 0.04 0.016
1 0.759 0.807 0.034 0.022
1 0.757 0.72 0.03 0.024
1 0.272 0.594 0.02 0.036
1 0.189 0.76 0.034 0.024
1 0.639 0.687 0.034 0.022
1 0.613 0.471 0.026 0.05
1 0.624 0.34 0.028 0.02
1 0.303 0.391 0.022 0.01
1 0.409 0.961 0.018 0.018
1 0.448 0.455 0.02 0.022
1 0.305 0.433 0.022 0.026
1 0.013 0.47 0.018 0.024
1 0.701 0.021 0.026 0.026
1 0.88 0.012 0.028 0.02
1 0.995 0.125 0.006 0.038
1 0.776 0.54 0.016 0.016
1 0.948 0.896 0.016 0.024
1 0.892 0.975 0.024 0.026
1 0.849 0.47 0.034 0.02
1 0.775 0.406 0.022 0.02
1 0.525 0.004 0.022 0.008
1 0.565 0.027 0.03 0.026
1 0.57 0.073 0.02 0.034
1 0.519 0.072 0.022 0.024
1 0.033 0.128 0.018 0.02
1 0.202 0.164 0.036 0.024
1 0.142 0.192 0.032 0.024
1 0.185 0.979 0.038 0.026
1 0.272 0.994 0.032 0.008
1 0.865 0.25 0.034 0.016
1 0.821 0.218 0.026 0.02
1 0.806 0.208 0.02 0.02
1 0.663 0.113 0.022 0.038
1 0.581 0.146 0.018 0.024
1 0.244 0.515 0.024 0.034
1 0.544 0.651 0.016 0.018
1 0.57 0.099 0.016 0.018
1 0.415 0.056 0.01 0.008
1 0.092 0.237 0.02 0.014
2 0.79 0.942 0.02 0.032
2 0.986 0.736 0.02 0.016
2 0.658 0.721 0.004 0.006
2 0.335 0.385 0.006 0.014
2 0.583 0.424 0.014 0.012
2 0.97 0.287 0.024 0.018
2 0.78 0.312 0.008 0.02
2 0.682 0.527 0.016 0.01
2 0.626 0.55 0.012 0.016
2 0.693 0.608 0.006 0.008
2 0.949 0.723 0.01 0.01
2 0.922 0.984 0.024 0.016
2 0.877 0.577 0.038 0.022
2 0.265 0.086 0.018 0.028
2 0.144 0.114 0.024 0.02
2 0.441 0.954 0.034 0.036
2 0.157 0.987 0.014 0.006
2 0.003 0.986 0.002 0.024
2 0.331 0.876 0.006 0.02
2 0.764 0.003 0.02 0.006
2 0.245 0.023 0.018 0.014
2 0.143 0.274 0.01 0.016
2 0.529 0.255 0.026 0.026
2 0.735 0.728 0.01 0.004
2 0.592 0.137 0.012 0.014
2 0.13 0.728 0.02 0.02
2 0.028 0.813 0.012 0.014
2 0.022 0.794 0.032 0.028
2 0.36 0.812 0.012 0.012
2 0.573 0.914 0.014 0.008
2 0.601 0.984 0.01 0.008
2 0.324 0.609 0.016 0.01
2 0.52 0.514 0.008 0.008
2 0.575 0.506 0.006 0.016
2 0.816 0.484 0.008 0.012
2 0.819 0.142 0.014 0.008
2 0.939 0.276 0.01 0.004
2 0.95 0.279 0.008 0.006
2 0.895 0.876 0.01 0.024
2 0.906 0.858 0.024 0.028
2 0.449 0.898 0.01 0.012
2 0.445 0.916 0.01 0.008
2 0.375 0.111 0.014 0.026
2 0.126 0.238 0.012 0.02
2 0.118 0.221 0.028 0.026