0 0.344 0.135 0.04 0.046
0 0.456 0.179 0.044 0.046
0 0.249 0.205 0.054 0.058
0 0.029 0.974 0.058 0.048
0 0.018 0.956 0.036 0.036
0 0.219 0.991 0.042 0.014
0 0.212 0.957 0.032 0.042
0 0.281 0.967 0.038 0.03
0 0.281 0.911 0.034 0.05
0 0.322 0.895 0.044 0.078
0 0.393 0.919 0.034 0.05
0 0.482 0.983 0.048 0.03
0 0.543 0.991 0.034 0.014
0 0.651 0.959 0.038 0.042
0 0.711 0.947 0.07 0.062
0 0.764 0.99 0.036 0.016
0 0.727 0.981 0.054 0.034
0 0.82 0.983 0.044 0.03
0 0.817 0.912 0.07 0.06
0 0.934 0.994 0.028 0.008
0 0.971 0.922 0.054 0.044
0 0.937 0.856 0.046 0.036
0 0.86 0.804 0.056 0.072
0 0.702 0.775 0.036 0.062
0 0.598 0.887 0.044 0.058
0 0.549 0.849 0.042 0.042
0 0.505 0.818 0.054 0.044
0 0.466 0.808 0.044 0.044
0 0.385 0.856 0.054 0.048
0 0.424 0.772 0.036 0.048
0 0.334 0.787 0.048 0.062
0 0.421 0.86 0.07 0.052
0 0.217 0.851 0.03 0.05
0 0.065 0.668 0.03 0.06
0 0.115 0.672 0.046 0.044
0 0.293 0.694 0.03 0.04
0 0.326 0.683 0.036 0.034
0 0.341 0.614 0.034 0.044
0 0.112 0.921 0.04 0.05
0 0.278 0.822 0.056 0.048
0 0.229 0.692 0.054 0.036
0 0.126 0.768 0.052 0.04
0 0.076 0.758 0.052 0.056
0 0.232 0.594 0.036 0.036
0 0.078 0.511 0.04 0.038
0 0.026 0.556 0.036 0.044
0 0.013 0.461 0.026 0.062
0 0.008 0.373 0.016 0.014
0 0.083 0.377 0.05 0.054
0 0.129 0.512 0.038 0.036
0 0.137 0.466 0.046 0.048
0 0.209 0.358 0.03 0.032
0 0.251 0.316 0.05 0.04
0 0.364 0.425 0.04 0.066
0 0.319 0.445 0.042 0.09
0 0.086 0.307 0.052 0.058
0 0.089 0.248 0.05 0.036
0 0.049 0.271 0.046 0.05
0 0.076 0.21 0.06 0.044
0 0.025 0.169 0.05 0.058
0 0.019 0.057 0.038 0.046
0 0.207 0.232 0.034 0.036
0 0.364 0.349 0.024 0.022
0 0.556 0.549 0.048 0.054
0 0.522 0.517 0.04 0.042
0 0.748 0.623 0.052 0.058
0 0.698 0.701 0.052 0.046
0 0.967 0.664 0.062 0.048
0 0.895 0.518 0.05 0.04
0 0.722 0.385 0.044 0.046
0 0.771 0.386 0.05 0.06
0 0.66 0.266 0.088 0.072
0 0.747 0.282 0.038 0.032
0 0.842 0.213 0.04 0.038
0 0.47 0.719 0.04 0.038
0 0.579 0.725 0.038 0.05
0 0.705 0.617 0.03 0.054
0 0.807 0.686 0.054 0.04
0 0.838 0.687 0.036 0.046
0 0.197 0.319 0.026 0.026
0 0.706 0.481 0.016 0.018
0 0.096 0.046 0.028 0.024
0 0.222 0.051 0.044 0.042
0 0.293 0.1 0.034 0.04
0 0.429 0.015 0.038 0.03
0 0.331 0.008 0.022 0.016
0 0.282 0.036 0.036 0.02
0 0.524 0.028 0.064 0.04
0 0.908 0.101 0.048 0.03
0 0.983 0.144 0.03 0.044
0 0.949 0.034 0.054 0.064
0 0.901 0.071 0.03 0.018
0 0.876 0.023 0.048 0.046
0 0.836 0.009 0.04 0.018
0 0.773 0.087 0.03 0.03
0 0.789 0.138 0.034 0.04
0 0.755 0.152 0.03 0.036
0 0.741 0.125 0.03 0.03
0 0.719 0.138 0.034 0.032
0 0.672 0.085 0.084 0.086
0 0.58 0.225 0.064 0.054
0 0.507 0.248 0.046 0.048
0 0.385 0.289 0.034 0.034
0 0.464 0.429 0.04 0.058
0 0.671 0.895 0.05 0.034
0 0.643 0.844 0.038 0.044
0 0.727 0.84 0.038 0.052
0 0.947 0.707 0.038 0.034
0 0.993 0.258 0.01 0.024
0 0.919 0.124 0.03 0.04
0 0.018 0.68 0.036 0.068
0 0.16 0.86 0.04 0.048
0 0.129 0.865 0.022 0.022
0 0.249 0.864 0.022 0.02
0 0.368 0.818 0.032 0.04
0 0.486 0.882 0.024 0.024
0 0.615 0.79 0.054 0.064
0 0.757 0.831 0.03 0.034
0 0.819 0.834 0.038 0.056
0 0.66 0.744 0.032 0.024
0 0.612 0.699 0.044 0.022
0 0.539 0.668 0.05 0.036
0 0.527 0.709 0.046 0.046
0 0.462 0.612 0.068 0.072
0 0.63 0.582 0.052 0.068
0 0.827 0.645 0.022 0.034
0 0.637 0.487 0.022 0.018
0 0.662 0.433 0.032 0.034
0 0.978 0.303 0.028 0.03
0 0.919 0.296 0.09 0.064
0 0.401 0.57 0.066 0.056
0 0.379 0.551 0.038 0.042
0 0.452 0.579 0.036 0.026
0 0.461 0.516 0.038 0.036
0 0.383 0.509 0.038 0.046
0 0.289 0.599 0.058 0.05
0 0.273 0.552 0.038 0.04
0 0.375 0.748 0.042 0.032
0 0.988 0.487 0.02 0.03
0 0.988 0.457 0.02 0.034
0 0.944 0.359 0.044 0.042
0 0.302 0.278 0.052 0.04
0 0.826 0.307 0.032 0.042
0 0.762 0.584 0.028 0.032
0 0.282 0.477 0.028 0.038
0 0.8 0.444 0.048 0.044
0 0.343 0.292 0.038 0.032
0 0.3 0.203 0.024 0.026
0 0.163 0.023 0.042 0.026
0 0.132 0.049 0.076 0.054
0 0.158 0.523 0.032 0.038
0 0.431 0.992 0.042 0.012
0 0.183 0.574 0.062 0.064
0 0.337 0.492 0.026 0.032
0 0.158 0.394 0.048 0.044
0 0.116 0.149 0.064 0.066
0 0.235 0.379 0.05 0.038
0 0.436 0.366 0.052 0.04
0 0.27 0.232 0.044 0.072
0 0.684 0.339 0.032 0.034
0 0.647 0.003 0.026 0.006
0 0.183 0.004 0.034 0.008
0 0.25 0.007 0.052 0.014
1 0.42 0.149 0.036 0.034
1 0.517 0.983 0.03 0.018
1 0.032 0.873 0.032 0.03
1 0.542 0.348 0.024 0.02
1 0.478 0.275 0.024 0.022
1 0.835 0.07 0.018 0.024
1 0.904 0.891 0.028 0.018
1 0.495 0.938 0.03 0.02
1 0.958 0.315 0.028 0.026
1 0.854 0.421 0.024 0.038
1 0.945 0.564 0.01 0.02
1 0.279 0.421 0.018 0.014
1 0.155 0.068 0.022 0.02
1 0.802 0.721 0.016 0.03
1 0.766 0.552 0.032 0.024
1 0.798 0.56 0.032 0.028
1 0.35 0.702 0.036 0.016
1 0.314 0.713 0.02 0.014
1 0.181 0.982 0.03 0.024
1 0.57 0.26 0.032 0.016
1 0.105 0.472 0.022 0.04
1 0.135 0.388 0.026 0.024
1 0.387 0.466 0.026 0.032
1 0.631 0.092 0.018 0.016
1 0.687 0.434 0.018 0.068
2 0.167 0.95 0.026 0.028
2 0.049 0.89 0.058 0.032
2 0.002 0.871 0.004 0.018
2 0.309 0.632 0.034 0.028
2 0.253 0.76 0.034 0.024
2 0.002 0.552 0.004 0.02
2 0.08 0.11 0.028 0.024
2 0.207 0.185 0.026 0.026
2 0.996 0.853 0.004 0.026
2 0.995 0.761 0.006 0.03
2 0.997 0.708 0.002 0.02
2 0.942 0.784 0.04 0.024
2 0.398 0.048 0.032 0.024
2 0.879 0.981 0.046 0.034
2 0.187 0.852 0.014 0.02
2 0.197 0.846 0.018 0.016
2 0.499 0.626 0.034 0.04
2 0.246 0.65 0.028 0.04
2 0.101 0.633 0.022 0.042
2 0.422 0.122 0.02 0.02
2 0.588 0.446 0.044 0.064
2 0.417 0.612 0.03 0.032
2 0.184 0.479 0.036 0.034
2 0.723 0.433 0.042 0.046
2 0.289 0.363 0.046 0.05
2 0.336 0.398 0.04 0.024
2 0.888 0.347 0.024 0.026
2 0.719 0.173 0.042 0.03
2 0.886 0.757 0.044 0.038