0 0.959 0.897 0.062 0.046
0 0.978 0.874 0.04 0.052
0 0.99 0.585 0.016 0.054
0 0.93 0.825 0.068 0.046
0 0.847 0.877 0.074 0.042
0 0.888 0.982 0.044 0.032
0 0.863 0.985 0.018 0.022
0 0.849 0.986 0.046 0.024
0 0.857 0.936 0.034 0.02
0 0.847 0.909 0.062 0.038
0 0.77 0.963 0.036 0.042
0 0.744 0.951 0.044 0.046
0 0.682 0.993 0.032 0.01
0 0.718 0.887 0.056 0.05
0 0.752 0.861 0.044 0.042
0 0.612 0.961 0.052 0.042
0 0.637 0.83 0.078 0.048
0 0.589 0.872 0.042 0.052
0 0.583 0.811 0.094 0.086
0 0.535 0.848 0.046 0.048
0 0.467 0.809 0.074 0.074
0 0.487 0.869 0.054 0.062
0 0.448 0.956 0.064 0.064
0 0.356 0.985 0.048 0.026
0 0.347 0.858 0.062 0.072
0 0.36 0.937 0.056 0.054
0 0.274 0.971 0.072 0.054
0 0.178 0.986 0.052 0.024
0 0.108 0.987 0.056 0.022
0 0.053 0.981 0.058 0.034
0 0.019 0.963 0.034 0.07
0 0.009 0.965 0.014 0.066
0 0.06 0.92 0.024 0.032
0 0.103 0.93 0.058 0.06
0 0.031 0.862 0.034 0.044
0 0.021 0.817 0.038 0.05
0 0.067 0.803 0.074 0.086
0 0.135 0.91 0.078 0.072
0 0.39 0.701 0.064 0.054
0 0.357 0.766 0.03 0.028
0 0.346 0.786 0.056 0.056
0 0.308 0.774 0.052 0.056
0 0.131 0.711 0.042 0.038
0 0.225 0.595 0.042 0.054
0 0.046 0.635 0.036 0.05
0 0.044 0.535 0.064 0.078
0 0.134 0.588 0.044 0.06
0 0.14 0.564 0.048 0.048
0 0.175 0.55 0.058 0.06
0 0.307 0.682 0.078 0.08
0 0.33 0.649 0.04 0.042
0 0.275 0.646 0.05 0.04
0 0.627 0.769 0.058 0.038
0 0.627 0.741 0.058 0.026
0 0.988 0.788 0.02 0.048
0 0.921 0.781 0.07 0.038
0 0.831 0.799 0.078 0.066
0 0.434 0.994 0.06 0.008
0 0.743 0.765 0.074 0.066
0 0.712 0.776 0.056 0.06
0 0.772 0.735 0.06 0.046
0 0.843 0.719 0.062 0.042
0 0.864 0.713 0.056 0.054
0 0.948 0.591 0.064 0.058
0 0.811 0.587 0.066 0.046
0 0.781 0.633 0.066 0.062
0 0.749 0.597 0.054 0.054
0 0.681 0.683 0.05 0.042
0 0.587 0.653 0.058 0.078
0 0.603 0.601 0.058 0.058
0 0.632 0.55 0.064 0.056
0 0.575 0.576 0.05 0.052
0 0.521 0.571 0.05 0.038
0 0.478 0.563 0.04 0.042
0 0.46 0.597 0.044 0.042
0 0.434 0.545 0.052 0.046
0 0.406 0.491 0.076 0.058
0 0.332 0.568 0.06 0.064
0 0.454 0.468 0.072 0.06
0 0.365 0.424 0.05 0.048
0 0.446 0.421 0.064 0.058
0 0.424 0.432 0.048 0.032
0 0.356 0.455 0.044 0.034
0 0.18 0.488 0.048 0.06
0 0.049 0.456 0.09 0.084
0 0.119 0.414 0.05 0.044
0 0.166 0.392 0.044 0.036
0 0.177 0.347 0.046 0.05
0 0.184 0.415 0.04 0.038
0 0.109 0.279 0.062 0.058
0 0.09 0.343 0.036 0.054
0 0.061 0.343 0.034 0.046
0 0.074 0.292 0.04 0.04
0 0.016 0.332 0.028 0.044
0 0.028 0.324 0.052 0.052
0 0.017 0.281 0.03 0.046
0 0.063 0.182 0.054 0.044
0 0.094 0.216 0.036 0.032
0 0.143 0.229 0.054 0.054
0 0.186 0.292 0.048 0.04
0 0.218 0.252 0.052 0.06
0 0.252 0.347 0.06 0.058
0 0.886 0.485 0.064 0.062
0 0.918 0.46 0.052 0.048
0 0.978 0.368 0.04 0.052
0 0.904 0.415 0.068 0.046
0 0.951 0.411 0.034 0.034
0 0.992 0.423 0.012 0.034
0 0.988 0.201 0.02 0.05
0 0.975 0.287 0.046 0.042
0 0.984 0.022 0.028 0.04
0 0.962 0.068 0.044 0.036
0 0.951 0.049 0.038 0.038
0 0.909 0.168 0.066 0.048
0 0.876 0.037 0.072 0.054
0 0.889 0.009 0.042 0.014
0 0.915 0.01 0.026 0.016
0 0.915 0.085 0.034 0.034
0 0.705 0.081 0.058 0.058
0 0.637 0.008 0.066 0.012
0 0.656 0.098 0.06 0.068
0 0.916 0.259 0.08 0.062
0 0.886 0.283 0.04 0.042
0 0.866 0.319 0.068 0.038
0 0.819 0.271 0.062 0.058
0 0.761 0.208 0.058 0.056
0 0.821 0.209 0.062 0.054
0 0.75 0.342 0.076 0.052
0 0.68 0.355 0.06 0.046
0 0.553 0.426 0.074 0.072
0 0.607 0.372 0.066 0.068
0 0.648 0.399 0.048 0.042
0 0.698 0.261 0.064 0.074
0 0.673 0.308 0.062 0.056
0 0.626 0.311 0.052 0.05
0 0.637 0.252 0.038 0.04
0 0.533 0.296 0.038 0.052
0 0.646 0.149 0.044 0.038
0 0.586 0.207 0.068 0.05
0 0.593 0.139 0.034 0.046
0 0.55 0.099 0.072 0.062
0 0.596 0.083 0.052 0.042
0 0.555 0.051 0.082 0.054
0 0.444 0.018 0.068 0.032
0 0.39 0.031 0.068 0.054
0 0.397 0.083 0.07 0.054
0 0.443 0.313 0.074 0.078
0 0.339 0.189 0.062 0.058
0 0.243 0.053 0.054 0.058
0 0.045 0.057 0.054 0.046
0 0.176 0.061 0.048 0.042
0 0.135 0.078 0.05 0.052
0 0.179 0.129 0.07 0.078
0 0.28 0.303 0.064 0.062
1 0.96 0.991 0.016 0.014
1 0.808 0.982 0.04 0.028
1 0.801 0.882 0.03 0.028
1 0.711 0.924 0.034 0.024
1 0.688 0.806 0.028 0.028
1 0.53 0.893 0.028 0.026
1 0.451 0.87 0.014 0.028
1 0.402 0.992 0.032 0.012
1 0.218 0.815 0.028 0.026
1 0.14 0.795 0.024 0.018
1 0.163 0.798 0.034 0.028
1 0.475 0.702 0.022 0.024
1 0.534 0.745 0.028 0.018
1 0.384 0.814 0.032 0.032
1 0.184 0.777 0.032 0.018
1 0.155 0.741 0.038 0.046
1 0.199 0.761 0.026 0.046
1 0.171 0.747 0.038 0.026
1 0.159 0.759 0.038 0.022
1 0.61 0.781 0.04 0.034
1 0.832 0.839 0.044 0.018
1 0.953 0.64 0.018 0.048
1 0.955 0.668 0.026 0.048
1 0.733 0.713 0.026 0.014
1 0.752 0.491 0.052 0.042
1 0.44 0.439 0.032 0.014
1 0.184 0.444 0.032 0.02
1 0.027 0.385 0.026 0.026
1 0.009 0.157 0.014 0.03
1 0.949 0.459 0.022 0.018
1 0.798 0.113 0.032 0.022
1 0.792 0.388 0.024 0.032
1 0.742 0.296 0.032 0.036
1 0.56 0.312 0.028 0.028
1 0.505 0.321 0.022 0.038
1 0.488 0.238 0.02 0.024
1 0.678 0.177 0.032 0.022
1 0.438 0.241 0.032 0.034
1 0.385 0.255 0.018 0.026
1 0.361 0.246 0.014 0.012
1 0.348 0.332 0.028 0.028
1 0.367 0.289 0.046 0.042
2 0.939 0.966 0.074 0.048
2 0.912 0.856 0.04 0.04
2 0.875 0.963 0.026 0.014
2 0.534 0.987 0.044 0.022
2 0.634 0.877 0.032 0.026
2 0.463 0.924 0.062 0.04
2 0.396 0.888 0.032 0.048
2 0.306 0.921 0.052 0.034
2 0.209 0.95 0.03 0.036
2 0.214 0.903 0.036 0.05
2 0.224 0.846 0.024 0.016
2 0.222 0.868 0.024 0.024
2 0.185 0.85 0.03 0.032
2 0.133 0.829 0.026 0.03
2 0.163 0.899 0.026 0.034
2 0.471 0.733 0.038 0.026
2 0.416 0.725 0.064 0.058
2 0.227 0.736 0.03 0.028
2 0.085 0.749 0.058 0.05
2 0.126 0.759 0.024 0.038
2 0.169 0.698 0.038 0.04
2 0.176 0.652 0.036 0.056
2 0.185 0.731 0.018 0.038
2 0.013 0.62 0.022 0.032
2 0.168 0.611 0.028 0.038
2 0.516 0.694 0.076 0.072
2 0.124 0.536 0.036 0.028
2 0.266 0.688 0.032 0.032
2 0.245 0.661 0.022 0.026
2 0.791 0.808 0.034 0.028
2 0.982 0.764 0.032 0.024
2 0.977 0.808 0.022 0.024
2 0.919 0.715 0.042 0.034
2 0.903 0.638 0.046 0.04
2 0.812 0.623 0.028 0.022
2 0.696 0.667 0.052 0.038
2 0.642 0.621 0.04 0.038
2 0.548 0.526 0.056 0.056
2 0.672 0.518 0.076 0.064
2 0.704 0.498 0.032 0.044
2 0.4 0.601 0.072 0.074
2 0.292 0.541 0.028 0.014
2 0.283 0.518 0.042 0.036
2 0.114 0.48 0.032 0.052
2 0.141 0.455 0.03 0.038
2 0.01 0.173 0.016 0.038
2 0.979 0.552 0.026 0.028
2 0.886 0.064 0.008 0.008
2 0.855 0.09 0.034 0.036
2 0.799 0.069 0.026 0.046
2 0.707 0.022 0.05 0.04
2 0.934 0.22 0.068 0.048
2 0.854 0.344 0.012 0.016
2 0.786 0.23 0.032 0.032
2 0.779 0.418 0.07 0.064
2 0.711 0.394 0.05 0.04
2 0.602 0.462 0.028 0.048
2 0.655 0.433 0.078 0.054
2 0.667 0.383 0.022 0.026
2 0.742 0.25 0.028 0.02
2 0.676 0.335 0.016 0.01
2 0.507 0.38 0.034 0.032
2 0.534 0.354 0.056 0.04
2 0.566 0.254 0.012 0.016
2 0.535 0.211 0.034 0.034
2 0.595 0.049 0.03 0.034
2 0.516 0.029 0.016 0.01
2 0.486 0.015 0.036 0.026
2 0.446 0.113 0.04 0.046
2 0.5 0.154 0.064 0.068
2 0.33 0.396 0.028 0.036
2 0.329 0.035 0.038 0.05
2 0.207 0.023 0.038 0.03
2 0.245 0.016 0.042 0.028
2 0.089 0.032 0.062 0.06
2 0.017 0.077 0.03 0.034
2 0.07 0.099 0.032 0.03
2 0.202 0.109 0.044 0.05
2 0.183 0.175 0.034 0.03
2 0.268 0.257 0.04 0.042
2 0.302 0.36 0.028 0.04
2 0.424 0.205 0.04 0.038
2 0.398 0.238 0.064 0.056
2 0.317 0.33 0.034 0.032
2 0.5 0.908 0.04 0.04
2 0.522 0.971 0.068 0.042