0 0.008 0.987 0.016 0.022
0 0.064 0.921 0.028 0.038
0 0.143 0.94 0.054 0.04
0 0.11 0.884 0.048 0.056
0 0.081 0.837 0.038 0.03
0 0.029 0.783 0.054 0.042
0 0.021 0.735 0.03 0.058
0 0.095 0.76 0.054 0.072
0 0.126 0.761 0.04 0.054
0 0.225 0.684 0.046 0.044
0 0.19 0.665 0.036 0.034
0 0.005 0.623 0.01 0.038
0 0.03 0.635 0.056 0.042
0 0.07 0.622 0.012 0.024
0 0.097 0.6 0.042 0.032
0 0.043 0.522 0.042 0.044
0 0.076 0.492 0.04 0.048
0 0.008 0.459 0.016 0.03
0 0.025 0.362 0.026 0.012
0 0.032 0.271 0.032 0.034
0 0.057 0.29 0.03 0.036
0 0.005 0.233 0.01 0.026
0 0.055 0.216 0.042 0.036
0 0.025 0.188 0.03 0.028
0 0.076 0.182 0.044 0.032
0 0.05 0.145 0.036 0.038
0 0.019 0.083 0.038 0.05
0 0.04 0.064 0.028 0.028
0 0.064 0.037 0.036 0.018
0 0.067 0.009 0.038 0.014
0 0.111 0.016 0.038 0.028
0 0.197 0.019 0.034 0.03
0 0.185 0.063 0.038 0.034
0 0.233 0.045 0.042 0.026
0 0.283 0.026 0.05 0.048
0 0.137 0.127 0.038 0.038
0 0.271 0.086 0.046 0.04
0 0.331 0.064 0.034 0.028
0 0.396 0.014 0.032 0.024
0 0.453 0.004 0.038 0.004
0 0.429 0.027 0.038 0.034
0 0.425 0.076 0.046 0.052
0 0.378 0.095 0.032 0.038
0 0.487 0.072 0.034 0.032
0 0.479 0.099 0.03 0.03
0 0.55 0.012 0.04 0.02
0 0.592 0.029 0.04 0.042
0 0.624 0.059 0.036 0.034
0 0.638 0.031 0.028 0.034
0 0.662 0.07 0.024 0.02
0 0.733 0.01 0.066 0.016
0 0.786 0.064 0.04 0.028
0 0.71 0.108 0.04 0.036
0 0.698 0.141 0.028 0.042
0 0.667 0.146 0.022 0.028
0 0.879 0.003 0.038 0.002
0 0.887 0.017 0.022 0.03
0 0.949 0.006 0.03 0.008
0 0.98 0.016 0.036 0.028
0 0.964 0.093 0.036 0.042
0 0.943 0.117 0.03 0.03
0 0.894 0.098 0.032 0.044
0 0.831 0.082 0.038 0.044
0 0.851 0.108 0.042 0.04
0 0.858 0.174 0.032 0.04
0 0.881 0.155 0.046 0.05
0 0.91 0.174 0.04 0.044
0 0.976 0.18 0.036 0.04
0 0.986 0.22 0.024 0.04
0 0.942 0.208 0.032 0.036
0 0.918 0.227 0.036 0.034
0 0.909 0.243 0.038 0.038
0 0.845 0.251 0.038 0.034
0 0.948 0.269 0.04 0.034
0 0.99 0.269 0.016 0.022
0 0.987 0.292 0.022 0.02
0 0.971 0.329 0.042 0.038
0 0.918 0.353 0.04 0.034
0 0.881 0.407 0.03 0.038
0 0.837 0.296 0.034 0.04
0 0.13 0.212 0.044 0.036
0 0.18 0.184 0.048 0.028
0 0.183 0.224 0.038 0.024
0 0.154 0.243 0.052 0.058
0 0.161 0.293 0.038 0.05
0 0.235 0.212 0.05 0.052
0 0.293 0.182 0.034 0.028
0 0.405 0.178 0.034 0.048
0 0.469 0.168 0.046 0.028
0 0.544 0.171 0.024 0.034
0 0.601 0.172 0.046 0.056
0 0.627 0.207 0.042 0.038
0 0.668 0.204 0.036 0.032
0 0.743 0.264 0.042 0.028
0 0.762 0.274 0.028 0.036
0 0.793 0.275 0.01 0.014
0 0.787 0.314 0.022 0.028
0 0.765 0.329 0.03 0.038
0 0.768 0.357 0.032 0.034
0 0.745 0.389 0.03 0.03
0 0.272 0.994 0.024 0.008
0 0.32 0.993 0.048 0.01
0 0.528 0.995 0.052 0.006
0 0.502 0.961 0.048 0.042
0 0.421 0.929 0.042 0.058
0 0.341 0.937 0.05 0.046
0 0.26 0.916 0.068 0.056
0 0.347 0.889 0.05 0.05
0 0.299 0.791 0.054 0.046
0 0.284 0.764 0.044 0.036
0 0.332 0.708 0.028 0.016
0 0.36 0.677 0.048 0.046
0 0.339 0.62 0.042 0.032
0 0.457 0.776 0.03 0.04
0 0.501 0.749 0.026 0.042
0 0.605 0.849 0.038 0.026
0 0.669 0.922 0.046 0.052
0 0.724 0.936 0.04 0.036
0 0.732 0.988 0.044 0.02
0 0.941 0.945 0.03 0.038
0 0.984 0.851 0.028 0.038
0 0.954 0.873 0.04 0.042
0 0.846 0.924 0.032 0.032
0 0.775 0.896 0.026 0.024
0 0.807 0.893 0.046 0.038
0 0.736 0.853 0.028 0.03
0 0.878 0.809 0.036 0.038
0 0.847 0.789 0.034 0.042
0 0.986 0.738 0.024 0.064
0 0.947 0.734 0.038 0.036
0 0.939 0.696 0.034 0.04
0 0.907 0.722 0.03 0.044
0 0.862 0.752 0.032 0.032
0 0.984 0.654 0.028 0.04
0 0.994 0.621 0.008 0.03
0 0.975 0.624 0.03 0.04
0 0.917 0.603 0.042 0.034
0 0.879 0.678 0.042 0.04
0 0.862 0.664 0.04 0.048
0 0.818 0.659 0.036 0.034
0 0.96 0.494 0.06 0.048
0 0.98 0.525 0.028 0.046
0 0.888 0.574 0.036 0.048
0 0.859 0.529 0.042 0.058
0 0.887 0.5 0.026 0.036
0 0.892 0.454 0.028 0.032
0 0.826 0.47 0.036 0.028
0 0.795 0.508 0.026 0.044
0 0.737 0.459 0.03 0.026
0 0.631 0.256 0.038 0.032
0 0.666 0.327 0.056 0.046
0 0.446 0.246 0.068 0.036
0 0.344 0.249 0.04 0.034
0 0.305 0.297 0.038 0.034
0 0.254 0.296 0.024 0.024
0 0.246 0.283 0.032 0.03
0 0.267 0.27 0.022 0.036
0 0.292 0.271 0.032 0.026
0 0.382 0.313 0.048 0.046
0 0.411 0.336 0.046 0.068
0 0.209 0.363 0.034 0.034
0 0.127 0.408 0.034 0.028
0 0.2 0.455 0.048 0.034
0 0.242 0.489 0.048 0.038
0 0.246 0.539 0.08 0.074
0 0.326 0.552 0.036 0.06
0 0.368 0.5 0.036 0.06
0 0.397 0.47 0.034 0.028
0 0.405 0.515 0.034 0.042
0 0.385 0.429 0.038 0.03
0 0.284 0.401 0.036 0.034
0 0.311 0.399 0.026 0.03
0 0.339 0.38 0.03 0.032
0 0.375 0.381 0.042 0.034
0 0.431 0.405 0.034 0.03
0 0.468 0.322 0.036 0.056
0 0.522 0.299 0.04 0.03
0 0.516 0.36 0.044 0.044
0 0.601 0.348 0.03 0.036
0 0.651 0.376 0.042 0.048
0 0.589 0.402 0.03 0.028
0 0.563 0.411 0.03 0.042
0 0.614 0.386 0.04 0.044
0 0.613 0.424 0.034 0.032
0 0.704 0.425 0.032 0.034
0 0.663 0.454 0.022 0.02
0 0.657 0.434 0.034 0.032
0 0.627 0.464 0.034 0.024
0 0.615 0.494 0.038 0.04
0 0.524 0.486 0.036 0.056
0 0.501 0.447 0.03 0.03
0 0.443 0.453 0.03 0.026
0 0.506 0.56 0.04 0.052
0 0.445 0.559 0.05 0.05
0 0.389 0.597 0.03 0.03
0 0.816 0.601 0.024 0.034
0 0.787 0.592 0.038 0.04
0 0.738 0.557 0.04 0.05
0 0.685 0.558 0.042 0.064
0 0.637 0.577 0.042 0.054
0 0.672 0.624 0.064 0.028
0 0.582 0.634 0.048 0.036
0 0.605 0.671 0.054 0.05
0 0.51 0.672 0.04 0.044
0 0.484 0.691 0.036 0.034
0 0.482 0.629 0.036 0.03
0 0.56 0.752 0.024 0.052
0 0.586 0.743 0.036 0.058
0 0.627 0.775 0.026 0.03
0 0.653 0.746 0.05 0.044
0 0.67 0.715 0.036 0.038
0 0.75 0.652 0.032 0.028
0 0.713 0.652 0.038 0.024
0 0.8 0.748 0.032 0.028
0 0.758 0.779 0.028 0.038
0 0.772 0.784 0.032 0.032
0 0.776 0.807 0.04 0.034
1 0.034 0.993 0.024 0.01
1 0.035 0.945 0.018 0.018
1 0.099 0.979 0.01 0.014
1 0.092 0.941 0.024 0.022
1 0.177 0.92 0.014 0.02
1 0.047 0.746 0.018 0.032
1 0.114 0.698 0.032 0.028
1 0.17 0.691 0.016 0.022
1 0.184 0.635 0.02 0.03
1 0.078 0.556 0.02 0.024
1 0.066 0.581 0.016 0.014
1 0.032 0.373 0.024 0.014
1 0.054 0.08 0.028 0.02
1 0.278 0.114 0.02 0.016
1 0.355 0.058 0.022 0.024
1 0.403 0.037 0.014 0.022
1 0.423 0.057 0.022 0.026
1 0.533 0.066 0.022 0.02
1 0.671 0.053 0.022 0.026
1 0.642 0.105 0.02 0.022
1 0.567 0.116 0.01 0.016
1 0.577 0.106 0.018 0.008
1 0.587 0.099 0.006 0.018
1 0.997 0.006 0.002 0.008
1 0.954 0.027 0.012 0.018
1 0.991 0.086 0.014 0.02
1 0.994 0.153 0.008 0.026
1 0.857 0.222 0.018 0.028
1 0.814 0.177 0.024 0.018
1 0.776 0.14 0.024 0.028
1 0.821 0.246 0.018 0.016
1 0.97 0.416 0.02 0.024
1 0.914 0.401 0.02 0.026
1 0.188 0.301 0.012 0.03
1 0.248 0.171 0.024 0.018
1 0.426 0.168 0.024 0.024
1 0.785 0.29 0.022 0.02
1 0.804 0.284 0.012 0.012
1 0.452 0.987 0.02 0.022
1 0.389 0.917 0.022 0.018
1 0.289 0.937 0.022 0.022
1 0.25 0.875 0.036 0.038
1 0.181 0.828 0.018 0.02
1 0.388 0.867 0.016 0.026
1 0.362 0.799 0.02 0.026
1 0.314 0.825 0.028 0.022
1 0.358 0.727 0.028 0.026
1 0.296 0.609 0.008 0.022
1 0.395 0.648 0.022 0.024
1 0.428 0.685 0.016 0.026
1 0.495 0.845 0.018 0.014
1 0.649 0.856 0.03 0.024
1 0.729 0.969 0.026 0.022
1 0.797 0.983 0.01 0.018
1 0.897 0.968 0.018 0.02
1 0.894 0.96 0.012 0.02
1 0.757 0.911 0.018 0.022
1 0.826 0.848 0.024 0.024
1 0.893 0.873 0.01 0.018
1 0.993 0.784 0.01 0.016
1 0.949 0.666 0.014 0.016
1 0.95 0.587 0.016 0.038
1 0.793 0.639 0.026 0.018
1 0.944 0.454 0.016 0.024
1 0.869 0.551 0.022 0.022
1 0.859 0.466 0.014 0.028
1 0.783 0.496 0.018 0.032
1 0.569 0.28 0.022 0.028
1 0.59 0.295 0.02 0.018
1 0.33 0.347 0.024 0.03
1 0.274 0.35 0.02 0.016
1 0.105 0.394 0.022 0.016
1 0.176 0.494 0.016 0.024
1 0.266 0.569 0.012 0.01
1 0.447 0.39 0.03 0.024
1 0.493 0.368 0.01 0.016
1 0.536 0.403 0.02 0.014
1 0.538 0.382 0.008 0.024
1 0.548 0.385 0.016 0.014
1 0.652 0.483 0.024 0.014
1 0.709 0.457 0.018 0.018
1 0.549 0.522 0.018 0.04
1 0.415 0.588 0.022 0.028
1 0.521 0.621 0.038 0.022
1 0.695 0.785 0.022 0.034
1 0.557 0.92 0.01 0.012
1 0.46 0.92 0.036 0.016
2 0.186 0.689 0.016 0.022
2 0.037 0.596 0.014 0.024
2 0.016 0.024 0.024 0.016
2 0.506 0.14 0.036 0.036
2 0.86 0.981 0.012 0.014
2 0.887 0.997 0.038 0.002
2 0.789 0.872 0.022 0.028
2 0.852 0.806 0.04 0.04
2 0.799 0.439 0.03 0.034
2 0.675 0.246 0.038 0.024
2 0.179 0.374 0.03 0.028
2 0.327 0.408 0.014 0.016
2 0.383 0.364 0.034 0.024
2 0.562 0.365 0.028 0.03
2 0.541 0.942 0.026 0.052
2 0.117 0.3 0.022 0.024
2 0.517 0.239 0.03 0.022
2 0.792 0.39 0.028 0.02
2 0.063 0.687 0.022 0.022
2 0.151 0.665 0.022 0.026
2 0.136 0.644 0.028 0.016
2 0.092 0.541 0.02 0.018
2 0.02 0.541 0.016 0.018
2 0.577 0.82 0.022 0.024
2 0.653 0.814 0.03 0.032
2 0.84 0.726 0.024 0.028