0 0.728 0.73 0.04 0.072
0 0.751 0.762 0.046 0.064
0 0.702 0.798 0.048 0.068
0 0.681 0.757 0.038 0.066
0 0.635 0.741 0.038 0.062
0 0.585 0.82 0.042 0.06
0 0.56 0.865 0.04 0.046
0 0.518 0.863 0.04 0.07
0 0.848 0.899 0.044 0.058
0 0.99 0.989 0.016 0.018
0 0.952 0.787 0.04 0.07
0 0.925 0.739 0.038 0.058
0 0.903 0.808 0.058 0.084
0 0.946 0.605 0.036 0.062
0 0.924 0.651 0.028 0.066
0 0.906 0.547 0.036 0.034
0 0.979 0.438 0.038 0.04
0 0.962 0.465 0.036 0.038
0 0.888 0.454 0.044 0.048
0 0.87 0.523 0.064 0.046
0 0.81 0.443 0.036 0.058
0 0.839 0.39 0.054 0.064
0 0.973 0.335 0.05 0.058
0 0.986 0.269 0.024 0.074
0 0.94 0.087 0.032 0.05
0 0.895 0.171 0.058 0.054
0 0.956 0.183 0.044 0.058
0 0.944 0.242 0.024 0.036
0 0.871 0.32 0.03 0.044
0 0.983 0.399 0.03 0.05
0 0.93 0.31 0.036 0.04
0 0.802 0.191 0.044 0.046
0 0.781 0.144 0.046 0.044
0 0.811 0.076 0.038 0.056
0 0.757 0.067 0.034 0.042
0 0.699 0.091 0.034 0.042
0 0.706 0.048 0.032 0.04
0 0.988 0.143 0.02 0.05
0 0.66 0.232 0.04 0.04
0 0.597 0.253 0.03 0.038
0 0.58 0.222 0.032 0.04
0 0.563 0.191 0.034 0.042
0 0.511 0.245 0.038 0.034
0 0.518 0.17 0.04 0.036
0 0.549 0.154 0.03 0.04
0 0.569 0.088 0.046 0.068
0 0.568 0.022 0.04 0.04
0 0.632 0.02 0.032 0.036
0 0.637 0.054 0.03 0.04
0 0.633 0.094 0.038 0.048
0 0.648 0.117 0.04 0.062
0 0.66 0.176 0.036 0.044
0 0.688 0.18 0.028 0.04
0 0.713 0.26 0.046 0.06
0 0.738 0.359 0.032 0.038
0 0.667 0.345 0.042 0.054
0 0.671 0.389 0.03 0.03
0 0.633 0.4 0.046 0.036
0 0.623 0.355 0.03 0.058
0 0.537 0.423 0.034 0.042
0 0.534 0.47 0.028 0.044
0 0.395 0.548 0.05 0.052
0 0.325 0.567 0.026 0.038
0 0.295 0.57 0.034 0.068
0 0.245 0.57 0.038 0.048
0 0.297 0.643 0.034 0.042
0 0.341 0.648 0.046 0.096
0 0.311 0.706 0.038 0.052
0 0.378 0.754 0.044 0.056
0 0.351 0.785 0.038 0.042
0 0.414 0.7 0.048 0.048
0 0.434 0.66 0.036 0.048
0 0.376 0.65 0.028 0.044
0 0.502 0.611 0.036 0.058
0 0.521 0.673 0.034 0.062
0 0.593 0.613 0.034 0.054
0 0.558 0.622 0.044 0.056
0 0.567 0.782 0.038 0.076
0 0.509 0.744 0.03 0.076
0 0.456 0.794 0.044 0.056
0 0.466 0.92 0.04 0.06
0 0.433 0.97 0.046 0.056
0 0.411 0.927 0.034 0.054
0 0.304 0.991 0.04 0.014
0 0.326 0.916 0.032 0.056
0 0.328 0.879 0.04 0.054
0 0.385 0.88 0.046 0.064
0 0.277 0.902 0.05 0.076
0 0.213 0.978 0.042 0.04
0 0.161 0.988 0.038 0.02
0 0.102 0.953 0.044 0.066
0 0.146 0.949 0.036 0.054
0 0.182 0.941 0.036 0.066
0 0.026 0.972 0.04 0.052
0 0.007 0.899 0.01 0.054
0 0.18 0.826 0.044 0.06
0 0.154 0.804 0.036 0.06
0 0.219 0.756 0.042 0.052
0 0.098 0.759 0.036 0.058
0 0.122 0.788 0.028 0.04
0 0.097 0.811 0.054 0.058
0 0.024 0.689 0.04 0.046
0 0.122 0.668 0.056 0.064
0 0.189 0.689 0.038 0.054
0 0.181 0.63 0.046 0.052
0 0.494 0.959 0.036 0.03
0 0.484 0.991 0.032 0.014
0 0.523 0.952 0.038 0.056
0 0.569 0.953 0.05 0.086
0 0.609 0.954 0.038 0.064
0 0.65 0.943 0.052 0.07
0 0.662 0.969 0.064 0.058
0 0.713 0.959 0.034 0.058
0 0.769 0.972 0.054 0.052
0 0.814 0.971 0.036 0.046
0 0.836 0.988 0.032 0.02
0 0.722 0.871 0.04 0.078
0 0.759 0.851 0.038 0.058
0 0.657 0.652 0.038 0.052
0 0.677 0.53 0.042 0.048
0 0.625 0.508 0.042 0.048
0 0.614 0.447 0.024 0.042
0 0.755 0.637 0.038 0.062
0 0.762 0.571 0.032 0.054
0 0.802 0.663 0.032 0.038
0 0.862 0.639 0.028 0.054
0 0.862 0.722 0.028 0.048
0 0.824 0.791 0.032 0.054
0 0.988 0.759 0.02 0.05
0 0.955 0.839 0.034 0.058
0 0.721 0.458 0.046 0.048
0 0.717 0.314 0.038 0.056
0 0.568 0.342 0.04 0.048
0 0.53 0.316 0.048 0.06
0 0.511 0.311 0.038 0.042
0 0.49 0.355 0.04 0.054
0 0.399 0.39 0.038 0.044
0 0.361 0.333 0.03 0.038
0 0.381 0.302 0.038 0.064
0 0.463 0.265 0.038 0.038
0 0.462 0.212 0.032 0.04
0 0.392 0.195 0.04 0.046
0 0.35 0.135 0.044 0.058
0 0.486 0.032 0.04 0.06
0 0.413 0.063 0.046 0.038
0 0.442 0.021 0.044 0.038
0 0.358 0.035 0.028 0.038
0 0.32 0.038 0.032 0.044
0 0.276 0.043 0.048 0.046
0 0.185 0.075 0.054 0.07
0 0.139 0.128 0.042 0.056
0 0.07 0.207 0.036 0.054
0 0.078 0.164 0.044 0.04
0 0.094 0.139 0.032 0.026
0 0.017 0.143 0.03 0.046
0 0.099 0.244 0.03 0.036
0 0.114 0.281 0.04 0.03
0 0.092 0.272 0.02 0.024
0 0.093 0.349 0.034 0.042
0 0.181 0.352 0.038 0.056
0 0.192 0.309 0.036 0.042
0 0.202 0.272 0.032 0.052
0 0.252 0.249 0.044 0.042
0 0.285 0.193 0.066 0.05
0 0.222 0.156 0.036 0.04
0 0.251 0.139 0.034 0.054
0 0.297 0.132 0.042 0.052
0 0.167 0.204 0.042 0.048
0 0.325 0.306 0.034 0.044
0 0.257 0.35 0.034 0.036
0 0.263 0.379 0.05 0.05
0 0.277 0.328 0.038 0.056
0 0.317 0.431 0.042 0.058
0 0.365 0.441 0.034 0.05
0 0.249 0.465 0.03 0.038
0 0.395 0.484 0.042 0.056
0 0.333 0.489 0.054 0.042
0 0.436 0.569 0.048 0.054
0 0.482 0.551 0.04 0.058
0 0.506 0.515 0.052 0.042
0 0.21 0.392 0.036 0.052
0 0.192 0.49 0.04 0.044
0 0.132 0.552 0.032 0.04
0 0.115 0.507 0.05 0.058
0 0.067 0.539 0.034 0.062
0 0.037 0.611 0.046 0.058
0 0.14 0.436 0.032 0.04
0 0.094 0.432 0.04 0.044
0 0.056 0.466 0.032 0.04
0 0.021 0.484 0.038 0.06
0 0.013 0.379 0.022 0.038
0 0.047 0.017 0.042 0.03
1 0.537 0.887 0.03 0.018
1 0.922 0.244 0.016 0.036
1 0.352 0.83 0.044 0.024
1 0.313 0.761 0.018 0.026
1 0.244 0.837 0.032 0.018
1 0.19 0.901 0.02 0.022
1 0.234 0.79 0.024 0.032
1 0.127 0.748 0.018 0.02
1 0.051 0.805 0.034 0.038
1 0.016 0.82 0.028 0.02
1 0.227 0.644 0.03 0.024
1 0.254 0.67 0.06 0.024
1 0.278 0.715 0.016 0.014
1 0.47 0.843 0.032 0.026
1 0.682 0.86 0.02 0.024
1 0.661 0.872 0.026 0.024
1 0.781 0.923 0.026 0.03
1 0.605 0.475 0.018 0.054
1 0.81 0.699 0.012 0.03
1 0.788 0.638 0.016 0.02
1 0.823 0.633 0.014 0.022
1 0.841 0.639 0.014 0.022
1 0.949 0.691 0.03 0.03
1 0.887 0.731 0.034 0.018
1 0.796 0.791 0.02 0.026
1 0.92 0.907 0.032 0.03
1 0.744 0.491 0.02 0.014
1 0.721 0.492 0.014 0.016
1 0.683 0.487 0.026 0.026
1 0.655 0.414 0.022 0.02
1 0.739 0.315 0.018 0.022
1 0.461 0.24 0.026 0.016
1 0.469 0.19 0.026 0.016
1 0.437 0.304 0.018 0.02
1 0.394 0.16 0.02 0.02
1 0.347 0.174 0.034 0.032
1 0.399 0.12 0.022 0.024
1 0.398 0.091 0.024 0.022
1 0.155 0.259 0.034 0.018
1 0.16 0.299 0.032 0.022
1 0.473 0.488 0.018 0.02
1 0.402 0.619 0.036 0.022
1 0.235 0.518 0.03 0.032
1 0.2 0.442 0.024 0.02
1 0.021 0.584 0.018 0.028
1 0.007 0.588 0.01 0.044
1 0.009 0.65 0.014 0.028
1 0.196 0.59 0.032 0.02
1 0.05 0.431 0.024 0.022
1 0.02 0.094 0.02 0.036
1 0.839 0.318 0.014 0.024
1 0.858 0.152 0.024 0.024
1 0.859 0.116 0.022 0.028
1 0.831 0.04 0.022 0.024
1 0.859 0.035 0.026 0.038
1 0.978 0.106 0.024 0.02
1 0.995 0.174 0.006 0.032
1 0.995 0.047 0.006 0.03
2 0.221 0.876 0.03 0.064
2 0.039 0.837 0.042 0.03
2 0.043 0.671 0.034 0.046
2 0.524 0.796 0.032 0.052
2 0.433 0.886 0.034 0.044
2 0.362 0.906 0.032 0.044
2 0.64 0.897 0.04 0.042
2 0.691 0.317 0.022 0.042
2 0.456 0.389 0.028 0.038
2 0.01 0.427 0.016 0.046
2 0.007 0.293 0.01 0.05
2 0.248 0.308 0.032 0.044
2 0.077 0.066 0.042 0.036
2 0.131 0.053 0.026 0.03
2 0.54 0.218 0.04 0.04
2 0.574 0.162 0.032 0.036
2 0.305 0.468 0.022 0.04
2 0.449 0.716 0.026 0.036
2 0.713 0.542 0.03 0.044
2 0.97 0.503 0.036 0.042
2 0.877 0.416 0.03 0.028
2 0.796 0.274 0.036 0.024
2 0.811 0.37 0.034 0.044
2 0.73 0.21 0.024 0.032
2 0.886 0.013 0.028 0.022
2 0.953 0.023 0.038 0.042
2 0.964 0.909 0.032 0.05
2 0.886 0.701 0.024 0.042
2 0.91 0.685 0.02 0.038
2 0.84 0.713 0.024 0.03