0 0.182 0.246 0.052 0.084
0 0.111 0.274 0.042 0.064
0 0.079 0.243 0.046 0.074
0 0.011 0.25 0.022 0.06
0 0.049 0.319 0.054 0.062
0 0.27 0.286 0.044 0.088
0 0.249 0.377 0.046 0.066
0 0.353 0.399 0.05 0.074
0 0.42 0.292 0.036 0.076
0 0.319 0.248 0.046 0.06
0 0.377 0.301 0.046 0.062
0 0.526 0.222 0.052 0.08
0 0.516 0.295 0.044 0.05
0 0.502 0.377 0.04 0.042
0 0.529 0.456 0.058 0.092
0 0.427 0.444 0.038 0.068
0 0.463 0.54 0.038 0.056
0 0.348 0.521 0.048 0.07
0 0.27 0.507 0.036 0.054
0 0.277 0.441 0.042 0.066
0 0.186 0.493 0.048 0.066
0 0.111 0.53 0.038 0.06
0 0.083 0.56 0.034 0.048
0 0.137 0.573 0.03 0.066
0 0.184 0.624 0.052 0.044
0 0.215 0.699 0.046 0.054
0 0.154 0.754 0.032 0.044
0 0.017 0.629 0.034 0.05
0 0.036 0.44 0.056 0.06
0 0.062 0.439 0.04 0.074
0 0.086 0.471 0.036 0.054
0 0.04 0.384 0.056 0.068
0 0.031 0.164 0.05 0.052
0 0.064 0.042 0.06 0.08
0 0.035 0.088 0.038 0.044
0 0.035 0.131 0.042 0.038
0 0.113 0.118 0.034 0.072
0 0.133 0.075 0.038 0.054
0 0.148 0.099 0.036 0.086
0 0.192 0.068 0.048 0.06
0 0.214 0.119 0.044 0.074
0 0.265 0.066 0.046 0.052
0 0.308 0.066 0.044 0.064
0 0.283 0.156 0.062 0.088
0 0.429 0.056 0.054 0.072
0 0.517 0.071 0.05 0.058
0 0.474 0.108 0.048 0.056
0 0.556 0.125 0.04 0.054
0 0.583 0.141 0.042 0.074
0 0.602 0.084 0.048 0.068
0 0.65 0.044 0.048 0.064
0 0.665 0.077 0.054 0.086
0 0.681 0.122 0.05 0.056
0 0.743 0.098 0.042 0.064
0 0.837 0.126 0.046 0.064
0 0.877 0.073 0.034 0.042
0 0.891 0.127 0.05 0.078
0 0.986 0.125 0.024 0.046
0 0.982 0.085 0.032 0.066
0 0.975 0.021 0.046 0.042
0 0.885 0.017 0.042 0.034
0 0.795 0.339 0.038 0.082
0 0.837 0.383 0.062 0.09
0 0.818 0.443 0.044 0.058
0 0.937 0.452 0.05 0.084
0 0.909 0.417 0.038 0.054
0 0.749 0.5 0.05 0.084
0 0.71 0.451 0.052 0.078
0 0.814 0.535 0.048 0.058
0 0.797 0.585 0.086 0.062
0 0.917 0.242 0.054 0.072
0 0.957 0.282 0.07 0.076
0 0.971 0.338 0.05 0.052
0 0.588 0.387 0.06 0.082
0 0.621 0.418 0.054 0.072
0 0.567 0.522 0.042 0.06
0 0.58 0.583 0.068 0.07
0 0.537 0.656 0.062 0.076
0 0.55 0.75 0.04 0.06
0 0.488 0.751 0.032 0.05
0 0.461 0.696 0.038 0.052
0 0.42 0.65 0.032 0.06
0 0.466 0.585 0.036 0.054
0 0.473 0.639 0.046 0.058
0 0.527 0.717 0.05 0.07
0 0.373 0.671 0.046 0.066
0 0.353 0.651 0.034 0.05
0 0.288 0.619 0.04 0.058
0 0.238 0.63 0.044 0.044
0 0.252 0.654 0.036 0.048
0 0.104 0.734 0.044 0.056
0 0.046 0.772 0.044 0.056
0 0.01 0.721 0.02 0.042
0 0.136 0.85 0.04 0.04
0 0.02 0.877 0.036 0.046
0 0.029 0.907 0.03 0.042
0 0.029 0.831 0.034 0.026
0 0.007 0.928 0.014 0.028
0 0.017 0.987 0.034 0.022
0 0.035 0.972 0.026 0.028
0 0.065 0.967 0.026 0.054
0 0.065 0.924 0.046 0.048
0 0.106 0.951 0.04 0.034
0 0.119 0.989 0.03 0.018
0 0.156 0.981 0.036 0.034
0 0.196 0.864 0.028 0.036
0 0.266 0.907 0.032 0.038
0 0.287 0.883 0.034 0.038
0 0.32 0.912 0.04 0.04
0 0.297 0.818 0.034 0.04
0 0.288 0.843 0.036 0.026
0 0.319 0.753 0.046 0.046
0 0.364 0.741 0.032 0.058
0 0.334 0.808 0.044 0.076
0 0.254 0.702 0.04 0.044
0 0.411 0.74 0.034 0.036
0 0.431 0.846 0.03 0.048
0 0.507 0.836 0.042 0.036
0 0.671 0.843 0.042 0.058
0 0.68 0.77 0.048 0.072
0 0.588 0.744 0.04 0.068
0 0.624 0.744 0.036 0.04
0 0.624 0.665 0.04 0.066
0 0.628 0.618 0.056 0.06
0 0.658 0.653 0.036 0.054
0 0.716 0.643 0.044 0.062
0 0.696 0.711 0.036 0.046
0 0.733 0.758 0.05 0.064
0 0.826 0.768 0.072 0.06
0 0.885 0.717 0.058 0.078
0 0.874 0.785 0.052 0.066
0 0.985 0.769 0.026 0.062
0 0.906 0.848 0.052 0.048
0 0.939 0.844 0.034 0.068
0 0.983 0.842 0.03 0.06
0 0.955 0.948 0.062 0.036
0 0.949 0.973 0.046 0.042
0 0.982 0.988 0.032 0.02
0 0.742 0.855 0.044 0.054
0 0.788 0.843 0.048 0.062
0 0.789 0.889 0.046 0.058
0 0.732 0.91 0.036 0.044
0 0.724 0.962 0.036 0.044
0 0.637 0.92 0.042 0.04
0 0.68 0.958 0.048 0.044
0 0.666 0.984 0.036 0.028
0 0.71 0.99 0.036 0.016
0 0.746 0.987 0.036 0.022
0 0.786 0.946 0.044 0.048
0 0.824 0.98 0.052 0.036
0 0.855 0.988 0.042 0.02
0 0.833 0.913 0.038 0.042
0 0.857 0.843 0.034 0.038
0 0.876 0.886 0.044 0.06
0 0.792 0.728 0.048 0.056
0 0.788 0.689 0.052 0.05
0 0.45 0.949 0.032 0.034
0 0.387 0.942 0.046 0.032
0 0.409 0.915 0.03 0.038
0 0.459 0.908 0.03 0.032
0 0.489 0.947 0.03 0.034
0 0.504 0.927 0.028 0.046
0 0.558 0.971 0.044 0.034
0 0.628 0.883 0.028 0.046
0 0.575 0.893 0.042 0.07
0 0.437 0.982 0.034 0.032
0 0.37 0.977 0.04 0.042
0 0.559 0.798 0.042 0.048
0 0.654 0.705 0.028 0.054
0 0.916 0.539 0.088 0.082
0 0.187 0.321 0.05 0.062
0 0.148 0.413 0.036 0.046
0 0.168 0.377 0.036 0.054
0 0.026 0.517 0.036 0.054
0 0.21 0.521 0.032 0.058
0 0.235 0.526 0.034 0.064
0 0.429 0.193 0.038 0.054
0 0.095 0.18 0.046 0.044
0 0.168 0.787 0.028 0.038
0 0.142 0.884 0.032 0.048
0 0.443 0.804 0.034 0.036
0 0.389 0.87 0.042 0.044
0 0.703 0.229 0.062 0.082
0 0.718 0.258 0.044 0.064
0 0.715 0.292 0.038 0.048
0 0.579 0.271 0.058 0.086
0 0.56 0.045 0.044 0.054
0 0.587 0.02 0.05 0.04
0 0.162 0.008 0.036 0.016
0 0.827 0.008 0.034 0.016
0 0.854 0.009 0.024 0.018
0 0.98 0.461 0.036 0.074
0 0.991 0.508 0.014 0.02
0 0.19 0.992 0.028 0.012
0 0.262 0.994 0.028 0.008
0 0.297 0.97 0.046 0.056
0 0.327 0.993 0.026 0.01
0 0.402 0.982 0.04 0.032
0 0.487 0.447 0.054 0.07
0 0.836 0.239 0.068 0.066
0 0.238 0.758 0.052 0.068
0 0.216 0.803 0.028 0.026
0 0.328 0.577 0.028 0.038
0 0.441 0.485 0.034 0.03
0 0.158 0.493 0.032 0.046
0 0.254 0.012 0.04 0.024
0 0.895 0.64 0.07 0.06
1 0.32 0.33 0.032 0.024
1 0.493 0.149 0.03 0.034
1 0.876 0.928 0.032 0.028
1 0.847 0.934 0.026 0.032
1 0.536 0.877 0.028 0.034
1 0.337 0.294 0.03 0.032
1 0.075 0.147 0.03 0.038
1 0.954 0.627 0.028 0.038
1 0.192 0.013 0.028 0.026
1 0.878 0.462 0.032 0.044
1 0.913 0.06 0.03 0.052
1 0.272 0.028 0.02 0.02
1 0.341 0.051 0.014 0.026
1 0.346 0.073 0.016 0.03
1 0.322 0.09 0.028 0.02
1 0.322 0.113 0.024 0.022
1 0.757 0.058 0.022 0.028
1 0.994 0.255 0.008 0.018
1 0.992 0.293 0.012 0.03
1 0.992 0.319 0.012 0.026
1 0.443 0.456 0.018 0.028
1 0.409 0.516 0.018 0.036
1 0.256 0.583 0.024 0.03
1 0.116 0.393 0.028 0.026
1 0.192 0.774 0.02 0.032
1 0.188 0.924 0.016 0.02
1 0.314 0.983 0.028 0.01
1 0.346 0.984 0.012 0.02
1 0.36 0.834 0.032 0.02
1 0.403 0.852 0.018 0.028
1 0.438 0.89 0.036 0.012
1 0.661 0.892 0.022 0.02
1 0.711 0.853 0.018 0.018
1 0.648 0.786 0.012 0.04
1 0.538 0.799 0.02 0.026
1 0.491 0.674 0.022 0.028
1 0.302 0.72 0.024 0.02
1 0.485 0.484 0.022 0.012
1 0.547 0.326 0.03 0.024
1 0.986 0.717 0.024 0.038
1 0.845 0.881 0.014 0.018
1 0.411 0.816 0.03 0.02
1 0.216 0.933 0.028 0.022
1 0.225 0.952 0.022 0.028
1 0.339 0.18 0.034 0.028
1 0.188 0.118 0.02 0.028
1 0.166 0.114 0.008 0.016
1 0.233 0.043 0.03 0.03
1 0.804 0.127 0.024 0.022
1 0.743 0.274 0.014 0.02
1 0.876 0.243 0.02 0.026
1 0.837 0.503 0.026 0.022
1 0.702 0.674 0.012 0.012
1 0.497 0.97 0.022 0.016
1 0.066 0.712 0.032 0.024
1 0.022 0.752 0.016 0.028
1 0.073 0.634 0.018 0.02
1 0.199 0.373 0.018 0.03
1 0.928 0.742 0.04 0.02
1 0.751 0.432 0.022 0.032
1 0.043 0.495 0.022 0.03
2 0.574 0.349 0.044 0.046
2 0.392 0.712 0.032 0.036
2 0.257 0.55 0.034 0.052
2 0.388 0.238 0.064 0.076
2 0.478 0.177 0.028 0.034
2 0.481 0.031 0.046 0.062
2 0.191 0.543 0.03 0.038
2 0.882 0.937 0.056 0.062
2 0.625 0.149 0.022 0.026
2 0.754 0.203 0.024 0.018
2 0.88 0.396 0.028 0.024
2 0.635 0.994 0.022 0.008
2 0.515 0.96 0.014 0.016
2 0.52 0.974 0.004 0.008
2 0.002 0.966 0.004 0.024
2 0.062 0.876 0.02 0.02
2 0.063 0.858 0.006 0.012
2 0.068 0.742 0.008 0.008
2 0.15 0.446 0.008 0.012
2 0.079 0.324 0.006 0.012
2 0.002 0.055 0.004 0.022
2 0.329 0.011 0.026 0.022
2 0.287 0.01 0.006 0.012
2 0.418 0.003 0.016 0.006
2 0.446 0.204 0.008 0.012
2 0.551 0.238 0.006 0.008
2 0.28 0.408 0.008 0.008
2 0.769 0.097 0.018 0.03
2 0.919 0.007 0.01 0.01
2 0.726 0.387 0.008 0.018
2 0.609 0.407 0.03 0.034
2 0.663 0.457 0.006 0.006
2 0.821 0.484 0.014 0.024
2 0.994 0.929 0.008 0.018
2 0.782 0.99 0.02 0.016
2 0.953 0.665 0.014 0.018
2 0.582 0.826 0.016 0.016
2 0.605 0.848 0.01 0.02
2 0.617 0.858 0.014 0.028
2 0.041 0.851 0.01 0.018
2 0.083 0.377 0.014 0.018
2 0.604 0.468 0.016 0.012
2 0.76 0.555 0.028 0.022