0 0.983 0.593 0.03 0.038
0 0.255 0.891 0.038 0.062
0 0.202 0.981 0.044 0.034
0 0.268 0.946 0.032 0.032
0 0.328 0.937 0.032 0.03
0 0.494 0.893 0.036 0.054
0 0.63 0.922 0.04 0.048
0 0.599 0.85 0.03 0.056
0 0.391 0.741 0.034 0.058
0 0.506 0.739 0.032 0.042
0 0.557 0.745 0.038 0.046
0 0.767 0.978 0.038 0.04
0 0.652 0.651 0.04 0.062
0 0.434 0.538 0.044 0.064
0 0.348 0.541 0.044 0.042
0 0.724 0.792 0.032 0.06
0 0.782 0.66 0.044 0.088
0 0.685 0.534 0.034 0.052
0 0.152 0.612 0.044 0.032
0 0.077 0.454 0.042 0.052
0 0.6 0.501 0.028 0.034
0 0.57 0.453 0.04 0.066
0 0.775 0.471 0.034 0.05
0 0.671 0.418 0.026 0.036
0 0.702 0.459 0.024 0.046
0 0.73 0.354 0.032 0.04
0 0.811 0.413 0.038 0.034
0 0.865 0.387 0.03 0.046
0 0.836 0.365 0.024 0.034
0 0.892 0.416 0.028 0.028
0 0.904 0.369 0.028 0.034
0 0.968 0.366 0.032 0.036
0 0.256 0.405 0.052 0.054
0 0.186 0.382 0.032 0.036
0 0.218 0.327 0.036 0.05
0 0.302 0.578 0.028 0.04
0 0.137 0.558 0.038 0.036
0 0.026 0.519 0.032 0.038
0 0.873 0.869 0.026 0.046
0 0.869 0.79 0.03 0.04
0 0.913 0.731 0.022 0.058
0 0.967 0.723 0.026 0.042
0 0.983 0.854 0.026 0.032
0 0.867 0.649 0.022 0.026
0 0.169 0.258 0.046 0.068
0 0.108 0.2 0.044 0.052
0 0.125 0.15 0.038 0.036
0 0.121 0.11 0.046 0.06
0 0.261 0.167 0.03 0.022
0 0.277 0.192 0.03 0.044
0 0.379 0.265 0.03 0.074
0 0.424 0.253 0.032 0.054
0 0.814 0.175 0.036 0.074
0 0.844 0.112 0.028 0.048
0 0.473 0.289 0.038 0.054
0 0.475 0.239 0.034 0.042
0 0.566 0.2 0.036 0.032
0 0.547 0.297 0.042 0.086
0 0.698 0.214 0.028 0.044
0 0.712 0.156 0.028 0.052
0 0.716 0.074 0.036 0.044
0 0.348 0.114 0.036 0.032
0 0.461 0.101 0.05 0.082
0 0.91 0.521 0.028 0.03
0 0.091 0.392 0.042 0.036
0 0.551 0.402 0.034 0.044
0 0.819 0.305 0.038 0.062
0 0.928 0.1 0.028 0.04
0 0.35 0.048 0.036 0.032
0 0.313 0.023 0.03 0.03
0 0.553 0.013 0.034 0.022
0 0.866 0.27 0.024 0.048
0 0.929 0.329 0.026 0.03
0 0.99 0.303 0.016 0.026
0 0.983 0.796 0.03 0.032
0 0.965 0.776 0.022 0.02
0 0.988 0.76 0.02 0.02
0 0.513 0.277 0.034 0.078
0 0.398 0.127 0.024 0.03
0 0.886 0.035 0.02 0.038
0 0.809 0.553 0.038 0.054
0 0.778 0.01 0.06 0.016
1 0.819 0.911 0.018 0.022
1 0.977 0.956 0.018 0.024
1 0.884 0.834 0.02 0.016
1 0.064 0.99 0.02 0.016
1 0.022 0.956 0.028 0.02
1 0.068 0.954 0.028 0.024
1 0.257 0.814 0.018 0.02
1 0.578 0.694 0.016 0.024
1 0.54 0.988 0.024 0.016
1 0.029 0.233 0.026 0.026
1 0.197 0.123 0.026 0.034
1 0.005 0.15 0.01 0.028
1 0.006 0.042 0.008 0.024
1 0.073 0.31 0.03 0.04
1 0.126 0.315 0.028 0.022
1 0.168 0.417 0.024 0.034
1 0.142 0.476 0.028 0.028
1 0.107 0.422 0.018 0.016
1 0.025 0.211 0.026 0.018
1 0.438 0.734 0.012 0.02
1 0.179 0.728 0.022 0.016
1 0.177 0.806 0.01 0.012
1 0.029 0.735 0.018 0.018
1 0.338 0.994 0.024 0.008
1 0.873 0.719 0.014 0.026
1 0.905 0.644 0.018 0.02
1 0.974 0.542 0.02 0.02
1 0.658 0.727 0.016 0.014
1 0.516 0.66 0.032 0.02
1 0.242 0.45 0.024 0.016
1 0.436 0.416 0.012 0.016
1 0.445 0.435 0.018 0.022
1 0.086 0.05 0.028 0.016
1 0.258 0.115 0.028 0.014
1 0.507 0.107 0.018 0.026
1 0.368 0.169 0.036 0.018
1 0.635 0.179 0.022 0.014
1 0.636 0.133 0.024 0.022
1 0.79 0.277 0.02 0.018
1 0.798 0.242 0.024 0.02
1 0.933 0.227 0.018 0.014
1 0.916 0.194 0.02 0.016
1 0.938 0.172 0.032 0.024
1 0.825 0.609 0.018 0.022
1 0.88 0.446 0.02 0.02
1 0.963 0.428 0.022 0.016
1 0.773 0.112 0.014 0.024
1 0.512 0.812 0.032 0.032
1 0.188 0.786 0.02 0.024
1 0.118 0.768 0.024 0.032
1 0.13 0.746 0.02 0.02
1 0.681 0.054 0.018 0.02
1 0.994 0.885 0.008 0.014
1 0.244 0.032 0.02 0.024
2 0.459 0.624 0.038 0.036
2 0.404 0.916 0.02 0.032
2 0.365 0.85 0.018 0.044
2 0.481 0.776 0.018 0.02
2 0.206 0.757 0.028 0.046
2 0.275 0.78 0.022 0.028
2 0.008 0.729 0.016 0.026
2 0.097 0.73 0.03 0.032
2 0.072 0.924 0.032 0.028
2 0.056 0.884 0.032 0.028
2 0.454 0.985 0.032 0.026
2 0.737 0.948 0.026 0.048
2 0.98 0.91 0.028 0.032
2 0.15 0.746 0.012 0.016
2 0.219 0.669 0.022 0.034
2 0.199 0.638 0.026 0.028
2 0.266 0.613 0.016 0.022
2 0.258 0.576 0.024 0.02
2 0.051 0.637 0.026 0.022
2 0.221 0.539 0.03 0.026
2 0.023 0.582 0.026 0.016
2 0.251 0.494 0.022 0.032
2 0.471 0.44 0.026 0.024
2 0.308 0.368 0.016 0.02
2 0.301 0.325 0.026 0.026
2 0.318 0.267 0.036 0.05
2 0.345 0.165 0.022 0.022
2 0.062 0.168 0.012 0.02
2 0.065 0.029 0.022 0.022
2 0.064 0.013 0.032 0.022
2 0.387 0.015 0.042 0.026
2 0.527 0.142 0.022 0.016
2 0.463 0.168 0.022 0.012
2 0.403 0.094 0.022 0.024
2 0.443 0.021 0.018 0.026
2 0.495 0.027 0.03 0.038
2 0.63 0.159 0.012 0.014
2 0.63 0.119 0.02 0.01
2 0.617 0.14 0.01 0.024
2 0.595 0.037 0.034 0.034
2 0.966 0.046 0.016 0.024
2 0.838 0.241 0.02 0.018
2 0.916 0.252 0.02 0.016
2 0.923 0.212 0.018 0.012
2 0.966 0.173 0.02 0.026
2 0.626 0.368 0.024 0.02
2 0.317 0.494 0.026 0.04
2 0.357 0.587 0.034 0.034
2 0.787 0.825 0.03 0.026
2 0.806 0.742 0.032 0.044
2 0.795 0.694 0.018 0.04
2 0.745 0.591 0.018 0.018
2 0.707 0.577 0.03 0.038
2 0.739 0.114 0.022 0.028
2 0.622 0.047 0.02 0.022
2 0.623 0.249 0.026 0.026
2 0.259 0.065 0.014 0.026
2 0.228 0.018 0.016 0.032
2 0.286 0.01 0.008 0.008
2 0.541 0.872 0.03 0.02
2 0.921 0.816 0.018 0.016
2 0.992 0.521 0.012 0.038
2 0.943 0.459 0.022 0.054
2 0.644 0.575 0.016 0.018