0 0.208 0.535 0.048 0.062
0 0.05 0.744 0.048 0.06
0 0.172 0.808 0.036 0.04
0 0.082 0.765 0.032 0.05
0 0.244 0.903 0.044 0.074
0 0.26 0.95 0.036 0.044
0 0.283 0.97 0.034 0.056
0 0.241 0.986 0.05 0.024
0 0.316 0.961 0.032 0.042
0 0.308 0.942 0.024 0.028
0 0.512 0.965 0.028 0.034
0 0.501 0.967 0.022 0.038
0 0.551 0.984 0.038 0.028
0 0.629 0.991 0.034 0.014
0 0.668 0.99 0.032 0.016
0 0.631 0.94 0.038 0.036
0 0.569 0.94 0.042 0.04
0 0.553 0.754 0.042 0.044
0 0.592 0.754 0.036 0.036
0 0.586 0.717 0.036 0.038
0 0.639 0.719 0.038 0.034
0 0.653 0.688 0.034 0.04
0 0.666 0.737 0.036 0.038
0 0.665 0.785 0.038 0.038
0 0.8 0.78 0.036 0.04
0 0.783 0.847 0.026 0.03
0 0.778 0.815 0.036 0.034
0 0.755 0.848 0.03 0.036
0 0.707 0.85 0.034 0.04
0 0.64 0.862 0.048 0.072
0 0.484 0.866 0.036 0.044
0 0.335 0.827 0.034 0.042
0 0.692 0.888 0.028 0.044
0 0.493 0.787 0.042 0.054
0 0.371 0.769 0.046 0.058
0 0.308 0.685 0.048 0.062
0 0.225 0.679 0.054 0.066
0 0.186 0.699 0.032 0.054
0 0.103 0.701 0.034 0.046
0 0.031 0.69 0.034 0.036
0 0.135 0.773 0.03 0.038
0 0.215 0.84 0.03 0.044
0 0.288 0.852 0.04 0.056
0 0.337 0.855 0.038 0.03
0 0.355 0.932 0.022 0.024
0 0.354 0.915 0.028 0.022
0 0.37 0.882 0.024 0.04
0 0.358 0.872 0.02 0.044
0 0.757 0.978 0.046 0.04
0 0.806 0.954 0.04 0.04
0 0.819 0.982 0.042 0.032
0 0.859 0.989 0.046 0.018
0 0.864 0.697 0.04 0.054
0 0.901 0.648 0.038 0.044
0 0.926 0.642 0.032 0.048
0 0.956 0.609 0.032 0.058
0 0.989 0.592 0.018 0.052
0 0.947 0.791 0.05 0.034
0 0.851 0.833 0.034 0.03
0 0.772 0.906 0.036 0.04
0 0.984 0.82 0.028 0.064
0 0.573 0.898 0.034 0.036
0 0.924 0.967 0.036 0.034
0 0.799 0.676 0.042 0.048
0 0.75 0.743 0.044 0.046
0 0.725 0.748 0.03 0.056
0 0.881 0.41 0.046 0.052
0 0.846 0.424 0.04 0.052
0 0.066 0.952 0.036 0.048
0 0.075 0.919 0.038 0.05
0 0.101 0.937 0.022 0.034
0 0.14 0.976 0.044 0.044
0 0.13 0.936 0.032 0.036
0 0.187 0.964 0.03 0.048
0 0.079 0.632 0.046 0.048
0 0.147 0.59 0.034 0.056
0 0.233 0.506 0.042 0.044
0 0.269 0.523 0.038 0.05
0 0.341 0.465 0.042 0.038
0 0.345 0.498 0.042 0.036
0 0.405 0.477 0.05 0.07
0 0.456 0.536 0.044 0.064
0 0.534 0.553 0.032 0.042
0 0.598 0.537 0.036 0.042
0 0.507 0.527 0.034 0.054
0 0.571 0.519 0.038 0.05
0 0.637 0.489 0.046 0.062
0 0.713 0.503 0.042 0.05
0 0.695 0.533 0.042 0.042
0 0.722 0.558 0.032 0.04
0 0.688 0.569 0.04 0.038
0 0.643 0.568 0.034 0.04
0 0.732 0.627 0.024 0.026
0 0.706 0.637 0.04 0.026
0 0.705 0.673 0.038 0.05
0 0.894 0.747 0.028 0.034
0 0.719 0.355 0.05 0.062
0 0.798 0.362 0.044 0.052
0 0.721 0.457 0.038 0.038
0 0.705 0.439 0.022 0.03
0 0.671 0.381 0.054 0.066
0 0.802 0.148 0.048 0.068
0 0.795 0.089 0.05 0.07
0 0.853 0.061 0.046 0.058
0 0.934 0.092 0.04 0.048
0 0.973 0.08 0.042 0.044
0 0.652 0.172 0.032 0.056
0 0.622 0.169 0.028 0.046
0 0.549 0.174 0.034 0.06
0 0.43 0.243 0.032 0.058
0 0.384 0.227 0.048 0.038
0 0.476 0.326 0.048 0.052
0 0.408 0.355 0.044 0.058
0 0.579 0.471 0.038 0.038
0 0.885 0.464 0.05 0.052
0 0.404 0.057 0.052 0.07
0 0.378 0.071 0.04 0.062
0 0.44 0.038 0.044 0.056
0 0.391 0.138 0.042 0.056
0 0.353 0.274 0.038 0.056
0 0.306 0.185 0.04 0.05
0 0.274 0.15 0.036 0.06
0 0.247 0.153 0.018 0.054
0 0.232 0.152 0.024 0.048
0 0.204 0.025 0.036 0.046
0 0.229 0.014 0.034 0.024
0 0.169 0.216 0.042 0.056
0 0.113 0.192 0.038 0.048
0 0.094 0.227 0.036 0.038
0 0.133 0.285 0.054 0.062
0 0.194 0.297 0.04 0.046
0 0.192 0.345 0.04 0.058
0 0.165 0.46 0.05 0.06
0 0.123 0.48 0.042 0.068
0 0.022 0.509 0.024 0.038
0 0.082 0.559 0.04 0.05
0 0.014 0.644 0.028 0.06
0 0.022 0.724 0.04 0.06
0 0.286 0.77 0.048 0.04
0 0.382 0.638 0.052 0.076
0 0.527 0.711 0.05 0.05
0 0.501 0.711 0.03 0.05
0 0.563 0.6 0.038 0.036
0 0.573 0.671 0.038 0.042
0 0.327 0.602 0.038 0.044
0 0.434 0.641 0.036 0.054
0 0.05 0.064 0.064 0.072
0 0.094 0.109 0.048 0.07
0 0.131 0.116 0.03 0.072
0 0.017 0.409 0.034 0.062
0 0.16 0.367 0.032 0.038
0 0.239 0.285 0.03 0.042
0 0.32 0.351 0.04 0.05
0 0.243 0.39 0.046 0.044
0 0.293 0.404 0.042 0.048
0 0.804 0.198 0.024 0.032
0 0.924 0.548 0.036 0.044
0 0.916 0.566 0.024 0.024
0 0.378 0.899 0.024 0.034
0 0.087 0.851 0.034 0.042
0 0.153 0.874 0.038 0.04
0 0.133 0.881 0.022 0.042
0 0.178 0.915 0.024 0.038
0 0.151 0.807 0.026 0.042
0 0.182 0.723 0.028 0.034
0 0.252 0.72 0.032 0.036
0 0.347 0.725 0.026 0.046
0 0.278 0.726 0.024 0.036
0 0.295 0.713 0.026 0.026
0 0.08 0.493 0.036 0.054
0 0.216 0.591 0.028 0.038
0 0.427 0.882 0.038 0.052
0 0.09 0.988 0.032 0.02
0 0.341 0.96 0.03 0.04
0 0.395 0.811 0.03 0.038
0 0.017 0.194 0.034 0.06
0 0.237 0.067 0.038 0.058
0 0.374 0.317 0.04 0.038
0 0.764 0.605 0.032 0.046
0 0.816 0.629 0.036 0.034
0 0.896 0.622 0.036 0.032
0 0.861 0.508 0.038 0.036
0 0.858 0.535 0.04 0.026
0 0.558 0.64 0.036 0.032
0 0.886 0.854 0.032 0.036
0 0.864 0.789 0.048 0.034
0 0.528 0.477 0.04 0.062
0 0.538 0.414 0.044 0.056
0 0.82 0.7 0.032 0.04
0 0.847 0.751 0.046 0.054
0 0.981 0.687 0.034 0.038
0 0.956 0.7 0.028 0.044
0 0.81 0.432 0.036 0.064
0 0.885 0.301 0.05 0.046
0 0.96 0.19 0.044 0.06
0 0.865 0.144 0.034 0.044
0 0.725 0.696 0.03 0.036
0 0.743 0.011 0.046 0.018
0 0.751 0.048 0.03 0.032
0 0.529 0.154 0.034 0.048
0 0.008 0.448 0.016 0.02
0 0.008 0.267 0.016 0.042
0 0.43 0.536 0.02 0.036
0 0.901 0.769 0.022 0.026
0 0.88 0.55 0.044 0.064
0 0.861 0.264 0.054 0.064
0 0.942 0.063 0.024 0.018
0 0.454 0.684 0.024 0.028
0 0.459 0.656 0.026 0.028
0 0.604 0.895 0.032 0.034
0 0.673 0.868 0.018 0.036
0 0.823 0.65 0.034 0.024
1 0.046 0.783 0.024 0.03
1 0.929 0.909 0.018 0.038
1 0.352 0.524 0.024 0.024
1 0.88 0.165 0.016 0.014
1 0.413 0.985 0.018 0.022
1 0.468 0.962 0.024 0.028
1 0.666 0.949 0.02 0.03
1 0.603 0.956 0.018 0.016
1 0.822 0.009 0.024 0.014
1 0.866 0.009 0.04 0.014
1 0.13 0.337 0.024 0.026
1 0.554 0.368 0.028 0.024
1 0.584 0.417 0.02 0.022
1 0.725 0.601 0.014 0.018
1 0.542 0.04 0.036 0.02
1 0.719 0.129 0.026 0.026
1 0.064 0.862 0.02 0.02
1 0.138 0.835 0.032 0.034
1 0.263 0.617 0.014 0.026
1 0.432 0.682 0.02 0.028
1 0.314 0.281 0.016 0.03
1 0.299 0.283 0.014 0.014
1 0.028 0.941 0.012 0.018
1 0.024 0.923 0.02 0.018
1 0.471 0.9 0.03 0.032
1 0.423 0.918 0.022 0.02
1 0.432 0.828 0.028 0.024
1 0.466 0.804 0.02 0.024
1 0.616 0.878 0.016 0.032
1 0.007 0.144 0.014 0.024
1 0.153 0.024 0.022 0.012
1 0.6 0.68 0.016 0.024
1 0.879 0.942 0.018 0.032
1 0.86 0.95 0.016 0.02
1 0.908 0.897 0.032 0.018
1 0.975 0.906 0.034 0.028
1 0.837 0.852 0.014 0.008
1 0.348 0.642 0.024 0.02
1 0.419 0.716 0.018 0.02
1 0.544 0.532 0.04 0.024
1 0.555 0.403 0.034 0.038
1 0.657 0.767 0.022 0.014
1 0.65 0.761 0.016 0.01
1 0.744 0.823 0.02 0.034
1 0.91 0.719 0.024 0.022
1 0.769 0.29 0.018 0.032
1 0.925 0.202 0.018 0.032
1 0.896 0.195 0.016 0.014
1 0.852 0.207 0.02 0.022
1 0.319 0.022 0.026 0.032
1 0.417 0.21 0.018 0.024
1 0.351 0.161 0.022 0.014
1 0.79 0.483 0.02 0.014
1 0.033 0.594 0.022 0.02
1 0.038 0.625 0.012 0.014
1 0.052 0.629 0.012 0.042
1 0.298 0.441 0.02 0.022
1 0.402 0.517 0.02 0.03
1 0.553 0.905 0.014 0.014
1 0.666 0.02 0.02 0.024
1 0.36 0.131 0.02 0.022
1 0.759 0.197 0.022 0.03
1 0.637 0.43 0.03 0.024
1 0.39 0.382 0.02 0.028
1 0.921 0.748 0.022 0.02
1 0.969 0.765 0.022 0.022
1 0.858 0.577 0.024 0.018
1 0.773 0.317 0.014 0.018
1 0.764 0.35 0.024 0.02
1 0.843 0.356 0.034 0.024
1 0.986 0.339 0.024 0.038
1 0.951 0.355 0.018 0.026
1 0.694 0.837 0.012 0.014
1 0.211 0.068 0.018 0.028
1 0.259 0.082 0.018 0.032
1 0.246 0.059 0.012 0.026
2 0.309 0.309 0.03 0.034
2 0.387 0.961 0.018 0.022
2 0.485 0.67 0.026 0.028
2 0.502 0.074 0.028 0.044
2 0.34 0.012 0.016 0.02
2 0.758 0.52 0.016 0.028
2 0.794 0.54 0.028 0.024
2 0.06 0.586 0.032 0.044
2 0.629 0.292 0.034 0.048
2 0.532 0.938 0.028 0.032
2 0.811 0.581 0.018 0.034
2 0.454 0.146 0.024 0.04
2 0.382 0.175 0.028 0.022
2 0.546 0.325 0.032 0.042
2 0.509 0.6 0.018 0.02
2 0.515 0.227 0.018 0.03
2 0.06 0.333 0.02 0.022
2 0.051 0.309 0.014 0.022
2 0.033 0.326 0.03 0.04
2 0.448 0.471 0.028 0.038
2 0.894 0.682 0.02 0.02
2 0.859 0.667 0.018 0.014
2 0.871 0.219 0.062 0.046
2 0.733 0.093 0.038 0.05
2 0.577 0.149 0.022 0.03
2 0.733 0.16 0.022 0.016
2 0.743 0.148 0.014 0.012
2 0.983 0.024 0.026 0.028
2 0.924 0.839 0.008 0.014
2 0.934 0.842 0.008 0.012
2 0.792 0.637 0.016 0.034