0 0.095 0.986 0.046 0.024
0 0.284 0.957 0.044 0.058
0 0.314 0.983 0.04 0.03
0 0.38 0.955 0.028 0.058
0 0.411 0.979 0.034 0.038
0 0.445 0.966 0.03 0.06
0 0.409 0.919 0.034 0.058
0 0.542 0.969 0.02 0.03
0 0.569 0.963 0.038 0.046
0 0.632 0.943 0.044 0.054
0 0.75 0.985 0.048 0.026
0 0.892 0.983 0.036 0.022
0 0.953 0.949 0.038 0.034
0 0.984 0.928 0.028 0.044
0 0.92 0.902 0.036 0.036
0 0.886 0.919 0.032 0.05
0 0.833 0.897 0.038 0.046
0 0.789 0.894 0.038 0.04
0 0.847 0.849 0.026 0.054
0 0.925 0.846 0.034 0.048
0 0.724 0.869 0.036 0.038
0 0.675 0.903 0.038 0.05
0 0.684 0.832 0.04 0.056
0 0.58 0.854 0.036 0.048
0 0.547 0.863 0.026 0.038
0 0.539 0.82 0.038 0.044
0 0.471 0.861 0.034 0.046
0 0.347 0.949 0.034 0.058
0 0.239 0.844 0.054 0.06
0 0.205 0.818 0.038 0.056
0 0.096 0.891 0.036 0.05
0 0.083 0.809 0.042 0.05
0 0.285 0.785 0.038 0.042
0 0.243 0.735 0.05 0.046
0 0.211 0.707 0.038 0.038
0 0.338 0.74 0.044 0.052
0 0.326 0.7 0.04 0.04
0 0.375 0.706 0.034 0.036
0 0.456 0.786 0.06 0.056
0 0.424 0.71 0.044 0.036
0 0.5 0.741 0.044 0.046
0 0.595 0.79 0.046 0.032
0 0.734 0.785 0.04 0.038
0 0.989 0.732 0.018 0.036
0 0.967 0.752 0.042 0.036
0 0.854 0.74 0.044 0.056
0 0.909 0.787 0.034 0.046
0 0.815 0.742 0.03 0.028
0 0.808 0.706 0.036 0.036
0 0.717 0.738 0.046 0.044
0 0.748 0.665 0.032 0.034
0 0.977 0.685 0.042 0.05
0 0.926 0.683 0.036 0.038
0 0.953 0.645 0.03 0.038
0 0.848 0.619 0.032 0.034
0 0.823 0.651 0.03 0.03
0 0.808 0.623 0.032 0.046
0 0.827 0.578 0.038 0.036
0 0.564 0.74 0.036 0.044
0 0.482 0.674 0.032 0.04
0 0.199 0.65 0.054 0.04
0 0.035 0.665 0.038 0.05
0 0.037 0.587 0.038 0.03
0 0.591 0.693 0.038 0.054
0 0.613 0.665 0.034 0.042
0 0.605 0.626 0.034 0.04
0 0.548 0.604 0.032 0.036
0 0.433 0.56 0.038 0.032
0 0.43 0.513 0.04 0.038
0 0.653 0.606 0.03 0.044
0 0.55 0.546 0.04 0.036
0 0.629 0.545 0.03 0.038
0 0.656 0.541 0.028 0.042
0 0.6 0.509 0.032 0.046
0 0.549 0.498 0.03 0.044
0 0.488 0.464 0.044 0.04
0 0.564 0.427 0.048 0.038
0 0.504 0.428 0.044 0.044
0 0.444 0.468 0.036 0.032
0 0.336 0.53 0.04 0.04
0 0.304 0.541 0.04 0.046
0 0.273 0.541 0.034 0.05
0 0.228 0.549 0.04 0.046
0 0.234 0.5 0.032 0.036
0 0.213 0.464 0.038 0.032
0 0.392 0.651 0.04 0.042
0 0.186 0.603 0.04 0.042
0 0.144 0.503 0.04 0.034
0 0.1 0.503 0.04 0.038
0 0.17 0.474 0.04 0.036
0 0.068 0.475 0.032 0.038
0 0.037 0.523 0.042 0.046
0 0.093 0.592 0.038 0.044
0 0.2 0.37 0.044 0.052
0 0.289 0.423 0.038 0.05
0 0.404 0.466 0.036 0.036
0 0.379 0.37 0.038 0.044
0 0.424 0.351 0.036 0.03
0 0.959 0.479 0.046 0.038
0 0.901 0.752 0.042 0.036
0 0.891 0.641 0.038 0.034
0 0.896 0.571 0.036 0.046
0 0.77 0.475 0.04 0.042
0 0.715 0.437 0.042 0.046
0 0.686 0.333 0.048 0.038
0 0.569 0.319 0.034 0.054
0 0.548 0.252 0.04 0.044
0 0.613 0.251 0.034 0.046
0 0.654 0.181 0.052 0.074
0 0.615 0.085 0.05 0.042
0 0.753 0.116 0.042 0.048
0 0.807 0.08 0.038 0.052
0 0.687 0.511 0.042 0.034
0 0.733 0.539 0.038 0.03
0 0.751 0.528 0.042 0.036
0 0.846 0.402 0.044 0.048
0 0.933 0.404 0.034 0.036
0 0.9 0.408 0.032 0.032
0 0.867 0.324 0.038 0.036
0 0.954 0.289 0.032 0.038
0 0.921 0.282 0.026 0.032
0 0.993 0.356 0.01 0.032
0 0.892 0.203 0.052 0.058
0 0.843 0.187 0.034 0.042
0 0.802 0.191 0.04 0.042
0 0.764 0.222 0.032 0.036
0 0.711 0.056 0.038 0.04
0 0.751 0.019 0.042 0.034
0 0.793 0.021 0.034 0.038
0 0.873 0.067 0.046 0.042
0 0.977 0.024 0.034 0.036
0 0.935 0.172 0.038 0.04
0 0.546 0.05 0.04 0.04
0 0.472 0.103 0.048 0.042
0 0.45 0.131 0.04 0.042
0 0.55 0.143 0.04 0.046
0 0.518 0.135 0.032 0.042
0 0.471 0.194 0.034 0.028
0 0.484 0.173 0.04 0.03
0 0.485 0.145 0.03 0.026
0 0.361 0.106 0.03 0.028
0 0.438 0.013 0.036 0.022
0 0.407 0.038 0.018 0.04
0 0.305 0.161 0.034 0.038
0 0.243 0.127 0.038 0.042
0 0.223 0.045 0.034 0.038
0 0.184 0.043 0.032 0.038
0 0.116 0.081 0.04 0.034
0 0.155 0.073 0.034 0.042
0 0.167 0.091 0.034 0.026
0 0.07 0.133 0.032 0.038
0 0.099 0.133 0.022 0.026
0 0.027 0.124 0.038 0.04
0 0.031 0.034 0.038 0.036
0 0.006 0.017 0.012 0.026
0 0.38 0.238 0.044 0.044
0 0.457 0.255 0.038 0.034
0 0.512 0.305 0.028 0.03
0 0.493 0.278 0.026 0.028
0 0.498 0.386 0.032 0.028
0 0.447 0.377 0.03 0.026
0 0.586 0.376 0.028 0.024
0 0.807 0.327 0.038 0.054
0 0.777 0.294 0.042 0.04
0 0.682 0.245 0.032 0.038
0 0.297 0.223 0.03 0.022
0 0.248 0.232 0.036 0.032
0 0.266 0.171 0.024 0.026
0 0.211 0.257 0.038 0.062
0 0.132 0.211 0.04 0.038
0 0.154 0.209 0.028 0.042
0 0.072 0.195 0.032 0.022
0 0.062 0.18 0.016 0.02
0 0.008 0.234 0.016 0.032
0 0.058 0.253 0.032 0.034
0 0.052 0.311 0.036 0.034
0 0.134 0.313 0.036 0.034
0 0.125 0.259 0.03 0.034
0 0.144 0.409 0.028 0.03
0 0.157 0.36 0.026 0.028
0 0.062 0.352 0.036 0.032
0 0.032 0.359 0.02 0.022
0 0.025 0.331 0.018 0.022
0 0.015 0.324 0.018 0.02
0 0.093 0.421 0.022 0.026
0 0.109 0.405 0.026 0.034
0 0.185 0.409 0.022 0.026
0 0.238 0.433 0.024 0.026
0 0.241 0.396 0.022 0.036
0 0.339 0.334 0.026 0.028
0 0.419 0.313 0.034 0.034
0 0.754 0.055 0.028 0.026
0 0.408 0.128 0.032 0.028
0 0.378 0.142 0.036 0.032
0 0.672 0.006 0.02 0.008
0 0.952 0.212 0.016 0.028
0 0.749 0.341 0.03 0.038
0 0.676 0.374 0.036 0.036
0 0.783 0.446 0.026 0.028
0 0.873 0.445 0.034 0.046
0 0.986 0.52 0.024 0.04
0 0.969 0.538 0.018 0.02
0 0.401 0.412 0.034 0.036
0 0.382 0.425 0.036 0.038
0 0.351 0.475 0.022 0.03
0 0.333 0.469 0.022 0.034
0 0.289 0.604 0.03 0.04
0 0.737 0.902 0.026 0.036
0 0.887 0.852 0.022 0.02
0 0.994 0.86 0.008 0.036
0 0.537 0.904 0.042 0.016
0 0.538 0.923 0.036 0.03
0 0.665 0.996 0.026 0.004
0 0.37 0.838 0.052 0.048
0 0.113 0.837 0.042 0.038
0 0.14 0.83 0.012 0.04
0 0.103 0.644 0.034 0.044
0 0.124 0.563 0.016 0.042
0 0.005 0.494 0.01 0.036
0 0.012 0.744 0.024 0.02
0 0.031 0.739 0.018 0.022
0 0.006 0.929 0.012 0.05
0 0.31 0.245 0.028 0.01
1 0.149 0.781 0.022 0.026
1 0.731 0.638 0.026 0.02
1 0.688 0.568 0.02 0.024
1 0.209 0.475 0.026 0.018
1 0.082 0.176 0.02 0.016
1 0.665 0.145 0.014 0.018
1 0.34 0.503 0.02 0.018
1 0.499 0.334 0.018 0.016
1 0.484 0.356 0.012 0.02
1 0.537 0.694 0.01 0.012
1 0.557 0.89 0.018 0.012
1 0.114 0.808 0.012 0.016
1 0.147 0.687 0.018 0.022
1 0.029 0.551 0.022 0.018
1 0.294 0.33 0.016 0.024
2 0.465 0.336 0.03 0.032
2 0.367 0.308 0.034 0.032
2 0.08 0.052 0.028 0.016
2 0.162 0.022 0.024 0.02
2 0.399 0.01 0.03 0.016
2 0.58 0.017 0.04 0.03
2 0.683 0.05 0.022 0.048
2 0.887 0.025 0.026 0.022
2 0.899 0.049 0.018 0.018
2 0.858 0.112 0.024 0.04
2 0.834 0.1 0.024 0.028
2 0.989 0.17 0.018 0.024
2 0.97 0.22 0.028 0.048
2 0.732 0.301 0.024 0.026
2 0.652 0.35 0.028 0.028
2 0.621 0.349 0.03 0.03
2 0.721 0.339 0.03 0.046
2 0.801 0.428 0.03 0.028
2 0.884 0.463 0.016 0.022
2 0.829 0.462 0.018 0.016
2 0.925 0.556 0.022 0.024
2 0.868 0.578 0.024 0.036
2 0.687 0.464 0.022 0.02
2 0.7 0.466 0.012 0.016
2 0.731 0.484 0.014 0.016
2 0.724 0.511 0.028 0.026
2 0.367 0.475 0.026 0.03
2 0.332 0.397 0.028 0.038
2 0.428 0.403 0.028 0.022
2 0.469 0.413 0.034 0.022
2 0.473 0.359 0.022 0.03
2 0.573 0.351 0.03 0.022
2 0.503 0.602 0.022 0.024
2 0.433 0.6 0.026 0.036
2 0.464 0.531 0.024 0.022
2 0.502 0.559 0.028 0.03
2 0.288 0.644 0.028 0.028
2 0.454 0.647 0.028 0.022
2 0.634 0.705 0.024 0.026
2 0.638 0.812 0.024 0.036
2 0.744 0.833 0.04 0.03
2 0.211 0.984 0.03 0.028
2 0.145 0.575 0.026 0.026
2 0.177 0.55 0.022 0.028
2 0.007 0.573 0.014 0.026
2 0.052 0.742 0.012 0.016
2 0.039 0.787 0.034 0.042
2 0.293 0.28 0.03 0.032
2 0.271 0.312 0.026 0.028
2 0.178 0.27 0.024 0.028
2 0.195 0.303 0.03 0.026
2 0.3 0.309 0.02 0.026
2 0.18 0.322 0.036 0.036
2 0.038 0.423 0.032 0.038
2 0.262 0.457 0.02 0.03
2 0.343 0.661 0.03 0.022
2 0.15 0.637 0.016 0.038
2 0.116 0.724 0.032 0.024
2 0.006 0.102 0.012 0.024
2 0.073 0.089 0.018 0.022
2 0.098 0.159 0.028 0.026
2 0.209 0.174 0.022 0.02
2 0.253 0.207 0.034 0.018
2 0.343 0.209 0.022 0.014
2 0.496 0.069 0.02 0.018
2 0.443 0.092 0.026 0.032
2 0.665 0.268 0.026 0.016
2 0.818 0.383 0.02 0.026