0 0.895 0.093 0.054 0.066
0 0.847 0.107 0.03 0.034
0 0.82 0.145 0.036 0.038
0 0.784 0.186 0.04 0.048
0 0.745 0.237 0.07 0.07
0 0.675 0.214 0.038 0.036
0 0.658 0.295 0.04 0.034
0 0.706 0.316 0.048 0.048
0 0.637 0.338 0.05 0.036
0 0.611 0.366 0.05 0.036
0 0.562 0.338 0.036 0.048
0 0.507 0.313 0.042 0.038
0 0.596 0.451 0.04 0.034
0 0.533 0.429 0.042 0.034
0 0.532 0.468 0.044 0.048
0 0.583 0.505 0.042 0.038
0 0.603 0.519 0.03 0.026
0 0.583 0.528 0.014 0.016
0 0.554 0.548 0.028 0.052
0 0.523 0.568 0.042 0.048
0 0.481 0.543 0.038 0.054
0 0.43 0.529 0.044 0.042
0 0.448 0.601 0.048 0.046
0 0.471 0.404 0.038 0.028
0 0.45 0.384 0.052 0.04
0 0.388 0.492 0.036 0.024
0 0.928 0.598 0.04 0.048
0 0.99 0.636 0.016 0.044
0 0.911 0.632 0.038 0.028
0 0.847 0.641 0.062 0.062
0 0.813 0.657 0.066 0.05
0 0.753 0.633 0.058 0.054
0 0.815 0.493 0.046 0.042
0 0.75 0.688 0.052 0.036
0 0.693 0.707 0.054 0.042
0 0.634 0.769 0.036 0.034
0 0.579 0.74 0.042 0.036
0 0.548 0.801 0.036 0.03
0 0.548 0.823 0.04 0.03
0 0.616 0.883 0.048 0.034
0 0.619 0.953 0.05 0.042
0 0.679 0.969 0.042 0.034
0 0.743 0.879 0.046 0.054
0 0.848 0.939 0.04 0.038
0 0.807 0.954 0.046 0.032
0 0.794 0.885 0.052 0.034
0 0.887 0.848 0.046 0.032
0 0.941 0.776 0.05 0.032
0 0.89 0.719 0.048 0.03
0 0.876 0.765 0.036 0.042
0 0.855 0.755 0.038 0.026
0 0.858 0.73 0.044 0.028
0 0.921 0.871 0.042 0.03
0 0.961 0.956 0.026 0.028
0 0.663 0.806 0.03 0.024
0 0.6 0.724 0.044 0.032
0 0.561 0.684 0.038 0.04
0 0.478 0.709 0.072 0.046
0 0.438 0.732 0.036 0.036
0 0.365 0.724 0.062 0.04
0 0.381 0.763 0.062 0.046
0 0.323 0.784 0.042 0.04
0 0.335 0.822 0.038 0.032
0 0.357 0.854 0.046 0.028
0 0.458 0.864 0.052 0.04
0 0.474 0.954 0.048 0.04
0 0.434 0.923 0.064 0.038
0 0.257 0.965 0.05 0.066
0 0.222 0.96 0.032 0.044
0 0.199 0.902 0.054 0.048
0 0.194 0.855 0.044 0.034
0 0.16 0.803 0.036 0.026
0 0.203 0.743 0.038 0.042
0 0.178 0.774 0.024 0.02
0 0.089 0.778 0.05 0.06
0 0.061 0.797 0.046 0.07
0 0.033 0.791 0.026 0.034
0 0.336 0.682 0.056 0.04
0 0.273 0.623 0.034 0.034
0 0.263 0.52 0.05 0.048
0 0.261 0.485 0.042 0.034
0 0.212 0.475 0.048 0.038
0 0.224 0.517 0.04 0.046
0 0.21 0.55 0.04 0.044
0 0.163 0.542 0.038 0.048
0 0.12 0.542 0.048 0.056
0 0.167 0.581 0.054 0.038
0 0.157 0.675 0.05 0.034
0 0.182 0.649 0.044 0.03
0 0.217 0.664 0.026 0.028
0 0.105 0.598 0.046 0.032
0 0.067 0.606 0.038 0.036
0 0.043 0.633 0.046 0.042
0 0.082 0.707 0.044 0.034
0 0.039 0.688 0.026 0.028
0 0.007 0.55 0.01 0.044
0 0.082 0.498 0.04 0.044
0 0.155 0.376 0.05 0.036
0 0.103 0.369 0.046 0.034
0 0.082 0.403 0.036 0.026
0 0.097 0.443 0.054 0.042
0 0.054 0.424 0.036 0.04
0 0.284 0.397 0.04 0.038
0 0.251 0.444 0.038 0.024
0 0.277 0.364 0.042 0.036
0 0.223 0.309 0.038 0.05
0 0.247 0.338 0.034 0.04
0 0.238 0.216 0.048 0.04
0 0.218 0.24 0.044 0.036
0 0.162 0.198 0.048 0.032
0 0.093 0.213 0.05 0.034
0 0.051 0.228 0.038 0.04
0 0.025 0.25 0.046 0.048
0 0.058 0.099 0.044 0.038
0 0.06 0.152 0.052 0.076
0 0.025 0.061 0.042 0.046
0 0.089 0.053 0.038 0.05
0 0.261 0.154 0.042 0.048
0 0.214 0.129 0.06 0.082
0 0.491 0.146 0.042 0.052
0 0.481 0.183 0.046 0.05
0 0.401 0.111 0.07 0.058
0 0.434 0.104 0.036 0.036
0 0.441 0.221 0.046 0.034
0 0.541 0.186 0.038 0.044
0 0.615 0.236 0.05 0.04
0 0.6 0.264 0.052 0.056
0 0.417 0.248 0.054 0.048
0 0.401 0.193 0.066 0.05
0 0.295 0.217 0.046 0.058
0 0.279 0.291 0.042 0.026
0 0.349 0.33 0.018 0.036
0 0.308 0.355 0.032 0.054
0 0.123 0.437 0.042 0.026
0 0.01 0.44 0.016 0.04
0 0.014 0.617 0.024 0.034
0 0.612 0.633 0.052 0.034
0 0.565 0.62 0.038 0.032
0 0.778 0.408 0.072 0.044
0 0.766 0.445 0.04 0.034
0 0.762 0.514 0.048 0.044
0 0.778 0.503 0.044 0.034
0 0.902 0.37 0.04 0.032
0 0.927 0.255 0.042 0.042
0 0.976 0.236 0.044 0.044
0 0.991 0.473 0.014 0.026
0 0.707 0.523 0.054 0.034
0 0.676 0.519 0.04 0.042
0 0.494 0.641 0.052 0.046
0 0.384 0.613 0.068 0.046
0 0.322 0.587 0.04 0.042
0 0.391 0.58 0.038 0.036
0 0.711 0.083 0.058 0.05
0 0.655 0.092 0.046 0.044
0 0.857 0.071 0.042 0.046
0 0.956 0.016 0.048 0.032
0 0.982 0.108 0.032 0.052
0 0.93 0.101 0.032 0.046
0 0.836 0.032 0.036 0.036
0 0.804 0.035 0.028 0.05
0 0.756 0.012 0.056 0.024
0 0.59 0.081 0.044 0.05
0 0.495 0.065 0.026 0.026
0 0.642 0.006 0.024 0.012
0 0.54 0.011 0.048 0.022
0 0.469 0.02 0.026 0.028
0 0.438 0.006 0.028 0.012
0 0.402 0.009 0.04 0.018
0 0.309 0.051 0.034 0.042
0 0.239 0.01 0.026 0.02
0 0.174 0.016 0.04 0.032
0 0.137 0.051 0.03 0.026
0 0.119 0.048 0.026 0.036
0 0.039 0.173 0.038 0.05
0 0.019 0.19 0.034 0.036
0 0.066 0.252 0.016 0.024
0 0.385 0.156 0.038 0.048
0 0.363 0.147 0.034 0.058
0 0.368 0.26 0.044 0.044
0 0.407 0.479 0.03 0.018
0 0.71 0.187 0.044 0.046
0 0.564 0.172 0.056 0.056
0 0.354 0.108 0.024 0.028
0 0.277 0.063 0.03 0.03
0 0.522 0.384 0.036 0.04
0 0.43 0.408 0.032 0.036
0 0.966 0.534 0.036 0.028
0 0.992 0.525 0.012 0.022
0 0.916 0.418 0.032 0.032
0 0.878 0.373 0.028 0.038
0 0.662 0.472 0.04 0.036
0 0.101 0.837 0.046 0.034
0 0.102 0.929 0.032 0.046
0 0.132 0.904 0.036 0.04
0 0.16 0.862 0.028 0.028
0 0.018 0.823 0.032 0.034
0 0.049 0.92 0.07 0.072
0 0.06 0.975 0.064 0.046
0 0.32 0.901 0.048 0.042
0 0.343 0.91 0.026 0.028
0 0.298 0.913 0.024 0.034
0 0.136 0.831 0.028 0.026
0 0.861 0.826 0.046 0.032
0 0.959 0.297 0.022 0.03
0 0.994 0.3 0.008 0.028
0 0.948 0.426 0.02 0.02
0 0.939 0.47 0.022 0.02
0 0.738 0.462 0.02 0.024
0 0.734 0.429 0.028 0.026
0 0.713 0.43 0.026 0.02
0 0.659 0.446 0.022 0.028
0 0.7 0.456 0.024 0.024
0 0.916 0.5 0.016 0.02
0 0.844 0.44 0.024 0.02
0 0.881 0.301 0.014 0.022
0 0.993 0.055 0.01 0.034
0 0.821 0.773 0.018 0.026
0 0.729 0.76 0.026 0.028
0 0.672 0.588 0.028 0.036
0 0.679 0.642 0.026 0.024
0 0.695 0.617 0.034 0.018
0 0.494 0.759 0.02 0.034
0 0.477 0.789 0.03 0.034
0 0.674 0.86 0.036 0.02
0 0.623 0.991 0.03 0.014
0 0.303 0.85 0.022 0.024
0 0.126 0.995 0.032 0.006
0 0.211 0.996 0.038 0.004
0 0.358 0.232 0.016 0.036
0 0.347 0.251 0.01 0.018
0 0.328 0.235 0.024 0.026
0 0.492 0.841 0.016 0.026
0 0.494 0.866 0.008 0.016
0 0.514 0.843 0.016 0.01
0 0.551 0.922 0.022 0.02
0 0.548 0.95 0.02 0.032
0 0.538 0.927 0.024 0.022
0 0.814 0.992 0.036 0.012
0 0.85 0.868 0.02 0.024
0 0.829 0.881 0.018 0.022
0 0.749 0.754 0.022 0.032
0 0.633 0.73 0.03 0.02
0 0.514 0.655 0.02 0.018
0 0.339 0.643 0.026 0.014
0 0.679 0.9 0.034 0.02
0 0.772 0.962 0.016 0.016
0 0.926 0.991 0.02 0.014
0 0.988 0.544 0.02 0.02
0 0.944 0.244 0.024 0.028
0 0.585 0.003 0.026 0.006
0 0.56 0.114 0.048 0.024
0 0.314 0.003 0.024 0.006
0 0.276 0.028 0.036 0.04
0 0.292 0.108 0.024 0.044
0 0.264 0.213 0.012 0.018
0 0.157 0.287 0.026 0.022
0 0.351 0.37 0.014 0.02
0 0.337 0.359 0.018 0.018
0 0.399 0.456 0.014 0.012
0 0.412 0.459 0.012 0.014
0 0.008 0.48 0.012 0.04
0 0.046 0.487 0.016 0.014
0 0.034 0.752 0.028 0.032
0 0.381 0.665 0.014 0.014
0 0.704 0.765 0.028 0.018
0 0.661 0.691 0.018 0.018
0 0.734 0.286 0.012 0.012
0 0.725 0.277 0.01 0.01
0 0.871 0.316 0.018 0.016
0 0.874 0.593 0.032 0.026
0 0.508 0.862 0.02 0.02
0 0.323 0.849 0.018 0.022
0 0.276 0.938 0.024 0.02
0 0.279 0.911 0.026 0.038
0 0.236 0.67 0.016 0.02
0 0.26 0.697 0.016 0.01
0 0.361 0.588 0.014 0.012
0 0.347 0.592 0.01 0.012
0 0.285 0.443 0.014 0.018
0 0.123 0.407 0.03 0.022
0 0.034 0.348 0.044 0.024
0 0.144 0.148 0.032 0.016
0 0.063 0.008 0.046 0.016
0 0.512 0.014 0.012 0.016
0 0.949 0.503 0.026 0.03
0 0.997 0.503 0.002 0.018
0 0.987 0.502 0.018 0.016
0 0.996 0.362 0.004 0.02
0 0.692 0.682 0.02 0.016
0 0.668 0.679 0.028 0.022
0 0.037 0.56 0.03 0.044
1 0.887 0.178 0.018 0.032
1 0.714 0.452 0.012 0.016
1 0.691 0.467 0.014 0.018
1 0.935 0.492 0.01 0.008
1 0.928 0.505 0.012 0.01
1 0.967 0.638 0.018 0.02
1 0.306 0.433 0.02 0.03
1 0.429 0.468 0.018 0.024
1 0.434 0.302 0.012 0.012
1 0.522 0.354 0.008 0.008
1 0.901 0.912 0.014 0.016
1 0.893 0.901 0.01 0.014
1 0.878 0.919 0.012 0.014
1 0.523 0.646 0.006 0.012
1 0.289 0.665 0.01 0.01
1 0.279 0.661 0.002 0.002
1 0.162 0.614 0.032 0.012
1 0.974 0.886 0.02 0.016
1 0.995 0.948 0.006 0.016
1 0.968 0.763 0.012 0.018
1 0.848 0.407 0.012 0.01
1 0.832 0.408 0.02 0.008
1 0.832 0.395 0.012 0.01
1 0.975 0.28 0.014 0.012
1 0.946 0.169 0.012 0.01
1 0.986 0.2 0.008 0.008
1 0.944 0.058 0.02 0.016
1 0.952 0.044 0.02 0.012
1 0.679 0.057 0.018 0.01
1 0.456 0.093 0.012 0.022
1 0.322 0.094 0.024 0.016
1 0.274 0.21 0.008 0.008
1 0.275 0.221 0.006 0.006
1 0.335 0.367 0.006 0.01
1 0.329 0.376 0.006 0.012
1 0.339 0.377 0.006 0.01
1 0.324 0.385 0.008 0.01
1 0.041 0.477 0.01 0.01
1 0.092 0.621 0.024 0.018
1 0.368 0.661 0.008 0.01
1 0.779 0.759 0.006 0.01
1 0.772 0.767 0.004 0.01
1 0.29 0.95 0.012 0.024
1 0.641 0.594 0.01 0.016
1 0.651 0.655 0.006 0.006
1 0.645 0.701 0.01 0.006
1 0.351 0.191 0.014 0.01
2 0.39 0.669 0.016 0.01
2 0.896 0.544 0.012 0.02
2 0.179 0.995 0.022 0.006
2 0.017 0.955 0.014 0.038