0 0.692 0.236 0.048 0.052
0 0.558 0.188 0.068 0.084
0 0.514 0.126 0.044 0.04
0 0.41 0.124 0.056 0.064
0 0.309 0.098 0.062 0.06
0 0.582 0.251 0.04 0.042
0 0.965 0.126 0.046 0.048
0 0.905 0.107 0.042 0.054
0 0.86 0.094 0.04 0.048
0 0.813 0.094 0.042 0.064
0 0.76 0.072 0.032 0.052
0 0.696 0.061 0.036 0.054
0 0.555 0.082 0.038 0.06
0 0.479 0.028 0.034 0.044
0 0.408 0.023 0.052 0.046
0 0.887 0.168 0.038 0.06
0 0.814 0.186 0.044 0.056
0 0.746 0.116 0.04 0.048
0 0.272 0.05 0.04 0.044
0 0.241 0.021 0.05 0.042
0 0.965 0.295 0.034 0.054
0 0.988 0.274 0.02 0.032
0 0.831 0.301 0.038 0.054
0 0.804 0.275 0.028 0.046
0 0.782 0.33 0.032 0.06
0 0.741 0.318 0.042 0.056
0 0.737 0.399 0.05 0.078
0 0.703 0.437 0.038 0.058
0 0.574 0.329 0.044 0.05
0 0.575 0.357 0.038 0.05
0 0.474 0.372 0.04 0.056
0 0.372 0.276 0.032 0.04
0 0.286 0.228 0.036 0.036
0 0.182 0.077 0.04 0.046
0 0.29 0.117 0.048 0.05
0 0.269 0.123 0.07 0.07
0 0.929 0.385 0.042 0.098
0 0.913 0.415 0.046 0.07
0 0.93 0.477 0.052 0.066
0 0.866 0.473 0.032 0.05
0 0.792 0.5 0.052 0.052
0 0.737 0.582 0.058 0.08
0 0.666 0.571 0.048 0.05
0 0.826 0.624 0.044 0.048
0 0.926 0.62 0.036 0.064
0 0.939 0.686 0.042 0.064
0 0.49 0.476 0.056 0.064
0 0.438 0.46 0.04 0.036
0 0.427 0.573 0.03 0.046
0 0.352 0.545 0.032 0.03
0 0.246 0.368 0.052 0.056
0 0.169 0.367 0.05 0.038
0 0.206 0.405 0.06 0.062
0 0.118 0.548 0.044 0.072
0 0.033 0.495 0.038 0.05
0 0.516 0.624 0.048 0.044
0 0.45 0.609 0.04 0.03
0 0.328 0.484 0.06 0.06
0 0.228 0.508 0.052 0.052
0 0.238 0.543 0.028 0.034
0 0.188 0.529 0.052 0.046
0 0.18 0.582 0.044 0.068
0 0.603 0.492 0.078 0.092
0 0.586 0.511 0.044 0.066
0 0.084 0.217 0.04 0.046
0 0.087 0.272 0.038 0.052
0 0.114 0.318 0.036 0.04
0 0.06 0.302 0.048 0.056
0 0.021 0.343 0.038 0.062
0 0.306 0.418 0.044 0.052
0 0.324 0.351 0.048 0.034
0 0.805 0.541 0.026 0.026
0 0.969 0.839 0.038 0.066
0 0.929 0.862 0.034 0.048
0 0.966 0.922 0.036 0.052
0 0.85 0.929 0.028 0.042
0 0.848 0.704 0.032 0.04
0 0.777 0.787 0.034 0.05
0 0.769 0.864 0.05 0.064
0 0.694 0.803 0.036 0.042
0 0.613 0.796 0.034 0.04
0 0.661 0.83 0.038 0.048
0 0.64 0.857 0.032 0.05
0 0.714 0.698 0.044 0.052
0 0.693 0.712 0.03 0.036
0 0.651 0.741 0.034 0.062
0 0.682 0.754 0.036 0.056
0 0.528 0.678 0.028 0.056
0 0.502 0.73 0.04 0.068
0 0.473 0.677 0.03 0.038
0 0.576 0.664 0.04 0.044
0 0.406 0.684 0.036 0.044
0 0.304 0.721 0.056 0.062
0 0.353 0.644 0.034 0.036
0 0.416 0.762 0.04 0.044
0 0.367 0.796 0.046 0.04
0 0.791 0.977 0.042 0.042
0 0.749 0.984 0.034 0.028
0 0.541 0.87 0.034 0.044
0 0.532 0.912 0.048 0.052
0 0.561 0.861 0.026 0.038
0 0.427 0.912 0.042 0.048
0 0.205 0.911 0.05 0.07
0 0.119 0.934 0.074 0.056
0 0.107 0.88 0.054 0.06
0 0.051 0.901 0.046 0.054
0 0.204 0.799 0.036 0.046
0 0.168 0.842 0.04 0.048
0 0.065 0.798 0.042 0.052
0 0.023 0.771 0.042 0.042
0 0.043 0.632 0.034 0.04
0 0.048 0.684 0.048 0.036
0 0.302 0.885 0.04 0.042
0 0.265 0.866 0.026 0.076
0 0.371 0.835 0.038 0.058
0 0.586 0.966 0.044 0.06
0 0.396 0.979 0.04 0.038
0 0.26 0.976 0.064 0.044
0 0.054 0.975 0.036 0.038
0 0.704 0.911 0.028 0.034
1 0.211 0.55 0.026 0.028
1 0.709 0.137 0.03 0.022
1 0.629 0.129 0.018 0.018
1 0.616 0.102 0.02 0.028
1 0.335 0.071 0.022 0.03
1 0.632 0.421 0.02 0.026
1 0.572 0.429 0.016 0.014
1 0.607 0.326 0.022 0.016
1 0.415 0.328 0.03 0.028
1 0.322 0.266 0.028 0.028
1 0.138 0.067 0.032 0.018
1 0.102 0.073 0.032 0.03
1 0.156 0.112 0.036 0.032
1 0.322 0.157 0.028 0.022
1 0.324 0.201 0.024 0.03
1 0.336 0.215 0.024 0.022
1 0.148 0.135 0.036 0.026
1 0.988 0.416 0.02 0.04
1 0.951 0.263 0.022 0.018
1 0.871 0.301 0.034 0.034
1 0.873 0.341 0.018 0.022
1 0.854 0.52 0.02 0.024
1 0.865 0.617 0.026 0.026
1 0.832 0.597 0.024 0.022
1 0.983 0.596 0.014 0.028
1 0.471 0.538 0.022 0.02
1 0.464 0.556 0.016 0.02
1 0.402 0.562 0.016 0.032
1 0.124 0.464 0.024 0.016
1 0.091 0.444 0.022 0.032
1 0.275 0.569 0.018 0.022
1 0.542 0.567 0.032 0.034
1 0.031 0.216 0.018 0.024
1 0.071 0.248 0.022 0.02
1 0.02 0.178 0.024 0.036
1 0.343 0.423 0.018 0.022
1 0.292 0.373 0.02 0.022
1 0.94 0.041 0.024 0.022
1 0.867 0.051 0.03 0.018
1 0.874 0.028 0.02 0.028
1 0.85 0.955 0.028 0.022
1 0.93 0.743 0.02 0.03
1 0.929 0.78 0.03 0.036
1 0.897 0.738 0.018 0.032
1 0.652 0.79 0.016 0.02
1 0.598 0.882 0.016 0.04
1 0.716 0.66 0.032 0.036
1 0.767 0.716 0.018 0.016
1 0.742 0.678 0.016 0.02
1 0.783 0.66 0.038 0.028
1 0.735 0.497 0.014 0.022
1 0.709 0.527 0.018 0.018
1 0.654 0.659 0.024 0.018
1 0.519 0.789 0.03 0.03
1 0.381 0.626 0.03 0.032
1 0.37 0.596 0.024 0.016
1 0.299 0.646 0.022 0.028
1 0.394 0.703 0.02 0.026
1 0.383 0.734 0.014 0.028
1 0.331 0.706 0.038 0.04
1 0.32 0.761 0.028 0.022
1 0.716 0.982 0.016 0.024
1 0.659 0.988 0.022 0.02
1 0.491 0.923 0.026 0.022
1 0.478 0.941 0.012 0.046
1 0.484 0.882 0.012 0.036
1 0.472 0.812 0.02 0.02
1 0.098 0.801 0.016 0.03
1 0.275 0.915 0.022 0.034
1 0.322 0.837 0.032 0.034
1 0.308 0.846 0.02 0.024
1 0.081 0.659 0.042 0.026
1 0.122 0.7 0.032 0.028
1 0.198 0.761 0.032 0.03
1 0.278 0.316 0.016 0.02
1 0.258 0.309 0.024 0.03
1 0.164 0.89 0.02 0.036
1 0.535 0.969 0.014 0.026
1 0.523 0.984 0.034 0.028
1 0.354 0.973 0.024 0.022
1 0.305 0.978 0.026 0.028
1 0.185 0.974 0.01 0.024
1 0.739 0.938 0.022 0.024
1 0.548 0.712 0.024 0.024
2 0.54 0.385 0.016 0.022
2 0.913 0.265 0.026 0.014
2 0.916 0.274 0.016 0.012
2 0.288 0.5 0.032 0.044
2 0.577 0.587 0.03 0.038
2 0.544 0.528 0.016 0.02
2 0.825 0.544 0.014 0.024
2 0.954 0.972 0.028 0.044
2 0.882 0.94 0.016 0.02
2 0.854 0.793 0.028 0.034
2 0.617 0.874 0.026 0.032
2 0.14 0.736 0.02 0.032
2 0.154 0.987 0.032 0.022
2 0.751 0.899 0.022 0.03
2 0.706 0.868 0.012 0.012