0 0.397 0.219 0.098 0.042
0 0.258 0.187 0.068 0.054
0 0.25 0.236 0.052 0.048
0 0.139 0.239 0.046 0.038
0 0.186 0.232 0.056 0.032
0 0.258 0.277 0.048 0.03
0 0.171 0.426 0.046 0.056
0 0.221 0.426 0.054 0.052
0 0.029 0.443 0.046 0.054
0 0.08 0.382 0.048 0.044
0 0.196 0.492 0.072 0.044
0 0.165 0.516 0.05 0.04
0 0.06 0.578 0.044 0.028
0 0.34 0.366 0.052 0.032
0 0.023 0.087 0.038 0.026
0 0.058 0.082 0.036 0.028
0 0.098 0.091 0.044 0.034
0 0.178 0.024 0.052 0.048
0 0.206 0.08 0.044 0.056
0 0.186 0.147 0.04 0.05
0 0.264 0.068 0.04 0.032
0 0.32 0.059 0.044 0.026
0 0.379 0.053 0.062 0.038
0 0.371 0.102 0.038 0.032
0 0.506 0.083 0.04 0.034
0 0.426 0.321 0.04 0.034
0 0.025 0.782 0.05 0.044
0 0.092 0.746 0.056 0.044
0 0.018 0.898 0.036 0.04
0 0.068 0.879 0.072 0.054
0 0.159 0.97 0.058 0.04
0 0.135 0.919 0.034 0.058
0 0.163 0.925 0.03 0.042
0 0.137 0.843 0.05 0.034
0 0.097 0.842 0.034 0.036
0 0.253 0.758 0.034 0.036
0 0.078 0.639 0.044 0.042
0 0.106 0.605 0.036 0.034
0 0.112 0.633 0.024 0.026
0 0.145 0.674 0.054 0.036
0 0.299 0.466 0.046 0.052
0 0.248 0.585 0.052 0.03
0 0.308 0.624 0.052 0.044
0 0.549 0.165 0.066 0.042
0 0.336 0.853 0.044 0.03
0 0.364 0.806 0.044 0.036
0 0.434 0.814 0.048 0.04
0 0.527 0.213 0.046 0.034
0 0.535 0.263 0.046 0.042
0 0.499 0.275 0.05 0.042
0 0.508 0.332 0.044 0.028
0 0.511 0.402 0.05 0.032
0 0.498 0.425 0.064 0.034
0 0.663 0.097 0.05 0.034
0 0.637 0.135 0.062 0.034
0 0.41 0.569 0.044 0.042
0 0.47 0.473 0.032 0.034
0 0.439 0.617 0.066 0.038
0 0.451 0.643 0.05 0.038
0 0.406 0.691 0.052 0.034
0 0.451 0.69 0.038 0.036
0 0.393 0.765 0.038 0.034
0 0.436 0.483 0.044 0.058
0 0.439 0.53 0.054 0.036
0 0.42 0.736 0.04 0.04
0 0.439 0.741 0.042 0.026
0 0.439 0.873 0.034 0.038
0 0.557 0.697 0.07 0.034
0 0.549 0.749 0.046 0.038
0 0.578 0.773 0.04 0.038
0 0.619 0.341 0.042 0.034
0 0.637 0.301 0.042 0.05
0 0.717 0.333 0.042 0.038
0 0.74 0.286 0.04 0.032
0 0.752 0.252 0.048 0.028
0 0.576 0.059 0.028 0.058
0 0.545 0.581 0.058 0.026
0 0.788 0.08 0.06 0.044
0 0.531 0.456 0.038 0.024
0 0.635 0.507 0.05 0.034
0 0.636 0.451 0.048 0.034
0 0.669 0.644 0.046 0.032
0 0.721 0.644 0.038 0.036
0 0.734 0.679 0.052 0.042
0 0.679 0.778 0.046 0.028
0 0.9 0.167 0.056 0.03
0 0.971 0.027 0.038 0.034
0 0.769 0.15 0.042 0.028
0 0.792 0.228 0.048 0.028
0 0.822 0.214 0.028 0.036
0 0.953 0.357 0.05 0.034
0 0.842 0.401 0.052 0.042
0 0.649 0.28 0.038 0.024
0 0.703 0.411 0.042 0.03
0 0.595 0.506 0.042 0.052
0 0.616 0.482 0.028 0.028
0 0.76 0.503 0.048 0.046
0 0.704 0.542 0.048 0.04
0 0.881 0.684 0.026 0.064
0 0.947 0.658 0.042 0.036
0 0.972 0.674 0.028 0.052
0 0.862 0.461 0.04 0.03
0 0.91 0.517 0.044 0.046
0 0.889 0.554 0.054 0.044
0 0.948 0.418 0.036 0.036
0 0.619 0.779 0.038 0.022
0 0.817 0.846 0.086 0.032
0 0.663 0.857 0.046 0.03
0 0.752 0.918 0.048 0.04
0 0.93 0.936 0.048 0.044
0 0.09 0.976 0.056 0.044
1 0.013 0.566 0.018 0.02
1 0.208 0.355 0.032 0.022
1 0.198 0.399 0.028 0.026
1 0.276 0.353 0.028 0.026
1 0.159 0.05 0.03 0.02
1 0.329 0.014 0.026 0.016
1 0.099 0.226 0.03 0.024
1 0.397 0.1 0.018 0.02
1 0.214 0.137 0.02 0.026
1 0.408 0.08 0.04 0.02
1 0.344 0.148 0.02 0.036
1 0.39 0.147 0.052 0.026
1 0.452 0.131 0.028 0.038
1 0.415 0.176 0.054 0.036
1 0.368 0.309 0.02 0.034
1 0.056 0.419 0.036 0.026
1 0.077 0.805 0.026 0.05
1 0.153 0.78 0.042 0.028
1 0.223 0.812 0.018 0.044
1 0.206 0.742 0.016 0.04
1 0.161 0.591 0.022 0.018
1 0.177 0.583 0.01 0.014
1 0.191 0.616 0.03 0.024
1 0.186 0.65 0.052 0.024
1 0.333 0.434 0.03 0.04
1 0.379 0.409 0.03 0.022
1 0.404 0.37 0.024 0.02
1 0.429 0.392 0.018 0.016
1 0.343 0.479 0.022 0.026
1 0.336 0.514 0.024 0.024
1 0.338 0.545 0.024 0.018
1 0.252 0.862 0.012 0.02
1 0.265 0.865 0.014 0.022
1 0.237 0.896 0.018 0.028
1 0.263 0.963 0.034 0.034
1 0.236 0.933 0.024 0.03
1 0.418 0.837 0.04 0.026
1 0.663 0.262 0.058 0.028
1 0.592 0.152 0.02 0.028
1 0.599 0.174 0.018 0.02
1 0.547 0.549 0.026 0.026
1 0.559 0.63 0.022 0.024
1 0.604 0.011 0.024 0.022
1 0.665 0.042 0.022 0.02
1 0.689 0.055 0.014 0.026
1 0.944 0.027 0.02 0.018
1 0.866 0.072 0.012 0.024
1 0.764 0.214 0.02 0.02
1 0.759 0.346 0.034 0.024
1 0.798 0.386 0.024 0.02
1 0.89 0.297 0.028 0.03
1 0.857 0.291 0.01 0.018
1 0.977 0.268 0.022 0.024
1 0.883 0.389 0.03 0.022
1 0.757 0.59 0.03 0.024
1 0.801 0.628 0.038 0.024
1 0.814 0.604 0.016 0.024
1 0.876 0.517 0.028 0.03
1 0.794 0.461 0.036 0.018
1 0.983 0.431 0.022 0.034
1 0.511 0.477 0.014 0.022
1 0.384 0.556 0.028 0.02
1 0.721 0.736 0.022 0.024
1 0.759 0.721 0.038 0.034
1 0.807 0.731 0.046 0.018
1 0.866 0.776 0.044 0.032
1 0.546 0.812 0.024 0.024
1 0.549 0.873 0.026 0.026
1 0.578 0.876 0.036 0.02
1 0.605 0.859 0.026 0.026
1 0.629 0.838 0.018 0.04
1 0.643 0.807 0.03 0.018
1 0.732 0.878 0.028 0.024
1 0.591 0.904 0.042 0.036
1 0.746 0.959 0.02 0.018
1 0.818 0.983 0.032 0.026
1 0.871 0.859 0.03 0.018
1 0.873 0.876 0.026 0.02
1 0.563 0.842 0.03 0.044
1 0.243 0.955 0.05 0.05
1 0.263 0.926 0.03 0.02
1 0.872 0.947 0.028 0.01
1 0.06 0.972 0.032 0.024
2 0.352 0.958 0.036 0.016
2 0.431 0.938 0.034 0.024
2 0.488 0.918 0.068 0.032
2 0.063 0.614 0.018 0.016
2 0.25 0.636 0.02 0.008
2 0.284 0.682 0.016 0.024
2 0.481 0.231 0.026 0.022
2 0.172 0.319 0.024 0.018
2 0.675 0.466 0.014 0.012
2 0.666 0.945 0.04 0.034
2 0.473 0.783 0.026 0.026
2 0.47 0.852 0.012 0.016
2 0.725 0.812 0.018 0.02
2 0.748 0.832 0.012 0.012
2 0.769 0.544 0.022 0.016