0 0.735 0.012 0.034 0.024
0 0.777 0.064 0.054 0.032
0 0.774 0.084 0.044 0.032
0 0.754 0.11 0.02 0.024
0 0.702 0.087 0.052 0.05
0 0.522 0.011 0.044 0.022
0 0.509 0.038 0.07 0.032
0 0.534 0.077 0.052 0.066
0 0.462 0.037 0.048 0.05
0 0.506 0.118 0.052 0.048
0 0.453 0.084 0.058 0.052
0 0.396 0.075 0.024 0.042
0 0.376 0.07 0.02 0.032
0 0.335 0.057 0.062 0.066
0 0.322 0.101 0.044 0.062
0 0.291 0.086 0.05 0.044
0 0.306 0.037 0.052 0.026
0 0.221 0.044 0.046 0.056
0 0.231 0.02 0.05 0.04
0 0.19 0.095 0.048 0.058
0 0.155 0.068 0.038 0.032
0 0.022 0.053 0.04 0.058
0 0.065 0.03 0.062 0.044
0 0.069 0.057 0.042 0.038
0 0.049 0.09 0.038 0.036
0 0.051 0.127 0.05 0.046
0 0.018 0.145 0.032 0.054
0 0.081 0.151 0.038 0.038
0 0.119 0.137 0.034 0.022
0 0.921 0.203 0.038 0.046
0 0.923 0.231 0.03 0.034
0 0.935 0.242 0.03 0.032
0 0.887 0.21 0.03 0.052
0 0.89 0.238 0.032 0.024
0 0.84 0.17 0.048 0.048
0 0.79 0.156 0.052 0.052
0 0.755 0.152 0.042 0.044
0 0.719 0.203 0.05 0.046
0 0.821 0.243 0.058 0.046
0 0.64 0.174 0.048 0.036
0 0.659 0.158 0.05 0.028
0 0.731 0.25 0.05 0.056
0 0.676 0.216 0.036 0.044
0 0.645 0.211 0.038 0.042
0 0.613 0.21 0.034 0.044
0 0.581 0.209 0.05 0.042
0 0.445 0.183 0.042 0.042
0 0.476 0.186 0.028 0.02
0 0.454 0.241 0.064 0.05
0 0.422 0.208 0.04 0.04
0 0.389 0.15 0.054 0.044
0 0.295 0.132 0.042 0.048
0 0.258 0.179 0.052 0.062
0 0.183 0.163 0.05 0.066
0 0.131 0.185 0.038 0.042
0 0.104 0.218 0.04 0.044
0 0.034 0.231 0.052 0.058
0 0.05 0.263 0.048 0.054
0 0.99 0.277 0.016 0.026
0 0.984 0.311 0.028 0.05
0 0.836 0.286 0.052 0.052
0 0.852 0.338 0.052 0.056
0 0.877 0.396 0.046 0.048
0 0.801 0.338 0.054 0.072
0 0.804 0.386 0.048 0.04
0 0.76 0.285 0.032 0.042
0 0.716 0.371 0.04 0.054
0 0.674 0.263 0.028 0.034
0 0.604 0.305 0.044 0.054
0 0.529 0.27 0.05 0.044
0 0.561 0.292 0.034 0.028
0 0.587 0.355 0.03 0.046
0 0.487 0.377 0.046 0.05
0 0.435 0.335 0.042 0.062
0 0.424 0.295 0.032 0.066
0 0.396 0.284 0.04 0.052
0 0.355 0.27 0.046 0.056
0 0.367 0.322 0.042 0.028
0 0.314 0.325 0.056 0.054
0 0.244 0.249 0.052 0.062
0 0.236 0.345 0.048 0.042
0 0.23 0.304 0.036 0.04
0 0.136 0.344 0.06 0.064
0 0.039 0.327 0.042 0.062
0 0.064 0.348 0.04 0.052
0 0.069 0.378 0.038 0.028
0 0.97 0.421 0.056 0.07
0 0.969 0.508 0.042 0.048
0 0.811 0.44 0.042 0.052
0 0.775 0.514 0.042 0.06
0 0.717 0.491 0.062 0.062
0 0.635 0.472 0.058 0.056
0 0.617 0.514 0.042 0.036
0 0.632 0.407 0.04 0.062
0 0.594 0.402 0.028 0.052
0 0.586 0.443 0.044 0.058
0 0.54 0.408 0.04 0.032
0 0.51 0.424 0.036 0.048
0 0.508 0.466 0.044 0.044
0 0.422 0.471 0.032 0.034
0 0.426 0.515 0.04 0.062
0 0.39 0.518 0.044 0.056
0 0.332 0.402 0.036 0.048
0 0.349 0.423 0.054 0.058
0 0.326 0.466 0.048 0.036
0 0.311 0.485 0.058 0.038
0 0.188 0.394 0.044 0.032
0 0.158 0.421 0.048 0.062
0 0.134 0.49 0.04 0.052
0 0.084 0.442 0.04 0.052
0 0.046 0.492 0.028 0.032
0 0.008 0.48 0.012 0.052
0 0.013 0.55 0.022 0.064
0 0.033 0.564 0.046 0.064
0 0.074 0.532 0.052 0.06
0 0.123 0.569 0.066 0.066
0 0.985 0.617 0.026 0.05
0 0.978 0.657 0.04 0.046
0 0.951 0.597 0.038 0.054
0 0.884 0.565 0.048 0.054
0 0.856 0.598 0.036 0.048
0 0.818 0.569 0.068 0.07
0 0.848 0.643 0.032 0.038
0 0.753 0.628 0.046 0.056
0 0.706 0.557 0.048 0.058
0 0.684 0.593 0.036 0.042
0 0.634 0.557 0.036 0.054
0 0.63 0.619 0.052 0.054
0 0.558 0.561 0.048 0.054
0 0.567 0.605 0.046 0.05
0 0.456 0.58 0.044 0.06
0 0.375 0.578 0.042 0.08
0 0.361 0.559 0.026 0.038
0 0.347 0.577 0.026 0.026
0 0.293 0.539 0.046 0.062
0 0.273 0.604 0.05 0.06
0 0.212 0.621 0.028 0.07
0 0.101 0.631 0.046 0.078
0 0.991 0.803 0.014 0.046
0 0.974 0.78 0.044 0.06
0 0.953 0.752 0.034 0.04
0 0.897 0.794 0.046 0.068
0 0.888 0.732 0.04 0.04
0 0.866 0.735 0.036 0.054
0 0.742 0.694 0.044 0.048
0 0.684 0.687 0.044 0.066
0 0.582 0.679 0.056 0.054
0 0.487 0.663 0.034 0.062
0 0.437 0.648 0.05 0.06
0 0.377 0.654 0.046 0.064
0 0.36 0.63 0.02 0.028
0 0.342 0.687 0.044 0.054
0 0.277 0.689 0.034 0.07
0 0.244 0.686 0.036 0.064
0 0.189 0.682 0.042 0.06
0 0.192 0.716 0.048 0.036
0 0.143 0.659 0.042 0.038
0 0.836 0.799 0.04 0.066
0 0.784 0.773 0.052 0.042
0 0.823 0.878 0.05 0.068
0 0.825 0.916 0.046 0.06
0 0.863 0.929 0.034 0.058
0 0.901 0.931 0.03 0.042
0 0.965 0.988 0.03 0.02
0 0.995 0.929 0.006 0.034
0 0.72 0.944 0.052 0.064
0 0.732 0.875 0.036 0.062
0 0.77 0.881 0.04 0.026
0 0.674 0.849 0.048 0.05
0 0.669 0.759 0.05 0.058
0 0.645 0.909 0.05 0.074
0 0.629 0.945 0.018 0.022
0 0.601 0.933 0.046 0.058
0 0.608 0.879 0.056 0.058
0 0.56 0.991 0.036 0.014
0 0.495 0.977 0.074 0.042
0 0.496 0.94 0.024 0.036
0 0.483 0.765 0.042 0.062
0 0.46 0.848 0.036 0.084
0 0.511 0.738 0.03 0.032
0 0.423 0.767 0.046 0.046
0 0.425 0.844 0.034 0.068
0 0.39 0.862 0.044 0.052
0 0.337 0.82 0.066 0.076
0 0.355 0.837 0.034 0.054
0 0.293 0.81 0.038 0.064
0 0.38 0.966 0.04 0.06
0 0.335 0.989 0.046 0.018
0 0.302 0.923 0.048 0.058
0 0.277 0.975 0.05 0.046
0 0.253 0.95 0.03 0.024
0 0.258 0.918 0.036 0.04
0 0.197 0.883 0.054 0.062
0 0.111 0.757 0.054 0.078
0 0.102 0.936 0.048 0.068
0 0.03 0.958 0.052 0.052
0 0.12 0.976 0.072 0.044
0 0.164 0.839 0.044 0.042
0 0.088 0.879 0.04 0.05
0 0.041 0.751 0.03 0.034
0 0.171 0.81 0.038 0.02
0 0.097 0.816 0.046 0.048
0 0.054 0.808 0.028 0.04
0 0.028 0.838 0.04 0.06
0 0.039 0.923 0.034 0.03
0 0.016 0.88 0.028 0.06
0 0.16 0.988 0.04 0.02
0 0.007 0.847 0.01 0.038
1 0.913 0.027 0.03 0.034
1 0.877 0.13 0.022 0.032
1 0.802 0.081 0.028 0.022
1 0.703 0.054 0.026 0.02
1 0.438 0.013 0.02 0.026
1 0.366 0.051 0.032 0.014
1 0.533 0.212 0.026 0.024
1 0.003 0.181 0.002 0.014
1 0.927 0.335 0.026 0.026
1 0.918 0.289 0.02 0.034
1 0.69 0.344 0.024 0.028
1 0.531 0.332 0.022 0.024
1 0.546 0.345 0.032 0.034
1 0.204 0.288 0.024 0.024
1 0.86 0.469 0.028 0.046
1 0.855 0.525 0.018 0.026
1 0.558 0.391 0.028 0.034
1 0.336 0.44 0.02 0.016
1 0.812 0.624 0.032 0.024
1 0.742 0.549 0.028 0.03
1 0.685 0.527 0.018 0.034
1 0.481 0.589 0.018 0.034
1 0.079 0.668 0.026 0.028
1 0.07 0.694 0.028 0.032
1 0.795 0.724 0.018 0.044
1 0.309 0.637 0.014 0.038
1 0.294 0.673 0.028 0.034
1 0.684 0.987 0.02 0.022
1 0.76 0.93 0.024 0.016
1 0.679 0.813 0.03 0.03
1 0.556 0.94 0.028 0.036
1 0.532 0.946 0.032 0.032
1 0.572 0.73 0.024 0.028
1 0.575 0.753 0.034 0.026
1 0.538 0.763 0.024 0.03
1 0.439 0.879 0.03 0.026
1 0.351 0.738 0.026 0.032
2 0.953 0.086 0.018 0.012
2 0.932 0.08 0.02 0.024
2 0.896 0.093 0.04 0.03
2 0.852 0.06 0.028 0.024
2 0.675 0.109 0.014 0.022
2 0.5 0.063 0.016 0.01
2 0.034 0.023 0.024 0.018
2 0.091 0.112 0.038 0.028
2 0.092 0.084 0.02 0.036
2 0.097 0.052 0.022 0.02
2 0.151 0.119 0.046 0.042
2 0.988 0.236 0.02 0.024
2 0.775 0.209 0.034 0.03
2 0.624 0.03 0.024 0.032
2 0.565 0.108 0.026 0.036
2 0.519 0.234 0.034 0.028
2 0.476 0.156 0.028 0.04
2 0.441 0.156 0.014 0.016
2 0.465 0.208 0.018 0.016
2 0.402 0.118 0.024 0.012
2 0.317 0.169 0.054 0.05
2 0.288 0.192 0.016 0.016
2 0.203 0.144 0.022 0.024
2 0.211 0.126 0.038 0.028
2 0.145 0.144 0.014 0.008
2 0.144 0.161 0.012 0.014
2 0.109 0.19 0.01 0.016
2 0.042 0.194 0.012 0.016
2 0.856 0.25 0.016 0.012
2 0.871 0.368 0.046 0.044
2 0.826 0.361 0.008 0.006
2 0.779 0.264 0.038 0.032
2 0.755 0.345 0.042 0.05
2 0.701 0.327 0.006 0.01
2 0.694 0.273 0.012 0.014
2 0.499 0.284 0.014 0.016
2 0.544 0.317 0.04 0.022
2 0.338 0.305 0.024 0.022
2 0.325 0.285 0.01 0.014
2 0.278 0.37 0.028 0.028
2 0.214 0.31 0.028 0.02
2 0.203 0.313 0.03 0.042
2 0.244 0.289 0.008 0.014
2 0.237 0.284 0.01 0.008
2 0.037 0.384 0.034 0.02
2 0.944 0.41 0.028 0.024
2 0.919 0.434 0.034 0.036
2 0.927 0.457 0.026 0.022
2 0.953 0.477 0.026 0.026
2 0.789 0.471 0.018 0.022
2 0.713 0.463 0.026 0.042
2 0.683 0.456 0.03 0.028
2 0.576 0.411 0.02 0.006
2 0.424 0.396 0.036 0.064
2 0.376 0.388 0.036 0.032
2 0.35 0.375 0.024 0.018
2 0.24 0.427 0.024 0.034
2 0.217 0.475 0.038 0.03
2 0.177 0.365 0.038 0.026
2 0.208 0.376 0.016 0.016
2 0.02 0.45 0.024 0.032
2 0.018 0.48 0.02 0.028
2 0.032 0.53 0.012 0.02
2 0.011 0.517 0.018 0.01
2 0.015 0.496 0.014 0.024
2 0.92 0.63 0.024 0.04
2 0.697 0.512 0.018 0.012
2 0.718 0.526 0.012 0.012
2 0.605 0.579 0.03 0.022
2 0.585 0.573 0.026 0.018
2 0.602 0.53 0.012 0.012
2 0.522 0.533 0.028 0.034
2 0.833 0.725 0.046 0.038
2 0.629 0.692 0.03 0.028
2 0.649 0.698 0.022 0.016
2 0.631 0.662 0.038 0.032
2 0.458 0.683 0.028 0.026
2 0.321 0.649 0.022 0.014
2 0.32 0.681 0.024 0.034
2 0.334 0.715 0.032 0.026
2 0.928 0.815 0.016 0.018
2 0.863 0.829 0.022 0.014
2 0.954 0.959 0.036 0.054
2 0.982 0.985 0.024 0.026
2 0.981 0.953 0.03 0.046
2 0.97 0.935 0.012 0.014
2 0.734 0.973 0.012 0.006
2 0.735 0.834 0.022 0.012
2 0.746 0.804 0.02 0.02
2 0.631 0.771 0.034 0.042
2 0.455 0.982 0.054 0.032
2 0.545 0.739 0.026 0.038
2 0.495 0.824 0.022 0.048
2 0.427 0.952 0.038 0.028
2 0.405 0.908 0.014 0.024
2 0.371 0.772 0.018 0.02
2 0.332 0.767 0.02 0.026
2 0.31 0.949 0.016 0.01
2 0.272 0.943 0.032 0.038
2 0.23 0.896 0.008 0.012
2 0.216 0.8 0.028 0.032
2 0.199 0.757 0.034 0.026
2 0.141 0.742 0.01 0.012