0 0.995 0.009 0.006 0.018
0 0.976 0.017 0.028 0.026
0 0.949 0.005 0.026 0.01
0 0.883 0.025 0.03 0.038
0 0.994 0.109 0.008 0.03
0 0.913 0.083 0.05 0.042
0 0.876 0.073 0.028 0.034
0 0.829 0.056 0.03 0.036
0 0.788 0.049 0.024 0.03
0 0.71 0.006 0.024 0.012
0 0.572 0.011 0.032 0.022
0 0.604 0.078 0.024 0.036
0 0.837 0.09 0.026 0.024
0 0.807 0.091 0.038 0.026
0 0.898 0.158 0.032 0.028
0 0.924 0.254 0.044 0.036
0 0.877 0.222 0.042 0.056
0 0.802 0.152 0.024 0.036
0 0.801 0.198 0.034 0.036
0 0.775 0.201 0.018 0.026
0 0.712 0.155 0.024 0.038
0 0.658 0.16 0.032 0.044
0 0.621 0.144 0.026 0.04
0 0.566 0.11 0.04 0.048
0 0.461 0.013 0.046 0.026
0 0.413 0.017 0.05 0.03
0 0.367 0.006 0.026 0.012
0 0.44 0.07 0.048 0.032
0 0.169 0.021 0.058 0.042
0 0.015 0.027 0.026 0.042
0 0.009 0.048 0.014 0.028
0 0.017 0.124 0.03 0.064
0 0.075 0.081 0.026 0.026
0 0.108 0.118 0.052 0.04
0 0.153 0.1 0.03 0.024
0 0.181 0.12 0.05 0.064
0 0.202 0.15 0.048 0.028
0 0.285 0.11 0.046 0.052
0 0.32 0.191 0.04 0.046
0 0.294 0.187 0.016 0.018
0 0.403 0.201 0.046 0.034
0 0.503 0.207 0.034 0.038
0 0.551 0.239 0.042 0.038
0 0.578 0.208 0.032 0.032
0 0.565 0.185 0.03 0.038
0 0.975 0.309 0.026 0.034
0 0.996 0.246 0.004 0.02
0 0.991 0.361 0.014 0.058
0 0.953 0.383 0.054 0.038
0 0.985 0.428 0.026 0.048
0 0.907 0.42 0.034 0.036
0 0.918 0.472 0.04 0.036
0 0.858 0.334 0.044 0.036
0 0.799 0.324 0.038 0.036
0 0.72 0.291 0.036 0.034
0 0.697 0.275 0.034 0.034
0 0.634 0.29 0.032 0.04
0 0.61 0.24 0.036 0.036
0 0.695 0.202 0.026 0.024
0 0.536 0.304 0.06 0.044
0 0.475 0.266 0.022 0.048
0 0.411 0.297 0.03 0.034
0 0.348 0.263 0.048 0.046
0 0.401 0.239 0.022 0.03
0 0.087 0.203 0.05 0.046
0 0.1 0.306 0.056 0.04
0 0.158 0.305 0.048 0.046
0 0.218 0.291 0.056 0.054
0 0.213 0.366 0.054 0.04
0 0.028 0.382 0.044 0.052
0 0.073 0.414 0.05 0.044
0 0.051 0.495 0.042 0.054
0 0.098 0.53 0.052 0.044
0 0.168 0.445 0.056 0.038
0 0.233 0.476 0.038 0.056
0 0.353 0.427 0.05 0.054
0 0.679 0.328 0.038 0.032
0 0.684 0.391 0.024 0.038
0 0.707 0.402 0.034 0.032
0 0.768 0.421 0.032 0.034
0 0.745 0.437 0.026 0.034
0 0.738 0.474 0.032 0.036
0 0.768 0.541 0.036 0.038
0 0.967 0.567 0.046 0.03
0 0.984 0.583 0.028 0.042
0 0.869 0.567 0.054 0.042
0 0.988 0.65 0.02 0.028
0 0.994 0.677 0.008 0.03
0 0.979 0.747 0.038 0.05
0 0.92 0.741 0.024 0.042
0 0.961 0.943 0.062 0.054
0 0.915 0.971 0.046 0.038
0 0.83 0.996 0.024 0.004
0 0.731 0.981 0.038 0.03
0 0.8 0.94 0.04 0.044
0 0.755 0.916 0.042 0.036
0 0.825 0.857 0.05 0.038
0 0.822 0.82 0.056 0.032
0 0.802 0.775 0.052 0.042
0 0.822 0.618 0.04 0.044
0 0.807 0.679 0.03 0.034
0 0.705 0.733 0.042 0.054
0 0.668 0.821 0.044 0.034
0 0.625 0.829 0.046 0.042
0 0.663 0.879 0.062 0.058
0 0.588 0.89 0.044 0.036
0 0.559 0.842 0.038 0.04
0 0.538 0.808 0.04 0.028
0 0.595 0.994 0.03 0.008
0 0.533 0.985 0.042 0.026
0 0.558 0.94 0.044 0.04
0 0.5 0.932 0.032 0.04
0 0.432 0.935 0.032 0.03
0 0.407 0.932 0.042 0.036
0 0.45 0.896 0.028 0.04
0 0.467 0.89 0.022 0.028
0 0.169 0.983 0.034 0.03
0 0.147 0.973 0.018 0.022
0 0.158 0.94 0.04 0.02
0 0.212 0.9 0.028 0.06
0 0.163 0.888 0.054 0.044
0 0.105 0.908 0.046 0.04
0 0.051 0.926 0.05 0.044
0 0.02 0.94 0.036 0.032
0 0.35 0.875 0.032 0.046
0 0.408 0.851 0.036 0.038
0 0.428 0.818 0.028 0.04
0 0.372 0.811 0.032 0.034
0 0.314 0.827 0.036 0.038
0 0.279 0.822 0.038 0.028
0 0.227 0.839 0.038 0.038
0 0.179 0.819 0.046 0.054
0 0.079 0.777 0.046 0.038
0 0.579 0.781 0.03 0.034
0 0.571 0.759 0.018 0.01
0 0.581 0.747 0.038 0.03
0 0.538 0.728 0.044 0.036
0 0.456 0.674 0.036 0.032
0 0.412 0.673 0.036 0.042
0 0.34 0.677 0.056 0.038
0 0.326 0.699 0.04 0.022
0 0.316 0.659 0.056 0.046
0 0.226 0.737 0.044 0.046
0 0.182 0.709 0.036 0.046
0 0.223 0.656 0.026 0.044
0 0.141 0.716 0.042 0.028
0 0.115 0.718 0.018 0.032
0 0.027 0.691 0.05 0.066
0 0.008 0.646 0.012 0.028
0 0.084 0.622 0.048 0.04
0 0.172 0.631 0.052 0.034
0 0.157 0.58 0.046 0.032
0 0.186 0.543 0.048 0.054
0 0.298 0.567 0.056 0.046
0 0.298 0.514 0.044 0.044
0 0.356 0.477 0.056 0.026
0 0.466 0.514 0.048 0.064
0 0.507 0.512 0.026 0.04
0 0.526 0.529 0.04 0.038
0 0.549 0.626 0.038 0.036
0 0.594 0.648 0.032 0.032
0 0.657 0.629 0.038 0.034
0 0.631 0.586 0.034 0.044
0 0.657 0.566 0.034 0.048
0 0.691 0.585 0.034 0.034
0 0.743 0.582 0.03 0.048
0 0.691 0.512 0.03 0.044
0 0.695 0.478 0.03 0.028
0 0.629 0.454 0.03 0.032
0 0.405 0.409 0.022 0.026
1 0.744 0.007 0.02 0.014
1 0.669 0.02 0.018 0.02
1 0.624 0.037 0.024 0.018
1 0.959 0.186 0.022 0.02
1 0.917 0.189 0.018 0.014
1 0.853 0.194 0.018 0.032
1 0.517 0.031 0.026 0.038
1 0.124 0.079 0.028 0.014
1 0.346 0.114 0.036 0.024
1 0.398 0.122 0.02 0.036
1 0.347 0.159 0.03 0.03
1 0.438 0.168 0.016 0.028
1 0.909 0.454 0.026 0.02
1 0.842 0.405 0.032 0.022
1 0.676 0.295 0.024 0.026
1 0.665 0.265 0.026 0.018
1 0.505 0.266 0.022 0.016
1 0.49 0.266 0.024 0.036
1 0.328 0.242 0.016 0.02
1 0.118 0.253 0.044 0.022
1 0.151 0.259 0.01 0.014
1 0.155 0.222 0.018 0.012
1 0.25 0.295 0.016 0.03
1 0.284 0.362 0.024 0.024
1 0.051 0.379 0.018 0.022
1 0.293 0.425 0.03 0.018
1 0.477 0.353 0.03 0.03
1 0.858 0.515 0.028 0.022
1 0.837 0.522 0.03 0.016
1 0.988 0.623 0.02 0.022
1 0.963 0.646 0.018 0.02
1 0.93 0.921 0.016 0.026
1 0.862 0.979 0.024 0.018
1 0.871 0.928 0.026 0.028
1 0.908 0.864 0.028 0.024
1 0.905 0.802 0.034 0.024
1 0.902 0.651 0.016 0.014
1 0.891 0.654 0.014 0.02
1 0.856 0.641 0.024 0.034
1 0.495 0.801 0.022 0.018
1 0.515 0.945 0.018 0.018
1 0.482 0.86 0.02 0.036
1 0.461 0.855 0.022 0.026
1 0.295 0.966 0.018 0.02
1 0.279 0.978 0.014 0.016
1 0.23 0.978 0.028 0.024
1 0.144 0.822 0.012 0.028
1 0.16 0.788 0.028 0.02
1 0.041 0.79 0.014 0.008
1 0.615 0.76 0.014 0.012
1 0.547 0.769 0.018 0.022
1 0.374 0.595 0.02 0.034
1 0.313 0.624 0.018 0.024
1 0.291 0.619 0.022 0.022
1 0.095 0.732 0.018 0.024
1 0.104 0.612 0.008 0.02
1 0.122 0.604 0.04 0.028
1 0.141 0.597 0.01 0.014
1 0.216 0.534 0.016 0.028
1 0.315 0.464 0.01 0.016
1 0.321 0.474 0.014 0.008
1 0.468 0.454 0.04 0.02
1 0.497 0.601 0.018 0.03
1 0.516 0.566 0.016 0.016
1 0.577 0.616 0.022 0.02
1 0.76 0.632 0.016 0.024
1 0.627 0.414 0.026 0.024
1 0.583 0.471 0.03 0.026
1 0.557 0.453 0.022 0.018
2 0.898 0.038 0.028 0.016
2 0.707 0.033 0.03 0.026
2 0.732 0.033 0.016 0.01
2 0.627 0.071 0.022 0.026
2 0.77 0.162 0.008 0.012
2 0.226 0.026 0.02 0.024
2 0.362 0.156 0.016 0.032
2 0.182 0.18 0.02 0.02
2 0.201 0.18 0.018 0.016
2 0.024 0.463 0.012 0.014
2 0.338 0.366 0.016 0.028
2 0.359 0.32 0.03 0.04
2 0.793 0.448 0.026 0.032
2 0.751 0.463 0.042 0.038
2 0.704 0.782 0.044 0.032
2 0.503 0.804 0.022 0.028
2 0.043 0.984 0.038 0.024
2 0.223 0.699 0.014 0.042
2 0.333 0.528 0.01 0.02
2 0.732 0.604 0.016 0.024
2 0.769 0.587 0.022 0.022
2 0.541 0.423 0.03 0.042
2 0.45 0.421 0.024 0.022
2 0.009 0.746 0.014 0.032
2 0.076 0.674 0.02 0.032
2 0.272 0.929 0.016 0.014
2 0.283 0.881 0.018 0.022
2 0.651 0.987 0.018 0.018
2 0.626 0.981 0.016 0.018
2 0.325 0.387 0.018 0.022
2 0.338 0.391 0.008 0.022
2 0.282 0.206 0.016 0.02
2 0.874 0.65 0.02 0.024
2 0.958 0.625 0.012 0.018
2 0.901 0.733 0.018 0.022
2 0.425 0.475 0.018 0.01