0 0.971 0.076 0.054 0.064
0 0.924 0.019 0.044 0.03
0 0.738 0.014 0.056 0.028
0 0.634 0.008 0.04 0.016
0 0.43 0.023 0.064 0.046
0 0.657 0.099 0.038 0.042
0 0.649 0.061 0.05 0.046
0 0.588 0.076 0.048 0.068
0 0.49 0.045 0.036 0.03
0 0.466 0.065 0.04 0.046
0 0.447 0.101 0.054 0.054
0 0.364 0.039 0.068 0.074
0 0.351 0.098 0.07 0.08
0 0.278 0.026 0.048 0.052
0 0.235 0.028 0.054 0.056
0 0.236 0.075 0.048 0.042
0 0.15 0.009 0.044 0.018
0 0.078 0.029 0.044 0.054
0 0.037 0.027 0.062 0.054
0 0.024 0.012 0.044 0.024
0 0.139 0.045 0.046 0.046
0 0.095 0.079 0.058 0.058
0 0.115 0.139 0.046 0.058
0 0.048 0.174 0.052 0.044
0 0.197 0.13 0.042 0.052
0 0.19 0.092 0.028 0.032
0 0.247 0.153 0.05 0.05
0 0.204 0.172 0.04 0.044
0 0.286 0.19 0.028 0.032
0 0.272 0.222 0.056 0.044
0 0.384 0.143 0.052 0.058
0 0.454 0.178 0.068 0.072
0 0.627 0.146 0.058 0.056
0 0.617 0.238 0.082 0.068
0 0.509 0.218 0.054 0.056
0 0.463 0.234 0.034 0.06
0 0.411 0.272 0.066 0.072
0 0.783 0.178 0.086 0.056
0 0.882 0.142 0.044 0.036
0 0.883 0.164 0.03 0.032
0 0.996 0.144 0.004 0.032
0 0.966 0.166 0.036 0.036
0 0.956 0.131 0.032 0.042
0 0.86 0.167 0.04 0.066
0 0.807 0.195 0.034 0.034
0 0.908 0.252 0.092 0.056
0 0.924 0.278 0.068 0.044
0 0.95 0.333 0.056 0.058
0 0.826 0.282 0.068 0.064
0 0.852 0.369 0.052 0.05
0 0.983 0.482 0.03 0.048
0 0.934 0.439 0.056 0.042
0 0.952 0.454 0.04 0.036
0 0.759 0.228 0.074 0.048
0 0.739 0.257 0.046 0.042
0 0.727 0.373 0.042 0.03
0 0.709 0.33 0.046 0.056
0 0.67 0.337 0.036 0.042
0 0.642 0.306 0.068 0.04
0 0.634 0.33 0.032 0.032
0 0.607 0.293 0.046 0.034
0 0.593 0.325 0.038 0.026
0 0.558 0.349 0.056 0.05
0 0.494 0.275 0.052 0.046
0 0.504 0.32 0.032 0.044
0 0.463 0.316 0.034 0.06
0 0.394 0.371 0.064 0.086
0 0.336 0.36 0.032 0.048
0 0.331 0.303 0.05 0.062
0 0.268 0.291 0.052 0.07
0 0.214 0.234 0.06 0.052
0 0.18 0.364 0.048 0.056
0 0.019 0.402 0.034 0.056
0 0.044 0.365 0.052 0.054
0 0.098 0.347 0.036 0.046
0 0.14 0.224 0.032 0.04
0 0.07 0.255 0.052 0.054
0 0.112 0.248 0.036 0.052
0 0.019 0.5 0.034 0.064
0 0.045 0.488 0.038 0.036
0 0.029 0.56 0.038 0.032
0 0.023 0.596 0.042 0.056
0 0.141 0.53 0.054 0.052
0 0.112 0.508 0.036 0.032
0 0.252 0.527 0.044 0.026
0 0.246 0.495 0.056 0.042
0 0.451 0.455 0.054 0.042
0 0.331 0.49 0.042 0.052
0 0.353 0.517 0.062 0.058
0 0.402 0.543 0.044 0.046
0 0.536 0.554 0.076 0.052
0 0.524 0.509 0.024 0.022
0 0.594 0.536 0.06 0.056
0 0.58 0.462 0.048 0.028
0 0.555 0.441 0.05 0.05
0 0.673 0.416 0.034 0.052
0 0.677 0.52 0.054 0.056
0 0.751 0.416 0.066 0.048
0 0.715 0.495 0.034 0.034
0 0.731 0.523 0.034 0.03
0 0.831 0.451 0.046 0.05
0 0.868 0.451 0.028 0.022
0 0.849 0.476 0.022 0.024
0 0.863 0.49 0.026 0.044
0 0.983 0.561 0.03 0.018
0 0.858 0.581 0.036 0.034
0 0.955 0.645 0.054 0.042
0 0.99 0.784 0.016 0.048
0 0.992 0.841 0.012 0.038
0 0.944 0.825 0.044 0.038
0 0.992 0.938 0.012 0.036
0 0.99 0.975 0.016 0.038
0 0.939 0.672 0.042 0.04
0 0.848 0.62 0.06 0.032
0 0.805 0.598 0.062 0.068
0 0.894 0.669 0.044 0.042
0 0.913 0.736 0.086 0.064
0 0.982 0.89 0.032 0.036
0 0.977 0.981 0.046 0.034
0 0.899 0.967 0.054 0.042
0 0.962 0.926 0.044 0.052
0 0.864 0.962 0.024 0.028
0 0.887 0.882 0.042 0.032
0 0.917 0.91 0.042 0.044
0 0.865 0.995 0.03 0.006
0 0.714 0.979 0.068 0.038
0 0.752 0.884 0.06 0.036
0 0.718 0.813 0.04 0.034
0 0.759 0.822 0.062 0.036
0 0.804 0.817 0.036 0.034
0 0.851 0.852 0.054 0.048
0 0.746 0.741 0.076 0.058
0 0.769 0.748 0.042 0.04
0 0.755 0.659 0.054 0.046
0 0.715 0.608 0.046 0.06
0 0.645 0.63 0.058 0.068
0 0.597 0.602 0.046 0.02
0 0.607 0.677 0.062 0.062
0 0.563 0.7 0.042 0.044
0 0.512 0.627 0.056 0.062
0 0.507 0.793 0.066 0.054
0 0.56 0.782 0.048 0.036
0 0.576 0.805 0.06 0.042
0 0.567 0.753 0.042 0.038
0 0.612 0.833 0.036 0.038
0 0.656 0.779 0.036 0.022
0 0.531 0.863 0.078 0.05
0 0.601 0.971 0.058 0.054
0 0.591 0.995 0.022 0.006
0 0.59 0.929 0.044 0.03
0 0.602 0.912 0.052 0.04
0 0.658 0.898 0.068 0.04
0 0.48 0.987 0.056 0.022
0 0.497 0.953 0.038 0.046
0 0.384 0.592 0.056 0.056
0 0.438 0.612 0.048 0.048
0 0.423 0.625 0.046 0.042
0 0.339 0.582 0.058 0.052
0 0.242 0.594 0.052 0.044
0 0.225 0.637 0.038 0.038
0 0.265 0.677 0.042 0.05
0 0.332 0.679 0.052 0.042
0 0.436 0.76 0.04 0.044
0 0.407 0.708 0.026 0.032
0 0.402 0.922 0.072 0.056
0 0.022 0.971 0.04 0.038
0 0.019 0.991 0.034 0.014
0 0.087 0.929 0.058 0.042
0 0.092 0.985 0.04 0.026
0 0.068 0.871 0.044 0.05
0 0.008 0.798 0.012 0.036
0 0.021 0.774 0.038 0.04
0 0.073 0.763 0.042 0.058
0 0.008 0.686 0.012 0.036
0 0.045 0.627 0.034 0.038
0 0.093 0.673 0.046 0.042
0 0.112 0.639 0.036 0.038
0 0.146 0.62 0.052 0.072
0 0.156 0.652 0.06 0.064
0 0.217 0.685 0.058 0.05
0 0.181 0.679 0.022 0.034
0 0.162 0.683 0.016 0.026
0 0.169 0.716 0.03 0.036
0 0.16 0.777 0.04 0.038
0 0.272 0.705 0.044 0.058
0 0.228 0.969 0.036 0.038
0 0.279 0.945 0.054 0.038
0 0.269 0.967 0.046 0.05
0 0.173 0.987 0.034 0.022
0 0.138 0.991 0.04 0.014
0 0.124 0.987 0.032 0.022
0 0.117 0.964 0.022 0.028
0 0.261 0.856 0.042 0.048
0 0.252 0.909 0.052 0.034
0 0.23 0.924 0.032 0.028
0 0.221 0.887 0.054 0.042
0 0.22 0.856 0.052 0.032
0 0.437 0.982 0.038 0.028
0 0.438 0.955 0.044 0.042
1 0.929 0.051 0.026 0.018
1 0.785 0.03 0.022 0.028
1 0.737 0.093 0.03 0.038
1 0.921 0.095 0.022 0.03
1 0.692 0.117 0.028 0.05
1 0.044 0.131 0.024 0.03
1 0.057 0.138 0.022 0.024
1 0.357 0.172 0.026 0.032
1 0.594 0.181 0.02 0.022
1 0.909 0.158 0.022 0.028
1 0.913 0.138 0.018 0.016
1 0.995 0.313 0.006 0.03
1 0.881 0.315 0.03 0.018
1 0.754 0.274 0.02 0.028
1 0.744 0.304 0.028 0.024
1 0.663 0.271 0.026 0.026
1 0.775 0.37 0.026 0.028
1 0.575 0.3 0.022 0.028
1 0.546 0.279 0.024 0.022
1 0.532 0.251 0.024 0.022
1 0.444 0.301 0.032 0.026
1 0.087 0.289 0.042 0.018
1 0.196 0.331 0.028 0.018
1 0.166 0.266 0.016 0.016
1 0.16 0.246 0.028 0.028
1 0.047 0.219 0.018 0.018
1 0.067 0.216 0.022 0.024
1 0.158 0.484 0.028 0.028
1 0.392 0.446 0.04 0.028
1 0.251 0.414 0.034 0.02
1 0.249 0.446 0.018 0.016
1 0.242 0.436 0.024 0.02
1 0.259 0.432 0.018 0.024
1 0.289 0.469 0.03 0.038
1 0.408 0.507 0.028 0.022
1 0.776 0.537 0.024 0.026
1 0.894 0.489 0.04 0.018
1 0.887 0.551 0.026 0.022
1 0.996 0.615 0.004 0.018
1 0.814 0.634 0.028 0.024
1 0.803 0.982 0.022 0.032
1 0.665 0.988 0.018 0.02
1 0.79 0.864 0.028 0.02
1 0.854 0.805 0.052 0.022
1 0.83 0.756 0.036 0.024
1 0.647 0.583 0.034 0.022
1 0.465 0.681 0.042 0.034
1 0.503 0.717 0.026 0.03
1 0.525 0.917 0.026 0.022
1 0.545 0.904 0.018 0.028
1 0.608 0.881 0.024 0.022
1 0.309 0.559 0.018 0.034
1 0.301 0.584 0.018 0.024
1 0.287 0.583 0.022 0.018
1 0.397 0.78 0.026 0.032
1 0.401 0.815 0.03 0.022
1 0.395 0.871 0.042 0.022
1 0.408 0.846 0.024 0.032
1 0.385 0.845 0.03 0.03
1 0.35 0.799 0.04 0.018
1 0.36 0.778 0.024 0.036
1 0.004 0.862 0.004 0.036
1 0.048 0.727 0.016 0.022
1 0.022 0.732 0.02 0.04
1 0.278 0.804 0.032 0.02
1 0.288 0.756 0.028 0.02
1 0.178 0.765 0.028 0.026
1 0.136 0.84 0.028 0.024
1 0.184 0.886 0.024 0.044
1 0.192 0.924 0.02 0.024
1 0.298 0.842 0.024 0.032
1 0.245 0.874 0.022 0.02
2 0.899 0.03 0.038 0.024
2 0.767 0.059 0.038 0.034
2 0.822 0.103 0.024 0.03
2 0.816 0.042 0.036 0.02
2 0.635 0.021 0.066 0.034
2 0.526 0.05 0.028 0.032
2 0.422 0.151 0.036 0.03
2 0.527 0.161 0.03 0.03
2 0.987 0.095 0.018 0.026
2 0.938 0.115 0.028 0.03
2 0.936 0.205 0.032 0.03
2 0.992 0.211 0.012 0.014
2 0.902 0.324 0.028 0.016
2 0.524 0.31 0.004 0.012
2 0.279 0.357 0.054 0.054
2 0.207 0.205 0.022 0.014
2 0.1 0.411 0.028 0.026
2 0.016 0.326 0.02 0.024
2 0.191 0.309 0.042 0.034
2 0.138 0.187 0.036 0.03
2 0.023 0.221 0.018 0.026
2 0.112 0.203 0.028 0.034
2 0.066 0.461 0.02 0.026
2 0.02 0.535 0.016 0.018
2 0.18 0.505 0.04 0.014
2 0.28 0.426 0.024 0.044
2 0.504 0.52 0.052 0.052
2 0.614 0.36 0.028 0.024
2 0.678 0.461 0.02 0.026
2 0.768 0.441 0.024 0.018
2 0.777 0.427 0.026 0.014
2 0.802 0.496 0.052 0.028
2 0.776 0.555 0.052 0.042
2 0.976 0.542 0.04 0.044
2 0.926 0.578 0.016 0.036
2 0.901 0.536 0.034 0.048
2 0.865 0.553 0.038 0.038
2 0.95 0.88 0.024 0.024
2 0.902 0.84 0.032 0.032
2 0.689 0.597 0.014 0.014
2 0.653 0.681 0.034 0.022
2 0.546 0.642 0.048 0.048
2 0.652 0.74 0.008 0.02
2 0.642 0.734 0.012 0.02
2 0.64 0.784 0.048 0.056
2 0.529 0.886 0.038 0.016
2 0.388 0.719 0.048 0.042
2 0.396 0.747 0.04 0.034
2 0.388 0.987 0.032 0.022
2 0.355 0.994 0.03 0.008
2 0.303 0.974 0.038 0.048
2 0.151 0.944 0.038 0.032
2 0.077 0.805 0.018 0.022
2 0.02 0.639 0.008 0.026
2 0.247 0.779 0.038 0.034
2 0.154 0.739 0.012 0.014
2 0.142 0.753 0.036 0.038
2 0.131 0.817 0.03 0.042
2 0.313 0.736 0.026 0.024
2 0.221 0.834 0.042 0.02
2 0.462 0.957 0.02 0.026