0 0.007 0.981 0.014 0.034
0 0.061 0.98 0.03 0.036
0 0.002 0.91 0.004 0.036
0 0.024 0.851 0.032 0.034
0 0.019 0.807 0.026 0.038
0 0.026 0.718 0.04 0.044
0 0.03 0.669 0.028 0.034
0 0.026 0.589 0.028 0.03
0 0.064 0.636 0.028 0.032
0 0.061 0.575 0.03 0.03
0 0.11 0.546 0.032 0.028
0 0.132 0.551 0.024 0.022
0 0.007 0.423 0.014 0.03
0 0.061 0.429 0.014 0.03
0 0.092 0.427 0.032 0.03
0 0.138 0.411 0.036 0.026
0 0.133 0.452 0.038 0.028
0 0.151 0.479 0.022 0.018
0 0.161 0.472 0.026 0.028
0 0.046 0.286 0.032 0.04
0 0.031 0.188 0.03 0.024
0 0.018 0.149 0.028 0.026
0 0.02 0.087 0.032 0.042
0 0.044 0.067 0.032 0.026
0 0.025 0.017 0.03 0.03
0 0.076 0.022 0.04 0.04
0 0.128 0.032 0.028 0.032
0 0.166 0.016 0.032 0.028
0 0.15 0.096 0.032 0.028
0 0.108 0.101 0.02 0.022
0 0.049 0.112 0.03 0.028
0 0.113 0.182 0.03 0.032
0 0.165 0.181 0.038 0.034
0 0.225 0.164 0.038 0.036
0 0.243 0.106 0.042 0.032
0 0.323 0.082 0.05 0.028
0 0.307 0.159 0.042 0.03
0 0.268 0.179 0.048 0.03
0 0.425 0.052 0.034 0.04
0 0.469 0.049 0.026 0.042
0 0.513 0.014 0.042 0.024
0 0.56 0.03 0.032 0.024
0 0.6 0.023 0.06 0.042
0 0.595 0.114 0.042 0.028
0 0.616 0.155 0.032 0.03
0 0.471 0.151 0.042 0.042
0 0.467 0.1 0.022 0.024
0 0.441 0.101 0.018 0.026
0 0.418 0.115 0.032 0.03
0 0.838 0.01 0.04 0.016
0 0.892 0.01 0.04 0.016
0 0.942 0.061 0.044 0.05
0 0.89 0.054 0.052 0.044
0 0.903 0.175 0.042 0.042
0 0.986 0.172 0.024 0.052
0 0.98 0.063 0.036 0.042
0 0.917 0.286 0.038 0.044
0 0.83 0.2 0.056 0.048
0 0.743 0.213 0.034 0.034
0 0.724 0.233 0.028 0.038
0 0.763 0.246 0.05 0.056
0 0.757 0.311 0.066 0.046
0 0.751 0.353 0.046 0.026
0 0.846 0.325 0.064 0.054
0 0.962 0.351 0.04 0.046
0 0.936 0.364 0.028 0.036
0 0.981 0.382 0.034 0.024
0 0.158 0.26 0.032 0.028
0 0.237 0.296 0.034 0.032
0 0.321 0.203 0.042 0.03
0 0.268 0.219 0.044 0.026
0 0.255 0.255 0.042 0.03
0 0.286 0.255 0.028 0.046
0 0.343 0.265 0.03 0.038
0 0.298 0.31 0.032 0.028
0 0.292 0.371 0.032 0.034
0 0.322 0.377 0.032 0.034
0 0.24 0.425 0.04 0.026
0 0.254 0.464 0.036 0.032
0 0.294 0.452 0.028 0.036
0 0.38 0.467 0.036 0.034
0 0.403 0.435 0.034 0.034
0 0.448 0.411 0.032 0.038
0 0.421 0.375 0.034 0.03
0 0.449 0.289 0.026 0.042
0 0.478 0.317 0.036 0.054
0 0.533 0.279 0.038 0.046
0 0.618 0.352 0.032 0.024
0 0.565 0.376 0.038 0.04
0 0.63 0.414 0.048 0.032
0 0.669 0.453 0.054 0.026
0 0.483 0.47 0.034 0.036
0 0.413 0.529 0.038 0.03
0 0.492 0.557 0.028 0.042
0 0.524 0.584 0.036 0.032
0 0.454 0.607 0.04 0.03
0 0.575 0.486 0.018 0.036
0 0.589 0.501 0.022 0.042
0 0.621 0.508 0.03 0.04
0 0.697 0.522 0.042 0.052
0 0.747 0.567 0.038 0.046
0 0.788 0.596 0.032 0.032
0 0.991 0.582 0.014 0.048
0 0.981 0.616 0.022 0.024
0 0.959 0.594 0.05 0.044
0 0.971 0.81 0.054 0.048
0 0.984 0.905 0.028 0.054
0 0.866 0.933 0.04 0.034
0 0.798 0.974 0.064 0.048
0 0.855 0.854 0.042 0.052
0 0.864 0.711 0.036 0.042
0 0.854 0.728 0.044 0.032
0 0.735 0.687 0.038 0.038
0 0.7 0.71 0.036 0.048
0 0.603 0.632 0.042 0.044
0 0.518 0.645 0.032 0.03
0 0.506 0.631 0.032 0.026
0 0.554 0.662 0.032 0.044
0 0.586 0.677 0.024 0.026
0 0.618 0.721 0.04 0.054
0 0.575 0.707 0.03 0.026
0 0.555 0.708 0.03 0.044
0 0.546 0.72 0.024 0.04
0 0.557 0.742 0.026 0.02
0 0.515 0.729 0.018 0.026
0 0.528 0.747 0.024 0.034
0 0.464 0.69 0.028 0.032
0 0.757 0.869 0.038 0.05
0 0.703 0.801 0.022 0.038
0 0.677 0.81 0.03 0.02
0 0.652 0.833 0.036 0.038
0 0.59 0.77 0.036 0.032
0 0.55 0.785 0.032 0.026
0 0.547 0.811 0.05 0.046
0 0.651 0.887 0.026 0.034
0 0.657 0.994 0.014 0.008
0 0.624 0.988 0.028 0.02
0 0.573 0.973 0.046 0.046
0 0.549 0.996 0.026 0.004
0 0.548 0.976 0.04 0.044
0 0.511 0.94 0.026 0.036
0 0.457 0.983 0.03 0.03
0 0.576 0.877 0.032 0.03
0 0.572 0.906 0.02 0.02
0 0.438 0.926 0.02 0.024
0 0.409 0.941 0.026 0.034
0 0.379 0.987 0.034 0.022
0 0.306 0.971 0.036 0.034
0 0.237 0.964 0.046 0.02
0 0.229 0.984 0.034 0.028
0 0.107 0.943 0.03 0.042
0 0.142 0.924 0.02 0.036
0 0.172 0.91 0.028 0.032
0 0.197 0.887 0.03 0.03
0 0.22 0.927 0.032 0.03
0 0.11 0.825 0.028 0.03
0 0.138 0.808 0.032 0.04
0 0.085 0.733 0.05 0.058
0 0.148 0.742 0.028 0.04
0 0.184 0.759 0.032 0.046
0 0.236 0.757 0.044 0.042
0 0.271 0.746 0.026 0.04
0 0.245 0.709 0.03 0.022
0 0.314 0.713 0.028 0.034
0 0.272 0.888 0.04 0.032
0 0.279 0.86 0.026 0.028
0 0.34 0.934 0.028 0.04
0 0.373 0.853 0.07 0.046
0 0.311 0.807 0.03 0.038
0 0.336 0.827 0.028 0.034
0 0.369 0.822 0.03 0.02
0 0.403 0.81 0.046 0.056
0 0.423 0.733 0.034 0.03
0 0.26 0.511 0.036 0.026
0 0.235 0.512 0.018 0.024
0 0.225 0.521 0.026 0.03
0 0.268 0.543 0.028 0.03
0 0.281 0.564 0.046 0.024
0 0.21 0.632 0.028 0.024
0 0.222 0.647 0.032 0.034
0 0.24 0.653 0.016 0.018
0 0.17 0.634 0.024 0.04
0 0.133 0.599 0.038 0.022
0 0.139 0.634 0.014 0.024
0 0.129 0.665 0.026 0.034
1 0.043 0.625 0.022 0.022
1 0.082 0.543 0.02 0.026
1 0.16 0.518 0.028 0.024
1 0.052 0.411 0.02 0.026
1 0.072 0.408 0.008 0.02
1 0.101 0.353 0.026 0.014
1 0.057 0.315 0.018 0.014
1 0.08 0.274 0.028 0.02
1 0.205 0.036 0.01 0.016
1 0.192 0.147 0.012 0.03
1 0.317 0.034 0.03 0.02
1 0.508 0.05 0.02 0.024
1 0.62 0.009 0.02 0.014
1 0.615 0.064 0.022 0.024
1 0.534 0.197 0.016 0.026
1 0.412 0.104 0.036 0.02
1 0.971 0.041 0.022 0.034
1 0.88 0.098 0.024 0.02
1 0.931 0.145 0.034 0.03
1 0.995 0.113 0.006 0.018
1 0.93 0.226 0.04 0.02
1 0.965 0.26 0.014 0.012
1 0.747 0.113 0.018 0.018
1 0.711 0.171 0.014 0.014
1 0.687 0.291 0.018 0.014
1 0.703 0.316 0.01 0.008
1 0.958 0.322 0.02 0.016
1 0.966 0.419 0.032 0.014
1 0.185 0.249 0.014 0.01
1 0.326 0.228 0.032 0.024
1 0.355 0.303 0.026 0.018
1 0.253 0.336 0.03 0.016
1 0.281 0.448 0.01 0.012
1 0.344 0.463 0.024 0.022
1 0.476 0.385 0.02 0.026
1 0.368 0.193 0.012 0.01
1 0.438 0.28 0.032 0.024
1 0.511 0.325 0.018 0.018
1 0.498 0.25 0.024 0.016
1 0.567 0.247 0.026 0.022
1 0.585 0.391 0.022 0.018
1 0.922 0.609 0.02 0.022
1 0.988 0.674 0.02 0.036
1 0.899 0.95 0.018 0.024
1 0.901 0.875 0.018 0.022
1 0.886 0.856 0.02 0.02
1 0.79 0.758 0.032 0.02
1 0.751 0.751 0.022 0.026
1 0.695 0.641 0.018 0.026
1 0.636 0.641 0.032 0.014
1 0.466 0.65 0.02 0.02
1 0.633 0.805 0.01 0.01
1 0.632 0.816 0.012 0.008
1 0.62 0.808 0.008 0.012
1 0.626 0.778 0.02 0.024
1 0.706 0.947 0.028 0.018
1 0.618 0.965 0.024 0.014
1 0.616 0.894 0.024 0.024
1 0.402 0.995 0.02 0.006
1 0.127 0.951 0.014 0.022
1 0.091 0.98 0.018 0.012
1 0.096 0.905 0.024 0.026
1 0.332 0.646 0.044 0.02
1 0.246 0.847 0.012 0.014
1 0.305 0.928 0.022 0.024
1 0.407 0.712 0.03 0.012
1 0.299 0.497 0.03 0.022
1 0.302 0.522 0.012 0.02
1 0.197 0.589 0.022 0.022
2 0.084 0.402 0.012 0.028
2 0.044 0.363 0.024 0.014
2 0.008 0.071 0.016 0.034
2 0.841 0.05 0.042 0.02
2 0.841 0.065 0.014 0.014
2 0.899 0.148 0.046 0.028
2 0.753 0.015 0.038 0.026
2 0.643 0.109 0.038 0.022
2 0.73 0.277 0.008 0.006
2 0.91 0.366 0.024 0.02
2 0.197 0.25 0.014 0.012
2 0.384 0.213 0.02 0.014
2 0.517 0.344 0.022 0.028
2 0.453 0.532 0.022 0.024
2 0.515 0.556 0.022 0.024
2 0.629 0.538 0.018 0.02
2 0.873 0.598 0.026 0.024
2 0.768 0.731 0.028 0.046
2 0.704 0.679 0.016 0.014
2 0.478 0.624 0.012 0.012
2 0.811 0.424 0.03 0.036
2 0.687 0.822 0.022 0.016
2 0.539 0.862 0.006 0.008
2 0.212 0.757 0.016 0.026
2 0.373 0.925 0.026 0.022
2 0.015 0.939 0.03 0.026
2 0.062 0.9 0.024 0.016
2 0.317 0.774 0.018 0.02
2 0.4 0.6 0.02 0.028
2 0.904 0.737 0.024 0.018
2 0.874 0.787 0.012 0.014
2 0.695 0.919 0.018 0.022
2 0.492 0.938 0.016 0.02
2 0.406 0.063 0.008 0.014
2 0.324 0.126 0.016 0.012
2 0.533 0.455 0.026 0.018
2 0.198 0.478 0.012 0.016
2 0.492 0.706 0.012 0.012
2 0.484 0.019 0.016 0.01
2 0.537 0.027 0.01 0.01
2 0.589 0.335 0.01 0.018
2 0.546 0.308 0.012 0.02