0 0.991 0.015 0.014 0.03
0 0.927 0.018 0.038 0.036
0 0.881 0.026 0.042 0.052
0 0.853 0.012 0.034 0.024
0 0.817 0.006 0.022 0.012
0 0.673 0.067 0.054 0.046
0 0.634 0.048 0.056 0.048
0 0.618 0.014 0.036 0.024
0 0.556 0.037 0.064 0.066
0 0.499 0.031 0.026 0.022
0 0.324 0.024 0.08 0.048
0 0.259 0.006 0.022 0.012
0 0.179 0.008 0.038 0.016
0 0.069 0.028 0.106 0.056
0 0.078 0.123 0.04 0.05
0 0.114 0.155 0.056 0.058
0 0.174 0.09 0.072 0.048
0 0.197 0.049 0.05 0.038
0 0.151 0.177 0.034 0.038
0 0.304 0.065 0.052 0.038
0 0.353 0.073 0.054 0.05
0 0.33 0.146 0.052 0.04
0 0.394 0.092 0.04 0.06
0 0.434 0.101 0.052 0.046
0 0.434 0.162 0.076 0.048
0 0.443 0.186 0.07 0.052
0 0.653 0.15 0.046 0.056
0 0.695 0.127 0.05 0.066
0 0.758 0.161 0.02 0.026
0 0.765 0.12 0.026 0.052
0 0.858 0.094 0.032 0.044
0 0.901 0.085 0.042 0.046
0 0.879 0.125 0.026 0.046
0 0.985 0.071 0.026 0.05
0 0.972 0.119 0.048 0.066
0 0.971 0.204 0.042 0.068
0 0.912 0.221 0.024 0.05
0 0.888 0.211 0.028 0.05
0 0.93 0.281 0.04 0.034
0 0.815 0.278 0.066 0.044
0 0.641 0.191 0.054 0.034
0 0.58 0.221 0.064 0.074
0 0.718 0.331 0.08 0.062
0 0.649 0.267 0.034 0.038
0 0.616 0.262 0.048 0.052
0 0.598 0.292 0.048 0.044
0 0.488 0.258 0.06 0.044
0 0.418 0.24 0.08 0.056
0 0.337 0.235 0.07 0.078
0 0.26 0.222 0.052 0.04
0 0.202 0.226 0.052 0.036
0 0.154 0.214 0.076 0.044
0 0.107 0.275 0.062 0.042
0 0.034 0.263 0.064 0.05
0 0.153 0.332 0.054 0.044
0 0.008 0.387 0.012 0.038
0 0.04 0.397 0.02 0.034
0 0.085 0.348 0.086 0.08
0 0.25 0.309 0.112 0.062
0 0.266 0.29 0.06 0.036
0 0.364 0.299 0.056 0.038
0 0.221 0.378 0.066 0.04
0 0.2 0.395 0.044 0.026
0 0.194 0.434 0.044 0.036
0 0.282 0.406 0.076 0.04
0 0.351 0.382 0.054 0.032
0 0.398 0.356 0.048 0.056
0 0.44 0.324 0.036 0.032
0 0.497 0.339 0.046 0.054
0 0.542 0.359 0.076 0.042
0 0.581 0.373 0.018 0.034
0 0.501 0.435 0.03 0.026
0 0.536 0.405 0.06 0.042
0 0.687 0.445 0.05 0.042
0 0.976 0.393 0.024 0.03
0 0.925 0.446 0.078 0.052
0 0.922 0.513 0.072 0.078
0 0.982 0.488 0.032 0.036
0 0.906 0.478 0.032 0.032
0 0.783 0.485 0.066 0.082
0 0.719 0.536 0.09 0.096
0 0.97 0.603 0.056 0.05
0 0.908 0.637 0.052 0.034
0 0.803 0.543 0.038 0.038
0 0.03 0.498 0.044 0.052
0 0.072 0.492 0.04 0.044
0 0.005 0.506 0.006 0.016
0 0.19 0.515 0.084 0.074
0 0.103 0.607 0.058 0.07
0 0.171 0.582 0.074 0.056
0 0.232 0.569 0.056 0.058
0 0.322 0.456 0.064 0.048
0 0.352 0.462 0.084 0.08
0 0.339 0.523 0.058 0.05
0 0.034 0.78 0.06 0.064
0 0.162 0.704 0.032 0.048
0 0.505 0.481 0.082 0.058
0 0.425 0.492 0.046 0.04
0 0.406 0.624 0.056 0.048
0 0.365 0.618 0.022 0.028
0 0.287 0.632 0.05 0.044
0 0.23 0.671 0.024 0.03
0 0.976 0.981 0.048 0.034
0 0.975 0.921 0.046 0.066
0 0.918 0.901 0.056 0.054
0 0.887 0.905 0.022 0.046
0 0.868 0.989 0.04 0.018
0 0.846 0.931 0.044 0.082
0 0.78 0.977 0.068 0.042
0 0.732 0.975 0.024 0.038
0 0.777 0.889 0.062 0.058
0 0.675 0.908 0.046 0.052
0 0.667 0.973 0.038 0.042
0 0.641 0.973 0.046 0.05
0 0.606 0.991 0.02 0.014
0 0.532 0.962 0.064 0.044
0 0.348 0.982 0.076 0.032
0 0.283 0.991 0.026 0.014
0 0.206 0.98 0.06 0.036
0 0.025 0.99 0.046 0.016
0 0.117 0.952 0.042 0.044
0 0.04 0.939 0.04 0.042
0 0.029 0.966 0.042 0.04
0 0.098 0.889 0.06 0.07
0 0.174 0.922 0.036 0.072
0 0.318 0.935 0.06 0.054
0 0.263 0.894 0.05 0.048
0 0.219 0.88 0.042 0.064
0 0.18 0.849 0.052 0.046
0 0.162 0.825 0.052 0.03
0 0.31 0.826 0.056 0.036
0 0.336 0.77 0.068 0.04
0 0.341 0.86 0.066 0.044
0 0.426 0.872 0.056 0.052
0 0.421 0.808 0.078 0.048
0 0.483 0.84 0.05 0.044
0 0.531 0.869 0.034 0.038
0 0.609 0.892 0.082 0.068
0 0.609 0.832 0.05 0.056
0 0.956 0.779 0.02 0.03
0 0.648 0.806 0.036 0.044
0 0.525 0.812 0.062 0.04
0 0.507 0.768 0.054 0.076
0 0.469 0.766 0.038 0.052
0 0.427 0.686 0.054 0.044
0 0.542 0.714 0.06 0.068
0 0.57 0.711 0.032 0.05
0 0.588 0.73 0.048 0.06
0 0.682 0.675 0.064 0.058
0 0.959 0.69 0.042 0.048
0 0.786 0.771 0.092 0.086
0 0.766 0.715 0.048 0.034
0 0.665 0.71 0.058 0.06
0 0.556 0.609 0.064 0.034
0 0.398 0.555 0.028 0.03
0 0.589 0.554 0.062 0.052
0 0.608 0.492 0.036 0.036
0 0.639 0.445 0.026 0.026
0 0.732 0.6 0.08 0.048
0 0.92 0.721 0.056 0.054
1 0.203 0.105 0.014 0.03
1 0.164 0.036 0.02 0.016
1 0.364 0.187 0.032 0.022
1 0.94 0.315 0.048 0.022
1 0.668 0.294 0.032 0.028
1 0.525 0.272 0.03 0.032
1 0.038 0.218 0.028 0.028
1 0.077 0.194 0.046 0.028
1 0.863 0.353 0.03 0.026
1 0.691 0.472 0.038 0.024
1 0.864 0.576 0.04 0.04
1 0.259 0.592 0.018 0.024
1 0.243 0.587 0.026 0.026
1 0.359 0.533 0.018 0.03
1 0.15 0.764 0.02 0.024
1 0.321 0.729 0.018 0.022
1 0.244 0.727 0.032 0.03
1 0.706 0.858 0.048 0.028
1 0.677 0.617 0.026 0.018
1 0.886 0.73 0.04 0.04
1 0.811 0.674 0.026 0.024
1 0.581 0.514 0.022 0.024
1 0.601 0.519 0.026 0.018
2 0.825 0.037 0.026 0.034
2 0.034 0.074 0.012 0.016
2 0.059 0.073 0.03 0.03
2 0.323 0.104 0.038 0.044
2 0.483 0.131 0.03 0.034
2 0.61 0.147 0.036 0.034
2 0.814 0.139 0.032 0.042
2 0.809 0.101 0.026 0.03
2 0.85 0.168 0.036 0.032
2 0.723 0.183 0.022 0.034
2 0.679 0.238 0.01 0.008
2 0.682 0.309 0.032 0.034
2 0.079 0.233 0.034 0.042
2 0.04 0.194 0.02 0.02
2 0.112 0.406 0.024 0.024
2 0.078 0.414 0.04 0.04
2 0.444 0.368 0.044 0.04
2 0.76 0.345 0.044 0.026
2 0.782 0.393 0.044 0.038
2 0.947 0.344 0.026 0.04
2 0.991 0.379 0.014 0.054
2 0.042 0.442 0.032 0.04
2 0.022 0.557 0.04 0.05
2 0.119 0.527 0.054 0.042
2 0.065 0.636 0.034 0.036
2 0.298 0.544 0.024 0.028
2 0.247 0.524 0.058 0.036
2 0.066 0.791 0.024 0.03
2 0.137 0.682 0.046 0.036
2 0.011 0.863 0.018 0.05
2 0.965 0.873 0.05 0.042
2 0.918 0.968 0.02 0.052
2 0.109 0.983 0.038 0.026
2 0.117 0.738 0.042 0.028
2 0.137 0.78 0.034 0.036
2 0.251 0.843 0.026 0.03
2 0.302 0.786 0.02 0.016
2 0.451 0.918 0.054 0.044
2 0.557 0.877 0.066 0.034
2 0.875 0.858 0.022 0.024
2 0.876 0.825 0.028 0.014
2 0.768 0.684 0.02 0.028
2 0.546 0.635 0.056 0.03
2 0.449 0.628 0.046 0.024
2 0.392 0.521 0.032 0.026
2 0.386 0.49 0.016 0.028
2 0.549 0.554 0.014 0.016
2 0.57 0.458 0.052 0.036