0 0.336 0.635 0.048 0.078
0 0.37 0.454 0.052 0.076
0 0.339 0.48 0.026 0.048
0 0.283 0.474 0.038 0.06
0 0.244 0.508 0.04 0.068
0 0.189 0.533 0.046 0.05
0 0.172 0.552 0.048 0.06
0 0.186 0.604 0.044 0.036
0 0.127 0.58 0.05 0.056
0 0.223 0.69 0.058 0.052
0 0.226 0.735 0.032 0.038
0 0.212 0.763 0.04 0.038
0 0.265 0.776 0.042 0.076
0 0.303 0.733 0.05 0.042
0 0.359 0.803 0.034 0.046
0 0.373 0.775 0.038 0.058
0 0.392 0.736 0.048 0.052
0 0.448 0.721 0.044 0.038
0 0.052 0.963 0.04 0.046
0 0.076 0.913 0.048 0.07
0 0.027 0.899 0.034 0.05
0 0.118 0.894 0.036 0.048
0 0.101 0.864 0.046 0.036
0 0.177 0.961 0.046 0.03
0 0.234 0.939 0.044 0.054
0 0.229 0.892 0.034 0.04
0 0.259 0.843 0.05 0.038
0 0.325 0.952 0.038 0.052
0 0.344 0.929 0.04 0.038
0 0.09 0.78 0.044 0.064
0 0.111 0.744 0.042 0.06
0 0.129 0.791 0.03 0.034
0 0.021 0.835 0.042 0.046
0 0.036 0.768 0.04 0.06
0 0.088 0.68 0.048 0.06
0 0.038 0.554 0.036 0.052
0 0.129 0.517 0.042 0.054
0 0.108 0.47 0.04 0.064
0 0.166 0.473 0.048 0.066
0 0.204 0.473 0.036 0.042
0 0.318 0.398 0.048 0.072
0 0.378 0.384 0.056 0.052
0 0.489 0.404 0.046 0.068
0 0.44 0.415 0.032 0.026
0 0.43 0.326 0.052 0.056
0 0.492 0.33 0.048 0.06
0 0.54 0.331 0.04 0.066
0 0.604 0.35 0.048 0.04
0 0.606 0.321 0.056 0.058
0 0.441 0.378 0.046 0.056
0 0.552 0.431 0.04 0.058
0 0.602 0.467 0.064 0.062
0 0.546 0.515 0.044 0.078
0 0.657 0.489 0.058 0.058
0 0.639 0.421 0.046 0.046
0 0.717 0.484 0.038 0.056
0 0.854 0.548 0.048 0.048
0 0.841 0.507 0.042 0.042
0 0.908 0.45 0.036 0.072
0 0.081 0.306 0.042 0.064
0 0.167 0.361 0.042 0.046
0 0.18 0.231 0.052 0.054
0 0.22 0.243 0.032 0.054
0 0.277 0.259 0.05 0.102
0 0.372 0.232 0.064 0.064
0 0.444 0.179 0.056 0.07
0 0.358 0.164 0.04 0.076
0 0.391 0.138 0.054 0.064
0 0.428 0.119 0.048 0.058
0 0.428 0.043 0.06 0.082
0 0.587 0.036 0.05 0.068
0 0.624 0.074 0.04 0.052
0 0.629 0.124 0.058 0.06
0 0.699 0.152 0.058 0.064
0 0.684 0.092 0.044 0.052
0 0.728 0.06 0.04 0.068
0 0.766 0.06 0.044 0.048
0 0.307 0.319 0.038 0.042
0 0.307 0.226 0.03 0.04
0 0.068 0.108 0.052 0.056
0 0.134 0.133 0.044 0.066
0 0.21 0.113 0.04 0.062
0 0.284 0.037 0.032 0.05
0 0.242 0.048 0.04 0.04
0 0.049 0.029 0.05 0.054
0 0.104 0.031 0.052 0.058
0 0.577 0.214 0.05 0.052
0 0.648 0.244 0.044 0.06
0 0.704 0.214 0.048 0.044
0 0.794 0.229 0.056 0.07
0 0.775 0.288 0.038 0.06
0 0.84 0.299 0.048 0.05
0 0.91 0.234 0.06 0.092
0 0.96 0.245 0.036 0.054
0 0.974 0.176 0.036 0.064
0 0.961 0.1 0.05 0.08
0 0.979 0.068 0.038 0.072
0 0.457 0.515 0.05 0.058
0 0.482 0.508 0.04 0.064
0 0.521 0.464 0.038 0.056
0 0.798 0.437 0.036 0.046
0 0.748 0.435 0.04 0.058
0 0.706 0.679 0.04 0.054
0 0.667 0.666 0.034 0.048
0 0.626 0.633 0.04 0.062
0 0.669 0.617 0.05 0.054
0 0.587 0.677 0.038 0.058
0 0.497 0.675 0.034 0.05
0 0.416 0.912 0.048 0.044
0 0.479 0.889 0.034 0.05
0 0.51 0.897 0.036 0.046
0 0.507 0.783 0.026 0.046
0 0.558 0.812 0.048 0.052
0 0.36 0.7 0.04 0.048
0 0.772 0.415 0.036 0.058
0 0.406 0.851 0.032 0.054
0 0.9 0.719 0.036 0.05
0 0.937 0.671 0.038 0.062
0 0.97 0.692 0.04 0.052
0 0.973 0.819 0.042 0.046
0 0.903 0.853 0.026 0.05
0 0.88 0.86 0.032 0.052
0 0.949 0.853 0.034 0.042
0 0.739 0.736 0.046 0.068
0 0.761 0.684 0.038 0.036
0 0.794 0.672 0.044 0.052
0 0.935 0.595 0.038 0.07
0 0.957 0.62 0.03 0.06
0 0.747 0.828 0.038 0.052
0 0.768 0.789 0.032 0.054
0 0.796 0.842 0.04 0.044
0 0.87 0.793 0.044 0.038
0 0.808 0.795 0.036 0.05
0 0.376 0.839 0.024 0.03
0 0.507 0.947 0.038 0.042
0 0.563 0.947 0.034 0.034
0 0.606 0.901 0.036 0.042
0 0.646 0.866 0.036 0.06
0 0.697 0.881 0.042 0.038
0 0.77 0.904 0.036 0.044
0 0.788 0.944 0.028 0.036
0 0.79 0.979 0.028 0.034
0 0.821 0.974 0.034 0.048
0 0.853 0.956 0.034 0.056
0 0.91 0.938 0.044 0.044
0 0.939 0.911 0.034 0.05
0 0.977 0.898 0.034 0.048
0 0.698 0.808 0.028 0.044
0 0.864 0.74 0.028 0.032
0 0.936 0.793 0.024 0.022
0 0.434 0.882 0.048 0.052
0 0.637 0.932 0.038 0.04
0 0.337 0.898 0.038 0.028
0 0.388 0.829 0.024 0.034
0 0.622 0.673 0.028 0.034
0 0.223 0.523 0.034 0.05
0 0.299 0.981 0.034 0.034
0 0.254 0.982 0.044 0.032
1 0.317 0.497 0.018 0.026
1 0.172 0.64 0.032 0.024
1 0.019 0.954 0.022 0.036
1 0.156 0.9 0.024 0.02
1 0.212 0.884 0.016 0.02
1 0.251 0.872 0.022 0.016
1 0.295 0.939 0.022 0.03
1 0.191 0.817 0.014 0.038
1 0.01 0.859 0.02 0.018
1 0.041 0.809 0.034 0.018
1 0.315 0.464 0.018 0.032
1 0.443 0.439 0.026 0.022
1 0.387 0.331 0.034 0.022
1 0.584 0.423 0.02 0.026
1 0.581 0.529 0.022 0.038
1 0.652 0.454 0.028 0.012
1 0.858 0.473 0.016 0.018
1 0.855 0.454 0.022 0.024
1 0.952 0.398 0.02 0.02
1 0.123 0.201 0.034 0.042
1 0.08 0.209 0.036 0.026
1 0.483 0.019 0.03 0.034
1 0.569 0.077 0.026 0.034
1 0.321 0.299 0.022 0.022
1 0.189 0.197 0.034 0.034
1 0.453 0.228 0.046 0.02
1 0.202 0.15 0.012 0.028
1 0.263 0.111 0.026 0.03
1 0.287 0.112 0.034 0.016
1 0.358 0.02 0.024 0.032
1 0.731 0.271 0.014 0.03
1 0.879 0.213 0.022 0.034
1 0.943 0.162 0.018 0.024
1 0.889 0.141 0.03 0.026
1 0.533 0.185 0.022 0.018
1 0.552 0.265 0.024 0.022
1 0.467 0.545 0.022 0.022
1 0.492 0.454 0.02 0.024
1 0.684 0.331 0.032 0.046
1 0.559 0.691 0.03 0.026
1 0.854 0.381 0.028 0.026
1 0.52 0.867 0.032 0.018
1 0.521 0.837 0.018 0.026
1 0.473 0.835 0.026 0.03
1 0.434 0.811 0.02 0.034
1 0.434 0.546 0.024 0.02
1 0.936 0.826 0.024 0.028
1 0.824 0.802 0.016 0.016
1 0.716 0.815 0.008 0.01
1 0.627 0.791 0.018 0.026
1 0.647 0.761 0.018 0.038
1 0.654 0.972 0.028 0.02
1 0.726 0.984 0.044 0.028
2 0.156 0.85 0.028 0.024
2 0.752 0.526 0.036 0.056
2 0.252 0.393 0.028 0.026
2 0.107 0.397 0.03 0.034
2 0.344 0.077 0.028 0.022
2 0.765 0.147 0.034 0.054
2 0.572 0.256 0.024 0.02
2 0.216 0.633 0.024 0.03
2 0.37 0.618 0.04 0.048
2 0.46 0.621 0.028 0.046
2 0.519 0.643 0.058 0.038
2 0.742 0.359 0.02 0.026
2 0.442 0.762 0.016 0.02
2 0.467 0.806 0.022 0.032
2 0.042 0.616 0.028 0.024
2 0.028 0.64 0.024 0.024
2 0.886 0.663 0.036 0.058
2 0.794 0.614 0.032 0.044
2 0.873 0.61 0.026 0.024
2 0.673 0.749 0.022 0.022
2 0.779 0.871 0.026 0.03
2 0.718 0.924 0.02 0.036
2 0.703 0.95 0.022 0.028
2 0.38 0.864 0.02 0.024
2 0.97 0.462 0.024 0.044
2 0.946 0.463 0.008 0.018