0 0.13 0.239 0.036 0.042
0 0.072 0.285 0.048 0.046
0 0.031 0.28 0.03 0.032
0 0.043 0.297 0.034 0.022
0 0.017 0.406 0.034 0.028
0 0.098 0.496 0.024 0.032
0 0.082 0.472 0.024 0.04
0 0.148 0.304 0.048 0.036
0 0.024 0.534 0.04 0.04
0 0.1 0.532 0.032 0.032
0 0.059 0.193 0.038 0.042
0 0.034 0.203 0.04 0.038
0 0.013 0.212 0.026 0.048
0 0.046 0.107 0.04 0.038
0 0.053 0.074 0.038 0.036
0 0.131 0.082 0.038 0.044
0 0.043 0.034 0.026 0.036
0 0.01 0.018 0.02 0.032
0 0.127 0.027 0.05 0.05
0 0.166 0.015 0.044 0.026
0 0.221 0.02 0.03 0.036
0 0.213 0.038 0.03 0.044
0 0.16 0.115 0.036 0.03
0 0.176 0.173 0.036 0.054
0 0.181 0.247 0.046 0.046
0 0.263 0.236 0.046 0.052
0 0.307 0.23 0.042 0.052
0 0.284 0.231 0.024 0.042
0 0.333 0.262 0.038 0.048
0 0.223 0.327 0.038 0.034
0 0.273 0.323 0.062 0.05
0 0.237 0.339 0.034 0.03
0 0.307 0.326 0.022 0.036
0 0.293 0.366 0.034 0.024
0 0.258 0.295 0.028 0.026
0 0.315 0.389 0.038 0.054
0 0.276 0.402 0.028 0.032
0 0.262 0.396 0.028 0.036
0 0.354 0.423 0.04 0.05
0 0.064 0.613 0.032 0.046
0 0.223 0.258 0.03 0.028
0 0.223 0.883 0.038 0.042
0 0.32 0.76 0.036 0.024
0 0.363 0.948 0.026 0.028
0 0.399 0.91 0.034 0.028
0 0.519 0.879 0.042 0.038
0 0.63 0.69 0.044 0.044
0 0.595 0.55 0.042 0.044
0 0.617 0.514 0.038 0.052
0 0.654 0.488 0.044 0.044
0 0.544 0.551 0.048 0.046
0 0.45 0.47 0.048 0.048
0 0.515 0.434 0.042 0.048
0 0.499 0.405 0.034 0.042
0 0.461 0.35 0.042 0.036
0 0.497 0.338 0.046 0.044
0 0.566 0.375 0.044 0.05
0 0.586 0.446 0.048 0.056
0 0.561 0.409 0.038 0.046
0 0.538 0.494 0.032 0.032
0 0.533 0.514 0.034 0.032
0 0.679 0.567 0.058 0.058
0 0.718 0.556 0.028 0.032
0 0.716 0.579 0.032 0.022
0 0.64 0.589 0.056 0.058
0 0.668 0.528 0.04 0.032
0 0.685 0.439 0.042 0.066
0 0.651 0.326 0.058 0.056
0 0.68 0.305 0.052 0.046
0 0.939 0.715 0.038 0.042
0 0.863 0.708 0.05 0.04
0 0.836 0.631 0.044 0.038
0 0.855 0.617 0.054 0.042
0 0.85 0.657 0.036 0.038
0 0.802 0.585 0.04 0.038
0 0.791 0.642 0.046 0.048
0 0.867 0.594 0.03 0.028
0 0.875 0.584 0.022 0.028
0 0.779 0.532 0.034 0.044
0 0.805 0.518 0.038 0.044
0 0.873 0.534 0.042 0.06
0 0.849 0.541 0.026 0.042
0 0.455 0.207 0.046 0.054
0 0.553 0.307 0.038 0.046
0 0.566 0.337 0.044 0.046
0 0.59 0.329 0.024 0.034
0 0.505 0.214 0.034 0.036
0 0.335 0.171 0.038 0.054
0 0.423 0.181 0.034 0.046
0 0.638 0.354 0.036 0.04
0 0.547 0.426 0.034 0.048
0 0.824 0.463 0.028 0.042
0 0.769 0.444 0.042 0.052
0 0.359 0.066 0.054 0.052
0 0.328 0.069 0.036 0.042
0 0.308 0.088 0.028 0.032
0 0.296 0.105 0.04 0.05
0 0.125 0.373 0.022 0.026
0 0.137 0.368 0.034 0.04
0 0.447 0.258 0.026 0.028
0 0.445 0.107 0.038 0.042
0 0.572 0.164 0.052 0.044
0 0.514 0.173 0.04 0.046
0 0.529 0.152 0.034 0.024
0 0.687 0.235 0.046 0.038
0 0.665 0.243 0.046 0.038
0 0.718 0.278 0.044 0.04
0 0.419 0.049 0.038 0.038
0 0.398 0.019 0.044 0.034
0 0.503 0.048 0.038 0.036
0 0.744 0.165 0.064 0.046
0 0.803 0.17 0.034 0.044
0 0.791 0.225 0.054 0.058
0 0.829 0.234 0.042 0.048
0 0.843 0.248 0.026 0.036
0 0.806 0.02 0.024 0.024
0 0.854 0.05 0.028 0.032
0 0.881 0.109 0.038 0.054
0 0.939 0.173 0.034 0.062
0 0.852 0.152 0.036 0.076
0 0.776 0.123 0.036 0.026
0 0.901 0.02 0.038 0.036
0 0.933 0.039 0.038 0.05
0 0.945 0.012 0.038 0.02
0 0.729 0.325 0.038 0.05
0 0.848 0.312 0.052 0.052
0 0.825 0.32 0.034 0.048
0 0.928 0.217 0.04 0.054
0 0.965 0.301 0.034 0.054
0 0.859 0.399 0.05 0.038
0 0.821 0.432 0.03 0.024
0 0.902 0.437 0.036 0.046
0 0.879 0.418 0.034 0.044
0 0.863 0.376 0.042 0.028
0 0.957 0.55 0.03 0.04
0 0.912 0.597 0.04 0.046
0 0.987 0.661 0.022 0.05
0 0.875 0.464 0.038 0.048
0 0.805 0.048 0.026 0.024
0 0.793 0.064 0.034 0.032
0 0.896 0.158 0.024 0.044
0 0.809 0.381 0.034 0.05
0 0.988 0.617 0.02 0.046
0 0.975 0.702 0.038 0.028
0 0.982 0.724 0.032 0.036
0 0.809 0.976 0.054 0.032
0 0.543 0.196 0.042 0.04
0 0.645 0.281 0.05 0.03
0 0.708 0.595 0.024 0.022
0 0.63 0.625 0.056 0.046
0 0.895 0.745 0.038 0.022
0 0.516 0.663 0.028 0.038
0 0.587 0.755 0.034 0.03
0 0.033 0.571 0.03 0.042
0 0.076 0.568 0.028 0.052
0 0.127 0.851 0.042 0.046
0 0.25 0.84 0.044 0.02
0 0.43 0.909 0.032 0.03
0 0.154 0.905 0.048 0.038
0 0.539 0.826 0.042 0.032
0 0.575 0.558 0.042 0.048
0 0.59 0.299 0.052 0.05
0 0.262 0.038 0.032 0.024
0 0.231 0.121 0.022 0.042
0 0.401 0.204 0.026 0.028
0 0.484 0.257 0.048 0.042
0 0.515 0.258 0.022 0.036
0 0.383 0.175 0.034 0.026
0 0.419 0.247 0.03 0.03
0 0.476 0.532 0.024 0.044
0 0.569 0.501 0.03 0.03
0 0.179 0.376 0.042 0.036
0 0.747 0.264 0.038 0.04
0 0.867 0.26 0.034 0.044
0 0.748 0.118 0.032 0.044
0 0.773 0.34 0.018 0.048
0 0.9 0.329 0.032 0.034
0 0.933 0.628 0.034 0.032
0 0.978 0.495 0.04 0.042
0 0.281 0.511 0.054 0.038
0 0.312 0.507 0.02 0.03
0 0.279 0.468 0.034 0.032
0 0.852 0.577 0.016 0.034
0 0.63 0.649 0.024 0.022
0 0.48 0.821 0.032 0.038
0 0.706 0.778 0.016 0.052
0 0.595 0.827 0.038 0.046
0 0.68 0.701 0.028 0.026
0 0.135 0.963 0.034 0.03
0 0.186 0.97 0.024 0.044
0 0.216 0.987 0.04 0.022
0 0.705 0.677 0.03 0.026
0 0.722 0.688 0.06 0.044
0 0.748 0.714 0.02 0.048
0 0.601 0.887 0.038 0.038
0 0.714 0.977 0.028 0.03
0 0.744 0.966 0.032 0.028
0 0.77 0.959 0.024 0.022
0 0.977 0.955 0.03 0.034
0 0.488 0.026 0.024 0.032
1 0.029 0.402 0.026 0.024
1 0.102 0.483 0.024 0.018
1 0.169 0.316 0.018 0.024
1 0.154 0.65 0.024 0.028
1 0.061 0.098 0.026 0.02
1 0.054 0.06 0.02 0.016
1 0.096 0.092 0.02 0.02
1 0.3 0.346 0.016 0.016
1 0.277 0.374 0.026 0.024
1 0.197 0.742 0.022 0.028
1 0.34 0.723 0.028 0.026
1 0.361 0.684 0.022 0.028
1 0.451 0.331 0.022 0.018
1 0.843 0.72 0.026 0.024
1 0.79 0.094 0.032 0.02
1 0.905 0.187 0.022 0.022
1 0.904 0.405 0.024 0.022
1 0.038 0.618 0.024 0.028
1 0.218 0.235 0.02 0.022
1 0.441 0.273 0.026 0.022
1 0.383 0.2 0.022 0.02
1 0.439 0.234 0.026 0.028
1 0.341 0.459 0.018 0.026
1 0.18 0.344 0.028 0.028
1 0.458 0.412 0.024 0.032
1 0.954 0.523 0.02 0.018
1 0.615 0.842 0.022 0.024
1 0.754 0.853 0.02 0.026
1 0.733 0.717 0.022 0.018
1 0.474 0.043 0.024 0.026
2 0.152 0.055 0.044 0.034
2 0.087 0.62 0.026 0.028
2 0.132 0.497 0.048 0.034
2 0.02 0.672 0.032 0.032
2 0.337 0.844 0.03 0.032
2 0.285 0.592 0.03 0.028
2 0.229 0.275 0.034 0.03
2 0.235 0.302 0.022 0.024
2 0.375 0.097 0.018 0.026
2 0.241 0.148 0.03 0.02
2 0.218 0.082 0.04 0.024
2 0.414 0.275 0.036 0.042
2 0.426 0.212 0.012 0.02
2 0.323 0.284 0.022 0.024
2 0.388 0.372 0.02 0.032
2 0.476 0.433 0.036 0.042
2 0.478 0.466 0.024 0.032
2 0.465 0.499 0.03 0.034
2 0.579 0.489 0.014 0.014
2 0.161 0.213 0.03 0.034
2 0.387 0.34 0.026 0.044
2 0.159 0.352 0.022 0.028
2 0.137 0.394 0.022 0.024
2 0.223 0.36 0.014 0.024
2 0.299 0.269 0.018 0.022
2 0.69 0.208 0.048 0.032
2 0.583 0.142 0.054 0.036
2 0.521 0.13 0.038 0.032
2 0.413 0.07 0.018 0.02
2 0.528 0.051 0.032 0.046
2 0.557 0.045 0.038 0.034
2 0.835 0.355 0.022 0.03
2 0.907 0.569 0.038 0.026
2 0.883 0.178 0.026 0.024
2 0.312 0.525 0.012 0.014
2 0.277 0.445 0.022 0.022
2 0.29 0.467 0.02 0.018
2 0.298 0.565 0.036 0.03
2 0.15 0.673 0.016 0.03
2 0.057 0.643 0.018 0.018
2 0.041 0.636 0.018 0.012
2 0.008 0.459 0.016 0.038
2 0.01 0.492 0.02 0.04
2 0.056 0.595 0.036 0.018
2 0.514 0.465 0.024 0.022
2 0.444 0.413 0.016 0.018
2 0.736 0.405 0.024 0.046
2 0.737 0.504 0.03 0.032
2 0.835 0.527 0.034 0.046
2 0.745 0.646 0.03 0.032
2 0.723 0.646 0.034 0.032
2 0.763 0.652 0.01 0.016
2 0.609 0.809 0.034 0.034
2 0.954 0.691 0.016 0.018
2 0.986 0.793 0.024 0.03
2 0.702 0.719 0.04 0.026
2 0.785 0.881 0.034 0.038
2 0.872 0.927 0.036 0.022
2 0.65 0.159 0.048 0.03
2 0.61 0.199 0.076 0.058
2 0.916 0.145 0.028 0.034
2 0.995 0.086 0.006 0.02
2 0.978 0.019 0.028 0.034
2 0.45 0.012 0.032 0.02
2 0.27 0.007 0.028 0.01
2 0.095 0.043 0.034 0.026
2 0.021 0.067 0.034 0.054
2 0.014 0.18 0.028 0.036
2 0.995 0.287 0.006 0.034
2 0.958 0.386 0.02 0.024
2 0.978 0.429 0.02 0.022
2 0.673 0.669 0.03 0.022
2 0.316 0.94 0.02 0.024
2 0.511 0.996 0.022 0.004
2 0.996 0.512 0.004 0.052
2 0.799 0.479 0.034 0.026