0 0.97 0.967 0.036 0.038
0 0.962 0.938 0.032 0.036
0 0.932 0.917 0.024 0.03
0 0.926 0.995 0.028 0.006
0 0.965 0.866 0.022 0.044
0 0.968 0.741 0.016 0.026
0 0.887 0.928 0.026 0.04
0 0.794 0.963 0.028 0.034
0 0.755 0.983 0.034 0.03
0 0.771 0.98 0.014 0.024
0 0.683 0.968 0.034 0.036
0 0.607 0.989 0.018 0.018
0 0.798 0.931 0.02 0.026
0 0.713 0.916 0.03 0.032
0 0.836 0.884 0.036 0.048
0 0.842 0.815 0.036 0.046
0 0.806 0.801 0.032 0.042
0 0.775 0.823 0.034 0.054
0 0.879 0.731 0.026 0.022
0 0.787 0.732 0.038 0.036
0 0.844 0.674 0.02 0.04
0 0.865 0.591 0.034 0.054
0 0.969 0.556 0.034 0.052
0 0.919 0.495 0.03 0.046
0 0.877 0.501 0.042 0.07
0 0.863 0.451 0.034 0.034
0 0.929 0.375 0.022 0.038
0 0.903 0.366 0.026 0.044
0 0.925 0.309 0.026 0.058
0 0.891 0.319 0.038 0.082
0 0.872 0.277 0.04 0.05
0 0.893 0.222 0.034 0.06
0 0.98 0.151 0.036 0.066
0 0.882 0.099 0.036 0.07
0 0.768 0.043 0.044 0.058
0 0.789 0.147 0.046 0.054
0 0.783 0.217 0.038 0.05
0 0.813 0.266 0.038 0.064
0 0.731 0.222 0.03 0.048
0 0.671 0.077 0.034 0.058
0 0.6 0.071 0.036 0.054
0 0.479 0.02 0.026 0.036
0 0.508 0.106 0.032 0.044
0 0.539 0.134 0.038 0.052
0 0.637 0.2 0.042 0.06
0 0.538 0.229 0.036 0.05
0 0.481 0.089 0.014 0.022
0 0.439 0.025 0.05 0.046
0 0.37 0.082 0.048 0.048
0 0.257 0.043 0.038 0.054
0 0.189 0.014 0.034 0.024
0 0.06 0.052 0.048 0.076
0 0.042 0.134 0.028 0.04
0 0.124 0.102 0.052 0.084
0 0.105 0.163 0.034 0.034
0 0.223 0.166 0.042 0.056
0 0.178 0.196 0.036 0.056
0 0.037 0.198 0.03 0.032
0 0.026 0.281 0.028 0.046
0 0.112 0.293 0.028 0.046
0 0.171 0.266 0.038 0.064
0 0.319 0.3 0.05 0.076
0 0.233 0.311 0.026 0.022
0 0.409 0.301 0.05 0.07
0 0.384 0.316 0.032 0.048
0 0.409 0.233 0.03 0.046
0 0.574 0.309 0.048 0.078
0 0.582 0.388 0.036 0.06
0 0.743 0.355 0.026 0.062
0 0.758 0.487 0.044 0.074
0 0.542 0.465 0.04 0.054
0 0.244 0.451 0.028 0.046
0 0.287 0.465 0.034 0.042
0 0.17 0.469 0.036 0.058
0 0.268 0.547 0.04 0.062
0 0.068 0.586 0.044 0.064
0 0.008 0.623 0.012 0.038
0 0.171 0.609 0.038 0.046
0 0.264 0.632 0.036 0.072
0 0.307 0.646 0.038 0.052
0 0.374 0.621 0.036 0.034
0 0.373 0.675 0.046 0.05
0 0.377 0.74 0.034 0.044
0 0.335 0.794 0.046 0.056
0 0.39 0.797 0.032 0.038
0 0.426 0.81 0.032 0.048
0 0.52 0.842 0.044 0.048
0 0.493 0.985 0.03 0.026
0 0.577 0.943 0.03 0.042
0 0.656 0.815 0.024 0.038
0 0.677 0.791 0.026 0.026
0 0.605 0.804 0.034 0.044
0 0.717 0.579 0.038 0.05
0 0.724 0.645 0.036 0.054
0 0.81 0.602 0.036 0.032
0 0.667 0.704 0.038 0.048
0 0.646 0.571 0.028 0.05
0 0.514 0.786 0.04 0.052
0 0.527 0.728 0.034 0.044
0 0.505 0.688 0.034 0.052
0 0.493 0.642 0.03 0.044
0 0.507 0.616 0.026 0.028
0 0.504 0.593 0.032 0.026
0 0.464 0.612 0.024 0.044
0 0.453 0.92 0.03 0.048
0 0.407 0.909 0.038 0.046
0 0.365 0.908 0.026 0.04
0 0.303 0.918 0.03 0.032
0 0.262 0.875 0.024 0.042
0 0.225 0.891 0.03 0.042
0 0.195 0.839 0.046 0.05
0 0.189 0.942 0.022 0.04
0 0.141 0.961 0.034 0.03
0 0.157 0.92 0.034 0.04
0 0.064 0.897 0.036 0.054
0 0.058 0.855 0.032 0.038
0 0.145 0.858 0.022 0.036
0 0.086 0.789 0.04 0.05
0 0.119 0.79 0.026 0.044
0 0.016 0.746 0.028 0.048
0 0.034 0.746 0.024 0.048
0 0.186 0.746 0.04 0.052
0 0.428 0.387 0.024 0.022
0 0.417 0.409 0.03 0.042
0 0.444 0.536 0.028 0.024
0 0.695 0.431 0.026 0.038
0 0.623 0.692 0.022 0.028
1 0.62 0.991 0.024 0.014
1 0.909 0.763 0.018 0.022
1 0.843 0.75 0.022 0.016
1 0.754 0.76 0.016 0.028
1 0.98 0.368 0.02 0.02
1 0.977 0.289 0.014 0.046
1 0.93 0.154 0.02 0.028
1 0.893 0.054 0.018 0.016
1 0.718 0.196 0.016 0.02
1 0.811 0.186 0.018 0.016
1 0.711 0.017 0.014 0.014
1 0.695 0.089 0.026 0.018
1 0.665 0.111 0.018 0.018
1 0.645 0.017 0.018 0.03
1 0.529 0.008 0.022 0.012
1 0.589 0.184 0.014 0.016
1 0.386 0.05 0.024 0.036
1 0.138 0.036 0.036 0.024
1 0.148 0.157 0.02 0.022
1 0.183 0.119 0.022 0.03
1 0.167 0.165 0.006 0.01
1 0.076 0.297 0.012 0.018
1 0.331 0.141 0.034 0.018
1 0.368 0.221 0.016 0.022
1 0.768 0.353 0.012 0.03
1 0.769 0.397 0.018 0.018
1 0.264 0.588 0.012 0.012
1 0.325 0.605 0.014 0.018
1 0.408 0.636 0.028 0.02
1 0.336 0.734 0.032 0.028
1 0.534 0.976 0.02 0.04
1 0.635 0.867 0.03 0.034
1 0.602 0.783 0.02 0.014
1 0.595 0.671 0.022 0.026
1 0.714 0.53 0.02 0.024
1 0.183 0.994 0.026 0.008
1 0.007 0.963 0.01 0.046
1 0.036 0.94 0.028 0.016
1 0.083 0.904 0.014 0.024
1 0.163 0.786 0.006 0.016
1 0.147 0.784 0.014 0.012
1 0.097 0.721 0.026 0.022
1 0.25 0.778 0.024 0.052
1 0.163 0.654 0.022 0.02
1 0.101 0.464 0.018 0.024
1 0.121 0.429 0.018 0.018
1 0.081 0.499 0.01 0.014
1 0.005 0.371 0.006 0.026
1 0.277 0.441 0.022 0.018
1 0.461 0.493 0.03 0.026
1 0.53 0.398 0.008 0.012
1 0.443 0.553 0.018 0.022
1 0.545 0.53 0.018 0.036
1 0.906 0.546 0.016 0.012
1 0.559 0.785 0.018 0.03
1 0.608 0.758 0.012 0.02
1 0.252 0.114 0.016 0.016
1 0.408 0.849 0.016 0.01
1 0.388 0.528 0.012 0.012
1 0.382 0.546 0.008 0.012
1 0.428 0.062 0.012 0.032
1 0.26 0.004 0.02 0.004
2 0.744 0.927 0.028 0.046
2 0.803 0.756 0.022 0.02
2 0.843 0.727 0.026 0.018
2 0.963 0.615 0.03 0.046
2 0.948 0.528 0.032 0.036
2 0.977 0.395 0.03 0.042
2 0.659 0.039 0.034 0.03
2 0.654 0.016 0.024 0.028
2 0.699 0.036 0.014 0.024
2 0.567 0.037 0.018 0.034
2 0.436 0.217 0.024 0.034
2 0.426 0.18 0.02 0.016
2 0.4 0.958 0.02 0.028
2 0.163 0.946 0.014 0.02
2 0.163 0.706 0.034 0.036
2 0.176 0.685 0.016 0.014
2 0.107 0.644 0.026 0.04
2 0.017 0.652 0.03 0.032
2 0.023 0.624 0.018 0.012
2 0.114 0.596 0.028 0.052
2 0.018 0.456 0.032 0.04
2 0.106 0.332 0.016 0.032
2 0.484 0.411 0.036 0.074
2 0.417 0.456 0.014 0.012
2 0.817 0.489 0.026 0.078
2 0.789 0.511 0.014 0.03
2 0.725 0.471 0.022 0.038
2 0.712 0.448 0.012 0.012
2 0.699 0.473 0.026 0.042
2 0.592 0.515 0.032 0.042
2 0.672 0.295 0.028 0.026
2 0.625 0.393 0.022 0.03
2 0.611 0.44 0.018 0.016
2 0.959 0.421 0.022 0.022
2 0.87 0.433 0.028 0.018
2 0.785 0.415 0.014 0.014
2 0.323 0.077 0.018 0.03
2 0.083 0.098 0.014 0.02
2 0.018 0.079 0.016 0.018
2 0.034 0.096 0.012 0.012
2 0.234 0.292 0.04 0.024
2 0.295 0.988 0.022 0.02
2 0.344 0.924 0.012 0.016
2 0.403 0.883 0.018 0.01