0 0.896 0.976 0.036 0.036
0 0.854 0.965 0.036 0.042
0 0.833 0.949 0.026 0.026
0 0.899 0.888 0.038 0.036
0 0.989 0.916 0.018 0.032
0 0.975 0.886 0.042 0.048
0 0.983 0.816 0.03 0.032
0 0.964 0.831 0.04 0.034
0 0.926 0.832 0.048 0.044
0 0.993 0.729 0.01 0.046
0 0.947 0.663 0.034 0.05
0 0.891 0.695 0.042 0.042
0 0.821 0.77 0.042 0.056
0 0.812 0.715 0.052 0.046
0 0.806 0.847 0.036 0.042
0 0.762 0.934 0.036 0.048
0 0.678 0.921 0.052 0.07
0 0.681 0.865 0.034 0.042
0 0.554 0.959 0.048 0.066
0 0.517 0.943 0.038 0.046
0 0.617 0.867 0.05 0.05
0 0.592 0.859 0.028 0.022
0 0.541 0.847 0.042 0.038
0 0.434 0.875 0.028 0.03
0 0.541 0.79 0.038 0.048
0 0.76 0.738 0.028 0.028
0 0.811 0.666 0.058 0.032
0 0.859 0.628 0.042 0.044
0 0.878 0.588 0.04 0.028
0 0.935 0.541 0.022 0.03
0 0.949 0.52 0.03 0.024
0 0.966 0.512 0.02 0.024
0 0.957 0.465 0.034 0.034
0 0.984 0.303 0.028 0.03
0 0.988 0.275 0.02 0.03
0 0.923 0.123 0.042 0.034
0 0.884 0.172 0.044 0.032
0 0.838 0.173 0.04 0.038
0 0.781 0.112 0.054 0.036
0 0.795 0.006 0.03 0.008
0 0.704 0.007 0.032 0.01
0 0.654 0.052 0.024 0.028
0 0.608 0.055 0.02 0.022
0 0.726 0.108 0.044 0.028
0 0.682 0.099 0.052 0.034
0 0.711 0.164 0.054 0.044
0 0.82 0.226 0.048 0.044
0 0.85 0.244 0.052 0.04
0 0.842 0.342 0.036 0.032
0 0.804 0.315 0.04 0.03
0 0.784 0.302 0.036 0.032
0 0.749 0.282 0.042 0.028
0 0.654 0.169 0.032 0.026
0 0.643 0.202 0.03 0.024
0 0.621 0.206 0.03 0.028
0 0.599 0.211 0.026 0.026
0 0.625 0.255 0.034 0.022
0 0.68 0.257 0.048 0.026
0 0.675 0.294 0.042 0.052
0 0.678 0.355 0.048 0.05
0 0.684 0.387 0.024 0.03
0 0.727 0.384 0.022 0.028
0 0.759 0.362 0.038 0.032
0 0.733 0.411 0.042 0.022
0 0.738 0.446 0.036 0.044
0 0.801 0.484 0.042 0.048
0 0.853 0.4 0.022 0.02
0 0.857 0.427 0.05 0.038
0 0.83 0.425 0.04 0.03
0 0.896 0.426 0.032 0.028
0 0.89 0.455 0.024 0.018
0 0.774 0.578 0.048 0.036
0 0.741 0.617 0.038 0.026
0 0.675 0.658 0.038 0.028
0 0.634 0.703 0.032 0.042
0 0.579 0.728 0.022 0.016
0 0.58 0.701 0.016 0.018
0 0.589 0.772 0.026 0.052
0 0.539 0.69 0.042 0.04
0 0.607 0.551 0.038 0.034
0 0.572 0.555 0.02 0.018
0 0.575 0.604 0.042 0.024
0 0.59 0.485 0.052 0.046
0 0.539 0.482 0.038 0.04
0 0.473 0.541 0.03 0.042
0 0.444 0.539 0.036 0.058
0 0.581 0.368 0.038 0.04
0 0.552 0.307 0.044 0.05
0 0.478 0.015 0.096 0.026
0 0.515 0.056 0.046 0.024
0 0.549 0.058 0.038 0.032
0 0.555 0.086 0.03 0.024
0 0.608 0.083 0.028 0.026
0 0.486 0.134 0.04 0.032
0 0.433 0.116 0.038 0.036
0 0.398 0.159 0.024 0.022
0 0.421 0.19 0.058 0.036
0 0.466 0.206 0.028 0.02
0 0.536 0.218 0.028 0.024
0 0.519 0.237 0.034 0.038
0 0.489 0.259 0.05 0.03
0 0.447 0.247 0.03 0.026
0 0.474 0.321 0.036 0.046
0 0.469 0.376 0.03 0.028
0 0.445 0.791 0.046 0.05
0 0.428 0.709 0.044 0.066
0 0.496 0.622 0.044 0.032
0 0.458 0.61 0.04 0.032
0 0.431 0.595 0.042 0.03
0 0.331 0.566 0.042 0.032
0 0.348 0.592 0.056 0.028
0 0.316 0.993 0.032 0.01
0 0.197 0.983 0.046 0.03
0 0.317 0.95 0.042 0.036
0 0.356 0.899 0.044 0.042
0 0.318 0.872 0.048 0.044
0 0.248 0.851 0.04 0.042
0 0.292 0.932 0.016 0.028
0 0.201 0.93 0.034 0.052
0 0.031 0.983 0.05 0.03
0 0.096 0.938 0.052 0.044
0 0.11 0.908 0.032 0.052
0 0.099 0.847 0.054 0.042
0 0.163 0.81 0.038 0.028
0 0.125 0.804 0.034 0.02
0 0.105 0.786 0.018 0.016
0 0.142 0.749 0.04 0.034
0 0.183 0.758 0.046 0.032
0 0.168 0.722 0.04 0.048
0 0.044 0.772 0.036 0.04
0 0.008 0.811 0.012 0.026
0 0.36 0.668 0.032 0.048
0 0.303 0.643 0.03 0.022
0 0.286 0.705 0.02 0.03
0 0.266 0.68 0.052 0.036
0 0.265 0.631 0.034 0.026
0 0.282 0.558 0.028 0.036
0 0.086 0.56 0.084 0.048
0 0.012 0.43 0.02 0.024
0 0.052 0.417 0.044 0.038
0 0.007 0.29 0.01 0.028
0 0.145 0.381 0.034 0.042
0 0.164 0.332 0.036 0.036
0 0.338 0.317 0.056 0.05
0 0.287 0.223 0.042 0.026
0 0.328 0.175 0.052 0.026
0 0.313 0.151 0.046 0.03
0 0.332 0.09 0.044 0.028
0 0.303 0.068 0.046 0.028
0 0.341 0.045 0.042 0.018
0 0.349 0.014 0.046 0.024
0 0.267 0.004 0.018 0.004
0 0.265 0.038 0.026 0.024
0 0.23 0.046 0.02 0.024
0 0.008 0.007 0.012 0.01
0 0.047 0.014 0.046 0.024
0 0.011 0.044 0.018 0.028
0 0.124 0.025 0.064 0.038
0 0.153 0.055 0.042 0.03
0 0.045 0.118 0.03 0.052
0 0.076 0.12 0.032 0.048
0 0.114 0.143 0.032 0.042
0 0.154 0.116 0.044 0.044
0 0.076 0.203 0.04 0.034
0 0.089 0.228 0.046 0.032
0 0.193 0.155 0.05 0.034
0 0.216 0.2 0.044 0.024
0 0.195 0.229 0.046 0.034
1 0.932 0.72 0.02 0.016
1 0.991 0.565 0.014 0.018
1 0.784 0.92 0.016 0.02
1 0.663 0.993 0.022 0.01
1 0.635 0.936 0.022 0.028
1 0.706 0.862 0.012 0.02
1 0.441 0.902 0.014 0.012
1 0.967 0.221 0.026 0.014
1 0.963 0.17 0.022 0.028
1 0.951 0.184 0.022 0.032
1 0.99 0.086 0.016 0.012
1 0.906 0.073 0.028 0.014
1 0.774 0.025 0.016 0.018
1 0.83 0.364 0.012 0.016
1 0.724 0.265 0.024 0.018
1 0.766 0.222 0.016 0.016
1 0.673 0.313 0.018 0.018
1 0.736 0.562 0.016 0.028
1 0.683 0.48 0.038 0.04
1 0.513 0.519 0.018 0.026
1 0.476 0.446 0.024 0.024
1 0.483 0.091 0.022 0.022
1 0.576 0.113 0.016 0.022
1 0.412 0.222 0.028 0.016
1 0.475 0.404 0.026 0.016
1 0.426 0.415 0.024 0.026
1 0.271 0.997 0.022 0.002
1 0.369 0.936 0.022 0.032
1 0.262 0.921 0.024 0.026
1 0.164 0.931 0.012 0.062
1 0.007 0.902 0.01 0.036
1 0.102 0.857 0.032 0.022
1 0.06 0.799 0.024 0.014
1 0.039 0.831 0.026 0.018
1 0.244 0.773 0.028 0.018
1 0.272 0.777 0.036 0.03
1 0.306 0.791 0.028 0.014
1 0.319 0.779 0.018 0.014
1 0.378 0.632 0.04 0.016
1 0.353 0.621 0.03 0.018
1 0.31 0.504 0.028 0.032
1 0.271 0.481 0.03 0.022
1 0.204 0.486 0.032 0.016
1 0.188 0.62 0.02 0.02
1 0.078 0.674 0.024 0.02
1 0.13 0.667 0.024 0.01
1 0.041 0.679 0.01 0.018
1 0.067 0.501 0.022 0.034
1 0.11 0.458 0.02 0.02
1 0.084 0.466 0.016 0.016
1 0.05 0.469 0.028 0.018
1 0.023 0.488 0.026 0.02
1 0.072 0.38 0.036 0.024
1 0.045 0.318 0.026 0.036
1 0.211 0.399 0.038 0.026
1 0.244 0.426 0.024 0.036
1 0.378 0.347 0.036 0.034
1 0.388 0.254 0.016 0.016
1 0.369 0.251 0.018 0.018
1 0.349 0.234 0.022 0.02
1 0.328 0.238 0.02 0.024
1 0.362 0.107 0.028 0.026
1 0.219 0.03 0.01 0.008
1 0.242 0.066 0.02 0.016
1 0.241 0.097 0.018 0.026
1 0.017 0.17 0.026 0.02
1 0.009 0.225 0.014 0.022
1 0.051 0.246 0.018 0.02
1 0.137 0.295 0.018 0.014
2 0.719 0.943 0.03 0.018
2 0.894 0.631 0.016 0.014
2 0.956 0.417 0.02 0.018
2 0.971 0.272 0.014 0.02
2 0.9 0.142 0.016 0.024
2 0.931 0.07 0.034 0.028
2 0.919 0.014 0.038 0.024
2 0.888 0.013 0.032 0.022
2 0.599 0.732 0.01 0.024
2 0.598 0.61 0.036 0.032
2 0.662 0.515 0.016 0.026
2 0.714 0.495 0.012 0.022
2 0.791 0.437 0.018 0.022
2 0.335 0.756 0.022 0.024
2 0.211 0.5 0.042 0.036
2 0.207 0.64 0.03 0.024
2 0.048 0.72 0.032 0.04
2 0.067 0.619 0.042 0.046
2 0.339 0.386 0.038 0.04
2 0.401 0.38 0.014 0.02
2 0.298 0.308 0.02 0.028
2 0.128 0.321 0.024 0.022
2 0.075 0.27 0.018 0.036
2 0.118 0.26 0.02 0.02
2 0.117 0.285 0.022 0.014
2 0.133 0.206 0.026 0.02
2 0.15 0.209 0.012 0.014
2 0.164 0.223 0.008 0.014
2 0.137 0.144 0.014 0.028
2 0.102 0.058 0.012 0.028
2 0.027 0.049 0.014 0.014
2 0.236 0.228 0.02 0.012
2 0.218 0.244 0.016 0.02
2 0.196 0.363 0.012 0.014
2 0.169 0.365 0.01 0.014
2 0.96 0.985 0.016 0.026
2 0.924 0.866 0.012 0.024
2 0.768 0.886 0.028 0.028
2 0.927 0.797 0.03 0.022
2 0.841 0.733 0.026 0.022
2 0.845 0.674 0.01 0.012