0 0.484 0.666 0.076 0.072
0 0.687 0.672 0.05 0.036
0 0.898 0.977 0.072 0.042
0 0.818 0.984 0.04 0.028
0 0.776 0.975 0.048 0.046
0 0.733 0.981 0.042 0.034
0 0.837 0.856 0.034 0.052
0 0.697 0.937 0.054 0.05
0 0.885 0.844 0.034 0.044
0 0.764 0.85 0.036 0.052
0 0.58 0.966 0.044 0.064
0 0.973 0.885 0.05 0.058
0 0.872 0.698 0.052 0.068
0 0.857 0.745 0.034 0.034
0 0.893 0.711 0.05 0.042
0 0.915 0.665 0.054 0.078
0 0.938 0.591 0.076 0.078
0 0.936 0.487 0.064 0.074
0 0.987 0.504 0.022 0.084
0 0.967 0.372 0.058 0.056
0 0.902 0.375 0.036 0.038
0 0.914 0.322 0.06 0.068
0 0.984 0.286 0.028 0.052
0 0.88 0.295 0.032 0.05
0 0.977 0.326 0.03 0.024
0 0.813 0.308 0.062 0.08
0 0.826 0.404 0.02 0.04
0 0.795 0.843 0.022 0.038
0 0.698 0.799 0.036 0.054
0 0.696 0.857 0.044 0.054
0 0.72 0.836 0.044 0.044
0 0.757 0.703 0.066 0.046
0 0.699 0.744 0.074 0.076
0 0.644 0.779 0.032 0.062
0 0.618 0.767 0.036 0.062
0 0.569 0.761 0.022 0.034
0 0.499 0.755 0.046 0.05
0 0.602 0.818 0.028 0.044
0 0.605 0.861 0.05 0.042
0 0.653 0.828 0.038 0.044
0 0.63 0.911 0.024 0.026
0 0.72 0.574 0.036 0.04
0 0.757 0.81 0.038 0.036
0 0.787 0.479 0.054 0.062
0 0.691 0.521 0.046 0.054
0 0.661 0.565 0.05 0.062
0 0.641 0.614 0.034 0.048
0 0.573 0.635 0.038 0.054
0 0.711 0.643 0.042 0.038
0 0.569 0.577 0.038 0.042
0 0.495 0.581 0.074 0.09
0 0.511 0.517 0.034 0.034
0 0.606 0.469 0.08 0.086
0 0.694 0.463 0.032 0.042
0 0.788 0.551 0.044 0.026
0 0.764 0.578 0.056 0.04
0 0.689 0.427 0.018 0.026
0 0.651 0.427 0.022 0.034
0 0.685 0.354 0.026 0.044
0 0.653 0.356 0.038 0.04
0 0.534 0.43 0.036 0.04
0 0.644 0.272 0.032 0.044
0 0.831 0.232 0.046 0.028
0 0.812 0.226 0.032 0.032
0 0.878 0.152 0.044 0.04
0 0.877 0.183 0.026 0.034
0 0.828 0.146 0.032 0.044
0 0.813 0.123 0.042 0.038
0 0.814 0.167 0.028 0.026
0 0.792 0.112 0.044 0.04
0 0.925 0.102 0.046 0.036
0 0.967 0.097 0.038 0.05
0 0.964 0.054 0.04 0.032
0 0.982 0.021 0.032 0.038
0 0.883 0.059 0.034 0.034
0 0.895 0.014 0.042 0.024
0 0.994 0.109 0.008 0.034
0 0.733 0.144 0.034 0.04
0 0.696 0.129 0.04 0.042
0 0.662 0.18 0.04 0.04
0 0.746 0.058 0.016 0.016
0 0.617 0.015 0.038 0.026
0 0.608 0.083 0.036 0.042
0 0.579 0.068 0.038 0.036
0 0.554 0.073 0.044 0.034
0 0.507 0.07 0.042 0.036
0 0.483 0.094 0.034 0.04
0 0.444 0.101 0.044 0.074
0 0.466 0.03 0.056 0.044
0 0.488 0.01 0.028 0.016
0 0.556 0.188 0.044 0.06
0 0.62 0.253 0.036 0.03
0 0.707 0.173 0.034 0.022
0 0.515 0.188 0.018 0.016
0 0.702 0.263 0.024 0.042
0 0.686 0.235 0.016 0.022
0 0.992 0.948 0.012 0.048
0 0.985 0.838 0.026 0.036
0 0.974 0.806 0.028 0.048
0 0.549 0.868 0.034 0.024
0 0.521 0.903 0.034 0.038
0 0.526 0.927 0.032 0.042
0 0.497 0.966 0.05 0.064
0 0.465 0.863 0.038 0.058
0 0.436 0.88 0.028 0.028
0 0.411 0.844 0.034 0.036
0 0.414 0.872 0.02 0.02
0 0.353 0.987 0.042 0.022
0 0.429 0.942 0.026 0.036
0 0.324 0.942 0.04 0.048
0 0.346 0.908 0.044 0.044
0 0.39 0.95 0.036 0.052
0 0.362 0.875 0.028 0.022
0 0.318 0.813 0.024 0.042
0 0.298 0.766 0.036 0.04
0 0.37 0.677 0.032 0.038
0 0.326 0.691 0.04 0.034
0 0.355 0.709 0.03 0.05
0 0.398 0.567 0.08 0.066
0 0.423 0.429 0.058 0.078
0 0.472 0.436 0.036 0.032
0 0.491 0.404 0.022 0.048
0 0.454 0.349 0.036 0.046
0 0.536 0.313 0.056 0.046
0 0.509 0.263 0.038 0.038
0 0.513 0.23 0.046 0.028
0 0.542 0.255 0.02 0.038
0 0.438 0.176 0.076 0.064
0 0.45 0.196 0.032 0.028
0 0.374 0.216 0.036 0.064
0 0.308 0.274 0.064 0.092
0 0.314 0.363 0.06 0.09
0 0.26 0.3 0.036 0.032
0 0.255 0.257 0.03 0.042
0 0.243 0.29 0.038 0.056
0 0.278 0.214 0.024 0.036
0 0.266 0.153 0.06 0.058
0 0.301 0.153 0.026 0.034
0 0.235 0.12 0.066 0.08
0 0.241 0.077 0.05 0.034
0 0.333 0.076 0.054 0.052
0 0.311 0.097 0.038 0.066
0 0.347 0.023 0.05 0.042
0 0.26 0.029 0.036 0.034
0 0.273 0.007 0.03 0.01
0 0.186 0.06 0.044 0.044
0 0.057 0.045 0.05 0.058
0 0.153 0.052 0.022 0.016
0 0.166 0.042 0.024 0.028
0 0.011 0.024 0.018 0.044
0 0.182 0.19 0.064 0.068
0 0.045 0.153 0.05 0.042
0 0.116 0.208 0.04 0.06
0 0.074 0.186 0.036 0.032
0 0.092 0.111 0.052 0.05
0 0.005 0.114 0.006 0.024
0 0.028 0.199 0.052 0.066
0 0.03 0.24 0.044 0.04
0 0.156 0.278 0.056 0.08
0 0.072 0.305 0.028 0.026
0 0.017 0.284 0.03 0.02
0 0.153 0.33 0.042 0.052
0 0.022 0.367 0.04 0.022
0 0.021 0.42 0.038 0.064
0 0.313 0.462 0.042 0.044
0 0.272 0.468 0.04 0.052
0 0.23 0.476 0.028 0.036
0 0.206 0.418 0.036 0.064
0 0.13 0.405 0.024 0.03
0 0.101 0.418 0.038 0.04
0 0.161 0.46 0.054 0.052
0 0.011 0.478 0.018 0.056
0 0.079 0.503 0.034 0.058
0 0.286 0.589 0.036 0.05
0 0.276 0.551 0.024 0.026
0 0.136 0.59 0.036 0.048
0 0.016 0.547 0.028 0.05
0 0.017 0.517 0.03 0.026
0 0.181 0.768 0.05 0.064
0 0.183 0.737 0.05 0.042
0 0.253 0.863 0.05 0.05
0 0.298 0.884 0.04 0.048
0 0.194 0.952 0.044 0.048
0 0.071 0.767 0.05 0.054
0 0.073 0.803 0.034 0.034
0 0.04 0.809 0.044 0.054
0 0.007 0.823 0.01 0.07
0 0.003 0.952 0.002 0.028
0 0.003 0.918 0.002 0.012
0 0.174 0.699 0.04 0.038
0 0.228 0.751 0.02 0.018
0 0.25 0.739 0.028 0.03
0 0.015 0.702 0.026 0.032
0 0.547 0.397 0.042 0.034
0 0.209 0.335 0.034 0.034
1 0.882 0.952 0.028 0.02
1 0.952 0.866 0.028 0.028
1 0.991 0.732 0.014 0.032
1 0.936 0.678 0.024 0.024
1 0.98 0.664 0.028 0.02
1 0.929 0.539 0.03 0.026
1 0.88 0.482 0.02 0.028
1 0.905 0.281 0.022 0.026
1 0.876 0.325 0.024 0.018
1 0.842 0.349 0.024 0.026
1 0.861 0.553 0.026 0.026
1 0.738 0.786 0.024 0.032
1 0.663 0.688 0.018 0.02
1 0.549 0.72 0.026 0.024
1 0.812 0.53 0.024 0.028
1 0.613 0.67 0.026 0.028
1 0.605 0.559 0.022 0.03
1 0.826 0.584 0.028 0.024
1 0.55 0.414 0.024 0.04
1 0.619 0.332 0.026 0.024
1 0.633 0.324 0.026 0.028
1 0.73 0.21 0.024 0.024
1 0.873 0.047 0.026 0.026
1 0.946 0.012 0.036 0.02
1 0.875 0.021 0.026 0.026
1 0.822 0.021 0.028 0.026
1 0.988 0.068 0.02 0.02
1 0.518 0.099 0.024 0.03
1 0.426 0.132 0.024 0.02
1 0.518 0.021 0.02 0.038
1 0.625 0.236 0.03 0.02
1 0.991 0.334 0.014 0.02
1 0.992 0.804 0.012 0.044
1 0.622 0.993 0.032 0.01
1 0.46 0.989 0.036 0.018
1 0.411 0.944 0.022 0.028
1 0.334 0.75 0.02 0.032
1 0.303 0.736 0.026 0.02
1 0.428 0.513 0.028 0.03
1 0.467 0.458 0.03 0.024
1 0.403 0.494 0.03 0.028
1 0.428 0.218 0.032 0.016
1 0.338 0.285 0.02 0.03
1 0.351 0.341 0.018 0.038
1 0.349 0.399 0.03 0.026
1 0.262 0.348 0.024 0.024
1 0.266 0.277 0.02 0.018
1 0.151 0.082 0.022 0.02
1 0.13 0.021 0.024 0.026
1 0.247 0.432 0.026 0.024
1 0.183 0.396 0.034 0.024
1 0.193 0.469 0.026 0.03
1 0.235 0.615 0.022 0.038
1 0.24 0.647 0.024 0.03
1 0.057 0.539 0.034 0.026
1 0.013 0.603 0.022 0.046
1 0.098 0.645 0.036 0.022
1 0.054 0.941 0.04 0.022
1 0.23 0.727 0.024 0.026
1 0.136 0.829 0.02 0.03
1 0.162 0.803 0.024 0.026
1 0.328 0.657 0.024 0.034
2 0.4 0.799 0.036 0.038
2 0.379 0.793 0.03 0.038
2 0.073 0.894 0.058 0.056
2 0.678 0.91 0.016 0.032
2 0.656 0.941 0.048 0.054
2 0.666 0.857 0.016 0.034
2 0.658 0.884 0.036 0.028
2 0.635 0.876 0.03 0.032
2 0.603 0.623 0.034 0.046
2 0.765 0.527 0.058 0.046
2 0.774 0.633 0.02 0.026
2 0.75 0.672 0.012 0.012
2 0.639 0.66 0.014 0.02
2 0.558 0.538 0.04 0.06
2 0.789 0.232 0.018 0.012
2 0.886 0.203 0.032 0.022
2 0.768 0.133 0.02 0.01
2 0.803 0.149 0.022 0.026
2 0.814 0.044 0.032 0.024
2 0.787 0.177 0.022 0.026
2 0.735 0.068 0.022 0.024
2 0.693 0.079 0.042 0.034
2 0.723 0.012 0.038 0.02
2 0.588 0.028 0.048 0.036
2 0.535 0.092 0.034 0.028
2 0.394 0.111 0.02 0.026
2 0.915 0.427 0.034 0.042
2 0.766 0.337 0.036 0.03
2 0.597 0.284 0.01 0.012
2 0.798 0.375 0.024 0.066
2 0.947 0.351 0.014 0.026
2 0.921 0.899 0.026 0.026
2 0.95 0.939 0.04 0.03
2 0.992 0.769 0.012 0.03
2 0.986 0.589 0.016 0.018
2 0.611 0.891 0.014 0.026
2 0.654 0.852 0.016 0.012
2 0.655 0.865 0.01 0.014
2 0.646 0.982 0.02 0.032
2 0.374 0.843 0.02 0.034
2 0.318 0.759 0.024 0.034
2 0.381 0.655 0.018 0.014
2 0.477 0.524 0.034 0.036
2 0.389 0.474 0.062 0.08
2 0.5 0.372 0.012 0.024
2 0.546 0.227 0.008 0.022
2 0.478 0.319 0.036 0.038
2 0.384 0.326 0.04 0.044
2 0.274 0.358 0.016 0.016
2 0.225 0.299 0.034 0.042
2 0.228 0.268 0.036 0.032
2 0.251 0.177 0.038 0.03
2 0.081 0.012 0.022 0.02
2 0.213 0.028 0.014 0.016
2 0.095 0.211 0.018 0.038
2 0.061 0.116 0.018 0.024
2 0.043 0.101 0.054 0.042
2 0.022 0.121 0.02 0.026
2 0.108 0.293 0.052 0.078
2 0.124 0.254 0.048 0.02
2 0.024 0.303 0.02 0.034
2 0.164 0.412 0.032 0.048
2 0.185 0.453 0.022 0.022
2 0.108 0.486 0.032 0.036
2 0.134 0.505 0.048 0.034
2 0.246 0.553 0.044 0.038
2 0.099 0.589 0.038 0.042
2 0.064 0.562 0.04 0.032
2 0.047 0.583 0.042 0.066
2 0.241 0.9 0.046 0.048
2 0.289 0.924 0.03 0.04
2 0.066 0.958 0.036 0.024
2 0.04 0.991 0.048 0.014
2 0.029 0.984 0.026 0.02
2 0.037 0.967 0.026 0.014
2 0.05 0.715 0.036 0.026
2 0.455 0.794 0.038 0.048
2 0.152 0.786 0.012 0.024
2 0.348 0.538 0.02 0.016
2 0.464 0.726 0.028 0.048
2 0.348 0.599 0.016 0.03
2 0.577 0.675 0.018 0.022
2 0.404 0.229 0.02 0.042
2 0.334 0.141 0.036 0.042
2 0.316 0.046 0.024 0.028
2 0.922 0.155 0.016 0.018
2 0.096 0.458 0.032 0.052
2 0.285 0.427 0.03 0.034
2 0.136 0.379 0.036 0.038
2 0.083 0.346 0.022 0.044
2 0.005 0.25 0.006 0.028
2 0.005 0.28 0.006 0.016
2 0.164 0.924 0.036 0.044
2 0.01 0.789 0.016 0.034