0 0.092 0.621 0.048 0.086
0 0.083 0.497 0.046 0.074
0 0.168 0.532 0.04 0.068
0 0.262 0.517 0.052 0.074
0 0.362 0.512 0.044 0.052
0 0.514 0.534 0.048 0.06
0 0.581 0.499 0.046 0.058
0 0.684 0.504 0.068 0.084
0 0.031 0.137 0.042 0.066
0 0.158 0.096 0.044 0.064
0 0.235 0.045 0.042 0.058
0 0.163 0.172 0.042 0.072
0 0.206 0.127 0.036 0.046
0 0.258 0.153 0.044 0.054
0 0.316 0.118 0.036 0.048
0 0.305 0.086 0.07 0.076
0 0.293 0.204 0.046 0.048
0 0.137 0.322 0.046 0.068
0 0.178 0.347 0.048 0.058
0 0.078 0.353 0.044 0.058
0 0.079 0.406 0.046 0.06
0 0.061 0.261 0.034 0.066
0 0.115 0.264 0.034 0.06
0 0.226 0.306 0.036 0.056
0 0.283 0.31 0.038 0.052
0 0.397 0.017 0.054 0.034
0 0.41 0.044 0.044 0.056
0 0.4 0.09 0.044 0.04
0 0.361 0.094 0.038 0.04
0 0.369 0.036 0.038 0.036
0 0.373 0.14 0.038 0.06
0 0.353 0.153 0.03 0.058
0 0.432 0.166 0.04 0.052
0 0.504 0.11 0.044 0.072
0 0.519 0.291 0.042 0.062
0 0.481 0.341 0.046 0.07
0 0.595 0.348 0.042 0.072
0 0.648 0.335 0.04 0.066
0 0.696 0.371 0.04 0.058
0 0.706 0.417 0.052 0.054
0 0.6 0.421 0.04 0.046
0 0.526 0.414 0.04 0.064
0 0.619 0.576 0.042 0.064
0 0.699 0.585 0.05 0.078
0 0.766 0.571 0.036 0.058
0 0.349 0.374 0.042 0.052
0 0.418 0.401 0.04 0.078
0 0.285 0.411 0.038 0.058
0 0.264 0.582 0.04 0.076
0 0.306 0.603 0.032 0.058
0 0.343 0.618 0.046 0.06
0 0.73 0.307 0.04 0.05
0 0.77 0.281 0.044 0.046
0 0.877 0.223 0.046 0.05
0 0.928 0.173 0.06 0.054
0 0.855 0.347 0.05 0.062
0 0.07 0.953 0.048 0.066
0 0.119 0.881 0.05 0.07
0 0.148 0.892 0.044 0.076
0 0.168 0.911 0.04 0.058
0 0.17 0.97 0.06 0.056
0 0.233 0.895 0.046 0.058
0 0.196 0.776 0.052 0.06
0 0.212 0.801 0.04 0.058
0 0.357 0.724 0.046 0.064
0 0.345 0.825 0.046 0.074
0 0.302 0.904 0.036 0.076
0 0.022 0.341 0.04 0.066
0 0.1 0.255 0.036 0.078
0 0.012 0.25 0.024 0.052
0 0.071 0.229 0.042 0.038
0 0.016 0.407 0.032 0.094
0 0.022 0.767 0.044 0.07
0 0.046 0.78 0.044 0.056
0 0.014 0.692 0.028 0.052
0 0.052 0.608 0.048 0.052
0 0.01 0.542 0.02 0.036
0 0.009 0.622 0.018 0.068
0 0.137 0.66 0.03 0.084
0 0.121 0.733 0.038 0.074
0 0.301 0.717 0.054 0.086
0 0.026 0.906 0.04 0.06
0 0.065 0.84 0.074 0.064
0 0.007 0.88 0.014 0.044
0 0.11 0.445 0.036 0.022
0 0.121 0.45 0.038 0.044
0 0.391 0.871 0.042 0.054
0 0.42 0.786 0.052 0.06
0 0.597 0.858 0.066 0.076
0 0.624 0.786 0.032 0.06
0 0.662 0.769 0.04 0.058
0 0.742 0.725 0.048 0.082
0 0.513 0.823 0.046 0.058
0 0.451 0.55 0.05 0.052
0 0.943 0.272 0.046 0.064
0 0.981 0.227 0.034 0.05
0 0.981 0.142 0.034 0.04
0 0.982 0.17 0.032 0.036
0 0.954 0.602 0.056 0.06
0 0.911 0.628 0.046 0.064
0 0.971 0.655 0.046 0.058
0 0.766 0.5 0.048 0.052
0 0.855 0.482 0.07 0.056
0 0.604 0.921 0.048 0.054
0 0.642 0.905 0.032 0.058
0 0.539 0.896 0.046 0.068
0 0.472 0.926 0.068 0.072
0 0.574 0.673 0.044 0.054
0 0.577 0.619 0.046 0.058
0 0.707 0.905 0.054 0.074
0 0.834 0.969 0.048 0.058
0 0.357 0.96 0.046 0.064
0 0.384 0.915 0.028 0.038
0 0.374 0.97 0.036 0.044
0 0.85 0.883 0.036 0.054
0 0.652 0.285 0.028 0.038
0 0.879 0.508 0.042 0.044
0 0.984 0.471 0.028 0.062
0 0.847 0.735 0.046 0.054
0 0.831 0.607 0.07 0.106
0 0.775 0.925 0.054 0.062
0 0.804 0.831 0.056 0.074
0 0.782 0.878 0.048 0.056
0 0.389 0.579 0.046 0.038
0 0.61 0.275 0.048 0.046
0 0.833 0.148 0.042 0.048
0 0.77 0.346 0.048 0.06
0 0.878 0.676 0.04 0.048
0 0.477 0.209 0.042 0.058
0 0.42 0.467 0.04 0.042
0 0.708 0.188 0.056 0.044
0 0.788 0.148 0.08 0.084
0 0.947 0.365 0.05 0.054
0 0.614 0.736 0.04 0.036
0 0.571 0.769 0.03 0.046
0 0.56 0.801 0.052 0.038
0 0.599 0.991 0.042 0.014
0 0.94 0.914 0.044 0.04
0 0.933 0.949 0.042 0.058
0 0.909 0.832 0.05 0.088
0 0.987 0.741 0.022 0.046
0 0.915 0.902 0.018 0.028
0 0.555 0.594 0.034 0.032
0 0.979 0.52 0.034 0.032
0 0.623 0.658 0.042 0.052
0 0.381 0.751 0.034 0.054
0 0.664 0.126 0.032 0.04
0 0.961 0.322 0.038 0.048
0 0.058 0.01 0.044 0.02
1 0.23 0.478 0.024 0.028
1 0.243 0.079 0.03 0.022
1 0.293 0.146 0.022 0.04
1 0.275 0.291 0.022 0.022
1 0.319 0.336 0.034 0.028
1 0.479 0.086 0.018 0.02
1 0.464 0.052 0.04 0.04
1 0.508 0.013 0.024 0.022
1 0.256 0.236 0.032 0.02
1 0.396 0.182 0.02 0.024
1 0.64 0.461 0.016 0.034
1 0.631 0.507 0.022 0.026
1 0.389 0.497 0.014 0.034
1 0.422 0.257 0.02 0.03
1 0.307 0.422 0.022 0.048
1 0.248 0.586 0.024 0.04
1 0.051 0.182 0.026 0.028
1 0.053 0.083 0.022 0.034
1 0.064 0.567 0.024 0.026
1 0.28 0.766 0.028 0.02
1 0.185 0.696 0.022 0.028
1 0.979 0.199 0.03 0.018
1 0.509 0.901 0.018 0.026
1 0.686 0.878 0.04 0.024
1 0.42 0.978 0.016 0.04
1 0.796 0.687 0.024 0.03
1 0.667 0.643 0.022 0.026
1 0.453 0.619 0.018 0.038
1 0.413 0.749 0.022 0.034
1 0.573 0.228 0.03 0.032
1 0.559 0.263 0.03 0.034
1 0.591 0.249 0.026 0.022
1 0.668 0.197 0.024 0.03
1 0.747 0.24 0.022 0.036
1 0.798 0.38 0.032 0.02
1 0.869 0.312 0.018 0.036
1 0.409 0.489 0.022 0.03
1 0.404 0.151 0.016 0.03
1 0.589 0.09 0.026 0.04
1 0.631 0.187 0.034 0.03
1 0.64 0.12 0.028 0.048
1 0.743 0.168 0.026 0.04
1 0.717 0.143 0.022 0.046
1 0.643 0.71 0.018 0.024
1 0.729 0.804 0.026 0.044
1 0.573 0.825 0.018 0.022
1 0.399 0.556 0.018 0.028
1 0.408 0.567 0.012 0.026
1 0.134 0.533 0.024 0.022
1 0.307 0.521 0.022 0.03
1 0.382 0.656 0.024 0.02
1 0.461 0.486 0.026 0.036
1 0.823 0.521 0.03 0.03
1 0.833 0.449 0.022 0.022
1 0.423 0.861 0.018 0.022
1 0.325 0.772 0.022 0.036
1 0.607 0.075 0.014 0.03
1 0.627 0.072 0.03 0.028
1 0.74 0.66 0.02 0.032
1 0.88 0.089 0.032 0.022
1 0.846 0.1 0.016 0.032
1 0.864 0.109 0.012 0.03
1 0.496 0.603 0.02 0.026
1 0.982 0.371 0.008 0.018
1 0.988 0.264 0.02 0.02
1 0.992 0.281 0.012 0.018
1 0.968 0.873 0.024 0.026
1 0.992 0.855 0.012 0.034
2 0.888 0.328 0.024 0.048
2 0.936 0.672 0.024 0.032
2 0.517 0.597 0.018 0.03
2 0.506 0.253 0.036 0.026
2 0.485 0.274 0.022 0.032
2 0.089 0.542 0.03 0.036
2 0.837 0.009 0.034 0.018
2 0.667 0.025 0.034 0.05
2 0.171 0.215 0.034 0.022
2 0.259 0.966 0.03 0.028
2 0.889 0.981 0.042 0.034
2 0.906 0.972 0.02 0.032
2 0.624 0.472 0.032 0.04
2 0.773 0.461 0.034 0.03
2 0.85 0.394 0.044 0.04
2 0.179 0.579 0.022 0.018
2 0.208 0.559 0.024 0.026
2 0.139 0.51 0.018 0.02
2 0.432 0.721 0.032 0.03
2 0.476 0.751 0.024 0.018
2 0.561 0.054 0.026 0.032
2 0.567 0.014 0.042 0.028
2 0.81 0.089 0.024 0.042
2 0.631 0.045 0.026 0.026
2 0.162 0.267 0.024 0.03
2 0.991 0.343 0.014 0.018
2 0.788 0.742 0.028 0.04
2 0.934 0.896 0.032 0.036
2 0.954 0.867 0.02 0.026
2 0.947 0.833 0.022 0.042