0 0.072 0.052 0.04 0.052
0 0.086 0.114 0.044 0.056
0 0.065 0.19 0.034 0.056
0 0.025 0.255 0.03 0.062
0 0.224 0.024 0.04 0.044
0 0.302 0.15 0.04 0.048
0 0.172 0.133 0.04 0.054
0 0.135 0.039 0.042 0.054
0 0.116 0.169 0.04 0.05
0 0.097 0.253 0.046 0.05
0 0.095 0.223 0.054 0.03
0 0.209 0.146 0.03 0.052
0 0.344 0.179 0.036 0.046
0 0.203 0.253 0.042 0.046
0 0.418 0.147 0.052 0.05
0 0.563 0.051 0.05 0.066
0 0.44 0.195 0.04 0.042
0 0.522 0.261 0.04 0.054
0 0.337 0.246 0.038 0.068
0 0.152 0.311 0.052 0.05
0 0.194 0.319 0.04 0.054
0 0.196 0.423 0.032 0.046
0 0.243 0.422 0.046 0.052
0 0.273 0.325 0.046 0.058
0 0.301 0.349 0.03 0.058
0 0.408 0.273 0.04 0.046
0 0.392 0.269 0.02 0.03
0 0.656 0.203 0.04 0.058
0 0.613 0.159 0.042 0.07
0 0.603 0.089 0.034 0.054
0 0.498 0.08 0.04 0.072
0 0.033 0.445 0.034 0.058
0 0.025 0.508 0.034 0.04
0 0.1 0.446 0.04 0.044
0 0.03 0.566 0.028 0.04
0 0.157 0.539 0.034 0.034
0 0.188 0.481 0.032 0.034
0 0.065 0.486 0.038 0.04
0 0.063 0.504 0.026 0.024
0 0.007 0.361 0.014 0.046
0 0.188 0.36 0.036 0.036
0 0.092 0.346 0.024 0.036
0 0.353 0.323 0.026 0.03
0 0.007 0.197 0.014 0.034
0 0.005 0.16 0.01 0.024
0 0.011 0.009 0.022 0.018
0 0.139 0.117 0.022 0.026
0 0.334 0.078 0.036 0.072
0 0.168 0.228 0.024 0.028
0 0.251 0.153 0.018 0.042
0 0.431 0.075 0.038 0.058
0 0.458 0.228 0.02 0.024
0 0.76 0.023 0.048 0.046
0 0.761 0.105 0.042 0.062
0 0.806 0.094 0.056 0.076
0 0.875 0.033 0.062 0.066
0 0.896 0.057 0.024 0.034
0 0.885 0.083 0.022 0.022
0 0.99 0.023 0.016 0.034
0 0.943 0.099 0.038 0.058
0 0.846 0.244 0.04 0.052
0 0.855 0.213 0.034 0.038
0 0.988 0.279 0.02 0.058
0 0.882 0.34 0.032 0.032
0 0.781 0.336 0.042 0.056
0 0.726 0.225 0.048 0.066
0 0.555 0.127 0.05 0.042
0 0.442 0.387 0.036 0.038
0 0.431 0.426 0.038 0.044
0 0.567 0.358 0.034 0.04
0 0.583 0.349 0.018 0.03
0 0.51 0.334 0.044 0.052
0 0.503 0.308 0.018 0.024
0 0.663 0.308 0.042 0.052
0 0.588 0.493 0.032 0.054
0 0.568 0.517 0.024 0.03
0 0.628 0.532 0.04 0.052
0 0.677 0.517 0.034 0.042
0 0.658 0.474 0.048 0.052
0 0.619 0.421 0.022 0.03
0 0.635 0.405 0.026 0.038
0 0.556 0.402 0.028 0.028
0 0.766 0.434 0.044 0.06
0 0.778 0.457 0.044 0.05
0 0.855 0.428 0.038 0.052
0 0.799 0.531 0.034 0.05
0 0.83 0.534 0.044 0.056
0 0.859 0.494 0.022 0.024
0 0.948 0.452 0.04 0.056
0 0.982 0.491 0.032 0.05
0 0.964 0.476 0.048 0.052
0 0.991 0.353 0.014 0.046
0 0.916 0.273 0.044 0.07
0 0.836 0.479 0.02 0.018
0 0.86 0.6 0.04 0.052
0 0.864 0.662 0.036 0.04
0 0.842 0.695 0.04 0.05
0 0.92 0.648 0.036 0.04
0 0.985 0.714 0.026 0.052
0 0.929 0.677 0.034 0.054
0 0.962 0.739 0.024 0.038
0 0.951 0.768 0.018 0.028
0 0.884 0.726 0.02 0.024
0 0.94 0.864 0.032 0.048
0 0.911 0.871 0.03 0.05
0 0.99 0.842 0.016 0.032
0 0.864 0.838 0.044 0.036
0 0.9 0.938 0.028 0.036
0 0.985 0.926 0.026 0.056
0 0.934 0.921 0.028 0.038
0 0.979 0.985 0.038 0.026
0 0.814 0.93 0.032 0.048
0 0.772 0.861 0.032 0.03
0 0.774 0.92 0.04 0.04
0 0.76 0.955 0.032 0.03
0 0.852 0.877 0.032 0.038
0 0.722 0.958 0.028 0.036
0 0.79 0.977 0.028 0.042
0 0.576 0.952 0.028 0.032
0 0.602 0.917 0.028 0.038
0 0.553 0.948 0.022 0.044
0 0.513 0.984 0.034 0.028
0 0.652 0.839 0.028 0.034
0 0.698 0.962 0.032 0.064
0 0.682 0.89 0.028 0.024
0 0.74 0.821 0.044 0.03
0 0.7 0.819 0.04 0.05
0 0.019 0.976 0.026 0.032
0 0.047 0.979 0.026 0.038
0 0.026 0.906 0.02 0.036
0 0.011 0.912 0.022 0.036
0 0.029 0.852 0.018 0.032
0 0.046 0.85 0.02 0.04
0 0.106 0.947 0.032 0.034
0 0.007 0.858 0.014 0.028
0 0.189 0.862 0.026 0.028
0 0.217 0.896 0.038 0.028
0 0.205 0.972 0.026 0.032
0 0.253 0.976 0.038 0.044
0 0.277 0.93 0.034 0.028
0 0.119 0.906 0.026 0.044
0 0.136 0.885 0.044 0.046
0 0.088 0.82 0.024 0.032
0 0.039 0.782 0.022 0.032
0 0.116 0.768 0.028 0.032
0 0.039 0.809 0.022 0.026
0 0.076 0.863 0.032 0.038
0 0.354 0.928 0.036 0.044
0 0.396 0.975 0.032 0.026
0 0.355 0.989 0.018 0.018
0 0.285 0.971 0.018 0.018
0 0.313 0.99 0.026 0.016
0 0.429 0.921 0.026 0.03
0 0.4 0.922 0.028 0.032
0 0.322 0.915 0.036 0.03
0 0.418 0.86 0.028 0.028
0 0.481 0.873 0.022 0.038
0 0.485 0.769 0.026 0.034
0 0.455 0.857 0.026 0.038
0 0.388 0.773 0.028 0.034
0 0.437 0.78 0.03 0.044
0 0.367 0.831 0.03 0.026
0 0.372 0.878 0.02 0.016
0 0.418 0.821 0.028 0.03
0 0.366 0.809 0.012 0.022
0 0.287 0.84 0.014 0.024
0 0.166 0.804 0.032 0.028
0 0.226 0.801 0.036 0.026
0 0.221 0.772 0.03 0.036
0 0.163 0.76 0.038 0.024
0 0.046 0.743 0.028 0.026
0 0.013 0.692 0.026 0.04
0 0.112 0.709 0.036 0.038
0 0.158 0.688 0.036 0.028
0 0.185 0.719 0.042 0.042
0 0.167 0.637 0.034 0.026
0 0.205 0.62 0.042 0.036
0 0.17 0.602 0.028 0.032
0 0.283 0.633 0.042 0.038
0 0.191 0.581 0.038 0.034
0 0.086 0.697 0.024 0.038
0 0.076 0.724 0.032 0.044
0 0.309 0.714 0.034 0.032
0 0.355 0.726 0.034 0.032
0 0.374 0.64 0.032 0.044
0 0.417 0.679 0.022 0.03
0 0.393 0.672 0.026 0.02
0 0.423 0.629 0.03 0.034
0 0.402 0.712 0.028 0.028
0 0.575 0.613 0.042 0.054
0 0.638 0.617 0.028 0.046
0 0.511 0.56 0.038 0.052
0 0.404 0.536 0.04 0.052
0 0.528 0.514 0.032 0.04
0 0.536 0.612 0.024 0.044
0 0.503 0.618 0.034 0.06
0 0.684 0.775 0.028 0.042
0 0.778 0.718 0.04 0.036
0 0.792 0.782 0.028 0.044
0 0.744 0.702 0.032 0.032
0 0.715 0.652 0.042 0.048
0 0.734 0.545 0.036 0.046
0 0.6 0.812 0.036 0.036
0 0.555 0.893 0.022 0.026
0 0.649 0.667 0.038 0.038
0 0.759 0.609 0.042 0.054
0 0.709 0.711 0.05 0.054
0 0.211 0.558 0.03 0.036
0 0.241 0.615 0.03 0.034
0 0.247 0.659 0.034 0.034
0 0.184 0.663 0.04 0.022
0 0.64 0.76 0.04 0.052
0 0.617 0.778 0.026 0.028
0 0.569 0.654 0.022 0.024
0 0.49 0.727 0.02 0.018
0 0.431 0.747 0.022 0.026
0 0.568 0.808 0.024 0.02
0 0.22 0.722 0.016 0.024
0 0.267 0.651 0.03 0.026
0 0.235 0.547 0.026 0.026
0 0.213 0.514 0.022 0.024
0 0.243 0.525 0.018 0.03
0 0.158 0.487 0.016 0.034
0 0.418 0.314 0.032 0.068
0 0.745 0.266 0.018 0.032
0 0.612 0.309 0.024 0.018
0 0.881 0.788 0.026 0.02
0 0.639 0.971 0.014 0.03
0 0.624 0.992 0.032 0.012
0 0.063 0.742 0.018 0.028
1 0.974 0.595 0.024 0.022
1 0.226 0.135 0.012 0.03
1 0.12 0.067 0.016 0.022
1 0.752 0.064 0.024 0.02
1 0.952 0.033 0.012 0.022
1 0.827 0.319 0.018 0.022
1 0.655 0.009 0.014 0.018
1 0.556 0.434 0.016 0.016
1 0.545 0.458 0.018 0.016
1 0.647 0.382 0.018 0.016
1 0.145 0.877 0.01 0.018
1 0.326 0.812 0.012 0.02
1 0.25 0.755 0.02 0.022
1 0.501 0.671 0.018 0.018
1 0.528 0.641 0.024 0.018
1 0.714 0.568 0.02 0.016
1 0.666 0.557 0.02 0.022
1 0.749 0.735 0.014 0.018
1 0.6 0.863 0.02 0.018
1 0.348 0.448 0.02 0.016
1 0.967 0.416 0.022 0.012
1 0.145 0.877 0.01 0.022
2 0.054 0.45 0.032 0.04
2 0.133 0.484 0.046 0.04
2 0.122 0.375 0.016 0.022
2 0.231 0.311 0.018 0.046
2 0.255 0.39 0.042 0.04
2 0.042 0.064 0.032 0.06
2 0.129 0.147 0.034 0.042
2 0.311 0.13 0.038 0.024
2 0.304 0.043 0.02 0.03
2 0.457 0.255 0.042 0.038
2 0.785 0.038 0.042 0.04
2 0.882 0.169 0.044 0.042
2 0.926 0.151 0.028 0.038
2 0.982 0.238 0.028 0.044
2 0.655 0.136 0.038 0.044
2 0.716 0.133 0.032 0.05
2 0.566 0.15 0.028 0.024
2 0.662 0.063 0.016 0.022
2 0.913 0.53 0.03 0.028
2 0.973 0.679 0.022 0.026
2 0.894 0.651 0.028 0.046
2 0.943 0.958 0.026 0.052
2 0.836 0.906 0.02 0.032
2 0.811 0.969 0.022 0.026
2 0.02 0.953 0.016 0.01
2 0.146 0.924 0.02 0.02
2 0.372 0.988 0.024 0.02
2 0.35 0.813 0.024 0.022
2 0.266 0.862 0.016 0.02
2 0.738 0.893 0.024 0.026
2 0.755 0.845 0.03 0.022
2 0.641 0.808 0.018 0.032
2 0.553 0.796 0.018 0.028
2 0.232 0.707 0.024 0.026
2 0.262 0.711 0.02 0.022
2 0.136 0.597 0.028 0.03
2 0.489 0.469 0.03 0.026
2 0.44 0.492 0.02 0.032
2 0.719 0.403 0.018 0.05
2 0.756 0.385 0.032 0.034
2 0.782 0.281 0.044 0.058
2 0.776 0.162 0.02 0.028
2 0.588 0.851 0.032 0.042
2 0.145 0.707 0.018 0.018
2 0.38 0.24 0.024 0.024
2 0.232 0.495 0.032 0.042