0 0.193 0.151 0.046 0.074
0 0.089 0.01 0.07 0.016
0 0.108 0.046 0.044 0.06
0 0.157 0.058 0.046 0.044
0 0.17 0.019 0.044 0.038
0 0.254 0.079 0.04 0.046
0 0.299 0.103 0.042 0.062
0 0.316 0.126 0.04 0.044
0 0.349 0.095 0.038 0.05
0 0.382 0.118 0.04 0.056
0 0.444 0.136 0.048 0.06
0 0.554 0.153 0.044 0.046
0 0.572 0.184 0.044 0.052
0 0.524 0.048 0.048 0.052
0 0.792 0.145 0.044 0.058
0 0.869 0.213 0.042 0.05
0 0.895 0.075 0.046 0.054
0 0.825 0.046 0.042 0.028
0 0.728 0.28 0.052 0.052
0 0.702 0.318 0.044 0.056
0 0.813 0.339 0.038 0.054
0 0.82 0.37 0.056 0.068
0 0.861 0.311 0.058 0.042
0 0.906 0.393 0.048 0.042
0 0.91 0.438 0.052 0.04
0 0.8 0.45 0.048 0.056
0 0.821 0.485 0.03 0.054
0 0.876 0.509 0.048 0.062
0 0.928 0.536 0.064 0.06
0 0.982 0.559 0.032 0.062
0 0.987 0.621 0.022 0.062
0 0.981 0.687 0.034 0.066
0 0.548 0.597 0.052 0.054
0 0.649 0.597 0.046 0.078
0 0.707 0.647 0.038 0.062
0 0.819 0.589 0.042 0.054
0 0.806 0.537 0.04 0.054
0 0.763 0.61 0.038 0.056
0 0.855 0.659 0.054 0.082
0 0.927 0.661 0.034 0.058
0 0.9 0.766 0.04 0.06
0 0.985 0.77 0.026 0.048
0 0.676 0.828 0.04 0.068
0 0.735 0.842 0.046 0.064
0 0.58 0.271 0.06 0.05
0 0.457 0.291 0.05 0.066
0 0.363 0.357 0.038 0.062
0 0.428 0.338 0.056 0.064
0 0.457 0.408 0.054 0.056
0 0.582 0.335 0.04 0.054
0 0.601 0.436 0.034 0.044
0 0.763 0.426 0.054 0.064
0 0.197 0.601 0.046 0.074
0 0.346 0.548 0.04 0.064
0 0.361 0.631 0.038 0.07
0 0.399 0.55 0.046 0.064
0 0.451 0.64 0.046 0.056
0 0.499 0.729 0.05 0.07
0 0.382 0.75 0.04 0.064
0 0.439 0.735 0.05 0.074
0 0.589 0.796 0.05 0.06
0 0.577 0.832 0.05 0.036
0 0.899 0.932 0.042 0.072
0 0.756 0.902 0.048 0.06
0 0.59 0.974 0.056 0.048
0 0.642 0.956 0.044 0.072
0 0.717 0.956 0.054 0.068
0 0.686 0.881 0.04 0.066
0 0.882 0.821 0.056 0.046
0 0.298 0.759 0.048 0.066
0 0.21 0.877 0.052 0.082
0 0.235 0.952 0.05 0.064
0 0.269 0.942 0.034 0.076
0 0.341 0.957 0.042 0.054
0 0.318 0.868 0.036 0.064
0 0.349 0.848 0.034 0.06
0 0.389 0.896 0.05 0.064
0 0.412 0.84 0.056 0.064
0 0.498 0.977 0.044 0.042
0 0.621 0.885 0.03 0.062
0 0.159 0.317 0.038 0.058
0 0.085 0.209 0.042 0.058
0 0.117 0.279 0.042 0.062
0 0.021 0.399 0.042 0.062
0 0.069 0.413 0.042 0.062
0 0.112 0.467 0.048 0.078
0 0.113 0.527 0.038 0.042
0 0.097 0.564 0.062 0.06
0 0.087 0.631 0.038 0.066
0 0.256 0.464 0.048 0.06
0 0.221 0.474 0.05 0.076
0 0.27 0.385 0.052 0.05
0 0.179 0.429 0.046 0.058
0 0.382 0.459 0.044 0.058
0 0.695 0.472 0.042 0.052
0 0.669 0.411 0.05 0.046
0 0.647 0.446 0.034 0.048
0 0.1 0.944 0.04 0.064
0 0.036 0.843 0.044 0.062
0 0.071 0.875 0.038 0.05
0 0.015 0.929 0.03 0.062
0 0.076 0.992 0.036 0.012
0 0.181 0.913 0.034 0.046
0 0.123 0.641 0.05 0.07
0 0.135 0.683 0.046 0.054
0 0.024 0.248 0.044 0.06
0 0.082 0.118 0.044 0.044
0 0.009 0.103 0.018 0.046
0 0.31 0.011 0.032 0.022
0 0.314 0.035 0.044 0.034
0 0.416 0.022 0.04 0.032
0 0.6 0.024 0.036 0.032
0 0.611 0.015 0.038 0.03
0 0.639 0.013 0.034 0.026
0 0.507 0.024 0.034 0.032
0 0.647 0.122 0.042 0.048
0 0.648 0.177 0.048 0.054
0 0.785 0.044 0.042 0.056
0 0.539 0.45 0.046 0.06
0 0.153 0.242 0.046 0.044
0 0.135 0.222 0.05 0.04
0 0.687 0.688 0.038 0.064
0 0.756 0.707 0.044 0.054
0 0.758 0.671 0.056 0.058
0 0.834 0.807 0.052 0.07
0 0.855 0.976 0.042 0.044
0 0.717 0.359 0.042 0.042
0 0.782 0.275 0.044 0.05
0 0.836 0.074 0.052 0.032
0 0.525 0.367 0.046 0.062
0 0.631 0.347 0.038 0.046
0 0.536 0.514 0.04 0.06
0 0.454 0.492 0.048 0.044
0 0.223 0.185 0.062 0.058
0 0.257 0.129 0.038 0.05
0 0.295 0.299 0.046 0.086
0 0.685 0.045 0.038 0.058
0 0.98 0.244 0.036 0.048
0 0.966 0.271 0.04 0.038
0 0.65 0.888 0.028 0.052
0 0.526 0.923 0.04 0.058
0 0.28 0.686 0.044 0.056
0 0.214 0.698 0.06 0.072
0 0.025 0.775 0.05 0.054
0 0.037 0.804 0.042 0.032
0 0.086 0.733 0.036 0.046
0 0.043 0.68 0.03 0.06
0 0.033 0.707 0.034 0.046
0 0.016 0.733 0.032 0.046
0 0.038 0.617 0.028 0.034
0 0.029 0.642 0.026 0.036
0 0.009 0.637 0.018 0.054
0 0.334 0.637 0.032 0.058
0 0.981 0.408 0.034 0.068
0 0.853 0.274 0.042 0.024
0 0.846 0.245 0.056 0.042
0 0.859 0.725 0.038 0.058
0 0.472 0.226 0.036 0.036
0 0.489 0.177 0.034 0.046
0 0.973 0.899 0.05 0.074
0 0.945 0.968 0.038 0.048
0 0.27 0.216 0.04 0.052
0 0.399 0.171 0.026 0.042
0 0.38 0.292 0.032 0.052
0 0.049 0.501 0.042 0.054
0 0.154 0.356 0.032 0.028
0 0.192 0.562 0.04 0.044
0 0.223 0.656 0.054 0.036
0 0.158 0.969 0.04 0.05
0 0.416 0.046 0.04 0.02
0 0.566 0.072 0.032 0.032
0 0.48 0.029 0.024 0.022
0 0.575 0.878 0.062 0.064
0 0.506 0.435 0.032 0.05
0 0.821 0.749 0.038 0.062
0 0.429 0.913 0.034 0.078
0 0.499 0.854 0.042 0.064
0 0.952 0.163 0.04 0.046
0 0.976 0.197 0.04 0.038
0 0.039 0.21 0.026 0.044
0 0.734 0.065 0.028 0.054
0 0.747 0.123 0.05 0.046
0 0.71 0.91 0.028 0.048
0 0.778 0.849 0.032 0.03
0 0.905 0.877 0.038 0.046
0 0.961 0.336 0.042 0.06
0 0.801 0.724 0.038 0.028
0 0.931 0.192 0.018 0.032
1 0.283 0.062 0.022 0.028
1 0.441 0.532 0.018 0.02
1 0.863 0.172 0.026 0.024
1 0.48 0.051 0.024 0.018
1 0.543 0.629 0.026 0.018
1 0.441 0.691 0.038 0.026
1 0.352 0.792 0.02 0.032
1 0.273 0.005 0.034 0.01
1 0.453 0.459 0.03 0.018
1 0.074 0.839 0.028 0.018
1 0.342 0.695 0.024 0.034
1 0.464 0.246 0.02 0.012
1 0.078 0.367 0.032 0.03
1 0.204 0.104 0.016 0.016
1 0.181 0.535 0.022 0.038
1 0.238 0.533 0.024 0.022
1 0.304 0.531 0.024 0.03
1 0.252 0.561 0.036 0.022
1 0.441 0.551 0.018 0.014
1 0.476 0.535 0.036 0.018
1 0.109 0.106 0.022 0.024
1 0.631 0.29 0.022 0.024
1 0.537 0.274 0.026 0.036
1 0.044 0.156 0.024 0.02
1 0.012 0.295 0.024 0.026
1 0.224 0.082 0.016 0.036
1 0.156 0.64 0.016 0.028
1 0.015 0.967 0.03 0.022
1 0.059 0.969 0.03 0.022
1 0.085 0.911 0.026 0.018
1 0.26 0.839 0.016 0.042
1 0.279 0.625 0.03 0.03
1 0.565 0.728 0.03 0.024
1 0.562 0.764 0.02 0.028
1 0.359 0.394 0.022 0.012
1 0.568 0.916 0.028 0.02
1 0.573 0.459 0.022 0.034
1 0.612 0.461 0.024 0.022
1 0.476 0.453 0.016 0.018
1 0.798 0.715 0.02 0.01
1 0.855 0.427 0.018 0.026
1 0.777 0.238 0.022 0.02
1 0.948 0.399 0.036 0.046
1 0.87 0.744 0.012 0.028
1 0.701 0.777 0.042 0.034
1 0.723 0.008 0.018 0.016
1 0.738 0.017 0.024 0.026
1 0.682 0.129 0.012 0.014
1 0.94 0.062 0.036 0.024
1 0.72 0.431 0.028 0.03
1 0.762 0.353 0.028 0.022
1 0.479 0.577 0.034 0.014
1 0.62 0.525 0.02 0.014
1 0.785 0.522 0.022 0.024
1 0.531 0.853 0.018 0.03
1 0.688 0.983 0.028 0.03
2 0.512 0.301 0.024 0.03
2 0.146 0.122 0.036 0.044
2 0.334 0.196 0.036 0.024
2 0.151 0.787 0.018 0.022
2 0.179 0.779 0.026 0.034
2 0.234 0.815 0.024 0.026
2 0.282 0.802 0.02 0.028
2 0.233 0.608 0.022 0.024
2 0.21 0.438 0.036 0.036
2 0.337 0.326 0.026 0.024
2 0.422 0.386 0.056 0.044
2 0.465 0.84 0.042 0.056
2 0.081 0.312 0.006 0.024
2 0.199 0.29 0.014 0.016
2 0.03 0.898 0.028 0.04
2 0.655 0.044 0.018 0.024
2 0.645 0.068 0.022 0.02
2 0.562 0.651 0.024 0.034
2 0.52 0.815 0.024 0.038
2 0.636 0.808 0.044 0.032
2 0.846 0.872 0.032 0.032
2 0.835 0.901 0.026 0.034
2 0.911 0.723 0.034 0.042
2 0.929 0.828 0.034 0.04
2 0.541 0.982 0.026 0.032
2 0.653 0.642 0.042 0.048
2 0.814 0.697 0.02 0.022
2 0.793 0.698 0.018 0.024
2 0.947 0.123 0.034 0.034
2 0.678 0.16 0.028 0.036
2 0.94 0.226 0.028 0.036
2 0.882 0.352 0.024 0.028
2 0.969 0.582 0.026 0.032