0 0.017 0.407 0.03 0.038
0 0.745 0.109 0.038 0.062
0 0.799 0.018 0.042 0.036
0 0.732 0.054 0.032 0.032
0 0.672 0.063 0.032 0.03
0 0.506 0.107 0.036 0.054
0 0.37 0.078 0.04 0.048
0 0.401 0.15 0.03 0.056
0 0.609 0.259 0.034 0.058
0 0.494 0.261 0.032 0.042
0 0.443 0.255 0.038 0.046
0 0.233 0.022 0.038 0.04
0 0.348 0.349 0.04 0.062
0 0.566 0.462 0.044 0.064
0 0.652 0.459 0.044 0.042
0 0.276 0.208 0.032 0.06
0 0.218 0.34 0.044 0.088
0 0.315 0.466 0.034 0.052
0 0.848 0.388 0.044 0.032
0 0.923 0.546 0.042 0.052
0 0.4 0.499 0.028 0.034
0 0.43 0.547 0.04 0.066
0 0.225 0.529 0.034 0.05
0 0.329 0.582 0.026 0.036
0 0.298 0.541 0.024 0.046
0 0.27 0.646 0.032 0.04
0 0.189 0.587 0.038 0.034
0 0.135 0.613 0.03 0.046
0 0.164 0.635 0.024 0.034
0 0.108 0.584 0.028 0.028
0 0.096 0.631 0.028 0.034
0 0.032 0.634 0.032 0.036
0 0.744 0.595 0.052 0.054
0 0.814 0.618 0.032 0.036
0 0.782 0.673 0.036 0.05
0 0.698 0.422 0.028 0.04
0 0.863 0.442 0.038 0.036
0 0.974 0.481 0.032 0.038
0 0.127 0.131 0.026 0.046
0 0.131 0.21 0.03 0.04
0 0.087 0.269 0.022 0.058
0 0.033 0.277 0.026 0.042
0 0.017 0.146 0.026 0.032
0 0.133 0.351 0.022 0.026
0 0.831 0.742 0.046 0.068
0 0.892 0.8 0.044 0.052
0 0.875 0.85 0.038 0.036
0 0.879 0.89 0.046 0.06
0 0.739 0.833 0.03 0.022
0 0.723 0.808 0.03 0.044
0 0.621 0.735 0.03 0.074
0 0.576 0.747 0.032 0.054
0 0.186 0.825 0.036 0.074
0 0.156 0.888 0.028 0.048
0 0.527 0.711 0.038 0.054
0 0.525 0.761 0.034 0.042
0 0.434 0.8 0.036 0.032
0 0.453 0.703 0.042 0.086
0 0.302 0.786 0.028 0.044
0 0.288 0.844 0.028 0.052
0 0.284 0.926 0.036 0.044
0 0.652 0.886 0.036 0.032
0 0.539 0.899 0.05 0.082
0 0.09 0.479 0.028 0.03
0 0.909 0.608 0.042 0.036
0 0.449 0.598 0.034 0.044
0 0.181 0.695 0.038 0.062
0 0.072 0.9 0.028 0.04
0 0.65 0.952 0.036 0.032
0 0.687 0.977 0.03 0.03
0 0.447 0.987 0.034 0.022
0 0.134 0.73 0.024 0.048
0 0.071 0.671 0.026 0.03
0 0.01 0.697 0.016 0.026
0 0.017 0.204 0.03 0.032
0 0.035 0.224 0.022 0.02
0 0.012 0.24 0.02 0.02
0 0.487 0.723 0.034 0.078
0 0.602 0.873 0.024 0.03
0 0.114 0.965 0.02 0.038
0 0.191 0.447 0.038 0.054
0 0.222 0.99 0.06 0.016
1 0.181 0.089 0.018 0.022
1 0.023 0.044 0.018 0.024
1 0.116 0.166 0.02 0.016
1 0.937 0.009 0.018 0.018
1 0.978 0.044 0.028 0.02
1 0.932 0.046 0.028 0.024
1 0.743 0.186 0.018 0.02
1 0.422 0.306 0.016 0.024
1 0.46 0.012 0.024 0.016
1 0.971 0.767 0.026 0.026
1 0.803 0.877 0.026 0.034
1 0.994 0.851 0.008 0.03
1 0.994 0.958 0.008 0.024
1 0.927 0.69 0.03 0.04
1 0.874 0.685 0.028 0.022
1 0.832 0.583 0.024 0.034
1 0.858 0.524 0.028 0.028
1 0.893 0.578 0.018 0.016
1 0.975 0.789 0.026 0.018
1 0.562 0.266 0.012 0.02
1 0.821 0.272 0.022 0.016
1 0.823 0.194 0.01 0.012
1 0.971 0.265 0.018 0.018
1 0.662 0.006 0.024 0.008
1 0.127 0.281 0.014 0.026
1 0.095 0.356 0.018 0.02
1 0.026 0.458 0.02 0.02
1 0.342 0.273 0.016 0.014
1 0.484 0.34 0.032 0.02
1 0.758 0.55 0.024 0.016
1 0.564 0.584 0.012 0.016
1 0.555 0.565 0.018 0.022
1 0.914 0.95 0.028 0.016
1 0.742 0.885 0.028 0.014
1 0.493 0.893 0.018 0.026
1 0.632 0.831 0.036 0.018
1 0.365 0.821 0.022 0.014
1 0.364 0.867 0.024 0.022
1 0.21 0.723 0.02 0.018
1 0.202 0.758 0.024 0.02
1 0.067 0.773 0.018 0.014
1 0.084 0.806 0.02 0.016
1 0.062 0.828 0.032 0.024
1 0.175 0.391 0.018 0.022
1 0.12 0.554 0.02 0.02
1 0.037 0.572 0.022 0.016
1 0.227 0.888 0.014 0.024
1 0.488 0.188 0.032 0.032
1 0.812 0.214 0.02 0.024
1 0.882 0.232 0.024 0.032
1 0.87 0.254 0.02 0.02
1 0.319 0.946 0.018 0.02
1 0.006 0.115 0.008 0.014
1 0.756 0.968 0.02 0.024
2 0.541 0.376 0.038 0.036
2 0.596 0.084 0.02 0.032
2 0.635 0.15 0.018 0.044
2 0.519 0.224 0.018 0.02
2 0.794 0.243 0.028 0.046
2 0.725 0.22 0.022 0.028
2 0.991 0.272 0.014 0.028
2 0.903 0.27 0.03 0.032
2 0.928 0.076 0.032 0.028
2 0.944 0.116 0.032 0.028
2 0.546 0.015 0.032 0.026
2 0.263 0.052 0.026 0.048
2 0.02 0.09 0.028 0.032
2 0.85 0.254 0.012 0.016
2 0.781 0.331 0.022 0.034
2 0.801 0.362 0.026 0.028
2 0.734 0.387 0.016 0.022
2 0.742 0.424 0.024 0.02
2 0.949 0.363 0.026 0.022
2 0.779 0.461 0.03 0.026
2 0.977 0.418 0.026 0.016
2 0.749 0.506 0.022 0.032
2 0.529 0.56 0.026 0.024
2 0.692 0.632 0.016 0.02
2 0.699 0.675 0.026 0.026
2 0.682 0.733 0.036 0.05
2 0.655 0.835 0.022 0.022
2 0.938 0.832 0.012 0.02
2 0.935 0.971 0.022 0.022
2 0.936 0.987 0.032 0.022
2 0.613 0.985 0.042 0.026
2 0.473 0.858 0.022 0.016
2 0.537 0.832 0.022 0.012
2 0.597 0.906 0.022 0.024
2 0.557 0.979 0.018 0.026
2 0.505 0.973 0.03 0.038
2 0.37 0.841 0.012 0.014
2 0.37 0.881 0.02 0.01
2 0.383 0.86 0.01 0.024
2 0.405 0.963 0.034 0.034
2 0.034 0.954 0.016 0.024
2 0.162 0.759 0.02 0.018
2 0.084 0.748 0.02 0.016
2 0.077 0.788 0.018 0.012
2 0.034 0.827 0.02 0.026
2 0.374 0.632 0.024 0.02
2 0.683 0.506 0.026 0.04
2 0.643 0.413 0.034 0.034
2 0.213 0.175 0.03 0.026
2 0.194 0.258 0.032 0.044
2 0.205 0.306 0.018 0.04
2 0.255 0.409 0.018 0.018
2 0.293 0.423 0.03 0.038
2 0.261 0.886 0.022 0.028
2 0.378 0.953 0.02 0.022
2 0.377 0.751 0.026 0.026
2 0.741 0.935 0.014 0.026
2 0.772 0.982 0.016 0.032
2 0.714 0.99 0.008 0.008
2 0.459 0.128 0.03 0.02
2 0.079 0.184 0.018 0.016
2 0.008 0.479 0.012 0.038
2 0.057 0.541 0.022 0.054
2 0.356 0.425 0.016 0.018