0 0.35 0.569 0.052 0.102
0 0.766 0.514 0.04 0.064
0 0.709 0.504 0.034 0.064
0 0.648 0.483 0.048 0.082
0 0.677 0.399 0.042 0.078
0 0.739 0.41 0.034 0.084
0 0.839 0.464 0.03 0.044
0 0.936 0.577 0.044 0.05
0 0.934 0.52 0.044 0.064
0 0.867 0.547 0.038 0.054
0 0.839 0.601 0.046 0.066
0 0.705 0.67 0.034 0.052
0 0.718 0.725 0.032 0.038
0 0.946 0.72 0.044 0.084
0 0.917 0.681 0.05 0.078
0 0.904 0.748 0.032 0.044
0 0.858 0.73 0.052 0.052
0 0.845 0.686 0.034 0.036
0 0.765 0.898 0.05 0.092
0 0.756 0.783 0.04 0.058
0 0.852 0.368 0.036 0.08
0 0.837 0.277 0.042 0.058
0 0.798 0.338 0.028 0.052
0 0.388 0.955 0.04 0.066
0 0.416 0.939 0.028 0.062
0 0.421 0.883 0.03 0.038
0 0.377 0.888 0.054 0.096
0 0.413 0.801 0.038 0.058
0 0.354 0.826 0.044 0.064
0 0.256 0.808 0.056 0.092
0 0.217 0.802 0.046 0.072
0 0.197 0.754 0.042 0.06
0 0.254 0.713 0.036 0.058
0 0.2 0.65 0.04 0.052
0 0.626 0.657 0.044 0.062
0 0.6 0.59 0.056 0.08
0 0.576 0.643 0.032 0.042
0 0.535 0.578 0.038 0.06
0 0.463 0.585 0.042 0.074
0 0.413 0.536 0.026 0.044
0 0.554 0.957 0.044 0.082
0 0.595 0.921 0.038 0.054
0 0.63 0.912 0.024 0.068
0 0.699 0.891 0.046 0.074
0 0.603 0.823 0.034 0.05
0 0.565 0.8 0.046 0.076
0 0.507 0.75 0.034 0.048
0 0.433 0.731 0.038 0.054
0 0.216 0.584 0.048 0.052
0 0.168 0.545 0.024 0.03
0 0.323 0.449 0.034 0.074
0 0.282 0.484 0.04 0.08
0 0.158 0.488 0.036 0.056
0 0.111 0.453 0.038 0.058
0 0.026 0.503 0.044 0.062
0 0.259 0.92 0.038 0.04
0 0.194 0.977 0.04 0.042
0 0.141 0.969 0.05 0.058
0 0.686 0.964 0.036 0.068
0 0.731 0.903 0.03 0.07
0 0.236 0.881 0.04 0.066
0 0.2 0.858 0.028 0.052
0 0.102 0.835 0.028 0.042
0 0.077 0.856 0.026 0.068
0 0.104 0.721 0.04 0.074
0 0.035 0.708 0.034 0.064
0 0.653 0.713 0.03 0.042
0 0.622 0.705 0.032 0.042
0 0.771 0.751 0.026 0.03
0 0.551 0.465 0.034 0.086
0 0.604 0.42 0.036 0.048
0 0.594 0.472 0.044 0.072
0 0.682 0.321 0.044 0.038
0 0.674 0.263 0.048 0.074
0 0.588 0.279 0.036 0.058
0 0.571 0.252 0.042 0.048
0 0.475 0.272 0.03 0.068
0 0.549 0.351 0.046 0.062
0 0.426 0.426 0.044 0.076
0 0.38 0.409 0.04 0.074
0 0.943 0.386 0.026 0.044
0 0.913 0.273 0.042 0.058
0 0.914 0.183 0.048 0.082
0 0.977 0.073 0.03 0.05
0 0.871 0.032 0.022 0.04
0 0.899 0.125 0.034 0.074
0 0.812 0.108 0.04 0.076
0 0.806 0.161 0.028 0.054
0 0.73 0.147 0.044 0.082
0 0.566 0.141 0.044 0.082
0 0.623 0.13 0.038 0.044
0 0.627 0.042 0.042 0.08
0 0.554 0.044 0.04 0.076
0 0.442 0.098 0.032 0.08
0 0.242 0.375 0.036 0.07
0 0.26 0.313 0.028 0.066
0 0.349 0.296 0.046 0.056
0 0.377 0.241 0.042 0.062
0 0.414 0.212 0.036 0.068
0 0.2 0.31 0.04 0.056
0 0.136 0.343 0.04 0.066
0 0.162 0.324 0.028 0.088
0 0.393 0.083 0.046 0.066
0 0.318 0.083 0.024 0.058
0 0.268 0.097 0.04 0.062
0 0.221 0.116 0.026 0.068
0 0.144 0.039 0.036 0.054
0 0.028 0.048 0.036 0.048
0 0.271 0.213 0.042 0.062
0 0.213 0.233 0.042 0.058
0 0.127 0.179 0.03 0.078
0 0.06 0.246 0.036 0.076
0 0.086 0.239 0.032 0.094
0 0.111 0.129 0.03 0.05
0 0.05 0.368 0.04 0.056
1 0.78 0.454 0.016 0.028
1 0.786 0.636 0.024 0.02
1 0.785 0.675 0.026 0.038
1 0.793 0.777 0.018 0.018
1 0.982 0.511 0.024 0.03
1 0.982 0.444 0.016 0.024
1 0.919 0.437 0.022 0.022
1 0.782 0.95 0.02 0.024
1 0.822 0.909 0.028 0.054
1 0.432 0.914 0.016 0.024
1 0.208 0.699 0.028 0.034
1 0.162 0.646 0.02 0.02
1 0.856 0.517 0.02 0.022
1 0.692 0.571 0.024 0.03
1 0.632 0.618 0.016 0.016
1 0.435 0.55 0.018 0.032
1 0.425 0.502 0.022 0.028
1 0.462 0.444 0.028 0.036
1 0.694 0.826 0.02 0.024
1 0.481 0.803 0.018 0.022
1 0.349 0.759 0.026 0.018
1 0.301 0.649 0.022 0.022
1 0.287 0.675 0.03 0.014
1 0.299 0.67 0.018 0.012
1 0.284 0.581 0.02 0.03
1 0.237 0.491 0.018 0.022
1 0.217 0.494 0.018 0.04
1 0.199 0.451 0.022 0.03
1 0.178 0.45 0.02 0.028
1 0.16 0.453 0.02 0.03
1 0.709 0.977 0.018 0.022
1 0.928 0.917 0.044 0.03
1 0.931 0.941 0.022 0.03
1 0.885 0.978 0.018 0.024
1 0.97 0.939 0.02 0.026
1 0.517 0.905 0.018 0.026
1 0.069 0.776 0.042 0.032
1 0.143 0.758 0.026 0.02
1 0.061 0.659 0.018 0.018
1 0.031 0.611 0.018 0.022
1 0.125 0.619 0.026 0.05
1 0.631 0.768 0.038 0.044
1 0.677 0.717 0.022 0.022
1 0.789 0.751 0.018 0.022
1 0.47 0.668 0.028 0.024
1 0.775 0.586 0.022 0.02
1 0.78 0.567 0.024 0.022
1 0.747 0.576 0.006 0.012
1 0.497 0.508 0.018 0.028
1 0.523 0.282 0.022 0.02
1 0.66 0.351 0.02 0.03
1 0.876 0.234 0.016 0.032
1 0.981 0.258 0.018 0.02
1 0.956 0.136 0.016 0.028
1 0.954 0.039 0.02 0.022
1 0.917 0.039 0.018 0.022
1 0.831 0.134 0.018 0.028
1 0.76 0.146 0.024 0.06
1 0.832 0.212 0.016 0.024
1 0.749 0.274 0.026 0.028
1 0.756 0.249 0.028 0.034
1 0.698 0.141 0.016 0.022
1 0.657 0.198 0.018 0.024
1 0.645 0.101 0.026 0.026
1 0.596 0.058 0.016 0.028
1 0.683 0.034 0.034 0.04
1 0.41 0.046 0.024 0.02
1 0.211 0.388 0.022 0.024
1 0.295 0.31 0.022 0.04
1 0.299 0.276 0.018 0.02
1 0.469 0.183 0.018 0.03
1 0.531 0.252 0.018 0.012
1 0.406 0.266 0.024 0.036
1 0.391 0.333 0.038 0.014
1 0.333 0.357 0.03 0.038
1 0.366 0.134 0.048 0.024
1 0.396 0.124 0.02 0.016
1 0.32 0.047 0.024 0.014
1 0.266 0.021 0.02 0.03
1 0.1 0.011 0.016 0.018
1 0.062 0.018 0.024 0.032
1 0.177 0.204 0.018 0.028
1 0.16 0.216 0.016 0.024
1 0.18 0.165 0.02 0.022
1 0.165 0.145 0.018 0.03
1 0.156 0.091 0.02 0.018
1 0.149 0.075 0.022 0.014
1 0.13 0.415 0.024 0.018
1 0.017 0.389 0.018 0.034
2 0.823 0.74 0.03 0.032
2 0.963 0.458 0.018 0.02
2 0.797 0.844 0.01 0.02
2 0.891 0.838 0.034 0.06
2 0.858 0.836 0.032 0.032
2 0.392 0.7 0.028 0.072
2 0.184 0.567 0.028 0.026
2 0.251 0.96 0.05 0.032
2 0.891 0.956 0.018 0.016
2 0.029 0.858 0.022 0.036
2 0.021 0.661 0.034 0.018
2 0.809 0.524 0.042 0.04
2 0.99 0.276 0.012 0.016
2 0.923 0.32 0.022 0.028
2 0.811 0.308 0.018 0.016
2 0.569 0.088 0.01 0.016
2 0.434 0.347 0.024 0.038
2 0.339 0.187 0.022 0.022
2 0.072 0.327 0.036 0.042