0 0.525 0.391 0.05 0.046
0 0.275 0.336 0.042 0.06
0 0.251 0.294 0.038 0.044
0 0.267 0.242 0.034 0.048
0 0.322 0.272 0.044 0.052
0 0.182 0.261 0.044 0.062
0 0.066 0.229 0.04 0.066
0 0.364 0.69 0.048 0.064
0 0.256 0.705 0.048 0.046
0 0.11 0.64 0.048 0.052
0 0.028 0.577 0.04 0.058
0 0.387 0.209 0.042 0.046
0 0.119 0.158 0.046 0.068
0 0.08 0.153 0.028 0.07
0 0.266 0.028 0.044 0.048
0 0.233 0.07 0.042 0.052
0 0.333 0.062 0.042 0.048
0 0.337 0.414 0.038 0.064
0 0.112 0.285 0.032 0.058
0 0.082 0.289 0.056 0.086
0 0.142 0.091 0.044 0.054
0 0.39 0.292 0.04 0.048
0 0.346 0.258 0.024 0.044
0 0.5 0.163 0.04 0.042
0 0.523 0.113 0.03 0.038
0 0.643 0.136 0.038 0.056
0 0.694 0.069 0.048 0.054
0 0.719 0.071 0.018 0.026
0 0.753 0.083 0.042 0.05
0 0.757 0.124 0.042 0.044
0 0.59 0.21 0.036 0.06
0 0.63 0.312 0.048 0.06
0 0.693 0.33 0.05 0.076
0 0.62 0.382 0.048 0.056
0 0.519 0.456 0.05 0.06
0 0.258 0.508 0.036 0.06
0 0.352 0.564 0.028 0.044
0 0.421 0.57 0.042 0.068
0 0.202 0.126 0.044 0.084
0 0.384 0.429 0.06 0.058
0 0.461 0.374 0.042 0.056
0 0.414 0.359 0.04 0.054
0 0.5 0.379 0.036 0.062
0 0.246 0.137 0.032 0.054
0 0.426 0.111 0.052 0.09
0 0.529 0.568 0.054 0.076
0 0.113 0.504 0.05 0.076
0 0.081 0.388 0.038 0.056
0 0.546 0.203 0.048 0.066
0 0.7 0.18 0.04 0.048
0 0.336 0.155 0.044 0.062
0 0.463 0.039 0.042 0.042
0 0.914 0.467 0.056 0.05
0 0.824 0.453 0.04 0.05
0 0.72 0.45 0.036 0.064
0 0.196 0.361 0.04 0.05
0 0.219 0.326 0.038 0.064
0 0.814 0.167 0.068 0.074
0 0.856 0.188 0.04 0.044
0 0.92 0.197 0.036 0.042
0 0.906 0.242 0.044 0.04
0 0.978 0.233 0.04 0.042
0 0.864 0.279 0.04 0.042
0 0.889 0.313 0.042 0.046
0 0.804 0.297 0.028 0.034
0 0.844 0.242 0.04 0.032
0 0.639 0.254 0.042 0.044
0 0.754 0.233 0.024 0.038
0 0.857 0.546 0.046 0.076
0 0.698 0.594 0.048 0.056
0 0.72 0.644 0.064 0.076
0 0.478 0.827 0.056 0.074
0 0.525 0.875 0.046 0.058
0 0.521 0.955 0.034 0.058
0 0.463 0.951 0.03 0.058
0 0.39 0.746 0.04 0.052
0 0.251 0.794 0.042 0.052
0 0.818 0.685 0.048 0.05
0 0.261 0.59 0.046 0.064
0 0.238 0.591 0.032 0.062
0 0.19 0.562 0.036 0.052
0 0.212 0.524 0.036 0.04
0 0.827 0.815 0.05 0.058
0 0.451 0.668 0.05 0.068
0 0.471 0.093 0.034 0.046
0 0.591 0.079 0.038 0.058
0 0.806 0.06 0.032 0.04
0 0.031 0.392 0.042 0.052
0 0.1 0.465 0.032 0.046
0 0.169 0.446 0.046 0.052
0 0.749 0.369 0.038 0.05
0 0.816 0.362 0.036 0.06
0 0.86 0.37 0.044 0.044
0 0.774 0.422 0.032 0.032
0 0.682 0.451 0.044 0.046
0 0.759 0.525 0.034 0.03
0 0.721 0.557 0.03 0.03
0 0.813 0.536 0.038 0.052
0 0.388 0.365 0.04 0.05
0 0.038 0.528 0.036 0.048
0 0.076 0.593 0.028 0.038
0 0.275 0.654 0.042 0.048
0 0.291 0.625 0.026 0.03
0 0.059 0.718 0.034 0.028
0 0.131 0.717 0.038 0.07
0 0.174 0.731 0.024 0.034
0 0.606 0.619 0.048 0.046
0 0.578 0.671 0.028 0.038
0 0.613 0.719 0.03 0.054
0 0.361 0.787 0.042 0.05
0 0.444 0.763 0.032 0.05
0 0.431 0.801 0.026 0.034
0 0.522 0.708 0.04 0.032
0 0.499 0.645 0.026 0.034
0 0.039 0.843 0.034 0.038
0 0.091 0.862 0.05 0.072
0 0.082 0.909 0.04 0.05
0 0.124 0.872 0.036 0.056
0 0.144 0.981 0.028 0.034
0 0.185 0.802 0.026 0.04
0 0.217 0.818 0.03 0.052
0 0.343 0.914 0.03 0.04
0 0.354 0.944 0.044 0.068
0 0.384 0.935 0.04 0.046
0 0.237 0.964 0.042 0.056
0 0.176 0.968 0.04 0.036
0 0.145 0.904 0.038 0.04
0 0.127 0.924 0.03 0.044
0 0.9 0.563 0.036 0.054
0 0.928 0.545 0.044 0.046
0 0.859 0.634 0.046 0.044
0 0.623 0.867 0.03 0.03
0 0.644 0.905 0.044 0.062
0 0.65 0.948 0.044 0.052
0 0.77 0.887 0.048 0.046
0 0.813 0.906 0.058 0.068
0 0.887 0.909 0.05 0.05
0 0.762 0.821 0.056 0.066
0 0.837 0.77 0.026 0.036
0 0.935 0.755 0.026 0.03
0 0.932 0.836 0.036 0.044
0 0.961 0.883 0.038 0.042
0 0.98 0.969 0.036 0.034
1 0.554 0.44 0.024 0.04
1 0.183 0.171 0.022 0.022
1 0.364 0.085 0.016 0.034
1 0.425 0.013 0.022 0.018
1 0.521 0.039 0.022 0.026
1 0.482 0.113 0.02 0.022
1 0.625 0.075 0.018 0.026
1 0.593 0.043 0.022 0.018
1 0.824 0.046 0.016 0.02
1 0.821 0.104 0.026 0.028
1 0.939 0.067 0.026 0.03
1 0.95 0.083 0.012 0.022
1 0.961 0.072 0.014 0.016
1 0.938 0.096 0.012 0.016
1 0.305 0.209 0.042 0.014
1 0.427 0.208 0.03 0.028
1 0.449 0.208 0.022 0.02
1 0.503 0.257 0.03 0.022
1 0.48 0.29 0.02 0.024
1 0.536 0.303 0.02 0.018
1 0.554 0.267 0.024 0.026
1 0.653 0.229 0.026 0.022
1 0.718 0.238 0.028 0.032
1 0.726 0.21 0.012 0.04
1 0.439 0.247 0.038 0.03
1 0.163 0.235 0.022 0.026
1 0.412 0.298 0.024 0.02
1 0.134 0.304 0.02 0.024
1 0.114 0.38 0.02 0.02
1 0.148 0.371 0.036 0.022
1 0.147 0.496 0.018 0.024
1 0.184 0.499 0.028 0.022
1 0.224 0.492 0.02 0.028
1 0.282 0.483 0.028 0.026
1 0.167 0.427 0.022 0.018
1 0.949 0.194 0.018 0.028
1 0.777 0.353 0.018 0.022
1 0.911 0.341 0.026 0.022
1 0.921 0.399 0.018 0.022
1 0.668 0.42 0.02 0.016
1 0.744 0.479 0.028 0.018
1 0.689 0.521 0.018 0.022
1 0.713 0.512 0.022 0.02
1 0.426 0.444 0.036 0.052
1 0.343 0.519 0.018 0.018
1 0.413 0.553 0.022 0.014
1 0.605 0.487 0.018 0.026
1 0.476 0.544 0.024 0.032
1 0.449 0.62 0.018 0.02
1 0.174 0.641 0.024 0.026
1 0.214 0.671 0.02 0.022
1 0.112 0.687 0.012 0.014
1 0.108 0.728 0.012 0.024
1 0.282 0.746 0.028 0.032
1 0.308 0.782 0.028 0.02
1 0.318 0.703 0.016 0.034
1 0.406 0.71 0.032 0.028
1 0.475 0.75 0.026 0.016
1 0.541 0.739 0.014 0.038
1 0.53 0.765 0.028 0.014
1 0.509 0.682 0.018 0.02
1 0.083 0.95 0.026 0.02
1 0.114 0.971 0.016 0.026
1 0.048 0.959 0.036 0.026
1 0.018 0.965 0.02 0.03
1 0.258 0.843 0.02 0.026
1 0.217 0.877 0.018 0.026
1 0.31 0.931 0.016 0.026
1 0.96 0.553 0.032 0.022
1 0.834 0.515 0.028 0.026
1 0.847 0.617 0.022 0.018
1 0.946 0.624 0.016 0.02
1 0.895 0.697 0.014 0.026
1 0.904 0.701 0.02 0.022
1 0.943 0.706 0.026 0.028
1 0.662 0.793 0.024 0.022
1 0.686 0.823 0.02 0.018
1 0.742 0.789 0.024 0.026
1 0.707 0.941 0.022 0.022
1 0.617 0.921 0.022 0.022
1 0.592 0.951 0.032 0.038
1 0.735 0.871 0.018 0.03
1 0.821 0.758 0.018 0.028
1 0.836 0.744 0.016 0.016
1 0.825 0.574 0.018 0.024
1 0.763 0.949 0.026 0.022
1 0.889 0.976 0.026 0.02
1 0.962 0.939 0.012 0.01
1 0.959 0.948 0.018 0.016
1 0.421 0.939 0.022 0.026
2 0.161 0.044 0.022 0.028
2 0.143 0.039 0.014 0.026
2 0.495 0.059 0.01 0.018
2 0.688 0.108 0.028 0.02
2 0.926 0.157 0.012 0.014
2 0.314 0.612 0.016 0.02
2 0.659 0.671 0.014 0.022
2 0.7 0.698 0.016 0.016
2 0.689 0.712 0.022 0.016
2 0.022 0.742 0.016 0.024
2 0.01 0.747 0.012 0.022
2 0.86 0.046 0.02 0.02
2 0.954 0.657 0.028 0.042
2 0.715 0.862 0.026 0.036
2 0.215 0.215 0.03 0.026
2 0.712 0.778 0.044 0.056
2 0.91 0.752 0.028 0.048