0 0.949 0.925 0.042 0.046
0 0.887 0.977 0.034 0.042
0 0.923 0.985 0.042 0.026
0 0.957 0.974 0.038 0.036
0 0.94 0.943 0.04 0.034
0 0.983 0.908 0.03 0.06
0 0.877 0.916 0.038 0.036
0 0.878 0.868 0.036 0.036
0 0.938 0.847 0.032 0.03
0 0.802 0.955 0.032 0.042
0 0.763 0.923 0.042 0.034
0 0.827 0.897 0.034 0.042
0 0.775 0.85 0.034 0.036
0 0.758 0.821 0.032 0.03
0 0.82 0.842 0.028 0.028
0 0.809 0.787 0.034 0.038
0 0.849 0.809 0.038 0.034
0 0.644 0.91 0.036 0.048
0 0.692 0.912 0.032 0.036
0 0.709 0.939 0.034 0.038
0 0.914 0.772 0.036 0.04
0 0.984 0.721 0.028 0.034
0 0.724 0.784 0.036 0.04
0 0.773 0.761 0.042 0.03
0 0.77 0.73 0.044 0.028
0 0.584 0.977 0.024 0.034
0 0.623 0.969 0.026 0.034
0 0.603 0.935 0.034 0.038
0 0.548 0.925 0.04 0.034
0 0.53 0.88 0.04 0.036
0 0.534 0.829 0.04 0.042
0 0.546 0.769 0.036 0.042
0 0.586 0.806 0.04 0.036
0 0.779 0.699 0.03 0.026
0 0.828 0.698 0.036 0.032
0 0.803 0.669 0.026 0.034
0 0.634 0.853 0.032 0.03
0 0.644 0.817 0.04 0.058
0 0.636 0.745 0.028 0.042
0 0.657 0.76 0.03 0.036
0 0.576 0.674 0.036 0.036
0 0.607 0.664 0.03 0.036
0 0.592 0.713 0.032 0.034
0 0.706 0.657 0.044 0.034
0 0.731 0.632 0.034 0.036
0 0.313 0.977 0.034 0.042
0 0.281 0.983 0.034 0.03
0 0.347 0.946 0.054 0.064
0 0.393 0.939 0.03 0.038
0 0.497 0.979 0.038 0.038
0 0.133 0.936 0.034 0.044
0 0.172 0.931 0.04 0.046
0 0.183 0.903 0.054 0.054
0 0.175 0.865 0.042 0.034
0 0.118 0.863 0.032 0.046
0 0.198 0.829 0.036 0.042
0 0.222 0.8 0.048 0.048
0 0.221 0.825 0.034 0.038
0 0.364 0.763 0.04 0.078
0 0.292 0.816 0.036 0.04
0 0.359 0.832 0.042 0.04
0 0.426 0.833 0.036 0.034
0 0.286 0.754 0.032 0.04
0 0.325 0.749 0.034 0.042
0 0.163 0.747 0.034 0.042
0 0.158 0.701 0.076 0.05
0 0.039 0.784 0.054 0.032
0 0.025 0.754 0.046 0.032
0 0.054 0.863 0.04 0.042
0 0.036 0.86 0.032 0.052
0 0.218 0.692 0.044 0.044
0 0.262 0.681 0.04 0.042
0 0.143 0.671 0.046 0.038
0 0.127 0.601 0.05 0.042
0 0.114 0.635 0.044 0.034
0 0.145 0.551 0.046 0.062
0 0.238 0.574 0.032 0.04
0 0.302 0.671 0.032 0.03
0 0.314 0.634 0.048 0.032
0 0.253 0.47 0.066 0.048
0 0.392 0.621 0.036 0.046
0 0.418 0.56 0.06 0.056
0 0.279 0.521 0.054 0.054
0 0.329 0.565 0.062 0.074
0 0.45 0.612 0.04 0.052
0 0.549 0.633 0.038 0.042
0 0.114 0.405 0.06 0.062
0 0.025 0.488 0.05 0.076
0 0.073 0.354 0.046 0.048
0 0.417 0.492 0.038 0.036
0 0.515 0.491 0.034 0.034
0 0.453 0.416 0.05 0.048
0 0.503 0.41 0.042 0.044
0 0.538 0.411 0.036 0.046
0 0.727 0.596 0.034 0.048
0 0.777 0.577 0.054 0.058
0 0.604 0.551 0.036 0.03
0 0.573 0.383 0.038 0.054
0 0.435 0.307 0.066 0.062
0 0.579 0.327 0.034 0.054
0 0.603 0.337 0.026 0.034
0 0.641 0.421 0.038 0.062
0 0.658 0.539 0.036 0.046
0 0.78 0.633 0.048 0.03
0 0.643 0.344 0.034 0.036
0 0.689 0.343 0.034 0.046
0 0.692 0.3 0.036 0.04
0 0.582 0.461 0.04 0.034
0 0.029 0.136 0.058 0.048
0 0.219 0.273 0.058 0.066
0 0.305 0.227 0.058 0.054
0 0.346 0.277 0.06 0.05
0 0.373 0.191 0.05 0.046
0 0.211 0.076 0.066 0.052
0 0.435 0.199 0.05 0.062
0 0.082 0.04 0.04 0.04
0 0.107 0.01 0.046 0.016
0 0.294 0.097 0.044 0.042
0 0.673 0.058 0.054 0.052
0 0.729 0.253 0.038 0.038
0 0.768 0.234 0.044 0.036
0 0.787 0.158 0.042 0.04
0 0.862 0.154 0.032 0.04
0 0.828 0.274 0.036 0.052
0 0.869 0.256 0.03 0.056
0 0.897 0.119 0.026 0.042
0 0.943 0.221 0.046 0.062
0 0.927 0.06 0.042 0.052
0 0.857 0.397 0.046 0.066
0 0.859 0.355 0.038 0.026
0 0.883 0.314 0.034 0.052
0 0.948 0.295 0.036 0.042
0 0.926 0.37 0.036 0.036
0 0.743 0.462 0.034 0.036
0 0.793 0.539 0.038 0.038
0 0.826 0.523 0.032 0.034
0 0.87 0.536 0.04 0.04
0 0.621 0.389 0.026 0.034
0 0.464 0.389 0.04 0.034
0 0.822 0.483 0.032 0.038
0 0.881 0.463 0.038 0.03
0 0.889 0.629 0.042 0.042
0 0.9 0.395 0.036 0.042
0 0.728 0.955 0.024 0.046
0 0.813 0.941 0.03 0.03
0 0.817 0.879 0.042 0.038
1 0.898 0.943 0.02 0.014
1 0.951 0.884 0.022 0.024
1 0.793 0.74 0.018 0.024
1 0.819 0.645 0.014 0.01
1 0.607 0.833 0.014 0.026
1 0.573 0.722 0.018 0.016
1 0.62 0.715 0.028 0.018
1 0.741 0.665 0.018 0.022
1 0.428 0.943 0.016 0.026
1 0.462 0.975 0.032 0.042
1 0.237 0.982 0.026 0.028
1 0.385 0.851 0.018 0.022
1 0.416 0.754 0.02 0.032
1 0.475 0.728 0.03 0.02
1 0.209 0.662 0.014 0.02
1 0.202 0.645 0.02 0.026
1 0.249 0.618 0.026 0.028
1 0.265 0.634 0.03 0.036
1 0.269 0.453 0.022 0.034
1 0.371 0.715 0.034 0.03
1 0.363 0.66 0.026 0.02
1 0.381 0.655 0.022 0.022
1 0.189 0.583 0.022 0.03
1 0.199 0.528 0.038 0.036
1 0.416 0.698 0.032 0.036
1 0.454 0.67 0.024 0.04
1 0.426 0.526 0.032 0.02
1 0.475 0.696 0.034 0.024
1 0.504 0.617 0.028 0.03
1 0.335 0.496 0.03 0.028
1 0.02 0.437 0.024 0.022
1 0.048 0.357 0.028 0.026
1 0.054 0.313 0.02 0.018
1 0.324 0.454 0.032 0.028
1 0.392 0.469 0.024 0.026
1 0.488 0.479 0.04 0.026
1 0.544 0.497 0.02 0.03
1 0.556 0.47 0.028 0.028
1 0.505 0.442 0.014 0.016
1 0.561 0.35 0.026 0.016
1 0.403 0.372 0.042 0.024
1 0.504 0.333 0.024 0.026
1 0.044 0.188 0.044 0.032
1 0.061 0.212 0.038 0.036
1 0.137 0.233 0.022 0.022
1 0.166 0.187 0.028 0.026
1 0.165 0.14 0.014 0.028
1 0.663 0.376 0.018 0.028
1 0.748 0.34 0.016 0.02
1 0.806 0.336 0.024 0.02
1 0.204 0.14 0.012 0.016
1 0.286 0.167 0.016 0.014
1 0.032 0.015 0.028 0.026
1 0.193 0.038 0.014 0.028
1 0.504 0.272 0.02 0.024
1 0.644 0.268 0.02 0.02
1 0.674 0.208 0.036 0.028
1 0.476 0.089 0.028 0.022
1 0.513 0.018 0.042 0.032
1 0.578 0.047 0.02 0.026
1 0.763 0.021 0.026 0.038
1 0.791 0.019 0.018 0.026
1 0.737 0.123 0.03 0.022
1 0.839 0.077 0.034 0.026
1 0.903 0.253 0.018 0.038
1 0.876 0.12 0.016 0.024
1 0.914 0.169 0.024 0.022
1 0.939 0.165 0.034 0.034
1 0.718 0.557 0.024 0.018
1 0.716 0.543 0.02 0.014
1 0.783 0.549 0.03 0.03
1 0.929 0.499 0.026 0.038
1 0.946 0.529 0.024 0.034
1 0.968 0.528 0.032 0.052
1 0.92 0.433 0.024 0.026
1 0.903 0.428 0.018 0.032
1 0.3 0.793 0.04 0.03
1 0.712 0.799 0.016 0.014
1 0.702 0.785 0.008 0.014
1 0.931 0.242 0.026 0.024
1 0.307 0.546 0.018 0.028
1 0.487 0.676 0.034 0.028
1 0.507 0.566 0.01 0.016
2 0.88 0.726 0.036 0.028
2 0.924 0.692 0.036 0.036
2 0.683 0.716 0.03 0.032
2 0.214 0.947 0.032 0.042
2 0.249 0.941 0.03 0.034
2 0.109 0.795 0.03 0.022
2 0.093 0.83 0.03 0.044
2 0.223 0.763 0.026 0.026
2 0.63 0.051 0.024 0.022
2 0.653 0.166 0.014 0.016
2 0.683 0.165 0.014 0.022
2 0.49 0.27 0.044 0.052
2 0.672 0.518 0.024 0.032
2 0.344 0.463 0.036 0.03
2 0.545 0.383 0.022 0.022
2 0.847 0.475 0.022 0.022
2 0.85 0.502 0.02 0.024
2 0.81 0.504 0.02 0.024
2 0.933 0.408 0.022 0.028
2 0.928 0.593 0.016 0.018
2 0.957 0.586 0.046 0.056
2 0.771 0.299 0.014 0.018
2 0.875 0.343 0.022 0.018
2 0.674 0.816 0.02 0.02
2 0.34 0.867 0.028 0.03
2 0.441 0.799 0.018 0.03
2 0.454 0.817 0.008 0.014
2 0.076 0.549 0.028 0.026
2 0.084 0.426 0.04 0.052
2 0.32 0.534 0.008 0.012
2 0.396 0.581 0.028 0.034
2 0.38 0.592 0.008 0.024
2 0.512 0.712 0.016 0.016
2 0.88 0.492 0.016 0.02
2 0.187 0.796 0.022 0.02
2 0.184 0.721 0.02 0.026
2 0.15 0.772 0.012 0.02
2 0.163 0.781 0.014 0.018