0 0.077 0.557 0.046 0.054
0 0.066 0.507 0.048 0.042
0 0.144 0.379 0.056 0.062
0 0.053 0.398 0.054 0.064
0 0.036 0.295 0.048 0.066
0 0.018 0.357 0.032 0.054
0 0.014 0.249 0.028 0.058
0 0.223 0.325 0.054 0.054
0 0.159 0.164 0.034 0.044
0 0.064 0.094 0.04 0.052
0 0.096 0.113 0.044 0.046
0 0.271 0.376 0.05 0.052
0 0.319 0.225 0.042 0.078
0 0.259 0.468 0.046 0.04
0 0.44 0.408 0.048 0.048
0 0.537 0.387 0.058 0.05
0 0.106 0.615 0.048 0.058
0 0.136 0.647 0.048 0.058
0 0.111 0.716 0.05 0.056
0 0.257 0.582 0.058 0.056
0 0.259 0.435 0.05 0.066
0 0.255 0.545 0.046 0.046
0 0.262 0.7 0.048 0.052
0 0.356 0.668 0.06 0.06
0 0.11 0.791 0.048 0.042
0 0.143 0.761 0.054 0.046
0 0.163 0.714 0.026 0.056
0 0.196 0.712 0.012 0.032
0 0.168 0.802 0.036 0.048
0 0.254 0.882 0.044 0.068
0 0.097 0.916 0.046 0.06
0 0.221 0.968 0.05 0.052
0 0.122 0.963 0.028 0.05
0 0.158 0.94 0.052 0.064
0 0.006 0.95 0.012 0.036
0 0.015 0.774 0.03 0.048
0 0.032 0.774 0.04 0.056
0 0.033 0.724 0.022 0.044
0 0.007 0.71 0.014 0.036
0 0.167 0.847 0.022 0.014
0 0.37 0.765 0.048 0.046
0 0.233 0.74 0.018 0.028
0 0.4 0.796 0.044 0.044
0 0.49 0.786 0.048 0.044
0 0.445 0.788 0.05 0.044
0 0.289 0.75 0.058 0.052
0 0.306 0.789 0.016 0.03
0 0.399 0.907 0.05 0.062
0 0.315 0.934 0.034 0.04
0 0.357 0.927 0.022 0.03
0 0.359 0.827 0.046 0.05
0 0.522 0.819 0.06 0.07
0 0.537 0.876 0.05 0.076
0 0.509 0.895 0.022 0.038
0 0.64 0.774 0.052 0.052
0 0.732 0.75 0.048 0.056
0 0.627 0.931 0.034 0.03
0 0.573 0.986 0.042 0.024
0 0.592 0.853 0.028 0.05
0 0.721 0.814 0.034 0.04
0 0.74 0.8 0.032 0.036
0 0.815 0.927 0.058 0.054
0 0.755 0.857 0.046 0.07
0 0.718 0.939 0.056 0.05
0 0.821 0.838 0.058 0.056
0 0.897 0.881 0.046 0.074
0 0.96 0.895 0.056 0.062
0 0.938 0.981 0.044 0.034
0 0.898 0.98 0.048 0.036
0 0.992 0.938 0.012 0.044
0 0.995 0.974 0.006 0.016
0 0.868 0.951 0.036 0.018
0 0.882 0.762 0.04 0.032
0 0.988 0.756 0.02 0.04
0 0.674 0.709 0.056 0.046
0 0.792 0.634 0.04 0.064
0 0.87 0.66 0.052 0.056
0 0.647 0.664 0.046 0.048
0 0.685 0.646 0.046 0.052
0 0.683 0.592 0.054 0.052
0 0.777 0.563 0.046 0.058
0 0.81 0.552 0.04 0.072
0 0.876 0.597 0.048 0.062
0 0.95 0.428 0.032 0.032
0 0.792 0.514 0.024 0.024
0 0.928 0.495 0.04 0.03
0 0.765 0.425 0.062 0.046
0 0.791 0.348 0.058 0.032
0 0.822 0.351 0.044 0.038
0 0.511 0.704 0.046 0.044
0 0.51 0.656 0.024 0.028
0 0.527 0.636 0.018 0.028
0 0.416 0.582 0.044 0.06
0 0.595 0.583 0.05 0.058
0 0.397 0.521 0.046 0.05
0 0.413 0.466 0.066 0.064
0 0.648 0.536 0.052 0.064
0 0.578 0.534 0.048 0.048
0 0.532 0.57 0.024 0.028
0 0.534 0.596 0.012 0.028
0 0.157 0.505 0.058 0.066
0 0.05 0.34 0.032 0.04
0 0.104 0.279 0.064 0.086
0 0.059 0.152 0.05 0.052
0 0.249 0.055 0.038 0.038
0 0.422 0.098 0.048 0.044
0 0.423 0.053 0.042 0.026
0 0.383 0.01 0.026 0.02
0 0.573 0.171 0.022 0.026
0 0.705 0.27 0.018 0.028
0 0.692 0.24 0.028 0.02
0 0.787 0.297 0.038 0.022
0 0.974 0.136 0.048 0.04
0 0.861 0.101 0.034 0.022
0 0.629 0.298 0.014 0.028
0 0.593 0.335 0.058 0.066
0 0.223 0.194 0.05 0.056
0 0.189 0.29 0.046 0.04
0 0.274 0.139 0.028 0.026
0 0.327 0.084 0.03 0.032
0 0.293 0.021 0.022 0.03
0 0.514 0.485 0.052 0.05
0 0.529 0.446 0.046 0.048
0 0.193 0.482 0.026 0.036
0 0.954 0.502 0.032 0.036
0 0.586 0.265 0.024 0.026
0 0.989 0.215 0.018 0.086
1 0.355 0.476 0.018 0.02
1 0.187 0.696 0.022 0.02
1 0.315 0.727 0.022 0.018
1 0.624 0.971 0.024 0.026
1 0.689 0.929 0.018 0.014
1 0.81 0.798 0.02 0.016
1 0.848 0.784 0.016 0.024
1 0.83 0.792 0.012 0.02
1 0.74 0.595 0.024 0.018
1 0.988 0.615 0.016 0.018
1 0.865 0.354 0.022 0.016
1 0.835 0.288 0.018 0.016
1 0.986 0.298 0.02 0.024
1 0.035 0.535 0.034 0.014
1 0.017 0.169 0.018 0.03
1 0.422 0.135 0.02 0.014
1 0.572 0.026 0.02 0.024
1 0.924 0.076 0.02 0.02
1 0.579 0.283 0.018 0.018
1 0.815 0.064 0.022 0.016
1 0.354 0.147 0.016 0.018
2 0.355 0.442 0.03 0.036
2 0.02 0.912 0.024 0.04
2 0.018 0.98 0.024 0.02
2 0.099 0.85 0.026 0.02
2 0.046 0.817 0.02 0.026
2 0.048 0.923 0.016 0.038
2 0.431 0.724 0.062 0.044
2 0.324 0.968 0.028 0.024
2 0.719 0.98 0.042 0.036
2 0.744 0.967 0.02 0.034
2 0.669 0.835 0.038 0.042
2 0.875 0.967 0.026 0.022
2 0.862 0.987 0.016 0.014
2 0.803 0.784 0.022 0.016
2 0.832 0.627 0.032 0.042
2 0.935 0.619 0.026 0.03
2 0.887 0.444 0.026 0.032
2 0.975 0.32 0.018 0.016
2 0.971 0.266 0.034 0.02
2 0.469 0.594 0.03 0.044
2 0.561 0.636 0.034 0.028
2 0.556 0.604 0.008 0.02
2 0.391 0.626 0.026 0.036
2 0.338 0.572 0.024 0.028
2 0.023 0.68 0.018 0.032
2 0.142 0.47 0.024 0.036
2 0.015 0.509 0.022 0.03
2 0.037 0.502 0.022 0.02
2 0.162 0.095 0.036 0.042
2 0.141 0.149 0.03 0.026
2 0.434 0.023 0.04 0.034
2 0.417 0.012 0.03 0.024
2 0.882 0.33 0.032 0.028
2 0.901 0.065 0.018 0.018
2 0.956 0.202 0.048 0.04
2 0.734 0.275 0.028 0.018
2 0.927 0.315 0.026 0.014
2 0.671 0.181 0.022 0.042
2 0.592 0.119 0.024 0.034
2 0.642 0.169 0.02 0.018
2 0.272 0.203 0.064 0.058
2 0.162 0.286 0.028 0.052
2 0.027 0.081 0.022 0.03
2 0.436 0.347 0.024 0.018
2 0.453 0.321 0.022 0.022
2 0.514 0.949 0.032 0.026
2 0.214 0.839 0.028 0.022
2 0.677 0.371 0.014 0.014
2 0.398 0.324 0.036 0.02
2 0.35 0.069 0.024 0.038
2 0.697 0.746 0.022 0.036
2 0.587 0.624 0.018 0.024
2 0.328 0.114 0.024 0.028
2 0.301 0.89 0.034 0.036