0 0.717 0.644 0.03 0.052
0 0.84 0.957 0.056 0.058
0 0.949 0.974 0.058 0.048
0 0.953 0.939 0.054 0.054
0 0.949 0.874 0.062 0.112
0 0.918 0.759 0.04 0.094
0 0.871 0.79 0.05 0.08
0 0.781 0.78 0.038 0.068
0 0.676 0.753 0.032 0.042
0 0.656 0.69 0.044 0.076
0 0.649 0.792 0.058 0.084
0 0.609 0.701 0.042 0.05
0 0.534 0.684 0.044 0.088
0 0.681 0.623 0.046 0.066
0 0.802 0.584 0.04 0.048
0 0.855 0.611 0.038 0.046
0 0.829 0.685 0.05 0.062
0 0.914 0.663 0.052 0.066
0 0.9 0.619 0.044 0.038
0 0.908 0.554 0.032 0.064
0 0.941 0.523 0.05 0.066
0 0.987 0.592 0.022 0.064
0 0.865 0.508 0.042 0.064
0 0.84 0.564 0.052 0.064
0 0.75 0.516 0.044 0.052
0 0.769 0.475 0.05 0.046
0 0.7 0.451 0.044 0.042
0 0.724 0.379 0.064 0.102
0 0.676 0.368 0.04 0.048
0 0.623 0.366 0.058 0.044
0 0.549 0.379 0.046 0.098
0 0.512 0.334 0.036 0.052
0 0.423 0.256 0.042 0.064
0 0.388 0.315 0.052 0.062
0 0.365 0.268 0.07 0.044
0 0.37 0.165 0.052 0.074
0 0.308 0.181 0.076 0.07
0 0.356 0.058 0.036 0.064
0 0.314 0.042 0.04 0.044
0 0.276 0.027 0.036 0.038
0 0.287 0.105 0.05 0.078
0 0.212 0.053 0.06 0.05
0 0.127 0.085 0.07 0.046
0 0.197 0.16 0.046 0.048
0 0.137 0.154 0.054 0.064
0 0.036 0.055 0.04 0.058
0 0.426 0.407 0.064 0.078
0 0.406 0.511 0.04 0.054
0 0.479 0.579 0.058 0.07
0 0.493 0.666 0.046 0.096
0 0.48 0.632 0.048 0.064
0 0.542 0.776 0.072 0.1
0 0.52 0.857 0.056 0.074
0 0.489 0.892 0.054 0.06
0 0.479 0.784 0.05 0.072
0 0.892 0.404 0.036 0.048
0 0.902 0.347 0.032 0.054
0 0.849 0.359 0.042 0.042
0 0.878 0.302 0.04 0.06
0 0.835 0.31 0.046 0.072
0 0.793 0.304 0.038 0.06
0 0.752 0.316 0.036 0.068
0 0.734 0.256 0.048 0.072
0 0.869 0.183 0.054 0.058
0 0.989 0.133 0.018 0.042
0 0.963 0.128 0.054 0.076
0 0.941 0.045 0.038 0.05
0 0.892 0.033 0.04 0.054
0 0.873 0.03 0.038 0.056
0 0.826 0.058 0.036 0.052
0 0.812 0.018 0.04 0.032
0 0.58 0.034 0.04 0.06
0 0.478 0.16 0.036 0.048
0 0.469 0.035 0.042 0.062
0 0.426 0.036 0.04 0.052
0 0.396 0.03 0.036 0.044
0 0.669 0.145 0.034 0.054
0 0.603 0.117 0.03 0.066
0 0.506 0.102 0.036 0.048
0 0.618 0.271 0.044 0.054
0 0.647 0.324 0.034 0.04
0 0.523 0.248 0.038 0.072
0 0.521 0.201 0.034 0.034
0 0.261 0.18 0.046 0.076
0 0.253 0.244 0.046 0.064
0 0.199 0.221 0.046 0.058
0 0.171 0.21 0.046 0.052
0 0.072 0.26 0.032 0.052
0 0.064 0.208 0.036 0.04
0 0.274 0.305 0.036 0.05
0 0.283 0.258 0.038 0.052
0 0.302 0.438 0.032 0.04
0 0.366 0.482 0.052 0.056
0 0.331 0.524 0.038 0.056
0 0.273 0.537 0.042 0.054
0 0.191 0.565 0.038 0.066
0 0.198 0.503 0.028 0.058
0 0.115 0.494 0.05 0.052
0 0.171 0.625 0.046 0.058
0 0.237 0.652 0.034 0.072
0 0.295 0.638 0.034 0.06
0 0.256 0.599 0.048 0.046
0 0.45 0.708 0.04 0.044
0 0.425 0.592 0.038 0.052
0 0.714 0.969 0.052 0.058
0 0.645 0.982 0.054 0.032
0 0.378 0.933 0.084 0.118
0 0.289 0.977 0.042 0.042
0 0.25 0.944 0.032 0.036
0 0.159 0.891 0.042 0.038
0 0.104 0.868 0.048 0.052
0 0.096 0.909 0.032 0.042
0 0.201 0.858 0.058 0.076
0 0.161 0.71 0.042 0.1
0 0.096 0.682 0.048 0.084
0 0.054 0.699 0.044 0.058
0 0.055 0.792 0.042 0.048
0 0.008 0.851 0.012 0.042
0 0.011 0.78 0.018 0.06
0 0.021 0.536 0.038 0.128
0 0.042 0.525 0.052 0.054
0 0.031 0.429 0.058 0.066
0 0.03 0.378 0.052 0.064
0 0.104 0.401 0.064 0.07
0 0.096 0.359 0.048 0.046
0 0.027 0.324 0.042 0.056
0 0.018 0.306 0.032 0.044
0 0.246 0.413 0.064 0.106
0 0.375 0.429 0.026 0.038
0 0.507 0.455 0.046 0.07
0 0.472 0.466 0.044 0.064
0 0.651 0.575 0.05 0.05
0 0.647 0.445 0.034 0.05
0 0.222 0.786 0.052 0.044
0 0.221 0.954 0.062 0.084
0 0.18 0.977 0.04 0.042
0 0.165 0.968 0.038 0.04
0 0.009 0.984 0.014 0.028
0 0.345 0.829 0.054 0.09
0 0.314 0.799 0.048 0.038
0 0.312 0.748 0.056 0.064
0 0.368 0.611 0.044 0.082
0 0.396 0.628 0.048 0.056
0 0.983 0.439 0.03 0.082
0 0.966 0.385 0.036 0.046
0 0.805 0.364 0.03 0.052
0 0.788 0.378 0.032 0.068
0 0.779 0.156 0.046 0.084
0 0.755 0.194 0.038 0.048
0 0.735 0.139 0.038 0.042
0 0.549 0.139 0.038 0.078
0 0.573 0.208 0.062 0.06
0 0.524 0.157 0.028 0.042
0 0.663 0.268 0.042 0.04
0 0.652 0.268 0.024 0.06
0 0.582 0.237 0.048 0.054
0 0.17 0.04 0.044 0.076
0 0.03 0.158 0.056 0.06
0 0.03 0.228 0.036 0.048
0 0.991 0.815 0.014 0.09
0 0.977 0.895 0.042 0.09
0 0.562 0.991 0.044 0.014
0 0.675 0.492 0.05 0.048
0 0.598 0.77 0.044 0.06
0 0.765 0.839 0.062 0.066
0 0.907 0.993 0.022 0.01
0 0.864 0.994 0.032 0.008
0 0.717 0.898 0.074 0.088
0 0.651 0.944 0.042 0.044
0 0.352 0.746 0.032 0.056
0 0.325 0.673 0.042 0.058
0 0.76 0.596 0.04 0.048
0 0.505 0.515 0.042 0.07
0 0.989 0.264 0.018 0.04
0 0.995 0.334 0.006 0.032
0 0.741 0.043 0.034 0.05
0 0.428 0.093 0.052 0.046
0 0.97 0.028 0.024 0.052
0 0.004 0.224 0.004 0.04
0 0.055 0.662 0.034 0.032
0 0.005 0.683 0.006 0.058
0 0.352 0.299 0.036 0.026
0 0.096 0.108 0.028 0.04
0 0.675 0.01 0.034 0.016
0 0.659 0.037 0.05 0.054
1 0.172 0.34 0.032 0.04
1 0.156 0.491 0.028 0.034
1 0.568 0.917 0.036 0.034
1 0.846 0.4 0.02 0.04
1 0.76 0.144 0.02 0.028
1 0.481 0.096 0.018 0.028
1 0.021 0.03 0.026 0.04
1 0.922 0.084 0.032 0.028
1 0.916 0.28 0.032 0.04
1 0.721 0.048 0.022 0.028
1 0.701 0.022 0.038 0.028
1 0.575 0.944 0.03 0.028
1 0.522 0.924 0.036 0.024
1 0.454 0.946 0.028 0.036
1 0.624 0.622 0.032 0.02
1 0.6 0.536 0.04 0.024
1 0.545 0.525 0.022 0.022
1 0.428 0.538 0.016 0.024
1 0.358 0.569 0.028 0.022
1 0.566 0.705 0.028 0.03
1 0.93 0.227 0.024 0.034
1 0.866 0.247 0.028 0.018
1 0.845 0.228 0.018 0.02
1 0.507 0.97 0.034 0.044
1 0.406 0.807 0.02 0.026
1 0.385 0.799 0.018 0.03
1 0.44 0.74 0.024 0.032
1 0.222 0.705 0.024 0.026
1 0.853 0.66 0.026 0.024
1 0.829 0.776 0.022 0.032
1 0.403 0.203 0.022 0.026
1 0.384 0.205 0.02 0.022
1 0.566 0.173 0.024 0.022
1 0.205 0.094 0.018 0.032
1 0.234 0.359 0.02 0.026
1 0.2 0.321 0.024 0.034
1 0.105 0.607 0.026 0.03
1 0.393 0.562 0.018 0.028
1 0.704 0.274 0.016 0.028
1 0.91 0.063 0.02 0.018
1 0.785 0.022 0.022 0.028
1 0.955 0.438 0.022 0.02
1 0.653 0.174 0.03 0.024
1 0.735 0.014 0.022 0.024
1 0.683 0.054 0.03 0.024
1 0.637 0.119 0.03 0.022
1 0.769 0.03 0.018 0.028
1 0.645 0.414 0.038 0.016
1 0.539 0.481 0.018 0.026
1 0.122 0.278 0.012 0.016
1 0.062 0.299 0.028 0.034
1 0.251 0.13 0.026 0.02
1 0.029 0.481 0.03 0.03
1 0.223 0.577 0.022 0.03
1 0.082 0.631 0.024 0.026
1 0.41 0.726 0.036 0.028
1 0.264 0.741 0.016 0.026
1 0.214 0.877 0.024 0.022
1 0.168 0.291 0.016 0.022
1 0.945 0.371 0.014 0.042
1 0.921 0.437 0.018 0.026
2 0.331 0.431 0.034 0.094
2 0.903 0.106 0.042 0.028
2 0.704 0.205 0.044 0.03
2 0.523 0.031 0.046 0.042
2 0.962 0.559 0.044 0.09
2 0.882 0.934 0.028 0.016
2 0.903 0.808 0.014 0.032
2 0.939 0.841 0.014 0.014
2 0.882 0.849 0.024 0.018
2 0.852 0.841 0.02 0.03
2 0.812 0.88 0.02 0.016
2 0.6 0.99 0.032 0.016
2 0.488 0.996 0.024 0.004
2 0.314 0.949 0.02 0.03
2 0.093 0.96 0.018 0.028
2 0.143 0.666 0.014 0.02
2 0.026 0.612 0.008 0.008
2 0.18 0.295 0.008 0.01
2 0.874 0.089 0.008 0.014
2 0.853 0.098 0.018 0.012
2 0.834 0.153 0.008 0.01
2 0.991 0.73 0.014 0.04
2 0.566 0.572 0.024 0.04
2 0.49 0.413 0.008 0.01
2 0.462 0.405 0.028 0.03
2 0.456 0.34 0.024 0.028
2 0.333 0.216 0.014 0.016
2 0.434 0.211 0.016 0.018
2 0.145 0.263 0.018 0.046
2 0.642 0.838 0.016 0.008
2 0.641 0.484 0.014 0.012
2 0.838 0.734 0.02 0.024