0 0.866 0.714 0.036 0.084
0 0.739 0.756 0.046 0.06
0 0.723 0.728 0.046 0.064
0 0.72 0.674 0.044 0.048
0 0.631 0.726 0.034 0.072
0 0.577 0.792 0.042 0.056
0 0.541 0.785 0.034 0.05
0 0.554 0.843 0.044 0.07
0 0.505 0.823 0.042 0.058
0 0.483 0.86 0.038 0.06
0 0.462 0.947 0.036 0.05
0 0.437 0.919 0.038 0.05
0 0.964 0.66 0.04 0.056
0 0.938 0.662 0.032 0.06
0 0.914 0.672 0.024 0.036
0 0.887 0.665 0.03 0.058
0 0.489 0.77 0.042 0.076
0 0.426 0.837 0.056 0.062
0 0.38 0.823 0.036 0.058
0 0.311 0.832 0.054 0.06
0 0.271 0.816 0.038 0.06
0 0.213 0.762 0.054 0.064
0 0.192 0.925 0.052 0.05
0 0.144 0.921 0.044 0.05
0 0.102 0.882 0.044 0.048
0 0.068 0.865 0.028 0.046
0 0.05 0.924 0.044 0.064
0 0.018 0.947 0.032 0.046
0 0.237 0.873 0.038 0.054
0 0.201 0.866 0.03 0.036
0 0.173 0.822 0.042 0.08
0 0.25 0.96 0.04 0.052
0 0.568 0.565 0.06 0.066
0 0.749 0.578 0.038 0.068
0 0.784 0.631 0.044 0.05
0 0.827 0.637 0.026 0.042
0 0.624 0.583 0.048 0.062
0 0.606 0.562 0.032 0.052
0 0.727 0.476 0.058 0.06
0 0.748 0.431 0.048 0.05
0 0.717 0.385 0.054 0.05
0 0.706 0.361 0.032 0.046
0 0.625 0.399 0.038 0.058
0 0.584 0.433 0.048 0.066
0 0.537 0.433 0.026 0.066
0 0.497 0.417 0.042 0.05
0 0.483 0.362 0.042 0.044
0 0.976 0.744 0.044 0.06
0 0.99 0.711 0.016 0.046
0 0.918 0.717 0.036 0.054
0 0.814 0.747 0.056 0.11
0 0.885 0.863 0.046 0.054
0 0.81 0.869 0.04 0.046
0 0.979 0.943 0.038 0.046
0 0.975 0.88 0.046 0.048
0 0.921 0.985 0.05 0.026
0 0.934 0.963 0.036 0.054
0 0.825 0.95 0.038 0.044
0 0.786 0.947 0.044 0.038
0 0.72 0.926 0.036 0.048
0 0.678 0.918 0.044 0.068
0 0.686 0.978 0.04 0.04
0 0.64 0.991 0.048 0.014
0 0.661 0.965 0.026 0.058
0 0.545 0.912 0.042 0.06
0 0.715 0.844 0.034 0.076
0 0.532 0.713 0.032 0.034
0 0.552 0.686 0.036 0.052
0 0.536 0.665 0.036 0.05
0 0.45 0.696 0.04 0.068
0 0.526 0.621 0.036 0.054
0 0.914 0.577 0.048 0.062
0 0.962 0.522 0.044 0.068
0 0.932 0.515 0.036 0.066
0 0.831 0.484 0.038 0.056
0 0.806 0.44 0.036 0.068
0 0.944 0.392 0.04 0.064
0 0.909 0.398 0.026 0.04
0 0.891 0.423 0.034 0.034
0 0.925 0.366 0.026 0.02
0 0.889 0.322 0.05 0.052
0 0.849 0.28 0.034 0.044
0 0.863 0.244 0.038 0.032
0 0.814 0.228 0.052 0.056
0 0.8 0.181 0.044 0.042
0 0.735 0.179 0.054 0.058
0 0.645 0.14 0.034 0.064
0 0.816 0.331 0.052 0.062
0 0.758 0.299 0.04 0.042
0 0.701 0.254 0.042 0.052
0 0.666 0.279 0.036 0.046
0 0.622 0.309 0.036 0.058
0 0.615 0.257 0.042 0.046
0 0.603 0.198 0.038 0.04
0 0.544 0.214 0.04 0.056
0 0.492 0.228 0.024 0.044
0 0.456 0.201 0.036 0.046
0 0.963 0.321 0.042 0.05
0 0.956 0.258 0.032 0.052
0 0.707 0.224 0.042 0.032
0 0.681 0.171 0.038 0.046
0 0.979 0.056 0.038 0.04
0 0.775 0.04 0.042 0.048
0 0.724 0.048 0.044 0.048
0 0.737 0.064 0.038 0.072
0 0.805 0.111 0.038 0.042
0 0.803 0.067 0.034 0.038
0 0.533 0.113 0.038 0.038
0 0.552 0.065 0.036 0.038
0 0.609 0.054 0.038 0.052
0 0.679 0.034 0.042 0.052
0 0.372 0.018 0.044 0.032
0 0.329 0.014 0.042 0.024
0 0.292 0.043 0.04 0.042
0 0.393 0.14 0.05 0.052
0 0.335 0.177 0.034 0.054
0 0.418 0.506 0.032 0.056
0 0.351 0.535 0.042 0.066
0 0.325 0.602 0.05 0.068
0 0.276 0.674 0.044 0.06
0 0.217 0.664 0.042 0.056
0 0.293 0.733 0.046 0.054
0 0.36 0.726 0.036 0.052
0 0.415 0.575 0.05 0.066
0 0.38 0.59 0.028 0.044
0 0.494 0.514 0.064 0.084
0 0.404 0.373 0.04 0.07
0 0.433 0.354 0.03 0.06
0 0.46 0.333 0.032 0.05
0 0.323 0.422 0.038 0.048
0 0.353 0.389 0.046 0.086
0 0.371 0.459 0.046 0.07
0 0.176 0.47 0.044 0.06
0 0.116 0.449 0.04 0.058
0 0.075 0.448 0.042 0.064
0 0.013 0.469 0.022 0.086
0 0.083 0.548 0.046 0.08
0 0.024 0.732 0.044 0.068
0 0.011 0.777 0.018 0.05
0 0.011 0.824 0.018 0.036
0 0.424 0.277 0.048 0.062
0 0.27 0.286 0.04 0.072
0 0.164 0.094 0.032 0.06
0 0.16 0.141 0.04 0.042
0 0.198 0.212 0.052 0.06
0 0.113 0.123 0.038 0.062
0 0.107 0.172 0.042 0.048
0 0.044 0.158 0.048 0.072
0 0.021 0.198 0.038 0.056
0 0.035 0.244 0.05 0.072
0 0.048 0.346 0.032 0.052
0 0.017 0.402 0.03 0.064
0 0.075 0.297 0.05 0.05
0 0.153 0.331 0.038 0.058
0 0.217 0.377 0.046 0.062
0 0.2 0.381 0.02 0.038
0 0.366 0.251 0.048 0.066
0 0.316 0.271 0.052 0.054
0 0.222 0.556 0.056 0.064
0 0.087 0.694 0.05 0.072
0 0.083 0.987 0.046 0.022
0 0.55 0.289 0.04 0.046
0 0.141 0.013 0.046 0.022
0 0.487 0.984 0.05 0.028
0 0.315 0.986 0.05 0.024
0 0.897 0.05 0.03 0.048
0 0.929 0.053 0.034 0.054
0 0.866 0.012 0.032 0.02
0 0.909 0.014 0.034 0.024
0 0.981 0.911 0.026 0.022
0 0.608 0.948 0.04 0.044
0 0.573 0.977 0.054 0.042
0 0.331 0.319 0.054 0.038
0 0.257 0.334 0.042 0.044
0 0.412 0.077 0.048 0.034
0 0.202 0.148 0.036 0.044
0 0.566 0.307 0.028 0.038
0 0.556 0.039 0.036 0.026
1 0.66 0.71 0.016 0.032
1 0.603 0.739 0.018 0.026
1 0.494 0.895 0.028 0.022
1 0.812 0.609 0.02 0.026
1 0.781 0.598 0.018 0.036
1 0.698 0.549 0.012 0.05
1 0.87 0.818 0.02 0.032
1 0.573 0.897 0.014 0.018
1 0.624 0.87 0.016 0.056
1 0.652 0.885 0.024 0.038
1 0.658 0.902 0.028 0.048
1 0.738 0.825 0.016 0.042
1 0.584 0.73 0.032 0.024
1 0.541 0.745 0.026 0.026
1 0.485 0.705 0.022 0.038
1 0.419 0.673 0.03 0.022
1 0.815 0.196 0.03 0.036
1 0.684 0.1 0.02 0.024
1 0.878 0.345 0.032 0.018
1 0.84 0.368 0.024 0.024
1 0.76 0.351 0.024 0.026
1 0.759 0.265 0.022 0.034
1 0.469 0.234 0.022 0.028
1 0.883 0.276 0.03 0.028
1 0.895 0.29 0.026 0.02
1 0.693 0.199 0.026 0.018
1 0.687 0.142 0.026 0.028
1 0.979 0.015 0.022 0.026
1 0.948 0.01 0.028 0.016
1 0.804 0.009 0.024 0.014
1 0.832 0.13 0.028 0.024
1 0.385 0.562 0.022 0.016
1 0.325 0.459 0.03 0.026
1 0.006 0.534 0.008 0.044
1 0.013 0.608 0.022 0.084
1 0.007 0.292 0.01 0.044
1 0.093 0.744 0.022 0.024
1 0.009 0.985 0.014 0.026
1 0.438 0.407 0.032 0.058
1 0.339 0.245 0.022 0.022
1 0.265 0.993 0.042 0.01
1 0.956 0.176 0.028 0.024
1 0.965 0.144 0.022 0.028
1 0.936 0.128 0.024 0.024
1 0.904 0.124 0.036 0.028
1 0.893 0.112 0.022 0.02
1 0.873 0.162 0.014 0.028
1 0.95 0.077 0.028 0.026
1 0.965 0.102 0.03 0.024
1 0.972 0.081 0.012 0.026
1 0.974 0.979 0.012 0.03
1 0.646 0.957 0.02 0.014
1 0.093 0.774 0.034 0.02
1 0.196 0.687 0.012 0.034
1 0.102 0.638 0.02 0.044
1 0.037 0.686 0.03 0.048
1 0.336 0.714 0.024 0.036
1 0.339 0.677 0.022 0.022
1 0.239 0.632 0.014 0.024
1 0.308 0.565 0.024 0.018
1 0.258 0.538 0.02 0.02
1 0.278 0.536 0.028 0.036
1 0.193 0.523 0.022 0.034
1 0.545 0.521 0.03 0.046
1 0.447 0.798 0.026 0.028
1 0.201 0.279 0.034 0.038
1 0.097 0.246 0.014 0.012
1 0.972 0.461 0.032 0.026
1 0.499 0.14 0.03 0.028
1 0.498 0.184 0.02 0.024
1 0.51 0.038 0.028 0.032
1 0.307 0.182 0.022 0.024
1 0.257 0.144 0.018 0.024
1 0.152 0.491 0.012 0.018
1 0.589 0.309 0.018 0.014
1 0.343 0.12 0.014 0.024
1 0.383 0.038 0.018 0.012
1 0.322 0.04 0.02 0.028
1 0.271 0.162 0.01 0.028
1 0.012 0.124 0.02 0.028
1 0.095 0.065 0.018 0.03
1 0.187 0.02 0.022 0.024
1 0.54 0.094 0.036 0.02
2 0.217 0.971 0.03 0.034
2 0.855 0.942 0.026 0.028
2 0.866 0.921 0.012 0.018
2 0.902 0.491 0.02 0.034
2 0.301 0.876 0.026 0.02
2 0.721 0.777 0.014 0.018
2 0.622 0.804 0.012 0.024
2 0.635 0.787 0.014 0.01
2 0.124 0.854 0.016 0.028
2 0.105 0.85 0.018 0.02
2 0.125 0.71 0.03 0.028
2 0.335 0.643 0.022 0.034
2 0.426 0.617 0.016 0.03
2 0.17 0.54 0.036 0.032
2 0.226 0.24 0.024 0.032
2 0.149 0.242 0.026 0.032
2 0.668 0.806 0.008 0.012
2 0.656 0.821 0.004 0.022
2 0.68 0.777 0.012 0.03
2 0.668 0.777 0.008 0.026
2 0.657 0.777 0.014 0.01
2 0.675 0.776 0.006 0.024
2 0.379 0.068 0.022 0.024
2 0.088 0.017 0.02 0.022
2 0.612 0.106 0.024 0.02
2 0.606 0.141 0.008 0.01
2 0.081 0.265 0.034 0.022