0 0.893 0.952 0.034 0.04
0 0.79 0.971 0.04 0.05
0 0.821 0.978 0.038 0.04
0 0.74 0.966 0.032 0.04
0 0.68 0.966 0.032 0.044
0 0.658 0.966 0.016 0.024
0 0.543 0.988 0.034 0.02
0 0.476 0.985 0.036 0.026
0 0.442 0.954 0.032 0.032
0 0.385 0.955 0.034 0.038
0 0.346 0.93 0.032 0.032
0 0.213 0.957 0.03 0.038
0 0.134 0.988 0.04 0.02
0 0.056 0.944 0.032 0.028
0 0.462 0.893 0.032 0.046
0 0.141 0.881 0.03 0.042
0 0.164 0.931 0.036 0.03
0 0.345 0.857 0.026 0.042
0 0.37 0.804 0.04 0.044
0 0.643 0.853 0.042 0.042
0 0.718 0.859 0.036 0.058
0 0.553 0.957 0.038 0.038
0 0.513 0.932 0.038 0.036
0 0.987 0.873 0.022 0.05
0 0.95 0.819 0.036 0.038
0 0.846 0.854 0.04 0.028
0 0.787 0.806 0.03 0.04
0 0.885 0.805 0.03 0.038
0 0.804 0.74 0.028 0.028
0 0.809 0.724 0.026 0.032
0 0.572 0.799 0.032 0.05
0 0.546 0.802 0.032 0.032
0 0.433 0.815 0.026 0.03
0 0.314 0.815 0.032 0.046
0 0.242 0.767 0.032 0.046
0 0.188 0.849 0.024 0.03
0 0.167 0.849 0.034 0.042
0 0.091 0.84 0.03 0.032
0 0.025 0.671 0.034 0.05
0 0.073 0.694 0.046 0.052
0 0.965 0.699 0.03 0.042
0 0.776 0.677 0.04 0.038
0 0.942 0.784 0.036 0.036
0 0.935 0.651 0.042 0.058
0 0.984 0.593 0.028 0.054
0 0.906 0.607 0.036 0.03
0 0.923 0.721 0.018 0.034
0 0.778 0.626 0.04 0.048
0 0.829 0.6 0.038 0.036
0 0.801 0.577 0.038 0.034
0 0.797 0.544 0.03 0.048
0 0.686 0.581 0.032 0.026
0 0.62 0.612 0.032 0.036
0 0.603 0.579 0.034 0.042
0 0.617 0.66 0.038 0.052
0 0.599 0.706 0.034 0.048
0 0.544 0.662 0.036 0.052
0 0.573 0.652 0.03 0.048
0 0.513 0.699 0.034 0.046
0 0.504 0.735 0.024 0.042
0 0.446 0.641 0.044 0.034
0 0.373 0.719 0.034 0.038
0 0.377 0.646 0.034 0.048
0 0.232 0.66 0.04 0.044
0 0.274 0.61 0.036 0.052
0 0.242 0.608 0.032 0.036
0 0.197 0.566 0.038 0.04
0 0.228 0.55 0.04 0.044
0 0.205 0.621 0.034 0.046
0 0.172 0.62 0.032 0.04
0 0.151 0.581 0.038 0.046
0 0.103 0.561 0.03 0.038
0 0.07 0.514 0.024 0.036
0 0.022 0.509 0.036 0.05
0 0.031 0.584 0.034 0.036
0 0.072 0.838 0.032 0.064
0 0.101 0.864 0.034 0.032
0 0.108 0.764 0.024 0.024
0 0.111 0.784 0.034 0.024
0 0.212 0.79 0.032 0.036
0 0.658 0.745 0.04 0.046
0 0.627 0.733 0.042 0.038
0 0.485 0.575 0.042 0.058
0 0.593 0.49 0.042 0.052
0 0.551 0.432 0.038 0.044
0 0.663 0.447 0.034 0.05
0 0.394 0.538 0.036 0.06
0 0.183 0.463 0.046 0.05
0 0.141 0.472 0.034 0.048
0 0.075 0.442 0.042 0.048
0 0.11 0.455 0.032 0.038
0 0.06 0.328 0.032 0.048
0 0.194 0.345 0.032 0.046
0 0.312 0.401 0.028 0.058
0 0.364 0.372 0.036 0.052
0 0.33 0.351 0.032 0.042
0 0.312 0.275 0.028 0.046
0 0.272 0.226 0.032 0.056
0 0.255 0.236 0.034 0.036
0 0.27 0.167 0.032 0.042
0 0.11 0.227 0.028 0.038
0 0.069 0.197 0.026 0.022
0 0.073 0.182 0.03 0.028
0 0.015 0.285 0.03 0.042
0 0.9 0.474 0.024 0.036
0 0.888 0.524 0.028 0.048
0 0.864 0.527 0.032 0.042
0 0.787 0.482 0.034 0.04
0 0.925 0.375 0.034 0.042
0 0.988 0.362 0.02 0.04
0 0.991 0.334 0.014 0.02
0 0.941 0.327 0.034 0.038
0 0.92 0.304 0.032 0.036
0 0.822 0.361 0.036 0.046
0 0.733 0.348 0.042 0.04
0 0.711 0.266 0.034 0.036
0 0.611 0.36 0.034 0.056
0 0.413 0.296 0.038 0.06
0 0.161 0.113 0.03 0.046
0 0.13 0.11 0.036 0.068
0 0.239 0.109 0.03 0.05
0 0.214 0.026 0.032 0.044
0 0.048 0.034 0.036 0.056
0 0.44 0.411 0.028 0.038
0 0.57 0.17 0.028 0.04
0 0.708 0.106 0.04 0.048
0 0.753 0.27 0.034 0.056
0 0.823 0.17 0.034 0.04
0 0.879 0.183 0.03 0.034
0 0.69 0.142 0.032 0.044
0 0.704 0.16 0.024 0.032
0 0.747 0.046 0.022 0.044
0 0.829 0.036 0.042 0.036
0 0.97 0.062 0.028 0.044
0 0.991 0.182 0.014 0.04
0 0.463 0.129 0.038 0.054
0 0.419 0.183 0.038 0.07
0 0.26 0.076 0.028 0.048
0 0.42 0.09 0.036 0.056
0 0.37 0.09 0.036 0.048
0 0.505 0.075 0.03 0.046
0 0.972 0.302 0.032 0.052
0 0.744 0.42 0.028 0.04
0 0.516 0.321 0.032 0.038
0 0.677 0.027 0.026 0.046
0 0.865 0.98 0.03 0.036
0 0.31 0.083 0.04 0.058
0 0.016 0.14 0.032 0.052
0 0.02 0.117 0.02 0.026
0 0.037 0.201 0.03 0.062
0 0.071 0.253 0.034 0.062
0 0.137 0.256 0.03 0.032
0 0.152 0.425 0.02 0.034
0 0.011 0.416 0.022 0.052
0 0.226 0.456 0.02 0.032
0 0.346 0.487 0.036 0.05
0 0.436 0.437 0.028 0.022
0 0.434 0.465 0.032 0.038
0 0.444 0.521 0.028 0.026
0 0.471 0.418 0.026 0.052
0 0.411 0.252 0.038 0.028
0 0.342 0.075 0.02 0.018
0 0.262 0.043 0.024 0.03
0 0.108 0.02 0.036 0.036
0 0.577 0.093 0.03 0.034
0 0.579 0.117 0.038 0.038
0 0.736 0.014 0.036 0.024
0 0.866 0.123 0.028 0.034
0 0.909 0.085 0.022 0.022
0 0.91 0.062 0.024 0.028
0 0.805 0.039 0.014 0.018
0 0.93 0.201 0.016 0.026
0 0.756 0.205 0.044 0.07
0 0.638 0.094 0.024 0.02
0 0.636 0.296 0.02 0.032
0 0.556 0.342 0.032 0.024
0 0.523 0.373 0.03 0.018
0 0.471 0.292 0.026 0.028
0 0.628 0.486 0.028 0.024
0 0.342 0.672 0.024 0.024
0 0.601 0.91 0.03 0.072
0 0.986 0.989 0.024 0.022
0 0.786 0.506 0.04 0.044
0 0.016 0.993 0.032 0.01
0 0.158 0.986 0.032 0.024
0 0.522 0.974 0.016 0.016
0 0.649 0.992 0.034 0.012
0 0.055 0.531 0.018 0.018
1 0.191 0.748 0.026 0.028
1 0.705 0.289 0.018 0.014
1 0.2 0.313 0.02 0.014
1 0.58 0.238 0.012 0.024
1 0.435 0.736 0.014 0.024
1 0.335 0.323 0.018 0.018
1 0.967 0.006 0.022 0.008
1 0.25 0.585 0.024 0.018
1 0.433 0.682 0.014 0.012
1 0.688 0.897 0.016 0.022
1 0.148 0.943 0.016 0.014
2 0.33 0.578 0.032 0.044
2 0.13 0.351 0.032 0.038
2 0.086 0.35 0.036 0.04
2 0.109 0.34 0.022 0.016
2 0.023 0.36 0.022 0.016
2 0.441 0.536 0.046 0.044
2 0.25 0.255 0.032 0.034
2 0.348 0.216 0.028 0.052
2 0.325 0.21 0.022 0.044
2 0.384 0.227 0.016 0.026
2 0.424 0.13 0.016 0.016
2 0.175 0.065 0.03 0.022
2 0.298 0.03 0.04 0.028
2 0.497 0.009 0.026 0.014
2 0.579 0.022 0.026 0.032
2 0.541 0.045 0.042 0.054
2 0.872 0.076 0.02 0.02
2 0.911 0.197 0.014 0.026
2 0.899 0.214 0.018 0.02
2 0.891 0.244 0.022 0.028
2 0.913 0.265 0.038 0.038
2 0.639 0.121 0.038 0.034
2 0.621 0.024 0.022 0.028
2 0.682 0.3 0.044 0.036
2 0.584 0.324 0.024 0.024
2 0.399 0.336 0.034 0.044
2 0.483 0.49 0.03 0.032
2 0.368 0.576 0.028 0.036
2 0.321 0.649 0.018 0.03
2 0.34 0.69 0.04 0.036
2 0.462 0.725 0.036 0.046
2 0.662 0.686 0.016 0.036
2 0.732 0.678 0.02 0.024
2 0.688 0.775 0.032 0.026
2 0.711 0.786 0.018 0.04
2 0.685 0.725 0.01 0.034
2 0.684 0.75 0.016 0.02
2 0.666 0.78 0.012 0.028
2 0.708 0.665 0.024 0.018
2 0.676 0.638 0.02 0.028
2 0.744 0.714 0.016 0.056
2 0.673 0.906 0.026 0.032
2 0.797 0.842 0.038 0.04
2 0.57 0.839 0.02 0.022
2 0.845 0.669 0.038 0.03
2 0.856 0.781 0.032 0.026
2 0.88 0.83 0.036 0.032
2 0.969 0.752 0.038 0.044
2 0.916 0.919 0.036 0.054
2 0.874 0.76 0.028 0.024
2 0.912 0.578 0.028 0.024
2 0.943 0.536 0.022 0.028
2 0.68 0.408 0.016 0.024
2 0.234 0.93 0.024 0.04
2 0.276 0.921 0.036 0.042
2 0.276 0.972 0.04 0.04
2 0.24 0.98 0.028 0.028
2 0.308 0.894 0.04 0.024
2 0.063 0.973 0.018 0.018
2 0.029 0.934 0.022 0.028
2 0.5 0.958 0.028 0.028
2 0.67 0.81 0.04 0.036
2 0.137 0.666 0.038 0.044
2 0.093 0.616 0.026 0.024