0 0.783 0.213 0.046 0.05
0 0.705 0.395 0.034 0.054
0 0.66 0.391 0.036 0.046
0 0.686 0.417 0.036 0.05
0 0.751 0.24 0.03 0.044
0 0.768 0.047 0.028 0.062
0 0.876 0.154 0.032 0.052
0 0.96 0.157 0.048 0.05
0 0.834 0.143 0.036 0.046
0 0.8 0.133 0.036 0.05
0 0.903 0.053 0.034 0.05
0 0.876 0.062 0.032 0.04
0 0.553 0.087 0.042 0.054
0 0.571 0.116 0.038 0.044
0 0.469 0.038 0.03 0.052
0 0.423 0.032 0.042 0.048
0 0.355 0.072 0.038 0.044
0 0.324 0.081 0.036 0.038
0 0.693 0.053 0.038 0.046
0 0.686 0.094 0.032 0.052
0 0.615 0.113 0.038 0.05
0 0.634 0.126 0.032 0.048
0 0.6 0.129 0.02 0.05
0 0.614 0.03 0.028 0.044
0 0.632 0.025 0.016 0.034
0 0.547 0.157 0.03 0.042
0 0.486 0.141 0.04 0.038
0 0.47 0.178 0.036 0.048
0 0.436 0.179 0.032 0.046
0 0.343 0.025 0.026 0.042
0 0.354 0.016 0.032 0.032
0 0.313 0.026 0.014 0.024
0 0.582 0.266 0.048 0.06
0 0.657 0.275 0.042 0.062
0 0.668 0.208 0.04 0.04
0 0.412 0.274 0.032 0.052
0 0.302 0.254 0.036 0.064
0 0.321 0.299 0.03 0.038
0 0.316 0.337 0.04 0.038
0 0.288 0.319 0.024 0.054
0 0.189 0.279 0.038 0.05
0 0.235 0.264 0.034 0.06
0 0.243 0.323 0.038 0.062
0 0.222 0.323 0.024 0.046
0 0.234 0.173 0.032 0.054
0 0.213 0.203 0.046 0.054
0 0.135 0.153 0.034 0.042
0 0.077 0.122 0.042 0.056
0 0.056 0.15 0.032 0.048
0 0.14 0.077 0.04 0.054
0 0.828 0.273 0.036 0.05
0 0.872 0.316 0.032 0.06
0 0.851 0.359 0.042 0.042
0 0.917 0.404 0.046 0.056
0 0.972 0.414 0.044 0.068
0 0.833 0.436 0.054 0.06
0 0.913 0.55 0.046 0.076
0 0.865 0.513 0.046 0.058
0 0.807 0.491 0.022 0.026
0 0.718 0.604 0.048 0.056
0 0.628 0.577 0.036 0.054
0 0.633 0.604 0.038 0.024
0 0.546 0.524 0.044 0.06
0 0.45 0.398 0.028 0.044
0 0.474 0.388 0.04 0.044
0 0.407 0.369 0.038 0.042
0 0.42 0.328 0.04 0.044
0 0.372 0.338 0.036 0.044
0 0.322 0.413 0.044 0.046
0 0.272 0.432 0.032 0.036
0 0.301 0.479 0.038 0.062
0 0.192 0.41 0.036 0.056
0 0.22 0.398 0.036 0.048
0 0.13 0.355 0.036 0.046
0 0.08 0.327 0.04 0.046
0 0.029 0.289 0.042 0.058
0 0.594 0.366 0.02 0.024
0 0.573 0.361 0.026 0.038
0 0.588 0.404 0.044 0.064
0 0.593 0.31 0.034 0.036
0 0.663 0.309 0.042 0.038
0 0.721 0.338 0.042 0.044
0 0.547 0.497 0.046 0.038
0 0.533 0.455 0.034 0.054
0 0.554 0.454 0.016 0.04
0 0.581 0.469 0.038 0.042
0 0.802 0.399 0.04 0.038
0 0.775 0.367 0.058 0.058
0 0.481 0.603 0.058 0.07
0 0.529 0.68 0.038 0.056
0 0.594 0.688 0.016 0.024
0 0.517 0.745 0.034 0.03
0 0.603 0.812 0.038 0.044
0 0.429 0.801 0.046 0.05
0 0.376 0.801 0.044 0.066
0 0.368 0.861 0.04 0.05
0 0.298 0.863 0.044 0.07
0 0.284 0.909 0.044 0.058
0 0.232 0.895 0.04 0.058
0 0.809 0.649 0.038 0.066
0 0.644 0.712 0.036 0.04
0 0.672 0.788 0.056 0.064
0 0.795 0.822 0.038 0.068
0 0.843 0.9 0.03 0.044
0 0.801 0.935 0.042 0.042
0 0.805 0.969 0.03 0.026
0 0.775 0.97 0.054 0.056
0 0.758 0.935 0.032 0.042
0 0.68 0.933 0.04 0.062
0 0.543 0.94 0.05 0.068
0 0.517 0.868 0.034 0.04
0 0.677 0.831 0.034 0.034
0 0.585 0.854 0.042 0.064
0 0.604 0.912 0.048 0.06
0 0.44 0.944 0.052 0.052
0 0.348 0.975 0.048 0.046
0 0.179 0.873 0.038 0.05
0 0.081 0.829 0.046 0.046
0 0.116 0.634 0.036 0.064
0 0.082 0.59 0.036 0.056
0 0.163 0.614 0.046 0.084
0 0.099 0.524 0.026 0.048
0 0.114 0.526 0.016 0.04
0 0.057 0.504 0.034 0.06
0 0.431 0.637 0.034 0.074
0 0.345 0.688 0.034 0.048
0 0.198 0.696 0.024 0.04
0 0.213 0.612 0.034 0.06
0 0.253 0.582 0.038 0.056
0 0.178 0.581 0.032 0.046
0 0.35 0.479 0.044 0.05
0 0.332 0.526 0.036 0.048
0 0.312 0.143 0.056 0.054
0 0.165 0.021 0.042 0.042
0 0.228 0.018 0.036 0.036
0 0.275 0.01 0.046 0.02
0 0.496 0.008 0.032 0.016
0 0.896 0.262 0.028 0.052
0 0.584 0.969 0.028 0.05
0 0.683 0.981 0.038 0.034
0 0.729 0.984 0.046 0.028
0 0.48 0.989 0.032 0.018
0 0.929 0.667 0.046 0.054
0 0.941 0.741 0.034 0.058
0 0.417 0.1 0.03 0.044
0 0.279 0.158 0.03 0.036
0 0.086 0.174 0.032 0.044
0 0.024 0.206 0.036 0.032
0 0.026 0.168 0.032 0.044
0 0.369 0.216 0.034 0.032
0 0.932 0.229 0.032 0.038
0 0.791 0.276 0.026 0.048
0 0.662 0.237 0.032 0.026
0 0.9 0.705 0.04 0.078
0 0.98 0.792 0.036 0.048
0 0.439 0.469 0.034 0.03
0 0.204 0.347 0.036 0.034
0 0.13 0.305 0.032 0.034
0 0.399 0.568 0.042 0.036
0 0.381 0.625 0.062 0.062
0 0.401 0.597 0.038 0.034
0 0.176 0.457 0.048 0.046
0 0.162 0.761 0.044 0.058
0 0.112 0.728 0.028 0.036
0 0.113 0.76 0.026 0.024
0 0.106 0.693 0.024 0.022
0 0.03 0.677 0.028 0.038
0 0.393 0.665 0.042 0.054
0 0.251 0.783 0.046 0.058
0 0.765 0.846 0.038 0.032
0 0.981 0.922 0.034 0.052
0 0.937 0.977 0.046 0.042
1 0.984 0.071 0.012 0.03
1 0.844 0.034 0.032 0.028
1 0.744 0.07 0.028 0.028
1 0.391 0.1 0.014 0.04
1 0.376 0.129 0.012 0.046
1 0.391 0.163 0.022 0.026
1 0.166 0.248 0.024 0.028
1 0.151 0.2 0.022 0.02
1 0.123 0.262 0.022 0.032
1 0.091 0.282 0.05 0.028
1 0.696 0.172 0.016 0.016
1 0.738 0.183 0.02 0.026
1 0.733 0.168 0.022 0.016
1 0.596 0.165 0.024 0.018
1 0.506 0.192 0.012 0.024
1 0.387 0.202 0.014 0.02
1 0.446 0.227 0.024 0.022
1 0.968 0.239 0.02 0.03
1 0.894 0.217 0.02 0.03
1 0.91 0.216 0.012 0.032
1 0.737 0.413 0.022 0.018
1 0.735 0.47 0.018 0.024
1 0.708 0.508 0.02 0.024
1 0.623 0.489 0.014 0.026
1 0.664 0.598 0.016 0.024
1 0.665 0.568 0.018 0.036
1 0.702 0.574 0.016 0.028
1 0.943 0.842 0.026 0.024
1 0.887 0.876 0.018 0.02
1 0.838 0.844 0.024 0.024
1 0.699 0.702 0.022 0.024
1 0.56 0.732 0.024 0.02
1 0.337 0.37 0.018 0.028
1 0.237 0.374 0.026 0.016
1 0.141 0.32 0.022 0.02
1 0.859 0.639 0.022 0.026
1 0.844 0.61 0.02 0.028
1 0.354 0.531 0.02 0.014
1 0.358 0.552 0.024 0.028
1 0.224 0.548 0.024 0.02
1 0.226 0.564 0.032 0.028
1 0.076 0.676 0.012 0.028
1 0.018 0.713 0.016 0.026
1 0.019 0.488 0.018 0.024
1 0.144 0.529 0.02 0.026
1 0.141 0.482 0.018 0.028
1 0.363 0.726 0.018 0.02
1 0.233 0.819 0.038 0.01
1 0.529 0.794 0.018 0.028
1 0.431 0.849 0.022 0.018
1 0.679 0.892 0.022 0.02
1 0.636 0.87 0.016 0.02
1 0.759 0.771 0.022 0.022
1 0.708 0.781 0.016 0.026
1 0.734 0.782 0.032 0.028
1 0.739 0.769 0.014 0.014
1 0.372 0.892 0.02 0.024
1 0.168 0.707 0.032 0.018
1 0.174 0.729 0.024 0.018
1 0.646 0.982 0.028 0.032
1 0.61 0.948 0.016 0.016
1 0.401 0.984 0.022 0.024
1 0.261 0.874 0.014 0.024
1 0.054 0.923 0.028 0.03
1 0.035 0.941 0.022 0.026
1 0.976 0.936 0.02 0.024
1 0.975 0.968 0.026 0.024
2 0.716 0.193 0.036 0.042
2 0.478 0.314 0.028 0.048
2 0.263 0.508 0.03 0.048
2 0.277 0.546 0.034 0.028
2 0.278 0.592 0.024 0.028
2 0.077 0.751 0.018 0.034
2 0.034 0.752 0.064 0.032
2 0.443 0.527 0.03 0.03
2 0.419 0.538 0.018 0.016
2 0.125 0.394 0.014 0.016
2 0.112 0.396 0.012 0.016
2 0.1 0.393 0.008 0.01
2 0.022 0.398 0.028 0.032
2 0.343 0.738 0.03 0.024
2 0.323 0.707 0.018 0.014
2 0.555 0.825 0.018 0.022
2 0.421 0.831 0.018 0.014
2 0.445 0.751 0.018 0.018
2 0.558 0.638 0.024 0.024
2 0.971 0.654 0.018 0.036
2 0.987 0.661 0.014 0.026
2 0.765 0.638 0.01 0.02
2 0.776 0.688 0.02 0.012
2 0.686 0.689 0.024 0.022
2 0.152 0.726 0.024 0.036
2 0.149 0.914 0.026 0.02
2 0.029 0.614 0.022 0.02
2 0.143 0.967 0.038 0.046
2 0.131 0.986 0.038 0.024