0 0.208 0.465 0.048 0.062
0 0.05 0.256 0.048 0.06
0 0.172 0.192 0.036 0.04
0 0.082 0.235 0.032 0.05
0 0.244 0.097 0.044 0.074
0 0.26 0.05 0.036 0.044
0 0.282 0.029 0.032 0.058
0 0.24 0.013 0.048 0.026
0 0.316 0.039 0.032 0.042
0 0.308 0.058 0.024 0.028
0 0.512 0.035 0.028 0.034
0 0.501 0.033 0.022 0.038
0 0.55 0.015 0.036 0.03
0 0.628 0.008 0.032 0.016
0 0.667 0.009 0.03 0.018
0 0.631 0.06 0.038 0.036
0 0.569 0.06 0.042 0.04
0 0.553 0.246 0.042 0.044
0 0.592 0.246 0.036 0.036
0 0.586 0.283 0.036 0.038
0 0.639 0.281 0.038 0.034
0 0.653 0.312 0.034 0.04
0 0.666 0.263 0.036 0.038
0 0.665 0.215 0.038 0.038
0 0.8 0.22 0.036 0.04
0 0.783 0.153 0.026 0.03
0 0.778 0.185 0.036 0.034
0 0.755 0.152 0.03 0.036
0 0.707 0.15 0.034 0.04
0 0.64 0.138 0.048 0.072
0 0.484 0.134 0.036 0.044
0 0.335 0.173 0.034 0.042
0 0.692 0.112 0.028 0.044
0 0.493 0.213 0.042 0.054
0 0.371 0.231 0.046 0.058
0 0.308 0.315 0.048 0.062
0 0.225 0.321 0.054 0.066
0 0.186 0.301 0.032 0.054
0 0.103 0.299 0.034 0.046
0 0.031 0.31 0.034 0.036
0 0.135 0.227 0.03 0.038
0 0.215 0.16 0.03 0.044
0 0.288 0.148 0.04 0.056
0 0.337 0.145 0.038 0.03
0 0.355 0.068 0.022 0.024
0 0.354 0.085 0.028 0.022
0 0.37 0.118 0.024 0.04
0 0.358 0.128 0.02 0.044
0 0.756 0.021 0.044 0.042
0 0.806 0.046 0.04 0.04
0 0.818 0.017 0.04 0.034
0 0.859 0.011 0.046 0.018
0 0.864 0.303 0.04 0.054
0 0.901 0.352 0.038 0.044
0 0.926 0.358 0.032 0.048
0 0.956 0.391 0.032 0.058
0 0.989 0.408 0.018 0.052
0 0.947 0.209 0.05 0.034
0 0.851 0.167 0.034 0.03
0 0.772 0.094 0.036 0.04
0 0.984 0.18 0.028 0.064
0 0.573 0.102 0.034 0.036
0 0.924 0.033 0.036 0.034
0 0.799 0.324 0.042 0.048
0 0.75 0.257 0.044 0.046
0 0.725 0.252 0.03 0.056
0 0.881 0.59 0.046 0.052
0 0.846 0.576 0.04 0.052
0 0.066 0.048 0.036 0.048
0 0.075 0.081 0.038 0.05
0 0.101 0.063 0.022 0.034
0 0.139 0.023 0.042 0.046
0 0.13 0.064 0.032 0.036
0 0.187 0.036 0.03 0.048
0 0.079 0.368 0.046 0.048
0 0.147 0.41 0.034 0.056
0 0.233 0.494 0.042 0.044
0 0.269 0.477 0.038 0.05
0 0.341 0.535 0.042 0.038
0 0.345 0.502 0.042 0.036
0 0.405 0.523 0.05 0.07
0 0.456 0.464 0.044 0.064
0 0.534 0.447 0.032 0.042
0 0.598 0.463 0.036 0.042
0 0.507 0.473 0.034 0.054
0 0.571 0.481 0.038 0.05
0 0.637 0.511 0.046 0.062
0 0.713 0.497 0.042 0.05
0 0.695 0.467 0.042 0.042
0 0.722 0.442 0.032 0.04
0 0.688 0.431 0.04 0.038
0 0.643 0.432 0.034 0.04
0 0.732 0.373 0.024 0.026
0 0.706 0.363 0.04 0.026
0 0.705 0.327 0.038 0.05
0 0.894 0.253 0.028 0.034
0 0.719 0.645 0.05 0.062
0 0.798 0.638 0.044 0.052
0 0.721 0.543 0.038 0.038
0 0.705 0.561 0.022 0.03
0 0.671 0.619 0.054 0.066
0 0.802 0.852 0.048 0.068
0 0.795 0.911 0.05 0.07
0 0.853 0.939 0.046 0.058
0 0.934 0.908 0.04 0.048
0 0.973 0.92 0.042 0.044
0 0.652 0.828 0.032 0.056
0 0.622 0.831 0.028 0.046
0 0.549 0.826 0.034 0.06
0 0.43 0.757 0.032 0.058
0 0.384 0.773 0.048 0.038
0 0.476 0.674 0.048 0.052
0 0.408 0.645 0.044 0.058
0 0.579 0.529 0.038 0.038
0 0.885 0.536 0.05 0.052
0 0.404 0.943 0.052 0.07
0 0.378 0.929 0.04 0.062
0 0.44 0.962 0.044 0.056
0 0.391 0.862 0.042 0.056
0 0.353 0.726 0.038 0.056
0 0.306 0.815 0.04 0.05
0 0.274 0.85 0.036 0.06
0 0.247 0.847 0.018 0.054
0 0.232 0.848 0.024 0.048
0 0.204 0.975 0.036 0.046
0 0.229 0.986 0.034 0.024
0 0.169 0.784 0.042 0.056
0 0.113 0.808 0.038 0.048
0 0.094 0.773 0.036 0.038
0 0.133 0.715 0.054 0.062
0 0.194 0.703 0.04 0.046
0 0.192 0.655 0.04 0.058
0 0.165 0.54 0.05 0.06
0 0.123 0.52 0.042 0.068
0 0.022 0.491 0.024 0.038
0 0.082 0.441 0.04 0.05
0 0.014 0.356 0.028 0.06
0 0.022 0.276 0.04 0.06
0 0.286 0.23 0.048 0.04
0 0.382 0.362 0.052 0.076
0 0.527 0.289 0.05 0.05
0 0.501 0.289 0.03 0.05
0 0.563 0.4 0.038 0.036
0 0.573 0.329 0.038 0.042
0 0.327 0.398 0.038 0.044
0 0.434 0.359 0.036 0.054
0 0.05 0.936 0.064 0.072
0 0.094 0.891 0.048 0.07
0 0.131 0.884 0.03 0.072
0 0.017 0.591 0.034 0.062
0 0.16 0.633 0.032 0.038
0 0.239 0.715 0.03 0.042
0 0.32 0.649 0.04 0.05
0 0.243 0.61 0.046 0.044
0 0.293 0.596 0.042 0.048
0 0.804 0.802 0.024 0.032
0 0.924 0.452 0.036 0.044
0 0.916 0.434 0.024 0.024
0 0.378 0.101 0.024 0.034
0 0.087 0.149 0.034 0.042
0 0.153 0.126 0.038 0.04
0 0.133 0.119 0.022 0.042
0 0.178 0.085 0.024 0.038
0 0.151 0.193 0.026 0.042
0 0.182 0.277 0.028 0.034
0 0.252 0.28 0.032 0.036
0 0.347 0.275 0.026 0.046
0 0.278 0.274 0.024 0.036
0 0.295 0.287 0.026 0.026
0 0.08 0.507 0.036 0.054
0 0.216 0.409 0.028 0.038
0 0.427 0.118 0.038 0.052
0 0.089 0.011 0.03 0.022
0 0.341 0.04 0.03 0.04
0 0.395 0.189 0.03 0.038
0 0.017 0.806 0.034 0.06
0 0.237 0.933 0.038 0.058
0 0.374 0.683 0.04 0.038
0 0.764 0.395 0.032 0.046
0 0.816 0.371 0.036 0.034
0 0.896 0.378 0.036 0.032
0 0.861 0.492 0.038 0.036
0 0.858 0.465 0.04 0.026
0 0.558 0.36 0.036 0.032
0 0.886 0.146 0.032 0.036
0 0.864 0.211 0.048 0.034
0 0.528 0.523 0.04 0.062
0 0.538 0.586 0.044 0.056
0 0.82 0.3 0.032 0.04
0 0.847 0.249 0.046 0.054
0 0.981 0.313 0.034 0.038
0 0.956 0.3 0.028 0.044
0 0.81 0.568 0.036 0.064
0 0.885 0.699 0.05 0.046
0 0.96 0.81 0.044 0.06
0 0.865 0.856 0.034 0.044
0 0.725 0.304 0.03 0.036
0 0.743 0.989 0.046 0.018
0 0.751 0.952 0.03 0.032
0 0.529 0.846 0.034 0.048
0 0.008 0.552 0.016 0.02
0 0.008 0.733 0.016 0.042
0 0.43 0.464 0.02 0.036
0 0.901 0.231 0.022 0.026
0 0.88 0.45 0.044 0.064
0 0.861 0.736 0.054 0.064
0 0.942 0.937 0.024 0.018
0 0.454 0.316 0.024 0.028
0 0.459 0.344 0.026 0.028
0 0.604 0.105 0.032 0.034
0 0.673 0.132 0.018 0.036
0 0.823 0.35 0.034 0.024
1 0.046 0.217 0.024 0.03
1 0.929 0.091 0.018 0.038
1 0.352 0.476 0.024 0.024
1 0.88 0.835 0.016 0.014
1 0.413 0.015 0.018 0.022
1 0.468 0.038 0.024 0.028
1 0.666 0.051 0.02 0.03
1 0.603 0.044 0.018 0.016
1 0.822 0.991 0.024 0.014
1 0.866 0.991 0.04 0.014
1 0.13 0.663 0.024 0.026
1 0.554 0.632 0.028 0.024
1 0.584 0.583 0.02 0.022
1 0.725 0.399 0.014 0.018
1 0.542 0.96 0.036 0.02
1 0.719 0.871 0.026 0.026
1 0.064 0.138 0.02 0.02
1 0.138 0.165 0.032 0.034
1 0.263 0.383 0.014 0.026
1 0.432 0.318 0.02 0.028
1 0.314 0.719 0.016 0.03
1 0.299 0.717 0.014 0.014
1 0.028 0.059 0.012 0.018
1 0.024 0.077 0.02 0.018
1 0.471 0.1 0.03 0.032
1 0.423 0.082 0.022 0.02
1 0.432 0.172 0.028 0.024
1 0.466 0.196 0.02 0.024
1 0.616 0.122 0.016 0.032
1 0.007 0.856 0.014 0.024
1 0.153 0.976 0.022 0.012
1 0.6 0.32 0.016 0.024
1 0.879 0.058 0.018 0.032
1 0.86 0.05 0.016 0.02
1 0.908 0.103 0.032 0.018
1 0.975 0.094 0.034 0.028
1 0.837 0.148 0.014 0.008
1 0.348 0.358 0.024 0.02
1 0.419 0.284 0.018 0.02
1 0.544 0.468 0.04 0.024
1 0.555 0.597 0.034 0.038
1 0.657 0.233 0.022 0.014
1 0.65 0.239 0.016 0.01
1 0.744 0.177 0.02 0.034
1 0.91 0.281 0.024 0.022
1 0.769 0.71 0.018 0.032
1 0.925 0.798 0.018 0.032
1 0.896 0.805 0.016 0.014
1 0.852 0.793 0.02 0.022
1 0.319 0.978 0.026 0.032
1 0.417 0.79 0.018 0.024
1 0.351 0.839 0.022 0.014
1 0.79 0.517 0.02 0.014
1 0.033 0.406 0.022 0.02
1 0.038 0.375 0.012 0.014
1 0.052 0.371 0.012 0.042
1 0.298 0.559 0.02 0.022
1 0.402 0.483 0.02 0.03
1 0.553 0.095 0.014 0.014
1 0.666 0.98 0.02 0.024
1 0.36 0.869 0.02 0.022
1 0.759 0.803 0.022 0.03
1 0.637 0.57 0.03 0.024
1 0.39 0.618 0.02 0.028
1 0.921 0.252 0.022 0.02
1 0.969 0.235 0.022 0.022
1 0.858 0.423 0.024 0.018
1 0.773 0.683 0.014 0.018
1 0.764 0.65 0.024 0.02
1 0.843 0.644 0.034 0.024
1 0.986 0.661 0.024 0.038
1 0.951 0.645 0.018 0.026
1 0.694 0.163 0.012 0.014
1 0.211 0.932 0.018 0.028
1 0.259 0.918 0.018 0.032
1 0.246 0.941 0.012 0.026
2 0.309 0.691 0.03 0.034
2 0.387 0.039 0.018 0.022
2 0.485 0.33 0.026 0.028
2 0.502 0.926 0.028 0.044
2 0.34 0.988 0.016 0.02
2 0.758 0.48 0.016 0.028
2 0.794 0.46 0.028 0.024
2 0.06 0.414 0.032 0.044
2 0.629 0.708 0.034 0.048
2 0.532 0.062 0.028 0.032
2 0.811 0.419 0.018 0.034
2 0.454 0.854 0.024 0.04
2 0.382 0.825 0.028 0.022
2 0.546 0.675 0.032 0.042
2 0.509 0.4 0.018 0.02
2 0.515 0.773 0.018 0.03
2 0.06 0.667 0.02 0.022
2 0.051 0.691 0.014 0.022
2 0.033 0.674 0.03 0.04
2 0.448 0.529 0.028 0.038
2 0.894 0.318 0.02 0.02
2 0.859 0.333 0.018 0.014
2 0.871 0.781 0.062 0.046
2 0.733 0.907 0.038 0.05
2 0.577 0.851 0.022 0.03
2 0.733 0.84 0.022 0.016
2 0.743 0.852 0.014 0.012
2 0.983 0.976 0.026 0.028
2 0.924 0.161 0.008 0.014
2 0.934 0.158 0.008 0.012
2 0.792 0.363 0.016 0.034