0 0.194 0.983 0.04 0.03
0 0.071 0.89 0.038 0.032
0 0.09 0.924 0.032 0.028
0 0.118 0.893 0.028 0.034
0 0.095 0.859 0.034 0.034
0 0.017 0.765 0.03 0.042
0 0.158 0.939 0.04 0.034
0 0.179 0.776 0.034 0.048
0 0.167 0.632 0.034 0.056
0 0.136 0.693 0.04 0.038
0 0.021 0.641 0.03 0.042
0 0.248 0.778 0.04 0.052
0 0.303 0.778 0.034 0.044
0 0.323 0.949 0.038 0.042
0 0.439 0.976 0.034 0.044
0 0.042 0.571 0.028 0.038
0 0.077 0.499 0.034 0.042
0 0.106 0.484 0.032 0.036
0 0.262 0.624 0.036 0.036
0 0.336 0.651 0.032 0.038
0 0.031 0.515 0.038 0.038
0 0.006 0.422 0.012 0.028
0 0.013 0.345 0.026 0.038
0 0.034 0.321 0.032 0.038
0 0.045 0.288 0.034 0.04
0 0.04 0.227 0.028 0.038
0 0.089 0.249 0.038 0.046
0 0.11 0.18 0.036 0.044
0 0.02 0.144 0.036 0.04
0 0.006 0.118 0.012 0.04
0 0.016 0.066 0.032 0.04
0 0.042 0.187 0.024 0.038
0 0.025 0.006 0.022 0.008
0 0.103 0.035 0.034 0.038
0 0.082 0.07 0.032 0.032
0 0.124 0.109 0.032 0.03
0 0.112 0.22 0.028 0.036
0 0.205 0.142 0.034 0.04
0 0.202 0.221 0.028 0.042
0 0.261 0.232 0.038 0.044
0 0.105 0.29 0.026 0.032
0 0.135 0.382 0.03 0.044
0 0.241 0.392 0.042 0.036
0 0.255 0.308 0.038 0.036
0 0.267 0.28 0.046 0.036
0 0.336 0.275 0.048 0.034
0 0.186 0.552 0.032 0.036
0 0.36 0.339 0.028 0.038
0 0.385 0.355 0.03 0.034
0 0.411 0.411 0.038 0.034
0 0.366 0.048 0.032 0.044
0 0.452 0.232 0.028 0.04
0 0.465 0.084 0.038 0.036
0 0.507 0.101 0.042 0.038
0 0.334 0.539 0.044 0.042
0 0.316 0.491 0.044 0.038
0 0.369 0.466 0.042 0.04
0 0.4 0.556 0.036 0.044
0 0.421 0.543 0.042 0.038
0 0.287 0.43 0.034 0.028
0 0.386 0.719 0.036 0.038
0 0.164 0.061 0.04 0.042
0 0.575 0.21 0.042 0.036
0 0.601 0.065 0.054 0.038
0 0.553 0.023 0.046 0.042
0 0.636 0.012 0.056 0.02
0 0.829 0.022 0.046 0.04
0 0.793 0.053 0.03 0.034
0 0.822 0.065 0.056 0.05
0 0.953 0.101 0.074 0.05
0 0.99 0.192 0.016 0.04
0 0.98 0.275 0.036 0.05
0 0.883 0.343 0.042 0.034
0 0.903 0.383 0.05 0.042
0 0.969 0.387 0.038 0.038
0 0.963 0.433 0.066 0.034
0 0.96 0.489 0.072 0.058
0 0.741 0.22 0.066 0.036
0 0.619 0.309 0.046 0.05
0 0.667 0.337 0.042 0.034
0 0.68 0.376 0.032 0.044
0 0.658 0.412 0.052 0.044
0 0.764 0.366 0.052 0.044
0 0.784 0.413 0.04 0.034
0 0.711 0.446 0.042 0.036
0 0.836 0.417 0.04 0.03
0 0.775 0.486 0.066 0.044
0 0.709 0.571 0.054 0.05
0 0.947 0.585 0.042 0.042
0 0.902 0.656 0.044 0.044
0 0.637 0.602 0.046 0.044
0 0.576 0.554 0.04 0.052
0 0.644 0.687 0.048 0.042
0 0.696 0.698 0.04 0.04
0 0.473 0.6 0.046 0.04
0 0.496 0.559 0.052 0.066
0 0.409 0.641 0.05 0.05
0 0.754 0.74 0.036 0.04
0 0.743 0.796 0.042 0.052
0 0.712 0.838 0.04 0.04
0 0.76 0.86 0.044 0.032
0 0.821 0.829 0.054 0.042
0 0.807 0.864 0.038 0.028
0 0.878 0.897 0.04 0.034
0 0.943 0.898 0.074 0.06
0 0.841 0.952 0.038 0.04
0 0.92 0.978 0.064 0.04
0 0.632 0.986 0.036 0.024
0 0.405 0.827 0.038 0.038
0 0.27 0.476 0.028 0.028
0 0.788 0.197 0.064 0.042
0 0.569 0.44 0.062 0.04
0 0.322 0.444 0.036 0.028
0 0.628 0.933 0.036 0.046
0 0.58 0.469 0.04 0.026
0 0.317 0.163 0.03 0.038
0 0.477 0.797 0.03 0.034
0 0.576 0.846 0.044 0.044
0 0.87 0.04 0.036 0.032
0 0.206 0.173 0.024 0.034
0 0.108 0.091 0.032 0.03
0 0.094 0.052 0.036 0.04
0 0.187 0.132 0.042 0.048
0 0.077 0.976 0.046 0.044
0 0.541 0.742 0.058 0.056
0 0.26 0.341 0.044 0.03
0 0.482 0.356 0.04 0.032
0 0.793 0.253 0.058 0.034
0 0.897 0.006 0.042 0.008
0 0.697 0.12 0.046 0.044
0 0.752 0.119 0.064 0.038
0 0.806 0.536 0.04 0.036
0 0.877 0.442 0.034 0.024
0 0.718 0.992 0.028 0.012
1 0.315 0.875 0.03 0.026
1 0.367 0.967 0.026 0.034
1 0.404 0.953 0.024 0.03
1 0.096 0.64 0.02 0.024
1 0.125 0.595 0.022 0.022
1 0.171 0.525 0.022 0.026
1 0.533 0.255 0.018 0.022
1 0.536 0.281 0.024 0.03
1 0.748 0.271 0.02 0.022
1 0.773 0.593 0.026 0.022
1 0.837 0.578 0.022 0.02
1 0.886 0.709 0.028 0.03
1 0.497 0.537 0.022 0.022
1 0.434 0.685 0.024 0.034
1 0.822 0.708 0.04 0.024
1 0.352 0.514 0.024 0.024
1 0.017 0.546 0.026 0.02
1 0.339 0.099 0.022 0.022
1 0.37 0.15 0.028 0.02
1 0.53 0.897 0.04 0.026
1 0.16 0.905 0.028 0.018
1 0.341 0.465 0.014 0.026
1 0.807 0.159 0.022 0.026
1 0.369 0.117 0.038 0.026
1 0.16 0.214 0.016 0.028
1 0.129 0.325 0.026 0.018
1 0.613 0.661 0.03 0.022
1 0.595 0.801 0.034 0.042
1 0.762 0.933 0.028 0.026
1 0.924 0.836 0.016 0.028
1 0.909 0.837 0.018 0.03
1 0.971 0.855 0.03 0.03
1 0.932 0.024 0.02 0.02
1 0.245 0.196 0.026 0.024
1 0.301 0.291 0.022 0.03
1 0.541 0.35 0.03 0.028
1 0.67 0.268 0.04 0.028
1 0.974 0.04 0.02 0.02
1 0.626 0.108 0.028 0.02
1 0.554 0.135 0.028 0.018
1 0.337 0.599 0.022 0.026
1 0.206 0.477 0.02 0.022
1 0.225 0.563 0.022 0.03
1 0.414 0.079 0.024 0.022
1 0.186 0.308 0.028 0.032
1 0.23 0.466 0.02 0.028
1 0.175 0.323 0.034 0.038
1 0.514 0.524 0.02 0.024
1 0.81 0.575 0.036 0.038
1 0.837 0.523 0.022 0.05
1 0.927 0.307 0.038 0.022
1 0.977 0.553 0.03 0.022
1 0.974 0.629 0.02 0.03
1 0.741 0.99 0.014 0.016
1 0.762 0.995 0.016 0.006
1 0.667 0.248 0.038 0.024
1 0.992 0.497 0.012 0.018
2 0.118 0.777 0.032 0.042
2 0.091 0.677 0.026 0.026
2 0.982 0.787 0.028 0.034
2 0.331 0.807 0.034 0.042
2 0.502 0.8 0.02 0.024
2 0.441 0.302 0.038 0.036
2 0.409 0.248 0.022 0.028
2 0.304 0.035 0.036 0.034
2 0.708 0.077 0.036 0.03
2 0.599 0.743 0.018 0.05
2 0.417 0.153 0.018 0.018
2 0.39 0.204 0.02 0.012
2 0.138 0.032 0.02 0.02
2 0.122 0.973 0.02 0.018
2 0.24 0.824 0.024 0.032
2 0.548 0.716 0.064 0.028
2 0.284 0.993 0.016 0.01
2 0.317 0.967 0.022 0.034
2 0.371 0.306 0.03 0.028
2 0.776 0.283 0.02 0.026
2 0.825 0.224 0.022 0.016
2 0.868 0.309 0.02 0.014
2 0.946 0.23 0.012 0.012
2 0.92 0.185 0.024 0.018
2 0.974 0.145 0.036 0.018
2 0.852 0.234 0.02 0.028
2 0.365 0.737 0.022 0.034
2 0.388 0.597 0.024 0.018
2 0.426 0.613 0.016 0.018
2 0.073 0.387 0.03 0.042
2 0.178 0.444 0.02 0.028
2 0.427 0.472 0.022 0.02
2 0.468 0.507 0.02 0.014
2 0.477 0.433 0.022 0.022
2 0.518 0.405 0.016 0.018
2 0.465 0.381 0.026 0.014
2 0.479 0.408 0.026 0.024
2 0.602 0.357 0.028 0.03
2 0.436 0.359 0.04 0.034
2 0.494 0.05 0.036 0.024
2 0.287 0.665 0.026 0.034
2 0.253 0.679 0.038 0.038
2 0.06 0.015 0.02 0.026
2 0.105 0.005 0.018 0.006
2 0.245 0.112 0.03 0.02
2 0.228 0.056 0.024 0.02
2 0.632 0.207 0.04 0.026
2 0.871 0.25 0.026 0.032
2 0.727 0.306 0.038 0.036
2 0.815 0.891 0.022 0.018
2 0.667 0.024 0.026 0.024
2 0.731 0.028 0.03 0.024
2 0.604 0.535 0.02 0.026
2 0.555 0.525 0.042 0.03
2 0.666 0.863 0.048 0.042