0 0.069 0.017 0.042 0.034
0 0.072 0.1 0.052 0.064
0 0.156 0.017 0.04 0.034
0 0.127 0.045 0.054 0.078
0 0.135 0.095 0.046 0.042
0 0.192 0.01 0.02 0.02
0 0.226 0.009 0.02 0.018
0 0.185 0.111 0.05 0.074
0 0.199 0.046 0.042 0.06
0 0.274 0.009 0.036 0.018
0 0.305 0.015 0.038 0.03
0 0.254 0.081 0.06 0.074
0 0.301 0.052 0.022 0.044
0 0.429 0.017 0.046 0.034
0 0.387 0.06 0.054 0.056
0 0.374 0.116 0.04 0.068
0 0.362 0.135 0.028 0.034
0 0.335 0.124 0.034 0.06
0 0.336 0.061 0.064 0.09
0 0.518 0.037 0.044 0.062
0 0.53 0.006 0.016 0.012
0 0.557 0.028 0.03 0.04
0 0.545 0.014 0.026 0.028
0 0.591 0.036 0.042 0.072
0 0.617 0.062 0.058 0.1
0 0.651 0.016 0.05 0.032
0 0.697 0.061 0.042 0.058
0 0.729 0.049 0.038 0.066
0 0.76 0.008 0.036 0.016
0 0.77 0.036 0.036 0.04
0 0.776 0.073 0.044 0.066
0 0.82 0.044 0.04 0.068
0 0.863 0.02 0.042 0.04
0 0.896 0.034 0.036 0.068
0 0.955 0.043 0.042 0.062
0 0.977 0.015 0.042 0.03
0 0.992 0.049 0.012 0.05
0 0.929 0.148 0.026 0.04
0 0.859 0.114 0.042 0.084
0 0.883 0.142 0.05 0.096
0 0.733 0.126 0.038 0.052
0 0.612 0.167 0.044 0.066
0 0.555 0.136 0.062 0.068
0 0.513 0.123 0.054 0.07
0 0.455 0.243 0.042 0.07
0 0.487 0.267 0.046 0.066
0 0.401 0.294 0.046 0.1
0 0.349 0.281 0.038 0.066
0 0.327 0.186 0.05 0.068
0 0.245 0.169 0.042 0.054
0 0.278 0.188 0.044 0.084
0 0.259 0.218 0.038 0.044
0 0.224 0.236 0.04 0.068
0 0.183 0.229 0.05 0.07
0 0.142 0.248 0.036 0.064
0 0.116 0.243 0.04 0.058
0 0.034 0.197 0.04 0.058
0 0.017 0.25 0.034 0.06
0 0.045 0.244 0.042 0.08
0 0.026 0.353 0.052 0.058
0 0.023 0.434 0.046 0.116
0 0.093 0.351 0.058 0.066
0 0.187 0.285 0.046 0.062
0 0.181 0.332 0.034 0.036
0 0.12 0.457 0.044 0.05
0 0.128 0.406 0.04 0.056
0 0.17 0.387 0.048 0.074
0 0.238 0.392 0.044 0.068
0 0.309 0.267 0.042 0.046
0 0.304 0.241 0.02 0.034
0 0.544 0.279 0.056 0.07
0 0.451 0.356 0.042 0.06
0 0.495 0.374 0.038 0.056
0 0.569 0.309 0.042 0.062
0 0.586 0.33 0.036 0.056
0 0.022 0.571 0.044 0.07
0 0.017 0.612 0.034 0.08
0 0.081 0.567 0.042 0.078
0 0.119 0.607 0.038 0.074
0 0.163 0.539 0.054 0.074
0 0.184 0.474 0.044 0.068
0 0.232 0.514 0.04 0.052
0 0.282 0.438 0.04 0.068
0 0.27 0.492 0.044 0.068
0 0.358 0.483 0.048 0.058
0 0.334 0.52 0.048 0.06
0 0.38 0.459 0.032 0.038
0 0.397 0.445 0.03 0.038
0 0.444 0.433 0.048 0.054
0 0.423 0.5 0.054 0.06
0 0.21 0.557 0.04 0.062
0 0.989 0.308 0.018 0.056
0 0.972 0.239 0.04 0.046
0 0.934 0.242 0.036 0.056
0 0.899 0.279 0.042 0.058
0 0.959 0.393 0.046 0.066
0 0.895 0.324 0.03 0.032
0 0.865 0.343 0.054 0.054
0 0.846 0.406 0.044 0.072
0 0.779 0.373 0.038 0.074
0 0.812 0.256 0.032 0.04
0 0.786 0.236 0.064 0.064
0 0.753 0.306 0.038 0.064
0 0.735 0.235 0.034 0.054
0 0.703 0.241 0.062 0.074
0 0.68 0.337 0.048 0.078
0 0.697 0.289 0.03 0.034
0 0.977 0.47 0.042 0.052
0 0.966 0.513 0.048 0.054
0 0.892 0.493 0.036 0.05
0 0.825 0.457 0.05 0.062
0 0.816 0.497 0.06 0.038
0 0.891 0.563 0.046 0.05
0 0.933 0.624 0.05 0.064
0 0.987 0.582 0.022 0.052
0 0.925 0.703 0.062 0.042
0 0.901 0.747 0.062 0.07
0 0.834 0.696 0.052 0.064
0 0.864 0.633 0.028 0.046
0 0.553 0.408 0.05 0.08
0 0.553 0.463 0.058 0.054
0 0.61 0.451 0.048 0.062
0 0.677 0.438 0.038 0.056
0 0.728 0.501 0.04 0.054
0 0.781 0.572 0.062 0.096
0 0.988 0.868 0.02 0.048
0 0.96 0.954 0.044 0.052
0 0.957 0.902 0.042 0.064
0 0.669 0.521 0.03 0.054
0 0.611 0.509 0.042 0.058
0 0.894 0.935 0.044 0.07
0 0.432 0.588 0.04 0.084
0 0.47 0.582 0.044 0.084
0 0.503 0.56 0.038 0.06
0 0.532 0.562 0.032 0.052
0 0.503 0.535 0.05 0.038
0 0.009 0.703 0.018 0.062
0 0.009 0.972 0.018 0.052
0 0.014 0.894 0.028 0.064
0 0.038 0.897 0.032 0.05
0 0.043 0.788 0.034 0.068
0 0.067 0.713 0.046 0.05
0 0.077 0.75 0.042 0.036
0 0.148 0.644 0.044 0.048
0 0.132 0.699 0.04 0.07
0 0.256 0.566 0.052 0.084
0 0.069 0.814 0.038 0.056
0 0.086 0.864 0.044 0.044
0 0.077 0.904 0.042 0.044
0 0.108 0.983 0.032 0.03
0 0.103 0.943 0.034 0.066
0 0.109 0.908 0.034 0.048
0 0.176 0.932 0.048 0.06
0 0.202 0.886 0.052 0.068
0 0.216 0.86 0.028 0.04
0 0.185 0.865 0.034 0.038
0 0.319 0.951 0.046 0.078
0 0.386 0.968 0.048 0.052
0 0.391 0.923 0.042 0.058
0 0.307 0.874 0.042 0.052
0 0.355 0.854 0.05 0.092
0 0.157 0.783 0.042 0.07
0 0.112 0.791 0.056 0.066
0 0.294 0.789 0.04 0.046
0 0.267 0.645 0.054 0.062
0 0.361 0.537 0.038 0.05
0 0.37 0.637 0.044 0.046
0 0.321 0.658 0.026 0.036
0 0.21 0.79 0.04 0.064
0 0.255 0.822 0.03 0.044
0 0.261 0.792 0.026 0.04
0 0.406 0.667 0.044 0.054
0 0.399 0.706 0.038 0.064
0 0.503 0.625 0.038 0.054
0 0.445 0.745 0.03 0.062
0 0.433 0.733 0.042 0.062
0 0.417 0.821 0.054 0.07
0 0.479 0.744 0.034 0.072
0 0.452 0.891 0.048 0.046
0 0.44 0.954 0.044 0.056
0 0.479 0.939 0.042 0.074
0 0.507 0.929 0.03 0.066
0 0.508 0.966 0.044 0.044
0 0.574 0.827 0.052 0.054
0 0.581 0.913 0.042 0.066
0 0.674 0.989 0.036 0.018
0 0.588 0.977 0.048 0.042
0 0.796 0.984 0.052 0.028
0 0.856 0.977 0.048 0.042
0 0.848 0.892 0.056 0.092
0 0.829 0.963 0.038 0.042
0 0.801 0.935 0.042 0.05
0 0.781 0.921 0.042 0.066
0 0.599 0.943 0.062 0.054
0 0.629 0.842 0.026 0.036
0 0.821 0.804 0.05 0.084
0 0.734 0.851 0.048 0.038
0 0.639 0.7 0.042 0.056
0 0.601 0.678 0.034 0.1
0 0.664 0.603 0.048 0.074
0 0.663 0.772 0.046 0.088
0 0.542 0.679 0.028 0.042
0 0.732 0.782 0.032 0.056
0 0.73 0.642 0.052 0.056
0 0.718 0.581 0.044 0.062
0 0.728 0.679 0.036 0.034
0 0.741 0.756 0.046 0.032
1 0.051 0.045 0.022 0.034
1 0.2 0.062 0.016 0.032
1 0.268 0.096 0.028 0.032
1 0.436 0.132 0.02 0.024
1 0.411 0.119 0.018 0.034
1 0.314 0.114 0.032 0.02
1 0.459 0.051 0.034 0.042
1 0.641 0.039 0.026 0.038
1 0.652 0.157 0.036 0.03
1 0.565 0.209 0.03 0.026
1 0.382 0.331 0.028 0.022
1 0.053 0.308 0.022 0.052
1 0.148 0.305 0.024 0.034
1 0.325 0.338 0.042 0.024
1 0.318 0.286 0.028 0.028
1 0.28 0.282 0.024 0.036
1 0.08 0.626 0.02 0.028
1 0.996 0.243 0.004 0.026
1 0.779 0.186 0.026 0.024
1 0.76 0.267 0.016 0.034
1 0.876 0.59 0.016 0.02
1 0.94 0.671 0.036 0.022
1 0.767 0.663 0.018 0.034
1 0.779 0.671 0.018 0.042
1 0.605 0.391 0.042 0.026
1 0.699 0.502 0.018 0.028
1 0.978 0.835 0.032 0.03
1 0.332 0.833 0.024 0.042
1 0.122 0.752 0.02 0.024
1 0.338 0.609 0.028 0.03
1 0.222 0.768 0.016 0.024
1 0.231 0.782 0.014 0.024
1 0.455 0.65 0.026 0.028
1 0.451 0.845 0.018 0.03
1 0.464 0.848 0.024 0.024
1 0.61 0.892 0.028 0.02
1 0.626 0.973 0.02 0.038
1 0.854 0.814 0.024 0.032
1 0.809 0.763 0.038 0.03
1 0.563 0.715 0.022 0.026
1 0.708 0.804 0.024 0.04
2 0.015 0.079 0.03 0.062
2 0.084 0.147 0.036 0.022
2 0.43 0.105 0.032 0.046
2 0.749 0.025 0.018 0.022
2 0.986 0.137 0.024 0.05
2 0.783 0.128 0.046 0.056
2 0.698 0.173 0.048 0.034
2 0.657 0.123 0.042 0.046
2 0.462 0.168 0.04 0.032
2 0.517 0.234 0.046 0.04
2 0.069 0.217 0.026 0.034
2 0.082 0.275 0.032 0.05
2 0.108 0.334 0.012 0.012
2 0.605 0.292 0.026 0.032
2 0.113 0.56 0.03 0.052
2 0.151 0.494 0.014 0.012
2 0.168 0.505 0.008 0.014
2 0.194 0.514 0.036 0.04
2 0.256 0.447 0.008 0.026
2 0.231 0.462 0.034 0.064
2 0.415 0.383 0.018 0.018
2 0.425 0.466 0.034 0.028
2 0.206 0.59 0.032 0.02
2 0.948 0.288 0.02 0.024
2 0.919 0.404 0.042 0.068
2 0.932 0.473 0.048 0.074
2 0.881 0.523 0.018 0.014
2 0.99 0.612 0.016 0.032
2 0.971 0.632 0.026 0.04
2 0.964 0.6 0.02 0.036
2 0.978 0.721 0.04 0.054
2 0.701 0.433 0.018 0.038
2 0.757 0.509 0.026 0.034
2 0.456 0.512 0.052 0.072
2 0.038 0.726 0.016 0.048
2 0.181 0.627 0.034 0.05
2 0.15 0.892 0.036 0.028
2 0.172 0.983 0.02 0.018
2 0.247 0.908 0.038 0.044
2 0.258 0.876 0.052 0.028
2 0.233 0.942 0.014 0.02
2 0.227 0.973 0.034 0.046
2 0.257 0.963 0.022 0.038
2 0.287 0.962 0.038 0.044
2 0.334 0.913 0.032 0.038
2 0.304 0.589 0.048 0.058
2 0.367 0.585 0.054 0.062
2 0.361 0.672 0.042 0.048
2 0.299 0.672 0.046 0.08
2 0.323 0.8 0.018 0.036
2 0.216 0.744 0.048 0.024
2 0.257 0.738 0.05 0.052
2 0.613 0.961 0.006 0.01
2 0.675 0.902 0.042 0.06
2 0.635 0.9 0.038 0.036
2 0.763 0.837 0.046 0.062
2 0.527 0.773 0.026 0.034
2 0.524 0.72 0.044 0.08
2 0.579 0.611 0.038 0.042
2 0.558 0.651 0.036 0.03
2 0.754 0.616 0.036 0.024
2 0.758 0.586 0.032 0.036
2 0.766 0.796 0.02 0.032
2 0.787 0.774 0.018 0.032
2 0.773 0.767 0.018 0.03
2 0.749 0.722 0.042 0.044