0 0.057 0.099 0.034 0.042
0 0.068 0.062 0.028 0.036
0 0.089 0.056 0.014 0.016
0 0.108 0.057 0.024 0.01
0 0.108 0.08 0.04 0.04
0 0.141 0.048 0.038 0.032
0 0.125 0.002 0.026 0.004
0 0.165 0.005 0.034 0.01
0 0.335 0.044 0.026 0.032
0 0.47 0.043 0.024 0.038
0 0.493 0.093 0.046 0.062
0 0.496 0.157 0.04 0.054
0 0.492 0.185 0.036 0.034
0 0.869 0.203 0.034 0.054
0 0.843 0.072 0.03 0.052
0 0.877 0.051 0.03 0.058
0 0.897 0.041 0.018 0.034
0 0.929 0.038 0.026 0.048
0 0.945 0.006 0.034 0.012
0 0.992 0.067 0.012 0.03
0 0.993 0.144 0.01 0.024
0 0.959 0.169 0.034 0.054
0 0.916 0.285 0.028 0.03
0 0.921 0.255 0.018 0.034
0 0.943 0.281 0.026 0.054
0 0.946 0.358 0.036 0.048
0 0.878 0.416 0.04 0.032
0 0.954 0.488 0.032 0.044
0 0.88 0.489 0.044 0.042
0 0.836 0.439 0.04 0.034
0 0.713 0.461 0.05 0.034
0 0.785 0.496 0.05 0.036
0 0.848 0.545 0.036 0.034
0 0.918 0.551 0.028 0.034
0 0.904 0.569 0.036 0.03
0 0.995 0.55 0.006 0.036
0 0.783 0.55 0.046 0.028
0 0.721 0.522 0.062 0.04
0 0.66 0.526 0.044 0.044
0 0.595 0.48 0.034 0.052
0 0.551 0.475 0.038 0.062
0 0.55 0.396 0.036 0.052
0 0.525 0.395 0.018 0.03
0 0.508 0.318 0.032 0.06
0 0.445 0.224 0.03 0.052
0 0.46 0.159 0.024 0.05
0 0.421 0.151 0.026 0.038
0 0.313 0.12 0.034 0.048
0 0.328 0.176 0.028 0.052
0 0.305 0.153 0.026 0.03
0 0.295 0.193 0.022 0.05
0 0.203 0.152 0.038 0.036
0 0.008 0.218 0.016 0.044
0 0.097 0.214 0.034 0.032
0 0.141 0.251 0.034 0.042
0 0.131 0.289 0.034 0.046
0 0.046 0.274 0.036 0.044
0 0.08 0.279 0.024 0.038
0 0.054 0.354 0.036 0.04
0 0.02 0.399 0.032 0.042
0 0.044 0.442 0.02 0.028
0 0.012 0.474 0.024 0.028
0 0.005 0.539 0.01 0.026
0 0.044 0.593 0.04 0.03
0 0.014 0.722 0.028 0.04
0 0.06 0.776 0.032 0.036
0 0.011 0.816 0.022 0.048
0 0.091 0.653 0.026 0.034
0 0.079 0.634 0.026 0.048
0 0.146 0.613 0.028 0.03
0 0.166 0.631 0.032 0.05
0 0.138 0.647 0.032 0.038
0 0.111 0.706 0.034 0.044
0 0.123 0.756 0.03 0.04
0 0.031 0.875 0.03 0.034
0 0.07 0.873 0.036 0.042
0 0.011 0.96 0.022 0.032
0 0.028 0.975 0.02 0.026
0 0.06 0.987 0.028 0.022
0 0.083 0.966 0.026 0.024
0 0.136 0.972 0.028 0.04
0 0.127 0.937 0.034 0.034
0 0.162 0.927 0.024 0.034
0 0.188 0.937 0.028 0.034
0 0.177 0.964 0.026 0.036
0 0.257 0.98 0.03 0.032
0 0.416 0.987 0.036 0.022
0 0.458 0.981 0.032 0.026
0 0.407 0.952 0.026 0.04
0 0.398 0.926 0.024 0.04
0 0.449 0.919 0.026 0.03
0 0.433 0.901 0.022 0.022
0 0.357 0.919 0.026 0.03
0 0.266 0.921 0.024 0.03
0 0.216 0.91 0.028 0.032
0 0.15 0.886 0.028 0.028
0 0.096 0.854 0.032 0.04
0 0.137 0.779 0.022 0.026
0 0.17 0.769 0.028 0.038
0 0.173 0.801 0.026 0.034
0 0.204 0.784 0.028 0.032
0 0.221 0.761 0.038 0.038
0 0.211 0.702 0.03 0.024
0 0.259 0.638 0.034 0.032
0 0.202 0.535 0.036 0.042
0 0.233 0.511 0.034 0.034
0 0.233 0.473 0.03 0.05
0 0.284 0.538 0.024 0.036
0 0.336 0.552 0.032 0.056
0 0.357 0.569 0.01 0.018
0 0.286 0.595 0.032 0.034
0 0.303 0.617 0.026 0.03
0 0.098 0.428 0.028 0.02
0 0.189 0.473 0.03 0.042
0 0.201 0.438 0.03 0.04
0 0.201 0.328 0.034 0.052
0 0.258 0.324 0.036 0.056
0 0.3 0.447 0.036 0.054
0 0.394 0.434 0.028 0.036
0 0.392 0.459 0.028 0.026
0 0.418 0.463 0.024 0.046
0 0.433 0.431 0.026 0.03
0 0.443 0.445 0.022 0.022
0 0.316 0.327 0.036 0.054
0 0.372 0.301 0.04 0.054
0 0.394 0.269 0.028 0.038
0 0.334 0.249 0.028 0.038
0 0.448 0.345 0.036 0.046
0 0.482 0.367 0.028 0.042
0 0.27 0.834 0.028 0.036
0 0.264 0.774 0.024 0.028
0 0.282 0.755 0.028 0.022
0 0.288 0.72 0.024 0.032
0 0.315 0.717 0.026 0.03
0 0.373 0.681 0.034 0.038
0 0.376 0.623 0.028 0.034
0 0.416 0.594 0.032 0.04
0 0.436 0.547 0.032 0.046
0 0.492 0.537 0.036 0.042
0 0.469 0.604 0.034 0.04
0 0.524 0.608 0.024 0.024
0 0.454 0.652 0.024 0.032
0 0.424 0.689 0.02 0.018
0 0.421 0.707 0.038 0.03
0 0.459 0.686 0.034 0.028
0 0.491 0.7 0.026 0.032
0 0.526 0.666 0.028 0.024
0 0.339 0.88 0.042 0.044
0 0.354 0.846 0.036 0.028
0 0.332 0.806 0.028 0.032
0 0.345 0.77 0.034 0.032
0 0.377 0.765 0.038 0.034
0 0.364 0.803 0.024 0.018
0 0.372 0.813 0.028 0.022
0 0.448 0.761 0.04 0.026
0 0.486 0.799 0.032 0.03
0 0.471 0.829 0.026 0.026
0 0.436 0.851 0.028 0.026
0 0.413 0.853 0.026 0.022
0 0.479 0.91 0.03 0.028
0 0.531 0.98 0.026 0.02
0 0.525 0.958 0.034 0.028
0 0.538 0.932 0.032 0.02
0 0.52 0.919 0.024 0.018
0 0.515 0.901 0.026 0.018
0 0.531 0.9 0.022 0.02
0 0.544 0.902 0.016 0.024
0 0.549 0.883 0.026 0.026
0 0.545 0.862 0.03 0.024
0 0.558 0.991 0.036 0.014
0 0.577 0.979 0.026 0.03
0 0.636 0.988 0.028 0.02
0 0.675 0.974 0.038 0.048
0 0.736 0.994 0.024 0.008
0 0.705 0.956 0.03 0.032
0 0.717 0.945 0.03 0.026
0 0.723 0.923 0.026 0.022
0 0.635 0.922 0.026 0.024
0 0.612 0.926 0.028 0.044
0 0.599 0.858 0.034 0.04
0 0.595 0.817 0.034 0.026
0 0.569 0.763 0.042 0.042
0 0.563 0.725 0.026 0.034
0 0.54 0.719 0.028 0.054
0 0.608 0.59 0.036 0.044
0 0.672 0.585 0.028 0.034
0 0.708 0.559 0.04 0.026
0 0.597 0.667 0.03 0.026
0 0.632 0.731 0.028 0.03
0 0.658 0.748 0.032 0.028
0 0.643 0.762 0.018 0.02
0 0.639 0.783 0.022 0.03
0 0.632 0.788 0.024 0.024
0 0.725 0.616 0.038 0.044
0 0.766 0.582 0.028 0.04
0 0.792 0.591 0.036 0.03
0 0.683 0.696 0.03 0.04
0 0.693 0.754 0.03 0.032
0 0.711 0.813 0.034 0.03
0 0.737 0.799 0.026 0.026
0 0.76 0.774 0.024 0.028
0 0.722 0.848 0.024 0.032
0 0.742 0.879 0.04 0.03
0 0.748 0.96 0.02 0.028
0 0.778 0.983 0.028 0.026
0 0.79 0.995 0.016 0.006
0 0.831 0.996 0.022 0.004
0 0.916 0.984 0.036 0.028
0 0.982 0.959 0.028 0.038
0 0.994 0.934 0.008 0.036
0 0.935 0.956 0.018 0.016
0 0.839 0.962 0.034 0.044
0 0.824 0.919 0.028 0.034
0 0.799 0.903 0.022 0.042
0 0.78 0.929 0.028 0.03
0 0.762 0.942 0.028 0.032
0 0.833 0.888 0.022 0.032
0 0.776 0.811 0.024 0.034
0 0.844 0.795 0.032 0.026
0 0.865 0.83 0.026 0.032
0 0.869 0.851 0.03 0.022
0 0.898 0.907 0.024 0.034
0 0.907 0.892 0.022 0.04
0 0.879 0.888 0.026 0.032
0 0.99 0.753 0.016 0.042
0 0.936 0.764 0.02 0.028
0 0.922 0.756 0.02 0.028
0 0.89 0.759 0.028 0.026
0 0.979 0.691 0.022 0.022
0 0.978 0.713 0.036 0.03
0 0.976 0.636 0.032 0.04
0 0.946 0.614 0.032 0.032
0 0.914 0.621 0.032 0.03
0 0.91 0.65 0.028 0.028
0 0.901 0.673 0.038 0.03
0 0.873 0.691 0.034 0.038
0 0.855 0.711 0.03 0.03
0 0.804 0.741 0.024 0.034
0 0.819 0.721 0.026 0.034
0 0.77 0.73 0.024 0.04
0 0.832 0.67 0.028 0.036
0 0.735 0.682 0.026 0.044
0 0.84 0.608 0.024 0.016
0 0.84 0.633 0.024 0.022
1 0.136 0.014 0.02 0.02
1 0.285 0.013 0.01 0.022
1 0.396 0.038 0.028 0.02
1 0.4 0.015 0.024 0.018
1 0.509 0.119 0.03 0.038
1 0.994 0.042 0.008 0.012
1 0.971 0.068 0.014 0.016
1 0.908 0.119 0.012 0.022
1 0.897 0.1 0.014 0.02
1 0.932 0.211 0.02 0.022
1 0.935 0.231 0.018 0.022
1 0.903 0.246 0.022 0.02
1 0.892 0.262 0.008 0.012
1 0.887 0.274 0.01 0.012
1 0.864 0.367 0.024 0.038
1 0.955 0.434 0.022 0.028
1 0.886 0.464 0.024 0.016
1 0.771 0.432 0.038 0.028
1 0.829 0.529 0.022 0.018
1 0.63 0.457 0.028 0.022
1 0.629 0.473 0.026 0.03
1 0.575 0.388 0.034 0.036
1 0.476 0.294 0.02 0.024
1 0.452 0.274 0.02 0.024
1 0.428 0.256 0.016 0.028
1 0.422 0.179 0.024 0.018
1 0.377 0.15 0.03 0.032
1 0.257 0.172 0.022 0.02
1 0.163 0.123 0.03 0.022
1 0.191 0.209 0.018 0.018
1 0.069 0.26 0.01 0.012
1 0.089 0.304 0.018 0.024
1 0.15 0.302 0.016 0.016
1 0.096 0.356 0.008 0.052
1 0.038 0.559 0.016 0.018
1 0.07 0.548 0.008 0.008
1 0.066 0.564 0.008 0.012
1 0.004 0.645 0.008 0.018
1 0.153 0.688 0.022 0.016
1 0.152 0.703 0.028 0.018
1 0.031 0.955 0.018 0.01
1 0.003 0.993 0.006 0.01
1 0.095 0.996 0.03 0.004
1 0.204 0.99 0.02 0.016
1 0.265 0.956 0.022 0.02
1 0.312 0.943 0.02 0.022
1 0.352 0.948 0.02 0.02
1 0.363 0.99 0.034 0.016
1 0.449 0.963 0.022 0.018
1 0.422 0.928 0.016 0.016
1 0.304 0.923 0.02 0.014
1 0.235 0.893 0.022 0.018
1 0.22 0.875 0.016 0.018
1 0.213 0.932 0.01 0.012
1 0.119 0.861 0.014 0.026
1 0.179 0.728 0.022 0.024
1 0.228 0.68 0.02 0.032
1 0.205 0.685 0.018 0.022
1 0.242 0.611 0.012 0.014
1 0.195 0.585 0.018 0.026
1 0.244 0.526 0.016 0.016
1 0.314 0.492 0.012 0.016
1 0.119 0.425 0.01 0.014
1 0.1 0.447 0.024 0.018
1 0.147 0.451 0.018 0.018
1 0.137 0.459 0.026 0.018
1 0.14 0.476 0.012 0.012
1 0.166 0.486 0.016 0.028
1 0.132 0.39 0.024 0.032
1 0.134 0.356 0.008 0.012
1 0.114 0.361 0.008 0.006
1 0.209 0.379 0.014 0.014
1 0.216 0.397 0.024 0.018
1 0.355 0.411 0.022 0.03
1 0.3 0.286 0.016 0.024
1 0.342 0.301 0.012 0.01
1 0.277 0.238 0.006 0.008
1 0.391 0.202 0.006 0.044
1 0.461 0.382 0.018 0.032
1 0.299 0.694 0.014 0.012
1 0.308 0.7 0.016 0.012
1 0.364 0.654 0.028 0.016
1 0.383 0.692 0.022 0.016
1 0.493 0.591 0.018 0.018
1 0.539 0.596 0.006 0.016
1 0.49 0.994 0.024 0.008
1 0.312 0.779 0.024 0.014
1 0.414 0.811 0.028 0.026
1 0.442 0.748 0.024 0.02
1 0.495 0.929 0.026 0.026
1 0.525 0.994 0.034 0.008
1 0.585 0.995 0.022 0.006
1 0.588 0.967 0.016 0.014
1 0.616 0.989 0.02 0.018
1 0.724 0.98 0.016 0.016
1 0.6 0.89 0.032 0.02
1 0.658 0.875 0.008 0.014
1 0.532 0.77 0.016 0.02
1 0.571 0.534 0.026 0.036
1 0.547 0.55 0.018 0.016
1 0.6 0.646 0.024 0.016
1 0.629 0.706 0.026 0.016
1 0.609 0.737 0.01 0.026
1 0.66 0.729 0.024 0.018
1 0.804 0.635 0.036 0.018
1 0.796 0.649 0.02 0.014
1 0.709 0.872 0.01 0.008
1 0.986 0.993 0.024 0.01
1 0.931 0.938 0.026 0.016
1 0.93 0.916 0.024 0.02
1 0.848 0.944 0.02 0.02
1 0.802 0.862 0.024 0.024
1 0.795 0.79 0.022 0.02
1 0.796 0.831 0.012 0.01
1 0.888 0.843 0.016 0.022
1 0.911 0.818 0.01 0.024
1 0.918 0.861 0.016 0.022
1 0.984 0.74 0.02 0.02
1 0.94 0.733 0.012 0.026
1 0.883 0.735 0.014 0.01
1 0.98 0.663 0.016 0.014
1 0.971 0.67 0.01 0.012
1 0.929 0.606 0.022 0.02
1 0.919 0.707 0.026 0.018
1 0.914 0.725 0.012 0.014
1 0.847 0.615 0.022 0.018
1 0.866 0.617 0.016 0.014
1 0.882 0.636 0.024 0.016
1 0.242 0.572 0.016 0.016
2 0.274 0.01 0.024 0.02
2 0.255 0.019 0.03 0.018
2 0.428 0.024 0.02 0.024
2 0.446 0.01 0.024 0.02
2 0.379 0.009 0.014 0.018
2 0.537 0.016 0.018 0.02
2 0.509 0.216 0.018 0.036
2 0.521 0.244 0.01 0.032
2 0.542 0.3 0.012 0.028
2 0.571 0.35 0.022 0.028
2 0.611 0.402 0.03 0.016
2 0.67 0.408 0.04 0.012
2 0.767 0.394 0.042 0.028
2 0.819 0.356 0.03 0.032
2 0.842 0.325 0.008 0.042
2 0.847 0.253 0.026 0.054
2 0.842 0.229 0.008 0.026
2 0.844 0.193 0.012 0.042
2 0.825 0.088 0.026 0.044
2 0.904 0.004 0.028 0.008
2 0.895 0.013 0.014 0.018
2 0.983 0.021 0.01 0.014
2 0.992 0.123 0.012 0.018
2 0.996 0.404 0.004 0.028
2 0.8 0.447 0.036 0.038
2 0.777 0.528 0.018 0.016
2 0.559 0.454 0.026 0.04
2 0.588 0.381 0.028 0.03
2 0.253 0.124 0.018 0.024
2 0.254 0.144 0.024 0.024
2 0.203 0.122 0.038 0.028
2 0.026 0.242 0.02 0.024
2 0.035 0.455 0.014 0.014
2 0.026 0.732 0.028 0.036
2 0.234 0.985 0.032 0.026
2 0.29 0.979 0.016 0.026
2 0.381 0.991 0.026 0.014
2 0.458 0.953 0.008 0.01
2 0.26 0.899 0.016 0.014
2 0.274 0.874 0.02 0.02
2 0.125 0.803 0.038 0.026
2 0.319 0.671 0.014 0.022
2 0.435 0.822 0.026 0.02
2 0.404 0.874 0.028 0.02
2 0.517 0.833 0.034 0.018
2 0.515 0.873 0.022 0.018
2 0.536 0.532 0.02 0.032
2 0.627 0.542 0.034 0.032
2 0.697 0.783 0.022 0.026
2 0.665 0.846 0.022 0.024
2 0.924 0.82 0.016 0.024
2 0.854 0.912 0.02 0.04
2 0.915 0.695 0.014 0.01
2 0.649 0.671 0.014 0.014
2 0.666 0.675 0.012 0.014
2 0.789 0.66 0.014 0.008
2 0.167 0.852 0.03 0.02
2 0.179 0.325 0.018 0.022