0 0.697 0.361 0.054 0.046
0 0.621 0.369 0.05 0.042
0 0.636 0.323 0.032 0.042
0 0.59 0.289 0.04 0.038
0 0.539 0.309 0.042 0.05
0 0.591 0.22 0.042 0.036
0 0.644 0.189 0.056 0.046
0 0.558 0.194 0.036 0.028
0 0.552 0.13 0.032 0.052
0 0.558 0.081 0.036 0.042
0 0.552 0.015 0.032 0.03
0 0.48 0.028 0.036 0.036
0 0.506 0.067 0.024 0.03
0 0.456 0.084 0.044 0.044
0 0.41 0.053 0.036 0.046
0 0.35 0.064 0.036 0.052
0 0.339 0.009 0.046 0.018
0 0.247 0.015 0.034 0.03
0 0.17 0.011 0.032 0.022
0 0.055 0.01 0.042 0.02
0 0.042 0.046 0.06 0.044
0 0.055 0.079 0.034 0.03
0 0.08 0.071 0.028 0.026
0 0.144 0.066 0.028 0.028
0 0.127 0.119 0.034 0.038
0 0.049 0.144 0.03 0.04
0 0.141 0.207 0.046 0.038
0 0.179 0.17 0.026 0.052
0 0.168 0.288 0.032 0.048
0 0.022 0.189 0.036 0.05
0 0.059 0.241 0.038 0.038
0 0.077 0.271 0.034 0.038
0 0.119 0.25 0.046 0.044
0 0.114 0.288 0.048 0.036
0 0.14 0.272 0.024 0.04
0 0.212 0.168 0.028 0.044
0 0.125 0.159 0.038 0.042
0 0.239 0.084 0.03 0.032
0 0.373 0.119 0.038 0.042
0 0.239 0.263 0.03 0.034
0 0.282 0.272 0.036 0.032
0 0.305 0.232 0.026 0.032
0 0.323 0.264 0.034 0.024
0 0.392 0.273 0.032 0.03
0 0.39 0.234 0.036 0.032
0 0.394 0.196 0.04 0.028
0 0.438 0.24 0.04 0.036
0 0.484 0.184 0.036 0.036
0 0.483 0.223 0.038 0.038
0 0.502 0.198 0.04 0.032
0 0.637 0.123 0.038 0.042
0 0.612 0.098 0.044 0.036
0 0.637 0.058 0.042 0.032
0 0.681 0.046 0.034 0.044
0 0.696 0.108 0.028 0.044
0 0.732 0.116 0.032 0.036
0 0.737 0.081 0.034 0.03
0 0.795 0.066 0.038 0.056
0 0.696 0.228 0.052 0.04
0 0.896 0.215 0.036 0.03
0 0.924 0.186 0.04 0.044
0 0.899 0.089 0.046 0.042
0 0.942 0.102 0.04 0.032
0 0.958 0.136 0.028 0.052
0 0.983 0.154 0.03 0.052
0 0.982 0.043 0.032 0.034
0 0.887 0.021 0.034 0.034
0 0.74 0.017 0.044 0.034
0 0.624 0.008 0.04 0.016
0 0.51 0.005 0.024 0.01
0 0.299 0.007 0.03 0.014
0 0.289 0.16 0.038 0.048
0 0.234 0.04 0.032 0.024
0 0.027 0.346 0.046 0.044
0 0.062 0.339 0.028 0.03
0 0.254 0.368 0.044 0.04
0 0.312 0.324 0.032 0.04
0 0.371 0.336 0.046 0.068
0 0.438 0.332 0.032 0.04
0 0.415 0.341 0.042 0.05
0 0.458 0.439 0.036 0.046
0 0.531 0.459 0.038 0.05
0 0.516 0.494 0.044 0.048
0 0.616 0.491 0.04 0.042
0 0.682 0.54 0.052 0.052
0 0.641 0.444 0.038 0.048
0 0.624 0.413 0.04 0.038
0 0.783 0.475 0.062 0.074
0 0.74 0.358 0.036 0.04
0 0.752 0.322 0.04 0.04
0 0.835 0.308 0.05 0.04
0 0.964 0.289 0.044 0.034
0 0.966 0.238 0.04 0.032
0 0.725 0.165 0.034 0.054
0 0.732 0.254 0.028 0.036
0 0.833 0.157 0.046 0.066
0 0.765 0.09 0.038 0.036
0 0.515 0.112 0.05 0.04
0 0.303 0.458 0.042 0.036
0 0.314 0.433 0.04 0.046
0 0.373 0.568 0.05 0.076
0 0.464 0.636 0.044 0.048
0 0.436 0.66 0.04 0.048
0 0.502 0.569 0.048 0.042
0 0.612 0.581 0.044 0.038
0 0.66 0.601 0.04 0.03
0 0.656 0.725 0.056 0.046
0 0.691 0.793 0.058 0.058
0 0.7 0.738 0.056 0.052
0 0.847 0.669 0.046 0.054
0 0.879 0.829 0.058 0.078
0 0.96 0.862 0.052 0.096
0 0.985 0.824 0.026 0.052
0 0.931 0.657 0.05 0.046
0 0.931 0.612 0.05 0.04
0 0.948 0.479 0.048 0.054
0 0.915 0.432 0.042 0.04
0 0.965 0.417 0.046 0.042
0 0.919 0.33 0.034 0.028
0 0.908 0.401 0.044 0.026
0 0.804 0.507 0.048 0.026
0 0.537 0.528 0.042 0.04
0 0.055 0.413 0.046 0.03
0 0.042 0.521 0.032 0.054
0 0.073 0.52 0.038 0.048
0 0.194 0.508 0.036 0.052
0 0.168 0.549 0.04 0.03
0 0.086 0.652 0.056 0.056
0 0.188 0.687 0.04 0.062
0 0.271 0.74 0.042 0.056
0 0.256 0.783 0.04 0.05
0 0.235 0.819 0.062 0.074
0 0.167 0.832 0.042 0.044
0 0.265 0.66 0.038 0.056
0 0.29 0.636 0.04 0.032
0 0.199 0.424 0.034 0.044
0 0.295 0.416 0.022 0.036
0 0.483 0.763 0.046 0.042
0 0.505 0.816 0.046 0.048
0 0.57 0.825 0.064 0.066
0 0.572 0.863 0.044 0.046
0 0.627 0.842 0.046 0.068
0 0.677 0.876 0.046 0.04
0 0.779 0.858 0.042 0.048
0 0.776 0.93 0.044 0.052
0 0.729 0.937 0.034 0.058
0 0.911 0.907 0.066 0.038
0 0.579 0.98 0.038 0.036
0 0.631 0.982 0.038 0.032
0 0.666 0.991 0.032 0.014
0 0.405 0.844 0.05 0.048
0 0.395 0.801 0.05 0.042
0 0.362 0.842 0.04 0.044
0 0.352 0.874 0.04 0.048
0 0.412 0.763 0.048 0.034
0 0.46 0.716 0.036 0.032
0 0.208 0.557 0.028 0.034
0 0.254 0.596 0.028 0.032
0 0.297 0.599 0.026 0.05
0 0.007 0.061 0.014 0.026
0 0.836 0.6 0.028 0.032
0 0.901 0.56 0.038 0.028
0 0.973 0.578 0.03 0.032
0 0.946 0.628 0.028 0.024
0 0.987 0.659 0.022 0.07
0 0.817 0.787 0.03 0.046
0 0.383 0.953 0.034 0.034
0 0.407 0.983 0.034 0.03
0 0.187 0.937 0.046 0.046
0 0.221 0.952 0.038 0.04
0 0.121 0.972 0.038 0.04
0 0.058 0.922 0.044 0.036
0 0.135 0.925 0.042 0.042
0 0.016 0.754 0.032 0.032
0 0.01 0.712 0.02 0.028
0 0.079 0.741 0.05 0.042
0 0.665 0.007 0.034 0.014
0 0.46 0.007 0.036 0.014
1 0.396 0.134 0.02 0.032
1 0.447 0.752 0.018 0.028
1 0.422 0.727 0.028 0.018
1 0.517 0.762 0.03 0.028
1 0.356 0.682 0.028 0.04
1 0.492 0.594 0.02 0.02
1 0.215 0.598 0.022 0.024
1 0.266 0.458 0.02 0.032
1 0.224 0.462 0.024 0.024
1 0.209 0.409 0.018 0.022
1 0.013 0.305 0.014 0.018
1 0.347 0.157 0.018 0.03
1 0.556 0.414 0.032 0.016
1 0.517 0.414 0.022 0.016
1 0.497 0.342 0.022 0.024
1 0.702 0.19 0.028 0.028
1 0.862 0.083 0.024 0.03
1 0.957 0.212 0.018 0.02
1 0.804 0.185 0.016 0.022
1 0.822 0.223 0.02 0.014
1 0.845 0.274 0.018 0.016
1 0.972 0.314 0.024 0.024
1 0.978 0.367 0.028 0.022
1 0.83 0.388 0.016 0.016
1 0.846 0.521 0.02 0.026
1 0.888 0.587 0.02 0.022
1 0.987 0.598 0.022 0.02
1 0.854 0.642 0.016 0.028
1 0.866 0.69 0.016 0.036
1 0.721 0.767 0.03 0.01
1 0.666 0.661 0.024 0.034
1 0.992 0.528 0.012 0.028
1 0.964 0.74 0.024 0.016
1 0.921 0.803 0.022 0.022
1 0.983 0.97 0.022 0.028
1 0.828 0.908 0.028 0.02
1 0.505 0.903 0.022 0.022
1 0.425 0.911 0.022 0.018
1 0.48 0.969 0.02 0.018
1 0.486 0.991 0.024 0.014
1 0.538 0.931 0.024 0.022
1 0.279 0.946 0.03 0.028
1 0.235 0.931 0.026 0.018
1 0.155 0.974 0.018 0.028
1 0.061 0.617 0.018 0.026
1 0.05 0.586 0.02 0.02
1 0.25 0.707 0.02 0.026
1 0.939 0.02 0.022 0.02
1 0.984 0.005 0.024 0.01
1 0.854 0.004 0.016 0.008
1 0.779 0.221 0.014 0.018
2 0.311 0.067 0.026 0.038
2 0.295 0.028 0.03 0.02
2 0.64 0.948 0.064 0.064
2 0.505 0.725 0.03 0.026
2 0.518 0.667 0.028 0.026
2 0.502 0.633 0.036 0.03
2 0.418 0.54 0.036 0.04
2 0.323 0.58 0.026 0.04
2 0.229 0.519 0.026 0.038
2 0.272 0.611 0.028 0.03
2 0.137 0.325 0.022 0.018
2 0.04 0.291 0.032 0.026
2 0.007 0.287 0.014 0.026
2 0.038 0.216 0.016 0.02
2 0.017 0.13 0.03 0.024
2 0.202 0.072 0.04 0.048
2 0.237 0.062 0.034 0.02
2 0.382 0.063 0.02 0.026
2 0.479 0.139 0.03 0.046
2 0.319 0.147 0.026 0.046
2 0.343 0.183 0.018 0.026
2 0.245 0.223 0.03 0.022
2 0.268 0.249 0.024 0.026
2 0.424 0.288 0.048 0.048
2 0.795 0.136 0.026 0.076
2 0.88 0.142 0.036 0.052
2 0.913 0.126 0.03 0.048
2 0.928 0.371 0.036 0.022
2 0.814 0.372 0.016 0.02
2 0.82 0.487 0.012 0.018
2 0.768 0.687 0.048 0.046
2 0.732 0.585 0.036 0.018
2 0.879 0.715 0.026 0.022
2 0.966 0.714 0.02 0.028
2 0.946 0.983 0.036 0.03
2 0.705 0.931 0.018 0.038
2 0.422 0.942 0.024 0.04
2 0.201 0.985 0.05 0.026
2 0.166 0.991 0.024 0.014
2 0.203 0.969 0.014 0.014
2 0.02 0.942 0.04 0.048
2 0.177 0.622 0.026 0.032
2 0.856 0.989 0.056 0.018
2 0.899 0.971 0.026 0.038
2 0.795 0.007 0.038 0.014
2 0.987 0.081 0.022 0.03
2 0.716 0.064 0.024 0.02
2 0.603 0.035 0.018 0.026
2 0.021 0.007 0.03 0.014
2 0.835 0.016 0.026 0.032
2 0.804 0.233 0.028 0.066
2 0.824 0.114 0.032 0.024