0 0.422 0.512 0.036 0.024
0 0.093 0.976 0.054 0.044
0 0.023 0.919 0.042 0.034
0 0.107 0.892 0.05 0.04
0 0.17 0.903 0.044 0.03
0 0.183 0.931 0.042 0.034
0 0.223 0.991 0.042 0.014
0 0.27 0.989 0.044 0.018
0 0.086 0.928 0.032 0.02
0 0.253 0.888 0.034 0.032
0 0.32 0.993 0.024 0.01
0 0.318 0.924 0.048 0.036
0 0.346 0.955 0.044 0.034
0 0.398 0.912 0.036 0.036
0 0.236 0.829 0.036 0.03
0 0.316 0.835 0.04 0.034
0 0.448 0.984 0.04 0.028
0 0.483 0.989 0.03 0.018
0 0.525 0.975 0.018 0.022
0 0.552 0.933 0.04 0.03
0 0.581 0.984 0.034 0.028
0 0.616 0.973 0.04 0.026
0 0.683 0.989 0.038 0.018
0 0.742 0.964 0.04 0.028
0 0.858 0.886 0.044 0.048
0 0.767 0.905 0.034 0.034
0 0.76 0.883 0.032 0.026
0 0.945 0.859 0.026 0.026
0 0.966 0.849 0.044 0.03
0 0.622 0.925 0.036 0.026
0 0.527 0.887 0.034 0.026
0 0.583 0.872 0.022 0.028
0 0.598 0.83 0.024 0.032
0 0.788 0.807 0.032 0.03
0 0.858 0.754 0.052 0.04
0 0.984 0.788 0.028 0.064
0 0.736 0.76 0.036 0.028
0 0.915 0.662 0.03 0.036
0 0.948 0.62 0.036 0.036
0 0.987 0.69 0.022 0.028
0 0.904 0.608 0.032 0.048
0 0.338 0.772 0.032 0.032
0 0.212 0.737 0.048 0.034
0 0.118 0.717 0.036 0.038
0 0.023 0.719 0.042 0.034
0 0.007 0.708 0.01 0.028
0 0.061 0.719 0.05 0.034
0 0.073 0.735 0.034 0.026
0 0.013 0.681 0.022 0.026
0 0.03 0.675 0.032 0.034
0 0.164 0.657 0.044 0.026
0 0.235 0.647 0.05 0.034
0 0.175 0.619 0.038 0.026
0 0.313 0.682 0.038 0.036
0 0.325 0.701 0.046 0.03
0 0.342 0.719 0.032 0.03
0 0.373 0.681 0.03 0.034
0 0.304 0.643 0.032 0.03
0 0.365 0.638 0.042 0.032
0 0.433 0.698 0.034 0.04
0 0.436 0.65 0.036 0.032
0 0.49 0.619 0.044 0.054
0 0.418 0.549 0.052 0.03
0 0.365 0.548 0.034 0.036
0 0.135 0.565 0.042 0.034
0 0.114 0.562 0.032 0.032
0 0.209 0.578 0.038 0.024
0 0.175 0.559 0.034 0.034
0 0.033 0.525 0.054 0.03
0 0.111 0.502 0.042 0.032
0 0.187 0.504 0.05 0.04
0 0.077 0.437 0.054 0.034
0 0.244 0.539 0.056 0.038
0 0.333 0.494 0.042 0.04
0 0.462 0.48 0.032 0.028
0 0.474 0.452 0.044 0.032
0 0.486 0.505 0.044 0.046
0 0.56 0.473 0.04 0.034
0 0.21 0.434 0.052 0.028
0 0.13 0.362 0.04 0.032
0 0.226 0.358 0.044 0.032
0 0.323 0.417 0.03 0.038
0 0.355 0.422 0.042 0.028
0 0.424 0.416 0.04 0.032
0 0.46 0.412 0.028 0.024
0 0.448 0.367 0.04 0.026
0 0.378 0.361 0.044 0.046
0 0.403 0.339 0.022 0.026
0 0.089 0.276 0.042 0.04
0 0.233 0.3 0.042 0.036
0 0.313 0.292 0.034 0.032
0 0.34 0.274 0.048 0.032
0 0.395 0.318 0.022 0.02
0 0.462 0.287 0.036 0.026
0 0.295 0.242 0.042 0.024
0 0.287 0.206 0.038 0.032
0 0.103 0.317 0.03 0.026
0 0.132 0.294 0.048 0.032
0 0.015 0.248 0.026 0.036
0 0.166 0.234 0.044 0.036
0 0.342 0.219 0.044 0.038
0 0.005 0.134 0.006 0.028
0 0.054 0.126 0.044 0.032
0 0.115 0.139 0.038 0.026
0 0.186 0.138 0.044 0.032
0 0.184 0.079 0.052 0.03
0 0.09 0.101 0.044 0.022
0 0.116 0.073 0.036 0.026
0 0.058 0.015 0.04 0.026
0 0.166 0.034 0.036 0.028
0 0.169 0.011 0.046 0.018
0 0.241 0.123 0.038 0.038
0 0.258 0.057 0.052 0.034
0 0.362 0.045 0.04 0.038
0 0.559 0.415 0.066 0.046
0 0.564 0.331 0.052 0.05
0 0.728 0.399 0.064 0.038
0 0.65 0.361 0.04 0.03
0 0.594 0.297 0.04 0.026
0 0.455 0.063 0.05 0.054
0 0.527 0.068 0.046 0.04
0 0.509 0.019 0.038 0.034
0 0.46 0.119 0.032 0.046
0 0.475 0.163 0.034 0.026
0 0.402 0.226 0.02 0.028
0 0.543 0.218 0.022 0.024
0 0.59 0.194 0.04 0.04
0 0.605 0.171 0.046 0.038
0 0.607 0.119 0.038 0.034
0 0.712 0.237 0.044 0.046
0 0.695 0.181 0.03 0.03
0 0.81 0.103 0.064 0.042
0 0.858 0.075 0.052 0.038
0 0.875 0.056 0.034 0.028
0 0.663 0.013 0.058 0.022
0 0.728 0.026 0.036 0.036
0 0.771 0.082 0.046 0.028
0 0.853 0.172 0.046 0.04
0 0.802 0.161 0.048 0.038
0 0.774 0.169 0.024 0.022
0 0.829 0.143 0.022 0.018
0 0.956 0.145 0.02 0.022
0 0.982 0.174 0.032 0.032
0 0.818 0.264 0.044 0.032
0 0.879 0.317 0.042 0.046
0 0.857 0.332 0.03 0.028
0 0.754 0.358 0.04 0.028
0 0.726 0.363 0.024 0.026
0 0.622 0.368 0.024 0.02
0 0.886 0.358 0.028 0.02
0 0.833 0.348 0.022 0.02
0 0.621 0.868 0.054 0.04
0 0.996 0.945 0.004 0.022
0 0.953 0.3 0.034 0.028
0 0.837 0.301 0.018 0.022
0 0.39 0.172 0.048 0.044
0 0.421 0.325 0.022 0.038
0 0.221 0.672 0.018 0.012
0 0.923 0.925 0.014 0.022
1 0.616 0.816 0.02 0.016
1 0.698 0.295 0.016 0.018
1 0.64 0.421 0.016 0.018
1 0.439 0.618 0.026 0.016
1 0.884 0.685 0.02 0.014
1 0.798 0.769 0.024 0.018
1 0.683 0.808 0.022 0.02
1 0.426 0.942 0.016 0.02
2 0.194 0.859 0.044 0.042
2 0.37 0.941 0.024 0.03
2 0.688 0.96 0.036 0.028
2 0.517 0.86 0.038 0.032
2 0.607 0.896 0.018 0.016
2 0.466 0.857 0.044 0.042
2 0.94 0.786 0.04 0.036
2 0.812 0.742 0.032 0.032
2 0.891 0.78 0.022 0.02
2 0.889 0.971 0.034 0.026
2 0.64 0.805 0.036 0.026
2 0.027 0.859 0.03 0.03
2 0.075 0.892 0.018 0.02
2 0.127 0.784 0.046 0.028
2 0.89 0.813 0.032 0.034
2 0.917 0.809 0.03 0.03
2 0.886 0.589 0.016 0.038
2 0.246 0.599 0.04 0.026
2 0.015 0.485 0.026 0.034
2 0.275 0.39 0.042 0.032
2 0.248 0.44 0.036 0.024
2 0.062 0.283 0.028 0.03
2 0.988 0.195 0.02 0.03
2 0.806 0.432 0.02 0.02
2 0.807 0.397 0.062 0.026
2 0.704 0.445 0.028 0.018
2 0.622 0.462 0.036 0.032
2 0.563 0.53 0.038 0.032
2 0.534 0.534 0.032 0.028
2 0.864 0.636 0.016 0.024
2 0.806 0.703 0.028 0.03
2 0.73 0.724 0.028 0.024
2 0.739 0.807 0.03 0.022
2 0.445 0.668 0.03 0.024
2 0.185 0.805 0.034 0.022
2 0.128 0.753 0.048 0.034
2 0.057 0.846 0.022 0.024
2 0.054 0.823 0.024 0.026
2 0.046 0.958 0.016 0.032
2 0.859 0.961 0.026 0.022
2 0.91 0.576 0.02 0.02
2 0.916 0.55 0.024 0.032
2 0.988 0.65 0.02 0.028
2 0.927 0.374 0.03 0.024
2 0.928 0.41 0.024 0.024
2 0.953 0.422 0.022 0.016
2 0.994 0.407 0.008 0.034
2 0.969 0.321 0.014 0.018
2 0.884 0.376 0.036 0.024
2 0.833 0.326 0.034 0.024
2 0.688 0.35 0.032 0.04
2 0.633 0.383 0.05 0.022
2 0.894 0.226 0.024 0.024
2 0.602 0.235 0.052 0.046
2 0.559 0.227 0.042 0.034
2 0.562 0.123 0.028 0.022
2 0.574 0.157 0.028 0.026
2 0.486 0.214 0.028 0.04
2 0.406 0.095 0.024 0.022
2 0.35 0.136 0.02 0.016
2 0.728 0.057 0.048 0.038
2 0.683 0.208 0.03 0.028
2 0.179 0.191 0.03 0.018
2 0.061 0.223 0.054 0.034
2 0.234 0.331 0.032 0.022
2 0.031 0.605 0.014 0.022
2 0.015 0.542 0.026 0.036
2 0.506 0.809 0.04 0.026
2 0.4 0.815 0.016 0.034
2 0.439 0.776 0.062 0.036
2 0.083 0.543 0.042 0.038
2 0.347 0.591 0.014 0.026
2 0.378 0.747 0.02 0.026
2 0.95 0.345 0.048 0.03
2 0.785 0.443 0.038 0.022
2 0.67 0.271 0.028 0.034
2 0.826 0.014 0.02 0.02
2 0.236 0.388 0.02 0.04
2 0.143 0.425 0.022 0.022
2 0.57 0.839 0.024 0.022
2 0.551 0.814 0.03 0.028
2 0.296 0.953 0.032 0.022
2 0.64 0.759 0.04 0.03
2 0.798 0.823 0.04 0.034
2 0.833 0.961 0.018 0.026