0 0.435 0.217 0.034 0.062
0 0.939 0.092 0.034 0.06
0 0.903 0.107 0.034 0.066
0 0.861 0.125 0.038 0.062
0 0.824 0.166 0.04 0.056
0 0.829 0.101 0.03 0.046
0 0.799 0.107 0.026 0.038
0 0.807 0.087 0.03 0.042
0 0.765 0.152 0.042 0.068
0 0.739 0.126 0.03 0.04
0 0.705 0.156 0.034 0.064
0 0.924 0.191 0.04 0.042
0 0.925 0.238 0.038 0.04
0 0.867 0.246 0.038 0.032
0 0.927 0.298 0.038 0.056
0 0.981 0.221 0.034 0.054
0 0.985 0.272 0.026 0.064
0 0.725 0.049 0.034 0.05
0 0.689 0.057 0.042 0.046
0 0.627 0.042 0.05 0.068
0 0.588 0.028 0.044 0.052
0 0.543 0.015 0.046 0.03
0 0.324 0.018 0.044 0.036
0 0.581 0.115 0.042 0.054
0 0.386 0.096 0.028 0.036
0 0.337 0.14 0.034 0.036
0 0.352 0.097 0.028 0.054
0 0.08 0.086 0.036 0.032
0 0.136 0.011 0.044 0.022
0 0.086 0.251 0.048 0.058
0 0.044 0.299 0.036 0.034
0 0.092 0.304 0.044 0.048
0 0.133 0.322 0.042 0.056
0 0.067 0.395 0.038 0.058
0 0.152 0.274 0.032 0.06
0 0.184 0.293 0.048 0.082
0 0.231 0.263 0.046 0.066
0 0.259 0.247 0.038 0.082
0 0.361 0.225 0.038 0.05
0 0.326 0.257 0.04 0.046
0 0.517 0.213 0.05 0.05
0 0.6 0.262 0.056 0.068
0 0.688 0.246 0.044 0.08
0 0.525 0.266 0.034 0.048
0 0.495 0.263 0.038 0.05
0 0.456 0.277 0.04 0.058
0 0.489 0.307 0.038 0.046
0 0.567 0.358 0.054 0.052
0 0.571 0.411 0.034 0.042
0 0.532 0.427 0.04 0.062
0 0.57 0.452 0.032 0.056
0 0.726 0.314 0.036 0.06
0 0.768 0.282 0.052 0.032
0 0.813 0.349 0.046 0.054
0 0.896 0.361 0.032 0.042
0 0.973 0.374 0.046 0.076
0 0.897 0.478 0.038 0.056
0 0.935 0.524 0.042 0.048
0 0.827 0.451 0.038 0.054
0 0.982 0.459 0.032 0.054
0 0.751 0.404 0.03 0.044
0 0.756 0.468 0.044 0.064
0 0.694 0.475 0.036 0.054
0 0.734 0.504 0.036 0.056
0 0.665 0.512 0.038 0.06
0 0.697 0.523 0.03 0.05
0 0.632 0.495 0.04 0.05
0 0.773 0.543 0.014 0.034
0 0.756 0.622 0.04 0.044
0 0.763 0.644 0.038 0.036
0 0.627 0.676 0.038 0.048
0 0.685 0.628 0.03 0.056
0 0.729 0.733 0.038 0.07
0 0.776 0.721 0.044 0.058
0 0.837 0.772 0.046 0.06
0 0.695 0.755 0.046 0.05
0 0.576 0.761 0.028 0.05
0 0.559 0.697 0.042 0.062
0 0.578 0.824 0.04 0.056
0 0.561 0.874 0.038 0.056
0 0.532 0.857 0.04 0.054
0 0.712 0.91 0.032 0.04
0 0.696 0.886 0.036 0.036
0 0.629 0.925 0.026 0.034
0 0.62 0.903 0.028 0.038
0 0.631 0.99 0.034 0.016
0 0.978 0.59 0.032 0.056
0 0.934 0.643 0.04 0.05
0 0.927 0.594 0.042 0.06
0 0.865 0.676 0.034 0.048
0 0.925 0.752 0.03 0.052
0 0.908 0.767 0.032 0.062
0 0.979 0.799 0.03 0.066
0 0.861 0.831 0.038 0.062
0 0.987 0.888 0.022 0.052
0 0.96 0.924 0.04 0.064
0 0.949 0.967 0.042 0.054
0 0.805 0.901 0.034 0.062
0 0.77 0.872 0.036 0.056
0 0.799 0.938 0.018 0.024
0 0.767 0.935 0.026 0.034
0 0.822 0.951 0.032 0.042
0 0.663 0.982 0.034 0.032
0 0.581 0.965 0.054 0.054
0 0.51 0.919 0.044 0.058
0 0.474 0.98 0.028 0.036
0 0.468 0.937 0.044 0.058
0 0.421 0.966 0.034 0.056
0 0.388 0.901 0.052 0.086
0 0.362 0.945 0.024 0.034
0 0.317 0.941 0.026 0.03
0 0.285 0.981 0.03 0.034
0 0.126 0.922 0.048 0.072
0 0.047 0.958 0.034 0.056
0 0.074 0.908 0.02 0.036
0 0.085 0.925 0.026 0.022
0 0.039 0.905 0.022 0.018
0 0.122 0.885 0.04 0.042
0 0.11 0.853 0.032 0.042
0 0.255 0.879 0.042 0.066
0 0.167 0.761 0.046 0.062
0 0.196 0.786 0.036 0.06
0 0.136 0.812 0.044 0.04
0 0.142 0.8 0.032 0.028
0 0.013 0.728 0.022 0.056
0 0.034 0.685 0.044 0.062
0 0.076 0.703 0.04 0.066
0 0.107 0.672 0.046 0.072
0 0.18 0.672 0.016 0.024
0 0.17 0.689 0.02 0.026
0 0.188 0.707 0.04 0.046
0 0.351 0.789 0.046 0.078
0 0.454 0.798 0.032 0.052
0 0.396 0.793 0.036 0.062
0 0.414 0.732 0.044 0.048
0 0.503 0.635 0.038 0.042
0 0.5 0.616 0.024 0.028
0 0.429 0.591 0.034 0.042
0 0.435 0.662 0.03 0.028
0 0.435 0.637 0.034 0.038
0 0.407 0.706 0.026 0.032
0 0.331 0.639 0.054 0.074
0 0.287 0.713 0.046 0.086
0 0.263 0.738 0.038 0.056
0 0.141 0.63 0.038 0.044
0 0.073 0.549 0.034 0.046
0 0.117 0.547 0.046 0.054
0 0.176 0.55 0.04 0.052
0 0.351 0.575 0.042 0.058
0 0.285 0.528 0.038 0.052
0 0.218 0.537 0.044 0.086
0 0.183 0.58 0.022 0.016
0 0.256 0.54 0.028 0.044
0 0.265 0.508 0.022 0.032
0 0.578 0.56 0.036 0.06
0 0.493 0.488 0.042 0.048
0 0.424 0.506 0.036 0.064
0 0.363 0.465 0.034 0.054
0 0.371 0.375 0.038 0.038
0 0.339 0.329 0.03 0.03
0 0.279 0.351 0.054 0.058
0 0.249 0.487 0.038 0.062
0 0.243 0.437 0.046 0.038
0 0.051 0.461 0.058 0.066
0 0.155 0.409 0.03 0.042
0 0.16 0.432 0.024 0.024
0 0.039 0.196 0.022 0.024
0 0.115 0.162 0.01 0.048
0 0.279 0.225 0.01 0.026
0 0.986 0.007 0.024 0.014
0 0.788 0.007 0.036 0.014
0 0.928 0.004 0.016 0.008
0 0.729 0.16 0.022 0.024
0 0.383 0.734 0.018 0.012
0 0.297 0.779 0.03 0.022
0 0.994 0.409 0.008 0.03
1 0.874 0.444 0.02 0.024
1 0.724 0.391 0.02 0.022
1 0.752 0.811 0.02 0.022
1 0.687 0.921 0.022 0.022
1 0.662 0.937 0.016 0.022
1 0.518 0.984 0.016 0.024
1 0.13 0.743 0.012 0.01
1 0.384 0.753 0.02 0.014
1 0.469 0.603 0.014 0.018
1 0.234 0.64 0.016 0.028
1 0.399 0.449 0.026 0.026
1 0.38 0.409 0.024 0.022
1 0.096 0.455 0.016 0.026
1 0.01 0.221 0.016 0.018
1 0.283 0.161 0.014 0.01
1 0.894 0.21 0.012 0.016
1 0.629 0.142 0.014 0.02
1 0.311 0.205 0.026 0.022
1 0.343 0.478 0.014 0.016
1 0.288 0.089 0.02 0.014
1 0.061 0.271 0.014 0.014
2 0.878 0.33 0.028 0.044
2 0.903 0.432 0.038 0.032
2 0.78 0.393 0.06 0.03
2 0.795 0.494 0.034 0.056
2 0.747 0.554 0.018 0.016
2 0.78 0.576 0.024 0.032
2 0.668 0.782 0.028 0.032
2 0.679 0.906 0.034 0.036
2 0.685 0.864 0.042 0.044
2 0.625 0.862 0.026 0.032
2 0.986 0.57 0.02 0.032
2 0.937 0.67 0.034 0.036
2 0.978 0.737 0.04 0.062
2 0.833 0.899 0.022 0.026
2 0.886 0.927 0.024 0.03
2 0.662 0.953 0.016 0.018
2 0.4 0.988 0.024 0.02
2 0.369 0.977 0.034 0.042
2 0.344 0.98 0.04 0.036
2 0.305 0.986 0.022 0.024
2 0.278 0.964 0.028 0.028
2 0.105 0.949 0.014 0.022
2 0.034 0.923 0.028 0.018
2 0.058 0.932 0.02 0.028
2 0.268 0.859 0.024 0.038
2 0.198 0.835 0.016 0.018
2 0.485 0.79 0.022 0.048
2 0.464 0.692 0.02 0.024
2 0.204 0.86 0.028 0.024
2 0.304 0.87 0.02 0.032
2 0.492 0.534 0.052 0.056
2 0.536 0.584 0.012 0.02
2 0.554 0.647 0.02 0.026
2 0.282 0.421 0.048 0.05
2 0.197 0.469 0.03 0.034
2 0.16 0.382 0.048 0.048
2 0.211 0.349 0.038 0.038
2 0.217 0.385 0.018 0.014
2 0.146 0.351 0.036 0.03
2 0.072 0.287 0.016 0.022
2 0.992 0.041 0.012 0.038
2 0.813 0.057 0.022 0.022
2 0.89 0.005 0.012 0.01
2 0.987 0.2 0.022 0.044
2 0.007 0.169 0.01 0.026
2 0.33 0.117 0.02 0.022
2 0.016 0.903 0.028 0.054
2 0.738 0.979 0.032 0.038
2 0.727 0.785 0.026 0.03
2 0.744 0.679 0.028 0.034
2 0.681 0.594 0.026 0.016
2 0.85 0.519 0.02 0.022
2 0.989 0.493 0.018 0.018
2 0.842 0.488 0.02 0.02
2 0.729 0.468 0.014 0.012
2 0.677 0.43 0.034 0.02
2 0.59 0.45 0.024 0.024
2 0.631 0.406 0.026 0.036
2 0.45 0.503 0.016 0.05
2 0.473 0.388 0.03 0.04
2 0.401 0.216 0.026 0.032
2 0.412 0.13 0.016 0.036
2 0.662 0.196 0.048 0.044
2 0.79 0.339 0.028 0.046