0 0.092 0.01 0.068 0.02
0 0.303 0.003 0.026 0.006
0 0.344 0.018 0.044 0.036
0 0.385 0.016 0.058 0.032
0 0.413 0.01 0.05 0.02
0 0.598 0.008 0.032 0.016
0 0.595 0.038 0.058 0.04
0 0.651 0.035 0.054 0.034
0 0.703 0.025 0.058 0.038
0 0.724 0.043 0.028 0.018
0 0.956 0.062 0.032 0.024
0 0.966 0.024 0.036 0.028
0 0.808 0.096 0.044 0.032
0 0.604 0.103 0.064 0.05
0 0.517 0.066 0.042 0.028
0 0.518 0.037 0.052 0.042
0 0.481 0.051 0.026 0.022
0 0.415 0.073 0.022 0.03
0 0.401 0.066 0.022 0.016
0 0.363 0.072 0.046 0.04
0 0.415 0.132 0.042 0.032
0 0.321 0.091 0.042 0.042
0 0.346 0.106 0.044 0.036
0 0.309 0.118 0.046 0.032
0 0.248 0.095 0.04 0.03
0 0.276 0.144 0.064 0.06
0 0.306 0.181 0.052 0.042
0 0.214 0.044 0.048 0.048
0 0.195 0.042 0.018 0.024
0 0.166 0.075 0.032 0.026
0 0.08 0.074 0.064 0.04
0 0.041 0.116 0.026 0.048
0 0.086 0.125 0.032 0.03
0 0.066 0.118 0.032 0.036
0 0.109 0.138 0.05 0.032
0 0.25 0.209 0.048 0.038
0 0.411 0.237 0.038 0.03
0 0.506 0.155 0.02 0.026
0 0.523 0.173 0.034 0.03
0 0.529 0.223 0.026 0.038
0 0.594 0.158 0.052 0.044
0 0.722 0.142 0.052 0.032
0 0.747 0.158 0.022 0.024
0 0.848 0.163 0.028 0.026
0 0.96 0.122 0.028 0.04
0 0.992 0.214 0.012 0.032
0 0.955 0.261 0.046 0.034
0 0.897 0.375 0.046 0.03
0 0.857 0.266 0.038 0.04
0 0.884 0.267 0.02 0.042
0 0.817 0.244 0.05 0.052
0 0.722 0.196 0.052 0.04
0 0.678 0.201 0.044 0.042
0 0.635 0.224 0.042 0.032
0 0.603 0.247 0.046 0.042
0 0.583 0.287 0.03 0.026
0 0.607 0.298 0.038 0.036
0 0.649 0.305 0.042 0.03
0 0.655 0.333 0.034 0.026
0 0.691 0.345 0.054 0.038
0 0.772 0.343 0.06 0.03
0 0.793 0.39 0.074 0.036
0 0.85 0.316 0.028 0.032
0 0.831 0.327 0.062 0.05
0 0.012 0.229 0.024 0.034
0 0.02 0.246 0.024 0.028
0 0.039 0.277 0.078 0.038
0 0.111 0.256 0.066 0.076
0 0.179 0.236 0.09 0.048
0 0.409 0.324 0.062 0.036
0 0.507 0.288 0.046 0.032
0 0.504 0.319 0.048 0.042
0 0.53 0.36 0.052 0.044
0 0.655 0.371 0.038 0.026
0 0.583 0.346 0.038 0.028
0 0.592 0.364 0.04 0.032
0 0.451 0.385 0.066 0.046
0 0.397 0.415 0.038 0.034
0 0.358 0.405 0.044 0.042
0 0.328 0.382 0.044 0.036
0 0.127 0.316 0.078 0.044
0 0.003 0.315 0.006 0.018
0 0.067 0.387 0.038 0.03
0 0.012 0.381 0.024 0.046
0 0.235 0.401 0.054 0.034
0 0.245 0.426 0.062 0.028
0 0.037 0.344 0.058 0.028
0 0.08 0.345 0.036 0.046
0 0.146 0.396 0.052 0.052
0 0.339 0.428 0.026 0.032
0 0.03 0.455 0.052 0.034
0 0.024 0.48 0.044 0.032
0 0.048 0.513 0.048 0.046
0 0.188 0.518 0.064 0.036
0 0.223 0.565 0.062 0.034
0 0.257 0.338 0.074 0.048
0 0.289 0.477 0.046 0.05
0 0.24 0.481 0.052 0.038
0 0.122 0.532 0.064 0.048
0 0.008 0.52 0.016 0.028
0 0.005 0.552 0.01 0.04
0 0.05 0.571 0.08 0.062
0 0.332 0.565 0.048 0.03
0 0.525 0.519 0.038 0.03
0 0.989 0.406 0.018 0.032
0 0.979 0.456 0.038 0.036
0 0.814 0.44 0.068 0.04
0 0.67 0.417 0.024 0.03
0 0.643 0.412 0.018 0.028
0 0.6 0.429 0.092 0.05
0 0.804 0.487 0.048 0.034
0 0.61 0.467 0.036 0.022
0 0.645 0.477 0.038 0.022
0 0.99 0.506 0.016 0.024
0 0.985 0.558 0.026 0.02
0 0.97 0.605 0.044 0.03
0 0.965 0.679 0.054 0.034
0 0.821 0.617 0.066 0.038
0 0.869 0.556 0.062 0.052
0 0.766 0.533 0.056 0.038
0 0.752 0.605 0.036 0.042
0 0.626 0.581 0.064 0.042
0 0.721 0.611 0.038 0.022
0 0.947 0.793 0.074 0.03
0 0.975 0.866 0.046 0.032
0 0.56 0.491 0.068 0.042
0 0.561 0.547 0.05 0.038
0 0.51 0.622 0.068 0.044
0 0.517 0.575 0.042 0.038
0 0.011 0.629 0.022 0.018
0 0.033 0.666 0.042 0.032
0 0.222 0.645 0.044 0.034
0 0.274 0.657 0.052 0.042
0 0.266 0.707 0.08 0.046
0 0.484 0.733 0.06 0.046
0 0.574 0.744 0.056 0.028
0 0.681 0.745 0.066 0.03
0 0.686 0.782 0.048 0.04
0 0.808 0.829 0.064 0.03
0 0.73 0.924 0.068 0.028
0 0.012 0.983 0.024 0.03
0 0.049 0.898 0.066 0.036
0 0.177 0.985 0.074 0.026
0 0.078 0.987 0.068 0.022
0 0.122 0.989 0.024 0.018
0 0.192 0.94 0.092 0.048
0 0.137 0.867 0.05 0.034
0 0.674 0.812 0.048 0.032
0 0.782 0.765 0.06 0.046
0 0.771 0.799 0.062 0.034
0 0.498 0.801 0.056 0.03
0 0.415 0.8 0.058 0.04
0 0.523 0.713 0.042 0.042
0 0.465 0.691 0.058 0.03
0 0.122 0.71 0.056 0.044
0 0.176 0.767 0.068 0.026
0 0.442 0.953 0.048 0.038
0 0.893 0.914 0.058 0.028
0 0.798 0.967 0.02 0.026
0 0.721 0.987 0.046 0.022
0 0.582 0.992 0.032 0.012
0 0.626 0.987 0.028 0.022
0 0.591 0.96 0.046 0.032
0 0.039 0.744 0.066 0.044
0 0.217 0.867 0.082 0.058
0 0.325 0.513 0.026 0.03
0 0.342 0.499 0.032 0.05
0 0.37 0.483 0.044 0.046
0 0.328 0.476 0.04 0.016
0 0.467 0.428 0.042 0.032
0 0.479 0.445 0.03 0.018
0 0.476 0.46 0.032 0.02
0 0.497 0.462 0.014 0.028
0 0.75 0.47 0.084 0.036
0 0.831 0.507 0.046 0.038
0 0.831 0.565 0.026 0.03
0 0.687 0.578 0.022 0.028
0 0.676 0.554 0.02 0.02
0 0.689 0.506 0.034 0.036
0 0.281 0.582 0.046 0.032
0 0.313 0.593 0.038 0.03
0 0.068 0.622 0.044 0.032
0 0.125 0.601 0.078 0.026
0 0.11 0.632 0.036 0.048
0 0.14 0.632 0.044 0.048
0 0.076 0.693 0.044 0.046
0 0.105 0.748 0.074 0.04
0 0.024 0.801 0.048 0.038
0 0.02 0.842 0.04 0.044
0 0.048 0.863 0.044 0.026
0 0.271 0.941 0.082 0.054
0 0.413 0.972 0.026 0.024
0 0.172 0.71 0.056 0.052
0 0.165 0.689 0.026 0.022
0 0.574 0.592 0.052 0.036
0 0.6 0.616 0.048 0.04
0 0.792 0.682 0.032 0.036
0 0.813 0.714 0.07 0.036
0 0.851 0.683 0.05 0.034
0 0.83 0.692 0.044 0.04
0 0.98 0.948 0.02 0.024
0 0.678 0.855 0.048 0.034
0 0.275 0.872 0.042 0.032
0 0.561 0.854 0.03 0.028
0 0.493 0.906 0.018 0.02
0 0.505 0.889 0.098 0.038
0 0.453 0.895 0.022 0.042
0 0.469 0.898 0.022 0.024
1 0.982 0.077 0.02 0.014
1 0.807 0.054 0.022 0.028
1 0.181 0.194 0.022 0.016
1 0.32 0.211 0.032 0.018
1 0.363 0.236 0.034 0.024
1 0.501 0.218 0.022 0.036
1 0.906 0.161 0.02 0.038
1 0.036 0.225 0.02 0.018
1 0.462 0.295 0.012 0.014
1 0.097 0.472 0.026 0.028
1 0.817 0.538 0.034 0.02
1 0.913 0.829 0.022 0.03
1 0.245 0.819 0.026 0.014
1 0.474 0.637 0.02 0.014
1 0.364 0.63 0.02 0.016
1 0.831 0.955 0.018 0.026
1 0.774 0.933 0.02 0.038
1 0.771 0.897 0.026 0.03
1 0.531 0.859 0.018 0.026
2 0.76 0.078 0.052 0.02
2 0.484 0.095 0.048 0.026
2 0.489 0.136 0.05 0.024
2 0.441 0.086 0.026 0.032
2 0.25 0.047 0.028 0.026
2 0.144 0.086 0.048 0.036
2 0.16 0.179 0.02 0.018
2 0.797 0.15 0.026 0.028
2 0.996 0.109 0.004 0.018
2 0.921 0.273 0.054 0.042
2 0.958 0.286 0.02 0.016
2 0.899 0.322 0.042 0.028
2 0.676 0.226 0.052 0.036
2 0.744 0.298 0.02 0.024
2 0.224 0.338 0.024 0.02
2 0.155 0.433 0.022 0.01
2 0.202 0.353 0.068 0.046
2 0.202 0.315 0.044 0.026
2 0.836 0.989 0.056 0.018
2 0.525 0.42 0.018 0.02
2 0.689 0.548 0.022 0.02
2 0.712 0.507 0.02 0.01
2 0.681 0.483 0.026 0.018
2 0.673 0.513 0.022 0.022
2 0.674 0.532 0.016 0.012
2 0.7 0.493 0.02 0.018
2 0.727 0.52 0.018 0.012
2 0.056 0.806 0.036 0.028
2 0.337 0.981 0.042 0.03
2 0.95 0.982 0.032 0.032
2 0.988 0.972 0.02 0.024
2 0.891 0.946 0.042 0.028
2 0.823 0.801 0.03 0.022
2 0.704 0.85 0.032 0.028
2 0.478 0.938 0.04 0.044