0 0.964 0.631 0.052 0.046
0 0.965 0.582 0.05 0.044
0 0.83 0.644 0.06 0.052
0 0.882 0.548 0.06 0.044
0 0.833 0.589 0.042 0.03
0 0.844 0.551 0.032 0.022
0 0.761 0.614 0.038 0.028
0 0.651 0.664 0.058 0.036
0 0.73 0.629 0.028 0.042
0 0.709 0.569 0.034 0.03
0 0.728 0.471 0.04 0.026
0 0.724 0.504 0.044 0.024
0 0.647 0.362 0.058 0.04
0 0.603 0.413 0.058 0.042
0 0.591 0.388 0.058 0.032
0 0.473 0.352 0.038 0.032
0 0.491 0.402 0.046 0.024
0 0.467 0.433 0.046 0.03
0 0.456 0.489 0.052 0.026
0 0.594 0.826 0.036 0.052
0 0.538 0.831 0.04 0.034
0 0.56 0.753 0.036 0.042
0 0.518 0.773 0.044 0.05
0 0.476 0.738 0.032 0.032
0 0.45 0.741 0.024 0.022
0 0.469 0.867 0.042 0.038
0 0.8 0.886 0.064 0.048
0 0.771 0.98 0.078 0.036
0 0.669 0.936 0.05 0.032
0 0.481 0.979 0.046 0.03
0 0.326 0.92 0.044 0.032
0 0.059 0.931 0.058 0.026
0 0.071 0.861 0.054 0.038
0 0.068 0.886 0.052 0.032
0 0.121 0.788 0.05 0.032
0 0.134 0.88 0.052 0.036
0 0.237 0.827 0.038 0.038
0 0.261 0.796 0.05 0.056
0 0.209 0.623 0.058 0.038
0 0.253 0.539 0.042 0.026
0 0.663 0.291 0.046 0.03
0 0.662 0.26 0.052 0.036
0 0.679 0.225 0.066 0.046
0 0.768 0.249 0.044 0.046
0 0.933 0.354 0.046 0.036
0 0.955 0.377 0.058 0.046
0 0.975 0.193 0.046 0.05
0 0.891 0.198 0.046 0.044
0 0.841 0.085 0.066 0.058
0 0.536 0.224 0.052 0.044
0 0.354 0.297 0.048 0.034
0 0.32 0.272 0.048 0.032
0 0.283 0.247 0.05 0.034
0 0.224 0.259 0.052 0.038
0 0.172 0.248 0.044 0.044
0 0.083 0.265 0.05 0.034
0 0.225 0.335 0.05 0.034
0 0.16 0.352 0.048 0.036
0 0.306 0.411 0.052 0.03
0 0.091 0.306 0.034 0.036
0 0.068 0.3 0.04 0.036
0 0.038 0.407 0.056 0.038
0 0.169 0.091 0.046 0.03
0 0.136 0.141 0.064 0.042
0 0.191 0.054 0.054 0.032
0 0.036 0.116 0.052 0.036
0 0.041 0.148 0.058 0.032
0 0.516 0.125 0.044 0.034
0 0.503 0.168 0.05 0.028
0 0.668 0.044 0.032 0.036
0 0.269 0.145 0.066 0.034
0 0.264 0.206 0.052 0.036
0 0.423 0.016 0.038 0.016
0 0.391 0.012 0.05 0.02
0 0.077 0.075 0.034 0.022
0 0.054 0.073 0.024 0.018
0 0.035 0.071 0.018 0.014
0 0.005 0.046 0.006 0.028
0 0.006 0.006 0.008 0.008
0 0.688 0.16 0.012 0.016
0 0.667 0.158 0.03 0.028
0 0.51 0.298 0.048 0.048
0 0.56 0.364 0.04 0.036
0 0.682 0.462 0.044 0.028
0 0.716 0.436 0.048 0.024
0 0.919 0.593 0.042 0.05
0 0.889 0.594 0.03 0.02
0 0.67 0.73 0.04 0.032
0 0.762 0.734 0.044 0.024
0 0.716 0.778 0.048 0.048
0 0.865 0.852 0.034 0.028
0 0.914 0.866 0.036 0.028
0 0.95 0.929 0.044 0.026
0 0.734 0.966 0.04 0.024
0 0.433 0.669 0.05 0.042
0 0.54 0.673 0.048 0.034
0 0.438 0.776 0.024 0.04
0 0.357 0.858 0.03 0.028
0 0.339 0.885 0.022 0.03
0 0.321 0.877 0.026 0.042
0 0.177 0.831 0.034 0.034
0 0.224 0.743 0.036 0.022
0 0.316 0.687 0.056 0.026
0 0.045 0.669 0.058 0.034
0 0.058 0.711 0.044 0.026
0 0.01 0.672 0.016 0.02
0 0.143 0.584 0.042 0.028
0 0.261 0.572 0.042 0.028
0 0.222 0.569 0.048 0.038
0 0.385 0.621 0.042 0.026
0 0.416 0.516 0.044 0.036
0 0.524 0.863 0.044 0.038
0 0.7 0.883 0.036 0.03
0 0.73 0.847 0.024 0.034
0 0.547 0.935 0.038 0.038
0 0.406 0.967 0.04 0.034
0 0.215 0.968 0.03 0.036
0 0.011 0.989 0.018 0.018
0 0.057 0.964 0.042 0.028
0 0.723 0.603 0.038 0.03
0 0.686 0.61 0.04 0.024
0 0.734 0.705 0.036 0.026
0 0.766 0.943 0.02 0.026
0 0.703 0.842 0.03 0.032
0 0.643 0.847 0.038 0.014
0 0.38 0.832 0.056 0.028
0 0.313 0.799 0.034 0.038
0 0.022 0.792 0.04 0.04
0 0.155 0.479 0.046 0.03
0 0.091 0.475 0.066 0.042
0 0.073 0.505 0.034 0.03
0 0.086 0.528 0.028 0.032
0 0.081 0.614 0.066 0.036
0 0.248 0.415 0.04 0.018
0 0.084 0.212 0.028 0.024
0 0.012 0.31 0.02 0.032
0 0.013 0.35 0.022 0.028
0 0.242 0.658 0.068 0.032
0 0.341 0.6 0.038 0.036
0 0.662 0.566 0.028 0.036
0 0.639 0.581 0.042 0.042
0 0.308 0.712 0.052 0.024
0 0.83 0.332 0.044 0.052
0 0.814 0.353 0.04 0.026
0 0.993 0.275 0.01 0.026
0 0.747 0.044 0.07 0.04
0 0.809 0.008 0.034 0.012
0 0.638 0.01 0.044 0.016
0 0.54 0.512 0.028 0.032
0 0.508 0.539 0.048 0.034
0 0.477 0.65 0.034 0.032
0 0.195 0.461 0.026 0.018
0 0.374 0.558 0.044 0.024
0 0.61 0.306 0.032 0.016
0 0.683 0.116 0.03 0.032
0 0.742 0.162 0.032 0.032
0 0.974 0.016 0.028 0.02
0 0.254 0.088 0.052 0.04
0 0.314 0.161 0.056 0.026
0 0.36 0.069 0.04 0.038
0 0.293 0.035 0.034 0.018
0 0.292 0.006 0.036 0.008
0 0.13 0.321 0.016 0.042
0 0.557 0.028 0.042 0.028
0 0.495 0.114 0.026 0.02
1 0.181 0.705 0.03 0.018
1 0.84 0.863 0.012 0.026
1 0.251 0.439 0.03 0.014
1 0.666 0.123 0.02 0.022
1 0.771 0.918 0.018 0.02
1 0.406 0.774 0.02 0.02
1 0.34 0.864 0.02 0.024
1 0.21 0.845 0.016 0.022
1 0.194 0.752 0.02 0.02
1 0.634 0.934 0.016 0.02
1 0.189 0.967 0.022 0.018
1 0.03 0.961 0.012 0.014
1 0.084 0.804 0.024 0.016
1 0.02 0.46 0.016 0.02
1 0.223 0.48 0.022 0.02
1 0.421 0.321 0.022 0.022
1 0.556 0.188 0.024 0.02
1 0.587 0.233 0.03 0.038
1 0.741 0.108 0.022 0.02
1 0.262 0.058 0.024 0.016
1 0.515 0.489 0.022 0.014
1 0.39 0.494 0.024 0.016
1 0.383 0.474 0.018 0.016
1 0.637 0.562 0.018 0.02
1 0.553 0.612 0.018 0.02
1 0.878 0.463 0.02 0.03
1 0.912 0.246 0.016 0.02
1 0.949 0.241 0.018 0.018
1 0.991 0.065 0.014 0.026
1 0.7 0.036 0.016 0.02
1 0.772 0.02 0.02 0.024
1 0.736 0.318 0.02 0.016
1 0.738 0.331 0.016 0.014
1 0.712 0.312 0.02 0.012
1 0.012 0.631 0.02 0.022
1 0.419 0.37 0.022 0.016
1 0.927 0.296 0.022 0.016
1 0.901 0.159 0.022 0.018
1 0.974 0.141 0.02 0.022
1 0.967 0.067 0.022 0.022
1 0.954 0.018 0.016 0.02
1 0.248 0.185 0.04 0.014
1 0.333 0.338 0.014 0.012
1 0.54 0.015 0.024 0.018
1 0.768 0.552 0.024 0.016
1 0.969 0.692 0.034 0.024
1 0.598 0.74 0.02 0.024
2 0.524 0.316 0.036 0.036
2 0.429 0.766 0.018 0.024
2 0.386 0.792 0.024 0.028
2 0.149 0.826 0.026 0.02
2 0.259 0.971 0.038 0.022
2 0.147 0.958 0.018 0.02
2 0.652 0.617 0.024 0.018
2 0.793 0.812 0.026 0.02
2 0.832 0.751 0.02 0.03
2 0.766 0.753 0.036 0.018
2 0.136 0.731 0.028 0.022
2 0.179 0.748 0.026 0.028
2 0.078 0.568 0.028 0.04
2 0.473 0.132 0.026 0.028
2 0.058 0.167 0.048 0.022
2 0.201 0.408 0.026 0.024
2 0.743 0.673 0.038 0.018
2 0.212 0.927 0.024 0.014
2 0.514 0.909 0.028 0.026
2 0.519 0.937 0.018 0.018
2 0.537 0.97 0.026 0.02
2 0.865 0.462 0.014 0.016
2 0.804 0.095 0.024 0.03
2 0.602 0.489 0.028 0.022
2 0.486 0.55 0.02 0.028
2 0.57 0.545 0.02 0.018
2 0.19 0.845 0.016 0.026
2 0.014 0.604 0.024 0.02
2 0.203 0.517 0.034 0.018
2 0.232 0.431 0.028 0.014
2 0.276 0.484 0.04 0.012
2 0.419 0.356 0.03 0.028
2 0.701 0.125 0.022 0.026
2 0.868 0.318 0.02 0.016
2 0.91 0.322 0.028 0.02
2 0.904 0.301 0.028 0.022
2 0.778 0.357 0.032 0.026
2 0.965 0.09 0.026 0.012
2 0.919 0.004 0.022 0.004
2 0.747 0.233 0.026 0.034
2 0.124 0.036 0.04 0.02
2 0.012 0.102 0.02 0.036
2 0.059 0.209 0.026 0.022
2 0.024 0.208 0.028 0.02
2 0.149 0.22 0.042 0.024
2 0.182 0.172 0.036 0.016
2 0.332 0.23 0.052 0.024
2 0.24 0.374 0.024 0.012
2 0.211 0.303 0.022 0.018
2 0.209 0.368 0.014 0.008
2 0.035 0.351 0.022 0.022
2 0.528 0.029 0.024 0.026
2 0.907 0.436 0.026 0.024
2 0.977 0.972 0.042 0.048