0 0.217 0.787 0.046 0.05
0 0.295 0.605 0.034 0.054
0 0.34 0.609 0.036 0.046
0 0.314 0.583 0.036 0.05
0 0.249 0.76 0.03 0.044
0 0.232 0.953 0.028 0.062
0 0.124 0.846 0.032 0.052
0 0.04 0.843 0.048 0.05
0 0.166 0.857 0.036 0.046
0 0.2 0.867 0.036 0.05
0 0.097 0.947 0.034 0.05
0 0.124 0.938 0.032 0.04
0 0.447 0.913 0.042 0.054
0 0.429 0.884 0.038 0.044
0 0.531 0.962 0.03 0.052
0 0.577 0.968 0.042 0.048
0 0.645 0.928 0.038 0.044
0 0.676 0.919 0.036 0.038
0 0.307 0.947 0.038 0.046
0 0.314 0.906 0.032 0.052
0 0.385 0.887 0.038 0.05
0 0.366 0.874 0.032 0.048
0 0.4 0.871 0.02 0.05
0 0.386 0.97 0.028 0.044
0 0.368 0.975 0.016 0.034
0 0.453 0.843 0.03 0.042
0 0.514 0.859 0.04 0.038
0 0.53 0.822 0.036 0.048
0 0.564 0.821 0.032 0.046
0 0.657 0.975 0.026 0.042
0 0.647 0.983 0.034 0.03
0 0.687 0.974 0.014 0.024
0 0.418 0.734 0.048 0.06
0 0.343 0.725 0.042 0.062
0 0.332 0.792 0.04 0.04
0 0.588 0.726 0.032 0.052
0 0.698 0.746 0.036 0.064
0 0.679 0.701 0.03 0.038
0 0.684 0.663 0.04 0.038
0 0.712 0.681 0.024 0.054
0 0.811 0.721 0.038 0.05
0 0.765 0.736 0.034 0.06
0 0.757 0.677 0.038 0.062
0 0.778 0.677 0.024 0.046
0 0.766 0.827 0.032 0.054
0 0.787 0.797 0.046 0.054
0 0.865 0.847 0.034 0.042
0 0.923 0.878 0.042 0.056
0 0.944 0.85 0.032 0.048
0 0.86 0.923 0.04 0.054
0 0.172 0.727 0.036 0.05
0 0.128 0.684 0.032 0.06
0 0.149 0.641 0.042 0.042
0 0.083 0.596 0.046 0.056
0 0.028 0.586 0.044 0.068
0 0.167 0.564 0.054 0.06
0 0.087 0.45 0.046 0.076
0 0.135 0.487 0.046 0.058
0 0.193 0.509 0.022 0.026
0 0.282 0.396 0.048 0.056
0 0.372 0.423 0.036 0.054
0 0.367 0.396 0.038 0.024
0 0.454 0.476 0.044 0.06
0 0.55 0.602 0.028 0.044
0 0.526 0.612 0.04 0.044
0 0.593 0.631 0.038 0.042
0 0.58 0.672 0.04 0.044
0 0.628 0.662 0.036 0.044
0 0.678 0.587 0.044 0.046
0 0.728 0.568 0.032 0.036
0 0.699 0.521 0.038 0.062
0 0.808 0.59 0.036 0.056
0 0.78 0.602 0.036 0.048
0 0.87 0.645 0.036 0.046
0 0.92 0.673 0.04 0.046
0 0.971 0.711 0.042 0.058
0 0.406 0.634 0.02 0.024
0 0.427 0.639 0.026 0.038
0 0.412 0.596 0.044 0.064
0 0.407 0.69 0.034 0.036
0 0.337 0.691 0.042 0.038
0 0.279 0.662 0.042 0.044
0 0.453 0.503 0.046 0.038
0 0.467 0.545 0.034 0.054
0 0.446 0.546 0.016 0.04
0 0.419 0.531 0.038 0.042
0 0.198 0.601 0.04 0.038
0 0.225 0.633 0.058 0.058
0 0.519 0.397 0.058 0.07
0 0.471 0.32 0.038 0.056
0 0.406 0.312 0.016 0.024
0 0.483 0.255 0.034 0.03
0 0.397 0.188 0.038 0.044
0 0.571 0.199 0.046 0.05
0 0.624 0.199 0.044 0.066
0 0.632 0.139 0.04 0.05
0 0.702 0.137 0.044 0.07
0 0.716 0.091 0.044 0.058
0 0.768 0.105 0.04 0.058
0 0.191 0.351 0.038 0.066
0 0.356 0.288 0.036 0.04
0 0.328 0.212 0.056 0.064
0 0.205 0.178 0.038 0.068
0 0.157 0.1 0.03 0.044
0 0.199 0.065 0.042 0.042
0 0.195 0.031 0.03 0.026
0 0.225 0.03 0.054 0.056
0 0.242 0.065 0.032 0.042
0 0.32 0.067 0.04 0.062
0 0.457 0.06 0.05 0.068
0 0.483 0.132 0.034 0.04
0 0.323 0.169 0.034 0.034
0 0.415 0.146 0.042 0.064
0 0.396 0.088 0.048 0.06
0 0.56 0.056 0.052 0.052
0 0.652 0.025 0.048 0.046
0 0.821 0.127 0.038 0.05
0 0.919 0.171 0.046 0.046
0 0.884 0.366 0.036 0.064
0 0.918 0.41 0.036 0.056
0 0.837 0.386 0.046 0.084
0 0.901 0.476 0.026 0.048
0 0.886 0.474 0.016 0.04
0 0.943 0.496 0.034 0.06
0 0.569 0.363 0.034 0.074
0 0.655 0.312 0.034 0.048
0 0.802 0.304 0.024 0.04
0 0.787 0.388 0.034 0.06
0 0.747 0.418 0.038 0.056
0 0.822 0.419 0.032 0.046
0 0.65 0.521 0.044 0.05
0 0.668 0.474 0.036 0.048
0 0.688 0.857 0.056 0.054
0 0.836 0.978 0.044 0.04
0 0.773 0.981 0.038 0.034
0 0.726 0.989 0.048 0.018
0 0.505 0.991 0.034 0.014
0 0.104 0.738 0.028 0.052
0 0.416 0.031 0.028 0.05
0 0.317 0.019 0.038 0.034
0 0.271 0.016 0.046 0.028
0 0.52 0.011 0.032 0.018
0 0.071 0.333 0.046 0.054
0 0.059 0.259 0.034 0.058
0 0.583 0.9 0.03 0.044
0 0.721 0.842 0.03 0.036
0 0.914 0.826 0.032 0.044
0 0.976 0.794 0.036 0.032
0 0.974 0.832 0.032 0.044
0 0.631 0.784 0.034 0.032
0 0.068 0.771 0.032 0.038
0 0.209 0.724 0.026 0.048
0 0.338 0.763 0.032 0.026
0 0.1 0.295 0.04 0.078
0 0.019 0.209 0.038 0.046
0 0.561 0.531 0.034 0.03
0 0.796 0.653 0.036 0.034
0 0.87 0.695 0.032 0.034
0 0.601 0.432 0.042 0.036
0 0.619 0.375 0.062 0.062
0 0.599 0.403 0.038 0.034
0 0.824 0.543 0.048 0.046
0 0.838 0.239 0.044 0.058
0 0.888 0.272 0.028 0.036
0 0.887 0.24 0.026 0.024
0 0.894 0.307 0.024 0.022
0 0.97 0.323 0.028 0.038
0 0.607 0.335 0.042 0.054
0 0.749 0.217 0.046 0.058
0 0.235 0.154 0.038 0.032
0 0.018 0.079 0.036 0.05
0 0.063 0.023 0.046 0.042
1 0.016 0.929 0.012 0.03
1 0.156 0.966 0.032 0.028
1 0.256 0.93 0.028 0.028
1 0.609 0.9 0.014 0.04
1 0.624 0.871 0.012 0.046
1 0.609 0.837 0.022 0.026
1 0.834 0.752 0.024 0.028
1 0.849 0.8 0.022 0.02
1 0.877 0.738 0.022 0.032
1 0.909 0.718 0.05 0.028
1 0.304 0.828 0.016 0.016
1 0.262 0.817 0.02 0.026
1 0.267 0.832 0.022 0.016
1 0.404 0.835 0.024 0.018
1 0.494 0.808 0.012 0.024
1 0.613 0.798 0.014 0.02
1 0.554 0.773 0.024 0.022
1 0.032 0.761 0.02 0.03
1 0.106 0.783 0.02 0.03
1 0.09 0.784 0.012 0.032
1 0.263 0.587 0.022 0.018
1 0.265 0.53 0.018 0.024
1 0.292 0.492 0.02 0.024
1 0.377 0.511 0.014 0.026
1 0.336 0.402 0.016 0.024
1 0.335 0.432 0.018 0.036
1 0.298 0.426 0.016 0.028
1 0.057 0.158 0.026 0.024
1 0.113 0.124 0.018 0.02
1 0.162 0.156 0.024 0.024
1 0.301 0.298 0.022 0.024
1 0.44 0.268 0.024 0.02
1 0.663 0.63 0.018 0.028
1 0.763 0.626 0.026 0.016
1 0.859 0.68 0.022 0.02
1 0.141 0.361 0.022 0.026
1 0.156 0.39 0.02 0.028
1 0.646 0.469 0.02 0.014
1 0.642 0.448 0.024 0.028
1 0.776 0.452 0.024 0.02
1 0.774 0.436 0.032 0.028
1 0.924 0.324 0.012 0.028
1 0.982 0.287 0.016 0.026
1 0.981 0.512 0.018 0.024
1 0.856 0.471 0.02 0.026
1 0.859 0.518 0.018 0.028
1 0.637 0.274 0.018 0.02
1 0.767 0.181 0.038 0.01
1 0.471 0.206 0.018 0.028
1 0.569 0.151 0.022 0.018
1 0.321 0.108 0.022 0.02
1 0.364 0.13 0.016 0.02
1 0.241 0.229 0.022 0.022
1 0.292 0.219 0.016 0.026
1 0.266 0.218 0.032 0.028
1 0.261 0.231 0.014 0.014
1 0.628 0.108 0.02 0.024
1 0.832 0.293 0.032 0.018
1 0.826 0.271 0.024 0.018
1 0.354 0.018 0.028 0.032
1 0.39 0.052 0.016 0.016
1 0.599 0.016 0.022 0.024
1 0.739 0.126 0.014 0.024
1 0.946 0.077 0.028 0.03
1 0.965 0.059 0.022 0.026
1 0.024 0.064 0.02 0.024
1 0.025 0.032 0.026 0.024
2 0.284 0.807 0.036 0.042
2 0.522 0.686 0.028 0.048
2 0.737 0.492 0.03 0.048
2 0.723 0.454 0.034 0.028
2 0.722 0.408 0.024 0.028
2 0.923 0.249 0.018 0.034
2 0.966 0.248 0.064 0.032
2 0.557 0.473 0.03 0.03
2 0.581 0.462 0.018 0.016
2 0.875 0.606 0.014 0.016
2 0.888 0.604 0.012 0.016
2 0.9 0.607 0.008 0.01
2 0.978 0.602 0.028 0.032
2 0.657 0.262 0.03 0.024
2 0.677 0.293 0.018 0.014
2 0.445 0.175 0.018 0.022
2 0.579 0.169 0.018 0.014
2 0.555 0.249 0.018 0.018
2 0.442 0.362 0.024 0.024
2 0.029 0.346 0.018 0.036
2 0.013 0.339 0.014 0.026
2 0.235 0.362 0.01 0.02
2 0.224 0.312 0.02 0.012
2 0.314 0.311 0.024 0.022
2 0.848 0.274 0.024 0.036
2 0.851 0.086 0.026 0.02
2 0.971 0.386 0.022 0.02
2 0.857 0.033 0.038 0.046
2 0.869 0.014 0.038 0.024