0 0.875 0.9 0.046 0.06
0 0.98 0.939 0.036 0.074
0 0.787 0.951 0.05 0.062
0 0.916 0.976 0.044 0.044
0 0.87 0.97 0.036 0.052
0 0.673 0.942 0.05 0.06
0 0.913 0.835 0.042 0.062
0 0.867 0.821 0.038 0.054
0 0.54 0.933 0.044 0.078
0 0.776 0.906 0.04 0.04
0 0.834 0.92 0.044 0.068
0 0.831 0.761 0.042 0.054
0 0.787 0.854 0.046 0.056
0 0.92 0.685 0.044 0.07
0 0.918 0.764 0.044 0.044
0 0.729 0.856 0.042 0.064
0 0.562 0.845 0.036 0.038
0 0.721 0.796 0.03 0.04
0 0.827 0.702 0.042 0.06
0 0.648 0.832 0.052 0.068
0 0.824 0.812 0.04 0.052
0 0.736 0.73 0.04 0.044
0 0.744 0.714 0.036 0.04
0 0.792 0.708 0.028 0.036
0 0.745 0.769 0.034 0.05
0 0.631 0.725 0.038 0.062
0 0.653 0.698 0.038 0.06
0 0.558 0.699 0.064 0.086
0 0.764 0.66 0.044 0.052
0 0.777 0.639 0.034 0.03
0 0.541 0.654 0.034 0.052
0 0.859 0.591 0.038 0.042
0 0.724 0.565 0.044 0.062
0 0.454 0.7 0.048 0.056
0 0.901 0.484 0.042 0.076
0 0.855 0.478 0.038 0.032
0 0.807 0.454 0.066 0.056
0 0.911 0.362 0.058 0.084
0 0.75 0.456 0.036 0.068
0 0.795 0.377 0.046 0.058
0 0.813 0.356 0.03 0.052
0 0.715 0.359 0.034 0.066
0 0.619 0.445 0.034 0.05
0 0.635 0.38 0.034 0.044
0 0.599 0.393 0.034 0.078
0 0.863 0.322 0.042 0.048
0 0.863 0.181 0.058 0.086
0 0.937 0.178 0.038 0.064
0 0.952 0.138 0.028 0.036
0 0.796 0.239 0.024 0.03
0 0.816 0.175 0.036 0.054
0 0.66 0.225 0.036 0.054
0 0.758 0.17 0.048 0.076
0 0.772 0.125 0.044 0.054
0 0.639 0.075 0.042 0.062
0 0.746 0.078 0.048 0.064
0 0.726 0.049 0.06 0.094
0 0.699 0.045 0.042 0.07
0 0.682 0.098 0.052 0.092
0 0.53 0.54 0.032 0.052
0 0.495 0.485 0.046 0.074
0 0.518 0.373 0.04 0.066
0 0.498 0.347 0.028 0.046
0 0.496 0.319 0.036 0.034
0 0.459 0.401 0.038 0.058
0 0.562 0.385 0.028 0.03
0 0.447 0.265 0.054 0.062
0 0.478 0.23 0.032 0.04
0 0.548 0.071 0.052 0.07
0 0.497 0.084 0.046 0.06
0 0.473 0.051 0.046 0.062
0 0.438 0.14 0.036 0.056
0 0.428 0.11 0.036 0.06
0 0.395 0.127 0.034 0.066
0 0.375 0.203 0.042 0.074
0 0.421 0.404 0.05 0.064
0 0.38 0.428 0.04 0.088
0 0.349 0.436 0.03 0.064
0 0.322 0.45 0.036 0.052
0 0.409 0.614 0.066 0.096
0 0.441 0.606 0.026 0.052
0 0.381 0.504 0.058 0.048
0 0.371 0.556 0.042 0.056
0 0.545 0.779 0.026 0.042
0 0.479 0.949 0.046 0.062
0 0.502 0.743 0.052 0.09
0 0.484 0.81 0.056 0.084
0 0.292 0.356 0.048 0.08
0 0.257 0.248 0.046 0.072
0 0.32 0.228 0.028 0.052
0 0.213 0.226 0.038 0.06
0 0.428 0.907 0.044 0.054
0 0.434 0.935 0.028 0.046
0 0.449 0.875 0.038 0.054
0 0.427 0.797 0.042 0.074
0 0.116 0.386 0.04 0.04
0 0.321 0.703 0.05 0.082
0 0.271 0.765 0.05 0.074
0 0.151 0.843 0.03 0.05
0 0.329 0.52 0.042 0.076
0 0.315 0.066 0.034 0.068
0 0.417 0.015 0.042 0.026
0 0.362 0.015 0.04 0.026
0 0.191 0.018 0.046 0.032
0 0.1 0.03 0.036 0.04
0 0.113 0.012 0.042 0.02
0 0.229 0.506 0.054 0.076
0 0.135 0.464 0.042 0.064
0 0.186 0.452 0.032 0.044
0 0.122 0.647 0.056 0.078
0 0.313 0.601 0.042 0.05
0 0.016 0.544 0.028 0.068
0 0.311 0.571 0.042 0.038
0 0.24 0.681 0.052 0.082
0 0.313 0.79 0.042 0.056
0 0.34 0.965 0.052 0.066
0 0.297 0.901 0.058 0.062
0 0.059 0.807 0.038 0.074
0 0.015 0.747 0.026 0.054
0 0.262 0.973 0.04 0.05
0 0.209 0.958 0.038 0.072
0 0.455 0.99 0.042 0.016
0 0.406 0.982 0.04 0.032
0 0.159 0.318 0.046 0.068
0 0.221 0.159 0.046 0.046
0 0.169 0.123 0.03 0.042
0 0.098 0.197 0.052 0.066
0 0.1 0.26 0.052 0.076
0 0.039 0.268 0.046 0.072
0 0.021 0.306 0.038 0.044
0 0.009 0.136 0.014 0.064
0 0.076 0.014 0.032 0.024
0 0.021 0.182 0.038 0.024
0 0.654 0.024 0.04 0.044
0 0.796 0.013 0.04 0.022
0 0.875 0.025 0.038 0.046
0 0.076 0.918 0.04 0.056
0 0.149 0.961 0.05 0.074
0 0.012 0.83 0.02 0.06
0 0.982 0.418 0.032 0.056
0 0.984 0.482 0.028 0.072
0 0.979 0.284 0.038 0.052
0 0.986 0.179 0.024 0.07
0 0.975 0.091 0.034 0.042
0 0.99 0.577 0.016 0.046
0 0.986 0.663 0.024 0.074
0 0.095 0.614 0.034 0.048
0 0.228 0.737 0.044 0.046
0 0.364 0.322 0.04 0.056
0 0.856 0.498 0.04 0.028
1 0.689 0.745 0.034 0.03
1 0.203 0.81 0.03 0.032
1 0.862 0.441 0.024 0.034
1 0.947 0.64 0.018 0.04
1 0.641 0.53 0.026 0.06
1 0.222 0.549 0.032 0.03
1 0.893 0.99 0.026 0.016
1 0.633 0.82 0.03 0.048
1 0.677 0.863 0.03 0.026
1 0.652 0.788 0.036 0.02
1 0.798 0.689 0.02 0.018
1 0.874 0.654 0.028 0.02
1 0.876 0.631 0.024 0.018
1 0.867 0.571 0.026 0.026
1 0.884 0.455 0.028 0.026
1 0.858 0.423 0.02 0.03
1 0.564 0.331 0.024 0.038
1 0.552 0.321 0.028 0.034
1 0.439 0.305 0.026 0.026
1 0.55 0.046 0.028 0.028
1 0.398 0.54 0.024 0.028
1 0.167 0.887 0.026 0.03
1 0.299 0.543 0.026 0.022
1 0.066 0.687 0.024 0.026
1 0.058 0.669 0.028 0.022
1 0.194 0.824 0.02 0.024
1 0.268 0.039 0.024 0.026
1 0.264 0.06 0.024 0.024
1 0.236 0.985 0.02 0.026
1 0.379 0.987 0.022 0.022
1 0.027 0.342 0.022 0.032
1 0.006 0.296 0.008 0.024
1 0.013 0.244 0.022 0.024
1 0.005 0.208 0.006 0.036
1 0.162 0.976 0.028 0.044
1 0.996 0.09 0.004 0.024
1 0.725 0.992 0.022 0.012
1 0.611 0.609 0.022 0.026
1 0.923 0.257 0.038 0.03
1 0.851 0.07 0.03 0.036
1 0.78 0.987 0.02 0.022
1 0.567 0.983 0.026 0.026
1 0.335 0.296 0.026 0.028
1 0.368 0.825 0.024 0.022
1 0.292 0.82 0.028 0.028
1 0.061 0.864 0.022 0.028
1 0.241 0.434 0.026 0.032
1 0.172 0.626 0.036 0.028
1 0.041 0.53 0.022 0.02
1 0.067 0.77 0.03 0.032
1 0.013 0.074 0.022 0.024
1 0.04 0.14 0.024 0.032
1 0.096 0.924 0.032 0.048
1 0.076 0.958 0.032 0.032
1 0.994 0.863 0.008 0.03
1 0.822 0.129 0.032 0.038
1 0.914 0.079 0.04 0.022
1 0.573 0.188 0.034 0.04
1 0.594 0.811 0.028 0.038
1 0.58 0.933 0.028 0.03
1 0.614 0.982 0.036 0.032
1 0.403 0.293 0.03 0.038
1 0.282 0.326 0.028 0.028
1 0.222 0.322 0.028 0.032
1 0.664 0.18 0.024 0.02
1 0.778 0.325 0.024 0.022
1 0.764 0.338 0.02 0.02
2 0.694 0.695 0.024 0.03
2 0.771 0.549 0.034 0.042
2 0.644 0.441 0.032 0.074
2 0.815 0.224 0.03 0.052
2 0.959 0.89 0.038 0.028
2 0.92 0.632 0.044 0.068
2 0.9 0.729 0.036 0.046
2 0.881 0.388 0.026 0.04
2 0.911 0.312 0.018 0.016
2 0.87 0.241 0.032 0.034
2 0.902 0.118 0.04 0.028
2 0.572 0.531 0.028 0.042
2 0.573 0.38 0.03 0.048
2 0.546 0.296 0.036 0.048
2 0.471 0.318 0.038 0.036
2 0.475 0.13 0.042 0.052
2 0.442 0.534 0.032 0.036
2 0.546 0.762 0.02 0.032
2 0.364 0.276 0.04 0.044
2 0.316 0.202 0.044 0.064
2 0.41 0.737 0.028 0.034
2 0.331 0.736 0.018 0.024
2 0.176 0.777 0.032 0.03
2 0.028 0.491 0.028 0.034
2 0.156 0.557 0.032 0.05
2 0.114 0.571 0.036 0.03
2 0.331 0.655 0.03 0.026
2 0.172 0.827 0.032 0.062
2 0.281 0.01 0.026 0.016
2 0.142 0.421 0.032 0.03
2 0.087 0.648 0.018 0.02
2 0.079 0.755 0.034 0.042
2 0.295 0.641 0.018 0.034
2 0.218 0.921 0.02 0.018
2 0.232 0.134 0.04 0.028
2 0.084 0.31 0.028 0.032
2 0.035 0.194 0.018 0.016
2 0.087 0.127 0.026 0.03
2 0.006 0.797 0.008 0.026
2 0.148 0.922 0.032 0.016
2 0.247 0.916 0.042 0.108
2 0.135 0.895 0.026 0.038
2 0.993 0.128 0.01 0.024
2 0.966 0.676 0.028 0.048
2 0.991 0.366 0.014 0.052
2 0.741 0.389 0.042 0.05