0 0.308 0.236 0.048 0.052
0 0.442 0.188 0.068 0.084
0 0.486 0.126 0.044 0.04
0 0.59 0.124 0.056 0.064
0 0.691 0.098 0.062 0.06
0 0.418 0.251 0.04 0.042
0 0.035 0.126 0.046 0.048
0 0.095 0.107 0.042 0.054
0 0.14 0.094 0.04 0.048
0 0.187 0.094 0.042 0.064
0 0.24 0.072 0.032 0.052
0 0.304 0.061 0.036 0.054
0 0.445 0.082 0.038 0.06
0 0.521 0.028 0.034 0.044
0 0.592 0.023 0.052 0.046
0 0.113 0.168 0.038 0.06
0 0.186 0.186 0.044 0.056
0 0.254 0.116 0.04 0.048
0 0.728 0.05 0.04 0.044
0 0.759 0.021 0.05 0.042
0 0.035 0.295 0.034 0.054
0 0.011 0.273 0.022 0.03
0 0.169 0.301 0.038 0.054
0 0.196 0.275 0.028 0.046
0 0.218 0.33 0.032 0.06
0 0.259 0.318 0.042 0.056
0 0.263 0.399 0.05 0.078
0 0.297 0.437 0.038 0.058
0 0.426 0.329 0.044 0.05
0 0.425 0.357 0.038 0.05
0 0.526 0.372 0.04 0.056
0 0.628 0.276 0.032 0.04
0 0.714 0.228 0.036 0.036
0 0.818 0.077 0.04 0.046
0 0.71 0.117 0.048 0.05
0 0.731 0.123 0.07 0.07
0 0.071 0.385 0.042 0.098
0 0.087 0.415 0.046 0.07
0 0.07 0.477 0.052 0.066
0 0.134 0.473 0.032 0.05
0 0.208 0.5 0.052 0.052
0 0.263 0.582 0.058 0.08
0 0.334 0.571 0.048 0.05
0 0.174 0.624 0.044 0.048
0 0.074 0.62 0.036 0.064
0 0.061 0.686 0.042 0.064
0 0.51 0.476 0.056 0.064
0 0.562 0.46 0.04 0.036
0 0.573 0.573 0.03 0.046
0 0.648 0.545 0.032 0.03
0 0.754 0.368 0.052 0.056
0 0.831 0.367 0.05 0.038
0 0.794 0.405 0.06 0.062
0 0.882 0.548 0.044 0.072
0 0.967 0.495 0.038 0.05
0 0.484 0.624 0.048 0.044
0 0.55 0.609 0.04 0.03
0 0.672 0.484 0.06 0.06
0 0.772 0.508 0.052 0.052
0 0.762 0.543 0.028 0.034
0 0.812 0.529 0.052 0.046
0 0.82 0.582 0.044 0.068
0 0.397 0.492 0.078 0.092
0 0.414 0.511 0.044 0.066
0 0.916 0.217 0.04 0.046
0 0.913 0.272 0.038 0.052
0 0.886 0.318 0.036 0.04
0 0.94 0.302 0.048 0.056
0 0.979 0.343 0.038 0.062
0 0.694 0.418 0.044 0.052
0 0.676 0.351 0.048 0.034
0 0.195 0.541 0.026 0.026
0 0.031 0.839 0.038 0.066
0 0.071 0.862 0.034 0.048
0 0.034 0.922 0.036 0.052
0 0.15 0.929 0.028 0.042
0 0.152 0.704 0.032 0.04
0 0.223 0.787 0.034 0.05
0 0.231 0.864 0.05 0.064
0 0.306 0.803 0.036 0.042
0 0.387 0.796 0.034 0.04
0 0.339 0.83 0.038 0.048
0 0.36 0.857 0.032 0.05
0 0.286 0.698 0.044 0.052
0 0.307 0.712 0.03 0.036
0 0.349 0.741 0.034 0.062
0 0.318 0.754 0.036 0.056
0 0.472 0.678 0.028 0.056
0 0.498 0.73 0.04 0.068
0 0.527 0.677 0.03 0.038
0 0.424 0.664 0.04 0.044
0 0.594 0.684 0.036 0.044
0 0.696 0.721 0.056 0.062
0 0.647 0.644 0.034 0.036
0 0.584 0.762 0.04 0.044
0 0.633 0.796 0.046 0.04
0 0.209 0.977 0.042 0.042
0 0.251 0.984 0.034 0.028
0 0.459 0.87 0.034 0.044
0 0.468 0.912 0.048 0.052
0 0.439 0.861 0.026 0.038
0 0.573 0.912 0.042 0.048
0 0.795 0.911 0.05 0.07
0 0.881 0.934 0.074 0.056
0 0.893 0.88 0.054 0.06
0 0.949 0.901 0.046 0.054
0 0.796 0.799 0.036 0.046
0 0.832 0.842 0.04 0.048
0 0.935 0.798 0.042 0.052
0 0.977 0.771 0.042 0.042
0 0.957 0.632 0.034 0.04
0 0.952 0.684 0.048 0.036
0 0.698 0.885 0.04 0.042
0 0.735 0.866 0.026 0.076
0 0.629 0.835 0.038 0.058
0 0.414 0.966 0.044 0.06
0 0.604 0.979 0.04 0.038
0 0.74 0.976 0.064 0.044
0 0.946 0.975 0.036 0.038
0 0.296 0.911 0.028 0.034
1 0.789 0.55 0.026 0.028
1 0.291 0.137 0.03 0.022
1 0.371 0.129 0.018 0.018
1 0.384 0.102 0.02 0.028
1 0.665 0.071 0.022 0.03
1 0.368 0.421 0.02 0.026
1 0.428 0.429 0.016 0.014
1 0.393 0.326 0.022 0.016
1 0.585 0.328 0.03 0.028
1 0.678 0.266 0.028 0.028
1 0.862 0.067 0.032 0.018
1 0.898 0.073 0.032 0.03
1 0.844 0.112 0.036 0.032
1 0.678 0.157 0.028 0.022
1 0.676 0.201 0.024 0.03
1 0.664 0.215 0.024 0.022
1 0.852 0.135 0.036 0.026
1 0.012 0.416 0.02 0.04
1 0.049 0.263 0.022 0.018
1 0.129 0.301 0.034 0.034
1 0.127 0.341 0.018 0.022
1 0.146 0.52 0.02 0.024
1 0.135 0.617 0.026 0.026
1 0.168 0.597 0.024 0.022
1 0.017 0.596 0.014 0.028
1 0.529 0.538 0.022 0.02
1 0.536 0.556 0.016 0.02
1 0.598 0.562 0.016 0.032
1 0.876 0.464 0.024 0.016
1 0.909 0.444 0.022 0.032
1 0.725 0.569 0.018 0.022
1 0.458 0.567 0.032 0.034
1 0.969 0.216 0.018 0.024
1 0.929 0.248 0.022 0.02
1 0.98 0.178 0.024 0.036
1 0.657 0.423 0.018 0.022
1 0.708 0.373 0.02 0.022
1 0.06 0.041 0.024 0.022
1 0.133 0.051 0.03 0.018
1 0.126 0.028 0.02 0.028
1 0.15 0.955 0.028 0.022
1 0.07 0.743 0.02 0.03
1 0.071 0.78 0.03 0.036
1 0.103 0.738 0.018 0.032
1 0.348 0.79 0.016 0.02
1 0.402 0.882 0.016 0.04
1 0.284 0.66 0.032 0.036
1 0.233 0.716 0.018 0.016
1 0.258 0.678 0.016 0.02
1 0.217 0.66 0.038 0.028
1 0.265 0.497 0.014 0.022
1 0.291 0.527 0.018 0.018
1 0.346 0.659 0.024 0.018
1 0.481 0.789 0.03 0.03
1 0.619 0.626 0.03 0.032
1 0.63 0.596 0.024 0.016
1 0.701 0.646 0.022 0.028
1 0.606 0.703 0.02 0.026
1 0.617 0.734 0.014 0.028
1 0.669 0.706 0.038 0.04
1 0.68 0.761 0.028 0.022
1 0.284 0.982 0.016 0.024
1 0.341 0.988 0.022 0.02
1 0.509 0.923 0.026 0.022
1 0.522 0.941 0.012 0.046
1 0.516 0.882 0.012 0.036
1 0.528 0.812 0.02 0.02
1 0.902 0.801 0.016 0.03
1 0.725 0.915 0.022 0.034
1 0.678 0.837 0.032 0.034
1 0.692 0.846 0.02 0.024
1 0.919 0.659 0.042 0.026
1 0.878 0.7 0.032 0.028
1 0.802 0.761 0.032 0.03
1 0.722 0.316 0.016 0.02
1 0.742 0.309 0.024 0.03
1 0.836 0.89 0.02 0.036
1 0.465 0.969 0.014 0.026
1 0.477 0.984 0.034 0.028
1 0.646 0.973 0.024 0.022
1 0.695 0.978 0.026 0.028
1 0.815 0.974 0.01 0.024
1 0.261 0.938 0.022 0.024
1 0.452 0.712 0.024 0.024
2 0.46 0.385 0.016 0.022
2 0.087 0.265 0.026 0.014
2 0.084 0.274 0.016 0.012
2 0.712 0.5 0.032 0.044
2 0.423 0.587 0.03 0.038
2 0.456 0.528 0.016 0.02
2 0.175 0.544 0.014 0.024
2 0.046 0.972 0.028 0.044
2 0.118 0.94 0.016 0.02
2 0.146 0.793 0.028 0.034
2 0.383 0.874 0.026 0.032
2 0.86 0.736 0.02 0.032
2 0.846 0.987 0.032 0.022
2 0.249 0.899 0.022 0.03
2 0.294 0.868 0.012 0.012