0 0.67 0.977 0.048 0.042
0 0.635 0.97 0.038 0.052
0 0.508 0.979 0.044 0.038
0 0.531 0.943 0.042 0.05
0 0.365 0.993 0.022 0.01
0 0.308 0.951 0.04 0.054
0 0.27 0.972 0.028 0.052
0 0.11 0.976 0.048 0.044
0 0.745 0.794 0.038 0.068
0 0.615 0.841 0.026 0.046
0 0.535 0.866 0.038 0.04
0 0.454 0.836 0.048 0.068
0 0.312 0.878 0.048 0.068
0 0.144 0.791 0.04 0.066
0 0.1 0.841 0.076 0.062
0 0.428 0.949 0.032 0.046
0 0.457 0.942 0.034 0.028
0 0.013 0.718 0.022 0.056
0 0.071 0.71 0.042 0.056
0 0.263 0.72 0.042 0.028
0 0.265 0.673 0.046 0.062
0 0.366 0.7 0.056 0.032
0 0.523 0.781 0.034 0.042
0 0.6 0.781 0.048 0.058
0 0.736 0.731 0.024 0.03
0 0.699 0.726 0.03 0.04
0 0.633 0.682 0.05 0.052
0 0.53 0.706 0.048 0.044
0 0.418 0.621 0.044 0.062
0 0.386 0.666 0.032 0.036
0 0.304 0.611 0.044 0.054
0 0.187 0.666 0.054 0.072
0 0.031 0.632 0.05 0.06
0 0.043 0.518 0.03 0.036
0 0.113 0.486 0.03 0.044
0 0.133 0.585 0.034 0.07
0 0.072 0.421 0.036 0.054
0 0.093 0.39 0.034 0.04
0 0.017 0.296 0.03 0.06
0 0.084 0.337 0.04 0.05
0 0.132 0.328 0.032 0.048
0 0.944 0.654 0.032 0.04
0 0.899 0.551 0.042 0.05
0 0.852 0.473 0.052 0.074
0 0.739 0.493 0.042 0.046
0 0.969 0.412 0.038 0.052
0 0.941 0.432 0.022 0.04
0 0.927 0.394 0.022 0.056
0 0.881 0.378 0.038 0.044
0 0.973 0.233 0.034 0.038
0 0.914 0.268 0.032 0.044
0 0.932 0.23 0.028 0.02
0 0.886 0.238 0.036 0.04
0 0.969 0.175 0.038 0.038
0 0.911 0.184 0.026 0.04
0 0.886 0.187 0.028 0.022
0 0.972 0.098 0.032 0.044
0 0.944 0.089 0.024 0.03
0 0.959 0.04 0.042 0.032
0 0.994 0.065 0.008 0.042
0 0.949 0.008 0.05 0.012
0 0.861 0.072 0.046 0.056
0 0.832 0.038 0.028 0.028
0 0.732 0.019 0.028 0.034
0 0.7 0.032 0.032 0.048
0 0.689 0.136 0.042 0.024
0 0.769 0.25 0.038 0.048
0 0.736 0.307 0.036 0.034
0 0.739 0.222 0.034 0.04
0 0.666 0.27 0.036 0.032
0 0.625 0.259 0.038 0.05
0 0.552 0.243 0.032 0.054
0 0.764 0.621 0.04 0.078
0 0.728 0.59 0.028 0.044
0 0.727 0.631 0.026 0.038
0 0.654 0.616 0.04 0.044
0 0.627 0.491 0.062 0.054
0 0.554 0.477 0.052 0.058
0 0.465 0.544 0.042 0.036
0 0.457 0.497 0.03 0.03
0 0.479 0.452 0.038 0.048
0 0.553 0.374 0.034 0.036
0 0.199 0.229 0.058 0.054
0 0.122 0.197 0.04 0.058
0 0.026 0.188 0.048 0.06
0 0.105 0.083 0.038 0.038
0 0.052 0.067 0.036 0.038
0 0.212 0.123 0.052 0.058
0 0.184 0.099 0.028 0.038
0 0.169 0.056 0.038 0.04
0 0.291 0.133 0.038 0.042
0 0.279 0.093 0.046 0.038
0 0.263 0.046 0.03 0.032
0 0.309 0.069 0.026 0.034
0 0.331 0.036 0.034 0.044
0 0.171 0.395 0.046 0.062
0 0.309 0.325 0.042 0.05
0 0.256 0.249 0.032 0.038
0 0.328 0.205 0.048 0.066
0 0.43 0.166 0.028 0.04
0 0.469 0.173 0.026 0.034
0 0.483 0.201 0.034 0.046
0 0.52 0.153 0.032 0.034
0 0.543 0.079 0.034 0.038
0 0.411 0.368 0.054 0.044
0 0.39 0.336 0.044 0.036
0 0.526 0.336 0.028 0.04
0 0.395 0.176 0.022 0.024
0 0.824 0.257 0.036 0.066
0 0.791 0.202 0.03 0.052
0 0.403 0.303 0.034 0.03
0 0.987 0.539 0.022 0.034
0 0.394 0.009 0.036 0.014
0 0.442 0.009 0.028 0.014
0 0.638 0.14 0.024 0.028
0 0.744 0.07 0.024 0.024
0 0.244 0.419 0.044 0.042
1 0.775 0.874 0.034 0.024
1 0.659 0.907 0.026 0.034
1 0.475 0.919 0.018 0.018
1 0.201 0.973 0.014 0.014
1 0.007 0.95 0.01 0.016
1 0.898 0.736 0.016 0.028
1 0.682 0.825 0.032 0.03
1 0.66 0.852 0.012 0.016
1 0.338 0.815 0.024 0.03
1 0.31 0.795 0.02 0.018
1 0.276 0.913 0.024 0.034
1 0.252 0.925 0.008 0.01
1 0.226 0.78 0.016 0.032
1 0.159 0.716 0.022 0.02
1 0.454 0.653 0.016 0.022
1 0.141 0.488 0.022 0.024
1 0.017 0.37 0.018 0.02
1 0.858 0.011 0.024 0.014
1 0.782 0.668 0.036 0.02
1 0.415 0.545 0.022 0.022
1 0.435 0.433 0.018 0.018
1 0.233 0.14 0.018 0.02
1 0.054 0.261 0.024 0.018
1 0.058 0.237 0.028 0.018
1 0.023 0.041 0.018 0.026
1 0.014 0.009 0.024 0.018
1 0.581 0.133 0.018 0.03
1 0.6 0.094 0.024 0.02
1 0.683 0.072 0.026 0.016
1 0.653 0.207 0.014 0.046
1 0.396 0.234 0.02 0.028
1 0.694 0.49 0.02 0.02
1 0.171 0.44 0.026 0.02
1 0.21 0.428 0.02 0.036
1 0.263 0.341 0.022 0.018
1 0.281 0.35 0.018 0.016
1 0.884 0.349 0.012 0.014
1 0.991 0.479 0.014 0.026
1 0.921 0.631 0.01 0.022
1 0.818 0.536 0.016 0.032
1 0.798 0.338 0.032 0.04
1 0.628 0.363 0.028 0.034
1 0.49 0.259 0.02 0.018
1 0.752 0.158 0.024 0.016
1 0.786 0.177 0.008 0.014
1 0.696 0.103 0.02 0.03
1 0.197 0.042 0.014 0.012
1 0.39 0.136 0.016 0.016
1 0.804 0.118 0.012 0.012
1 0.752 0.37 0.024 0.028
1 0.818 0.906 0.028 0.032
1 0.819 0.877 0.022 0.022
1 0.88 0.848 0.016 0.016
1 0.869 0.855 0.034 0.018
2 0.089 0.645 0.05 0.074
2 0.037 0.81 0.05 0.056
2 0.221 0.515 0.066 0.062
2 0.26 0.52 0.048 0.052
2 0.893 0.938 0.026 0.032
2 0.716 0.912 0.036 0.036
2 0.592 0.976 0.016 0.02
2 0.401 0.961 0.01 0.01
2 0.448 0.723 0.044 0.07
2 0.604 0.739 0.012 0.01
2 0.544 0.638 0.056 0.084
2 0.296 0.576 0.02 0.012
2 0.36 0.534 0.04 0.032
2 0.274 0.482 0.02 0.02
2 0.505 0.098 0.03 0.028
2 0.47 0.357 0.032 0.03
2 0.468 0.316 0.024 0.036
2 0.748 0.425 0.02 0.014
2 0.578 0.42 0.012 0.016
2 0.613 0.323 0.034 0.026
2 0.597 0.302 0.018 0.016
2 0.56 0.31 0.02 0.028
2 0.45 0.073 0.016 0.018
2 0.445 0.04 0.03 0.032
2 0.176 0.339 0.016 0.022
2 0.186 0.311 0.02 0.018
2 0.065 0.2 0.03 0.016
2 0.028 0.138 0.028 0.036
2 0.194 0.061 0.016 0.014
2 0.769 0.017 0.022 0.03
2 0.748 0.047 0.02 0.014
2 0.811 0.019 0.014 0.014
2 0.35 0.931 0.024 0.034
2 0.55 0.899 0.016 0.022
2 0.554 0.924 0.012 0.016
2 0.903 0.778 0.018 0.032
2 0.854 0.797 0.016 0.022
2 0.792 0.76 0.012 0.02
2 0.67 0.053 0.016 0.01
2 0.536 0.017 0.012 0.018
2 0.52 0.006 0.012 0.008