0 0.045 0.126 0.034 0.052
0 0.08 0.181 0.036 0.038
0 0.131 0.02 0.026 0.036
0 0.153 0.128 0.026 0.04
0 0.197 0.14 0.038 0.044
0 0.213 0.003 0.018 0.006
0 0.324 0.009 0.028 0.018
0 0.343 0.014 0.03 0.028
0 0.374 0.063 0.024 0.038
0 0.415 0.051 0.034 0.038
0 0.49 0.018 0.028 0.036
0 0.545 0.021 0.046 0.042
0 0.921 0.011 0.046 0.022
0 0.021 0.3 0.038 0.064
0 0.192 0.268 0.044 0.048
0 0.223 0.294 0.042 0.072
0 0.166 0.401 0.036 0.058
0 0.1 0.391 0.04 0.062
0 0.047 0.4 0.034 0.04
0 0.235 0.367 0.038 0.054
0 0.012 0.502 0.024 0.044
0 0.031 0.605 0.042 0.034
0 0.131 0.564 0.07 0.08
0 0.154 0.501 0.04 0.05
0 0.2 0.464 0.044 0.048
0 0.259 0.482 0.034 0.032
0 0.282 0.457 0.032 0.05
0 0.343 0.443 0.038 0.054
0 0.389 0.445 0.03 0.054
0 0.436 0.447 0.02 0.05
0 0.455 0.442 0.022 0.04
0 0.127 0.74 0.042 0.04
0 0.084 0.828 0.036 0.036
0 0.01 0.77 0.012 0.044
0 0.159 0.988 0.038 0.02
0 0.201 0.992 0.038 0.012
0 0.209 0.952 0.03 0.052
0 0.25 0.951 0.044 0.046
0 0.234 0.884 0.044 0.06
0 0.341 0.988 0.034 0.02
0 0.362 0.97 0.032 0.04
0 0.534 0.984 0.044 0.028
0 0.924 0.984 0.04 0.028
0 0.834 0.984 0.024 0.028
0 0.808 0.96 0.06 0.06
0 0.977 0.915 0.03 0.05
0 0.925 0.908 0.038 0.064
0 0.844 0.849 0.04 0.058
0 0.699 0.9 0.038 0.068
0 0.589 0.885 0.034 0.046
0 0.608 0.955 0.044 0.046
0 0.405 0.891 0.026 0.046
0 0.453 0.93 0.018 0.032
0 0.482 0.916 0.032 0.06
0 0.482 0.821 0.028 0.022
0 0.489 0.791 0.038 0.026
0 0.989 0.697 0.018 0.042
0 0.98 0.607 0.036 0.066
0 0.797 0.573 0.038 0.062
0 0.823 0.537 0.03 0.038
0 0.813 0.765 0.05 0.054
0 0.617 0.667 0.038 0.054
0 0.647 0.655 0.03 0.05
0 0.559 0.67 0.034 0.04
0 0.52 0.739 0.032 0.038
0 0.454 0.733 0.036 0.054
0 0.396 0.711 0.032 0.05
0 0.208 0.675 0.032 0.034
0 0.293 0.622 0.05 0.068
0 0.368 0.608 0.048 0.092
0 0.423 0.595 0.038 0.038
0 0.481 0.605 0.046 0.066
0 0.451 0.546 0.042 0.068
0 0.502 0.557 0.032 0.042
0 0.347 0.721 0.01 0.01
0 0.942 0.518 0.032 0.04
0 0.869 0.465 0.034 0.05
0 0.901 0.368 0.03 0.028
0 0.853 0.391 0.042 0.054
0 0.816 0.483 0.044 0.054
0 0.733 0.503 0.03 0.034
0 0.741 0.456 0.034 0.056
0 0.667 0.446 0.034 0.056
0 0.604 0.479 0.036 0.042
0 0.531 0.391 0.046 0.038
0 0.493 0.318 0.034 0.048
0 0.529 0.334 0.038 0.036
0 0.399 0.282 0.038 0.056
0 0.335 0.347 0.034 0.054
0 0.433 0.178 0.05 0.044
0 0.541 0.154 0.042 0.04
0 0.542 0.095 0.024 0.058
0 0.595 0.157 0.042 0.05
0 0.631 0.122 0.026 0.036
0 0.692 0.074 0.024 0.036
0 0.747 0.005 0.03 0.01
0 0.75 0.041 0.032 0.054
0 0.732 0.076 0.032 0.032
0 0.763 0.395 0.034 0.054
0 0.74 0.344 0.052 0.056
0 0.7 0.313 0.044 0.058
0 0.786 0.277 0.032 0.046
0 0.634 0.345 0.036 0.046
0 0.638 0.205 0.036 0.058
0 0.695 0.161 0.042 0.058
0 0.736 0.149 0.028 0.03
0 0.81 0.122 0.032 0.04
0 0.83 0.099 0.024 0.046
0 0.9 0.095 0.044 0.042
0 0.936 0.145 0.028 0.034
0 0.913 0.187 0.034 0.086
0 0.958 0.222 0.036 0.064
0 0.976 0.284 0.024 0.028
0 0.551 0.28 0.014 0.036
0 0.857 0.26 0.038 0.06
0 0.18 0.094 0.02 0.036
0 0.945 0.381 0.034 0.058
0 0.946 0.314 0.028 0.048
0 0.179 0.033 0.042 0.062
0 0.989 0.206 0.018 0.052
0 0.587 0.551 0.026 0.034
0 0.168 0.169 0.024 0.034
0 0.536 0.321 0.04 0.058
0 0.534 0.37 0.036 0.02
0 0.815 0.357 0.034 0.074
0 0.853 0.6 0.026 0.072
1 0.904 0.416 0.016 0.02
1 0.046 0.167 0.02 0.022
1 0.028 0.018 0.02 0.02
1 0.16 0.185 0.012 0.01
1 0.277 0.033 0.018 0.022
1 0.339 0.07 0.018 0.028
1 0.01 0.34 0.02 0.02
1 0.132 0.299 0.024 0.022
1 0.197 0.512 0.034 0.02
1 0.258 0.422 0.016 0.02
1 0.295 0.419 0.022 0.022
1 0.295 0.391 0.014 0.018
1 0.394 0.48 0.012 0.02
1 0.43 0.504 0.024 0.024
1 0.074 0.638 0.012 0.016
1 0.07 0.658 0.02 0.028
1 0.043 0.727 0.014 0.03
1 0.063 0.739 0.03 0.026
1 0.089 0.782 0.014 0.04
1 0.106 0.855 0.012 0.018
1 0.085 0.88 0.01 0.028
1 0.024 0.845 0.028 0.022
1 0.069 0.959 0.014 0.054
1 0.064 0.996 0.012 0.004
1 0.183 0.969 0.01 0.01
1 0.183 0.889 0.014 0.042
1 0.46 0.993 0.024 0.01
1 0.588 0.939 0.02 0.026
1 0.726 0.96 0.016 0.016
1 0.742 0.945 0.016 0.018
1 0.506 0.861 0.032 0.03
1 0.531 0.804 0.022 0.02
1 0.417 0.788 0.018 0.02
1 0.883 0.587 0.034 0.022
1 0.786 0.783 0.016 0.022
1 0.556 0.723 0.02 0.018
1 0.28 0.744 0.04 0.024
1 0.365 0.76 0.014 0.012
1 0.382 0.764 0.012 0.016
1 0.285 0.663 0.018 0.026
1 0.5 0.64 0.02 0.024
1 0.83 0.733 0.024 0.014
1 0.879 0.549 0.01 0.014
1 0.921 0.457 0.022 0.034
1 0.732 0.524 0.016 0.012
1 0.405 0.359 0.014 0.01
1 0.389 0.221 0.018 0.022
1 0.285 0.195 0.018 0.022
1 0.618 0.044 0.016 0.024
1 0.718 0.046 0.012 0.02
1 0.784 0.323 0.016 0.03
1 0.704 0.247 0.02 0.026
1 0.633 0.276 0.022 0.036
1 0.539 0.272 0.01 0.02
1 0.603 0.202 0.018 0.024
1 0.937 0.042 0.018 0.02
1 0.829 0.201 0.006 0.014
1 0.23 0.761 0.016 0.018
1 0.041 0.768 0.03 0.02
1 0.027 0.782 0.018 0.024
1 0.045 0.796 0.026 0.02
1 0.004 0.095 0.008 0.026
1 0.009 0.114 0.018 0.02
1 0.123 0.063 0.022 0.03
1 0.992 0.174 0.012 0.02
1 0.836 0.9 0.04 0.044
1 0.619 0.751 0.022 0.018
1 0.01 0.887 0.02 0.046
1 0.031 0.872 0.018 0.04
1 0.024 0.676 0.016 0.032
1 0.608 0.538 0.012 0.012
1 0.613 0.556 0.018 0.012
1 0.606 0.266 0.016 0.04
1 0.973 0.525 0.014 0.034
1 0.803 0.617 0.01 0.022
1 0.789 0.615 0.006 0.018
1 0.786 0.637 0.012 0.018
1 0.556 0.391 0.004 0.014
2 0.172 0.914 0.02 0.02
2 0.562 0.773 0.012 0.014
2 0.626 0.077 0.024 0.022
2 0.818 0.34 0.024 0.04
2 0.768 0.314 0.016 0.028
2 0.87 0.179 0.02 0.034
2 0.934 0.181 0.012 0.014
2 0.217 0.717 0.022 0.022
2 0.296 0.23 0.032 0.028
2 0.522 0.161 0.032 0.05
2 0.934 0.863 0.008 0.022
2 0.244 0.009 0.02 0.014
2 0.242 0.031 0.016 0.026
2 0.222 0.025 0.008 0.006
2 0.307 0.059 0.026 0.022
2 0.016 0.093 0.016 0.018
2 0.047 0.694 0.034 0.036
2 0.611 0.294 0.026 0.012
2 0.985 0.082 0.01 0.016
2 0.909 0.132 0.006 0.024