0 0.059 0.654 0.038 0.044
0 0.019 0.978 0.038 0.04
0 0.124 0.971 0.052 0.054
0 0.083 0.907 0.058 0.074
0 0.05 0.913 0.028 0.046
0 0.071 0.816 0.038 0.044
0 0.003 0.845 0.006 0.026
0 0.032 0.72 0.024 0.04
0 0.082 0.694 0.032 0.048
0 0.011 0.529 0.022 0.042
0 0.115 0.606 0.046 0.048
0 0.066 0.558 0.04 0.056
0 0.122 0.856 0.052 0.04
0 0.171 0.851 0.018 0.022
0 0.207 0.904 0.046 0.064
0 0.178 0.547 0.052 0.07
0 0.232 0.522 0.056 0.056
0 0.018 0.427 0.036 0.042
0 0.098 0.413 0.036 0.038
0 0.052 0.326 0.052 0.064
0 0.195 0.301 0.054 0.066
0 0.166 0.228 0.076 0.072
0 0.097 0.197 0.038 0.066
0 0.048 0.248 0.044 0.06
0 0.053 0.136 0.042 0.076
0 0.219 0.607 0.042 0.074
0 0.211 0.657 0.042 0.03
0 0.279 0.518 0.026 0.048
0 0.305 0.665 0.034 0.05
0 0.329 0.692 0.038 0.064
0 0.292 0.842 0.056 0.036
0 0.251 0.979 0.038 0.038
0 0.015 0.146 0.03 0.06
0 0.007 0.028 0.014 0.036
0 0.071 0.014 0.034 0.024
0 0.156 0.018 0.044 0.032
0 0.125 0.039 0.05 0.046
0 0.149 0.068 0.042 0.032
0 0.161 0.093 0.034 0.022
0 0.102 0.081 0.036 0.042
0 0.233 0.172 0.034 0.06
0 0.203 0.182 0.03 0.036
0 0.232 0.09 0.04 0.056
0 0.221 0.059 0.042 0.046
0 0.284 0.091 0.052 0.05
0 0.248 0.022 0.036 0.028
0 0.308 0.033 0.04 0.042
0 0.313 0.106 0.034 0.044
0 0.29 0.215 0.044 0.066
0 0.452 0.095 0.044 0.054
0 0.406 0.111 0.064 0.038
0 0.408 0.147 0.06 0.066
0 0.346 0.274 0.048 0.048
0 0.33 0.339 0.052 0.07
0 0.319 0.451 0.038 0.03
0 0.321 0.428 0.042 0.032
0 0.34 0.417 0.024 0.03
0 0.333 0.497 0.038 0.026
0 0.329 0.533 0.038 0.034
0 0.392 0.547 0.044 0.058
0 0.406 0.532 0.04 0.032
0 0.402 0.598 0.036 0.032
0 0.435 0.648 0.054 0.072
0 0.427 0.71 0.05 0.04
0 0.344 0.875 0.048 0.062
0 0.386 0.977 0.052 0.042
0 0.436 0.927 0.032 0.058
0 0.396 0.893 0.04 0.066
0 0.437 0.98 0.046 0.036
0 0.482 0.917 0.036 0.066
0 0.616 0.944 0.036 0.048
0 0.666 0.945 0.056 0.078
0 0.703 0.975 0.046 0.038
0 0.504 0.803 0.04 0.038
0 0.486 0.769 0.056 0.046
0 0.549 0.73 0.058 0.056
0 0.414 0.445 0.032 0.034
0 0.405 0.462 0.022 0.028
0 0.504 0.537 0.032 0.05
0 0.419 0.407 0.042 0.046
0 0.388 0.345 0.036 0.03
0 0.424 0.293 0.048 0.086
0 0.547 0.403 0.038 0.05
0 0.477 0.449 0.03 0.046
0 0.515 0.444 0.038 0.04
0 0.591 0.435 0.054 0.078
0 0.512 0.119 0.032 0.038
0 0.561 0.142 0.054 0.052
0 0.494 0.04 0.036 0.044
0 0.546 0.032 0.04 0.06
0 0.622 0.008 0.04 0.012
0 0.526 0.224 0.052 0.08
0 0.607 0.306 0.058 0.064
0 0.594 0.348 0.04 0.04
0 0.636 0.117 0.044 0.078
0 0.561 0.552 0.03 0.048
0 0.618 0.531 0.052 0.074
0 0.641 0.533 0.038 0.086
0 0.633 0.479 0.034 0.022
0 0.714 0.408 0.052 0.06
0 0.671 0.343 0.046 0.05
0 0.671 0.305 0.038 0.038
0 0.734 0.304 0.044 0.068
0 0.708 0.183 0.06 0.066
0 0.754 0.162 0.052 0.052
0 0.765 0.199 0.042 0.05
0 0.733 0.072 0.042 0.04
0 0.769 0.024 0.054 0.044
0 0.757 0.049 0.034 0.022
0 0.81 0.103 0.032 0.054
0 0.877 0.086 0.062 0.056
0 0.859 0.061 0.05 0.042
0 0.827 0.041 0.03 0.038
0 0.94 0.034 0.056 0.064
0 0.985 0.086 0.026 0.048
0 0.891 0.136 0.058 0.048
0 0.884 0.179 0.056 0.058
0 0.84 0.2 0.032 0.04
0 0.79 0.235 0.044 0.066
0 0.509 0.604 0.022 0.04
0 0.546 0.673 0.048 0.042
0 0.543 0.652 0.046 0.032
0 0.584 0.64 0.044 0.044
0 0.796 0.354 0.04 0.044
0 0.785 0.427 0.046 0.046
0 0.786 0.514 0.072 0.088
0 0.99 0.02 0.016 0.036
0 0.953 0.159 0.026 0.026
0 0.946 0.129 0.032 0.038
0 0.889 0.228 0.046 0.04
0 0.976 0.207 0.044 0.062
0 0.987 0.163 0.022 0.03
0 0.955 0.228 0.038 0.032
0 0.909 0.258 0.038 0.04
0 0.955 0.258 0.042 0.036
0 0.892 0.279 0.04 0.058
0 0.868 0.351 0.06 0.058
0 0.913 0.317 0.038 0.05
0 0.921 0.337 0.014 0.034
0 0.944 0.361 0.036 0.042
0 0.904 0.378 0.024 0.032
0 0.857 0.446 0.042 0.036
0 0.937 0.413 0.026 0.046
0 0.988 0.362 0.02 0.06
0 0.854 0.482 0.04 0.032
0 0.858 0.557 0.036 0.062
0 0.947 0.503 0.042 0.042
0 0.995 0.479 0.006 0.022
0 0.986 0.582 0.024 0.048
0 0.837 0.617 0.046 0.046
0 0.723 0.631 0.038 0.066
0 0.691 0.626 0.014 0.016
0 0.643 0.686 0.042 0.052
0 0.669 0.698 0.022 0.028
0 0.82 0.709 0.036 0.03
0 0.77 0.702 0.016 0.048
0 0.765 0.753 0.05 0.058
0 0.721 0.77 0.038 0.068
0 0.924 0.742 0.044 0.032
0 0.934 0.766 0.032 0.04
0 0.871 0.76 0.026 0.024
0 0.639 0.757 0.042 0.054
0 0.676 0.849 0.048 0.05
0 0.807 0.815 0.034 0.026
0 0.843 0.845 0.038 0.054
0 0.799 0.842 0.03 0.028
0 0.879 0.875 0.042 0.062
0 0.821 0.88 0.026 0.032
0 0.794 0.877 0.032 0.038
0 0.965 0.8 0.046 0.064
0 0.963 0.871 0.054 0.074
0 0.808 0.938 0.072 0.084
0 0.949 0.955 0.046 0.07
0 0.872 0.96 0.048 0.076
0 0.853 0.941 0.03 0.054
0 0.835 0.987 0.05 0.022
0 0.992 0.78 0.012 0.056
0 0.065 0.409 0.046 0.054
0 0.231 0.327 0.038 0.026
0 0.229 0.839 0.046 0.05
0 0.379 0.658 0.046 0.048
0 0.286 0.954 0.04 0.028
0 0.302 0.157 0.028 0.026
0 0.367 0.404 0.03 0.048
0 0.341 0.567 0.034 0.034
0 0.364 0.594 0.036 0.06
0 0.54 0.075 0.044 0.074
0 0.544 0.265 0.048 0.07
0 0.839 0.666 0.066 0.072
1 0.047 0.868 0.014 0.02
1 0.041 0.856 0.014 0.016
1 0.004 0.816 0.008 0.02
1 0.013 0.772 0.026 0.02
1 0.053 0.587 0.018 0.014
1 0.129 0.508 0.022 0.024
1 0.01 0.482 0.02 0.024
1 0.039 0.564 0.018 0.028
1 0.119 0.352 0.03 0.028
1 0.201 0.411 0.03 0.026
1 0.22 0.252 0.024 0.028
1 0.005 0.278 0.01 0.044
1 0.012 0.273 0.016 0.03
1 0.201 0.853 0.018 0.022
1 0.198 0.833 0.024 0.026
1 0.384 0.633 0.024 0.018
1 0.498 0.838 0.024 0.024
1 0.558 0.966 0.032 0.024
1 0.712 0.961 0.024 0.018
1 0.443 0.316 0.022 0.024
1 0.75 0.279 0.036 0.022
1 0.651 0.387 0.03 0.038
1 0.796 0.08 0.02 0.04
1 0.904 0.056 0.024 0.032
1 0.994 0.19 0.008 0.048
1 0.988 0.41 0.02 0.02
1 0.961 0.468 0.022 0.024
1 0.711 0.609 0.014 0.014
1 0.687 0.609 0.026 0.026
1 0.649 0.648 0.014 0.024
1 0.864 0.797 0.024 0.022
1 0.844 0.788 0.024 0.024
1 0.684 0.784 0.024 0.044
1 0.628 0.784 0.02 0.032
1 0.951 0.993 0.038 0.01
1 0.985 0.984 0.022 0.028
1 0.354 0.005 0.032 0.006
1 0.14 0.487 0.032 0.026
1 0.142 0.46 0.032 0.024
1 0.198 0.433 0.032 0.038
1 0.277 0.762 0.026 0.024
1 0.345 0.772 0.03 0.032
1 0.421 0.808 0.034 0.02
1 0.431 0.757 0.022 0.022
1 0.112 0.106 0.04 0.024
1 0.38 0.45 0.032 0.028
1 0.474 0.88 0.032 0.024
1 0.397 0.352 0.042 0.028
1 0.503 0.378 0.034 0.032
1 0.479 0.183 0.03 0.03
2 0.356 0.231 0.056 0.034
2 0.977 0.833 0.026 0.018
2 0.946 0.842 0.024 0.024
2 0.212 0.497 0.04 0.034
2 0.052 0.363 0.032 0.03
2 0.166 0.339 0.036 0.046
2 0.186 0.449 0.024 0.034
2 0.239 0.265 0.026 0.022
2 0.073 0.241 0.026 0.03
2 0.095 0.164 0.03 0.02
2 0.058 0.61 0.016 0.016
2 0.123 0.655 0.034 0.05
2 0.189 0.578 0.034 0.028
2 0.179 0.611 0.014 0.022
2 0.193 0.934 0.022 0.016
2 0.064 0.764 0.012 0.012
2 0.028 0.051 0.028 0.026
2 0.126 0.009 0.02 0.014
2 0.15 0.166 0.032 0.048
2 0.196 0.147 0.052 0.058
2 0.227 0.209 0.018 0.014
2 0.261 0.006 0.022 0.008
2 0.387 0.183 0.03 0.03
2 0.333 0.516 0.042 0.024
2 0.384 0.693 0.024 0.042
2 0.491 0.86 0.034 0.06
2 0.514 0.846 0.016 0.016
2 0.538 0.88 0.016 0.024
2 0.482 0.977 0.016 0.014
2 0.476 0.958 0.012 0.02
2 0.561 0.996 0.018 0.004
2 0.666 0.984 0.036 0.028
2 0.501 0.996 0.046 0.004
2 0.369 0.91 0.038 0.048
2 0.274 0.929 0.024 0.018
2 0.243 0.96 0.034 0.032
2 0.071 0.971 0.03 0.054
2 0.457 0.601 0.026 0.034
2 0.483 0.508 0.038 0.028
2 0.5 0.461 0.028 0.03
2 0.481 0.482 0.034 0.024
2 0.513 0.483 0.026 0.018
2 0.587 0.265 0.046 0.034
2 0.446 0.443 0.024 0.046
2 0.792 0.183 0.012 0.014
2 0.61 0.586 0.016 0.02
2 0.592 0.601 0.02 0.03
2 0.662 0.561 0.012 0.014
2 0.671 0.442 0.018 0.016
2 0.571 0.485 0.018 0.03
2 0.533 0.481 0.022 0.014
2 0.542 0.438 0.02 0.016
2 0.953 0.337 0.018 0.014
2 0.881 0.369 0.018 0.018
2 0.83 0.39 0.044 0.024
2 0.857 0.391 0.01 0.014
2 0.895 0.44 0.034 0.056
2 0.957 0.539 0.046 0.026
2 0.907 0.533 0.034 0.05
2 0.641 0.653 0.014 0.018
2 0.761 0.573 0.018 0.038
2 0.769 0.631 0.022 0.026
2 0.726 0.856 0.028 0.028
2 0.874 0.737 0.028 0.022
2 0.725 0.708 0.034 0.02
2 0.651 0.72 0.014 0.02
2 0.675 0.767 0.018 0.026
2 0.312 0.486 0.02 0.04
2 0.387 0.506 0.022 0.016
2 0.323 0.388 0.01 0.016
2 0.039 0.194 0.022 0.036
2 0.468 0.034 0.016 0.012
2 0.66 0.067 0.02 0.034
2 0.813 0.062 0.03 0.032
2 0.684 0.161 0.032 0.03
2 0.932 0.284 0.04 0.028
2 0.856 0.218 0.016 0.016
2 0.215 0.131 0.042 0.034
2 0.781 0.296 0.03 0.06
2 0.511 0.289 0.022 0.05
2 0.432 0.347 0.028 0.018
2 0.926 0.08 0.02 0.036
2 0.982 0.132 0.024 0.044
2 0.649 0.799 0.046 0.03