0 0.012 0.944 0.024 0.048
0 0.05 0.97 0.048 0.056
0 0.137 0.961 0.046 0.066
0 0.205 0.925 0.038 0.042
0 0.239 0.985 0.082 0.026
0 0.277 0.964 0.066 0.032
0 0.33 0.882 0.028 0.032
0 0.31 0.901 0.056 0.066
0 0.286 0.923 0.028 0.026
0 0.406 0.974 0.048 0.048
0 0.422 0.967 0.024 0.03
0 0.425 0.926 0.046 0.052
0 0.504 0.909 0.08 0.066
0 0.376 0.89 0.036 0.052
0 0.405 0.859 0.034 0.074
0 0.449 0.845 0.046 0.038
0 0.502 0.851 0.08 0.082
0 0.636 0.969 0.044 0.058
0 0.677 0.936 0.022 0.024
0 0.722 0.957 0.04 0.042
0 0.755 0.984 0.034 0.028
0 0.784 0.985 0.024 0.026
0 0.797 0.95 0.074 0.044
0 0.828 0.987 0.024 0.022
0 0.869 0.961 0.078 0.074
0 0.896 0.995 0.028 0.006
0 0.918 0.926 0.048 0.076
0 0.989 0.952 0.018 0.028
0 0.896 0.855 0.032 0.022
0 0.913 0.791 0.042 0.066
0 0.862 0.782 0.06 0.092
0 0.822 0.73 0.028 0.028
0 0.754 0.751 0.052 0.066
0 0.711 0.758 0.038 0.044
0 0.729 0.846 0.042 0.04
0 0.657 0.89 0.026 0.036
0 0.639 0.847 0.062 0.118
0 0.637 0.739 0.062 0.058
0 0.561 0.762 0.038 0.06
0 0.501 0.789 0.074 0.07
0 0.223 0.785 0.05 0.054
0 0.165 0.828 0.118 0.188
0 0.153 0.809 0.022 0.034
0 0.072 0.865 0.076 0.078
0 0.036 0.912 0.036 0.024
0 0.003 0.796 0.006 0.024
0 0.061 0.801 0.054 0.058
0 0.072 0.765 0.024 0.018
0 0.011 0.725 0.022 0.05
0 0.053 0.71 0.054 0.072
0 0.112 0.742 0.032 0.044
0 0.142 0.717 0.04 0.074
0 0.047 0.642 0.066 0.068
0 0.115 0.641 0.022 0.03
0 0.134 0.631 0.036 0.038
0 0.181 0.672 0.026 0.052
0 0.16 0.593 0.048 0.05
0 0.384 0.632 0.08 0.1
0 0.503 0.609 0.086 0.094
0 0.541 0.561 0.05 0.05
0 0.5 0.558 0.06 0.04
0 0.528 0.507 0.044 0.062
0 0.485 0.497 0.05 0.058
0 0.54 0.465 0.032 0.03
0 0.571 0.679 0.066 0.09
0 0.624 0.662 0.04 0.056
0 0.692 0.692 0.028 0.04
0 0.687 0.647 0.046 0.062
0 0.762 0.664 0.028 0.028
0 0.791 0.592 0.046 0.064
0 0.832 0.617 0.052 0.058
0 0.865 0.634 0.034 0.056
0 0.911 0.615 0.05 0.058
0 0.959 0.615 0.03 0.038
0 0.992 0.626 0.012 0.032
0 0.942 0.582 0.024 0.028
0 0.936 0.55 0.024 0.032
0 0.957 0.503 0.034 0.062
0 0.955 0.47 0.038 0.032
0 0.945 0.389 0.066 0.058
0 0.863 0.487 0.066 0.126
0 0.898 0.506 0.052 0.068
0 0.806 0.51 0.048 0.088
0 0.752 0.495 0.048 0.078
0 0.722 0.484 0.036 0.076
0 0.764 0.453 0.028 0.022
0 0.75 0.42 0.028 0.024
0 0.694 0.471 0.064 0.102
0 0.603 0.469 0.034 0.046
0 0.773 0.384 0.026 0.048
0 0.612 0.593 0.04 0.042
0 0.017 0.493 0.034 0.086
0 0.079 0.562 0.066 0.064
0 0.116 0.543 0.048 0.042
0 0.123 0.511 0.03 0.03
0 0.057 0.465 0.066 0.082
0 0.131 0.437 0.03 0.05
0 0.102 0.434 0.032 0.06
0 0.257 0.53 0.046 0.056
0 0.326 0.52 0.048 0.088
0 0.38 0.542 0.044 0.056
0 0.458 0.459 0.032 0.078
0 0.032 0.324 0.064 0.084
0 0.104 0.3 0.044 0.084
0 0.125 0.318 0.05 0.08
0 0.192 0.361 0.068 0.102
0 0.22 0.385 0.04 0.058
0 0.306 0.387 0.056 0.05
0 0.503 0.405 0.046 0.05
0 0.963 0.291 0.038 0.05
0 0.914 0.301 0.032 0.054
0 0.865 0.347 0.042 0.074
0 0.833 0.29 0.07 0.1
0 0.879 0.173 0.038 0.042
0 0.943 0.146 0.042 0.052
0 0.926 0.164 0.036 0.04
0 0.656 0.367 0.088 0.062
0 0.589 0.312 0.058 0.06
0 0.524 0.341 0.052 0.058
0 0.437 0.347 0.034 0.062
0 0.297 0.327 0.05 0.062
0 0.328 0.334 0.06 0.056
0 0.332 0.268 0.056 0.056
0 0.027 0.18 0.054 0.092
0 0.093 0.168 0.058 0.068
0 0.088 0.119 0.028 0.03
0 0.115 0.109 0.046 0.042
0 0.171 0.09 0.066 0.108
0 0.173 0.231 0.038 0.058
0 0.199 0.197 0.038 0.058
0 0.185 0.173 0.034 0.03
0 0.191 0.145 0.038 0.034
0 0.235 0.208 0.026 0.032
0 0.258 0.204 0.028 0.032
0 0.227 0.221 0.026 0.03
0 0.265 0.162 0.046 0.044
0 0.213 0.033 0.034 0.054
0 0.239 0.046 0.03 0.068
0 0.263 0.04 0.018 0.036
0 0.361 0.18 0.046 0.04
0 0.346 0.16 0.036 0.04
0 0.317 0.059 0.05 0.074
0 0.3 0.097 0.036 0.026
0 0.457 0.231 0.062 0.062
0 0.382 0.009 0.04 0.014
0 0.396 0.039 0.052 0.062
0 0.407 0.096 0.05 0.06
0 0.419 0.049 0.05 0.054
0 0.464 0.021 0.044 0.038
0 0.499 0.017 0.05 0.03
0 0.513 0.009 0.03 0.014
0 0.47 0.185 0.036 0.038
0 0.502 0.173 0.044 0.038
0 0.555 0.238 0.054 0.076
0 0.497 0.112 0.062 0.064
0 0.539 0.112 0.046 0.056
0 0.583 0.015 0.042 0.026
0 0.596 0.133 0.04 0.046
0 0.597 0.169 0.034 0.046
0 0.637 0.258 0.05 0.08
0 0.695 0.249 0.038 0.086
0 0.671 0.202 0.03 0.048
0 0.644 0.194 0.04 0.04
0 0.695 0.013 0.026 0.022
0 0.713 0.044 0.062 0.064
0 0.768 0.012 0.04 0.02
0 0.77 0.302 0.044 0.052
0 0.782 0.234 0.048 0.088
0 0.745 0.226 0.034 0.04
0 0.721 0.18 0.046 0.052
0 0.701 0.106 0.05 0.084
0 0.762 0.15 0.036 0.064
0 0.806 0.142 0.036 0.036
0 0.836 0.012 0.032 0.02
0 0.914 0.027 0.048 0.05
0 0.954 0.025 0.036 0.046
0 0.975 0.016 0.022 0.024
0 0.808 0.065 0.044 0.05
0 0.97 0.1 0.056 0.064
1 0.552 0.971 0.028 0.038
1 0.964 0.869 0.048 0.018
1 0.862 0.915 0.036 0.022
1 0.628 0.791 0.016 0.014
1 0.307 0.764 0.034 0.032
1 0.282 0.729 0.016 0.034
1 0.268 0.719 0.024 0.022
1 0.153 0.763 0.018 0.038
1 0.131 0.847 0.022 0.03
1 0.005 0.834 0.01 0.028
1 0.239 0.631 0.022 0.022
1 0.243 0.613 0.03 0.03
1 0.352 0.639 0.024 0.022
1 0.911 0.412 0.038 0.028
1 0.739 0.365 0.03 0.022
1 0.717 0.559 0.034 0.018
1 0.615 0.561 0.038 0.014
1 0.226 0.433 0.028 0.046
1 0.388 0.488 0.028 0.052
1 0.281 0.403 0.026 0.026
1 0.396 0.408 0.028 0.044
1 0.88 0.314 0.02 0.052
1 0.061 0.205 0.026 0.022
1 0.078 0.244 0.04 0.024
1 0.093 0.094 0.03 0.016
1 0.325 0.212 0.042 0.028
1 0.474 0.276 0.024 0.056
1 0.745 0.056 0.014 0.032
1 0.76 0.061 0.02 0.034
1 0.773 0.169 0.034 0.034
2 0.156 0.907 0.036 0.03
2 0.361 0.938 0.034 0.036
2 0.558 0.944 0.02 0.02
2 0.971 0.935 0.05 0.054
2 0.897 0.886 0.054 0.036
2 0.88 0.821 0.032 0.03
2 0.81 0.871 0.036 0.046
2 0.816 0.707 0.024 0.034
2 0.69 0.784 0.028 0.02
2 0.398 0.742 0.024 0.02
2 0.116 0.67 0.024 0.028
2 0.149 0.665 0.034 0.018
2 0.222 0.683 0.032 0.038
2 0.205 0.618 0.034 0.032
2 0.197 0.584 0.03 0.024
2 0.274 0.645 0.028 0.046
2 0.318 0.672 0.04 0.028
2 0.333 0.603 0.038 0.054
2 0.841 0.637 0.018 0.014
2 0.986 0.472 0.024 0.04
2 0.895 0.55 0.034 0.02
2 0.679 0.584 0.026 0.028
2 0.677 0.555 0.018 0.026
2 0.659 0.576 0.014 0.016
2 0.647 0.528 0.022 0.036
2 0.047 0.534 0.054 0.072
2 0.128 0.551 0.028 0.022
2 0.082 0.39 0.076 0.028
2 0.984 0.223 0.024 0.026
2 0.948 0.216 0.032 0.04
2 0.917 0.24 0.034 0.032
2 0.971 0.149 0.01 0.018
2 0.578 0.385 0.028 0.026
2 0.596 0.367 0.032 0.018
2 0.398 0.344 0.036 0.044
2 0.404 0.389 0.016 0.022
2 0.051 0.185 0.026 0.026
2 0.055 0.046 0.026 0.04
2 0.128 0.162 0.024 0.028
2 0.228 0.159 0.024 0.03
2 0.234 0.096 0.016 0.02
2 0.226 0.108 0.016 0.016
2 0.338 0.24 0.012 0.02
2 0.301 0.24 0.022 0.024
2 0.315 0.017 0.038 0.03
2 0.279 0.065 0.03 0.03
2 0.494 0.058 0.06 0.056
2 0.462 0.105 0.024 0.034
2 0.538 0.148 0.028 0.032
2 0.625 0.007 0.03 0.01
2 0.628 0.312 0.016 0.02
2 0.724 0.139 0.032 0.034
2 0.804 0.008 0.016 0.012
2 0.877 0.016 0.03 0.028
2 0.85 0.079 0.024 0.034
2 0.805 0.103 0.038 0.034
2 0.95 0.071 0.044 0.022
2 0.304 0.821 0.024 0.05
2 0.509 0.98 0.022 0.024