0 0.308 0.489 0.032 0.05
0 0.251 0.434 0.038 0.048
0 0.762 0.391 0.032 0.058
0 0.855 0.261 0.042 0.05
0 0.856 0.22 0.044 0.048
0 0.968 0.259 0.032 0.07
0 0.85 0.12 0.032 0.036
0 0.984 0.125 0.028 0.054
0 0.989 0.101 0.018 0.042
0 0.881 0.174 0.026 0.036
0 0.82 0.188 0.016 0.032
0 0.774 0.131 0.032 0.034
0 0.731 0.136 0.034 0.052
0 0.7 0.131 0.028 0.046
0 0.729 0.175 0.026 0.05
0 0.714 0.201 0.024 0.046
0 0.768 0.177 0.016 0.018
0 0.87 0.058 0.032 0.048
0 0.84 0.036 0.024 0.032
0 0.778 0.028 0.028 0.056
0 0.633 0.011 0.034 0.022
0 0.621 0.114 0.022 0.024
0 0.614 0.097 0.02 0.03
0 0.556 0.076 0.028 0.04
0 0.602 0.069 0.024 0.026
0 0.49 0.015 0.028 0.03
0 0.385 0.084 0.026 0.044
0 0.373 0.164 0.022 0.04
0 0.41 0.226 0.028 0.06
0 0.33 0.285 0.036 0.042
0 0.336 0.132 0.028 0.036
0 0.094 0.084 0.032 0.04
0 0.113 0.124 0.03 0.04
0 0.048 0.065 0.032 0.042
0 0.119 0.071 0.026 0.03
0 0.108 0.052 0.024 0.032
0 0.151 0.102 0.022 0.044
0 0.061 0.165 0.026 0.034
0 0.047 0.171 0.026 0.038
0 0.142 0.25 0.028 0.048
0 0.147 0.23 0.03 0.048
0 0.042 0.226 0.02 0.024
0 0.014 0.244 0.02 0.04
0 0.045 0.306 0.026 0.04
0 0.114 0.278 0.024 0.024
0 0.124 0.294 0.028 0.024
0 0.014 0.316 0.024 0.056
0 0.106 0.458 0.028 0.036
0 0.139 0.514 0.03 0.036
0 0.087 0.526 0.03 0.04
0 0.018 0.502 0.016 0.02
0 0.014 0.488 0.024 0.028
0 0.008 0.479 0.012 0.022
0 0.017 0.57 0.03 0.056
0 0.221 0.459 0.018 0.022
0 0.216 0.433 0.024 0.034
0 0.256 0.478 0.028 0.04
0 0.226 0.541 0.028 0.046
0 0.159 0.618 0.03 0.036
0 0.218 0.667 0.028 0.042
0 0.264 0.622 0.032 0.032
0 0.094 0.645 0.04 0.038
0 0.151 0.653 0.026 0.034
0 0.124 0.711 0.028 0.038
0 0.037 0.714 0.038 0.036
0 0.05 0.831 0.04 0.066
0 0.076 0.795 0.036 0.042
0 0.118 0.815 0.032 0.038
0 0.225 0.745 0.034 0.038
0 0.23 0.795 0.036 0.042
0 0.237 0.856 0.038 0.06
0 0.123 0.861 0.034 0.034
0 0.1 0.934 0.028 0.032
0 0.153 0.929 0.026 0.046
0 0.235 0.944 0.026 0.036
0 0.416 0.975 0.028 0.03
0 0.485 0.981 0.026 0.034
0 0.456 0.946 0.028 0.04
0 0.462 0.836 0.024 0.044
0 0.497 0.832 0.022 0.044
0 0.533 0.887 0.03 0.042
0 0.548 0.842 0.028 0.048
0 0.484 0.897 0.036 0.042
0 0.397 0.717 0.026 0.038
0 0.356 0.687 0.028 0.042
0 0.338 0.752 0.02 0.032
0 0.301 0.712 0.026 0.036
0 0.277 0.711 0.03 0.042
0 0.442 0.634 0.028 0.044
0 0.5 0.698 0.028 0.04
0 0.489 0.719 0.03 0.034
0 0.636 0.801 0.028 0.042
0 0.612 0.839 0.028 0.046
0 0.656 0.859 0.024 0.038
0 0.645 0.838 0.022 0.02
0 0.655 0.901 0.022 0.022
0 0.686 0.928 0.024 0.048
0 0.714 0.943 0.024 0.038
0 0.643 0.982 0.034 0.032
0 0.568 0.946 0.028 0.04
0 0.559 0.983 0.03 0.03
0 0.824 0.915 0.028 0.046
0 0.849 0.963 0.026 0.05
0 0.902 0.866 0.028 0.04
0 0.891 0.888 0.022 0.048
0 0.949 0.878 0.03 0.048
0 0.93 0.898 0.024 0.04
0 0.96 0.842 0.024 0.044
0 0.983 0.904 0.03 0.044
0 0.933 0.832 0.026 0.048
0 0.859 0.86 0.018 0.036
0 0.775 0.897 0.026 0.034
0 0.74 0.814 0.028 0.056
0 0.727 0.886 0.018 0.016
0 0.802 0.789 0.02 0.03
0 0.798 0.764 0.024 0.028
0 0.808 0.749 0.028 0.038
0 0.69 0.753 0.028 0.034
0 0.745 0.74 0.03 0.032
0 0.732 0.722 0.02 0.024
0 0.925 0.758 0.026 0.044
0 0.905 0.705 0.022 0.038
0 0.831 0.711 0.022 0.042
0 0.972 0.649 0.028 0.026
0 0.886 0.648 0.024 0.048
0 0.777 0.652 0.026 0.044
0 0.816 0.615 0.024 0.05
0 0.737 0.592 0.026 0.048
0 0.767 0.626 0.03 0.028
0 0.714 0.649 0.016 0.026
0 0.657 0.657 0.03 0.042
0 0.63 0.662 0.028 0.04
0 0.568 0.695 0.024 0.03
0 0.51 0.618 0.02 0.04
0 0.537 0.613 0.026 0.038
0 0.328 0.582 0.028 0.048
0 0.328 0.612 0.032 0.048
0 0.356 0.585 0.024 0.03
0 0.363 0.606 0.026 0.02
0 0.523 0.474 0.03 0.04
0 0.492 0.478 0.032 0.04
0 0.414 0.47 0.052 0.036
0 0.567 0.396 0.03 0.04
0 0.52 0.37 0.024 0.04
0 0.494 0.329 0.024 0.03
0 0.424 0.358 0.036 0.036
0 0.43 0.38 0.028 0.02
0 0.405 0.432 0.03 0.028
0 0.384 0.412 0.032 0.04
0 0.49 0.273 0.028 0.05
0 0.457 0.3 0.026 0.044
0 0.518 0.266 0.028 0.048
0 0.552 0.332 0.024 0.032
0 0.545 0.312 0.026 0.036
0 0.645 0.346 0.03 0.044
0 0.63 0.473 0.032 0.046
0 0.629 0.493 0.026 0.038
0 0.584 0.44 0.016 0.024
0 0.752 0.537 0.028 0.042
0 0.983 0.591 0.03 0.05
0 0.968 0.552 0.028 0.04
0 0.92 0.534 0.024 0.048
0 0.86 0.615 0.024 0.054
0 0.889 0.493 0.022 0.034
0 0.8 0.368 0.032 0.056
0 0.811 0.431 0.026 0.042
0 0.872 0.336 0.028 0.044
0 0.828 0.47 0.016 0.024
0 0.897 0.429 0.026 0.034
0 0.89 0.472 0.02 0.032
0 0.9 0.504 0.016 0.016
0 0.781 0.48 0.022 0.02
0 0.738 0.47 0.02 0.02
0 0.806 0.452 0.032 0.012
0 0.989 0.38 0.018 0.044
0 0.955 0.367 0.022 0.03
0 0.917 0.372 0.026 0.056
0 0.803 0.337 0.022 0.026
0 0.698 0.255 0.024 0.05
0 0.646 0.217 0.024 0.042
0 0.541 0.148 0.026 0.04
0 0.497 0.158 0.026 0.052
0 0.568 0.211 0.016 0.046
0 0.581 0.225 0.018 0.042
0 0.582 0.253 0.024 0.03
0 0.549 0.259 0.018 0.026
0 0.594 0.197 0.024 0.042
0 0.423 0.271 0.022 0.018
0 0.192 0.165 0.032 0.054
0 0.282 0.234 0.02 0.032
0 0.27 0.215 0.024 0.026
0 0.27 0.125 0.028 0.046
0 0.216 0.131 0.032 0.034
0 0.222 0.15 0.028 0.02
0 0.226 0.172 0.028 0.036
0 0.276 0.043 0.036 0.05
0 0.28 0.021 0.028 0.042
0 0.221 0.242 0.026 0.024
0 0.408 0.844 0.02 0.028
0 0.436 0.871 0.02 0.018
0 0.425 0.886 0.014 0.016
0 0.378 0.834 0.02 0.028
0 0.392 0.909 0.02 0.022
0 0.313 0.937 0.034 0.046
0 0.465 0.918 0.026 0.04
0 0.152 0.985 0.032 0.026
0 0.1 0.903 0.036 0.038
0 0.009 0.973 0.014 0.034
0 0.033 0.986 0.022 0.02
0 0.107 0.968 0.018 0.024
0 0.209 0.916 0.026 0.028
0 0.125 0.759 0.026 0.034
0 0.052 0.689 0.016 0.022
0 0.006 0.647 0.008 0.034
0 0.128 0.681 0.016 0.014
0 0.253 0.669 0.022 0.026
0 0.701 0.781 0.014 0.022
0 0.568 0.918 0.032 0.036
0 0.325 0.885 0.022 0.03
0 0.215 0.817 0.022 0.022
0 0.501 0.752 0.018 0.036
0 0.588 0.796 0.016 0.028
0 0.892 0.777 0.028 0.038
0 0.256 0.094 0.02 0.02
0 0.103 0.391 0.018 0.026
0 0.065 0.326 0.038 0.024
1 0.444 0.104 0.016 0.016
1 0.343 0.156 0.022 0.012
1 0.089 0.208 0.014 0.016
1 0.981 0.942 0.014 0.012
1 0.503 0.596 0.014 0.016
1 0.533 0.591 0.014 0.01
1 0.37 0.559 0.016 0.022
1 0.508 0.356 0.012 0.02
1 0.41 0.339 0.02 0.018
1 0.663 0.373 0.018 0.014
1 0.921 0.586 0.018 0.02
1 0.906 0.341 0.02 0.022
1 0.456 0.217 0.02 0.018
1 0.275 0.383 0.022 0.018
1 0.163 0.858 0.018 0.02
1 0.27 0.791 0.02 0.022
1 0.668 0.958 0.016 0.02
1 0.686 0.61 0.024 0.024
1 0.517 0.56 0.022 0.024
2 0.914 0.258 0.028 0.036
2 0.76 0.058 0.028 0.044
2 0.039 0.099 0.026 0.038
2 0.01 0.346 0.016 0.036
2 0.019 0.539 0.03 0.038
2 0.995 0.974 0.006 0.028
2 0.979 0.97 0.022 0.012
2 0.918 0.991 0.016 0.014
2 0.907 0.979 0.014 0.018
2 0.871 0.923 0.018 0.018
2 0.802 0.933 0.024 0.038
2 0.766 0.863 0.012 0.022
2 0.811 0.869 0.014 0.014
2 0.802 0.84 0.012 0.016
2 0.969 0.689 0.03 0.03
2 0.835 0.739 0.014 0.014
2 0.818 0.724 0.016 0.016
2 0.588 0.691 0.032 0.034
2 0.56 0.647 0.016 0.026
2 0.48 0.629 0.02 0.026
2 0.428 0.59 0.02 0.024
2 0.462 0.361 0.02 0.034
2 0.474 0.39 0.02 0.02
2 0.621 0.407 0.022 0.026
2 0.664 0.415 0.028 0.042
2 0.591 0.339 0.026 0.038
2 0.947 0.607 0.022 0.022
2 0.981 0.535 0.026 0.026
2 0.767 0.454 0.022 0.028
2 0.974 0.358 0.02 0.044
2 0.853 0.396 0.014 0.04
2 0.752 0.265 0.032 0.046
2 0.605 0.247 0.018 0.022
2 0.456 0.158 0.024 0.02
2 0.3 0.015 0.02 0.03
2 0.159 0.018 0.022 0.036
2 0.438 0.95 0.024 0.028
2 0.049 0.909 0.026 0.03
2 0.187 0.931 0.014 0.042
2 0.32 0.646 0.016 0.028
2 0.107 0.59 0.022 0.032
2 0.688 0.797 0.024 0.042
2 0.714 0.809 0.024 0.034
2 0.623 0.946 0.014 0.024
2 0.336 0.907 0.028 0.038
2 0.299 0.962 0.022 0.024
2 0.322 0.973 0.016 0.026
2 0.551 0.862 0.038 0.036
2 0.556 0.807 0.032 0.042
2 0.711 0.745 0.022 0.022
2 0.802 0.673 0.032 0.026
2 0.408 0.681 0.024 0.034
2 0.457 0.024 0.026 0.044
2 0.193 0.02 0.026 0.04
2 0.343 0.18 0.018 0.024
2 0.363 0.011 0.022 0.022
2 0.256 0.289 0.028 0.034