0 0.925 0.263 0.054 0.05
0 0.856 0.05 0.06 0.052
0 0.765 0.067 0.054 0.058
0 0.95 0.121 0.036 0.046
0 0.975 0.208 0.034 0.052
0 0.906 0.22 0.048 0.032
0 0.842 0.126 0.036 0.052
0 0.694 0.161 0.032 0.034
0 0.667 0.119 0.05 0.042
0 0.626 0.206 0.072 0.044
0 0.559 0.22 0.042 0.036
0 0.494 0.173 0.06 0.03
0 0.477 0.137 0.058 0.042
0 0.776 0.451 0.068 0.046
0 0.753 0.396 0.054 0.04
0 0.707 0.351 0.038 0.062
0 0.669 0.41 0.054 0.048
0 0.577 0.392 0.038 0.04
0 0.558 0.454 0.056 0.044
0 0.58 0.492 0.048 0.032
0 0.595 0.527 0.054 0.054
0 0.552 0.526 0.056 0.052
0 0.57 0.571 0.056 0.034
0 0.486 0.539 0.048 0.042
0 0.493 0.574 0.054 0.032
0 0.443 0.574 0.046 0.04
0 0.47 0.631 0.048 0.042
0 0.407 0.655 0.046 0.038
0 0.832 0.874 0.028 0.032
0 0.744 0.911 0.048 0.058
0 0.791 0.934 0.062 0.044
0 0.605 0.905 0.07 0.05
0 0.629 0.802 0.05 0.04
0 0.589 0.782 0.05 0.04
0 0.548 0.805 0.044 0.034
0 0.518 0.797 0.04 0.034
0 0.454 0.777 0.044 0.038
0 0.45 0.81 0.056 0.04
0 0.436 0.834 0.052 0.032
0 0.425 0.871 0.05 0.03
0 0.291 0.935 0.058 0.042
0 0.851 0.532 0.046 0.048
0 0.91 0.588 0.044 0.044
0 0.881 0.63 0.05 0.036
0 0.914 0.644 0.032 0.028
0 0.832 0.578 0.056 0.056
0 0.768 0.547 0.076 0.062
0 0.756 0.583 0.048 0.046
0 0.701 0.624 0.046 0.048
0 0.664 0.591 0.048 0.034
0 0.658 0.611 0.024 0.018
0 0.824 0.715 0.064 0.058
0 0.769 0.714 0.054 0.052
0 0.743 0.693 0.026 0.034
0 0.542 0.731 0.068 0.038
0 0.461 0.73 0.046 0.04
0 0.384 0.693 0.052 0.034
0 0.606 0.657 0.052 0.042
0 0.542 0.647 0.052 0.046
0 0.949 0.713 0.074 0.074
0 0.959 0.796 0.042 0.056
0 0.931 0.865 0.038 0.05
0 0.892 0.862 0.04 0.028
0 0.807 0.765 0.034 0.034
0 0.603 0.836 0.054 0.044
0 0.572 0.834 0.032 0.028
0 0.472 0.945 0.056 0.034
0 0.437 0.958 0.05 0.044
0 0.404 0.955 0.024 0.038
0 0.738 0.868 0.044 0.028
0 0.73 0.847 0.044 0.022
0 0.705 0.897 0.022 0.038
0 0.658 0.951 0.052 0.038
0 0.617 0.981 0.054 0.034
0 0.508 0.982 0.036 0.032
0 0.236 0.883 0.056 0.034
0 0.113 0.871 0.05 0.038
0 0.04 0.868 0.06 0.036
0 0.063 0.817 0.054 0.034
0 0.059 0.781 0.034 0.034
0 0.035 0.771 0.046 0.034
0 0.483 0.485 0.054 0.042
0 0.461 0.447 0.054 0.042
0 0.386 0.416 0.052 0.036
0 0.399 0.384 0.042 0.028
0 0.352 0.389 0.052 0.034
0 0.326 0.448 0.04 0.04
0 0.377 0.486 0.046 0.032
0 0.355 0.47 0.034 0.032
0 0.321 0.796 0.054 0.036
0 0.342 0.779 0.052 0.034
0 0.372 0.758 0.044 0.032
0 0.29 0.808 0.032 0.024
0 0.202 0.772 0.06 0.032
0 0.37 0.555 0.04 0.042
0 0.34 0.575 0.036 0.042
0 0.312 0.552 0.048 0.044
0 0.246 0.557 0.052 0.05
0 0.208 0.669 0.06 0.034
0 0.233 0.707 0.058 0.034
0 0.29 0.719 0.048 0.038
0 0.149 0.843 0.058 0.038
0 0.144 0.87 0.036 0.036
0 0.098 0.923 0.06 0.03
0 0.166 0.948 0.06 0.044
0 0.036 0.976 0.068 0.044
0 0.343 0.622 0.046 0.036
0 0.266 0.491 0.056 0.03
0 0.226 0.47 0.048 0.036
0 0.206 0.437 0.04 0.042
0 0.127 0.431 0.058 0.038
0 0.045 0.444 0.058 0.044
0 0.068 0.48 0.08 0.036
0 0.218 0.61 0.044 0.02
0 0.119 0.613 0.054 0.03
0 0.084 0.6 0.052 0.032
0 0.041 0.582 0.05 0.036
0 0.042 0.546 0.06 0.032
0 0.203 0.242 0.042 0.032
0 0.176 0.22 0.044 0.036
0 0.14 0.229 0.036 0.038
0 0.102 0.249 0.04 0.038
0 0.061 0.246 0.046 0.036
0 0.093 0.12 0.05 0.036
0 0.068 0.153 0.068 0.05
0 0.085 0.177 0.046 0.022
0 0.073 0.674 0.05 0.036
0 0.086 0.693 0.064 0.042
0 0.096 0.747 0.048 0.038
0 0.178 0.899 0.056 0.03
0 0.149 0.533 0.046 0.022
0 0.127 0.559 0.078 0.03
0 0.212 0.182 0.06 0.04
0 0.259 0.184 0.034 0.032
0 0.292 0.225 0.048 0.038
0 0.349 0.279 0.054 0.03
0 0.258 0.249 0.032 0.038
0 0.233 0.257 0.018 0.034
0 0.238 0.32 0.028 0.052
0 0.213 0.323 0.034 0.062
0 0.125 0.361 0.042 0.046
0 0.237 0.393 0.054 0.038
0 0.035 0.31 0.066 0.048
0 0.799 0.335 0.062 0.066
0 0.918 0.329 0.076 0.078
0 0.859 0.381 0.062 0.054
0 0.8 0.289 0.032 0.026
0 0.674 0.258 0.04 0.036
0 0.678 0.289 0.044 0.042
0 0.485 0.324 0.05 0.048
0 0.453 0.291 0.05 0.05
0 0.55 0.023 0.048 0.034
0 0.508 0.056 0.052 0.048
0 0.477 0.09 0.046 0.048
0 0.388 0.062 0.04 0.06
0 0.371 0.189 0.042 0.038
0 0.434 0.207 0.056 0.042
0 0.272 0.064 0.048 0.06
0 0.299 0.055 0.022 0.054
0 0.166 0.102 0.08 0.072
0 0.575 0.105 0.038 0.058
0 0.556 0.133 0.036 0.038
0 0.583 0.144 0.026 0.024
0 0.425 0.158 0.042 0.036
0 0.825 0.189 0.03 0.03
0 0.73 0.157 0.04 0.034
0 0.793 0.157 0.074 0.038
0 0.897 0.046 0.026 0.04
0 0.037 0.084 0.07 0.056
0 0.601 0.301 0.054 0.07
0 0.464 0.365 0.032 0.046
0 0.96 0.471 0.048 0.05
0 0.926 0.946 0.052 0.056
0 0.216 0.967 0.044 0.038
0 0.227 0.988 0.05 0.02
1 0.843 0.077 0.022 0.022
1 0.957 0.173 0.018 0.034
1 0.797 0.406 0.03 0.028
1 0.557 0.418 0.018 0.024
1 0.429 0.627 0.022 0.026
1 0.805 0.908 0.018 0.02
1 0.784 0.861 0.02 0.026
1 0.399 0.896 0.022 0.02
1 0.33 0.935 0.016 0.03
1 0.871 0.564 0.03 0.024
1 0.745 0.642 0.022 0.028
1 0.669 0.497 0.026 0.026
1 0.646 0.521 0.02 0.022
1 0.647 0.551 0.022 0.018
1 0.808 0.647 0.02 0.03
1 0.663 0.703 0.03 0.018
1 0.597 0.722 0.034 0.024
1 0.544 0.616 0.008 0.012
1 0.534 0.617 0.012 0.014
1 0.919 0.427 0.038 0.026
1 0.892 0.443 0.024 0.026
1 0.849 0.442 0.03 0.032
1 0.965 0.832 0.018 0.02
1 0.959 0.845 0.022 0.014
1 0.964 0.87 0.024 0.032
1 0.859 0.77 0.026 0.04
1 0.568 0.88 0.028 0.024
1 0.552 0.895 0.028 0.026
1 0.494 0.907 0.044 0.018
1 0.345 0.955 0.038 0.022
1 0.704 0.952 0.016 0.028
1 0.689 0.906 0.018 0.024
1 0.679 0.873 0.022 0.026
1 0.516 0.469 0.02 0.022
1 0.304 0.608 0.032 0.024
1 0.284 0.581 0.028 0.026
1 0.197 0.696 0.026 0.024
1 0.102 0.969 0.028 0.034
1 0.084 0.981 0.024 0.03
1 0.078 0.58 0.008 0.016
1 0.13 0.137 0.02 0.046
1 0.143 0.91 0.018 0.016
1 0.22 0.79 0.024 0.02
1 0.258 0.215 0.032 0.026
1 0.24 0.351 0.016 0.018
1 0.197 0.397 0.022 0.018
1 0.022 0.38 0.02 0.02
1 0.166 0.29 0.024 0.036
1 0.823 0.299 0.014 0.03
1 0.686 0.242 0.024 0.016
1 0.752 0.26 0.02 0.02
1 0.761 0.2 0.022 0.02
1 0.53 0.344 0.028 0.016
1 0.536 0.361 0.028 0.014
1 0.546 0.321 0.02 0.034
1 0.526 0.312 0.02 0.028
1 0.572 0.301 0.028 0.03
1 0.386 0.327 0.024 0.03
1 0.399 0.356 0.022 0.024
1 0.405 0.326 0.014 0.036
1 0.327 0.062 0.018 0.028
1 0.36 0.099 0.02 0.042
1 0.323 0.125 0.022 0.026
1 0.357 0.163 0.018 0.022
1 0.397 0.209 0.018 0.018
1 0.221 0.083 0.022 0.03
1 0.648 0.054 0.032 0.052
1 0.713 0.102 0.014 0.032
1 0.964 0.074 0.024 0.028
1 0.16 0.145 0.028 0.022
1 0.317 0.244 0.034 0.02
1 0.719 0.2 0.03 0.044
1 0.727 0.225 0.026 0.05
1 0.914 0.057 0.016 0.034
1 0.457 0.03 0.034 0.024
1 0.561 0.176 0.018 0.024
1 0.321 0.137 0.046 0.026
1 0.741 0.365 0.014 0.018
1 0.966 0.292 0.024 0.036
1 0.97 0.511 0.012 0.026
1 0.966 0.497 0.012 0.022
1 0.079 0.454 0.014 0.024
1 0.819 0.782 0.026 0.024
1 0.864 0.955 0.02 0.026
1 0.983 0.969 0.022 0.026
2 0.694 0.714 0.02 0.028
2 0.416 0.981 0.032 0.018
2 0.194 0.849 0.02 0.018
2 0.388 0.267 0.016 0.018
2 0.33 0.196 0.02 0.024
2 0.531 0.114 0.034 0.044
2 0.057 0.117 0.014 0.014
2 0.038 0.119 0.02 0.01
2 0.742 0.329 0.012 0.022
2 0.717 0.316 0.018 0.02
2 0.496 0.366 0.024 0.02
2 0.354 0.341 0.012 0.022
2 0.288 0.414 0.012 0.016
2 0.38 0.29 0.024 0.024
2 0.323 0.867 0.026 0.022
2 0.927 0.487 0.034 0.022
2 0.019 0.465 0.014 0.014
2 0.044 0.907 0.02 0.018
2 0.054 0.92 0.016 0.016