0 0.42 0.579 0.056 0.046
0 0.629 0.654 0.062 0.048
0 0.679 0.665 0.046 0.042
0 0.651 0.697 0.03 0.042
0 0.701 0.701 0.07 0.046
0 0.68 0.583 0.072 0.05
0 0.54 0.563 0.052 0.038
0 0.572 0.544 0.048 0.048
0 0.533 0.535 0.03 0.022
0 0.428 0.488 0.044 0.06
0 0.658 0.513 0.04 0.054
0 0.806 0.483 0.072 0.05
0 0.73 0.463 0.028 0.05
0 0.682 0.391 0.052 0.046
0 0.865 0.454 0.046 0.036
0 0.832 0.422 0.06 0.04
0 0.777 0.351 0.07 0.042
0 0.857 0.305 0.102 0.062
0 0.667 0.258 0.062 0.056
0 0.862 0.244 0.02 0.032
0 0.893 0.245 0.034 0.026
0 0.796 0.184 0.04 0.068
0 0.845 0.177 0.042 0.042
0 0.75 0.069 0.064 0.046
0 0.824 0.03 0.088 0.048
0 0.839 0.091 0.058 0.038
0 0.753 0.111 0.038 0.038
0 0.971 0.15 0.054 0.056
0 0.564 0.801 0.064 0.062
0 0.667 0.815 0.062 0.042
0 0.798 0.862 0.06 0.052
0 0.778 0.801 0.056 0.042
0 0.834 0.742 0.052 0.056
0 0.926 0.7 0.052 0.056
0 0.966 0.416 0.052 0.04
0 0.9 0.375 0.048 0.034
0 0.236 0.221 0.06 0.05
0 0.12 0.147 0.044 0.038
0 0.156 0.168 0.048 0.04
0 0.207 0.15 0.042 0.044
0 0.031 0.223 0.038 0.034
0 0.057 0.167 0.054 0.034
0 0.013 0.133 0.026 0.046
0 0.035 0.128 0.026 0.04
0 0.155 0.095 0.042 0.042
0 0.319 0.05 0.042 0.044
0 0.343 0.309 0.042 0.05
0 0.353 0.241 0.042 0.038
0 0.306 0.161 0.056 0.038
0 0.442 0.123 0.064 0.046
0 0.514 0.023 0.056 0.042
0 0.557 0.077 0.062 0.054
0 0.459 0.312 0.066 0.044
0 0.458 0.252 0.04 0.028
0 0.608 0.107 0.036 0.034
0 0.394 0.852 0.036 0.04
0 0.408 0.82 0.036 0.044
0 0.373 0.744 0.042 0.064
0 0.418 0.729 0.04 0.046
0 0.454 0.782 0.044 0.036
0 0.972 0.953 0.052 0.046
0 0.948 0.821 0.052 0.042
0 0.47 0.914 0.06 0.064
0 0.45 0.978 0.036 0.04
0 0.65 0.975 0.044 0.034
0 0.223 0.948 0.05 0.04
0 0.302 0.976 0.056 0.036
0 0.344 0.91 0.048 0.036
0 0.284 0.92 0.036 0.028
0 0.164 0.946 0.044 0.032
0 0.151 0.912 0.042 0.032
0 0.254 0.854 0.032 0.036
0 0.287 0.858 0.034 0.032
0 0.328 0.833 0.044 0.034
0 0.197 0.967 0.026 0.022
0 0.031 0.838 0.042 0.032
0 0.057 0.863 0.03 0.03
0 0.115 0.824 0.038 0.036
0 0.036 0.763 0.036 0.042
0 0.025 0.619 0.034 0.034
0 0.079 0.648 0.046 0.04
0 0.109 0.682 0.038 0.032
0 0.083 0.712 0.046 0.032
0 0.162 0.712 0.036 0.032
0 0.028 0.546 0.04 0.036
0 0.101 0.555 0.038 0.03
0 0.126 0.545 0.032 0.034
0 0.175 0.756 0.042 0.036
0 0.229 0.777 0.042 0.046
0 0.177 0.662 0.05 0.032
0 0.269 0.57 0.042 0.044
0 0.192 0.576 0.036 0.044
0 0.198 0.491 0.04 0.05
0 0.184 0.431 0.036 0.042
0 0.231 0.407 0.042 0.034
0 0.276 0.446 0.032 0.056
0 0.38 0.417 0.04 0.05
0 0.012 0.48 0.024 0.04
0 0.052 0.5 0.036 0.032
0 0.096 0.496 0.036 0.036
0 0.033 0.403 0.038 0.03
0 0.097 0.442 0.03 0.032
0 0.126 0.362 0.036 0.032
0 0.201 0.345 0.038 0.034
0 0.123 0.277 0.034 0.046
0 0.169 0.283 0.034 0.038
0 0.36 0.623 0.064 0.042
0 0.1 0.764 0.036 0.028
0 0.118 0.718 0.028 0.028
0 0.161 0.382 0.038 0.028
0 0.247 0.354 0.03 0.036
0 0.244 0.074 0.044 0.028
1 0.608 0.614 0.028 0.02
1 0.589 0.391 0.018 0.022
1 0.656 0.366 0.028 0.028
1 0.823 0.441 0.01 0.018
1 0.672 0.229 0.008 0.014
1 0.704 0.211 0.02 0.022
1 0.762 0.223 0.04 0.022
1 0.714 0.143 0.02 0.022
1 0.788 0.763 0.032 0.018
1 0.889 0.78 0.018 0.032
1 0.801 0.562 0.026 0.02
1 0.927 0.579 0.018 0.022
1 0.962 0.529 0.024 0.018
1 0.987 0.516 0.022 0.024
1 0.966 0.381 0.02 0.022
1 0.969 0.339 0.026 0.022
1 0.193 0.179 0.022 0.026
1 0.241 0.153 0.018 0.022
1 0.24 0.027 0.024 0.018
1 0.25 0.014 0.032 0.016
1 0.32 0.303 0.02 0.03
1 0.421 0.216 0.034 0.02
1 0.423 0.287 0.026 0.022
1 0.429 0.075 0.046 0.022
1 0.556 0.029 0.024 0.022
1 0.61 0.021 0.024 0.026
1 0.982 0.884 0.028 0.016
1 0.574 0.919 0.02 0.022
1 0.568 0.863 0.052 0.03
1 0.619 0.879 0.026 0.026
1 0.656 0.885 0.02 0.03
1 0.473 0.989 0.018 0.018
1 0.487 0.981 0.018 0.018
1 0.127 0.938 0.026 0.028
1 0.148 0.97 0.024 0.012
1 0.013 0.865 0.022 0.022
1 0.071 0.534 0.03 0.02
1 0.249 0.732 0.018 0.032
1 0.176 0.474 0.012 0.032
1 0.356 0.471 0.02 0.038
1 0.371 0.543 0.026 0.022
1 0.364 0.645 0.028 0.018
1 0.665 0.774 0.03 0.024
1 0.386 0.926 0.016 0.016
1 0.205 0.643 0.018 0.03
1 0.633 0.746 0.022 0.016
1 0.012 0.705 0.024 0.018
1 0.016 0.647 0.02 0.022
1 0.167 0.621 0.026 0.018
1 0.276 0.369 0.024 0.014
1 0.071 0.276 0.022 0.032
1 0.345 0.107 0.026 0.03
1 0.211 0.086 0.026 0.028
1 0.539 0.323 0.018 0.038
1 0.801 0.223 0.034 0.026
1 0.646 0.134 0.032 0.016
1 0.641 0.118 0.014 0.02
1 0.913 0.064 0.022 0.032
2 0.954 0.299 0.016 0.03
2 0.281 0.042 0.03 0.028
2 0.218 0.011 0.02 0.018
2 0.473 0.212 0.042 0.032
2 0.896 0.848 0.02 0.02
2 0.766 0.667 0.036 0.026
2 0.734 0.946 0.052 0.04
2 0.293 0.823 0.022 0.026
2 0.315 0.393 0.034 0.03
2 0.345 0.392 0.018 0.024
2 0.133 0.857 0.03 0.034
2 0.089 0.851 0.022 0.022
2 0.084 0.869 0.012 0.014
2 0.068 0.733 0.016 0.018
2 0.146 0.695 0.008 0.014
2 0.13 0.783 0.032 0.03
2 0.189 0.792 0.026 0.024
2 0.243 0.804 0.01 0.012
2 0.295 0.755 0.026 0.062
2 0.32 0.737 0.012 0.022
2 0.274 0.619 0.016 0.014
2 0.413 0.635 0.038 0.022
2 0.785 0.391 0.038 0.014
2 0.084 0.388 0.02 0.032
2 0.097 0.375 0.014 0.034
2 0.168 0.359 0.036 0.018
2 0.166 0.227 0.04 0.03
2 0.448 0.375 0.032 0.018
2 0.538 0.378 0.008 0.012
2 0.564 0.243 0.04 0.066
2 0.23 0.048 0.02 0.016
2 0.247 0.053 0.018 0.014
2 0.244 0.116 0.024 0.024
2 0.36 0.135 0.028 0.014
2 0.333 0.131 0.014 0.01
2 0.406 0.117 0.028 0.026
2 0.41 0.147 0.024 0.018
2 0.735 0.177 0.054 0.054
2 0.783 0.127 0.038 0.042