0 0.217 0.463 0.07 0.074
0 0.133 0.341 0.038 0.054
0 0.117 0.398 0.042 0.068
0 0.155 0.371 0.042 0.058
0 0.212 0.364 0.04 0.036
0 0.273 0.401 0.074 0.09
0 0.341 0.451 0.042 0.054
0 0.311 0.432 0.058 0.072
0 0.38 0.4 0.052 0.048
0 0.417 0.436 0.05 0.056
0 0.488 0.449 0.056 0.07
0 0.518 0.382 0.06 0.06
0 0.56 0.451 0.04 0.042
0 0.408 0.498 0.056 0.052
0 0.434 0.531 0.04 0.046
0 0.502 0.55 0.036 0.044
0 0.531 0.55 0.026 0.044
0 0.616 0.48 0.04 0.048
0 0.647 0.463 0.046 0.09
0 0.7 0.475 0.044 0.07
0 0.744 0.464 0.044 0.056
0 0.033 0.257 0.038 0.05
0 0.177 0.19 0.05 0.092
0 0.219 0.21 0.034 0.06
0 0.251 0.243 0.042 0.066
0 0.123 0.093 0.042 0.054
0 0.19 0.096 0.076 0.104
0 0.032 0.165 0.06 0.054
0 0.086 0.22 0.044 0.064
0 0.134 0.24 0.06 0.088
0 0.173 0.272 0.034 0.064
0 0.283 0.147 0.066 0.07
0 0.437 0.345 0.074 0.046
0 0.434 0.306 0.068 0.056
0 0.383 0.259 0.062 0.118
0 0.429 0.233 0.026 0.07
0 0.433 0.083 0.074 0.094
0 0.424 0.043 0.04 0.05
0 0.342 0.045 0.036 0.042
0 0.257 0.112 0.03 0.036
0 0.372 0.195 0.068 0.094
0 0.644 0.096 0.084 0.1
0 0.547 0.285 0.054 0.106
0 0.582 0.281 0.04 0.042
0 0.861 0.024 0.022 0.044
0 0.875 0.072 0.042 0.044
0 0.924 0.076 0.028 0.052
0 0.751 0.197 0.046 0.058
0 0.713 0.262 0.046 0.092
0 0.781 0.331 0.046 0.066
0 0.86 0.346 0.064 0.08
0 0.899 0.174 0.05 0.04
0 0.905 0.221 0.078 0.086
0 0.913 0.295 0.078 0.078
0 0.79 0.089 0.048 0.082
0 0.841 0.128 0.038 0.044
0 0.962 0.078 0.048 0.072
0 0.95 0.124 0.036 0.04
0 0.316 0.374 0.036 0.032
0 0.876 0.493 0.04 0.05
0 0.926 0.469 0.06 0.09
0 0.809 0.55 0.054 0.084
0 0.264 0.596 0.048 0.068
0 0.327 0.624 0.046 0.064
0 0.142 0.458 0.052 0.044
0 0.124 0.505 0.064 0.058
0 0.193 0.516 0.046 0.04
0 0.112 0.556 0.036 0.04
0 0.079 0.567 0.03 0.038
0 0.06 0.67 0.04 0.052
0 0.046 0.734 0.044 0.04
0 0.08 0.708 0.044 0.04
0 0.111 0.676 0.058 0.06
0 0.38 0.736 0.056 0.052
0 0.419 0.748 0.038 0.048
0 0.404 0.791 0.044 0.062
0 0.48 0.771 0.048 0.054
0 0.519 0.704 0.046 0.04
0 0.55 0.724 0.04 0.032
0 0.614 0.674 0.052 0.052
0 0.618 0.579 0.056 0.046
0 0.441 0.692 0.054 0.048
0 0.52 0.644 0.06 0.072
0 0.532 0.113 0.036 0.03
0 0.532 0.054 0.048 0.06
0 0.315 0.23 0.05 0.088
0 0.161 0.794 0.046 0.068
0 0.062 0.843 0.028 0.038
0 0.082 0.859 0.044 0.05
0 0.067 0.892 0.042 0.044
0 0.104 0.921 0.06 0.05
0 0.142 0.962 0.044 0.044
0 0.161 0.918 0.046 0.04
0 0.285 0.967 0.046 0.054
0 0.319 0.86 0.042 0.096
0 0.376 0.855 0.044 0.05
0 0.239 0.727 0.038 0.042
0 0.29 0.744 0.052 0.04
0 0.015 0.972 0.03 0.048
0 0.445 0.867 0.042 0.062
0 0.554 0.883 0.044 0.042
0 0.51 0.865 0.036 0.034
0 0.633 0.758 0.038 0.056
0 0.669 0.756 0.034 0.06
0 0.649 0.802 0.038 0.048
0 0.823 0.792 0.054 0.056
0 0.927 0.768 0.042 0.052
0 0.832 0.682 0.06 0.12
0 0.924 0.698 0.048 0.04
0 0.936 0.679 0.028 0.034
0 0.927 0.595 0.054 0.078
0 0.952 0.636 0.048 0.04
0 0.736 0.668 0.048 0.052
0 0.605 0.891 0.03 0.03
0 0.678 0.912 0.048 0.044
0 0.483 0.892 0.034 0.04
0 0.504 0.898 0.032 0.032
0 0.293 0.062 0.054 0.076
0 0.314 0.018 0.056 0.036
0 0.346 0.094 0.052 0.056
0 0.852 0.934 0.04 0.06
0 0.906 0.941 0.032 0.038
0 0.393 0.968 0.038 0.048
0 0.415 0.97 0.03 0.052
0 0.966 0.9 0.028 0.04
0 0.987 0.888 0.022 0.044
0 0.963 0.829 0.03 0.054
1 0.564 0.405 0.02 0.046
1 0.453 0.543 0.022 0.022
1 0.553 0.499 0.022 0.038
1 0.681 0.429 0.03 0.03
1 0.761 0.453 0.01 0.01
1 0.243 0.287 0.026 0.026
1 0.27 0.281 0.024 0.022
1 0.305 0.32 0.026 0.028
1 0.331 0.295 0.03 0.038
1 0.14 0.126 0.024 0.032
1 0.244 0.054 0.028 0.032
1 0.118 0.181 0.028 0.022
1 0.083 0.18 0.038 0.028
1 0.111 0.185 0.022 0.022
1 0.039 0.109 0.038 0.034
1 0.196 0.27 0.016 0.024
1 0.32 0.128 0.02 0.032
1 0.395 0.138 0.03 0.02
1 0.377 0.346 0.022 0.028
1 0.449 0.272 0.03 0.016
1 0.452 0.255 0.028 0.022
1 0.473 0.209 0.03 0.034
1 0.477 0.128 0.05 0.024
1 0.46 0.152 0.02 0.024
1 0.222 0.156 0.028 0.028
1 0.663 0.324 0.038 0.028
1 0.723 0.345 0.026 0.034
1 0.687 0.377 0.026 0.03
1 0.763 0.391 0.026 0.03
1 0.767 0.421 0.026 0.022
1 0.787 0.397 0.018 0.03
1 0.899 0.119 0.022 0.022
1 0.926 0.126 0.024 0.024
1 0.742 0.276 0.024 0.024
1 0.876 0.406 0.024 0.016
1 0.923 0.417 0.022 0.022
1 0.762 0.099 0.02 0.026
1 0.838 0.093 0.02 0.026
1 0.821 0.109 0.022 0.026
1 0.835 0.168 0.038 0.016
1 0.937 0.16 0.018 0.02
1 0.951 0.174 0.01 0.02
1 0.963 0.173 0.01 0.022
1 0.633 0.194 0.022 0.036
1 0.686 0.157 0.024 0.026
1 0.58 0.223 0.024 0.066
1 0.856 0.435 0.024 0.046
1 0.876 0.449 0.02 0.026
1 0.901 0.453 0.014 0.034
1 0.762 0.592 0.024 0.028
1 0.803 0.606 0.018 0.032
1 0.756 0.562 0.02 0.024
1 0.381 0.574 0.018 0.032
1 0.27 0.532 0.032 0.032
1 0.209 0.571 0.026 0.03
1 0.106 0.596 0.024 0.028
1 0.161 0.667 0.034 0.034
1 0.153 0.719 0.026 0.03
1 0.647 0.661 0.01 0.014
1 0.617 0.612 0.026 0.028
1 0.712 0.585 0.024 0.034
1 0.644 0.592 0.028 0.028
1 0.495 0.092 0.026 0.028
1 0.521 0.088 0.018 0.02
1 0.209 0.924 0.014 0.024
1 0.198 0.933 0.012 0.022
1 0.217 0.977 0.01 0.018
1 0.208 0.981 0.008 0.014
1 0.32 0.918 0.036 0.028
1 0.303 0.715 0.022 0.026
1 0.082 0.426 0.012 0.012
1 0.09 0.436 0.012 0.012
1 0.073 0.46 0.018 0.024
1 0.146 0.614 0.032 0.036
1 0.129 0.626 0.014 0.02
1 0.076 0.743 0.04 0.022
1 0.135 0.771 0.018 0.03
1 0.018 0.776 0.028 0.02
1 0.022 0.865 0.02 0.038
1 0.047 0.932 0.01 0.028
1 0.048 0.969 0.028 0.026
1 0.035 0.981 0.014 0.018
1 0.018 0.916 0.016 0.02
1 0.029 0.936 0.018 0.02
1 0.279 0.851 0.03 0.018
1 0.223 0.829 0.018 0.018
1 0.215 0.849 0.01 0.022
1 0.239 0.834 0.014 0.02
1 0.229 0.859 0.022 0.034
1 0.26 0.874 0.02 0.024
1 0.347 0.904 0.026 0.032
1 0.716 0.752 0.016 0.036
1 0.74 0.754 0.02 0.028
1 0.832 0.821 0.04 0.026
1 0.901 0.759 0.01 0.026
1 0.917 0.743 0.022 0.026
1 0.975 0.572 0.018 0.044
1 0.965 0.541 0.026 0.034
1 0.765 0.692 0.026 0.024
1 0.515 0.838 0.018 0.02
1 0.547 0.773 0.022 0.026
1 0.551 0.753 0.018 0.014
1 0.321 0.075 0.018 0.026
1 0.83 0.479 0.02 0.026
1 0.848 0.481 0.012 0.022
1 0.604 0.552 0.02 0.024
1 0.717 0.555 0.022 0.018
1 0.807 0.914 0.026 0.028
1 0.9 0.907 0.024 0.022
1 0.912 0.964 0.036 0.016
1 0.931 0.946 0.022 0.028
2 0.832 0.314 0.032 0.04
2 0.859 0.276 0.038 0.048
2 0.845 0.245 0.03 0.03
2 0.787 0.245 0.022 0.038
2 0.323 0.72 0.03 0.032
2 0.107 0.77 0.046 0.036
2 0.251 0.916 0.01 0.016
2 0.739 0.8 0.042 0.056
2 0.511 0.185 0.074 0.066
2 0.607 0.422 0.026 0.036
2 0.495 0.507 0.018 0.014
2 0.835 0.598 0.022 0.036
2 0.775 0.956 0.018 0.02
2 0.789 0.937 0.026 0.022
2 0.743 0.899 0.014 0.018
2 0.947 0.887 0.022 0.022
2 0.903 0.617 0.014 0.034
2 0.583 0.755 0.022 0.054
2 0.806 0.689 0.012 0.018
2 0.499 0.58 0.014 0.016
2 0.507 0.577 0.006 0.014