0 0.962 0.938 0.036 0.028
0 0.97 0.896 0.028 0.032
0 0.918 0.98 0.04 0.028
0 0.746 0.865 0.044 0.046
0 0.801 0.764 0.046 0.044
0 0.81 0.747 0.028 0.034
0 0.839 0.65 0.042 0.036
0 0.719 0.602 0.042 0.036
0 0.763 0.573 0.042 0.042
0 0.736 0.545 0.036 0.054
0 0.592 0.622 0.044 0.04
0 0.622 0.685 0.032 0.022
0 0.637 0.754 0.038 0.032
0 0.602 0.834 0.032 0.036
0 0.496 0.88 0.04 0.032
0 0.421 0.864 0.03 0.024
0 0.442 0.843 0.036 0.03
0 0.398 0.801 0.032 0.03
0 0.485 0.819 0.034 0.026
0 0.348 0.833 0.044 0.026
0 0.379 0.934 0.034 0.032
0 0.316 0.907 0.044 0.038
0 0.259 0.903 0.042 0.026
0 0.201 0.947 0.046 0.038
0 0.205 0.979 0.046 0.038
0 0.259 0.706 0.042 0.032
0 0.144 0.7 0.04 0.04
0 0.183 0.811 0.046 0.03
0 0.135 0.852 0.058 0.032
0 0.93 0.128 0.052 0.052
0 0.68 0.107 0.044 0.05
0 0.616 0.18 0.044 0.044
0 0.498 0.174 0.044 0.036
0 0.422 0.18 0.044 0.036
0 0.36 0.132 0.036 0.044
0 0.277 0.11 0.042 0.024
0 0.189 0.121 0.034 0.03
0 0.253 0.054 0.038 0.028
0 0.162 0.055 0.032 0.034
0 0.475 0.063 0.042 0.03
0 0.421 0.015 0.038 0.026
0 0.82 0.988 0.032 0.02
0 0.763 0.961 0.034 0.03
0 0.723 0.963 0.018 0.018
0 0.644 0.98 0.032 0.024
0 0.64 0.994 0.036 0.008
0 0.866 0.56 0.044 0.048
0 0.85 0.546 0.024 0.028
0 0.931 0.473 0.038 0.038
0 0.882 0.476 0.036 0.032
0 0.815 0.469 0.034 0.022
0 0.559 0.287 0.026 0.03
0 0.47 0.298 0.036 0.028
0 0.425 0.339 0.034 0.03
0 0.351 0.376 0.034 0.028
0 0.31 0.378 0.036 0.032
0 0.36 0.334 0.044 0.044
0 0.37 0.307 0.064 0.03
0 0.248 0.368 0.036 0.028
0 0.194 0.378 0.032 0.036
0 0.264 0.438 0.036 0.028
0 0.172 0.353 0.036 0.034
0 0.153 0.283 0.034 0.022
0 0.136 0.233 0.032 0.03
0 0.028 0.398 0.048 0.048
0 0.05 0.435 0.048 0.034
0 0.141 0.426 0.038 0.028
0 0.113 0.469 0.038 0.022
0 0.117 0.451 0.054 0.03
0 0.462 0.224 0.044 0.028
0 0.57 0.959 0.052 0.05
0 0.068 0.811 0.048 0.026
0 0.039 0.885 0.05 0.026
0 0.079 0.897 0.058 0.026
0 0.06 0.979 0.044 0.022
0 0.755 0.314 0.046 0.052
0 0.682 0.365 0.052 0.038
0 0.347 0.512 0.03 0.028
0 0.174 0.598 0.04 0.028
0 0.443 0.623 0.034 0.026
0 0.276 0.157 0.036 0.022
0 0.227 0.171 0.034 0.03
0 0.158 0.182 0.036 0.028
0 0.142 0.152 0.028 0.024
0 0.969 0.823 0.038 0.034
0 0.992 0.77 0.012 0.036
0 0.994 0.735 0.008 0.018
0 0.991 0.688 0.014 0.024
0 0.703 0.491 0.042 0.034
0 0.217 0.76 0.038 0.028
0 0.09 0.727 0.048 0.026
0 0.069 0.669 0.054 0.034
0 0.059 0.627 0.054 0.038
0 0.139 0.623 0.038 0.026
0 0.218 0.611 0.04 0.026
0 0.96 0.996 0.032 0.004
0 0.86 0.692 0.024 0.02
0 0.977 0.427 0.014 0.014
0 0.987 0.271 0.022 0.042
0 0.921 0.362 0.018 0.02
0 0.959 0.179 0.022 0.03
0 0.926 0.214 0.052 0.036
0 0.996 0.041 0.004 0.026
0 0.909 0.008 0.038 0.012
0 0.879 0.007 0.026 0.01
0 0.822 0.055 0.036 0.034
0 0.836 0.135 0.052 0.066
0 0.768 0.045 0.02 0.022
0 0.747 0.055 0.026 0.026
0 0.65 0.023 0.036 0.03
0 0.621 0.076 0.034 0.028
0 0.353 0.068 0.038 0.02
0 0.101 0.004 0.026 0.004
0 0.095 0.045 0.026 0.026
0 0.081 0.052 0.018 0.024
0 0.008 0.082 0.012 0.016
0 0.01 0.156 0.016 0.028
0 0.071 0.144 0.038 0.032
0 0.063 0.177 0.018 0.022
0 0.036 0.186 0.032 0.028
0 0.318 0.195 0.044 0.022
0 0.61 0.235 0.016 0.022
0 0.614 0.259 0.02 0.014
0 0.644 0.307 0.02 0.022
0 0.406 0.235 0.04 0.03
0 0.014 0.279 0.024 0.026
0 0.869 0.345 0.038 0.046
0 0.837 0.341 0.054 0.046
0 0.796 0.351 0.036 0.05
0 0.484 0.383 0.044 0.046
0 0.513 0.403 0.042 0.05
0 0.669 0.411 0.038 0.038
0 0.034 0.579 0.044 0.03
0 0.094 0.583 0.06 0.03
0 0.317 0.461 0.042 0.026
0 0.398 0.499 0.044 0.022
0 0.494 0.5 0.04 0.024
0 0.576 0.506 0.032 0.028
0 0.775 0.677 0.03 0.026
0 0.669 0.791 0.03 0.022
0 0.662 0.826 0.028 0.016
0 0.029 0.952 0.03 0.036
0 0.007 0.941 0.01 0.03
0 0.481 0.692 0.042 0.02
0 0.478 0.604 0.032 0.032
0 0.373 0.688 0.03 0.02
0 0.326 0.662 0.032 0.024
0 0.363 0.595 0.046 0.03
0 0.405 0.555 0.03 0.03
0 0.391 0.534 0.038 0.02
0 0.33 0.56 0.04 0.028
0 0.268 0.565 0.036 0.03
1 0.905 0.898 0.026 0.016
1 0.833 0.878 0.022 0.024
1 0.842 0.83 0.016 0.012
1 0.779 0.615 0.018 0.018
1 0.852 0.624 0.02 0.012
1 0.688 0.912 0.016 0.016
1 0.706 0.922 0.024 0.016
1 0.227 0.81 0.018 0.016
1 0.887 0.854 0.018 0.024
1 0.897 0.823 0.01 0.006
1 0.861 0.821 0.018 0.022
1 0.802 0.874 0.012 0.008
1 0.783 0.981 0.014 0.018
1 0.595 0.995 0.026 0.006
1 0.986 0.557 0.008 0.034
1 0.946 0.296 0.032 0.024
1 0.941 0.36 0.014 0.016
1 0.997 0.149 0.002 0.026
1 0.681 0.075 0.022 0.018
1 0.599 0.015 0.042 0.018
1 0.738 0.153 0.016 0.018
1 0.7 0.178 0.024 0.02
1 0.086 0.164 0.032 0.02
1 0.192 0.15 0.02 0.016
1 0.375 0.186 0.022 0.02
1 0.634 0.22 0.02 0.016
1 0.684 0.234 0.016 0.012
1 0.086 0.31 0.028 0.024
1 0.72 0.427 0.02 0.026
1 0.779 0.502 0.018 0.016
1 0.601 0.412 0.018 0.028
1 0.581 0.445 0.022 0.014
1 0.542 0.46 0.028 0.012
1 0.126 0.546 0.02 0.016
1 0.185 0.495 0.018 0.014
1 0.645 0.572 0.022 0.02
1 0.671 0.625 0.014 0.01
1 0.763 0.641 0.026 0.022
1 0.727 0.752 0.022 0.024
1 0.626 0.915 0.016 0.014
1 0.556 0.906 0.016 0.016
1 0.459 0.918 0.038 0.024
1 0.245 0.968 0.03 0.016
1 0.137 0.991 0.01 0.01
1 0.007 0.834 0.01 0.024
1 0.565 0.818 0.018 0.02
1 0.539 0.772 0.018 0.036
1 0.529 0.639 0.026 0.018
1 0.555 0.621 0.022 0.014
1 0.36 0.71 0.016 0.016
1 0.34 0.706 0.016 0.016
1 0.364 0.734 0.016 0.012
1 0.449 0.778 0.014 0.012
1 0.258 0.553 0.012 0.014
1 0.28 0.532 0.028 0.02
1 0.684 0.719 0.012 0.014
1 0.53 0.451 0.012 0.014
1 0.539 0.438 0.014 0.008
2 0.904 0.955 0.028 0.018
2 0.833 0.916 0.026 0.016
2 0.07 0.85 0.04 0.024
2 0.989 0.865 0.018 0.022
2 0.98 0.589 0.012 0.026
2 0.996 0.602 0.004 0.02
2 0.885 0.73 0.026 0.032
2 0.893 0.587 0.022 0.022
2 0.878 0.584 0.016 0.016
2 0.951 0.405 0.022 0.058
2 0.993 0.369 0.01 0.026
2 0.873 0.096 0.018 0.016
2 0.739 0.01 0.038 0.016
2 0.531 0.124 0.03 0.028
2 0.267 0.007 0.038 0.01
2 0.395 0.062 0.018 0.016
2 0.442 0.098 0.04 0.024
2 0.048 0.049 0.032 0.022
2 0.53 0.223 0.02 0.014
2 0.111 0.278 0.022 0.016
2 0.18 0.297 0.024 0.018
2 0.203 0.33 0.01 0.008
2 0.262 0.256 0.024 0.024
2 0.596 0.458 0.016 0.02
2 0.041 0.517 0.03 0.022
2 0.006 0.567 0.008 0.022
2 0.135 0.517 0.026 0.014
2 0.529 0.529 0.026 0.018
2 0.611 0.542 0.022 0.024
2 0.797 0.409 0.022 0.03
2 0.733 0.637 0.022 0.014
2 0.736 0.818 0.024 0.036
2 0.421 0.983 0.018 0.014
2 0.435 0.966 0.018 0.016
2 0.436 0.996 0.032 0.004
2 0.123 0.929 0.038 0.022
2 0.35 0.771 0.048 0.03
2 0.333 0.794 0.026 0.02
2 0.524 0.656 0.032 0.016
2 0.598 0.751 0.016 0.022
2 0.604 0.794 0.016 0.008
2 0.896 0.229 0.016 0.014