0 0.471 0.029 0.034 0.058
0 0.015 0.038 0.03 0.048
0 0.02 0.124 0.04 0.036
0 0.785 0.087 0.038 0.062
0 0.808 0.126 0.04 0.048
0 0.855 0.092 0.042 0.056
0 0.916 0.098 0.044 0.056
0 0.962 0.128 0.04 0.056
0 0.746 0.049 0.04 0.086
0 0.887 0.022 0.03 0.044
0 0.529 0.024 0.03 0.048
0 0.592 0.013 0.04 0.026
0 0.626 0.054 0.032 0.06
0 0.652 0.14 0.036 0.052
0 0.299 0.027 0.034 0.054
0 0.344 0.04 0.04 0.072
0 0.064 0.013 0.032 0.026
0 0.194 0.096 0.044 0.036
0 0.17 0.151 0.04 0.058
0 0.247 0.182 0.038 0.052
0 0.31 0.105 0.032 0.042
0 0.335 0.149 0.042 0.046
0 0.372 0.1 0.032 0.052
0 0.509 0.182 0.038 0.056
0 0.555 0.22 0.034 0.056
0 0.493 0.086 0.038 0.048
0 0.059 0.226 0.042 0.068
0 0.091 0.31 0.038 0.044
0 0.058 0.346 0.024 0.048
0 0.101 0.365 0.038 0.062
0 0.192 0.312 0.044 0.056
0 0.371 0.217 0.042 0.05
0 0.301 0.385 0.042 0.074
0 0.352 0.349 0.036 0.05
0 0.342 0.394 0.04 0.06
0 0.315 0.3 0.034 0.036
0 0.312 0.341 0.032 0.054
0 0.464 0.245 0.04 0.058
0 0.422 0.25 0.024 0.04
0 0.787 0.221 0.042 0.062
0 0.95 0.253 0.036 0.05
0 0.959 0.34 0.038 0.068
0 0.982 0.347 0.032 0.062
0 0.985 0.421 0.026 0.042
0 0.849 0.222 0.034 0.044
0 0.593 0.351 0.038 0.066
0 0.525 0.285 0.042 0.054
0 0.87 0.368 0.044 0.056
0 0.734 0.407 0.036 0.054
0 0.774 0.408 0.036 0.04
0 0.789 0.289 0.034 0.042
0 0.828 0.344 0.028 0.056
0 0.85 0.418 0.028 0.036
0 0.808 0.383 0.028 0.05
0 0.765 0.843 0.038 0.046
0 0.825 0.776 0.046 0.056
0 0.029 0.583 0.046 0.074
0 0.063 0.519 0.042 0.05
0 0.081 0.568 0.038 0.056
0 0.108 0.546 0.032 0.048
0 0.05 0.772 0.048 0.056
0 0.141 0.735 0.038 0.054
0 0.081 0.659 0.022 0.046
0 0.248 0.416 0.036 0.06
0 0.303 0.508 0.038 0.052
0 0.162 0.423 0.036 0.054
0 0.186 0.445 0.032 0.038
0 0.188 0.419 0.032 0.026
0 0.103 0.469 0.034 0.038
0 0.126 0.581 0.036 0.042
0 0.247 0.732 0.046 0.064
0 0.226 0.657 0.032 0.038
0 0.193 0.656 0.038 0.04
0 0.477 0.5 0.046 0.052
0 0.537 0.482 0.046 0.052
0 0.624 0.483 0.044 0.058
0 0.583 0.506 0.034 0.036
0 0.676 0.492 0.044 0.068
0 0.721 0.534 0.038 0.052
0 0.711 0.584 0.038 0.048
0 0.378 0.516 0.04 0.048
0 0.395 0.569 0.042 0.066
0 0.407 0.615 0.034 0.042
0 0.407 0.665 0.034 0.042
0 0.469 0.613 0.038 0.054
0 0.502 0.569 0.028 0.066
0 0.024 0.894 0.032 0.052
0 0.08 0.894 0.052 0.056
0 0.151 0.971 0.05 0.054
0 0.097 0.965 0.03 0.038
0 0.158 0.933 0.032 0.034
0 0.04 0.99 0.032 0.016
0 0.214 0.914 0.028 0.04
0 0.271 0.932 0.042 0.052
0 0.289 0.907 0.026 0.05
0 0.272 0.869 0.048 0.038
0 0.225 0.824 0.038 0.04
0 0.326 0.809 0.036 0.05
0 0.349 0.753 0.03 0.054
0 0.419 0.814 0.034 0.04
0 0.349 0.703 0.038 0.042
0 0.391 0.48 0.034 0.052
0 0.467 0.421 0.042 0.054
0 0.613 0.714 0.042 0.048
0 0.57 0.691 0.044 0.034
0 0.566 0.724 0.032 0.032
0 0.625 0.664 0.042 0.04
0 0.677 0.696 0.038 0.048
0 0.692 0.748 0.036 0.048
0 0.722 0.742 0.032 0.044
0 0.472 0.741 0.028 0.038
0 0.506 0.654 0.032 0.04
0 0.936 0.544 0.036 0.06
0 0.884 0.498 0.032 0.056
0 0.846 0.569 0.032 0.046
0 0.92 0.639 0.044 0.034
0 0.923 0.673 0.042 0.046
0 0.863 0.806 0.03 0.036
0 0.878 0.835 0.028 0.038
0 0.81 0.833 0.028 0.03
0 0.779 0.89 0.042 0.036
0 0.736 0.904 0.036 0.04
0 0.786 0.942 0.036 0.036
0 0.355 0.954 0.034 0.044
0 0.41 0.912 0.036 0.04
0 0.369 0.921 0.03 0.03
0 0.344 0.908 0.024 0.036
0 0.317 0.984 0.03 0.028
0 0.411 0.982 0.05 0.032
0 0.525 0.947 0.05 0.042
0 0.57 0.87 0.036 0.048
0 0.603 0.981 0.042 0.034
0 0.607 0.939 0.038 0.042
0 0.518 0.853 0.036 0.042
0 0.564 0.987 0.048 0.022
0 0.676 0.88 0.052 0.032
0 0.671 0.976 0.038 0.036
0 0.682 0.822 0.04 0.036
0 0.657 0.795 0.038 0.038
0 0.784 0.693 0.04 0.046
0 0.933 0.885 0.05 0.038
0 0.974 0.783 0.048 0.082
0 0.916 0.798 0.036 0.044
0 0.695 0.948 0.026 0.028
0 0.811 0.927 0.034 0.034
0 0.584 0.959 0.028 0.022
0 0.944 0.962 0.028 0.032
0 0.982 0.987 0.032 0.026
0 0.762 0.987 0.048 0.022
0 0.819 0.992 0.03 0.012
0 0.852 0.993 0.028 0.01
0 0.99 0.867 0.016 0.042
0 0.793 0.566 0.042 0.048
0 0.859 0.537 0.03 0.054
1 0.85 0.037 0.024 0.03
1 0.934 0.081 0.024 0.022
1 0.927 0.054 0.034 0.016
1 0.358 0.008 0.012 0.016
1 0.347 0.01 0.01 0.02
1 0.131 0.086 0.022 0.02
1 0.222 0.103 0.024 0.038
1 0.192 0.07 0.024 0.02
1 0.141 0.142 0.022 0.032
1 0.143 0.163 0.014 0.022
1 0.124 0.15 0.016 0.024
1 0.386 0.173 0.02 0.034
1 0.441 0.17 0.026 0.036
1 0.42 0.131 0.02 0.05
1 0.42 0.182 0.012 0.024
1 0.431 0.174 0.01 0.024
1 0.161 0.297 0.022 0.022
1 0.317 0.253 0.022 0.022
1 0.877 0.231 0.022 0.026
1 0.871 0.405 0.022 0.018
1 0.76 0.426 0.016 0.02
1 0.449 0.34 0.022 0.044
1 0.592 0.284 0.028 0.04
1 0.671 0.292 0.022 0.036
1 0.008 0.751 0.016 0.022
1 0.025 0.71 0.022 0.024
1 0.046 0.717 0.016 0.042
1 0.099 0.668 0.022 0.024
1 0.07 0.64 0.016 0.028
1 0.312 0.463 0.016 0.026
1 0.289 0.465 0.022 0.026
1 0.055 0.447 0.014 0.018
1 0.075 0.429 0.01 0.018
1 0.07 0.446 0.016 0.016
1 0.125 0.611 0.022 0.01
1 0.429 0.641 0.022 0.022
1 0.113 0.952 0.018 0.036
1 0.153 0.84 0.026 0.024
1 0.271 0.799 0.026 0.022
1 0.335 0.773 0.018 0.026
1 0.328 0.722 0.024 0.024
1 0.434 0.44 0.024 0.032
1 0.743 0.295 0.022 0.022
1 0.535 0.69 0.022 0.028
1 0.534 0.724 0.02 0.028
1 0.438 0.703 0.028 0.026
1 0.474 0.685 0.024 0.026
1 0.332 0.503 0.024 0.026
1 0.75 0.489 0.024 0.026
1 0.76 0.462 0.028 0.02
1 0.553 0.559 0.022 0.046
1 0.844 0.601 0.032 0.022
1 0.897 0.588 0.026 0.024
1 0.894 0.923 0.024 0.026
1 0.986 0.91 0.024 0.016
1 0.928 0.927 0.02 0.014
1 0.958 0.908 0.012 0.012
1 0.93 0.912 0.024 0.012
1 0.903 0.913 0.022 0.022
1 0.418 0.938 0.016 0.012
1 0.432 0.928 0.012 0.028
1 0.384 0.88 0.024 0.032
1 0.492 0.907 0.02 0.034
1 0.662 0.912 0.028 0.024
1 0.568 0.782 0.032 0.024
1 0.645 0.885 0.01 0.018
1 0.769 0.772 0.026 0.044
1 0.825 0.7 0.03 0.02
1 0.802 0.657 0.02 0.018
1 0.933 0.746 0.018 0.036
1 0.73 0.955 0.016 0.01
1 0.832 0.877 0.02 0.018
1 0.845 0.899 0.022 0.018
1 0.909 0.994 0.026 0.008
1 0.965 0.877 0.022 0.026
1 0.978 0.857 0.016 0.022
1 0.874 0.661 0.028 0.03
1 0.858 0.65 0.028 0.032
1 0.891 0.667 0.03 0.034
1 0.694 0.638 0.016 0.02
1 0.768 0.612 0.028 0.024
1 0.957 0.638 0.026 0.044
1 0.927 0.161 0.018 0.014
1 0.94 0.17 0.02 0.02
2 0.194 0.036 0.02 0.032
2 0.08 0.149 0.024 0.042
2 0.111 0.158 0.018 0.024
2 0.225 0.175 0.018 0.042
2 0.43 0.332 0.016 0.02
2 0.49 0.31 0.012 0.044
2 0.478 0.295 0.024 0.03
2 0.63 0.241 0.012 0.01
2 0.729 0.192 0.01 0.008
2 0.705 0.387 0.034 0.05
2 0.106 0.719 0.02 0.026
2 0.194 0.252 0.012 0.028
2 0.192 0.72 0.02 0.02
2 0.143 0.684 0.022 0.028
2 0.155 0.694 0.022 0.012
2 0.526 0.674 0.024 0.04
2 0.43 0.683 0.02 0.034
2 0.43 0.758 0.012 0.028
2 0.486 0.83 0.02 0.036
2 0.466 0.884 0.028 0.036
2 0.889 0.777 0.026 0.026
2 0.585 0.918 0.026 0.036
2 0.812 0.484 0.028 0.02
2 0.823 0.467 0.026 0.022
2 0.838 0.485 0.024 0.03
2 0.988 0.485 0.02 0.034
2 0.622 0.62 0.016 0.016
2 0.62 0.538 0.028 0.056
2 0.677 0.929 0.034 0.026
2 0.24 0.602 0.036 0.048
2 0.313 0.583 0.014 0.022
2 0.367 0.578 0.018 0.032
2 0.362 0.598 0.012 0.012
2 0.222 0.693 0.008 0.018
2 0.26 0.695 0.032 0.014
2 0.24 0.903 0.02 0.026
2 0.841 0.82 0.022 0.012
2 0.856 0.881 0.024 0.014
2 0.256 0.515 0.016 0.022
2 0.617 0.136 0.022 0.044
2 0.953 0.174 0.006 0.02