0 0.072 0.824 0.04 0.036
0 0.037 0.891 0.038 0.042
0 0.011 0.923 0.022 0.034
0 0.114 0.78 0.048 0.032
0 0.208 0.752 0.052 0.064
0 0.318 0.838 0.06 0.068
0 0.271 0.901 0.042 0.038
0 0.264 0.962 0.048 0.056
0 0.327 0.977 0.046 0.042
0 0.435 0.939 0.058 0.054
0 0.55 0.858 0.06 0.052
0 0.474 0.813 0.056 0.042
0 0.639 0.841 0.05 0.066
0 0.701 0.841 0.046 0.046
0 0.775 0.851 0.046 0.062
0 0.829 0.919 0.05 0.046
0 0.784 0.965 0.04 0.05
0 0.925 0.953 0.062 0.046
0 0.927 0.904 0.062 0.044
0 0.95 0.809 0.064 0.062
0 0.889 0.751 0.054 0.05
0 0.873 0.655 0.054 0.058
0 0.743 0.699 0.058 0.062
0 0.695 0.758 0.058 0.06
0 0.542 0.693 0.088 0.086
0 0.627 0.513 0.066 0.05
0 0.666 0.468 0.036 0.04
0 0.753 0.47 0.05 0.052
0 0.798 0.422 0.056 0.048
0 0.843 0.399 0.034 0.03
0 0.931 0.485 0.05 0.038
0 0.961 0.408 0.05 0.064
0 0.941 0.293 0.042 0.042
0 0.963 0.275 0.03 0.034
0 0.807 0.324 0.042 0.048
0 0.725 0.324 0.046 0.056
0 0.585 0.376 0.034 0.044
0 0.709 0.403 0.046 0.05
0 0.768 0.247 0.068 0.066
0 0.874 0.25 0.044 0.044
0 0.903 0.228 0.042 0.04
0 0.944 0.141 0.056 0.07
0 0.868 0.044 0.056 0.052
0 0.71 0.078 0.06 0.044
0 0.669 0.042 0.054 0.06
0 0.564 0.106 0.052 0.064
0 0.49 0.112 0.04 0.04
0 0.461 0.015 0.05 0.026
0 0.409 0.077 0.054 0.042
0 0.533 0.038 0.07 0.064
0 0.23 0.086 0.04 0.036
0 0.143 0.119 0.074 0.07
0 0.028 0.122 0.056 0.072
0 0.031 0.2 0.062 0.064
0 0.11 0.187 0.068 0.054
0 0.083 0.27 0.042 0.04
0 0.163 0.232 0.05 0.056
0 0.166 0.184 0.056 0.056
0 0.328 0.115 0.056 0.058
0 0.338 0.161 0.048 0.054
0 0.38 0.166 0.028 0.044
0 0.412 0.312 0.052 0.044
0 0.33 0.348 0.064 0.056
0 0.336 0.399 0.056 0.038
0 0.418 0.46 0.056 0.044
0 0.491 0.491 0.046 0.046
0 0.46 0.526 0.044 0.052
0 0.268 0.523 0.068 0.054
0 0.085 0.594 0.058 0.044
0 0.058 0.551 0.048 0.05
0 0.063 0.524 0.05 0.044
0 0.028 0.488 0.04 0.036
0 0.046 0.437 0.044 0.042
0 0.09 0.404 0.06 0.04
0 0.121 0.48 0.054 0.044
0 0.229 0.683 0.042 0.05
0 0.363 0.695 0.038 0.05
0 0.392 0.841 0.084 0.054
0 0.588 0.837 0.044 0.058
0 0.641 0.978 0.042 0.04
0 0.716 0.913 0.036 0.026
0 0.512 0.649 0.056 0.058
0 0.726 0.601 0.064 0.066
0 0.865 0.597 0.05 0.054
0 0.967 0.532 0.062 0.056
0 0.817 0.628 0.054 0.064
0 0.693 0.557 0.078 0.094
0 0.845 0.716 0.046 0.048
0 0.905 0.705 0.046 0.05
0 0.116 0.548 0.06 0.044
0 0.165 0.524 0.054 0.044
0 0.279 0.591 0.05 0.03
0 0.382 0.594 0.056 0.048
0 0.355 0.619 0.046 0.038
0 0.42 0.537 0.036 0.046
0 0.262 0.471 0.064 0.054
0 0.222 0.497 0.04 0.082
0 0.187 0.267 0.062 0.058
0 0.293 0.263 0.046 0.046
0 0.022 0.303 0.044 0.042
0 0.161 0.032 0.07 0.056
0 0.258 0.019 0.048 0.034
0 0.299 0.012 0.054 0.02
0 0.42 0.239 0.052 0.046
0 0.461 0.352 0.046 0.052
0 0.485 0.236 0.034 0.044
0 0.981 0.32 0.034 0.052
0 0.241 0.28 0.074 0.056
0 0.429 0.169 0.054 0.058
0 0.095 0.9 0.05 0.052
0 0.083 0.969 0.05 0.054
0 0.049 0.977 0.034 0.042
0 0.221 0.903 0.042 0.042
0 0.206 0.936 0.02 0.024
0 0.277 0.792 0.038 0.028
0 0.28 0.816 0.044 0.04
0 0.008 0.788 0.016 0.036
0 0.142 0.686 0.02 0.04
0 0.26 0.609 0.036 0.038
0 0.339 0.703 0.03 0.054
0 0.517 0.972 0.054 0.052
0 0.776 0.621 0.048 0.042
0 0.159 0.603 0.022 0.022
0 0.177 0.443 0.026 0.03
0 0.221 0.435 0.022 0.022
0 0.051 0.385 0.034 0.038
0 0.022 0.527 0.028 0.022
0 0.148 0.324 0.02 0.024
0 0.102 0.313 0.024 0.018
0 0.336 0.926 0.016 0.016
0 0.32 0.922 0.016 0.016
0 0.454 0.99 0.028 0.016
0 0.477 0.987 0.022 0.022
0 0.497 0.972 0.03 0.028
0 0.522 0.832 0.048 0.036
0 0.875 0.112 0.026 0.024
0 0.923 0.067 0.022 0.034
0 0.881 0.019 0.018 0.022
0 0.501 0.217 0.03 0.026
0 0.445 0.276 0.022 0.02
0 0.397 0.394 0.026 0.016
0 0.418 0.392 0.016 0.02
0 0.278 0.334 0.028 0.028
0 0.039 0.046 0.022 0.028
0 0.076 0.02 0.032 0.024
0 0.285 0.069 0.026 0.022
0 0.103 0.627 0.022 0.026
0 0.122 0.696 0.02 0.04
0 0.06 0.935 0.028 0.022
0 0.316 0.772 0.028 0.024
0 0.828 0.462 0.048 0.052
0 0.823 0.993 0.042 0.01
0 0.906 0.991 0.048 0.014
0 0.61 0.752 0.024 0.024
0 0.836 0.746 0.016 0.024
0 0.819 0.746 0.01 0.02
0 0.994 0.606 0.008 0.04
0 0.827 0.547 0.022 0.038
0 0.601 0.568 0.022 0.024
0 0.445 0.583 0.026 0.038
0 0.548 0.598 0.036 0.036
0 0.544 0.569 0.016 0.022
0 0.81 0.263 0.012 0.026
0 0.819 0.259 0.01 0.022
0 0.709 0.156 0.03 0.02
0 0.694 0.174 0.028 0.02
0 0.595 0.268 0.03 0.032
0 0.576 0.197 0.02 0.018
0 0.72 0.009 0.04 0.014
0 0.849 0.146 0.022 0.028
0 0.99 0.246 0.016 0.036
0 0.987 0.216 0.022 0.036
0 0.941 0.384 0.018 0.024
0 0.86 0.282 0.024 0.028
0 0.006 0.459 0.012 0.018
0 0.02 0.427 0.036 0.026
0 0.301 0.896 0.018 0.024
0 0.319 0.945 0.014 0.014
0 0.331 0.94 0.022 0.016
0 0.407 0.706 0.022 0.024
0 0.971 0.626 0.038 0.024
0 0.664 0.362 0.036 0.036
0 0.254 0.209 0.028 0.018
0 0.242 0.179 0.016 0.026
0 0.258 0.159 0.02 0.054
0 0.184 0.392 0.024 0.02
0 0.191 0.376 0.03 0.024
0 0.356 0.653 0.028 0.018
0 0.338 0.663 0.016 0.014
0 0.38 0.518 0.024 0.02
0 0.395 0.508 0.01 0.012
0 0.564 0.494 0.036 0.056
0 0.522 0.586 0.02 0.024
0 0.502 0.609 0.024 0.018
0 0.912 0.801 0.052 0.046
0 0.39 0.727 0.036 0.034
0 0.402 0.203 0.032 0.022
0 0.679 0.196 0.014 0.044
0 0.959 0.645 0.034 0.026
0 0.902 0.567 0.024 0.026
0 0.524 0.322 0.028 0.024
0 0.807 0.359 0.022 0.026
0 0.905 0.09 0.038 0.032
0 0.301 0.029 0.03 0.014
0 0.002 0.328 0.004 0.016
0 0.983 0.196 0.03 0.036
0 0.981 0.171 0.03 0.038
0 0.414 0.595 0.044 0.054
0 0.258 0.735 0.036 0.066
0 0.629 0.702 0.034 0.052
0 0.608 0.357 0.048 0.05
1 0.657 0.266 0.026 0.012
1 0.688 0.25 0.016 0.016
1 0.394 0.045 0.012 0.018
1 0.429 0.095 0.03 0.03
1 0.161 0.897 0.006 0.014
1 0.575 0.74 0.014 0.024
1 0.693 0.697 0.014 0.022
1 0.895 0.854 0.014 0.012
1 0.478 0.309 0.008 0.01
1 0.463 0.287 0.01 0.01
1 0.571 0.265 0.01 0.01
1 0.579 0.274 0.014 0.012
1 0.629 0.119 0.014 0.014
1 0.669 0.111 0.014 0.01
1 0.586 0.057 0.008 0.01
1 0.952 0.207 0.008 0.006
1 0.948 0.211 0.004 0.006
1 0.175 0.477 0.01 0.01
1 0.325 0.954 0.006 0.012
1 0.189 0.357 0.018 0.006
1 0.208 0.384 0.012 0.012
1 0.316 0.735 0.008 0.006
1 0.697 0.24 0.01 0.008
1 0.773 0.184 0.014 0.016
1 0.163 0.852 0.01 0.008
1 0.219 0.858 0.018 0.024
1 0.788 0.178 0.012 0.016
1 0.589 0.041 0.006 0.01
1 0.995 0.646 0.006 0.02
1 0.905 0.357 0.014 0.026
1 0.056 0.042 0.008 0.02
1 0.311 0.962 0.01 0.008
1 0.762 0.386 0.012 0.02
1 0.644 0.521 0.016 0.01
1 0.099 0.433 0.014 0.018
1 0.845 0.117 0.014 0.022
1 0.85 0.126 0.012 0.016
1 0.47 0.059 0.024 0.018
1 0.911 0.775 0.01 0.022
1 0.219 0.366 0.018 0.016
2 0.291 0.101 0.006 0.006
2 0.274 0.054 0.008 0.008
2 0.333 0.301 0.006 0.01
2 0.228 0.324 0.012 0.004
2 0.236 0.312 0.012 0.008
2 0.154 0.851 0.004 0.01
2 0.161 0.841 0.006 0.01
2 0.172 0.848 0.008 0.012
2 0.178 0.873 0.004 0.006
2 0.019 0.996 0.026 0.004
2 0.492 0.877 0.024 0.006
2 0.503 0.911 0.014 0.01
2 0.53 0.891 0.008 0.01
2 0.203 0.854 0.014 0.016
2 0.241 0.847 0.018 0.018
2 0.136 0.629 0.02 0.01
2 0.139 0.622 0.01 0.004
2 0.774 0.357 0.008 0.01
2 0.838 0.346 0.008 0.02
2 0.947 0.339 0.014 0.018
2 0.843 0.309 0.018 0.014
2 0.119 0.288 0.026 0.016
2 0.045 0.256 0.018 0.012
2 0.155 0.335 0.01 0.002
2 0.17 0.324 0.004 0.004
2 0.173 0.31 0.01 0.004
2 0.321 0.627 0.006 0.01
2 0.154 0.755 0.008 0.018
2 0.043 0.741 0.006 0.006
2 0.055 0.743 0.006 0.01
2 0.045 0.751 0.002 0.006
2 0.798 0.702 0.024 0.02
2 0.818 0.838 0.008 0.02
2 0.828 0.838 0.008 0.016
2 0.137 0.428 0.018 0.02
2 0.037 0.355 0.026 0.018
2 0.073 0.327 0.018 0.014
2 0.047 0.34 0.014 0.004
2 0.058 0.352 0.008 0.004
2 0.696 0.343 0.016 0.018
2 0.765 0.373 0.018 0.01
2 0.644 0.456 0.012 0.008
2 0.756 0.995 0.036 0.006
2 0.95 0.997 0.024 0.002
2 0.018 0.87 0.012 0.028
2 0.003 0.89 0.006 0.024
2 0.23 0.193 0.02 0.01
2 0.585 0.246 0.026 0.012
2 0.574 0.287 0.036 0.01
2 0.477 0.446 0.014 0.008
2 0.48 0.435 0.008 0.006
2 0.503 0.527 0.014 0.01
2 0.809 0.085 0.026 0.014
2 0.521 0.343 0.014 0.01
2 0.53 0.562 0.012 0.016
2 0.685 0.93 0.026 0.02
2 0.129 0.92 0.022 0.012
2 0.149 0.908 0.01 0.008
2 0.161 0.908 0.01 0.008
2 0.021 0.826 0.018 0.016
2 0.005 0.478 0.01 0.012
2 0.865 0.019 0.002 0.01
2 0.588 0.614 0.024 0.016
2 0.005 0.729 0.01 0.022
2 0.955 0.355 0.018 0.018
2 0.549 0.995 0.03 0.006
2 0.888 0.119 0.02 0.014
2 0.56 0.185 0.024 0.014
2 0.544 0.536 0.016 0.016
2 0.263 0.186 0.018 0.02
2 0.385 0.94 0.006 0.008