0 0.979 0.801 0.038 0.038
0 0.926 0.812 0.048 0.028
0 0.913 0.845 0.054 0.046
0 0.884 0.873 0.04 0.034
0 0.902 0.745 0.032 0.042
0 0.94 0.67 0.04 0.04
0 0.875 0.677 0.034 0.042
0 0.836 0.72 0.044 0.052
0 0.78 0.692 0.036 0.04
0 0.829 0.625 0.038 0.034
0 0.994 0.559 0.008 0.046
0 0.9 0.555 0.036 0.038
0 0.827 0.557 0.054 0.05
0 0.706 0.89 0.04 0.032
0 0.662 0.948 0.036 0.04
0 0.586 0.942 0.044 0.04
0 0.57 0.986 0.048 0.024
0 0.508 0.985 0.04 0.026
0 0.354 0.991 0.04 0.014
0 0.337 0.97 0.034 0.032
0 0.315 0.993 0.034 0.01
0 0.203 0.989 0.042 0.018
0 0.128 0.991 0.044 0.014
0 0.032 0.991 0.032 0.014
0 0.079 0.938 0.046 0.036
0 0.046 0.862 0.044 0.04
0 0.08 0.842 0.04 0.04
0 0.135 0.874 0.038 0.032
0 0.249 0.913 0.038 0.038
0 0.293 0.876 0.046 0.036
0 0.118 0.81 0.06 0.072
0 0.056 0.728 0.04 0.04
0 0.014 0.583 0.024 0.062
0 0.17 0.677 0.048 0.042
0 0.243 0.651 0.054 0.046
0 0.304 0.643 0.052 0.054
0 0.287 0.58 0.054 0.06
0 0.027 0.38 0.05 0.076
0 0.071 0.408 0.038 0.056
0 0.143 0.358 0.038 0.056
0 0.079 0.3 0.03 0.04
0 0.018 0.138 0.032 0.084
0 0.062 0.186 0.032 0.036
0 0.089 0.162 0.042 0.056
0 0.083 0.017 0.054 0.03
0 0.269 0.024 0.046 0.044
0 0.222 0.169 0.052 0.062
0 0.188 0.206 0.04 0.036
0 0.178 0.164 0.04 0.052
0 0.119 0.222 0.046 0.044
0 0.43 0.02 0.048 0.036
0 0.442 0.057 0.04 0.042
0 0.608 0.025 0.064 0.046
0 0.608 0.087 0.068 0.054
0 0.73 0.073 0.056 0.046
0 0.831 0.037 0.042 0.034
0 0.855 0.068 0.058 0.032
0 0.879 0.041 0.038 0.05
0 0.94 0.02 0.044 0.036
0 0.99 0.106 0.016 0.048
0 0.864 0.142 0.06 0.048
0 0.861 0.224 0.05 0.04
0 0.627 0.171 0.066 0.038
0 0.654 0.152 0.036 0.028
0 0.975 0.301 0.046 0.042
0 0.924 0.313 0.04 0.042
0 0.914 0.373 0.06 0.07
0 0.861 0.373 0.054 0.046
0 0.886 0.459 0.032 0.026
0 0.775 0.413 0.054 0.054
0 0.757 0.29 0.042 0.04
0 0.661 0.29 0.066 0.072
0 0.458 0.233 0.044 0.042
0 0.472 0.248 0.028 0.028
0 0.381 0.258 0.046 0.052
0 0.296 0.296 0.06 0.056
0 0.311 0.343 0.034 0.034
0 0.475 0.331 0.058 0.066
0 0.541 0.358 0.03 0.044
0 0.612 0.383 0.04 0.03
0 0.547 0.4 0.026 0.02
0 0.657 0.416 0.03 0.024
0 0.685 0.454 0.058 0.044
0 0.638 0.465 0.06 0.062
0 0.744 0.57 0.044 0.04
0 0.739 0.616 0.046 0.048
0 0.726 0.642 0.036 0.036
0 0.641 0.521 0.03 0.026
0 0.587 0.506 0.038 0.036
0 0.455 0.414 0.054 0.04
0 0.444 0.375 0.032 0.022
0 0.26 0.389 0.056 0.054
0 0.206 0.414 0.048 0.052
0 0.333 0.463 0.05 0.05
0 0.396 0.491 0.036 0.038
0 0.444 0.507 0.052 0.046
0 0.502 0.596 0.044 0.06
0 0.552 0.593 0.04 0.046
0 0.623 0.673 0.042 0.058
0 0.676 0.746 0.044 0.052
0 0.642 0.819 0.044 0.038
0 0.145 0.449 0.018 0.018
0 0.026 0.577 0.044 0.054
0 0.402 0.727 0.056 0.054
0 0.443 0.756 0.046 0.048
0 0.567 0.77 0.046 0.048
0 0.514 0.921 0.048 0.034
0 0.561 0.854 0.058 0.044
0 0.423 0.803 0.046 0.034
0 0.31 0.778 0.052 0.072
0 0.25 0.789 0.052 0.058
1 0.989 0.925 0.018 0.026
1 0.902 0.948 0.024 0.016
1 0.795 0.911 0.022 0.018
1 0.994 0.659 0.008 0.026
1 0.952 0.575 0.02 0.018
1 0.968 0.588 0.012 0.012
1 0.748 0.931 0.044 0.022
1 0.697 0.944 0.014 0.016
1 0.285 0.995 0.026 0.006
1 0.186 0.909 0.024 0.018
1 0.145 0.78 0.026 0.02
1 0.023 0.775 0.018 0.022
1 0.03 0.624 0.02 0.024
1 0.097 0.654 0.018 0.024
1 0.184 0.706 0.02 0.02
1 0.035 0.285 0.018 0.03
1 0.082 0.262 0.016 0.016
1 0.115 0.126 0.03 0.028
1 0.097 0.082 0.026 0.032
1 0.133 0.059 0.026 0.022
1 0.174 0.053 0.024 0.022
1 0.205 0.229 0.018 0.018
1 0.149 0.182 0.022 0.056
1 0.516 0.094 0.024 0.032
1 0.643 0.06 0.014 0.024
1 0.944 0.127 0.012 0.042
1 0.986 0.164 0.02 0.024
1 0.943 0.184 0.014 0.032
1 0.851 0.115 0.034 0.014
1 0.826 0.229 0.016 0.018
1 0.865 0.267 0.018 0.022
1 0.724 0.209 0.032 0.022
1 0.734 0.189 0.02 0.014
1 0.858 0.422 0.028 0.028
1 0.536 0.19 0.02 0.02
1 0.49 0.211 0.016 0.014
1 0.454 0.262 0.032 0.02
1 0.362 0.15 0.036 0.036
1 0.285 0.058 0.018 0.012
1 0.285 0.271 0.022 0.014
1 0.3 0.261 0.024 0.022
1 0.392 0.332 0.024 0.024
1 0.588 0.402 0.004 0.012
1 0.601 0.356 0.014 0.012
1 0.562 0.389 0.008 0.014
1 0.707 0.525 0.03 0.018
1 0.767 0.597 0.022 0.026
1 0.754 0.357 0.012 0.014
1 0.343 0.423 0.018 0.022
1 0.592 0.601 0.024 0.018
1 0.642 0.668 0.012 0.016
1 0.712 0.787 0.02 0.022
1 0.07 0.495 0.024 0.026
1 0.011 0.513 0.018 0.026
1 0.168 0.549 0.024 0.018
1 0.154 0.478 0.028 0.028
1 0.413 0.666 0.022 0.016
1 0.521 0.783 0.022 0.038
1 0.563 0.792 0.026 0.024
1 0.645 0.91 0.01 0.012
1 0.604 0.916 0.012 0.016
1 0.603 0.9 0.018 0.02
1 0.382 0.885 0.024 0.018
1 0.221 0.769 0.022 0.022
1 0.233 0.752 0.03 0.02
1 0.379 0.306 0.014 0.024
2 0.808 0.859 0.036 0.022
2 0.907 0.649 0.03 0.038
2 0.759 0.803 0.054 0.054
2 0.097 0.976 0.018 0.02
2 0.029 0.93 0.03 0.028
2 0.163 0.823 0.022 0.026
2 0.493 0.071 0.022 0.038
2 0.737 0.384 0.03 0.024
2 0.503 0.136 0.034 0.032
2 0.85 0.292 0.036 0.028
2 0.558 0.579 0.048 0.046
2 0.177 0.473 0.014 0.03
2 0.288 0.455 0.012 0.014
2 0.272 0.452 0.024 0.036
2 0.299 0.482 0.022 0.02
2 0.347 0.555 0.05 0.038
2 0.298 0.549 0.012 0.01
2 0.488 0.712 0.028 0.072
2 0.612 0.776 0.048 0.048
2 0.643 0.868 0.034 0.024
2 0.524 0.882 0.028 0.02
2 0.365 0.835 0.018 0.018
2 0.716 0.685 0.028 0.022
2 0.714 0.727 0.024 0.01
2 0.64 0.707 0.016 0.018
2 0.651 0.689 0.018 0.006
2 0.554 0.172 0.032 0.016
2 0.489 0.263 0.014 0.01
2 0.409 0.338 0.022 0.024
2 0.009 0.474 0.014 0.012
2 0.013 0.441 0.01 0.014
2 0.083 0.525 0.038 0.026
2 0.411 0.638 0.018 0.016
2 0.39 0.615 0.02 0.022
2 0.607 0.624 0.026 0.012
2 0.224 0.109 0.02 0.022
2 0.25 0.026 0.016 0.016
2 0.826 0.877 0.02 0.014