0 0.847 0.231 0.038 0.046
0 0.932 0.227 0.04 0.046
0 0.988 0.3 0.02 0.048
0 0.943 0.344 0.034 0.052
0 0.908 0.311 0.032 0.058
0 0.845 0.308 0.034 0.044
0 0.81 0.372 0.032 0.072
0 0.845 0.387 0.034 0.058
0 0.886 0.436 0.032 0.032
0 0.955 0.475 0.042 0.042
0 0.925 0.511 0.034 0.054
0 0.93 0.565 0.032 0.054
0 0.862 0.544 0.044 0.052
0 0.872 0.641 0.044 0.054
0 0.987 0.638 0.022 0.052
0 0.933 0.708 0.038 0.04
0 0.909 0.735 0.038 0.046
0 0.988 0.768 0.02 0.028
0 0.963 0.78 0.03 0.04
0 0.901 0.831 0.05 0.038
0 0.872 0.797 0.028 0.058
0 0.843 0.782 0.026 0.06
0 0.82 0.853 0.036 0.042
0 0.955 0.903 0.034 0.038
0 0.989 0.97 0.018 0.032
0 0.906 0.957 0.028 0.038
0 0.95 0.99 0.02 0.016
0 0.896 0.987 0.036 0.022
0 0.781 0.92 0.034 0.036
0 0.709 0.973 0.042 0.034
0 0.67 0.942 0.028 0.044
0 0.664 0.881 0.028 0.038
0 0.578 0.88 0.028 0.044
0 0.559 0.959 0.038 0.034
0 0.546 0.906 0.056 0.06
0 0.493 0.963 0.042 0.038
0 0.453 0.966 0.038 0.044
0 0.312 0.986 0.06 0.024
0 0.405 0.979 0.058 0.038
0 0.258 0.936 0.064 0.048
0 0.247 0.813 0.038 0.062
0 0.329 0.767 0.034 0.034
0 0.2 0.686 0.068 0.052
0 0.281 0.643 0.038 0.042
0 0.203 0.641 0.054 0.038
0 0.064 0.626 0.064 0.048
0 0.022 0.675 0.04 0.038
0 0.012 0.608 0.02 0.044
0 0.146 0.706 0.036 0.044
0 0.088 0.8 0.052 0.056
0 0.058 0.825 0.06 0.054
0 0.046 0.751 0.04 0.042
0 0.018 0.776 0.032 0.056
0 0.017 0.829 0.03 0.042
0 0.138 0.792 0.036 0.036
0 0.134 0.861 0.072 0.058
0 0.062 0.948 0.036 0.052
0 0.03 0.952 0.056 0.04
0 0.71 0.647 0.036 0.038
0 0.673 0.663 0.038 0.046
0 0.795 0.7 0.03 0.024
0 0.795 0.737 0.026 0.034
0 0.808 0.641 0.04 0.046
0 0.746 0.541 0.036 0.05
0 0.776 0.49 0.032 0.048
0 0.678 0.467 0.048 0.058
0 0.581 0.44 0.038 0.04
0 0.523 0.396 0.054 0.048
0 0.515 0.434 0.034 0.032
0 0.442 0.446 0.06 0.04
0 0.534 0.549 0.048 0.058
0 0.651 0.558 0.038 0.048
0 0.598 0.604 0.036 0.04
0 0.426 0.543 0.036 0.042
0 0.498 0.572 0.036 0.044
0 0.363 0.618 0.046 0.044
0 0.502 0.708 0.044 0.04
0 0.748 0.362 0.06 0.084
0 0.723 0.292 0.034 0.048
0 0.601 0.313 0.046 0.05
0 0.577 0.326 0.038 0.052
0 0.561 0.292 0.026 0.024
0 0.476 0.321 0.028 0.034
0 0.387 0.396 0.03 0.036
0 0.363 0.446 0.03 0.048
0 0.304 0.444 0.036 0.04
0 0.256 0.434 0.06 0.068
0 0.189 0.406 0.022 0.04
0 0.17 0.432 0.04 0.044
0 0.053 0.422 0.066 0.048
0 0.036 0.356 0.044 0.072
0 0.083 0.473 0.042 0.046
0 0.03 0.49 0.036 0.036
0 0.015 0.475 0.026 0.038
0 0.335 0.841 0.058 0.042
0 0.332 0.859 0.044 0.046
0 0.404 0.749 0.056 0.066
0 0.807 0.783 0.026 0.05
0 0.834 0.811 0.036 0.042
0 0.633 0.698 0.046 0.052
0 0.584 0.757 0.036 0.058
0 0.62 0.856 0.04 0.032
0 0.574 0.815 0.028 0.026
0 0.515 0.806 0.046 0.036
0 0.493 0.764 0.03 0.048
0 0.512 0.647 0.052 0.058
0 0.49 0.614 0.04 0.036
0 0.457 0.503 0.042 0.054
0 0.48 0.52 0.02 0.036
0 0.353 0.718 0.03 0.056
0 0.397 0.897 0.034 0.058
0 0.146 0.977 0.036 0.022
0 0.058 0.993 0.04 0.01
0 0.507 0.93 0.034 0.032
0 0.482 0.67 0.044 0.032
0 0.43 0.67 0.036 0.036
0 0.46 0.684 0.036 0.032
0 0.614 0.941 0.04 0.042
0 0.669 0.606 0.026 0.02
0 0.883 0.608 0.026 0.024
0 0.857 0.586 0.038 0.048
0 0.833 0.339 0.026 0.034
0 0.871 0.357 0.026 0.026
0 0.882 0.38 0.016 0.028
0 0.582 0.178 0.028 0.036
0 0.548 0.23 0.044 0.04
0 0.452 0.183 0.04 0.038
0 0.412 0.161 0.036 0.054
0 0.375 0.147 0.038 0.046
0 0.244 0.086 0.044 0.048
0 0.238 0.155 0.04 0.038
0 0.129 0.164 0.05 0.052
0 0.037 0.158 0.034 0.044
0 0.103 0.224 0.066 0.04
0 0.034 0.225 0.036 0.034
0 0.03 0.044 0.04 0.052
0 0.981 0.068 0.034 0.04
0 0.99 0.106 0.016 0.024
0 0.912 0.024 0.032 0.04
0 0.872 0.011 0.028 0.022
0 0.8 0.005 0.02 0.01
0 0.755 0.003 0.022 0.006
0 0.679 0.015 0.026 0.026
0 0.78 0.044 0.036 0.04
0 0.755 0.073 0.05 0.05
0 0.805 0.207 0.026 0.042
0 0.773 0.227 0.026 0.026
0 0.748 0.25 0.028 0.024
0 0.583 0.053 0.042 0.05
0 0.549 0.064 0.042 0.06
0 0.478 0.04 0.052 0.048
0 0.374 0.231 0.032 0.026
0 0.357 0.21 0.034 0.024
0 0.261 0.335 0.046 0.05
0 0.055 0.146 0.034 0.032
0 0.41 0.313 0.036 0.046
0 0.372 0.311 0.032 0.038
0 0.946 0.085 0.032 0.05
0 0.759 0.163 0.034 0.042
0 0.624 0.222 0.036 0.056
0 0.57 0.376 0.02 0.024
0 0.475 0.734 0.026 0.024
0 0.622 0.792 0.024 0.032
0 0.621 0.769 0.026 0.03
0 0.568 0.732 0.016 0.02
0 0.982 0.935 0.028 0.034
0 0.95 0.869 0.028 0.026
0 0.974 0.833 0.028 0.018
0 0.713 0.505 0.026 0.026
0 0.334 0.201 0.04 0.03
0 0.285 0.007 0.018 0.014
0 0.264 0.01 0.02 0.02
0 0.17 0.027 0.048 0.054
0 0.213 0.161 0.038 0.042
0 0.122 0.107 0.02 0.03
0 0.707 0.936 0.026 0.04
0 0.312 0.961 0.036 0.018
0 0.056 0.705 0.04 0.026
0 0.289 0.588 0.034 0.028
0 0.681 0.228 0.018 0.02
0 0.423 0.247 0.034 0.046
0 0.501 0.275 0.034 0.026
0 0.603 0.241 0.046 0.05
0 0.174 0.865 0.024 0.03
0 0.47 0.818 0.028 0.016
0 0.389 0.759 0.018 0.018
0 0.577 0.625 0.022 0.018
0 0.315 0.3 0.026 0.024
0 0.224 0.259 0.02 0.022
0 0.197 0.26 0.022 0.016
0 0.164 0.156 0.016 0.024
0 0.159 0.125 0.018 0.042
0 0.143 0.126 0.014 0.036
0 0.996 0.483 0.004 0.022
0 0.338 0.617 0.016 0.014
0 0.073 0.292 0.074 0.076
0 0.853 0.079 0.01 0.018
0 0.839 0.065 0.026 0.026
0 0.637 0.399 0.026 0.026
0 0.306 0.724 0.024 0.024
0 0.248 0.564 0.052 0.052
0 0.571 0.596 0.022 0.028
0 0.618 0.747 0.032 0.03
0 0.708 0.835 0.024 0.026
0 0.899 0.402 0.03 0.032
0 0.551 0.347 0.026 0.034
0 0.615 0.66 0.05 0.024
0 0.43 0.775 0.012 0.018
0 0.134 0.189 0.052 0.042
0 0.197 0.993 0.034 0.01
0 0.756 0.719 0.028 0.026
1 0.696 0.724 0.024 0.02
1 0.788 0.678 0.016 0.02
1 0.298 0.706 0.02 0.028
1 0.869 0.73 0.03 0.028
1 0.709 0.741 0.022 0.026
1 0.731 0.048 0.014 0.012
1 0.751 0.603 0.01 0.014
1 0.199 0.135 0.022 0.01
1 0.209 0.248 0.018 0.012
1 0.19 0.289 0.012 0.03
1 0.017 0.29 0.014 0.02
1 0.009 0.347 0.014 0.054
1 0.405 0.491 0.018 0.03
1 0.153 0.62 0.026 0.016
1 0.681 0.279 0.03 0.018
1 0.687 0.413 0.018 0.022
1 0.722 0.548 0.016 0.016
1 0.837 0.456 0.022 0.016
1 0.713 0.696 0.01 0.012
1 0.732 0.687 0.02 0.018
1 0.66 0.767 0.012 0.022
1 0.449 0.865 0.014 0.014
1 0.248 0.867 0.028 0.014
1 0.381 0.841 0.014 0.014
1 0.351 0.822 0.006 0.012
1 0.464 0.78 0.012 0.024
1 0.339 0.554 0.018 0.012
1 0.327 0.605 0.006 0.01
1 0.219 0.527 0.014 0.014
1 0.145 0.642 0.026 0.016
1 0.353 0.396 0.014 0.016
1 0.21 0.384 0.012 0.016
1 0.218 0.389 0.004 0.01
1 0.419 0.217 0.01 0.01
1 0.388 0.271 0.016 0.03
1 0.477 0.386 0.014 0.02
1 0.302 0.277 0.012 0.018
1 0.637 0.071 0.014 0.022
1 0.56 0.008 0.008 0.016
1 0.496 0.141 0.008 0.018
1 0.378 0.04 0.016 0.02
1 0.279 0.093 0.022 0.034
1 0.125 0.073 0.018 0.022
1 0.439 0.062 0.018 0.028
1 0.551 0.147 0.006 0.018
1 0.539 0.144 0.006 0.024
1 0.844 0.081 0.008 0.01
1 0.663 0.222 0.01 0.016
1 0.629 0.596 0.018 0.024
1 0.855 0.884 0.018 0.012
1 0.836 0.938 0.012 0.024
1 0.464 0.942 0.008 0.008
1 0.083 0.129 0.014 0.018
1 0.9 0.769 0.024 0.018
1 0.992 0.598 0.008 0.008
1 0.618 0.92 0.024 0.012
1 0.629 0.909 0.018 0.018
1 0.88 0.896 0.012 0.012
1 0.752 0.619 0.008 0.018
1 0.942 0.279 0.016 0.01
1 0.267 0.163 0.014 0.022
1 0.969 0.729 0.014 0.022
1 0.965 0.759 0.014 0.01
1 0.953 0.741 0.014 0.006
1 0.598 0.091 0.02 0.018
1 0.957 0.311 0.014 0.014
1 0.948 0.292 0.016 0.012
1 0.879 0.266 0.014 0.024
1 0.978 0.314 0.008 0.012
1 0.956 0.077 0.016 0.014
1 0.375 0.11 0.03 0.012
1 0.373 0.122 0.026 0.012
1 0.618 0.513 0.012 0.026
1 0.713 0.445 0.018 0.018
1 0.206 0.511 0.012 0.014
1 0.952 0.752 0.012 0.012
1 0.36 0.662 0.016 0.02
1 0.339 0.647 0.018 0.018
1 0.681 0.116 0.018 0.032
1 0.722 0.158 0.016 0.028
2 0.215 0.609 0.014 0.018
2 0.111 0.32 0.026 0.04
2 0.847 0.996 0.018 0.004
2 0.724 0.997 0.016 0.002
2 0.78 0.992 0.032 0.012
2 0.997 0.557 0.002 0.014
2 0.451 0.614 0.01 0.008
2 0.875 0.146 0.014 0.028
2 0.888 0.138 0.008 0.02
2 0.872 0.099 0.008 0.022
2 0.625 0.017 0.014 0.022
2 0.125 0.005 0.026 0.01
2 0.886 0.882 0.004 0.008
2 0.881 0.871 0.006 0.006
2 0.872 0.88 0.004 0.004
2 0.738 0.758 0.008 0.016
2 0.753 0.737 0.018 0.018
2 0.899 0.474 0.01 0.004
2 0.575 0.711 0.018 0.014
2 0.503 0.842 0.018 0.02
2 0.463 0.802 0.01 0.008
2 0.371 0.818 0.002 0.004
2 0.299 0.812 0.018 0.012
2 0.392 0.597 0.012 0.022
2 0.657 0.371 0.018 0.03
2 0.666 0.155 0.028 0.054
2 0.766 0.57 0.016 0.008
2 0.799 0.566 0.006 0.008
2 0.782 0.568 0.012 0.004
2 0.63 0.573 0.008 0.006
2 0.635 0.562 0.006 0.008
2 0.613 0.476 0.014 0.016
2 0.617 0.386 0.01 0.016
2 0.196 0.514 0.008 0.008
2 0.324 0.676 0.008 0.004
2 0.408 0.003 0.02 0.006
2 0.263 0.14 0.01 0.028
2 0.768 0.635 0.008 0.014
2 0.302 0.51 0.008 0.016
2 0.119 0.287 0.014 0.022
2 0.587 0.982 0.01 0.012
2 0.994 0.337 0.008 0.026
2 0.735 0.442 0.026 0.02
2 0.019 0.561 0.018 0.014