0 0.302 0.591 0.048 0.066
0 0.284 0.521 0.048 0.058
0 0.302 0.39 0.048 0.06
0 0.385 0.532 0.038 0.072
0 0.373 0.652 0.046 0.068
0 0.26 0.708 0.048 0.072
0 0.181 0.493 0.042 0.074
0 0.041 0.345 0.062 0.094
0 0.028 0.516 0.044 0.072
0 0.075 0.457 0.05 0.054
0 0.157 0.726 0.038 0.052
0 0.228 0.733 0.036 0.054
0 0.45 0.651 0.044 0.058
0 0.532 0.666 0.04 0.06
0 0.543 0.632 0.034 0.04
0 0.39 0.396 0.048 0.068
0 0.442 0.349 0.048 0.066
0 0.61 0.387 0.04 0.062
0 0.731 0.383 0.05 0.062
0 0.753 0.719 0.05 0.058
0 0.867 0.699 0.05 0.05
0 0.843 0.646 0.046 0.06
0 0.883 0.656 0.046 0.048
0 0.927 0.542 0.05 0.052
0 0.725 0.542 0.038 0.044
0 0.639 0.746 0.038 0.052
0 0.468 0.811 0.048 0.05
0 0.377 0.869 0.05 0.074
0 0.265 0.842 0.046 0.04
0 0.229 0.816 0.042 0.056
0 0.18 0.814 0.056 0.048
0 0.085 0.813 0.058 0.066
0 0.101 0.72 0.034 0.044
0 0.148 0.908 0.044 0.056
0 0.046 0.872 0.048 0.06
0 0.1 0.604 0.052 0.052
0 0.839 0.423 0.07 0.098
0 0.705 0.47 0.05 0.044
0 0.734 0.651 0.06 0.05
0 0.85 0.826 0.04 0.048
0 0.839 0.933 0.062 0.082
0 0.892 0.958 0.044 0.056
0 0.954 0.944 0.036 0.032
0 0.945 0.902 0.038 0.04
0 0.976 0.899 0.036 0.042
0 0.951 0.832 0.038 0.032
0 0.909 0.801 0.034 0.038
0 0.714 0.879 0.052 0.054
0 0.672 0.892 0.056 0.06
0 0.749 0.975 0.034 0.026
0 0.541 0.974 0.05 0.048
0 0.496 0.95 0.032 0.06
0 0.45 0.949 0.04 0.046
0 0.382 0.963 0.048 0.046
0 0.745 0.753 0.046 0.05
0 0.953 0.736 0.046 0.044
0 0.986 0.754 0.024 0.064
0 0.779 0.814 0.038 0.028
0 0.813 0.83 0.038 0.052
0 0.763 0.58 0.038 0.048
0 0.971 0.437 0.054 0.086
0 0.781 0.27 0.05 0.06
0 0.901 0.269 0.062 0.058
0 0.936 0.221 0.044 0.05
0 0.986 0.259 0.024 0.05
0 0.975 0.133 0.046 0.066
0 0.844 0.206 0.044 0.048
0 0.792 0.085 0.052 0.066
0 0.636 0.167 0.068 0.054
0 0.706 0.17 0.04 0.052
0 0.49 0.089 0.056 0.07
0 0.564 0.246 0.04 0.036
0 0.529 0.309 0.038 0.058
0 0.508 0.239 0.032 0.03
0 0.329 0.168 0.038 0.044
0 0.315 0.057 0.05 0.066
0 0.265 0.112 0.038 0.044
0 0.299 0.259 0.054 0.058
0 0.279 0.341 0.026 0.042
0 0.142 0.277 0.036 0.042
0 0.074 0.237 0.052 0.042
0 0.107 0.318 0.034 0.048
0 0.096 0.133 0.044 0.07
0 0.152 0.144 0.04 0.06
0 0.184 0.113 0.044 0.066
0 0.396 0.056 0.04 0.044
0 0.42 0.027 0.044 0.042
0 0.426 0.085 0.032 0.042
0 0.539 0.509 0.03 0.042
0 0.553 0.547 0.034 0.038
0 0.549 0.488 0.05 0.052
0 0.233 0.202 0.058 0.06
0 0.045 0.39 0.062 0.06
0 0.251 0.537 0.046 0.074
0 0.136 0.674 0.044 0.036
0 0.009 0.626 0.018 0.048
0 0.981 0.04 0.034 0.052
0 0.888 0.2 0.044 0.048
0 0.886 0.359 0.04 0.042
0 0.978 0.579 0.04 0.058
0 0.423 0.302 0.03 0.036
0 0.383 0.245 0.046 0.042
0 0.866 0.283 0.028 0.03
0 0.02 0.253 0.04 0.054
0 0.945 0.011 0.046 0.018
0 0.629 0.304 0.046 0.056
0 0.286 0.918 0.052 0.072
1 0.744 0.528 0.024 0.028
1 0.23 0.431 0.024 0.03
1 0.126 0.437 0.032 0.034
1 0.193 0.646 0.03 0.024
1 0.341 0.771 0.026 0.03
1 0.06 0.732 0.028 0.044
1 0.098 0.775 0.04 0.022
1 0.074 0.9 0.044 0.036
1 0.102 0.947 0.028 0.022
1 0.462 0.861 0.02 0.026
1 0.421 0.816 0.038 0.028
1 0.441 0.7 0.034 0.028
1 0.503 0.504 0.03 0.032
1 0.582 0.553 0.02 0.026
1 0.667 0.73 0.026 0.032
1 0.777 0.842 0.022 0.02
1 0.83 0.736 0.028 0.024
1 0.661 0.7 0.046 0.024
1 0.697 0.68 0.022 0.024
1 0.923 0.657 0.018 0.03
1 0.992 0.684 0.012 0.028
1 0.865 0.508 0.022 0.028
1 0.861 0.543 0.022 0.038
1 0.654 0.505 0.024 0.038
1 0.611 0.477 0.022 0.026
1 0.726 0.49 0.024 0.024
1 0.637 0.835 0.038 0.046
1 0.634 0.925 0.04 0.03
1 0.608 0.992 0.036 0.012
1 0.596 0.977 0.028 0.03
1 0.568 0.868 0.032 0.028
1 0.816 0.978 0.036 0.032
1 0.929 0.977 0.022 0.03
1 0.431 0.872 0.026 0.02
1 0.579 0.324 0.026 0.032
1 0.404 0.153 0.024 0.022
1 0.373 0.081 0.018 0.026
1 0.355 0.086 0.014 0.032
1 0.212 0.016 0.02 0.028
1 0.526 0.066 0.024 0.032
1 0.638 0.043 0.02 0.022
1 0.762 0.018 0.036 0.028
1 0.457 0.163 0.05 0.018
1 0.838 0.265 0.028 0.05
1 0.977 0.319 0.03 0.022
1 0.966 0.221 0.024 0.034
1 0.015 0.944 0.03 0.032
1 0.053 0.614 0.022 0.016
1 0.008 0.368 0.016 0.036
1 0.008 0.057 0.016 0.026
1 0.015 0.025 0.022 0.022
1 0.028 0.012 0.024 0.02
1 0.838 0.012 0.036 0.02
1 0.612 0.087 0.028 0.03
1 0.506 0.009 0.048 0.014
1 0.677 0.006 0.034 0.008
1 0.718 0.037 0.028 0.018
1 0.987 0.989 0.022 0.022
1 0.647 0.346 0.022 0.028
1 0.313 0.909 0.022 0.026
1 0.066 0.488 0.028 0.028
2 0.745 0.988 0.046 0.02
2 0.738 0.91 0.024 0.036
2 0.584 0.894 0.032 0.032
2 0.449 0.225 0.038 0.05
2 0.581 0.206 0.042 0.048
2 0.527 0.199 0.026 0.022
2 0.547 0.164 0.034 0.02
2 0.49 0.448 0.048 0.032
2 0.346 0.579 0.028 0.046
2 0.312 0.456 0.056 0.028
2 0.198 0.174 0.036 0.036
2 0.306 0.188 0.028 0.036
2 0.936 0.071 0.04 0.058
2 0.959 0.619 0.054 0.042