0 0.039 0.98 0.038 0.036
0 0.177 0.947 0.034 0.05
0 0.232 0.944 0.032 0.04
0 0.273 0.942 0.018 0.02
0 0.263 0.961 0.03 0.038
0 0.167 0.882 0.03 0.044
0 0.239 0.848 0.046 0.048
0 0.122 0.899 0.044 0.05
0 0.14 0.876 0.036 0.028
0 0.205 0.803 0.034 0.042
0 0.173 0.831 0.038 0.046
0 0.044 0.849 0.024 0.042
0 0.26 0.876 0.036 0.048
0 0.273 0.851 0.034 0.034
0 0.027 0.919 0.03 0.03
0 0.033 0.793 0.026 0.046
0 0.019 0.779 0.038 0.058
0 0.062 0.764 0.024 0.028
0 0.334 0.872 0.032 0.036
0 0.311 0.845 0.022 0.026
0 0.402 0.813 0.04 0.058
0 0.473 0.818 0.042 0.056
0 0.485 0.939 0.03 0.038
0 0.435 0.952 0.038 0.06
0 0.388 0.942 0.024 0.036
0 0.583 0.902 0.042 0.04
0 0.581 0.958 0.038 0.056
0 0.543 0.986 0.03 0.024
0 0.536 0.914 0.024 0.032
0 0.565 0.859 0.022 0.022
0 0.794 0.881 0.072 0.054
0 0.681 0.855 0.026 0.026
0 0.761 0.985 0.046 0.026
0 0.816 0.963 0.032 0.05
0 0.736 0.807 0.036 0.03
0 0.708 0.884 0.024 0.028
0 0.675 0.895 0.022 0.03
0 0.675 0.936 0.014 0.032
0 0.651 0.991 0.03 0.014
0 0.942 0.9 0.06 0.056
0 0.979 0.903 0.034 0.03
0 0.963 0.994 0.034 0.008
0 0.873 0.943 0.026 0.018
0 0.871 0.873 0.018 0.022
0 0.029 0.065 0.042 0.074
0 0.115 0.02 0.034 0.04
0 0.191 0.05 0.018 0.048
0 0.185 0.012 0.022 0.024
0 0.367 0.152 0.03 0.048
0 0.175 0.22 0.046 0.056
0 0.061 0.153 0.042 0.05
0 0.109 0.163 0.038 0.05
0 0.045 0.255 0.03 0.038
0 0.043 0.314 0.038 0.056
0 0.251 0.202 0.042 0.06
0 0.015 0.395 0.03 0.034
0 0.144 0.363 0.048 0.066
0 0.009 0.253 0.018 0.062
0 0.294 0.262 0.032 0.048
0 0.329 0.198 0.046 0.036
0 0.37 0.06 0.024 0.044
0 0.382 0.026 0.024 0.028
0 0.423 0.071 0.026 0.042
0 0.497 0.061 0.034 0.038
0 0.521 0.023 0.038 0.046
0 0.439 0.205 0.038 0.05
0 0.518 0.192 0.044 0.044
0 0.533 0.222 0.046 0.04
0 0.59 0.177 0.044 0.042
0 0.563 0.156 0.026 0.032
0 0.723 0.033 0.034 0.054
0 0.705 0.006 0.03 0.012
0 0.672 0.005 0.02 0.01
0 0.606 0.005 0.016 0.01
0 0.597 0.102 0.022 0.028
0 0.546 0.067 0.02 0.022
0 0.718 0.162 0.048 0.044
0 0.773 0.129 0.03 0.046
0 0.923 0.063 0.054 0.058
0 0.952 0.016 0.04 0.032
0 0.903 0.109 0.05 0.042
0 0.78 0.244 0.04 0.056
0 0.823 0.264 0.054 0.056
0 0.929 0.214 0.042 0.044
0 0.877 0.192 0.034 0.032
0 0.865 0.359 0.054 0.058
0 0.954 0.324 0.052 0.048
0 0.925 0.365 0.03 0.034
0 0.915 0.349 0.026 0.022
0 0.978 0.271 0.04 0.03
0 0.993 0.252 0.01 0.04
0 0.335 0.742 0.038 0.06
0 0.046 0.695 0.032 0.05
0 0.022 0.573 0.04 0.062
0 0.07 0.558 0.036 0.036
0 0.086 0.574 0.044 0.056
0 0.19 0.701 0.028 0.05
0 0.202 0.673 0.024 0.034
0 0.005 0.699 0.01 0.042
0 0.158 0.604 0.036 0.036
0 0.29 0.567 0.036 0.05
0 0.257 0.581 0.026 0.038
0 0.202 0.508 0.036 0.056
0 0.253 0.513 0.038 0.05
0 0.075 0.445 0.022 0.03
0 0.271 0.344 0.038 0.048
0 0.305 0.36 0.046 0.056
0 0.297 0.429 0.038 0.042
0 0.424 0.424 0.044 0.056
0 0.379 0.302 0.042 0.064
0 0.434 0.314 0.036 0.04
0 0.483 0.372 0.042 0.052
0 0.419 0.577 0.034 0.042
0 0.363 0.454 0.046 0.064
0 0.407 0.495 0.046 0.042
0 0.472 0.573 0.044 0.042
0 0.516 0.506 0.044 0.072
0 0.35 0.377 0.036 0.05
0 0.331 0.541 0.03 0.038
0 0.575 0.274 0.034 0.048
0 0.698 0.351 0.048 0.046
0 0.736 0.367 0.04 0.046
0 0.654 0.223 0.024 0.026
0 0.524 0.445 0.028 0.05
0 0.607 0.534 0.046 0.052
0 0.683 0.527 0.042 0.05
0 0.642 0.46 0.02 0.04
0 0.557 0.44 0.01 0.024
0 0.62 0.397 0.048 0.042
0 0.623 0.475 0.018 0.026
0 0.617 0.466 0.022 0.024
0 0.693 0.471 0.03 0.026
0 0.395 0.646 0.034 0.048
0 0.357 0.601 0.03 0.022
0 0.506 0.665 0.024 0.042
0 0.532 0.653 0.024 0.026
0 0.438 0.654 0.024 0.032
0 0.609 0.599 0.03 0.034
0 0.633 0.776 0.03 0.048
0 0.589 0.739 0.034 0.042
0 0.544 0.764 0.032 0.032
0 0.678 0.761 0.044 0.054
0 0.727 0.743 0.042 0.038
0 0.654 0.682 0.036 0.064
0 0.759 0.681 0.034 0.05
0 0.79 0.646 0.04 0.048
0 0.749 0.624 0.03 0.052
0 0.735 0.652 0.038 0.036
0 0.86 0.604 0.052 0.068
0 0.781 0.531 0.062 0.05
0 0.93 0.532 0.048 0.048
0 0.916 0.465 0.048 0.046
0 0.877 0.515 0.054 0.034
0 0.872 0.439 0.04 0.042
0 0.827 0.494 0.022 0.024
0 0.986 0.462 0.024 0.044
0 0.92 0.643 0.028 0.038
0 0.966 0.586 0.036 0.036
0 0.97 0.611 0.032 0.038
0 0.985 0.336 0.026 0.02
0 0.806 0.787 0.036 0.038
0 0.812 0.821 0.02 0.018
0 0.912 0.712 0.056 0.052
0 0.951 0.738 0.05 0.044
0 0.955 0.808 0.034 0.044
0 0.398 0.254 0.056 0.056
0 0.27 0.169 0.024 0.022
0 0.245 0.721 0.022 0.026
1 0.341 0.968 0.018 0.02
1 0.611 0.925 0.014 0.022
1 0.609 0.878 0.022 0.02
1 0.172 0.291 0.016 0.026
1 0.317 0.234 0.022 0.016
1 0.335 0.08 0.014 0.016
1 0.837 0.127 0.018 0.018
1 0.969 0.149 0.018 0.018
1 0.178 0.644 0.02 0.02
1 0.422 0.462 0.02 0.016
1 0.356 0.39 0.016 0.02
1 0.284 0.461 0.02 0.014
1 0.526 0.332 0.02 0.02
1 0.742 0.339 0.016 0.014
1 0.586 0.396 0.02 0.02
1 0.547 0.583 0.014 0.018
1 0.367 0.805 0.01 0.018
1 0.707 0.589 0.01 0.022
1 0.798 0.572 0.008 0.016
1 0.936 0.815 0.02 0.022
1 0.217 0.404 0.014 0.02
2 0.172 0.983 0.032 0.03
2 0.118 0.987 0.032 0.022
2 0.232 0.984 0.028 0.028
2 0.057 0.792 0.022 0.028
2 0.565 0.939 0.026 0.034
2 0.691 0.879 0.018 0.022
2 0.702 0.945 0.02 0.026
2 0.698 0.972 0.02 0.02
2 0.798 0.939 0.02 0.026
2 0.946 0.951 0.024 0.018
2 0.841 0.922 0.018 0.024
2 0.069 0.007 0.022 0.014
2 0.258 0.007 0.02 0.014
2 0.266 0.054 0.024 0.04
2 0.01 0.353 0.02 0.022
2 0.024 0.318 0.024 0.044
2 0.046 0.223 0.036 0.018
2 0.318 0.022 0.016 0.04
2 0.429 0.036 0.022 0.036
2 0.417 0.174 0.034 0.044
2 0.57 0.18 0.02 0.024
2 0.641 0.016 0.018 0.024
2 0.61 0.079 0.036 0.034
2 0.951 0.113 0.022 0.022
2 0.803 0.123 0.026 0.03
2 0.841 0.187 0.03 0.03
2 0.932 0.258 0.036 0.048
2 0.041 0.612 0.022 0.024
2 0.131 0.581 0.022 0.026
2 0.103 0.667 0.022 0.026
2 0.175 0.668 0.018 0.02
2 0.27 0.483 0.02 0.038
2 0.671 0.304 0.018 0.024
2 0.611 0.287 0.022 0.034
2 0.55 0.373 0.028 0.034
2 0.447 0.629 0.022 0.022
2 0.565 0.655 0.034 0.042
2 0.566 0.631 0.024 0.018
2 0.391 0.742 0.018 0.02
2 0.783 0.606 0.038 0.044
2 0.878 0.4 0.032 0.036
2 0.97 0.43 0.028 0.032
2 0.807 0.749 0.018 0.022
2 0.85 0.741 0.016 0.022
2 0.107 0.411 0.022 0.022
2 0.008 0.432 0.016 0.048
2 0.162 0.572 0.024 0.028
2 0.492 0.641 0.032 0.046
2 0.883 0.632 0.018 0.04
2 0.769 0.737 0.034 0.026
2 0.975 0.979 0.038 0.026
2 0.551 0.046 0.018 0.032