0 0.94 0.045 0.052 0.066
0 0.985 0.033 0.026 0.03
0 0.881 0.858 0.05 0.064
0 0.766 0.937 0.072 0.098
0 0.868 0.783 0.084 0.094
0 0.686 0.769 0.048 0.058
0 0.839 0.714 0.042 0.036
0 0.875 0.706 0.066 0.072
0 0.584 0.675 0.044 0.074
0 0.623 0.638 0.066 0.08
0 0.579 0.578 0.046 0.06
0 0.632 0.719 0.04 0.038
0 0.789 0.554 0.05 0.064
0 0.822 0.591 0.032 0.054
0 0.717 0.528 0.054 0.064
0 0.638 0.542 0.048 0.06
0 0.658 0.612 0.044 0.072
0 0.895 0.597 0.046 0.054
0 0.97 0.568 0.048 0.068
0 0.97 0.405 0.056 0.062
0 0.727 0.348 0.05 0.048
0 0.663 0.369 0.05 0.054
0 0.608 0.354 0.056 0.064
0 0.571 0.344 0.038 0.08
0 0.647 0.449 0.058 0.09
0 0.5 0.683 0.048 0.062
0 0.482 0.745 0.052 0.07
0 0.511 0.849 0.05 0.046
0 0.612 0.951 0.048 0.07
0 0.531 0.975 0.05 0.046
0 0.494 0.352 0.04 0.06
0 0.481 0.41 0.042 0.068
0 0.454 0.477 0.052 0.054
0 0.48 0.525 0.024 0.054
0 0.412 0.521 0.032 0.066
0 0.447 0.543 0.046 0.05
0 0.403 0.31 0.038 0.056
0 0.366 0.268 0.04 0.04
0 0.314 0.314 0.044 0.052
0 0.287 0.38 0.054 0.068
0 0.378 0.452 0.052 0.056
0 0.352 0.564 0.04 0.052
0 0.351 0.678 0.07 0.052
0 0.325 0.606 0.034 0.056
0 0.26 0.772 0.048 0.072
0 0.267 0.836 0.046 0.048
0 0.374 0.92 0.052 0.04
0 0.327 0.961 0.03 0.042
0 0.05 0.899 0.056 0.054
0 0.014 0.953 0.024 0.062
0 0.047 0.986 0.042 0.024
0 0.11 0.771 0.052 0.082
0 0.16 0.707 0.04 0.05
0 0.039 0.618 0.038 0.056
0 0.017 0.661 0.03 0.05
0 0.196 0.476 0.044 0.06
0 0.162 0.478 0.036 0.068
0 0.183 0.563 0.05 0.07
0 0.174 0.637 0.04 0.058
0 0.116 0.476 0.032 0.048
0 0.063 0.457 0.05 0.054
0 0.058 0.504 0.04 0.044
0 0.07 0.421 0.04 0.046
0 0.127 0.384 0.03 0.044
0 0.102 0.364 0.028 0.056
0 0.054 0.367 0.044 0.062
0 0.07 0.329 0.032 0.05
0 0.842 0.047 0.036 0.054
0 0.858 0.066 0.052 0.036
0 0.781 0.065 0.05 0.066
0 0.821 0.126 0.05 0.044
0 0.909 0.109 0.038 0.054
0 0.961 0.199 0.046 0.058
0 0.883 0.213 0.042 0.058
0 0.845 0.271 0.05 0.038
0 0.852 0.317 0.036 0.054
0 0.717 0.062 0.038 0.048
0 0.656 0.054 0.044 0.044
0 0.66 0.111 0.032 0.046
0 0.718 0.149 0.036 0.046
0 0.684 0.209 0.044 0.054
0 0.569 0.092 0.038 0.048
0 0.566 0.129 0.036 0.038
0 0.541 0.19 0.042 0.068
0 0.555 0.277 0.042 0.054
0 0.569 0.24 0.042 0.048
0 0.485 0.147 0.034 0.058
0 0.503 0.092 0.03 0.04
0 0.468 0.106 0.044 0.028
0 0.478 0.201 0.04 0.054
0 0.469 0.247 0.034 0.05
0 0.392 0.144 0.04 0.04
0 0.356 0.171 0.044 0.078
0 0.391 0.196 0.042 0.04
0 0.324 0.215 0.04 0.054
0 0.268 0.217 0.044 0.05
0 0.292 0.358 0.036 0.04
0 0.164 0.28 0.04 0.036
0 0.185 0.318 0.046 0.044
0 0.212 0.286 0.044 0.056
0 0.225 0.101 0.034 0.038
0 0.232 0.148 0.028 0.04
0 0.195 0.129 0.026 0.042
0 0.199 0.166 0.038 0.032
0 0.149 0.174 0.03 0.036
0 0.18 0.185 0.032 0.046
0 0.138 0.221 0.04 0.046
0 0.114 0.296 0.028 0.04
0 0.022 0.282 0.04 0.048
0 0.022 0.221 0.04 0.07
0 0.106 0.025 0.036 0.046
0 0.18 0.066 0.032 0.036
0 0.119 0.1 0.03 0.04
0 0.07 0.15 0.032 0.036
0 0.012 0.074 0.02 0.036
0 0.3 0.045 0.036 0.038
0 0.323 0.035 0.046 0.046
0 0.364 0.026 0.036 0.036
0 0.225 0.026 0.03 0.024
1 0.959 0.768 0.022 0.036
1 0.969 0.834 0.014 0.044
1 0.97 0.914 0.016 0.036
1 0.813 0.908 0.026 0.02
1 0.797 0.8 0.022 0.028
1 0.671 0.814 0.014 0.02
1 0.654 0.809 0.02 0.03
1 0.805 0.714 0.022 0.028
1 0.929 0.67 0.026 0.028
1 0.937 0.705 0.026 0.022
1 0.883 0.642 0.038 0.032
1 0.802 0.675 0.032 0.038
1 0.769 0.645 0.026 0.03
1 0.774 0.669 0.032 0.038
1 0.678 0.506 0.028 0.02
1 0.72 0.483 0.028 0.03
1 0.729 0.605 0.038 0.026
1 0.882 0.568 0.028 0.02
1 0.914 0.46 0.024 0.056
1 0.873 0.505 0.038 0.018
1 0.841 0.491 0.034 0.022
1 0.833 0.444 0.018 0.028
1 0.569 0.472 0.03 0.036
1 0.481 0.716 0.03 0.024
1 0.398 0.734 0.024 0.016
1 0.637 0.916 0.018 0.024
1 0.614 0.909 0.028 0.018
1 0.548 0.931 0.024 0.026
1 0.543 0.952 0.038 0.032
1 0.457 0.323 0.022 0.026
1 0.492 0.47 0.032 0.032
1 0.456 0.515 0.024 0.022
1 0.433 0.288 0.026 0.028
1 0.315 0.402 0.022 0.028
1 0.388 0.526 0.024 0.024
1 0.24 0.634 0.024 0.04
1 0.255 0.714 0.022 0.032
1 0.317 0.808 0.026 0.036
1 0.232 0.885 0.024 0.042
1 0.174 0.83 0.028 0.036
1 0.073 0.699 0.026 0.03
1 0.055 0.674 0.022 0.028
1 0.178 0.668 0.016 0.016
1 0.195 0.661 0.022 0.022
1 0.022 0.326 0.024 0.024
1 0.824 0.21 0.028 0.02
1 0.777 0.176 0.022 0.024
1 0.98 0.255 0.024 0.022
1 0.834 0.362 0.036 0.02
1 0.827 0.344 0.018 0.02
1 0.653 0.155 0.034 0.034
1 0.466 0.156 0.02 0.024
1 0.493 0.055 0.026 0.018
1 0.205 0.256 0.026 0.028
1 0.702 0.273 0.036 0.022
1 0.141 0.339 0.022 0.026
1 0.106 0.323 0.024 0.022
1 0.08 0.252 0.04 0.04
1 0.047 0.126 0.038 0.02
1 0.014 0.106 0.024 0.024
1 0.031 0.075 0.018 0.018
1 0.03 0.02 0.02 0.032
1 0.157 0.01 0.026 0.02
1 0.158 0.026 0.02 0.016
1 0.376 0.066 0.024 0.02
1 0.4 0.981 0.016 0.014
1 0.984 0.16 0.02 0.02
1 0.99 0.146 0.016 0.02
2 0.9 0.559 0.044 0.042
2 0.924 0.543 0.02 0.018
2 0.938 0.563 0.008 0.018
2 0.927 0.58 0.018 0.016
2 0.992 0.502 0.012 0.032
2 0.97 0.499 0.016 0.014
2 0.978 0.486 0.016 0.012
2 0.908 0.43 0.052 0.056
2 0.864 0.42 0.028 0.044
2 0.72 0.666 0.012 0.016
2 0.666 0.71 0.016 0.012
2 0.516 0.885 0.016 0.022
2 0.493 0.886 0.026 0.028
2 0.318 0.894 0.02 0.04
2 0.422 0.85 0.016 0.024
2 0.103 0.875 0.018 0.03
2 0.777 0.109 0.022 0.022
2 0.906 0.063 0.04 0.034
2 0.446 0.091 0.032 0.026
2 0.766 0.243 0.036 0.05
2 0.714 0.253 0.04 0.034
2 0.614 0.229 0.032 0.058
2 0.133 0.31 0.014 0.02
2 0.225 0.362 0.026 0.02
2 0.289 0.157 0.03 0.054
2 0.264 0.514 0.028 0.036
2 0.23 0.442 0.02 0.028
2 0.089 0.956 0.026 0.032
2 0.072 0.93 0.016 0.02
2 0.279 0.712 0.026 0.024
2 0.824 0.687 0.016 0.018
2 0.828 0.665 0.02 0.022
2 0.851 0.66 0.022 0.028