0 0.076 0.62 0.052 0.056
0 0.028 0.762 0.056 0.06
0 0.096 0.772 0.048 0.048
0 0.024 0.591 0.048 0.046
0 0.155 0.588 0.054 0.052
0 0.263 0.686 0.05 0.04
0 0.321 0.684 0.054 0.036
0 0.383 0.683 0.05 0.038
0 0.224 0.764 0.072 0.072
0 0.328 0.758 0.056 0.052
0 0.032 0.963 0.052 0.046
0 0.172 0.978 0.052 0.04
0 0.208 0.95 0.052 0.056
0 0.088 0.473 0.064 0.054
0 0.077 0.343 0.078 0.046
0 0.037 0.309 0.074 0.034
0 0.474 0.976 0.04 0.032
0 0.424 0.918 0.044 0.044
0 0.472 0.91 0.032 0.044
0 0.509 0.858 0.038 0.032
0 0.419 0.803 0.046 0.05
0 0.551 0.973 0.034 0.05
0 0.582 0.941 0.028 0.042
0 0.632 0.983 0.044 0.03
0 0.647 0.956 0.034 0.04
0 0.637 0.921 0.038 0.034
0 0.692 0.923 0.036 0.038
0 0.719 0.959 0.038 0.034
0 0.609 0.881 0.046 0.034
0 0.676 0.842 0.036 0.036
0 0.719 0.86 0.026 0.056
0 0.748 0.856 0.036 0.052
0 0.783 0.839 0.034 0.038
0 0.835 0.823 0.034 0.046
0 0.857 0.854 0.038 0.036
0 0.848 0.967 0.04 0.03
0 0.859 0.937 0.05 0.038
0 0.885 0.916 0.05 0.048
0 0.508 0.808 0.024 0.028
0 0.522 0.788 0.036 0.056
0 0.945 0.85 0.03 0.036
0 0.016 0.404 0.032 0.044
0 0.161 0.381 0.038 0.042
0 0.344 0.562 0.044 0.044
0 0.37 0.528 0.088 0.048
0 0.585 0.787 0.034 0.046
0 0.527 0.708 0.042 0.044
0 0.474 0.649 0.04 0.046
0 0.631 0.743 0.03 0.038
0 0.641 0.709 0.042 0.034
0 0.488 0.682 0.044 0.028
0 0.757 0.915 0.034 0.022
0 0.74 0.775 0.036 0.038
0 0.414 0.979 0.032 0.038
0 0.355 0.918 0.026 0.036
0 0.545 0.913 0.03 0.022
0 0.617 0.643 0.046 0.034
0 0.647 0.659 0.03 0.03
0 0.628 0.656 0.012 0.024
0 0.814 0.751 0.028 0.038
0 0.849 0.729 0.03 0.034
0 0.357 0.432 0.058 0.04
0 0.254 0.373 0.06 0.058
0 0.45 0.507 0.068 0.046
0 0.145 0.191 0.062 0.046
0 0.473 0.438 0.05 0.036
0 0.481 0.403 0.054 0.038
0 0.448 0.384 0.06 0.056
0 0.154 0.317 0.056 0.026
0 0.2 0.283 0.048 0.038
0 0.263 0.203 0.05 0.046
0 0.303 0.155 0.078 0.042
0 0.057 0.073 0.058 0.042
0 0.18 0.034 0.052 0.04
0 0.322 0.27 0.04 0.036
0 0.401 0.226 0.05 0.048
0 0.449 0.171 0.058 0.038
0 0.493 0.307 0.038 0.038
0 0.551 0.341 0.05 0.042
0 0.785 0.704 0.034 0.032
0 0.827 0.661 0.046 0.038
0 0.692 0.503 0.052 0.05
0 0.911 0.722 0.042 0.048
0 0.977 0.625 0.042 0.05
0 0.714 0.665 0.036 0.034
0 0.738 0.643 0.036 0.03
0 0.764 0.566 0.036 0.04
0 0.818 0.606 0.04 0.028
0 0.66 0.567 0.036 0.03
0 0.691 0.597 0.034 0.034
0 0.579 0.457 0.038 0.038
0 0.549 0.55 0.03 0.044
0 0.611 0.547 0.046 0.026
0 0.663 0.486 0.038 0.032
0 0.666 0.449 0.04 0.038
0 0.725 0.519 0.034 0.042
0 0.781 0.482 0.038 0.032
0 0.803 0.519 0.034 0.03
0 0.952 0.723 0.024 0.042
0 0.899 0.615 0.038 0.038
0 0.849 0.648 0.03 0.036
0 0.516 0.254 0.044 0.04
0 0.552 0.233 0.036 0.05
0 0.661 0.283 0.046 0.038
0 0.717 0.407 0.034 0.042
0 0.668 0.221 0.04 0.042
0 0.624 0.158 0.04 0.036
0 0.946 0.65 0.028 0.032
0 0.862 0.427 0.044 0.042
0 0.926 0.427 0.036 0.034
0 0.621 0.056 0.046 0.04
0 0.715 0.03 0.058 0.044
0 0.7 0.121 0.028 0.034
0 0.715 0.097 0.046 0.038
0 0.796 0.023 0.044 0.042
0 0.871 0.015 0.042 0.026
0 0.822 0.025 0.024 0.034
0 0.901 0.013 0.05 0.022
0 0.922 0.066 0.048 0.032
0 0.851 0.186 0.038 0.028
0 0.865 0.151 0.042 0.038
0 0.956 0.126 0.032 0.036
0 0.986 0.146 0.024 0.036
0 0.862 0.238 0.044 0.036
0 0.951 0.236 0.034 0.048
0 0.814 0.318 0.036 0.024
0 0.96 0.373 0.032 0.038
0 0.847 0.287 0.046 0.026
0 0.909 0.303 0.038 0.03
0 0.768 0.419 0.02 0.034
0 0.845 0.364 0.038 0.036
1 0.028 0.713 0.032 0.03
1 0.033 0.811 0.03 0.03
1 0.121 0.726 0.046 0.036
1 0.18 0.802 0.052 0.036
1 0.046 0.534 0.04 0.028
1 0.214 0.629 0.028 0.034
1 0.369 0.778 0.022 0.028
1 0.392 0.795 0.024 0.034
1 0.061 0.979 0.022 0.026
1 0.303 0.899 0.034 0.018
1 0.267 0.896 0.03 0.02
1 0.198 0.875 0.024 0.018
1 0.246 0.577 0.02 0.022
1 0.05 0.367 0.04 0.014
1 0.048 0.427 0.024 0.026
1 0.825 0.956 0.026 0.02
1 0.917 0.887 0.026 0.03
1 0.929 0.899 0.034 0.026
1 0.938 0.922 0.02 0.024
1 0.976 0.91 0.044 0.02
1 0.97 0.883 0.024 0.022
1 0.99 0.863 0.016 0.034
1 0.991 0.883 0.014 0.018
1 0.159 0.411 0.026 0.026
1 0.231 0.46 0.026 0.028
1 0.607 0.743 0.014 0.026
1 0.532 0.632 0.024 0.024
1 0.548 0.626 0.008 0.012
1 0.561 0.673 0.014 0.03
1 0.579 0.664 0.01 0.016
1 0.406 0.626 0.024 0.032
1 0.769 0.88 0.022 0.024
1 0.664 0.763 0.028 0.022
1 0.395 0.994 0.026 0.008
1 0.794 0.781 0.016 0.034
1 0.314 0.519 0.032 0.034
1 0.358 0.479 0.028 0.022
1 0.356 0.372 0.032 0.02
1 0.292 0.382 0.024 0.028
1 0.517 0.497 0.018 0.026
1 0.504 0.502 0.012 0.02
1 0.226 0.16 0.02 0.024
1 0.234 0.185 0.02 0.026
1 0.106 0.062 0.032 0.024
1 0.121 0.034 0.03 0.02
1 0.093 0.227 0.018 0.034
1 0.09 0.173 0.024 0.03
1 0.273 0.252 0.022 0.024
1 0.159 0.089 0.022 0.018
1 0.21 0.008 0.052 0.012
1 0.273 0.021 0.026 0.03
1 0.315 0.012 0.046 0.02
1 0.438 0.313 0.024 0.022
1 0.747 0.696 0.026 0.024
1 0.717 0.638 0.018 0.02
1 0.805 0.578 0.03 0.036
1 0.566 0.617 0.02 0.026
1 0.582 0.49 0.028 0.016
1 0.593 0.441 0.022 0.026
1 0.577 0.528 0.022 0.028
1 0.814 0.5 0.024 0.016
1 0.842 0.497 0.024 0.018
1 0.885 0.491 0.034 0.014
1 0.442 0.277 0.012 0.018
1 0.547 0.292 0.026 0.02
1 0.553 0.167 0.034 0.014
1 0.554 0.174 0.02 0.008
1 0.631 0.34 0.03 0.02
1 0.653 0.332 0.022 0.02
1 0.697 0.318 0.018 0.02
1 0.604 0.172 0.016 0.024
1 0.9 0.849 0.016 0.026
1 0.912 0.685 0.016 0.018
1 0.896 0.687 0.012 0.014
1 0.961 0.776 0.014 0.016
1 0.943 0.622 0.018 0.024
1 0.488 0.09 0.028 0.024
1 0.51 0.09 0.016 0.028
1 0.49 0.032 0.024 0.02
1 0.915 0.58 0.018 0.028
1 0.774 0.014 0.02 0.024
1 0.843 0.094 0.026 0.024
1 0.861 0.079 0.022 0.022
1 0.892 0.079 0.028 0.018
1 0.893 0.147 0.022 0.022
1 0.678 0.341 0.032 0.03
1 0.722 0.318 0.02 0.032
1 0.743 0.19 0.018 0.032
1 0.939 0.344 0.022 0.016
1 0.875 0.314 0.026 0.016
1 0.756 0.405 0.028 0.018
1 0.89 0.578 0.008 0.02
1 0.945 0.54 0.022 0.02
2 0.196 0.105 0.028 0.026
2 0.279 0.044 0.034 0.02
2 0.524 0.613 0.032 0.026
2 0.592 0.228 0.028 0.028
2 0.792 0.111 0.04 0.03
2 0.817 0.283 0.022 0.03
2 0.755 0.259 0.014 0.014
2 0.869 0.47 0.022 0.024
2 0.599 0.412 0.03 0.028
2 0.551 0.409 0.026 0.022
2 0.923 0.56 0.038 0.024