0 0.026 0.977 0.052 0.042
0 0.086 0.98 0.044 0.036
0 0.11 0.986 0.056 0.024
0 0.179 0.982 0.042 0.032
0 0.197 0.961 0.066 0.074
0 0.297 0.931 0.026 0.022
0 0.403 0.941 0.058 0.062
0 0.438 0.994 0.044 0.008
0 0.486 0.975 0.076 0.046
0 0.474 0.933 0.04 0.054
0 0.546 0.944 0.036 0.048
0 0.568 0.953 0.016 0.03
0 0.606 0.937 0.04 0.042
0 0.568 0.925 0.024 0.03
0 0.674 0.937 0.04 0.05
0 0.696 0.91 0.06 0.08
0 0.713 0.959 0.07 0.058
0 0.776 0.99 0.036 0.016
0 0.816 0.946 0.048 0.084
0 0.802 0.983 0.036 0.026
0 0.82 0.993 0.04 0.01
0 0.76 0.959 0.032 0.026
0 0.759 0.931 0.03 0.038
0 0.746 0.914 0.024 0.036
0 0.739 0.946 0.034 0.056
0 0.897 0.957 0.074 0.082
0 0.883 0.91 0.058 0.052
0 0.959 0.985 0.07 0.026
0 0.953 0.928 0.038 0.068
0 0.99 0.887 0.016 0.026
0 0.584 0.854 0.032 0.052
0 0.537 0.847 0.038 0.05
0 0.555 0.802 0.042 0.052
0 0.48 0.863 0.064 0.078
0 0.382 0.897 0.044 0.058
0 0.338 0.895 0.028 0.026
0 0.302 0.898 0.036 0.028
0 0.237 0.897 0.05 0.066
0 0.21 0.828 0.032 0.056
0 0.159 0.89 0.034 0.028
0 0.155 0.854 0.034 0.052
0 0.11 0.875 0.032 0.062
0 0.09 0.931 0.048 0.054
0 0.076 0.899 0.04 0.038
0 0.046 0.923 0.06 0.078
0 0.01 0.863 0.02 0.066
0 0.012 0.797 0.024 0.058
0 0.056 0.784 0.036 0.044
0 0.099 0.787 0.058 0.062
0 0.16 0.793 0.04 0.058
0 0.249 0.769 0.046 0.066
0 0.298 0.744 0.032 0.052
0 0.324 0.817 0.056 0.09
0 0.334 0.778 0.06 0.08
0 0.983 0.783 0.03 0.062
0 0.968 0.773 0.024 0.038
0 0.992 0.745 0.012 0.054
0 0.981 0.725 0.034 0.054
0 0.907 0.733 0.046 0.062
0 0.95 0.679 0.04 0.058
0 0.906 0.661 0.032 0.046
0 0.879 0.669 0.034 0.05
0 0.817 0.732 0.042 0.06
0 0.782 0.712 0.028 0.048
0 0.702 0.68 0.044 0.032
0 0.662 0.69 0.032 0.056
0 0.681 0.712 0.026 0.032
0 0.678 0.686 0.012 0.028
0 0.624 0.703 0.044 0.074
0 0.571 0.713 0.042 0.038
0 0.528 0.726 0.028 0.036
0 0.016 0.7 0.032 0.096
0 0.053 0.708 0.046 0.048
0 0.189 0.695 0.042 0.054
0 0.127 0.672 0.062 0.064
0 0.03 0.594 0.036 0.044
0 0.011 0.551 0.022 0.062
0 0.083 0.515 0.038 0.042
0 0.111 0.615 0.042 0.054
0 0.2 0.623 0.064 0.066
0 0.271 0.557 0.046 0.054
0 0.304 0.689 0.048 0.058
0 0.404 0.709 0.028 0.03
0 0.39 0.675 0.048 0.058
0 0.435 0.684 0.038 0.06
0 0.467 0.674 0.054 0.056
0 0.515 0.635 0.054 0.098
0 0.522 0.592 0.052 0.06
0 0.373 0.597 0.046 0.082
0 0.427 0.599 0.03 0.03
0 0.449 0.624 0.026 0.032
0 0.432 0.636 0.02 0.032
0 0.604 0.601 0.04 0.082
0 0.639 0.59 0.046 0.064
0 0.663 0.604 0.034 0.04
0 0.691 0.588 0.03 0.032
0 0.704 0.6 0.04 0.04
0 0.745 0.561 0.058 0.078
0 0.985 0.515 0.026 0.058
0 0.877 0.579 0.042 0.07
0 0.852 0.595 0.04 0.05
0 0.957 0.505 0.038 0.042
0 0.895 0.491 0.046 0.054
0 0.057 0.481 0.078 0.066
0 0.137 0.487 0.05 0.07
0 0.184 0.498 0.04 0.056
0 0.268 0.445 0.04 0.062
0 0.235 0.45 0.03 0.056
0 0.219 0.43 0.03 0.044
0 0.336 0.425 0.048 0.07
0 0.372 0.497 0.036 0.074
0 0.404 0.486 0.036 0.076
0 0.432 0.475 0.036 0.042
0 0.479 0.512 0.05 0.072
0 0.657 0.471 0.058 0.082
0 0.708 0.459 0.036 0.038
0 0.719 0.485 0.058 0.026
0 0.751 0.435 0.026 0.034
0 0.789 0.519 0.038 0.05
0 0.992 0.355 0.012 0.046
0 0.914 0.406 0.04 0.04
0 0.871 0.389 0.038 0.03
0 0.913 0.361 0.034 0.062
0 0.785 0.396 0.054 0.032
0 0.708 0.325 0.032 0.042
0 0.657 0.39 0.046 0.064
0 0.619 0.368 0.042 0.056
0 0.588 0.374 0.036 0.036
0 0.584 0.343 0.048 0.038
0 0.562 0.393 0.032 0.046
0 0.543 0.395 0.026 0.038
0 0.539 0.373 0.034 0.034
0 0.471 0.372 0.05 0.072
0 0.475 0.312 0.054 0.06
0 0.517 0.321 0.03 0.05
0 0.412 0.342 0.04 0.056
0 0.363 0.338 0.07 0.056
0 0.18 0.421 0.032 0.054
0 0.082 0.425 0.044 0.054
0 0.005 0.418 0.01 0.04
0 0.027 0.393 0.042 0.038
0 0.004 0.312 0.008 0.036
0 0.033 0.312 0.03 0.056
0 0.051 0.337 0.034 0.026
0 0.075 0.3 0.046 0.076
0 0.117 0.317 0.046 0.03
0 0.153 0.287 0.034 0.066
0 0.172 0.263 0.036 0.062
0 0.19 0.302 0.048 0.044
0 0.249 0.311 0.042 0.05
0 0.28 0.241 0.036 0.054
0 0.233 0.26 0.038 0.048
0 0.227 0.231 0.042 0.038
0 0.319 0.272 0.054 0.08
0 0.553 0.262 0.058 0.068
0 0.581 0.216 0.042 0.068
0 0.629 0.254 0.054 0.056
0 0.699 0.281 0.05 0.062
0 0.726 0.278 0.044 0.048
0 0.85 0.287 0.04 0.042
0 0.877 0.284 0.026 0.044
0 0.913 0.266 0.042 0.06
0 0.966 0.302 0.048 0.072
0 0.976 0.226 0.036 0.048
0 0.905 0.231 0.074 0.058
0 0.857 0.186 0.058 0.076
0 0.94 0.155 0.056 0.054
0 0.983 0.13 0.03 0.072
0 0.983 0.071 0.03 0.026
0 0.019 0.229 0.034 0.046
0 0.065 0.186 0.038 0.076
0 0.108 0.198 0.056 0.076
0 0.223 0.165 0.038 0.046
0 0.21 0.125 0.044 0.054
0 0.359 0.189 0.05 0.046
0 0.409 0.19 0.05 0.064
0 0.436 0.153 0.056 0.062
0 0.163 0.155 0.038 0.066
0 0.024 0.085 0.048 0.062
0 0.054 0.101 0.04 0.03
0 0.025 0.042 0.046 0.048
0 0.162 0.092 0.04 0.044
0 0.154 0.018 0.056 0.032
0 0.136 0.038 0.06 0.072
0 0.091 0.031 0.038 0.054
0 0.074 0.021 0.06 0.038
0 0.035 0.016 0.038 0.028
0 0.204 0.019 0.044 0.034
0 0.24 0.014 0.044 0.024
0 0.301 0.037 0.042 0.07
0 0.343 0.035 0.046 0.066
0 0.377 0.031 0.046 0.058
0 0.396 0.011 0.024 0.018
0 0.414 0.02 0.02 0.036
0 0.396 0.1 0.04 0.056
0 0.439 0.114 0.042 0.048
0 0.467 0.23 0.05 0.036
0 0.462 0.196 0.032 0.04
0 0.472 0.114 0.032 0.052
0 0.526 0.136 0.04 0.06
0 0.556 0.182 0.04 0.06
0 0.63 0.192 0.028 0.028
0 0.695 0.225 0.034 0.054
0 0.741 0.194 0.038 0.072
0 0.806 0.212 0.044 0.056
0 0.761 0.223 0.034 0.026
0 0.559 0.033 0.042 0.054
0 0.601 0.035 0.034 0.054
0 0.721 0.121 0.05 0.062
0 0.539 0.062 0.034 0.056
0 0.598 0.068 0.036 0.036
0 0.622 0.147 0.036 0.038
0 0.66 0.04 0.048 0.052
0 0.683 0.047 0.038 0.066
0 0.742 0.048 0.044 0.06
0 0.967 0.018 0.038 0.032
0 0.908 0.041 0.048 0.062
1 0.479 0.641 0.03 0.03
1 0.274 0.985 0.028 0.026
1 0.357 0.996 0.022 0.004
1 0.526 0.98 0.032 0.028
1 0.529 0.987 0.01 0.014
1 0.979 0.939 0.022 0.03
1 0.961 0.898 0.022 0.028
1 0.872 0.831 0.036 0.026
1 0.789 0.851 0.03 0.038
1 0.747 0.835 0.03 0.038
1 0.726 0.867 0.024 0.026
1 0.718 0.865 0.02 0.026
1 0.6 0.89 0.028 0.04
1 0.269 0.84 0.022 0.024
1 0.063 0.867 0.042 0.022
1 0.003 0.761 0.006 0.014
1 0.143 0.736 0.03 0.02
1 0.162 0.703 0.036 0.022
1 0.102 0.685 0.028 0.03
1 0.044 0.639 0.04 0.034
1 0.04 0.537 0.024 0.026
1 0.032 0.516 0.028 0.024
1 0.347 0.693 0.038 0.03
1 0.299 0.667 0.03 0.034
1 0.802 0.573 0.036 0.03
1 0.793 0.611 0.026 0.03
1 0.945 0.459 0.034 0.034
1 0.89 0.432 0.028 0.028
1 0.862 0.425 0.028 0.03
1 0.859 0.456 0.042 0.044
1 0.225 0.493 0.014 0.022
1 0.209 0.494 0.018 0.02
1 0.197 0.474 0.03 0.024
1 0.188 0.453 0.028 0.03
1 0.514 0.505 0.028 0.022
1 0.776 0.508 0.016 0.024
1 0.82 0.396 0.02 0.036
1 0.83 0.418 0.016 0.044
1 0.452 0.279 0.036 0.018
1 0.037 0.417 0.018 0.05
1 0.016 0.268 0.02 0.032
1 0.144 0.348 0.028 0.024
1 0.159 0.361 0.034 0.03
1 0.418 0.29 0.024 0.028
1 0.648 0.284 0.028 0.02
1 0.612 0.285 0.028 0.026
1 0.597 0.268 0.026 0.028
1 0.803 0.354 0.014 0.016
1 0.995 0.171 0.006 0.034
1 0.937 0.082 0.022 0.024
1 0.007 0.227 0.014 0.042
1 0.266 0.187 0.04 0.026
1 0.321 0.189 0.022 0.046
1 0.188 0.095 0.02 0.026
1 0.242 0.039 0.032 0.026
1 0.481 0.04 0.034 0.032
1 0.532 0.102 0.02 0.02
1 0.523 0.086 0.03 0.024
1 0.892 0.052 0.02 0.028
1 0.884 0.014 0.028 0.024
2 0.269 0.953 0.03 0.026
2 0.353 0.951 0.026 0.034
2 0.518 0.98 0.02 0.02
2 0.564 0.978 0.02 0.02
2 0.674 0.832 0.032 0.04
2 0.578 0.898 0.008 0.02
2 0.524 0.896 0.028 0.028
2 0.382 0.926 0.012 0.016
2 0.375 0.908 0.014 0.016
2 0.307 0.857 0.062 0.046
2 0.208 0.892 0.048 0.076
2 0.277 0.814 0.01 0.012
2 0.449 0.807 0.046 0.05
2 0.923 0.68 0.018 0.028
2 0.923 0.786 0.01 0.02
2 0.869 0.781 0.026 0.026
2 0.835 0.656 0.022 0.028
2 0.818 0.669 0.012 0.014
2 0.696 0.7 0.032 0.028
2 0.598 0.753 0.036 0.034
2 0.595 0.795 0.01 0.014
2 0.125 0.727 0.014 0.018
2 0.085 0.604 0.014 0.02
2 0.213 0.575 0.01 0.022
2 0.231 0.613 0.026 0.026
2 0.174 0.56 0.02 0.024
2 0.465 0.705 0.018 0.018
2 0.404 0.627 0.012 0.014
2 0.376 0.646 0.012 0.02
2 0.423 0.574 0.022 0.028
2 0.506 0.56 0.024 0.032
2 0.526 0.551 0.02 0.018
2 0.52 0.538 0.02 0.02
2 0.492 0.575 0.016 0.022
2 0.528 0.566 0.028 0.024
2 0.904 0.584 0.012 0.028
2 0.85 0.56 0.028 0.024
2 0.967 0.552 0.01 0.012
2 0.921 0.549 0.022 0.018
2 0.944 0.55 0.036 0.04
2 0.921 0.565 0.022 0.026
2 0.321 0.486 0.046 0.028
2 0.415 0.524 0.026 0.016
2 0.398 0.45 0.028 0.032
2 0.619 0.55 0.022 0.024
2 0.521 0.441 0.038 0.038
2 0.6 0.448 0.04 0.04
2 0.748 0.465 0.016 0.014
2 0.737 0.453 0.022 0.014
2 0.739 0.475 0.018 0.014
2 0.827 0.52 0.022 0.02
2 0.951 0.36 0.05 0.048
2 0.833 0.375 0.03 0.038
2 0.547 0.348 0.03 0.024
2 0.516 0.275 0.024 0.046
2 0.54 0.32 0.016 0.012
2 0.388 0.398 0.016 0.012
2 0.006 0.456 0.012 0.02
2 0.094 0.35 0.024 0.028
2 0.014 0.304 0.02 0.036
2 0.04 0.274 0.016 0.024
2 0.088 0.275 0.048 0.038
2 0.172 0.387 0.012 0.022
2 0.362 0.273 0.032 0.05
2 0.395 0.249 0.042 0.046
2 0.436 0.301 0.02 0.022
2 0.812 0.311 0.04 0.066
2 0.789 0.345 0.022 0.026
2 0.812 0.364 0.024 0.028
2 0.996 0.067 0.004 0.022
2 0.43 0.226 0.012 0.024
2 0.166 0.204 0.036 0.04
2 0.14 0.145 0.036 0.034
2 0.231 0.1 0.038 0.032
2 0.406 0.066 0.024 0.02
2 0.428 0.043 0.024 0.046
2 0.331 0.102 0.03 0.052
2 0.352 0.114 0.02 0.028
2 0.313 0.164 0.022 0.016
2 0.476 0.258 0.016 0.02
2 0.511 0.216 0.03 0.016
2 0.486 0.206 0.016 0.028
2 0.471 0.158 0.038 0.056
2 0.643 0.218 0.034 0.032
2 0.837 0.222 0.022 0.028
2 0.523 0.18 0.018 0.028
2 0.936 0.123 0.044 0.03
2 0.765 0.142 0.042 0.044
2 0.658 0.086 0.044 0.048
2 0.661 0.137 0.03 0.042
2 0.575 0.106 0.042 0.056
2 0.563 0.127 0.022 0.03
2 0.503 0.092 0.034 0.036
2 0.94 0.009 0.02 0.014
2 0.466 0.754 0.06 0.072
0 0.024 0.98 0.048 0.036
0 0.11 0.985 0.048 0.026
0 0.086 0.98 0.044 0.036
0 0.179 0.982 0.038 0.032
0 0.195 0.957 0.058 0.066
0 0.088 0.924 0.044 0.036
0 0.048 0.919 0.056 0.07
0 0.075 0.894 0.034 0.024
0 0.11 0.873 0.028 0.054
0 0.011 0.86 0.022 0.056
0 0.012 0.793 0.024 0.046
0 0.056 0.785 0.032 0.038
0 0.096 0.786 0.052 0.056
0 0.162 0.79 0.036 0.048
0 0.211 0.827 0.03 0.05
0 0.235 0.897 0.042 0.066
0 0.382 0.895 0.04 0.05
0 0.405 0.943 0.054 0.054
0 0.484 0.861 0.06 0.07
0 0.537 0.847 0.034 0.046
0 0.556 0.801 0.04 0.05
0 0.585 0.852 0.034 0.048
0 0.553 0.95 0.042 0.06
0 0.481 0.977 0.062 0.042
0 0.475 0.931 0.038 0.05
0 0.69 0.916 0.064 0.08
0 0.717 0.965 0.07 0.066
0 0.817 0.944 0.042 0.064
0 0.746 0.935 0.052 0.078
0 0.895 0.958 0.07 0.072
0 0.89 0.914 0.068 0.056
0 0.952 0.925 0.028 0.046
0 0.957 0.984 0.058 0.028
0 0.976 0.778 0.044 0.056
0 0.98 0.73 0.036 0.056
0 0.953 0.676 0.034 0.052
0 0.909 0.732 0.046 0.056
0 0.818 0.731 0.04 0.054
0 0.743 0.564 0.05 0.068
0 0.667 0.692 0.042 0.048
0 0.624 0.703 0.044 0.054
0 0.525 0.587 0.046 0.054
0 0.513 0.629 0.046 0.07
0 0.605 0.59 0.034 0.056
0 0.641 0.596 0.034 0.056
0 0.392 0.678 0.04 0.044
0 0.371 0.592 0.038 0.06
0 0.272 0.558 0.04 0.044
0 0.267 0.443 0.042 0.058
0 0.339 0.424 0.046 0.056
0 0.372 0.491 0.032 0.062
0 0.408 0.49 0.04 0.072
0 0.477 0.506 0.046 0.06
0 0.477 0.369 0.042 0.058
0 0.477 0.31 0.05 0.056
0 0.365 0.338 0.066 0.048
0 0.32 0.272 0.048 0.064
0 0.075 0.301 0.046 0.07
0 0.038 0.314 0.044 0.064
0 0.019 0.229 0.038 0.05
0 0.064 0.187 0.04 0.062
0 0.105 0.191 0.046 0.058
0 0.025 0.08 0.042 0.048
0 0.137 0.035 0.05 0.058
0 0.172 0.091 0.048 0.042
0 0.209 0.126 0.038 0.06
0 0.224 0.167 0.032 0.042
0 0.16 0.157 0.036 0.058
0 0.303 0.034 0.038 0.064
0 0.155 0.016 0.054 0.028
0 0.025 0.038 0.046 0.036
0 0.082 0.026 0.052 0.048
0 0.042 0.015 0.04 0.026
0 0.344 0.025 0.044 0.046
0 0.379 0.026 0.046 0.048
0 0.56 0.032 0.04 0.044
0 0.599 0.068 0.03 0.028
0 0.602 0.034 0.032 0.048
0 0.528 0.13 0.036 0.04
0 0.556 0.182 0.04 0.048
0 0.556 0.251 0.052 0.046
0 0.581 0.213 0.034 0.05
0 0.632 0.255 0.048 0.054
0 0.696 0.22 0.036 0.044
0 0.743 0.192 0.038 0.06
0 0.017 0.696 0.034 0.084
0 0.057 0.706 0.038 0.048
0 0.199 0.626 0.05 0.048
0 0.247 0.767 0.034 0.054
0 0.324 0.815 0.056 0.078
0 0.334 0.777 0.06 0.07
0 0.298 0.74 0.032 0.04
0 0.305 0.689 0.046 0.054
0 0.467 0.676 0.046 0.048
0 0.437 0.678 0.034 0.044
0 0.661 0.606 0.03 0.032
0 0.79 0.517 0.036 0.042
0 0.852 0.585 0.036 0.062
0 0.883 0.582 0.034 0.06
0 0.879 0.667 0.03 0.046
0 0.712 0.469 0.044 0.05
0 0.663 0.467 0.042 0.062
0 0.656 0.387 0.044 0.062
0 0.619 0.369 0.038 0.054
0 0.554 0.391 0.048 0.038
0 0.709 0.329 0.03 0.038
0 0.728 0.272 0.04 0.04
0 0.86 0.286 0.052 0.044
0 0.912 0.265 0.04 0.05
0 0.968 0.305 0.044 0.058
0 0.914 0.359 0.032 0.058
0 0.896 0.489 0.04 0.046
0 0.985 0.512 0.026 0.048
0 0.786 0.394 0.048 0.032
0 0.698 0.277 0.048 0.05
0 0.809 0.211 0.042 0.046
0 0.859 0.197 0.05 0.062
0 0.905 0.23 0.062 0.048
0 0.978 0.227 0.032 0.042
0 0.942 0.152 0.048 0.048
0 0.984 0.119 0.028 0.066
0 0.908 0.04 0.036 0.048
0 0.746 0.046 0.048 0.052
0 0.723 0.122 0.042 0.056
0 0.688 0.049 0.028 0.058
0 0.658 0.04 0.036 0.044
0 0.621 0.145 0.03 0.034
0 0.538 0.062 0.028 0.044
0 0.471 0.11 0.03 0.044
0 0.438 0.112 0.04 0.04
0 0.437 0.153 0.046 0.054
0 0.397 0.096 0.034 0.044
0 0.576 0.103 0.036 0.054
0 0.412 0.193 0.048 0.066
0 0.465 0.232 0.038 0.036
0 0.359 0.186 0.038 0.04
0 0.281 0.235 0.03 0.042
0 0.248 0.31 0.04 0.036
0 0.235 0.26 0.03 0.04
0 0.226 0.234 0.036 0.036
0 0.156 0.283 0.036 0.05
0 0.194 0.3 0.044 0.044
0 0.172 0.264 0.028 0.06
0 0.227 0.444 0.042 0.06
0 0.183 0.419 0.03 0.05
0 0.139 0.485 0.042 0.054
0 0.188 0.492 0.04 0.056
0 0.085 0.517 0.038 0.038
0 0.106 0.617 0.044 0.046
0 0.122 0.669 0.048 0.05
0 0.189 0.696 0.034 0.044
0 0.055 0.478 0.062 0.056
0 0.083 0.422 0.042 0.044
0 0.029 0.406 0.038 0.06
0 0.01 0.549 0.02 0.062
0 0.028 0.596 0.032 0.036
0 0.057 0.102 0.034 0.02
0 0.862 0.454 0.032 0.032
0 0.993 0.354 0.01 0.044
0 0.415 0.333 0.03 0.042
0 0.395 0.249 0.034 0.042
0 0.525 0.32 0.038 0.04
0 0.544 0.365 0.032 0.022
0 0.586 0.356 0.04 0.06
0 0.463 0.195 0.026 0.042
0 0.241 0.037 0.026 0.022
0 0.243 0.013 0.038 0.022
0 0.203 0.015 0.042 0.026
0 0.005 0.42 0.01 0.04
0 0.699 0.594 0.046 0.048
1 0.066 0.869 0.032 0.022
1 0.275 0.986 0.022 0.024
1 0.298 0.93 0.024 0.02
1 0.268 0.952 0.02 0.024
1 0.302 0.896 0.032 0.024
1 0.34 0.895 0.024 0.022
1 0.357 0.952 0.03 0.024
1 0.527 0.979 0.03 0.026
1 0.566 0.924 0.016 0.032
1 0.603 0.935 0.034 0.034
1 0.603 0.891 0.026 0.038
1 0.573 0.714 0.034 0.036
1 0.528 0.725 0.02 0.03
1 0.404 0.707 0.024 0.022
1 0.347 0.691 0.03 0.026
1 0.299 0.666 0.026 0.028
1 0.481 0.644 0.026 0.024
1 0.445 0.624 0.026 0.028
1 0.427 0.598 0.026 0.024
1 0.16 0.887 0.028 0.034
1 0.156 0.855 0.024 0.042
1 0.143 0.736 0.026 0.02
1 0.164 0.704 0.028 0.016
1 0.102 0.683 0.02 0.022
1 0.044 0.637 0.028 0.022
1 0.042 0.537 0.016 0.026
1 0.035 0.512 0.022 0.024
1 0.214 0.492 0.028 0.02
1 0.185 0.457 0.026 0.03
1 0.143 0.35 0.03 0.024
1 0.018 0.266 0.02 0.024
1 0.265 0.188 0.022 0.016
1 0.321 0.188 0.022 0.04
1 0.453 0.28 0.026 0.016
1 0.63 0.192 0.024 0.032
1 0.65 0.285 0.024 0.022
1 0.612 0.286 0.02 0.02
1 0.596 0.265 0.02 0.018
1 0.762 0.223 0.032 0.022
1 0.874 0.388 0.028 0.02
1 0.889 0.432 0.022 0.024
1 0.945 0.461 0.022 0.026
1 0.864 0.427 0.02 0.03
1 0.803 0.356 0.018 0.024
1 0.757 0.435 0.03 0.026
1 0.399 0.009 0.022 0.014
1 0.415 0.02 0.018 0.036
1 0.483 0.039 0.026 0.022
1 0.527 0.092 0.03 0.032
1 0.364 0.268 0.02 0.024
1 0.236 0.095 0.028 0.03
1 0.114 0.323 0.036 0.022
1 0.514 0.505 0.028 0.022
1 0.8 0.573 0.028 0.026
1 0.792 0.611 0.02 0.026
1 0.704 0.678 0.04 0.032
1 0.685 0.712 0.022 0.032
1 0.783 0.714 0.018 0.044
1 0.908 0.657 0.024 0.034
1 0.788 0.849 0.024 0.03
1 0.874 0.829 0.032 0.026
1 0.749 0.835 0.026 0.034
1 0.723 0.864 0.026 0.024
1 0.764 0.959 0.024 0.018
1 0.777 0.992 0.038 0.012
1 0.804 0.983 0.032 0.026
1 0.821 0.995 0.046 0.006
1 0.98 0.94 0.02 0.024
1 0.961 0.898 0.014 0.028
1 0.994 0.888 0.008 0.028
1 0.984 0.069 0.028 0.022
1 0.935 0.081 0.018 0.022
1 0.971 0.009 0.042 0.014
1 0.887 0.013 0.022 0.022
1 0.893 0.051 0.018 0.03
2 0.469 0.755 0.058 0.074
2 0.452 0.807 0.044 0.042
2 0.814 0.305 0.032 0.05
2 0.839 0.374 0.03 0.04
2 0.825 0.405 0.026 0.046
2 0.958 0.503 0.028 0.042
2 0.954 0.357 0.04 0.042
2 0.912 0.405 0.032 0.038
2 0.831 0.206 0.038 0.052
2 0.643 0.219 0.034 0.026
2 0.663 0.135 0.034 0.038
2 0.767 0.137 0.03 0.034
2 0.652 0.085 0.032 0.062
2 0.339 0.105 0.038 0.038
2 0.47 0.159 0.032 0.05
2 0.504 0.091 0.028 0.038
2 0.43 0.048 0.02 0.032
2 0.424 0.292 0.032 0.028
2 0.516 0.275 0.024 0.038
2 0.55 0.346 0.02 0.024
2 0.139 0.146 0.042 0.032
2 0.168 0.206 0.044 0.044
2 0.087 0.273 0.046 0.026
2 0.161 0.366 0.03 0.028
2 0.011 0.308 0.022 0.052
2 0.317 0.484 0.058 0.032
2 0.432 0.479 0.032 0.05
2 0.402 0.457 0.028 0.026
2 0.514 0.559 0.044 0.046
2 0.936 0.554 0.052 0.04
2 0.833 0.658 0.022 0.032
2 0.597 0.754 0.038 0.036