0 0.644 0.196 0.056 0.092
0 0.931 0.926 0.042 0.052
0 0.847 0.93 0.038 0.04
0 0.9 0.9 0.044 0.04
0 0.86 0.844 0.044 0.052
0 0.888 0.873 0.04 0.05
0 0.89 0.824 0.036 0.044
0 0.944 0.851 0.028 0.042
0 0.732 0.966 0.06 0.044
0 0.714 0.932 0.04 0.028
0 0.65 0.946 0.036 0.052
0 0.619 0.966 0.038 0.028
0 0.588 0.972 0.02 0.032
0 0.559 0.945 0.042 0.026
0 0.567 0.913 0.038 0.038
0 0.486 0.913 0.044 0.038
0 0.491 0.961 0.054 0.042
0 0.466 0.968 0.028 0.04
0 0.415 0.969 0.03 0.042
0 0.372 0.965 0.036 0.054
0 0.242 0.969 0.04 0.034
0 0.19 0.979 0.036 0.038
0 0.14 0.957 0.044 0.05
0 0.11 0.981 0.036 0.034
0 0.283 0.928 0.038 0.044
0 0.235 0.886 0.05 0.052
0 0.195 0.947 0.042 0.054
0 0.151 0.871 0.046 0.038
0 0.106 0.873 0.04 0.054
0 0.046 0.835 0.044 0.074
0 0.024 0.78 0.044 0.052
0 0.792 0.977 0.044 0.042
0 0.819 0.888 0.034 0.044
0 0.774 0.912 0.032 0.048
0 0.702 0.88 0.052 0.052
0 0.621 0.724 0.062 0.04
0 0.587 0.734 0.038 0.052
0 0.591 0.673 0.042 0.062
0 0.627 0.67 0.03 0.032
0 0.583 0.625 0.042 0.042
0 0.518 0.618 0.048 0.048
0 0.432 0.568 0.028 0.048
0 0.431 0.859 0.038 0.054
0 0.411 0.837 0.038 0.05
0 0.38 0.846 0.028 0.048
0 0.382 0.797 0.044 0.05
0 0.504 0.492 0.044 0.052
0 0.514 0.466 0.044 0.052
0 0.449 0.451 0.034 0.062
0 0.398 0.472 0.044 0.06
0 0.382 0.418 0.048 0.056
0 0.277 0.499 0.05 0.058
0 0.231 0.53 0.07 0.076
0 0.184 0.822 0.048 0.06
0 0.257 0.809 0.054 0.058
0 0.65 0.784 0.044 0.048
0 0.682 0.762 0.036 0.024
0 0.811 0.694 0.038 0.06
0 0.775 0.715 0.038 0.05
0 0.755 0.72 0.03 0.068
0 0.765 0.769 0.046 0.03
0 0.739 0.77 0.018 0.04
0 0.686 0.795 0.028 0.03
0 0.683 0.779 0.022 0.022
0 0.975 0.791 0.046 0.046
0 0.941 0.713 0.042 0.05
0 0.556 0.851 0.036 0.05
0 0.23 0.705 0.052 0.054
0 0.317 0.725 0.042 0.03
0 0.153 0.732 0.042 0.048
0 0.241 0.617 0.054 0.046
0 0.141 0.645 0.046 0.054
0 0.126 0.578 0.044 0.064
0 0.075 0.587 0.038 0.05
0 0.066 0.497 0.048 0.046
0 0.022 0.51 0.036 0.048
0 0.107 0.488 0.034 0.052
0 0.141 0.505 0.046 0.042
0 0.046 0.372 0.044 0.068
0 0.326 0.892 0.024 0.032
0 0.325 0.869 0.026 0.022
0 0.043 0.682 0.042 0.052
0 0.018 0.687 0.032 0.062
0 0.351 0.651 0.054 0.054
0 0.417 0.641 0.046 0.042
0 0.263 0.654 0.046 0.032
0 0.955 0.569 0.046 0.066
0 0.853 0.626 0.05 0.036
0 0.839 0.581 0.038 0.054
0 0.739 0.513 0.05 0.054
0 0.58 0.507 0.036 0.038
0 0.917 0.486 0.03 0.056
0 0.936 0.432 0.06 0.048
0 0.93 0.366 0.04 0.048
0 0.846 0.362 0.052 0.048
0 0.83 0.318 0.044 0.06
0 0.849 0.284 0.042 0.06
0 0.727 0.272 0.05 0.084
0 0.697 0.334 0.042 0.048
0 0.645 0.392 0.046 0.04
0 0.589 0.429 0.042 0.062
0 0.209 0.461 0.054 0.054
0 0.271 0.435 0.038 0.05
0 0.109 0.341 0.046 0.042
0 0.628 0.478 0.048 0.048
0 0.656 0.511 0.028 0.038
0 0.654 0.609 0.04 0.046
0 0.53 0.185 0.068 0.074
0 0.577 0.108 0.058 0.092
0 0.518 0.096 0.064 0.072
0 0.381 0.043 0.046 0.042
0 0.303 0.072 0.034 0.04
0 0.268 0.057 0.056 0.042
0 0.489 0.266 0.062 0.08
0 0.462 0.217 0.044 0.046
0 0.462 0.168 0.048 0.064
0 0.356 0.236 0.04 0.052
0 0.3 0.266 0.024 0.044
0 0.278 0.187 0.036 0.05
0 0.272 0.144 0.036 0.04
0 0.179 0.125 0.046 0.054
0 0.171 0.074 0.034 0.048
0 0.139 0.08 0.042 0.068
0 0.074 0.072 0.04 0.036
0 0.305 0.225 0.054 0.07
0 0.209 0.238 0.066 0.08
0 0.214 0.322 0.056 0.076
0 0.029 0.229 0.054 0.082
0 0.049 0.293 0.034 0.042
0 0.462 0.326 0.036 0.048
0 0.559 0.381 0.038 0.038
0 0.612 0.326 0.028 0.036
0 0.81 0.498 0.036 0.044
0 0.781 0.202 0.046 0.06
0 0.751 0.132 0.042 0.044
0 0.78 0.11 0.032 0.036
0 0.766 0.09 0.044 0.036
0 0.676 0.039 0.044 0.054
0 0.766 0.043 0.04 0.042
0 0.734 0.027 0.04 0.042
0 0.944 0.182 0.044 0.08
0 0.898 0.17 0.028 0.04
0 0.614 0.198 0.028 0.064
1 0.929 0.818 0.018 0.024
1 0.897 0.787 0.022 0.022
1 0.885 0.754 0.03 0.024
1 0.687 0.978 0.022 0.02
1 0.516 0.934 0.028 0.024
1 0.058 0.99 0.02 0.016
1 0.259 0.9 0.014 0.02
1 0.2 0.915 0.028 0.014
1 0.906 0.959 0.032 0.026
1 0.846 0.964 0.036 0.028
1 0.821 0.973 0.014 0.03
1 0.64 0.828 0.032 0.024
1 0.527 0.662 0.022 0.036
1 0.492 0.584 0.024 0.04
1 0.271 0.559 0.018 0.038
1 0.255 0.851 0.018 0.022
1 0.721 0.77 0.014 0.024
1 0.899 0.72 0.026 0.024
1 0.558 0.788 0.028 0.028
1 0.536 0.773 0.016 0.034
1 0.47 0.723 0.02 0.026
1 0.422 0.785 0.024 0.03
1 0.384 0.712 0.024 0.024
1 0.333 0.754 0.018 0.016
1 0.333 0.78 0.018 0.036
1 0.269 0.741 0.026 0.022
1 0.191 0.7 0.018 0.028
1 0.075 0.763 0.03 0.038
1 0.205 0.605 0.03 0.018
1 0.114 0.657 0.016 0.034
1 0.091 0.44 0.038 0.016
1 0.05 0.425 0.04 0.014
1 0.03 0.419 0.044 0.026
1 0.442 0.927 0.02 0.026
1 0.401 0.926 0.026 0.02
1 0.402 0.886 0.016 0.02
1 0.415 0.885 0.01 0.022
1 0.328 0.916 0.008 0.016
1 0.397 0.616 0.03 0.024
1 0.076 0.908 0.016 0.008
1 0.07 0.902 0.024 0.02
1 0.591 0.919 0.01 0.018
1 0.938 0.592 0.02 0.024
1 0.889 0.577 0.03 0.022
1 0.668 0.535 0.024 0.038
1 0.964 0.502 0.028 0.028
1 0.801 0.366 0.026 0.024
1 0.791 0.253 0.03 0.018
1 0.707 0.368 0.026 0.036
1 0.641 0.446 0.026 0.024
1 0.189 0.417 0.01 0.018
1 0.166 0.415 0.012 0.022
1 0.682 0.599 0.02 0.018
1 0.505 0.042 0.018 0.028
1 0.441 0.011 0.026 0.018
1 0.426 0.182 0.032 0.02
1 0.386 0.184 0.028 0.016
1 0.261 0.113 0.014 0.03
1 0.241 0.103 0.018 0.034
1 0.141 0.269 0.014 0.026
1 0.122 0.249 0.028 0.034
1 0.152 0.373 0.02 0.026
1 0.135 0.376 0.018 0.032
1 0.115 0.368 0.022 0.028
1 0.136 0.186 0.016 0.036
1 0.074 0.193 0.016 0.022
1 0.032 0.134 0.024 0.024
1 0.009 0.106 0.014 0.032
1 0.472 0.379 0.024 0.022
1 0.205 0.016 0.022 0.02
1 0.1 0.027 0.024 0.022
1 0.329 0.105 0.03 0.026
1 0.392 0.284 0.032 0.036
1 0.602 0.29 0.02 0.016
1 0.605 0.258 0.026 0.02
1 0.335 0.456 0.018 0.036
1 0.299 0.427 0.014 0.018
1 0.772 0.643 0.016 0.018
1 0.69 0.685 0.02 0.01
1 0.795 0.52 0.026 0.02
1 0.719 0.43 0.026 0.024
1 0.642 0.495 0.016 0.026
1 0.633 0.055 0.034 0.022
1 0.653 0.019 0.018 0.018
1 0.853 0.146 0.026 0.02
1 0.825 0.179 0.018 0.026
1 0.875 0.195 0.018 0.018
1 0.892 0.201 0.016 0.018
1 0.613 0.149 0.022 0.018
1 0.411 0.571 0.022 0.026
1 0.984 0.183 0.016 0.038
1 0.979 0.085 0.034 0.038
1 0.99 0.06 0.016 0.02
1 0.945 0.048 0.03 0.024
2 0.798 0.846 0.036 0.032
2 0.957 0.75 0.022 0.024
2 0.851 0.758 0.022 0.032
2 0.524 0.79 0.012 0.012
2 0.496 0.782 0.032 0.06
2 0.459 0.748 0.038 0.052
2 0.287 0.754 0.026 0.024
2 0.268 0.768 0.04 0.028
2 0.365 0.904 0.03 0.032
2 0.322 0.848 0.036 0.02
2 0.276 0.625 0.028 0.022
2 0.2 0.503 0.032 0.034
2 0.169 0.38 0.018 0.032
2 0.181 0.394 0.01 0.016
2 0.025 0.312 0.03 0.024
2 0.067 0.117 0.03 0.022
2 0.199 0.038 0.018 0.02
2 0.642 0.264 0.024 0.028
2 0.026 0.449 0.02 0.03
2 0.751 0.609 0.026 0.022
2 0.752 0.41 0.04 0.04
2 0.602 0.475 0.028 0.046
2 0.923 0.313 0.022 0.03
2 0.93 0.082 0.04 0.028
2 0.904 0.029 0.028 0.026