0 0.271 0.672 0.042 0.06
0 0.016 0.95 0.032 0.056
0 0.011 0.975 0.022 0.046
0 0.123 0.975 0.038 0.046
0 0.169 0.916 0.042 0.06
0 0.223 0.957 0.042 0.058
0 0.364 0.994 0.028 0.008
0 0.429 0.991 0.042 0.014
0 0.42 0.94 0.04 0.052
0 0.378 0.952 0.024 0.024
0 0.517 0.976 0.038 0.044
0 0.585 0.967 0.046 0.062
0 0.617 0.91 0.034 0.048
0 0.66 0.921 0.032 0.054
0 0.657 0.89 0.042 0.08
0 0.676 0.868 0.032 0.052
0 0.793 0.901 0.05 0.058
0 0.908 0.891 0.04 0.062
0 0.942 0.829 0.036 0.042
0 0.851 0.774 0.042 0.056
0 0.883 0.702 0.046 0.068
0 0.904 0.665 0.04 0.07
0 0.958 0.709 0.044 0.098
0 0.985 0.679 0.026 0.046
0 0.843 0.607 0.05 0.07
0 0.88 0.531 0.048 0.07
0 0.871 0.474 0.038 0.064
0 0.914 0.489 0.04 0.05
0 0.918 0.444 0.04 0.056
0 0.891 0.378 0.034 0.04
0 0.879 0.357 0.018 0.03
0 0.826 0.337 0.044 0.054
0 0.919 0.358 0.054 0.092
0 0.912 0.304 0.032 0.036
0 0.961 0.331 0.05 0.062
0 0.982 0.293 0.028 0.038
0 0.943 0.29 0.026 0.024
0 0.914 0.205 0.044 0.058
0 0.829 0.137 0.038 0.062
0 0.879 0.128 0.046 0.064
0 0.92 0.148 0.036 0.056
0 0.899 0.103 0.034 0.05
0 0.986 0.11 0.024 0.056
0 0.877 0.02 0.042 0.036
0 0.9 0.006 0.02 0.008
0 0.728 0.012 0.06 0.02
0 0.784 0.024 0.044 0.044
0 0.834 0.022 0.036 0.04
0 0.569 0.058 0.034 0.06
0 0.656 0.055 0.032 0.042
0 0.743 0.084 0.046 0.044
0 0.642 0.114 0.036 0.068
0 0.614 0.18 0.044 0.064
0 0.625 0.233 0.026 0.038
0 0.663 0.257 0.038 0.07
0 0.711 0.257 0.038 0.058
0 0.656 0.338 0.056 0.096
0 0.305 0.027 0.054 0.05
0 0.397 0.035 0.038 0.05
0 0.376 0.016 0.036 0.028
0 0.547 0.251 0.038 0.058
0 0.489 0.206 0.026 0.044
0 0.551 0.347 0.042 0.054
0 0.564 0.425 0.036 0.058
0 0.601 0.434 0.042 0.048
0 0.525 0.444 0.042 0.052
0 0.511 0.47 0.038 0.036
0 0.469 0.504 0.038 0.032
0 0.423 0.508 0.038 0.044
0 0.44 0.614 0.048 0.076
0 0.437 0.668 0.034 0.036
0 0.583 0.647 0.054 0.074
0 0.567 0.712 0.054 0.072
0 0.618 0.774 0.036 0.056
0 0.689 0.784 0.046 0.052
0 0.737 0.811 0.042 0.042
0 0.718 0.739 0.044 0.058
0 0.798 0.738 0.036 0.056
0 0.229 0.067 0.05 0.082
0 0.289 0.146 0.03 0.048
0 0.198 0.016 0.044 0.028
0 0.167 0.085 0.042 0.074
0 0.143 0.125 0.042 0.086
0 0.19 0.171 0.028 0.042
0 0.177 0.157 0.022 0.034
0 0.015 0.298 0.03 0.052
0 0.059 0.45 0.038 0.064
0 0.023 0.439 0.038 0.05
0 0.024 0.399 0.032 0.03
0 0.093 0.297 0.042 0.062
0 0.088 0.319 0.032 0.05
0 0.039 0.358 0.046 0.072
0 0.05 0.278 0.04 0.048
0 0.178 0.34 0.068 0.088
0 0.279 0.327 0.038 0.07
0 0.321 0.316 0.046 0.06
0 0.242 0.475 0.02 0.038
0 0.259 0.483 0.038 0.046
0 0.274 0.56 0.044 0.068
0 0.332 0.568 0.036 0.056
0 0.238 0.616 0.04 0.04
0 0.224 0.591 0.024 0.038
0 0.355 0.633 0.038 0.058
0 0.315 0.821 0.022 0.034
0 0.302 0.848 0.044 0.072
0 0.316 0.912 0.036 0.06
0 0.513 0.877 0.034 0.054
0 0.425 0.792 0.042 0.06
0 0.238 0.786 0.044 0.056
0 0.216 0.765 0.036 0.042
0 0.2 0.83 0.048 0.056
0 0.109 0.881 0.038 0.07
0 0.028 0.82 0.028 0.048
0 0.083 0.72 0.042 0.068
0 0.578 0.546 0.052 0.084
0 0.7 0.518 0.036 0.06
0 0.837 0.554 0.042 0.044
0 0.79 0.444 0.032 0.032
0 0.692 0.642 0.04 0.048
0 0.776 0.657 0.028 0.046
0 0.366 0.152 0.048 0.068
0 0.275 0.397 0.038 0.054
0 0.46 0.413 0.036 0.042
0 0.441 0.173 0.046 0.078
0 0.43 0.233 0.036 0.042
0 0.231 0.186 0.054 0.076
0 0.425 0.462 0.03 0.036
0 0.356 0.264 0.044 0.048
0 0.339 0.203 0.042 0.062
0 0.386 0.399 0.036 0.062
0 0.112 0.068 0.04 0.068
0 0.049 0.072 0.034 0.068
0 0.068 0.091 0.032 0.078
0 0.114 0.627 0.052 0.066
0 0.105 0.578 0.046 0.064
0 0.078 0.567 0.028 0.046
0 0.498 0.051 0.04 0.058
0 0.015 0.249 0.03 0.05
0 0.072 0.964 0.036 0.04
0 0.042 0.991 0.024 0.014
0 0.606 0.861 0.044 0.058
0 0.603 0.825 0.042 0.022
0 0.921 0.97 0.038 0.048
0 0.952 0.986 0.044 0.024
0 0.716 0.923 0.04 0.058
0 0.758 0.981 0.036 0.034
0 0.817 0.89 0.034 0.056
0 0.518 0.763 0.036 0.054
0 0.842 0.429 0.04 0.066
0 0.738 0.519 0.036 0.034
0 0.125 0.701 0.026 0.058
0 0.199 0.709 0.026 0.066
0 0.86 0.22 0.032 0.032
0 0.873 0.189 0.022 0.026
0 0.93 0.516 0.032 0.036
0 0.99 0.506 0.016 0.04
0 0.066 0.885 0.036 0.054
0 0.359 0.853 0.038 0.058
0 0.303 0.704 0.026 0.044
0 0.886 0.416 0.024 0.048
0 0.462 0.119 0.036 0.058
0 0.409 0.134 0.034 0.048
0 0.312 0.069 0.024 0.03
0 0.361 0.348 0.038 0.048
0 0.465 0.584 0.038 0.096
0 0.985 0.966 0.026 0.036
1 0.49 0.025 0.024 0.026
1 0.496 0.624 0.02 0.032
1 0.752 0.788 0.028 0.024
1 0.091 0.363 0.018 0.022
1 0.089 0.388 0.022 0.024
1 0.336 0.443 0.016 0.034
1 0.451 0.233 0.018 0.034
1 0.497 0.235 0.026 0.022
1 0.197 0.222 0.034 0.036
1 0.374 0.258 0.02 0.032
1 0.048 0.638 0.024 0.02
1 0.264 0.265 0.02 0.018
1 0.247 0.299 0.018 0.022
1 0.221 0.296 0.014 0.028
1 0.07 0.235 0.028 0.018
1 0.094 0.502 0.028 0.02
1 0.366 0.705 0.024 0.034
1 0.383 0.721 0.022 0.026
1 0.052 0.797 0.016 0.03
1 0.151 0.82 0.03 0.032
1 0.703 0.987 0.022 0.022
1 0.574 0.763 0.02 0.026
1 0.656 0.75 0.028 0.028
1 0.715 0.405 0.03 0.022
1 0.734 0.372 0.02 0.02
1 0.787 0.351 0.022 0.022
1 0.836 0.384 0.024 0.024
1 0.436 0.303 0.028 0.014
1 0.512 0.348 0.02 0.032
1 0.608 0.137 0.02 0.022
1 0.709 0.14 0.022 0.044
1 0.757 0.116 0.026 0.024
1 0.78 0.506 0.016 0.024
1 0.81 0.501 0.02 0.022
1 0.893 0.518 0.01 0.016
1 0.313 0.44 0.022 0.02
1 0.345 0.514 0.018 0.04
1 0.363 0.514 0.022 0.04
1 0.45 0.527 0.036 0.014
1 0.651 0.598 0.022 0.024
1 0.612 0.613 0.02 0.026
1 0.648 0.541 0.024 0.046
1 0.536 0.612 0.028 0.048
1 0.887 0.072 0.026 0.024
1 0.935 0.116 0.026 0.02
1 0.985 0.198 0.022 0.028
1 0.843 0.666 0.026 0.02
1 0.91 0.609 0.016 0.022
1 0.599 0.502 0.034 0.024
1 0.061 0.909 0.03 0.026
1 0.204 0.895 0.028 0.026
1 0.331 0.924 0.014 0.02
1 0.368 0.903 0.024 0.026
1 0.348 0.818 0.028 0.024
1 0.369 0.831 0.018 0.014
1 0.178 0.66 0.024 0.032
1 0.141 0.581 0.022 0.022
1 0.17 0.593 0.016 0.026
1 0.963 0.422 0.022 0.024
1 0.737 0.255 0.022 0.026
1 0.444 0.127 0.016 0.022
1 0.024 0.042 0.016 0.024
1 0.052 0.028 0.012 0.02
1 0.233 0.436 0.018 0.028
1 0.096 0.431 0.024 0.022
1 0.353 0.397 0.03 0.034
1 0.568 0.378 0.02 0.02
1 0.497 0.422 0.018 0.02
1 0.739 0.476 0.022 0.016
1 0.025 0.704 0.014 0.044
1 0.032 0.654 0.036 0.024
1 0.037 0.684 0.022 0.028
1 0.395 0.782 0.026 0.016
1 0.476 0.732 0.024 0.028
1 0.847 0.88 0.026 0.024
1 0.994 0.851 0.008 0.038
1 0.642 0.989 0.02 0.018
1 0.755 0.927 0.01 0.014
1 0.868 0.979 0.012 0.014
2 0.061 0.16 0.018 0.032
2 0.136 0.51 0.032 0.052
2 0.174 0.701 0.02 0.042
2 0.798 0.191 0.016 0.018
2 0.841 0.187 0.014 0.014
2 0.189 0.133 0.026 0.018
2 0.191 0.119 0.022 0.014
2 0.24 0.364 0.024 0.032
2 0.227 0.329 0.022 0.03
2 0.659 0.456 0.026 0.02
2 0.702 0.583 0.016 0.018
2 0.292 0.759 0.028 0.018
2 0.811 0.809 0.034 0.062
2 0.315 0.976 0.018 0.02
2 0.539 0.847 0.014 0.026