0 0.578 0.512 0.036 0.024
0 0.907 0.976 0.054 0.044
0 0.977 0.919 0.042 0.034
0 0.893 0.892 0.05 0.04
0 0.83 0.903 0.044 0.03
0 0.817 0.931 0.042 0.034
0 0.779 0.991 0.042 0.014
0 0.732 0.989 0.044 0.018
0 0.914 0.928 0.032 0.02
0 0.747 0.888 0.034 0.032
0 0.682 0.993 0.024 0.01
0 0.682 0.924 0.048 0.036
0 0.654 0.955 0.044 0.034
0 0.602 0.912 0.036 0.036
0 0.764 0.829 0.036 0.03
0 0.684 0.835 0.04 0.034
0 0.554 0.984 0.04 0.028
0 0.519 0.989 0.03 0.018
0 0.475 0.975 0.018 0.022
0 0.448 0.933 0.04 0.03
0 0.421 0.984 0.034 0.028
0 0.384 0.973 0.04 0.026
0 0.319 0.989 0.038 0.018
0 0.258 0.964 0.04 0.028
0 0.142 0.886 0.044 0.048
0 0.233 0.905 0.034 0.034
0 0.24 0.883 0.032 0.026
0 0.055 0.859 0.026 0.026
0 0.034 0.849 0.044 0.03
0 0.378 0.925 0.036 0.026
0 0.473 0.887 0.034 0.026
0 0.417 0.872 0.022 0.028
0 0.402 0.83 0.024 0.032
0 0.212 0.807 0.032 0.03
0 0.142 0.754 0.052 0.04
0 0.015 0.787 0.03 0.062
0 0.264 0.76 0.036 0.028
0 0.085 0.662 0.03 0.036
0 0.052 0.62 0.036 0.036
0 0.012 0.689 0.024 0.026
0 0.096 0.608 0.032 0.048
0 0.662 0.772 0.032 0.032
0 0.788 0.737 0.048 0.034
0 0.882 0.717 0.036 0.038
0 0.977 0.719 0.042 0.034
0 0.993 0.708 0.01 0.028
0 0.939 0.719 0.05 0.034
0 0.927 0.735 0.034 0.026
0 0.987 0.681 0.022 0.026
0 0.97 0.675 0.032 0.034
0 0.836 0.657 0.044 0.026
0 0.765 0.647 0.05 0.034
0 0.825 0.619 0.038 0.026
0 0.687 0.682 0.038 0.036
0 0.675 0.701 0.046 0.03
0 0.658 0.719 0.032 0.03
0 0.627 0.681 0.03 0.034
0 0.696 0.643 0.032 0.03
0 0.635 0.638 0.042 0.032
0 0.567 0.698 0.034 0.04
0 0.564 0.65 0.036 0.032
0 0.51 0.619 0.044 0.054
0 0.582 0.549 0.052 0.03
0 0.635 0.548 0.034 0.036
0 0.865 0.565 0.042 0.034
0 0.886 0.562 0.032 0.032
0 0.791 0.578 0.038 0.024
0 0.825 0.559 0.034 0.034
0 0.967 0.525 0.054 0.03
0 0.889 0.502 0.042 0.032
0 0.813 0.504 0.05 0.04
0 0.923 0.437 0.054 0.034
0 0.756 0.539 0.056 0.038
0 0.667 0.494 0.042 0.04
0 0.538 0.48 0.032 0.028
0 0.526 0.452 0.044 0.032
0 0.514 0.505 0.044 0.046
0 0.44 0.473 0.04 0.034
0 0.79 0.434 0.052 0.028
0 0.87 0.362 0.04 0.032
0 0.774 0.358 0.044 0.032
0 0.677 0.417 0.03 0.038
0 0.645 0.422 0.042 0.028
0 0.576 0.416 0.04 0.032
0 0.54 0.412 0.028 0.024
0 0.552 0.367 0.04 0.026
0 0.622 0.361 0.044 0.046
0 0.597 0.339 0.022 0.026
0 0.911 0.276 0.042 0.04
0 0.767 0.3 0.042 0.036
0 0.687 0.292 0.034 0.032
0 0.66 0.274 0.048 0.032
0 0.605 0.318 0.022 0.02
0 0.538 0.287 0.036 0.026
0 0.705 0.242 0.042 0.024
0 0.713 0.206 0.038 0.032
0 0.897 0.317 0.03 0.026
0 0.868 0.294 0.048 0.032
0 0.985 0.248 0.026 0.036
0 0.834 0.234 0.044 0.036
0 0.658 0.219 0.044 0.038
0 0.995 0.134 0.006 0.028
0 0.946 0.126 0.044 0.032
0 0.885 0.139 0.038 0.026
0 0.814 0.138 0.044 0.032
0 0.816 0.079 0.052 0.03
0 0.91 0.101 0.044 0.022
0 0.884 0.073 0.036 0.026
0 0.942 0.015 0.04 0.026
0 0.834 0.034 0.036 0.028
0 0.831 0.011 0.046 0.018
0 0.759 0.123 0.038 0.038
0 0.742 0.057 0.052 0.034
0 0.638 0.045 0.04 0.038
0 0.441 0.415 0.066 0.046
0 0.436 0.331 0.052 0.05
0 0.272 0.399 0.064 0.038
0 0.35 0.361 0.04 0.03
0 0.406 0.297 0.04 0.026
0 0.545 0.063 0.05 0.054
0 0.473 0.068 0.046 0.04
0 0.491 0.019 0.038 0.034
0 0.54 0.119 0.032 0.046
0 0.525 0.163 0.034 0.026
0 0.598 0.226 0.02 0.028
0 0.457 0.218 0.022 0.024
0 0.41 0.194 0.04 0.04
0 0.395 0.171 0.046 0.038
0 0.393 0.119 0.038 0.034
0 0.288 0.237 0.044 0.046
0 0.305 0.181 0.03 0.03
0 0.19 0.103 0.064 0.042
0 0.142 0.075 0.052 0.038
0 0.125 0.056 0.034 0.028
0 0.337 0.013 0.058 0.022
0 0.272 0.026 0.036 0.036
0 0.229 0.082 0.046 0.028
0 0.147 0.172 0.046 0.04
0 0.198 0.161 0.048 0.038
0 0.226 0.169 0.024 0.022
0 0.171 0.143 0.022 0.018
0 0.044 0.145 0.02 0.022
0 0.017 0.173 0.034 0.03
0 0.182 0.264 0.044 0.032
0 0.121 0.317 0.042 0.046
0 0.143 0.332 0.03 0.028
0 0.246 0.358 0.04 0.028
0 0.274 0.363 0.024 0.026
0 0.378 0.368 0.024 0.02
0 0.114 0.358 0.028 0.02
0 0.167 0.348 0.022 0.02
0 0.379 0.868 0.054 0.04
0 0.003 0.944 0.006 0.02
0 0.047 0.3 0.034 0.028
0 0.163 0.301 0.018 0.022
0 0.61 0.172 0.048 0.044
0 0.579 0.325 0.022 0.038
0 0.779 0.672 0.018 0.012
0 0.077 0.925 0.014 0.022
1 0.384 0.816 0.02 0.016
1 0.302 0.295 0.016 0.018
1 0.36 0.421 0.016 0.018
1 0.561 0.618 0.026 0.016
1 0.116 0.685 0.02 0.014
1 0.202 0.769 0.024 0.018
1 0.317 0.808 0.022 0.02
1 0.574 0.942 0.016 0.02
2 0.806 0.859 0.044 0.042
2 0.63 0.941 0.024 0.03
2 0.312 0.96 0.036 0.028
2 0.483 0.86 0.038 0.032
2 0.393 0.896 0.018 0.016
2 0.534 0.857 0.044 0.042
2 0.06 0.786 0.04 0.036
2 0.188 0.742 0.032 0.032
2 0.109 0.78 0.022 0.02
2 0.111 0.971 0.034 0.026
2 0.36 0.805 0.036 0.026
2 0.973 0.859 0.03 0.03
2 0.925 0.892 0.018 0.02
2 0.873 0.784 0.046 0.028
2 0.11 0.813 0.032 0.034
2 0.083 0.809 0.03 0.03
2 0.114 0.589 0.016 0.038
2 0.754 0.599 0.04 0.026
2 0.985 0.485 0.026 0.034
2 0.725 0.39 0.042 0.032
2 0.752 0.44 0.036 0.024
2 0.938 0.283 0.028 0.03
2 0.011 0.194 0.022 0.028
2 0.194 0.432 0.02 0.02
2 0.193 0.397 0.062 0.026
2 0.296 0.445 0.028 0.018
2 0.378 0.462 0.036 0.032
2 0.437 0.53 0.038 0.032
2 0.466 0.534 0.032 0.028
2 0.136 0.636 0.016 0.024
2 0.194 0.703 0.028 0.03
2 0.27 0.724 0.028 0.024
2 0.261 0.807 0.03 0.022
2 0.555 0.668 0.03 0.024
2 0.815 0.805 0.034 0.022
2 0.872 0.753 0.048 0.034
2 0.943 0.846 0.022 0.024
2 0.946 0.823 0.024 0.026
2 0.954 0.958 0.016 0.032
2 0.141 0.961 0.026 0.022
2 0.09 0.576 0.02 0.02
2 0.084 0.55 0.024 0.032
2 0.011 0.649 0.022 0.026
2 0.073 0.374 0.03 0.024
2 0.072 0.41 0.024 0.024
2 0.047 0.422 0.022 0.016
2 0.005 0.406 0.01 0.032
2 0.031 0.321 0.014 0.018
2 0.116 0.376 0.036 0.024
2 0.167 0.326 0.034 0.024
2 0.312 0.35 0.032 0.04
2 0.367 0.383 0.05 0.022
2 0.106 0.226 0.024 0.024
2 0.398 0.235 0.052 0.046
2 0.441 0.227 0.042 0.034
2 0.438 0.123 0.028 0.022
2 0.426 0.157 0.028 0.026
2 0.514 0.214 0.028 0.04
2 0.594 0.095 0.024 0.022
2 0.65 0.136 0.02 0.016
2 0.272 0.057 0.048 0.038
2 0.317 0.208 0.03 0.028
2 0.821 0.191 0.03 0.018
2 0.939 0.223 0.054 0.034
2 0.766 0.331 0.032 0.022
2 0.969 0.605 0.014 0.022
2 0.985 0.542 0.026 0.036
2 0.494 0.809 0.04 0.026
2 0.6 0.815 0.016 0.034
2 0.561 0.776 0.062 0.036
2 0.917 0.543 0.042 0.038
2 0.653 0.591 0.014 0.026
2 0.622 0.747 0.02 0.026
2 0.05 0.345 0.048 0.03
2 0.215 0.443 0.038 0.022
2 0.33 0.271 0.028 0.034
2 0.174 0.014 0.02 0.02
2 0.764 0.388 0.02 0.04
2 0.857 0.425 0.022 0.022
2 0.43 0.839 0.024 0.022
2 0.449 0.814 0.03 0.028
2 0.704 0.953 0.032 0.022
2 0.36 0.759 0.04 0.03
2 0.202 0.823 0.04 0.034
2 0.167 0.961 0.018 0.026