0 0.904 0.066 0.048 0.048
0 0.837 0.094 0.038 0.036
0 0.81 0.27 0.06 0.04
0 0.722 0.307 0.064 0.034
0 0.733 0.22 0.038 0.044
0 0.785 0.1 0.034 0.044
0 0.58 0.37 0.056 0.08
0 0.698 0.492 0.056 0.048
0 0.71 0.419 0.04 0.046
0 0.746 0.381 0.076 0.078
0 0.885 0.354 0.05 0.044
0 0.927 0.32 0.042 0.064
0 0.89 0.462 0.06 0.044
0 0.906 0.515 0.052 0.058
0 0.801 0.584 0.066 0.084
0 0.652 0.329 0.044 0.07
0 0.608 0.48 0.052 0.048
0 0.572 0.515 0.044 0.062
0 0.538 0.301 0.056 0.042
0 0.505 0.287 0.038 0.046
0 0.403 0.255 0.062 0.05
0 0.567 0.197 0.042 0.042
0 0.634 0.136 0.04 0.048
0 0.464 0.235 0.076 0.07
0 0.974 0.702 0.048 0.072
0 0.977 0.865 0.042 0.07
0 0.936 0.952 0.04 0.064
0 0.822 0.905 0.064 0.074
0 0.904 0.725 0.068 0.066
0 0.698 0.806 0.072 0.048
0 0.877 0.751 0.054 0.054
0 0.631 0.734 0.066 0.064
0 0.569 0.708 0.042 0.06
0 0.576 0.647 0.036 0.05
0 0.477 0.659 0.054 0.066
0 0.938 0.043 0.032 0.05
0 0.813 0.03 0.042 0.044
0 0.727 0.044 0.038 0.036
0 0.761 0.105 0.034 0.05
0 0.696 0.241 0.036 0.038
0 0.769 0.192 0.038 0.044
0 0.843 0.184 0.042 0.036
0 0.791 0.22 0.042 0.04
0 0.85 0.388 0.052 0.052
0 0.623 0.433 0.034 0.038
0 0.643 0.013 0.05 0.026
0 0.623 0.03 0.042 0.032
0 0.558 0.017 0.032 0.034
0 0.506 0.059 0.056 0.042
0 0.463 0.124 0.03 0.048
0 0.389 0.062 0.042 0.044
0 0.377 0.087 0.034 0.038
0 0.335 0.11 0.042 0.04
0 0.29 0.111 0.036 0.05
0 0.334 0.157 0.044 0.054
0 0.368 0.137 0.036 0.042
0 0.245 0.063 0.046 0.042
0 0.234 0.118 0.056 0.072
0 0.396 0.204 0.056 0.04
0 0.419 0.408 0.046 0.048
0 0.528 0.349 0.036 0.042
0 0.466 0.461 0.052 0.046
0 0.434 0.445 0.032 0.042
0 0.51 0.468 0.036 0.032
0 0.372 0.452 0.04 0.036
0 0.38 0.364 0.048 0.04
0 0.334 0.408 0.036 0.036
0 0.367 0.483 0.042 0.026
0 0.327 0.479 0.046 0.042
0 0.279 0.481 0.038 0.038
0 0.278 0.517 0.032 0.042
0 0.356 0.541 0.04 0.05
0 0.407 0.539 0.058 0.062
0 0.462 0.575 0.044 0.09
0 0.521 0.61 0.038 0.052
0 0.552 0.599 0.036 0.046
0 0.422 0.604 0.032 0.044
0 0.364 0.606 0.06 0.06
0 0.333 0.587 0.038 0.038
0 0.301 0.559 0.046 0.042
0 0.238 0.724 0.032 0.044
0 0.255 0.454 0.03 0.032
0 0.323 0.723 0.046 0.046
0 0.396 0.685 0.048 0.05
0 0.396 0.643 0.04 0.042
0 0.321 0.67 0.042 0.048
0 0.304 0.682 0.036 0.036
0 0.252 0.654 0.04 0.032
0 0.247 0.603 0.038 0.062
0 0.16 0.494 0.036 0.04
0 0.215 0.474 0.046 0.036
0 0.148 0.598 0.036 0.036
0 0.15 0.646 0.044 0.032
0 0.17 0.747 0.028 0.03
0 0.152 0.77 0.048 0.068
0 0.356 0.715 0.036 0.042
0 0.429 0.75 0.046 0.052
0 0.545 0.771 0.058 0.05
0 0.41 0.899 0.04 0.042
0 0.402 0.818 0.04 0.032
0 0.349 0.856 0.05 0.044
0 0.331 0.801 0.034 0.03
0 0.196 0.833 0.036 0.058
0 0.094 0.954 0.04 0.048
0 0.133 0.95 0.034 0.036
0 0.334 0.336 0.036 0.036
0 0.303 0.329 0.054 0.078
0 0.341 0.238 0.026 0.028
0 0.332 0.213 0.032 0.022
0 0.299 0.244 0.03 0.036
0 0.252 0.249 0.052 0.042
0 0.173 0.336 0.046 0.036
0 0.11 0.673 0.044 0.042
0 0.102 0.573 0.044 0.046
0 0.056 0.509 0.04 0.03
0 0.044 0.458 0.04 0.036
0 0.087 0.446 0.046 0.04
0 0.139 0.424 0.05 0.04
0 0.167 0.439 0.03 0.034
0 0.373 0.982 0.05 0.032
0 0.535 0.977 0.034 0.038
0 0.302 0.917 0.036 0.042
0 0.29 0.946 0.064 0.036
0 0.265 0.96 0.066 0.048
0 0.25 0.988 0.06 0.02
0 0.191 0.982 0.038 0.032
0 0.077 0.986 0.046 0.024
0 0.03 0.983 0.056 0.03
0 0.028 0.901 0.036 0.038
0 0.069 0.832 0.042 0.028
0 0.08 0.859 0.028 0.03
0 0.4 0.936 0.04 0.044
0 0.092 0.777 0.04 0.038
0 0.061 0.774 0.034 0.048
0 0.08 0.671 0.036 0.046
0 0.042 0.681 0.036 0.034
0 0.085 0.613 0.046 0.03
0 0.068 0.626 0.052 0.04
0 0.032 0.637 0.044 0.034
0 0.011 0.654 0.018 0.068
0 0.016 0.748 0.028 0.052
0 0.074 0.085 0.064 0.042
0 0.125 0.274 0.042 0.04
0 0.139 0.251 0.05 0.03
0 0.138 0.186 0.04 0.044
0 0.11 0.21 0.04 0.028
0 0.062 0.245 0.04 0.03
0 0.039 0.189 0.046 0.046
0 0.213 0.379 0.038 0.042
0 0.104 0.32 0.032 0.052
0 0.067 0.321 0.034 0.034
0 0.024 0.323 0.028 0.042
0 0.015 0.373 0.026 0.054
0 0.01 0.558 0.016 0.064
0 0.061 0.411 0.038 0.038
0 0.194 0.195 0.04 0.042
0 0.184 0.242 0.044 0.04
0 0.807 0.639 0.046 0.058
0 0.05 0.018 0.048 0.036
0 0.015 0.801 0.026 0.054
0 0.104 0.74 0.036 0.032
0 0.398 0.586 0.032 0.04
0 0.93 0.173 0.032 0.062
0 0.614 0.649 0.04 0.046
1 0.952 0.104 0.032 0.024
1 0.911 0.012 0.03 0.024
1 0.874 0.145 0.016 0.026
1 0.944 0.215 0.02 0.022
1 0.815 0.125 0.026 0.026
1 0.824 0.203 0.032 0.034
1 0.662 0.229 0.032 0.03
1 0.582 0.157 0.02 0.03
1 0.485 0.186 0.018 0.032
1 0.415 0.277 0.026 0.022
1 0.541 0.236 0.03 0.028
1 0.721 0.106 0.026 0.032
1 0.733 0.134 0.022 0.028
1 0.719 0.168 0.034 0.036
1 0.692 0.37 0.028 0.02
1 0.652 0.421 0.02 0.022
1 0.532 0.427 0.036 0.022
1 0.472 0.422 0.024 0.028
1 0.394 0.447 0.024 0.026
1 0.204 0.295 0.028 0.026
1 0.177 0.296 0.034 0.028
1 0.492 0.37 0.036 0.032
1 0.317 0.274 0.022 0.024
1 0.431 0.101 0.03 0.042
1 0.467 0.047 0.022 0.034
1 0.295 0.165 0.022 0.026
1 0.254 0.166 0.032 0.024
1 0.249 0.196 0.026 0.024
1 0.225 0.204 0.03 0.028
1 0.272 0.421 0.028 0.034
1 0.231 0.441 0.018 0.026
1 0.954 0.403 0.04 0.038
1 0.871 0.509 0.026 0.042
1 0.991 0.628 0.014 0.028
1 0.942 0.52 0.024 0.02
1 0.617 0.791 0.026 0.038
1 0.475 0.892 0.026 0.028
1 0.443 0.843 0.03 0.026
1 0.872 0.872 0.044 0.032
1 0.815 0.952 0.046 0.032
1 0.164 0.821 0.028 0.026
1 0.246 0.794 0.032 0.04
1 0.315 0.757 0.03 0.022
1 0.397 0.72 0.022 0.036
1 0.212 0.573 0.024 0.03
1 0.161 0.543 0.03 0.038
1 0.157 0.695 0.026 0.026
1 0.255 0.68 0.026 0.024
1 0.177 0.878 0.038 0.024
1 0.06 0.853 0.024 0.026
1 0.039 0.806 0.034 0.028
1 0.018 0.579 0.024 0.03
1 0.083 0.724 0.022 0.028
1 0.201 0.736 0.03 0.032
1 0.188 0.451 0.032 0.022
1 0.321 0.628 0.038 0.044
1 0.082 0.177 0.04 0.026
1 0.042 0.096 0.024 0.024
1 0.105 0.106 0.03 0.028
1 0.098 0.052 0.036 0.024
1 0.013 0.235 0.022 0.034
1 0.011 0.314 0.018 0.024
1 0.382 0.76 0.028 0.032
1 0.453 0.978 0.026 0.036
1 0.327 0.883 0.034 0.026
1 0.586 0.423 0.036 0.046
1 0.7 0.276 0.04 0.032
1 0.846 0.141 0.04 0.038
1 0.483 0.017 0.022 0.03
1 0.366 0.008 0.032 0.016
1 0.124 0.009 0.032 0.018
1 0.056 0.141 0.04 0.026
1 0.63 0.605 0.036 0.026
1 0.295 0.382 0.038 0.04
1 0.01 0.465 0.016 0.038
1 0.227 0.524 0.03 0.036
2 0.691 0.664 0.066 0.064
2 0.756 0.641 0.048 0.058
2 0.841 0.64 0.03 0.036
2 0.814 0.512 0.04 0.032
2 0.458 0.705 0.032 0.042
2 0.75 0.923 0.044 0.026
2 0.712 0.929 0.02 0.026
2 0.581 0.887 0.018 0.026
2 0.073 0.548 0.038 0.056
2 0.454 0.188 0.032 0.04
2 0.165 0.01 0.054 0.02
2 0.097 0.021 0.034 0.022
2 0.847 0.225 0.05 0.038
2 0.988 0.079 0.02 0.058
2 0.993 0.517 0.01 0.066
2 0.213 0.639 0.042 0.042
2 0.503 0.717 0.026 0.042