0 0.099 0.864 0.042 0.044
0 0.041 0.911 0.038 0.042
0 0.045 0.961 0.062 0.042
0 0.057 0.988 0.054 0.02
0 0.08 0.947 0.056 0.042
0 0.09 0.93 0.048 0.028
0 0.115 0.973 0.042 0.046
0 0.109 0.996 0.022 0.004
0 0.022 0.822 0.044 0.044
0 0.075 0.823 0.05 0.05
0 0.138 0.902 0.044 0.04
0 0.191 0.891 0.046 0.038
0 0.175 0.968 0.042 0.04
0 0.208 0.961 0.048 0.062
0 0.248 0.981 0.044 0.034
0 0.276 0.931 0.036 0.034
0 0.266 0.832 0.044 0.04
0 0.284 0.86 0.036 0.036
0 0.236 0.811 0.036 0.038
0 0.273 0.804 0.046 0.036
0 0.226 0.806 0.024 0.028
0 0.253 0.928 0.014 0.028
0 0.238 0.748 0.056 0.056
0 0.209 0.771 0.034 0.042
0 0.106 0.751 0.04 0.046
0 0.064 0.708 0.048 0.06
0 0.024 0.747 0.044 0.042
0 0.2 0.732 0.044 0.048
0 0.106 0.631 0.04 0.058
0 0.014 0.519 0.028 0.058
0 0.011 0.45 0.022 0.064
0 0.047 0.429 0.042 0.046
0 0.04 0.454 0.024 0.024
0 0.149 0.586 0.038 0.064
0 0.16 0.635 0.048 0.03
0 0.107 0.407 0.042 0.046
0 0.138 0.457 0.04 0.054
0 0.088 0.344 0.044 0.044
0 0.178 0.498 0.044 0.056
0 0.067 0.414 0.046 0.06
0 0.201 0.353 0.05 0.07
0 0.171 0.353 0.026 0.054
0 0.032 0.232 0.032 0.052
0 0.013 0.158 0.026 0.048
0 0.058 0.016 0.04 0.028
0 0.042 0.053 0.04 0.054
0 0.094 0.215 0.04 0.066
0 0.165 0.252 0.042 0.064
0 0.409 0.543 0.046 0.058
0 0.322 0.646 0.04 0.048
0 0.668 0.623 0.036 0.042
0 0.341 0.581 0.038 0.054
0 0.35 0.709 0.044 0.054
0 0.412 0.705 0.052 0.046
0 0.504 0.74 0.048 0.056
0 0.613 0.731 0.046 0.046
0 0.617 0.673 0.034 0.042
0 0.603 0.691 0.038 0.03
0 0.579 0.659 0.046 0.058
0 0.422 0.678 0.044 0.04
0 0.541 0.568 0.038 0.052
0 0.437 0.59 0.042 0.044
0 0.686 0.626 0.028 0.06
0 0.755 0.631 0.042 0.042
0 0.777 0.675 0.05 0.05
0 0.846 0.691 0.04 0.066
0 0.767 0.731 0.042 0.046
0 0.93 0.659 0.044 0.046
0 0.95 0.666 0.032 0.048
0 0.332 0.81 0.04 0.036
0 0.257 0.705 0.038 0.038
0 0.265 0.725 0.026 0.022
0 0.356 0.991 0.048 0.014
0 0.268 0.458 0.052 0.044
0 0.257 0.513 0.066 0.038
0 0.27 0.221 0.048 0.07
0 0.285 0.534 0.046 0.032
0 0.242 0.487 0.04 0.034
0 0.365 0.527 0.03 0.058
0 0.337 0.454 0.054 0.044
0 0.376 0.447 0.044 0.05
0 0.316 0.298 0.04 0.056
0 0.225 0.106 0.038 0.052
0 0.289 0.102 0.042 0.048
0 0.161 0.021 0.042 0.038
0 0.2 0.109 0.032 0.046
0 0.318 0.12 0.044 0.052
0 0.348 0.025 0.04 0.046
0 0.391 0.066 0.034 0.044
0 0.364 0.164 0.036 0.06
0 0.447 0.511 0.046 0.058
0 0.487 0.5 0.042 0.052
0 0.449 0.405 0.042 0.038
0 0.481 0.417 0.038 0.042
0 0.36 0.29 0.036 0.064
0 0.356 0.198 0.04 0.04
0 0.411 0.02 0.042 0.036
0 0.439 0.334 0.042 0.056
0 0.466 0.332 0.04 0.052
0 0.446 0.236 0.044 0.04
0 0.426 0.135 0.032 0.042
0 0.449 0.09 0.038 0.044
0 0.467 0.037 0.034 0.046
0 0.47 0.164 0.048 0.056
0 0.542 0.321 0.052 0.042
0 0.538 0.151 0.044 0.054
0 0.503 0.127 0.038 0.038
0 0.524 0.082 0.036 0.048
0 0.55 0.103 0.04 0.058
0 0.567 0.075 0.046 0.038
0 0.584 0.02 0.028 0.028
0 0.577 0.175 0.046 0.054
0 0.59 0.221 0.04 0.026
0 0.602 0.158 0.036 0.044
0 0.634 0.17 0.036 0.056
0 0.694 0.034 0.04 0.036
0 0.747 0.102 0.054 0.04
0 0.808 0.015 0.036 0.026
0 0.542 0.458 0.044 0.068
0 0.597 0.341 0.05 0.05
0 0.635 0.383 0.046 0.046
0 0.677 0.28 0.038 0.048
0 0.703 0.433 0.046 0.05
0 0.764 0.421 0.028 0.034
0 0.734 0.35 0.036 0.048
0 0.714 0.236 0.04 0.048
0 0.744 0.15 0.04 0.048
0 0.634 0.524 0.04 0.056
0 0.641 0.564 0.034 0.036
0 0.715 0.639 0.038 0.046
0 0.845 0.535 0.042 0.046
0 0.773 0.188 0.026 0.036
0 0.792 0.156 0.044 0.044
0 0.804 0.09 0.032 0.032
0 0.813 0.203 0.042 0.058
0 0.85 0.217 0.048 0.046
0 0.7 0.518 0.044 0.052
0 0.681 0.504 0.03 0.044
0 0.73 0.543 0.032 0.03
0 0.78 0.48 0.04 0.056
0 0.887 0.16 0.042 0.048
0 0.907 0.049 0.034 0.05
0 0.931 0.058 0.05 0.052
0 0.934 0.016 0.036 0.028
0 0.978 0.075 0.028 0.042
0 0.957 0.125 0.046 0.054
0 0.874 0.258 0.056 0.052
0 0.945 0.089 0.046 0.026
0 0.928 0.227 0.036 0.05
0 0.909 0.206 0.038 0.048
0 0.963 0.222 0.03 0.032
0 0.884 0.307 0.044 0.054
0 0.891 0.404 0.034 0.048
0 0.934 0.326 0.044 0.048
0 0.869 0.342 0.03 0.032
0 0.982 0.294 0.032 0.048
0 0.993 0.275 0.01 0.03
0 0.845 0.408 0.034 0.052
0 0.883 0.424 0.022 0.032
0 0.858 0.484 0.036 0.052
0 0.497 0.62 0.034 0.04
0 0.931 0.535 0.05 0.054
0 0.971 0.537 0.042 0.058
0 0.963 0.453 0.042 0.046
0 0.983 0.463 0.03 0.062
0 0.459 0.955 0.042 0.062
0 0.513 0.96 0.042 0.048
0 0.564 0.981 0.052 0.03
0 0.587 0.92 0.05 0.044
0 0.808 0.597 0.028 0.03
0 0.775 0.777 0.046 0.046
0 0.923 0.723 0.046 0.058
0 0.421 0.815 0.034 0.05
0 0.529 0.88 0.038 0.044
0 0.677 0.782 0.054 0.048
0 0.618 0.982 0.056 0.032
0 0.911 0.821 0.046 0.054
0 0.924 0.805 0.044 0.054
0 0.934 0.569 0.032 0.034
0 0.915 0.897 0.038 0.058
0 0.984 0.785 0.028 0.058
0 0.967 0.897 0.034 0.042
0 0.869 0.899 0.038 0.026
0 0.889 0.917 0.022 0.03
0 0.865 0.959 0.042 0.05
0 0.928 0.974 0.048 0.048
0 0.631 0.835 0.054 0.046
0 0.604 0.852 0.028 0.048
0 0.301 0.729 0.038 0.026
0 0.375 0.776 0.042 0.052
0 0.479 0.822 0.05 0.052
0 0.491 0.904 0.046 0.036
0 0.529 0.908 0.046 0.06
0 0.531 0.8 0.042 0.052
0 0.629 0.918 0.046 0.052
0 0.672 0.982 0.048 0.032
0 0.709 0.978 0.038 0.04
0 0.736 0.935 0.04 0.05
0 0.984 0.943 0.028 0.038
0 0.73 0.881 0.052 0.058
0 0.781 0.973 0.05 0.038
0 0.581 0.714 0.038 0.028
0 0.381 0.367 0.042 0.07
0 0.878 0.701 0.04 0.074
1 0.031 0.564 0.022 0.028
1 0.03 0.547 0.024 0.018
1 0.163 0.663 0.034 0.014
1 0.191 0.475 0.038 0.03
1 0.027 0.204 0.03 0.032
1 0.008 0.113 0.016 0.046
1 0.205 0.497 0.026 0.042
1 0.193 0.531 0.022 0.038
1 0.015 0.194 0.03 0.028
1 0.269 0.01 0.038 0.016
1 0.35 0.137 0.028 0.022
1 0.337 0.376 0.022 0.028
1 0.45 0.371 0.028 0.03
1 0.461 0.072 0.03 0.028
1 0.485 0.011 0.038 0.018
1 0.559 0.201 0.03 0.022
1 0.611 0.172 0.022 0.032
1 0.656 0.081 0.024 0.03
1 0.667 0.009 0.038 0.014
1 0.734 0.025 0.032 0.03
1 0.783 0.009 0.038 0.014
1 0.712 0.406 0.024 0.02
1 0.837 0.246 0.026 0.016
1 0.883 0.01 0.042 0.016
1 0.944 0.022 0.036 0.028
1 0.987 0.012 0.022 0.02
1 0.992 0.035 0.012 0.038
1 0.975 0.203 0.026 0.018
1 0.99 0.186 0.016 0.052
1 0.937 0.301 0.046 0.026
1 0.824 0.408 0.024 0.028
1 0.82 0.44 0.024 0.04
1 0.897 0.447 0.03 0.026
1 0.822 0.573 0.024 0.022
1 0.808 0.562 0.028 0.02
1 0.791 0.992 0.042 0.012
1 0.841 0.86 0.03 0.028
1 0.853 0.852 0.03 0.032
1 0.868 0.92 0.024 0.024
1 0.796 0.944 0.028 0.024
1 0.793 0.958 0.03 0.02
1 0.437 0.995 0.03 0.006
1 0.01 0.99 0.02 0.016
1 0.223 0.636 0.022 0.036
1 0.207 0.603 0.022 0.03
1 0.289 0.06 0.022 0.032
1 0.544 0.355 0.036 0.026
1 0.567 0.371 0.026 0.03
1 0.645 0.129 0.03 0.026
1 0.814 0.267 0.028 0.018
1 0.859 0.803 0.03 0.034
1 0.668 0.822 0.028 0.024
1 0.404 0.636 0.036 0.028
1 0.346 0.945 0.028 0.026
2 0.235 0.837 0.018 0.026
2 0.013 0.851 0.026 0.046
2 0.014 0.694 0.028 0.044
2 0.101 0.48 0.034 0.024
2 0.145 0.654 0.026 0.024
2 0.209 0.673 0.054 0.07
2 0.052 0.291 0.028 0.034
2 0.095 0.307 0.042 0.034
2 0.199 0.396 0.05 0.044
2 0.182 0.196 0.048 0.06
2 0.148 0.128 0.036 0.032
2 0.921 0.681 0.022 0.018
2 0.248 0.657 0.032 0.038
2 0.063 0.603 0.05 0.042
2 0.1 0.447 0.036 0.042
2 0.172 0.304 0.044 0.044
2 0.119 0.267 0.042 0.046
2 0.12 0.197 0.032 0.03
2 0.225 0.033 0.05 0.038
2 0.218 0.013 0.06 0.022
2 0.233 0.429 0.038 0.042
2 0.3 0.229 0.028 0.054
2 0.342 0.392 0.036 0.072
2 0.385 0.312 0.058 0.052
2 0.332 0.328 0.032 0.032
2 0.323 0.168 0.038 0.056
2 0.193 0.066 0.034 0.036
2 0.083 0.072 0.042 0.064
2 0.13 0.021 0.028 0.026
2 0.133 0.05 0.034 0.044
2 0.247 0.191 0.03 0.034
2 0.248 0.162 0.028 0.032
2 0.286 0.132 0.02 0.024
2 0.073 0.255 0.022 0.03
2 0.049 0.233 0.018 0.018
2 0.253 0.338 0.022 0.016
2 0.385 0.246 0.054 0.084
2 0.349 0.426 0.022 0.024
2 0.051 0.497 0.026 0.03
2 0.258 0.427 0.02 0.022
2 0.411 0.447 0.03 0.034
2 0.338 0.493 0.044 0.046
2 0.419 0.479 0.046 0.034
2 0.489 0.459 0.038 0.03
2 0.455 0.26 0.046 0.04
2 0.431 0.22 0.034 0.048
2 0.513 0.235 0.058 0.066
2 0.594 0.263 0.052 0.038
2 0.509 0.048 0.05 0.044
2 0.486 0.101 0.032 0.042
2 0.601 0.041 0.026 0.034
2 0.646 0.022 0.032 0.04
2 0.712 0.115 0.044 0.042
2 0.716 0.086 0.02 0.024
2 0.809 0.052 0.046 0.036
2 0.772 0.045 0.032 0.018
2 0.721 0.198 0.05 0.04
2 0.644 0.242 0.048 0.052
2 0.525 0.527 0.046 0.054
2 0.56 0.539 0.04 0.066
2 0.59 0.544 0.024 0.048
2 0.694 0.555 0.028 0.026
2 0.783 0.381 0.03 0.038
2 0.725 0.266 0.062 0.06
2 0.781 0.263 0.038 0.026
2 0.816 0.238 0.028 0.02
2 0.85 0.179 0.024 0.034
2 0.9 0.115 0.036 0.05
2 0.872 0.048 0.04 0.048
2 0.97 0.39 0.036 0.044
2 0.489 0.649 0.022 0.018
2 0.602 0.955 0.016 0.026
2 0.882 0.841 0.036 0.034
2 0.813 0.705 0.034 0.034
2 0.857 0.606 0.05 0.068
2 0.953 0.736 0.038 0.06
2 0.915 0.753 0.05 0.03
2 0.822 0.799 0.032 0.042
2 0.394 0.784 0.036 0.056
2 0.473 0.862 0.026 0.032
2 0.449 0.867 0.03 0.034
2 0.692 0.826 0.02 0.032
2 0.356 0.967 0.04 0.034
2 0.813 0.961 0.026 0.038
2 0.84 0.972 0.028 0.028
2 0.761 0.994 0.038 0.008
2 0.42 0.729 0.036 0.034
2 0.452 0.631 0.04 0.026
2 0.295 0.751 0.038 0.034
2 0.384 0.971 0.024 0.03
2 0.136 0.934 0.02 0.032
2 0.185 0.92 0.018 0.024
2 0.675 0.94 0.034 0.048
2 0.367 0.831 0.022 0.018
2 0.192 0.809 0.024 0.034
2 0.496 0.846 0.016 0.02
2 0.256 0.544 0.016 0.02