0 0.01 0.913 0.02 0.022
0 0.015 0.866 0.03 0.036
0 0.053 0.874 0.034 0.036
0 0.068 0.9 0.024 0.024
0 0.121 0.911 0.03 0.03
0 0.074 0.772 0.044 0.044
0 0.139 0.822 0.05 0.044
0 0.177 0.829 0.042 0.034
0 0.297 0.888 0.046 0.024
0 0.343 0.936 0.038 0.024
0 0.019 0.712 0.026 0.04
0 0.045 0.715 0.026 0.034
0 0.126 0.705 0.024 0.022
0 0.122 0.686 0.024 0.032
0 0.142 0.753 0.02 0.022
0 0.137 0.743 0.022 0.022
0 0.192 0.757 0.036 0.042
0 0.254 0.799 0.04 0.034
0 0.315 0.809 0.046 0.034
0 0.252 0.757 0.04 0.05
0 0.286 0.727 0.036 0.062
0 0.329 0.702 0.042 0.036
0 0.328 0.666 0.06 0.048
0 0.309 0.62 0.042 0.052
0 0.199 0.628 0.046 0.04
0 0.086 0.601 0.044 0.038
0 0.122 0.601 0.028 0.038
0 0.02 0.507 0.04 0.054
0 0.056 0.494 0.032 0.052
0 0.147 0.528 0.05 0.036
0 0.218 0.49 0.04 0.044
0 0.243 0.544 0.038 0.024
0 0.01 0.381 0.02 0.058
0 0.032 0.367 0.036 0.026
0 0.049 0.33 0.038 0.052
0 0.101 0.378 0.034 0.052
0 0.102 0.321 0.04 0.058
0 0.168 0.331 0.032 0.042
0 0.183 0.374 0.038 0.052
0 0.004 0.231 0.008 0.038
0 0.065 0.217 0.034 0.042
0 0.078 0.202 0.024 0.044
0 0.102 0.205 0.028 0.042
0 0.004 0.109 0.008 0.034
0 0.036 0.104 0.024 0.028
0 0.018 0.099 0.012 0.018
0 0.018 0.072 0.02 0.036
0 0.086 0.095 0.02 0.026
0 0.083 0.125 0.038 0.03
0 0.13 0.075 0.04 0.07
0 0.159 0.122 0.034 0.056
0 0.206 0.147 0.028 0.03
0 0.2 0.121 0.032 0.026
0 0.192 0.164 0.02 0.036
0 0.22 0.197 0.036 0.046
0 0.222 0.242 0.036 0.048
0 0.247 0.159 0.05 0.058
0 0.184 0.015 0.04 0.026
0 0.203 0.018 0.022 0.032
0 0.222 0.033 0.036 0.062
0 0.249 0.099 0.014 0.014
0 0.282 0.099 0.024 0.042
0 0.3 0.12 0.024 0.048
0 0.335 0.108 0.034 0.056
0 0.355 0.022 0.034 0.04
0 0.262 0.004 0.032 0.004
0 0.422 0.008 0.04 0.012
0 0.422 0.058 0.04 0.056
0 0.499 0.022 0.05 0.04
0 0.55 0.016 0.032 0.028
0 0.511 0.084 0.046 0.056
0 0.613 0.083 0.046 0.054
0 0.758 0.056 0.036 0.056
0 0.774 0.032 0.036 0.052
0 0.801 0.035 0.046 0.066
0 0.881 0.051 0.03 0.05
0 0.975 0.024 0.038 0.044
0 0.881 0.011 0.018 0.018
0 0.978 0.182 0.036 0.068
0 0.997 0.178 0.002 0.04
0 0.956 0.216 0.04 0.056
0 0.926 0.172 0.036 0.048
0 0.885 0.216 0.034 0.052
0 0.864 0.159 0.048 0.066
0 0.814 0.213 0.04 0.062
0 0.795 0.25 0.042 0.048
0 0.888 0.264 0.02 0.028
0 0.979 0.286 0.026 0.044
0 0.952 0.29 0.044 0.044
0 0.943 0.306 0.014 0.012
0 0.411 0.837 0.054 0.038
0 0.485 0.839 0.046 0.038
0 0.397 0.763 0.038 0.026
0 0.401 0.73 0.042 0.024
0 0.479 0.728 0.074 0.044
0 0.438 0.67 0.044 0.048
0 0.389 0.631 0.042 0.042
0 0.431 0.627 0.042 0.042
0 0.464 0.607 0.032 0.026
0 0.418 0.584 0.04 0.044
0 0.422 0.544 0.036 0.036
0 0.477 0.496 0.046 0.048
0 0.527 0.482 0.03 0.048
0 0.263 0.456 0.034 0.044
0 0.286 0.465 0.032 0.03
0 0.298 0.474 0.024 0.016
0 0.342 0.45 0.032 0.06
0 0.287 0.414 0.038 0.044
0 0.242 0.366 0.028 0.024
0 0.239 0.337 0.026 0.034
0 0.338 0.354 0.036 0.044
0 0.428 0.353 0.036 0.054
0 0.395 0.329 0.034 0.042
0 0.462 0.347 0.04 0.046
0 0.489 0.377 0.026 0.038
0 0.498 0.342 0.04 0.064
0 0.519 0.29 0.038 0.04
0 0.484 0.279 0.036 0.046
0 0.557 0.243 0.042 0.046
0 0.298 0.249 0.04 0.046
0 0.267 0.253 0.026 0.05
0 0.369 0.225 0.03 0.062
0 0.391 0.132 0.034 0.048
0 0.43 0.155 0.028 0.034
0 0.772 0.957 0.036 0.03
0 0.896 0.948 0.036 0.028
0 0.75 0.905 0.048 0.038
0 0.913 0.767 0.042 0.026
0 0.867 0.741 0.042 0.026
0 0.735 0.809 0.042 0.026
0 0.606 0.773 0.036 0.022
0 0.627 0.779 0.018 0.026
0 0.601 0.727 0.054 0.03
0 0.55 0.647 0.032 0.038
0 0.577 0.662 0.042 0.044
0 0.628 0.668 0.036 0.032
0 0.689 0.687 0.046 0.042
0 0.775 0.738 0.026 0.032
0 0.511 0.585 0.042 0.038
0 0.552 0.597 0.044 0.058
0 0.594 0.619 0.028 0.03
0 0.616 0.597 0.044 0.046
0 0.669 0.609 0.046 0.05
0 0.695 0.577 0.034 0.034
0 0.744 0.567 0.036 0.05
0 0.8 0.565 0.052 0.046
0 0.843 0.612 0.042 0.036
0 0.948 0.628 0.048 0.044
0 0.882 0.57 0.044 0.036
0 0.792 0.52 0.048 0.04
0 0.981 0.459 0.034 0.054
0 0.981 0.493 0.03 0.038
0 0.959 0.49 0.022 0.032
0 0.947 0.487 0.038 0.058
0 0.941 0.378 0.034 0.044
0 0.926 0.361 0.028 0.034
0 0.893 0.339 0.034 0.034
0 0.864 0.333 0.04 0.062
0 0.885 0.379 0.03 0.026
0 0.921 0.436 0.018 0.028
0 0.84 0.413 0.036 0.042
0 0.843 0.382 0.038 0.036
0 0.935 0.559 0.038 0.038
0 0.796 0.464 0.02 0.028
0 0.762 0.473 0.036 0.042
0 0.741 0.491 0.042 0.034
0 0.711 0.457 0.038 0.042
0 0.689 0.522 0.046 0.044
0 0.678 0.478 0.04 0.044
0 0.574 0.49 0.048 0.048
0 0.425 0.445 0.042 0.05
0 0.434 0.477 0.008 0.018
0 0.46 0.444 0.02 0.024
0 0.2 0.324 0.02 0.032
0 0.569 0.412 0.046 0.036
0 0.605 0.428 0.03 0.044
0 0.631 0.383 0.038 0.046
0 0.66 0.361 0.044 0.046
0 0.697 0.375 0.034 0.038
0 0.728 0.414 0.036 0.044
0 0.736 0.324 0.028 0.032
0 0.675 0.297 0.026 0.042
0 0.731 0.259 0.046 0.054
0 0.769 0.266 0.034 0.044
0 0.715 0.22 0.03 0.032
0 0.55 0.171 0.052 0.054
0 0.618 0.139 0.04 0.054
0 0.624 0.209 0.04 0.062
0 0.639 0.174 0.026 0.052
0 0.687 0.13 0.03 0.028
0 0.667 0.085 0.018 0.026
0 0.677 0.109 0.026 0.038
0 0.717 0.176 0.034 0.036
0 0.739 0.103 0.018 0.03
0 0.756 0.123 0.036 0.042
0 0.777 0.349 0.022 0.03
0 0.005 0.597 0.01 0.058
0 0.368 0.535 0.02 0.014
0 0.022 0.009 0.044 0.014
1 0.023 0.958 0.014 0.02
1 0.08 0.963 0.016 0.014
1 0.21 0.944 0.02 0.028
1 0.243 0.948 0.014 0.012
1 0.233 0.94 0.018 0.016
1 0.052 0.823 0.016 0.022
1 0.003 0.759 0.006 0.034
1 0.455 0.965 0.018 0.018
1 0.416 0.938 0.008 0.008
1 0.411 0.908 0.034 0.016
1 0.386 0.89 0.012 0.012
1 0.4 0.878 0.016 0.016
1 0.521 0.917 0.026 0.014
1 0.353 0.745 0.034 0.018
1 0.221 0.585 0.022 0.026
1 0.132 0.342 0.016 0.016
1 0.055 0.258 0.018 0.02
1 0.112 0.178 0.016 0.032
1 0.036 0.14 0.016 0.016
1 0.249 0.203 0.018 0.026
1 0.256 0.074 0.024 0.016
1 0.27 0.127 0.012 0.014
1 0.267 0.114 0.014 0.016
1 0.295 0.008 0.014 0.012
1 0.392 0.042 0.012 0.052
1 0.366 0.06 0.02 0.024
1 0.379 0.083 0.014 0.034
1 0.633 0.005 0.026 0.006
1 0.732 0.037 0.012 0.026
1 0.987 0.072 0.01 0.012
1 0.827 0.175 0.034 0.022
1 0.837 0.284 0.014 0.016
1 0.94 0.295 0.008 0.01
1 0.933 0.289 0.002 0.018
1 0.885 0.303 0.026 0.018
1 0.424 0.804 0.012 0.028
1 0.387 0.802 0.018 0.024
1 0.477 0.687 0.018 0.018
1 0.383 0.516 0.014 0.02
1 0.45 0.518 0.012 0.024
1 0.233 0.35 0.022 0.012
1 0.318 0.357 0.008 0.018
1 0.549 0.349 0.018 0.018
1 0.554 0.323 0.02 0.022
1 0.373 0.119 0.03 0.018
1 0.352 0.159 0.036 0.022
1 0.648 0.971 0.02 0.022
1 0.67 0.974 0.02 0.016
1 0.725 0.988 0.026 0.02
1 0.741 0.995 0.01 0.006
1 0.96 0.968 0.028 0.016
1 0.839 0.965 0.018 0.03
1 0.897 0.887 0.026 0.018
1 0.815 0.894 0.022 0.032
1 0.792 0.831 0.016 0.026
1 0.958 0.768 0.028 0.016
1 0.868 0.759 0.024 0.014
1 0.59 0.9 0.028 0.024
1 0.584 0.878 0.016 0.016
1 0.644 0.912 0.02 0.02
1 0.623 0.857 0.026 0.018
1 0.718 0.786 0.032 0.008
1 0.52 0.67 0.016 0.024
1 0.546 0.694 0.016 0.016
1 0.795 0.751 0.014 0.042
1 0.857 0.69 0.026 0.024
1 0.742 0.612 0.024 0.02
1 0.921 0.336 0.018 0.032
1 0.894 0.402 0.02 0.02
1 0.914 0.402 0.02 0.024
1 0.914 0.419 0.028 0.022
1 0.902 0.502 0.032 0.028
1 0.808 0.467 0.012 0.018
1 0.66 0.454 0.008 0.008
1 0.65 0.455 0.008 0.014
1 0.523 0.44 0.022 0.024
1 0.628 0.423 0.012 0.022
1 0.546 0.201 0.028 0.022
1 0.504 0.154 0.024 0.012
1 0.57 0.545 0.008 0.01
1 0.184 0.41 0.012 0.02
2 0.097 0.926 0.014 0.02
2 0.086 0.802 0.016 0.016
2 0.005 0.445 0.01 0.054
2 0.132 0.023 0.024 0.018
2 0.418 0.867 0.02 0.018
2 0.305 0.493 0.022 0.03
2 0.274 0.491 0.02 0.026
2 0.315 0.276 0.018 0.024
2 0.431 0.231 0.022 0.03
2 0.347 0.178 0.038 0.036
2 0.804 0.992 0.036 0.012
2 0.991 0.988 0.014 0.024
2 0.861 0.93 0.018 0.02
2 0.92 0.819 0.036 0.034
2 0.625 0.936 0.03 0.028
2 0.476 0.761 0.016 0.014
2 0.507 0.658 0.022 0.024
2 0.49 0.639 0.024 0.022
2 0.78 0.674 0.032 0.024
2 0.835 0.53 0.022 0.032
2 0.447 0.191 0.014 0.022
2 0.779 0.107 0.014 0.018
2 0.606 0.04 0.02 0.02
2 0.966 0.39 0.02 0.024
2 0.65 0.544 0.02 0.028
2 0.273 0.535 0.026 0.022
2 0.177 0.549 0.014 0.014
2 0.656 0.638 0.028 0.024
2 0.644 0.69 0.02 0.02
2 0.715 0.712 0.014 0.012
2 0.142 0.608 0.024 0.036
2 0.083 0.252 0.014 0.02