0 0.951 0.036 0.042 0.064
0 0.992 0.007 0.012 0.014
0 0.89 0.009 0.032 0.018
0 0.897 0.05 0.03 0.044
0 0.968 0.127 0.048 0.066
0 0.939 0.146 0.042 0.052
0 0.925 0.156 0.014 0.02
0 0.834 0.144 0.036 0.064
0 0.987 0.254 0.022 0.028
0 0.984 0.292 0.012 0.052
0 0.963 0.324 0.046 0.068
0 0.995 0.401 0.006 0.026
0 0.948 0.435 0.044 0.066
0 0.882 0.443 0.044 0.066
0 0.846 0.372 0.024 0.044
0 0.873 0.364 0.03 0.032
0 0.878 0.26 0.04 0.076
0 0.841 0.205 0.026 0.034
0 0.765 0.241 0.03 0.05
0 0.637 0.065 0.042 0.066
0 0.558 0.044 0.02 0.036
0 0.586 0.074 0.02 0.032
0 0.717 0.202 0.03 0.032
0 0.676 0.168 0.056 0.08
0 0.646 0.119 0.044 0.026
0 0.54 0.006 0.02 0.012
0 0.779 0.385 0.038 0.058
0 0.728 0.344 0.04 0.016
0 0.722 0.255 0.024 0.042
0 0.643 0.226 0.042 0.064
0 0.625 0.168 0.038 0.056
0 0.517 0.145 0.034 0.034
0 0.44 0.019 0.032 0.038
0 0.463 0.057 0.034 0.062
0 0.36 0.022 0.052 0.044
0 0.301 0.015 0.014 0.03
0 0.308 0.041 0.024 0.042
0 0.223 0.006 0.026 0.012
0 0.421 0.068 0.026 0.036
0 0.429 0.126 0.034 0.02
0 0.425 0.102 0.038 0.032
0 0.384 0.117 0.016 0.018
0 0.074 0.112 0.052 0.056
0 0.005 0.115 0.006 0.014
0 0.194 0.137 0.02 0.03
0 0.204 0.135 0.016 0.046
0 0.223 0.158 0.03 0.032
0 0.235 0.2 0.03 0.052
0 0.278 0.193 0.044 0.066
0 0.304 0.115 0.028 0.038
0 0.086 0.176 0.04 0.056
0 0.024 0.205 0.012 0.018
0 0.077 0.244 0.042 0.056
0 0.142 0.211 0.048 0.066
0 0.147 0.264 0.046 0.052
0 0.222 0.281 0.044 0.074
0 0.315 0.28 0.038 0.06
0 0.383 0.298 0.034 0.068
0 0.429 0.3 0.034 0.072
0 0.475 0.259 0.038 0.038
0 0.462 0.155 0.036 0.026
0 0.656 0.277 0.028 0.034
0 0.672 0.295 0.024 0.03
0 0.67 0.352 0.044 0.056
0 0.596 0.36 0.036 0.052
0 0.562 0.373 0.032 0.018
0 0.556 0.341 0.02 0.022
0 0.512 0.328 0.032 0.056
0 0.025 0.331 0.042 0.058
0 0.077 0.364 0.034 0.06
0 0.019 0.396 0.034 0.068
0 0.151 0.343 0.062 0.054
0 0.282 0.368 0.028 0.056
0 0.311 0.394 0.038 0.068
0 0.358 0.355 0.028 0.022
0 0.193 0.483 0.046 0.07
0 0.129 0.495 0.038 0.05
0 0.091 0.532 0.042 0.076
0 0.154 0.531 0.032 0.038
0 0.066 0.636 0.04 0.084
0 0.106 0.61 0.032 0.064
0 0.145 0.66 0.022 0.036
0 0.14 0.692 0.044 0.044
0 0.082 0.734 0.04 0.04
0 0.008 0.748 0.012 0.032
0 0.25 0.512 0.036 0.08
0 0.299 0.528 0.026 0.068
0 0.347 0.545 0.038 0.058
0 0.38 0.584 0.024 0.044
0 0.431 0.599 0.03 0.054
0 0.443 0.458 0.034 0.052
0 0.562 0.46 0.032 0.064
0 0.533 0.435 0.026 0.046
0 0.685 0.487 0.042 0.058
0 0.639 0.558 0.034 0.052
0 0.732 0.564 0.036 0.056
0 0.794 0.541 0.052 0.074
0 0.798 0.594 0.036 0.056
0 0.867 0.545 0.034 0.054
0 0.904 0.569 0.04 0.05
0 0.902 0.607 0.04 0.042
0 0.986 0.624 0.024 0.04
0 0.969 0.632 0.03 0.024
0 0.956 0.712 0.02 0.036
0 0.989 0.749 0.018 0.042
0 0.922 0.742 0.036 0.04
0 0.986 0.806 0.024 0.04
0 0.918 0.794 0.036 0.04
0 0.871 0.767 0.034 0.034
0 0.841 0.705 0.046 0.054
0 0.812 0.677 0.032 0.046
0 0.76 0.624 0.044 0.068
0 0.775 0.729 0.034 0.058
0 0.723 0.717 0.058 0.046
0 0.893 0.824 0.03 0.044
0 0.879 0.842 0.026 0.024
0 0.915 0.887 0.026 0.034
0 0.98 0.897 0.028 0.022
0 0.981 0.979 0.03 0.038
0 0.995 0.993 0.01 0.01
0 0.946 0.982 0.032 0.032
0 0.923 0.956 0.026 0.048
0 0.88 0.946 0.032 0.028
0 0.846 0.97 0.028 0.036
0 0.81 0.984 0.016 0.024
0 0.807 0.947 0.034 0.034
0 0.682 0.98 0.028 0.036
0 0.609 0.985 0.03 0.026
0 0.584 0.961 0.032 0.042
0 0.546 0.953 0.024 0.014
0 0.546 0.984 0.044 0.028
0 0.455 0.984 0.046 0.028
0 0.514 0.929 0.032 0.05
0 0.523 0.883 0.038 0.066
0 0.463 0.899 0.026 0.05
0 0.43 0.93 0.04 0.048
0 0.434 0.867 0.032 0.05
0 0.458 0.817 0.032 0.038
0 0.455 0.736 0.038 0.048
0 0.47 0.703 0.036 0.038
0 0.417 0.705 0.018 0.022
0 0.409 0.734 0.034 0.048
0 0.368 0.752 0.032 0.048
0 0.323 0.719 0.034 0.038
0 0.334 0.8 0.04 0.048
0 0.855 0.867 0.038 0.066
0 0.773 0.836 0.038 0.04
0 0.747 0.821 0.03 0.046
0 0.76 0.878 0.036 0.04
0 0.712 0.871 0.024 0.034
0 0.688 0.913 0.04 0.046
0 0.478 0.575 0.032 0.042
0 0.593 0.652 0.034 0.064
0 0.526 0.613 0.044 0.062
0 0.583 0.776 0.042 0.044
0 0.584 0.733 0.028 0.046
0 0.59 0.852 0.028 0.036
0 0.333 0.98 0.034 0.036
0 0.331 0.956 0.026 0.02
0 0.269 0.994 0.026 0.008
0 0.235 0.944 0.034 0.048
0 0.264 0.894 0.04 0.056
0 0.307 0.879 0.034 0.05
0 0.36 0.876 0.028 0.052
0 0.248 0.816 0.04 0.056
0 0.208 0.86 0.032 0.024
0 0.192 0.93 0.032 0.028
0 0.191 0.911 0.042 0.046
0 0.181 0.975 0.034 0.046
0 0.051 0.977 0.058 0.042
0 0.013 0.937 0.022 0.026
0 0.039 0.928 0.034 0.048
0 0.084 0.94 0.028 0.04
0 0.01 0.879 0.016 0.05
0 0.045 0.845 0.034 0.03
0 0.133 0.866 0.034 0.052
0 0.084 0.811 0.036 0.046
0 0.017 0.804 0.018 0.024
0 0.191 0.801 0.046 0.038
0 0.203 0.721 0.03 0.058
0 0.268 0.734 0.032 0.044
0 0.296 0.654 0.044 0.068
0 0.327 0.62 0.042 0.044
1 0.958 0.175 0.016 0.014
1 0.765 0.081 0.022 0.022
1 0.896 0.34 0.016 0.02
1 0.879 0.331 0.026 0.014
1 0.877 0.344 0.014 0.012
1 0.674 0.254 0.024 0.02
1 0.58 0.15 0.02 0.028
1 0.556 0.15 0.016 0.028
1 0.323 0.004 0.01 0.008
1 0.194 0.045 0.016 0.034
1 0.154 0.052 0.016 0.044
1 0.187 0.072 0.014 0.028
1 0.38 0.104 0.012 0.012
1 0.362 0.106 0.028 0.036
1 0.053 0.075 0.026 0.026
1 0.006 0.14 0.008 0.016
1 0.179 0.105 0.034 0.026
1 0.248 0.175 0.016 0.03
1 0.02 0.224 0.008 0.016
1 0.204 0.235 0.016 0.022
1 0.468 0.21 0.024 0.028
1 0.398 0.201 0.028 0.034
1 0.125 0.418 0.018 0.016
1 0.25 0.443 0.028 0.034
1 0.23 0.578 0.016 0.028
1 0.147 0.619 0.022 0.034
1 0.278 0.545 0.028 0.014
1 0.385 0.489 0.038 0.026
1 0.551 0.502 0.022 0.024
1 0.726 0.442 0.016 0.028
1 0.821 0.54 0.026 0.036
1 0.934 0.647 0.024 0.018
1 0.966 0.944 0.036 0.032
1 0.906 0.968 0.02 0.024
1 0.728 0.99 0.012 0.016
1 0.624 0.976 0.024 0.016
1 0.546 0.969 0.016 0.01
1 0.438 0.786 0.02 0.028
1 0.508 0.79 0.016 0.024
1 0.296 0.795 0.028 0.026
1 0.828 0.827 0.016 0.034
1 0.557 0.567 0.018 0.034
1 0.461 0.659 0.022 0.026
1 0.619 0.84 0.014 0.02
1 0.302 0.94 0.02 0.036
1 0.095 0.99 0.022 0.016
1 0.074 0.88 0.02 0.028
1 0.153 0.762 0.018 0.024
1 0.327 0.662 0.01 0.028
1 0.319 0.661 0.006 0.026
2 0.783 0.114 0.022 0.036
2 0.811 0.025 0.03 0.038
2 0.842 0.335 0.028 0.038
2 0.694 0.036 0.024 0.024
2 0.735 0.299 0.018 0.03
2 0.331 0.145 0.018 0.042
2 0.31 0.088 0.032 0.02
2 0.049 0.25 0.01 0.016
2 0.545 0.3 0.014 0.024
2 0.841 0.231 0.014 0.018
2 0.941 0.081 0.018 0.03
2 0.934 0.116 0.008 0.016
2 0.939 0.394 0.018 0.02
2 0.969 0.384 0.014 0.024
2 0.183 0.544 0.014 0.016
2 0.046 0.674 0.016 0.028
2 0.686 0.454 0.032 0.048
2 0.66 0.522 0.016 0.016
2 0.34 0.704 0.008 0.012
2 0.845 0.895 0.014 0.026
2 0.772 0.8 0.012 0.02
2 0.749 0.924 0.03 0.024
2 0.501 0.508 0.022 0.028
2 0.481 0.499 0.026 0.03
2 0.578 0.599 0.04 0.038
2 0.569 0.717 0.022 0.026
2 0.6 0.747 0.02 0.03
2 0.545 0.723 0.01 0.014
2 0.157 0.872 0.026 0.052
2 0.201 0.217 0.014 0.018
2 0.143 0.305 0.022 0.022
2 0.094 0.388 0.012 0.012
2 0.005 0.519 0.006 0.034
2 0.391 0.817 0.014 0.014
2 0.403 0.828 0.018 0.008
2 0.461 0.859 0.01 0.01
2 0.512 0.824 0.016 0.016
2 0.485 0.757 0.01 0.01
2 0.942 0.591 0.012 0.026