0 0.948 0.009 0.036 0.018
0 0.989 0.116 0.018 0.04
0 0.836 0.029 0.044 0.058
0 0.815 0.023 0.018 0.038
0 0.705 0.005 0.038 0.01
0 0.604 0.009 0.044 0.018
0 0.512 0.011 0.048 0.022
0 0.462 0.012 0.036 0.024
0 0.934 0.063 0.04 0.03
0 0.959 0.26 0.038 0.04
0 0.894 0.246 0.048 0.044
0 0.961 0.969 0.03 0.038
0 0.976 0.95 0.028 0.04
0 0.919 0.918 0.034 0.04
0 0.877 0.904 0.034 0.024
0 0.878 0.93 0.02 0.024
0 0.866 0.983 0.04 0.03
0 0.711 0.983 0.042 0.03
0 0.774 0.915 0.06 0.046
0 0.646 0.963 0.048 0.034
0 0.663 0.923 0.058 0.05
0 0.706 0.887 0.036 0.046
0 0.761 0.863 0.022 0.018
0 0.658 0.822 0.056 0.048
0 0.739 0.78 0.034 0.036
0 0.677 0.779 0.05 0.038
0 0.703 0.722 0.038 0.04
0 0.762 0.708 0.036 0.036
0 0.793 0.683 0.03 0.046
0 0.81 0.64 0.044 0.052
0 0.78 0.611 0.044 0.042
0 0.704 0.567 0.04 0.046
0 0.892 0.437 0.06 0.058
0 0.887 0.375 0.038 0.03
0 0.795 0.344 0.03 0.044
0 0.88 0.127 0.06 0.07
0 0.724 0.08 0.028 0.036
0 0.667 0.027 0.03 0.026
0 0.627 0.098 0.042 0.048
0 0.65 0.119 0.048 0.042
0 0.815 0.15 0.038 0.044
0 0.796 0.2 0.028 0.036
0 0.724 0.226 0.032 0.036
0 0.762 0.253 0.02 0.022
0 0.925 0.305 0.038 0.042
0 0.97 0.308 0.028 0.028
0 0.944 0.317 0.024 0.026
0 0.963 0.339 0.058 0.066
0 0.991 0.488 0.014 0.04
0 0.958 0.49 0.044 0.036
0 0.963 0.547 0.034 0.03
0 0.989 0.676 0.018 0.036
0 0.97 0.693 0.02 0.03
0 0.987 0.726 0.022 0.044
0 0.894 0.832 0.04 0.044
0 0.843 0.799 0.03 0.046
0 0.909 0.759 0.058 0.038
0 0.884 0.736 0.036 0.032
0 0.752 0.435 0.036 0.042
0 0.698 0.453 0.032 0.03
0 0.68 0.359 0.036 0.046
0 0.741 0.322 0.022 0.036
0 0.718 0.325 0.036 0.046
0 0.66 0.304 0.036 0.036
0 0.511 0.073 0.042 0.038
0 0.368 0.049 0.036 0.038
0 0.366 0.082 0.024 0.028
0 0.313 0.031 0.05 0.05
0 0.306 0.106 0.044 0.056
0 0.168 0.005 0.024 0.01
0 0.058 0.021 0.032 0.042
0 0.039 0.057 0.058 0.05
0 0.111 0.057 0.046 0.062
0 0.007 0.114 0.01 0.048
0 0.012 0.169 0.02 0.03
0 0.21 0.079 0.052 0.054
0 0.163 0.141 0.042 0.034
0 0.118 0.175 0.04 0.042
0 0.068 0.23 0.04 0.048
0 0.554 0.139 0.032 0.038
0 0.527 0.19 0.022 0.016
0 0.56 0.272 0.068 0.056
0 0.551 0.375 0.062 0.046
0 0.624 0.754 0.048 0.048
0 0.515 0.715 0.05 0.05
0 0.553 0.74 0.034 0.028
0 0.558 0.778 0.036 0.036
0 0.561 0.822 0.038 0.052
0 0.51 0.861 0.024 0.022
0 0.507 0.879 0.034 0.026
0 0.505 0.833 0.042 0.038
0 0.482 0.858 0.016 0.032
0 0.449 0.8 0.022 0.028
0 0.421 0.816 0.034 0.032
0 0.377 0.737 0.05 0.042
0 0.441 0.703 0.046 0.034
0 0.577 0.993 0.022 0.01
0 0.572 0.932 0.036 0.04
0 0.507 0.933 0.034 0.03
0 0.454 0.961 0.036 0.034
0 0.445 0.912 0.034 0.04
0 0.407 0.93 0.034 0.04
0 0.344 0.985 0.068 0.026
0 0.33 0.982 0.032 0.028
0 0.35 0.956 0.036 0.024
0 0.299 0.947 0.014 0.022
0 0.32 0.921 0.04 0.038
0 0.368 0.901 0.036 0.034
0 0.342 0.878 0.04 0.028
0 0.331 0.857 0.034 0.034
0 0.271 0.89 0.046 0.06
0 0.22 0.888 0.056 0.052
0 0.191 0.981 0.034 0.034
0 0.226 0.955 0.028 0.034
0 0.179 0.933 0.026 0.046
0 0.156 0.945 0.024 0.038
0 0.087 0.904 0.054 0.052
0 0.012 0.971 0.02 0.042
0 0.004 0.889 0.004 0.034
0 0.008 0.909 0.012 0.022
0 0.034 0.888 0.036 0.036
0 0.026 0.833 0.036 0.034
0 0.012 0.743 0.02 0.046
0 0.068 0.721 0.052 0.05
0 0.109 0.721 0.026 0.026
0 0.122 0.854 0.04 0.04
0 0.209 0.829 0.042 0.05
0 0.239 0.837 0.03 0.034
0 0.274 0.797 0.036 0.034
0 0.336 0.787 0.056 0.038
0 0.171 0.78 0.05 0.052
0 0.112 0.795 0.04 0.034
0 0.134 0.801 0.028 0.026
0 0.097 0.775 0.026 0.038
0 0.166 0.743 0.036 0.034
0 0.483 0.412 0.05 0.056
0 0.444 0.427 0.024 0.038
0 0.445 0.477 0.042 0.038
0 0.37 0.511 0.044 0.042
0 0.471 0.55 0.042 0.032
0 0.496 0.584 0.048 0.04
0 0.427 0.648 0.03 0.044
0 0.369 0.611 0.038 0.038
0 0.385 0.554 0.038 0.048
0 0.329 0.553 0.03 0.034
0 0.294 0.516 0.032 0.032
0 0.27 0.57 0.036 0.036
0 0.218 0.668 0.032 0.02
0 0.248 0.666 0.02 0.016
0 0.206 0.643 0.036 0.034
0 0.175 0.641 0.034 0.042
0 0.147 0.656 0.026 0.028
0 0.156 0.686 0.032 0.036
0 0.12 0.615 0.028 0.034
0 0.099 0.641 0.026 0.022
0 0.083 0.609 0.042 0.042
0 0.073 0.598 0.062 0.072
0 0.171 0.564 0.054 0.06
0 0.08 0.505 0.04 0.05
0 0.069 0.471 0.026 0.034
0 0.127 0.41 0.046 0.048
0 0.142 0.432 0.028 0.04
0 0.195 0.454 0.042 0.048
0 0.267 0.468 0.042 0.048
0 0.318 0.443 0.052 0.038
0 0.314 0.398 0.024 0.028
0 0.316 0.325 0.032 0.042
0 0.022 0.312 0.036 0.048
0 0.129 0.285 0.026 0.03
0 0.184 0.288 0.04 0.04
0 0.456 0.271 0.044 0.042
0 0.42 0.252 0.036 0.036
0 0.347 0.237 0.038 0.05
0 0.304 0.269 0.028 0.03
0 0.508 0.227 0.028 0.018
0 0.479 0.198 0.05 0.04
0 0.491 0.174 0.034 0.048
0 0.407 0.106 0.046 0.036
0 0.417 0.137 0.034 0.026
0 0.509 0.532 0.03 0.02
0 0.831 0.326 0.034 0.056
1 0.866 0.759 0.016 0.022
1 0.862 0.731 0.016 0.022
1 0.147 0.019 0.022 0.038
1 0.099 0.024 0.018 0.028
1 0.545 0.315 0.022 0.022
1 0.139 0.954 0.014 0.02
1 0.452 0.665 0.024 0.018
1 0.599 0.888 0.022 0.016
1 0.607 0.874 0.014 0.016
1 0.63 0.848 0.012 0.02
1 0.99 0.009 0.016 0.018
1 0.793 0.041 0.014 0.026
1 0.75 0.041 0.016 0.022
1 0.914 0.049 0.016 0.026
1 0.917 0.08 0.026 0.024
1 0.931 0.102 0.022 0.02
1 0.98 0.206 0.02 0.016
1 0.921 0.211 0.018 0.018
1 0.857 0.231 0.014 0.018
1 0.844 0.242 0.016 0.016
1 0.9 0.905 0.008 0.026
1 0.756 0.898 0.028 0.024
1 0.806 0.906 0.008 0.008
1 0.689 0.961 0.022 0.022
1 0.708 0.941 0.024 0.03
1 0.609 0.989 0.026 0.018
1 0.748 0.884 0.012 0.012
1 0.738 0.892 0.02 0.016
1 0.685 0.744 0.018 0.016
1 0.775 0.583 0.018 0.018
1 0.828 0.575 0.02 0.026
1 0.806 0.481 0.02 0.022
1 0.776 0.491 0.016 0.03
1 0.758 0.5 0.024 0.036
1 0.918 0.444 0.024 0.024
1 0.961 0.434 0.03 0.02
1 0.99 0.389 0.016 0.026
1 0.66 0.057 0.012 0.014
1 0.751 0.209 0.014 0.022
1 0.707 0.198 0.018 0.028
1 0.995 0.319 0.006 0.022
1 0.992 0.54 0.012 0.032
1 0.993 0.807 0.01 0.034
1 0.98 0.803 0.012 0.022
1 0.85 0.83 0.008 0.02
1 0.837 0.837 0.014 0.034
1 0.824 0.858 0.02 0.016
1 0.943 0.723 0.014 0.01
1 0.827 0.711 0.006 0.022
1 0.673 0.5 0.018 0.024
1 0.632 0.303 0.016 0.038
1 0.352 0.003 0.036 0.006
1 0.297 0.069 0.026 0.022
1 0.331 0.079 0.018 0.018
1 0.208 0.031 0.024 0.034
1 0.14 0.009 0.02 0.018
1 0.004 0.081 0.004 0.018
1 0.085 0.193 0.022 0.022
1 0.198 0.174 0.04 0.028
1 0.183 0.201 0.022 0.018
1 0.224 0.218 0.024 0.028
1 0.234 0.154 0.016 0.02
1 0.272 0.152 0.02 0.024
1 0.306 0.16 0.02 0.028
1 0.312 0.135 0.008 0.014
1 0.33 0.135 0.008 0.01
1 0.35 0.139 0.016 0.026
1 0.291 0.218 0.034 0.012
1 0.694 0.152 0.02 0.02
1 0.612 0.178 0.02 0.028
1 0.548 0.169 0.016 0.03
1 0.591 0.203 0.018 0.042
1 0.523 0.208 0.018 0.02
1 0.571 0.403 0.022 0.01
1 0.593 0.442 0.006 0.016
1 0.547 0.459 0.018 0.022
1 0.523 0.45 0.018 0.02
1 0.505 0.472 0.022 0.028
1 0.641 0.707 0.018 0.026
1 0.523 0.676 0.022 0.02
1 0.493 0.8 0.018 0.016
1 0.453 0.777 0.026 0.014
1 0.408 0.773 0.02 0.018
1 0.518 0.991 0.028 0.014
1 0.476 0.986 0.016 0.016
1 0.488 0.979 0.008 0.014
1 0.277 0.979 0.022 0.022
1 0.235 0.905 0.022 0.026
1 0.253 0.919 0.022 0.022
1 0.135 0.933 0.014 0.026
1 0.07 0.879 0.016 0.022
1 0.122 0.996 0.032 0.004
1 0.145 0.995 0.014 0.006
1 0.015 0.789 0.026 0.026
1 0.119 0.689 0.01 0.014
1 0.139 0.908 0.014 0.016
1 0.293 0.706 0.022 0.02
1 0.421 0.396 0.018 0.024
1 0.462 0.345 0.02 0.014
1 0.468 0.575 0.02 0.018
1 0.491 0.629 0.014 0.03
1 0.607 0.62 0.022 0.028
1 0.344 0.632 0.02 0.02
1 0.008 0.461 0.012 0.034
1 0.004 0.508 0.004 0.028
1 0.036 0.4 0.02 0.02
1 0.233 0.398 0.022 0.028
1 0.256 0.367 0.024 0.026
1 0.174 0.34 0.012 0.012
1 0.144 0.367 0.024 0.026
1 0.106 0.359 0.02 0.018
1 0.03 0.337 0.028 0.022
1 0.207 0.283 0.014 0.03
1 0.403 0.298 0.034 0.024
1 0.409 0.216 0.022 0.024
1 0.304 0.244 0.028 0.016
1 0.399 0.16 0.018 0.024
1 0.453 0.12 0.034 0.024
1 0.468 0.164 0.012 0.02
1 0.207 0.25 0.034 0.032
1 0.234 0.264 0.02 0.032
1 0.663 0.572 0.01 0.016
1 0.23 0.472 0.016 0.016
1 0.365 0.64 0.018 0.02
1 0.369 0.72 0.014 0.016
1 0.617 0.863 0.014 0.014
2 0.764 0.047 0.024 0.026
2 0.85 0.952 0.028 0.024
2 0.845 0.938 0.014 0.02
2 0.702 0.226 0.012 0.028
2 0.862 0.82 0.012 0.024
2 0.793 0.42 0.026 0.024
2 0.76 0.466 0.02 0.028
2 0.17 0.868 0.028 0.024
2 0.486 0.701 0.04 0.034
2 0.394 0.752 0.016 0.016