0 0.806 0.124 0.08 0.052
0 0.748 0.089 0.04 0.034
0 0.728 0.083 0.02 0.03
0 0.625 0.184 0.05 0.04
0 0.629 0.15 0.046 0.036
0 0.74 0.154 0.044 0.032
0 0.707 0.163 0.042 0.042
0 0.623 0.085 0.066 0.046
0 0.546 0.094 0.052 0.052
0 0.527 0.043 0.058 0.05
0 0.894 0.154 0.056 0.04
0 0.934 0.148 0.04 0.04
0 0.984 0.097 0.028 0.046
0 0.924 0.348 0.036 0.044
0 0.878 0.327 0.036 0.026
0 0.772 0.226 0.024 0.036
0 0.449 0.128 0.066 0.064
0 0.423 0.172 0.038 0.032
0 0.493 0.365 0.07 0.058
0 0.164 0.04 0.048 0.044
0 0.311 0.178 0.066 0.064
0 0.293 0.287 0.046 0.05
0 0.399 0.282 0.042 0.064
0 0.679 0.329 0.054 0.05
0 0.728 0.4 0.036 0.056
0 0.743 0.297 0.034 0.038
0 0.773 0.316 0.042 0.036
0 0.52 0.421 0.056 0.062
0 0.613 0.488 0.07 0.048
0 0.353 0.514 0.054 0.06
0 0.334 0.582 0.06 0.056
0 0.257 0.498 0.054 0.036
0 0.2 0.483 0.064 0.054
0 0.26 0.383 0.108 0.058
0 0.146 0.332 0.052 0.056
0 0.095 0.36 0.062 0.064
0 0.07 0.268 0.048 0.044
0 0.693 0.481 0.062 0.038
0 0.734 0.532 0.06 0.044
0 0.681 0.528 0.05 0.048
0 0.77 0.575 0.048 0.042
0 0.926 0.431 0.052 0.038
0 0.856 0.455 0.068 0.054
0 0.925 0.489 0.05 0.038
0 0.969 0.531 0.046 0.034
0 0.931 0.65 0.05 0.032
0 0.89 0.674 0.04 0.036
0 0.873 0.735 0.054 0.042
0 0.825 0.708 0.054 0.044
0 0.857 0.837 0.086 0.054
0 0.785 0.849 0.05 0.038
0 0.925 0.935 0.07 0.058
0 0.795 0.954 0.05 0.04
0 0.588 0.889 0.064 0.066
0 0.542 0.959 0.076 0.042
0 0.789 0.762 0.058 0.036
0 0.753 0.67 0.078 0.048
0 0.692 0.722 0.052 0.044
0 0.433 0.768 0.066 0.052
0 0.487 0.709 0.066 0.05
0 0.543 0.63 0.062 0.052
0 0.508 0.616 0.044 0.044
0 0.737 0.615 0.05 0.026
0 0.711 0.588 0.054 0.044
0 0.98 0.914 0.036 0.048
0 0.988 0.972 0.024 0.052
0 0.273 0.777 0.058 0.086
0 0.21 0.589 0.048 0.038
0 0.167 0.765 0.042 0.046
0 0.072 0.81 0.052 0.044
0 0.136 0.87 0.092 0.068
0 0.025 0.809 0.046 0.07
0 0.04 0.712 0.072 0.052
0 0.082 0.571 0.096 0.054
0 0.338 0.708 0.072 0.064
0 0.394 0.789 0.032 0.042
0 0.361 0.93 0.054 0.036
0 0.024 0.908 0.044 0.064
0 0.229 0.868 0.046 0.036
0 0.19 0.738 0.048 0.028
0 0.208 0.695 0.04 0.03
0 0.551 0.83 0.05 0.044
0 0.813 0.538 0.054 0.048
0 0.848 0.633 0.052 0.054
0 0.805 0.601 0.05 0.038
0 0.492 0.53 0.068 0.04
0 0.062 0.663 0.044 0.046
0 0.031 0.658 0.022 0.036
0 0.032 0.043 0.06 0.07
0 0.317 0.044 0.118 0.04
0 0.398 0.425 0.056 0.05
0 0.439 0.665 0.054 0.03
0 0.509 0.659 0.05 0.03
0 0.643 0.685 0.046 0.038
0 0.489 0.562 0.042 0.032
0 0.506 0.191 0.044 0.05
0 0.515 0.252 0.038 0.028
0 0.022 0.291 0.032 0.042
0 0.475 0.008 0.034 0.016
0 0.956 0.052 0.044 0.032
0 0.984 0.058 0.028 0.048
0 0.856 0.073 0.052 0.034
0 0.834 0.068 0.028 0.024
1 0.968 0.011 0.04 0.022
1 0.785 0.077 0.046 0.038
1 0.906 0.211 0.036 0.038
1 0.551 0.175 0.038 0.026
1 0.632 0.308 0.028 0.028
1 0.602 0.282 0.048 0.02
1 0.597 0.354 0.034 0.024
1 0.57 0.363 0.028 0.03
1 0.406 0.369 0.02 0.026
1 0.476 0.417 0.024 0.026
1 0.351 0.167 0.026 0.022
1 0.371 0.186 0.03 0.02
1 0.716 0.263 0.024 0.03
1 0.774 0.277 0.052 0.034
1 0.76 0.446 0.024 0.024
1 0.748 0.005 0.04 0.01
1 0.384 0.483 0.032 0.03
1 0.191 0.55 0.026 0.028
1 0.142 0.533 0.028 0.022
1 0.029 0.4 0.03 0.024
1 0.146 0.261 0.028 0.022
1 0.437 0.529 0.034 0.03
1 0.611 0.519 0.018 0.018
1 0.639 0.562 0.022 0.024
1 0.605 0.63 0.03 0.024
1 0.671 0.63 0.038 0.028
1 0.643 0.74 0.03 0.028
1 0.255 0.681 0.014 0.026
1 0.234 0.723 0.016 0.022
1 0.262 0.716 0.02 0.02
1 0.324 0.502 0.016 0.028
1 0.108 0.147 0.024 0.026
1 0.131 0.187 0.022 0.034
1 0.138 0.145 0.036 0.018
1 0.233 0.029 0.022 0.03
1 0.445 0.466 0.018 0.028
1 0.844 0.502 0.032 0.028
1 0.893 0.605 0.022 0.034
1 0.766 0.736 0.028 0.04
1 0.76 0.825 0.024 0.014
1 0.665 0.902 0.034 0.032
1 0.868 0.907 0.036 0.038
1 0.515 0.762 0.022 0.024
1 0.755 0.886 0.022 0.02
1 0.491 0.96 0.022 0.024
1 0.294 0.836 0.024 0.028
1 0.138 0.582 0.02 0.048
1 0.091 0.613 0.054 0.034
1 0.736 0.201 0.028 0.034
1 0.867 0.21 0.03 0.036
1 0.686 0.246 0.024 0.024
1 0.594 0.007 0.028 0.014
1 0.677 0.005 0.034 0.01
1 0.062 0.869 0.032 0.03
1 0.014 0.579 0.024 0.038
1 0.898 0.382 0.024 0.032
1 0.789 0.433 0.03 0.026
1 0.201 0.026 0.018 0.016
1 0.704 0.83 0.02 0.032
2 0.179 0.172 0.082 0.056
2 0.104 0.047 0.048 0.042
2 0.054 0.015 0.024 0.026
2 0.019 0.208 0.034 0.056
2 0.042 0.311 0.028 0.026
2 0.566 0.427 0.044 0.046
2 0.503 0.465 0.034 0.03
2 0.795 0.802 0.062 0.036
2 0.72 0.971 0.04 0.042
2 0.956 0.89 0.048 0.036
2 0.928 0.983 0.04 0.03
2 0.953 0.745 0.038 0.042
2 0.876 0.556 0.032 0.032
2 0.206 0.936 0.072 0.036
2 0.271 0.947 0.046 0.026
2 0.352 0.975 0.044 0.03
2 0.353 0.862 0.046 0.044
2 0.028 0.507 0.052 0.042
2 0.652 0.127 0.052 0.034
2 0.368 0.15 0.036 0.036
2 0.19 0.236 0.052 0.044