0 0.665 0.37 0.026 0.032
0 0.604 0.191 0.032 0.038
0 0.869 0.022 0.034 0.044
0 0.981 0.122 0.034 0.044
0 0.857 0.085 0.034 0.046
0 0.928 0.097 0.052 0.046
0 0.932 0.142 0.036 0.04
0 0.969 0.187 0.034 0.058
0 0.979 0.058 0.034 0.044
0 0.795 0.016 0.038 0.032
0 0.746 0.07 0.036 0.048
0 0.725 0.175 0.034 0.042
0 0.669 0.179 0.03 0.05
0 0.901 0.235 0.034 0.042
0 0.629 0.075 0.042 0.054
0 0.593 0.029 0.03 0.034
0 0.568 0.011 0.036 0.022
0 0.55 0.016 0.02 0.032
0 0.455 0.034 0.034 0.048
0 0.398 0.021 0.036 0.042
0 0.331 0.053 0.034 0.054
0 0.245 0.02 0.03 0.04
0 0.532 0.177 0.044 0.042
0 0.504 0.115 0.036 0.066
0 0.545 0.088 0.038 0.048
0 0.564 0.125 0.036 0.066
0 0.412 0.216 0.04 0.044
0 0.477 0.258 0.026 0.04
0 0.465 0.211 0.038 0.054
0 0.337 0.242 0.042 0.04
0 0.341 0.147 0.042 0.034
0 0.346 0.194 0.04 0.056
0 0.362 0.224 0.028 0.04
0 0.254 0.121 0.028 0.046
0 0.082 0.101 0.044 0.046
0 0.013 0.069 0.022 0.054
0 0.017 0.007 0.03 0.014
0 0.057 0.275 0.034 0.038
0 0.101 0.224 0.038 0.036
0 0.198 0.384 0.04 0.044
0 0.177 0.35 0.038 0.032
0 0.151 0.321 0.03 0.042
0 0.17 0.272 0.032 0.04
0 0.213 0.273 0.03 0.038
0 0.268 0.25 0.036 0.052
0 0.275 0.206 0.03 0.04
0 0.237 0.194 0.034 0.036
0 0.024 0.243 0.032 0.038
0 0.064 0.348 0.036 0.048
0 0.144 0.413 0.036 0.042
0 0.293 0.386 0.034 0.048
0 0.323 0.335 0.042 0.038
0 0.358 0.32 0.044 0.04
0 0.383 0.32 0.03 0.052
0 0.462 0.31 0.04 0.032
0 0.466 0.355 0.036 0.046
0 0.502 0.335 0.044 0.042
0 0.563 0.361 0.038 0.034
0 0.604 0.323 0.04 0.042
0 0.683 0.418 0.026 0.036
0 0.641 0.438 0.03 0.032
0 0.6 0.413 0.044 0.038
0 0.639 0.378 0.034 0.04
0 0.743 0.316 0.034 0.052
0 0.823 0.326 0.03 0.028
0 0.88 0.345 0.032 0.038
0 0.91 0.385 0.036 0.05
0 0.946 0.35 0.04 0.04
0 0.982 0.407 0.032 0.042
0 0.982 0.443 0.028 0.026
0 0.885 0.393 0.026 0.038
0 0.752 0.455 0.04 0.042
0 0.845 0.499 0.054 0.038
0 0.853 0.457 0.022 0.034
0 0.805 0.463 0.026 0.034
0 0.829 0.457 0.026 0.034
0 0.55 0.426 0.032 0.04
0 0.476 0.448 0.052 0.044
0 0.445 0.431 0.038 0.046
0 0.679 0.499 0.03 0.03
0 0.581 0.509 0.034 0.034
0 0.511 0.498 0.046 0.032
0 0.454 0.519 0.04 0.038
0 0.424 0.53 0.036 0.032
0 0.501 0.569 0.034 0.026
0 0.508 0.538 0.036 0.036
0 0.971 0.543 0.03 0.042
0 0.908 0.578 0.032 0.028
0 0.98 0.585 0.032 0.042
0 0.852 0.548 0.036 0.028
0 0.815 0.618 0.03 0.032
0 0.806 0.65 0.028 0.032
0 0.937 0.622 0.034 0.028
0 0.943 0.682 0.026 0.028
0 0.916 0.672 0.024 0.032
0 0.873 0.677 0.03 0.03
0 0.87 0.651 0.028 0.03
0 0.947 0.739 0.03 0.038
0 0.932 0.772 0.028 0.028
0 0.923 0.8 0.03 0.024
0 0.985 0.77 0.026 0.036
0 0.747 0.706 0.054 0.04
0 0.722 0.739 0.04 0.038
0 0.692 0.725 0.04 0.026
0 0.757 0.752 0.03 0.036
0 0.777 0.757 0.022 0.03
0 0.832 0.741 0.032 0.022
0 0.983 0.851 0.026 0.026
0 0.953 0.844 0.026 0.028
0 0.954 0.938 0.028 0.032
0 0.87 0.91 0.024 0.036
0 0.894 0.849 0.024 0.03
0 0.89 0.878 0.028 0.028
0 0.921 0.904 0.034 0.032
0 0.851 0.953 0.022 0.03
0 0.809 0.959 0.026 0.042
0 0.762 0.976 0.032 0.032
0 0.804 0.913 0.032 0.034
0 0.763 0.916 0.034 0.044
0 0.816 0.814 0.032 0.032
0 0.843 0.877 0.03 0.026
0 0.684 0.669 0.032 0.022
0 0.696 0.628 0.04 0.036
0 0.738 0.619 0.036 0.03
0 0.747 0.58 0.026 0.032
0 0.704 0.568 0.032 0.028
0 0.7 0.554 0.032 0.02
0 0.628 0.704 0.032 0.036
0 0.661 0.7 0.034 0.04
0 0.631 0.881 0.042 0.05
0 0.72 0.911 0.028 0.026
0 0.703 0.928 0.03 0.028
0 0.693 0.964 0.026 0.036
0 0.63 0.938 0.044 0.044
0 0.6 0.969 0.032 0.034
0 0.575 0.955 0.03 0.034
0 0.53 0.972 0.032 0.024
0 0.461 0.957 0.042 0.03
0 0.488 0.919 0.036 0.042
0 0.043 0.466 0.03 0.04
0 0.086 0.519 0.032 0.05
0 0.033 0.545 0.038 0.046
0 0.151 0.624 0.034 0.048
0 0.132 0.663 0.04 0.042
0 0.096 0.675 0.028 0.042
0 0.051 0.708 0.034 0.028
0 0.024 0.716 0.04 0.028
0 0.274 0.515 0.036 0.042
0 0.014 0.506 0.024 0.048
0 0.013 0.427 0.022 0.03
0 0.229 0.494 0.03 0.036
0 0.271 0.568 0.042 0.032
0 0.211 0.597 0.034 0.038
0 0.246 0.615 0.04 0.038
0 0.334 0.567 0.028 0.038
0 0.147 0.471 0.026 0.03
0 0.218 0.691 0.028 0.03
0 0.235 0.667 0.026 0.034
0 0.272 0.68 0.04 0.04
0 0.251 0.747 0.026 0.022
0 0.17 0.698 0.036 0.032
0 0.191 0.731 0.034 0.03
0 0.173 0.582 0.026 0.02
0 0.021 0.6 0.026 0.024
0 0.01 0.771 0.016 0.03
0 0.181 0.774 0.034 0.032
0 0.086 0.814 0.036 0.032
0 0.077 0.862 0.046 0.032
0 0.012 0.899 0.02 0.03
0 0.009 0.981 0.014 0.03
0 0.082 0.981 0.04 0.034
0 0.132 0.881 0.04 0.034
0 0.078 0.896 0.024 0.024
0 0.1 0.9 0.032 0.036
0 0.198 0.849 0.036 0.034
0 0.229 0.879 0.034 0.03
0 0.255 0.872 0.03 0.032
0 0.168 0.907 0.032 0.03
0 0.271 0.929 0.03 0.026
0 0.293 0.954 0.034 0.028
0 0.285 0.887 0.034 0.034
0 0.254 0.829 0.028 0.026
0 0.322 0.823 0.036 0.046
0 0.302 0.768 0.028 0.036
0 0.167 0.557 0.026 0.026
0 0.108 0.49 0.032 0.032
0 0.198 0.464 0.04 0.032
0 0.181 0.454 0.046 0.036
0 0.351 0.617 0.042 0.038
0 0.339 0.657 0.038 0.03
0 0.347 0.733 0.034 0.038
0 0.34 0.757 0.028 0.03
0 0.361 0.794 0.034 0.048
0 0.404 0.746 0.032 0.028
0 0.39 0.876 0.036 0.024
0 0.364 0.911 0.036 0.034
0 0.368 0.974 0.024 0.04
0 0.393 0.946 0.03 0.028
0 0.395 0.922 0.03 0.02
0 0.402 0.901 0.032 0.026
0 0.438 0.823 0.032 0.022
0 0.394 0.824 0.04 0.036
0 0.396 0.801 0.036 0.026
0 0.45 0.598 0.036 0.032
0 0.482 0.599 0.032 0.026
0 0.508 0.639 0.04 0.038
0 0.502 0.668 0.028 0.024
0 0.521 0.68 0.034 0.032
0 0.411 0.708 0.034 0.04
0 0.453 0.719 0.038 0.034
0 0.451 0.794 0.034 0.032
0 0.471 0.798 0.03 0.032
0 0.526 0.821 0.036 0.046
0 0.56 0.847 0.028 0.03
0 0.584 0.85 0.028 0.044
0 0.562 0.823 0.02 0.018
0 0.596 0.173 0.032 0.034
0 0.589 0.27 0.03 0.032
0 0.609 0.286 0.038 0.032
0 0.592 0.547 0.028 0.038
0 0.622 0.551 0.036 0.046
0 0.638 0.528 0.024 0.028
0 0.525 0.526 0.022 0.016
0 0.59 0.617 0.036 0.034
0 0.611 0.634 0.034 0.036
0 0.495 0.704 0.038 0.028
0 0.544 0.728 0.032 0.032
0 0.634 0.975 0.028 0.026
0 0.639 0.991 0.034 0.014
0 0.681 0.986 0.03 0.024
0 0.613 0.749 0.034 0.022
0 0.865 0.777 0.03 0.03
0 0.855 0.803 0.03 0.03
0 0.847 0.766 0.03 0.028
0 0.898 0.905 0.02 0.022
0 0.936 0.99 0.024 0.016
0 0.988 0.985 0.024 0.026
0 0.866 0.986 0.032 0.024
0 0.845 0.983 0.03 0.03
0 0.239 0.99 0.03 0.016
0 0.038 0.207 0.028 0.03
0 0.23 0.147 0.012 0.026
0 0.257 0.456 0.022 0.02
0 0.754 0.412 0.032 0.032
0 0.22 0.245 0.016 0.018
0 0.756 0.839 0.016 0.026
0 0.994 0.069 0.008 0.046
0 0.993 0.689 0.01 0.038
0 0.438 0.006 0.028 0.012
0 0.17 0.004 0.024 0.008
0 0.686 0.363 0.02 0.018
0 0.511 0.994 0.03 0.008
0 0.486 0.993 0.024 0.01
1 0.805 0.716 0.018 0.02
1 0.204 0.561 0.028 0.018
1 0.505 0.873 0.018 0.018
1 0.601 0.766 0.022 0.016
1 0.818 0.769 0.016 0.018
1 0.964 0.276 0.016 0.024
1 0.413 0.661 0.022 0.022
1 0.356 0.845 0.016 0.014
1 0.806 0.198 0.02 0.024
1 0.359 0.098 0.018 0.016
1 0.803 0.348 0.026 0.016
1 0.338 0.295 0.02 0.014
1 0.332 0.268 0.02 0.012
1 0.226 0.233 0.016 0.014
1 0.922 0.839 0.02 0.018
1 0.667 0.051 0.018 0.018
1 0.527 0.915 0.014 0.018
1 0.632 0.65 0.008 0.012
2 0.67 0.307 0.032 0.034
2 0.19 0.652 0.028 0.032
2 0.156 0.764 0.032 0.036
2 0.038 0.857 0.032 0.03
2 0.192 0.907 0.02 0.026
2 0.086 0.47 0.052 0.036
2 0.244 0.9 0.02 0.02
2 0.478 0.763 0.02 0.026
2 0.027 0.281 0.03 0.034
2 0.333 0.43 0.022 0.04
2 0.788 0.502 0.024 0.028
2 0.53 0.463 0.024 0.034
2 0.832 0.899 0.02 0.026
2 0.17 0.935 0.036 0.03
2 0.305 0.702 0.03 0.028
2 0.071 0.646 0.034 0.036
2 0.645 0.51 0.026 0.028
2 0.64 0.741 0.024 0.026
2 0.057 0.937 0.038 0.038
2 0.096 0.583 0.028 0.026
2 0.054 0.512 0.032 0.064
2 0.417 0.599 0.034 0.046
2 0.842 0.37 0.02 0.028
2 0.776 0.363 0.024 0.026
2 0.767 0.317 0.018 0.018
2 0.74 0.252 0.028 0.024
2 0.813 0.231 0.022 0.03
2 0.72 0.222 0.024 0.024
2 0.562 0.311 0.02 0.018
2 0.575 0.332 0.018 0.012
2 0.412 0.305 0.028 0.038
2 0.125 0.306 0.022 0.02
2 0.03 0.355 0.016 0.022
2 0.151 0.532 0.022 0.024
2 0.196 0.617 0.028 0.03
2 0.465 0.626 0.03 0.028
2 0.44 0.624 0.02 0.016
2 0.544 0.763 0.024 0.018
2 0.574 0.815 0.02 0.022
2 0.573 0.797 0.014 0.018
2 0.651 0.814 0.026 0.04
2 0.859 0.839 0.026 0.03
2 0.921 0.977 0.018 0.022
2 0.934 0.934 0.024 0.024
2 0.389 0.372 0.046 0.04
2 0.351 0.388 0.042 0.044
2 0.422 0.383 0.032 0.014
2 0.582 0.917 0.028 0.03
2 0.907 0.458 0.022 0.016
2 0.91 0.42 0.036 0.028
2 0.928 0.588 0.028 0.024
2 0.765 0.562 0.03 0.04
2 0.664 0.611 0.028 0.026
2 0.13 0.787 0.02 0.022
2 0.134 0.73 0.028 0.032
2 0.683 0.035 0.022 0.026
2 0.788 0.141 0.016 0.026
2 0.646 0.122 0.024 0.036
2 0.988 0.247 0.02 0.026
2 0.975 0.351 0.014 0.054
2 0.79 0.4 0.024 0.04
2 0.956 0.711 0.016 0.022
2 0.962 0.629 0.028 0.026
2 0.904 0.611 0.024 0.014
2 0.851 0.631 0.022 0.01
2 0.326 0.008 0.012 0.016
2 0.061 0.043 0.026 0.038
2 0.178 0.081 0.028 0.022
2 0.392 0.989 0.02 0.018
2 0.123 0.947 0.034 0.022
2 0.531 0.869 0.026 0.034
2 0.412 0.251 0.032 0.026
2 0.503 0.372 0.022 0.02