0 0.935 0.968 0.03 0.048
0 0.885 0.987 0.05 0.022
0 0.877 0.952 0.03 0.036
0 0.73 0.983 0.04 0.03
0 0.638 0.994 0.032 0.008
0 0.516 0.988 0.036 0.02
0 0.48 0.986 0.044 0.024
0 0.006 0.987 0.008 0.022
0 0.009 0.958 0.014 0.032
0 0.04 0.96 0.02 0.04
0 0.004 0.916 0.004 0.028
0 0.117 0.959 0.022 0.022
0 0.123 0.934 0.05 0.032
0 0.131 0.898 0.042 0.036
0 0.105 0.868 0.034 0.052
0 0.185 0.854 0.038 0.04
0 0.036 0.774 0.036 0.068
0 0.08 0.771 0.036 0.026
0 0.118 0.709 0.044 0.05
0 0.137 0.79 0.046 0.052
0 0.874 0.889 0.04 0.066
0 0.911 0.854 0.026 0.024
0 0.903 0.831 0.038 0.046
0 0.847 0.798 0.026 0.048
0 0.954 0.771 0.044 0.054
0 0.93 0.695 0.036 0.038
0 0.904 0.643 0.044 0.062
0 0.995 0.649 0.006 0.07
0 0.779 0.717 0.038 0.046
0 0.804 0.77 0.032 0.032
0 0.768 0.808 0.052 0.052
0 0.764 0.846 0.044 0.04
0 0.779 0.869 0.05 0.05
0 0.972 0.037 0.044 0.046
0 0.945 0.013 0.046 0.022
0 0.907 0.029 0.042 0.054
0 0.859 0.021 0.042 0.038
0 0.843 0.046 0.03 0.056
0 0.804 0.116 0.044 0.06
0 0.914 0.182 0.036 0.04
0 0.941 0.104 0.034 0.048
0 0.986 0.182 0.024 0.056
0 0.978 0.498 0.04 0.048
0 0.98 0.534 0.036 0.032
0 0.991 0.408 0.014 0.04
0 0.965 0.385 0.05 0.038
0 0.055 0.051 0.054 0.046
0 0.088 0.025 0.04 0.046
0 0.175 0.023 0.046 0.042
0 0.054 0.138 0.016 0.024
0 0.076 0.137 0.016 0.022
0 0.111 0.116 0.042 0.048
0 0.15 0.123 0.028 0.038
0 0.178 0.114 0.02 0.024
0 0.205 0.11 0.038 0.052
0 0.25 0.046 0.036 0.044
0 0.321 0.027 0.038 0.05
0 0.479 0.019 0.034 0.034
0 0.507 0.026 0.014 0.024
0 0.539 0.034 0.054 0.028
0 0.64 0.015 0.044 0.026
0 0.581 0.05 0.034 0.048
0 0.697 0.064 0.05 0.064
0 0.741 0.086 0.038 0.048
0 0.656 0.178 0.048 0.064
0 0.568 0.121 0.048 0.054
0 0.481 0.138 0.058 0.056
0 0.41 0.077 0.056 0.078
0 0.411 0.145 0.058 0.086
0 0.309 0.157 0.034 0.042
0 0.287 0.166 0.034 0.028
0 0.251 0.16 0.026 0.048
0 0.847 0.245 0.026 0.042
0 0.823 0.236 0.018 0.024
0 0.81 0.262 0.036 0.04
0 0.794 0.241 0.032 0.062
0 0.764 0.28 0.032 0.036
0 0.82 0.373 0.056 0.058
0 0.711 0.388 0.034 0.04
0 0.788 0.444 0.06 0.068
0 0.822 0.441 0.056 0.054
0 0.759 0.572 0.038 0.044
0 0.75 0.595 0.028 0.018
0 0.812 0.565 0.056 0.074
0 0.097 0.279 0.03 0.062
0 0.009 0.29 0.014 0.04
0 0.2 0.303 0.06 0.122
0 0.303 0.249 0.042 0.05
0 0.331 0.272 0.026 0.04
0 0.283 0.313 0.034 0.05
0 0.247 0.411 0.03 0.03
0 0.257 0.397 0.038 0.038
0 0.266 0.433 0.04 0.034
0 0.234 0.449 0.032 0.022
0 0.626 0.329 0.06 0.082
0 0.547 0.408 0.046 0.06
0 0.539 0.379 0.058 0.066
0 0.615 0.479 0.034 0.046
0 0.518 0.185 0.036 0.062
0 0.546 0.244 0.032 0.028
0 0.485 0.278 0.054 0.076
0 0.471 0.316 0.03 0.032
0 0.467 0.355 0.034 0.05
0 0.419 0.317 0.026 0.034
0 0.368 0.306 0.04 0.056
0 0.339 0.334 0.022 0.036
0 0.122 0.381 0.032 0.038
0 0.045 0.427 0.022 0.042
0 0.123 0.484 0.038 0.036
0 0.182 0.483 0.028 0.058
0 0.107 0.528 0.058 0.092
0 0.044 0.537 0.036 0.058
0 0.022 0.581 0.036 0.038
0 0.174 0.647 0.044 0.05
0 0.17 0.577 0.076 0.074
0 0.24 0.544 0.04 0.044
0 0.467 0.419 0.026 0.042
0 0.436 0.464 0.056 0.08
0 0.413 0.483 0.046 0.054
0 0.478 0.548 0.04 0.056
0 0.563 0.559 0.066 0.078
0 0.479 0.59 0.03 0.028
0 0.475 0.615 0.038 0.026
0 0.595 0.624 0.03 0.036
0 0.604 0.672 0.04 0.044
0 0.572 0.721 0.048 0.054
0 0.677 0.7 0.038 0.06
0 0.615 0.806 0.03 0.06
0 0.64 0.798 0.036 0.048
0 0.687 0.764 0.05 0.052
0 0.688 0.808 0.036 0.052
0 0.569 0.864 0.05 0.044
0 0.632 0.902 0.072 0.06
0 0.504 0.916 0.06 0.076
0 0.43 0.897 0.044 0.062
0 0.37 0.867 0.048 0.066
0 0.303 0.898 0.038 0.064
0 0.357 0.946 0.03 0.028
0 0.425 0.717 0.058 0.066
0 0.225 0.793 0.05 0.058
0 0.366 0.661 0.036 0.026
0 0.368 0.694 0.028 0.032
0 0.31 0.674 0.024 0.044
0 0.28 0.682 0.028 0.044
0 0.328 0.606 0.056 0.076
0 0.272 0.595 0.06 0.082
0 0.24 0.668 0.06 0.104
1 0.956 0.983 0.016 0.014
1 0.966 0.97 0.012 0.012
1 0.773 0.959 0.03 0.018
1 0.35 0.993 0.044 0.01
1 0.292 0.981 0.028 0.018
1 0.18 0.993 0.032 0.01
1 0.078 0.995 0.016 0.006
1 0.051 0.886 0.026 0.028
1 0.137 0.969 0.014 0.006
1 0.146 0.842 0.028 0.024
1 0.008 0.735 0.012 0.026
1 0.87 0.822 0.02 0.028
1 0.912 0.745 0.028 0.018
1 0.967 0.732 0.03 0.02
1 0.804 0.652 0.032 0.032
1 0.787 0.896 0.022 0.024
1 0.853 0.071 0.01 0.014
1 0.792 0.03 0.02 0.02
1 0.805 0.074 0.03 0.032
1 0.827 0.084 0.006 0.008
1 0.849 0.153 0.018 0.018
1 0.855 0.136 0.01 0.02
1 0.864 0.137 0.012 0.022
1 0.938 0.152 0.02 0.024
1 0.993 0.138 0.01 0.024
1 0.893 0.491 0.042 0.022
1 0.9 0.47 0.044 0.024
1 0.931 0.436 0.026 0.016
1 0.966 0.452 0.024 0.024
1 0.982 0.423 0.02 0.022
1 0.959 0.353 0.026 0.014
1 0.981 0.319 0.018 0.022
1 0.079 0.079 0.014 0.014
1 0.05 0.103 0.012 0.01
1 0.293 0.081 0.022 0.034
1 0.347 0.061 0.018 0.018
1 0.364 0.082 0.016 0.016
1 0.564 0.007 0.036 0.01
1 0.624 0.087 0.024 0.022
1 0.626 0.157 0.016 0.026
1 0.499 0.108 0.018 0.016
1 0.497 0.093 0.01 0.01
1 0.261 0.172 0.01 0.012
1 0.251 0.217 0.022 0.022
1 0.224 0.222 0.016 0.024
1 0.797 0.305 0.022 0.022
1 0.837 0.29 0.022 0.02
1 0.772 0.499 0.028 0.022
1 0.721 0.502 0.026 0.02
1 0.725 0.544 0.018 0.02
1 0.74 0.626 0.012 0.028
1 0.874 0.55 0.008 0.012
1 0.149 0.25 0.026 0.06
1 0.134 0.305 0.016 0.026
1 0.241 0.326 0.026 0.024
1 0.256 0.367 0.028 0.022
1 0.729 0.198 0.014 0.024
1 0.693 0.263 0.034 0.014
1 0.576 0.392 0.016 0.024
1 0.604 0.436 0.016 0.02
1 0.666 0.455 0.024 0.022
1 0.481 0.199 0.03 0.014
1 0.404 0.289 0.02 0.026
1 0.162 0.405 0.02 0.03
1 0.065 0.431 0.026 0.014
1 0.008 0.624 0.012 0.024
1 0.036 0.65 0.028 0.028
1 0.045 0.676 0.014 0.008
1 0.178 0.704 0.024 0.024
1 0.262 0.504 0.024 0.02
1 0.33 0.558 0.012 0.024
1 0.376 0.566 0.024 0.016
1 0.566 0.64 0.016 0.02
1 0.543 0.686 0.014 0.02
1 0.57 0.766 0.02 0.036
1 0.649 0.835 0.022 0.018
1 0.561 0.837 0.022 0.014
1 0.553 0.897 0.022 0.026
1 0.395 0.923 0.018 0.022
1 0.35 0.893 0.024 0.038
1 0.356 0.792 0.016 0.032
1 0.378 0.761 0.02 0.014
1 0.401 0.64 0.018 0.024
1 0.215 0.668 0.018 0.02
1 0.081 0.181 0.022 0.018
1 0.233 0.732 0.014 0.02
1 0.745 0.89 0.014 0.016
1 0.863 0.37 0.01 0.024
2 0.902 0.118 0.028 0.04
2 0.507 0.093 0.01 0.03
2 0.492 0.082 0.016 0.016
2 0.486 0.096 0.012 0.012
2 0.762 0.508 0.036 0.028
2 0.255 0.921 0.034 0.03
2 0.237 0.829 0.046 0.066
2 0.057 0.167 0.022 0.026
2 0.079 0.408 0.018 0.024
2 0.09 0.462 0.032 0.02
2 0.145 0.734 0.034 0.028
2 0.464 0.863 0.024 0.038
2 0.718 0.755 0.02 0.058
2 0.91 0.333 0.028 0.034