0 0.23 0.034 0.052 0.064
0 0.294 0.02 0.032 0.04
0 0.356 0.008 0.028 0.016
0 0.394 0.006 0.024 0.012
0 0.541 0.075 0.046 0.066
0 0.472 0.143 0.044 0.05
0 0.403 0.155 0.034 0.046
0 0.516 0.121 0.036 0.05
0 0.568 0.038 0.044 0.068
0 0.611 0.016 0.038 0.032
0 0.678 0.061 0.036 0.054
0 0.711 0.082 0.038 0.068
0 0.648 0.115 0.056 0.078
0 0.599 0.144 0.026 0.028
0 0.61 0.134 0.04 0.04
0 0.669 0.193 0.042 0.046
0 0.623 0.227 0.054 0.05
0 0.552 0.261 0.04 0.062
0 0.767 0.16 0.034 0.052
0 0.795 0.019 0.038 0.038
0 0.862 0.091 0.032 0.046
0 0.836 0.021 0.044 0.03
0 0.909 0.042 0.038 0.048
0 0.888 0.066 0.024 0.068
0 0.933 0.087 0.03 0.046
0 0.942 0.131 0.056 0.054
0 0.847 0.147 0.038 0.038
0 0.862 0.188 0.036 0.036
0 0.968 0.047 0.048 0.066
0 0.93 0.197 0.036 0.038
0 0.981 0.19 0.034 0.036
0 0.983 0.207 0.03 0.022
0 0.839 0.219 0.03 0.042
0 0.761 0.281 0.034 0.046
0 0.903 0.339 0.042 0.034
0 0.781 0.344 0.042 0.036
0 0.8 0.374 0.032 0.04
0 0.834 0.404 0.044 0.052
0 0.913 0.471 0.046 0.034
0 0.928 0.488 0.024 0.024
0 0.996 0.426 0.004 0.02
0 0.771 0.448 0.034 0.04
0 0.731 0.408 0.038 0.04
0 0.697 0.256 0.022 0.048
0 0.708 0.297 0.032 0.038
0 0.528 0.291 0.04 0.046
0 0.51 0.334 0.036 0.044
0 0.539 0.325 0.034 0.034
0 0.486 0.195 0.044 0.034
0 0.425 0.243 0.034 0.062
0 0.403 0.222 0.038 0.044
0 0.864 0.552 0.036 0.044
0 0.827 0.518 0.034 0.04
0 0.719 0.507 0.034 0.026
0 0.706 0.479 0.032 0.038
0 0.685 0.4 0.042 0.044
0 0.781 0.526 0.042 0.044
0 0.804 0.528 0.028 0.028
0 0.719 0.552 0.042 0.032
0 0.777 0.6 0.038 0.052
0 0.976 0.631 0.044 0.042
0 0.903 0.66 0.038 0.052
0 0.826 0.672 0.04 0.044
0 0.712 0.585 0.044 0.05
0 0.641 0.59 0.038 0.044
0 0.636 0.399 0.056 0.07
0 0.55 0.381 0.036 0.042
0 0.564 0.359 0.044 0.026
0 0.461 0.358 0.038 0.044
0 0.471 0.415 0.042 0.046
0 0.531 0.409 0.038 0.026
0 0.608 0.486 0.04 0.036
0 0.612 0.55 0.04 0.044
0 0.517 0.493 0.038 0.046
0 0.427 0.539 0.038 0.042
0 0.296 0.459 0.02 0.038
0 0.264 0.483 0.032 0.05
0 0.229 0.461 0.042 0.054
0 0.317 0.407 0.038 0.054
0 0.292 0.32 0.036 0.056
0 0.333 0.248 0.034 0.052
0 0.31 0.218 0.028 0.036
0 0.197 0.255 0.042 0.054
0 0.216 0.297 0.036 0.05
0 0.194 0.33 0.036 0.044
0 0.126 0.3 0.044 0.076
0 0.055 0.261 0.038 0.058
0 0.063 0.205 0.046 0.034
0 0.142 0.189 0.04 0.054
0 0.007 0.098 0.014 0.032
0 0.014 0.062 0.028 0.056
0 0.059 0.344 0.046 0.032
0 0.154 0.432 0.036 0.036
0 0.102 0.434 0.04 0.048
0 0.042 0.416 0.048 0.036
0 0.018 0.406 0.036 0.04
0 0.083 0.477 0.046 0.062
0 0.184 0.51 0.052 0.04
0 0.173 0.486 0.038 0.02
0 0.239 0.51 0.026 0.02
0 0.137 0.516 0.034 0.028
0 0.14 0.556 0.04 0.036
0 0.002 0.612 0.004 0.02
0 0.066 0.613 0.036 0.026
0 0.013 0.635 0.018 0.038
0 0.075 0.678 0.042 0.04
0 0.227 0.547 0.026 0.03
0 0.183 0.612 0.066 0.056
0 0.186 0.672 0.036 0.048
0 0.256 0.659 0.048 0.042
0 0.24 0.689 0.072 0.038
0 0.326 0.669 0.044 0.05
0 0.401 0.676 0.054 0.068
0 0.428 0.601 0.036 0.042
0 0.497 0.618 0.038 0.032
0 0.517 0.574 0.034 0.032
0 0.561 0.582 0.042 0.04
0 0.578 0.549 0.028 0.026
0 0.58 0.641 0.048 0.046
0 0.72 0.73 0.04 0.04
0 0.856 0.749 0.052 0.034
0 0.865 0.821 0.042 0.046
0 0.958 0.724 0.036 0.036
0 0.993 0.703 0.01 0.022
0 0.987 0.785 0.022 0.034
0 0.922 0.797 0.052 0.03
0 0.945 0.891 0.03 0.034
0 0.891 0.88 0.03 0.028
0 0.824 0.876 0.048 0.036
0 0.75 0.866 0.036 0.036
0 0.804 0.845 0.044 0.03
0 0.946 0.982 0.04 0.032
0 0.868 0.939 0.036 0.038
0 0.698 0.957 0.06 0.042
0 0.63 0.994 0.028 0.008
0 0.647 0.966 0.034 0.024
0 0.632 0.949 0.02 0.042
0 0.584 0.954 0.064 0.032
0 0.663 0.913 0.042 0.034
0 0.651 0.886 0.054 0.036
0 0.673 0.841 0.046 0.026
0 0.675 0.774 0.034 0.028
0 0.622 0.734 0.032 0.028
0 0.61 0.8 0.036 0.044
0 0.553 0.732 0.046 0.032
0 0.545 0.763 0.034 0.042
0 0.501 0.768 0.038 0.04
0 0.514 0.991 0.04 0.014
0 0.474 0.947 0.044 0.034
0 0.464 0.901 0.04 0.03
0 0.419 0.902 0.05 0.056
0 0.443 0.77 0.05 0.044
0 0.388 0.751 0.048 0.034
0 0.34 0.786 0.036 0.044
0 0.296 0.819 0.036 0.054
0 0.246 0.754 0.04 0.04
0 0.176 0.729 0.036 0.05
0 0.213 0.819 0.042 0.038
0 0.165 0.758 0.038 0.052
0 0.122 0.737 0.04 0.042
0 0.164 0.841 0.052 0.046
0 0.069 0.871 0.046 0.026
0 0.016 0.897 0.032 0.042
0 0.088 0.919 0.044 0.034
0 0.076 0.991 0.048 0.014
0 0.348 0.939 0.048 0.05
0 0.329 0.97 0.062 0.036
1 0.567 0.121 0.026 0.022
1 0.764 0.016 0.02 0.028
1 0.764 0.057 0.016 0.018
1 0.76 0.047 0.016 0.018
1 0.872 0.06 0.02 0.028
1 0.737 0.027 0.022 0.034
1 0.821 0.062 0.026 0.032
1 0.89 0.299 0.02 0.022
1 0.913 0.279 0.026 0.022
1 0.91 0.31 0.024 0.032
1 0.936 0.277 0.024 0.026
1 0.943 0.31 0.026 0.032
1 0.791 0.319 0.018 0.03
1 0.616 0.195 0.028 0.018
1 0.571 0.209 0.018 0.026
1 0.629 0.28 0.022 0.032
1 0.842 0.479 0.032 0.026
1 0.56 0.425 0.024 0.022
1 0.477 0.449 0.022 0.018
1 0.555 0.459 0.03 0.022
1 0.588 0.453 0.016 0.022
1 0.439 0.304 0.022 0.02
1 0.02 0.232 0.024 0.036
1 0.002 0.151 0.004 0.018
1 0.268 0.087 0.016 0.026
1 0.187 0.567 0.014 0.022
1 0.002 0.705 0.004 0.014
1 0.454 0.604 0.016 0.028
1 0.692 0.651 0.024 0.03
1 0.793 0.807 0.022 0.018
1 0.782 0.785 0.012 0.022
1 0.799 0.79 0.03 0.028
1 0.924 0.737 0.028 0.034
1 0.933 0.721 0.022 0.026
1 0.928 0.878 0.012 0.024
1 0.887 0.854 0.018 0.02
1 0.938 0.951 0.024 0.026
1 0.735 0.969 0.026 0.018
1 0.618 0.959 0.012 0.018
1 0.589 0.751 0.022 0.026
1 0.484 0.803 0.024 0.026
1 0.499 0.954 0.022 0.024
1 0.417 0.847 0.026 0.022
1 0.394 0.811 0.028 0.026
1 0.019 0.758 0.03 0.024
1 0.278 0.881 0.024 0.03
1 0.092 0.837 0.028 0.022
1 0.379 0.978 0.01 0.012
2 0.301 0.133 0.03 0.034
2 0.712 0.173 0.02 0.022
2 0.882 0.319 0.016 0.018
2 0.671 0.253 0.014 0.022
2 0.601 0.24 0.014 0.02
2 0.641 0.185 0.014 0.03
2 0.969 0.511 0.034 0.03
2 0.428 0.43 0.028 0.04
2 0.481 0.397 0.022 0.03
2 0.549 0.502 0.018 0.016
2 0.576 0.507 0.024 0.022
2 0.398 0.497 0.028 0.03
2 0.298 0.525 0.028 0.046
2 0.256 0.224 0.012 0.028
2 0.265 0.232 0.014 0.028
2 0.226 0.269 0.028 0.03
2 0.095 0.278 0.038 0.068
2 0.014 0.14 0.028 0.032
2 0.181 0.142 0.018 0.024
2 0.034 0.074 0.024 0.036
2 0.05 0.074 0.012 0.012
2 0.035 0.031 0.026 0.042
2 0.101 0.054 0.05 0.028
2 0.109 0.083 0.03 0.042
2 0.13 0.056 0.032 0.048
2 0.182 0.015 0.012 0.018
2 0.08 0.006 0.02 0.012
2 0.324 0.025 0.012 0.018
2 0.406 0.044 0.036 0.02
2 0.408 0.082 0.028 0.028
2 0.457 0.032 0.022 0.032
2 0.368 0.2 0.02 0.02
2 0.181 0.407 0.038 0.046
2 0.153 0.513 0.03 0.034
2 0.095 0.539 0.046 0.042
2 0.115 0.57 0.026 0.02
2 0.011 0.551 0.018 0.026
2 0.028 0.56 0.012 0.024
2 0.211 0.539 0.014 0.018
2 0.241 0.562 0.014 0.02
2 0.252 0.575 0.016 0.022
2 0.239 0.583 0.022 0.022
2 0.173 0.576 0.014 0.016
2 0.199 0.656 0.026 0.028
2 0.501 0.594 0.026 0.024
2 0.489 0.56 0.022 0.028
2 0.549 0.614 0.014 0.02
2 0.604 0.605 0.016 0.022
2 0.714 0.669 0.036 0.034
2 0.797 0.742 0.018 0.016
2 0.943 0.812 0.01 0.016
2 0.986 0.839 0.024 0.03
2 0.98 0.868 0.032 0.016
2 0.911 0.876 0.014 0.016
2 0.862 0.901 0.032 0.026
2 0.924 0.924 0.012 0.02
2 0.954 0.932 0.02 0.024
2 0.994 0.984 0.008 0.028
2 0.806 0.948 0.02 0.016
2 0.821 0.949 0.022 0.022
2 0.75 0.916 0.032 0.036
2 0.764 0.976 0.024 0.032
2 0.793 0.994 0.018 0.008
2 0.605 0.753 0.018 0.026
2 0.615 0.836 0.046 0.024
2 0.582 0.868 0.02 0.016
2 0.593 0.718 0.026 0.02
2 0.543 0.871 0.034 0.018
2 0.266 0.785 0.028 0.03
2 0.12 0.709 0.056 0.022
2 0.103 0.739 0.01 0.01
2 0.151 0.867 0.034 0.038
2 0.055 0.907 0.026 0.026
2 0.061 0.961 0.046 0.03
2 0.194 0.96 0.036 0.04
2 0.212 0.947 0.04 0.046
2 0.283 0.957 0.022 0.022
2 0.321 0.951 0.034 0.03
2 0.354 0.982 0.028 0.024