0 0.598 0.826 0.068 0.08
0 0.699 0.871 0.066 0.05
0 0.285 0.963 0.042 0.05
0 0.23 0.735 0.064 0.054
0 0.417 0.523 0.058 0.062
0 0.736 0.603 0.048 0.046
0 0.902 0.659 0.044 0.066
0 0.873 0.531 0.042 0.058
0 0.899 0.208 0.054 0.056
0 0.57 0.263 0.064 0.058
0 0.697 0.485 0.046 0.042
0 0.823 0.281 0.05 0.05
0 0.306 0.083 0.04 0.054
0 0.403 0.031 0.058 0.058
0 0.327 0.245 0.054 0.054
0 0.142 0.19 0.048 0.06
0 0.334 0.315 0.064 0.054
0 0.564 0.661 0.04 0.066
0 0.289 0.385 0.078 0.086
0 0.51 0.643 0.056 0.054
0 0.894 0.94 0.048 0.044
0 0.97 0.288 0.048 0.044
0 0.163 0.39 0.066 0.096
0 0.782 0.368 0.048 0.052
0 0.721 0.549 0.042 0.058
0 0.785 0.139 0.038 0.058
0 0.223 0.127 0.054 0.066
0 0.278 0.469 0.052 0.058
0 0.877 0.883 0.054 0.074
0 0.969 0.85 0.058 0.064
0 0.902 0.827 0.04 0.05
0 0.944 0.927 0.044 0.046
0 0.99 0.965 0.016 0.058
0 0.78 0.889 0.068 0.07
0 0.705 0.92 0.058 0.06
0 0.821 0.944 0.038 0.04
0 0.644 0.943 0.032 0.038
0 0.683 0.993 0.062 0.01
0 0.553 0.959 0.062 0.07
0 0.36 0.984 0.04 0.028
0 0.308 0.917 0.044 0.062
0 0.325 0.897 0.026 0.046
0 0.191 0.945 0.03 0.03
0 0.194 0.897 0.036 0.038
0 0.208 0.845 0.048 0.034
0 0.012 0.952 0.02 0.028
0 0.089 0.795 0.034 0.03
0 0.122 0.796 0.032 0.052
0 0.08 0.691 0.036 0.034
0 0.223 0.693 0.05 0.05
0 0.194 0.736 0.04 0.04
0 0.352 0.608 0.024 0.016
0 0.411 0.65 0.046 0.032
0 0.36 0.698 0.044 0.06
0 0.343 0.656 0.054 0.044
0 0.415 0.58 0.046 0.028
0 0.34 0.517 0.056 0.046
0 0.309 0.5 0.046 0.044
0 0.34 0.45 0.064 0.064
0 0.292 0.478 0.052 0.076
0 0.23 0.43 0.04 0.056
0 0.341 0.392 0.062 0.06
0 0.418 0.35 0.052 0.044
0 0.537 0.357 0.03 0.054
0 0.539 0.407 0.05 0.054
0 0.5 0.458 0.036 0.044
0 0.473 0.432 0.05 0.056
0 0.484 0.527 0.052 0.062
0 0.536 0.492 0.056 0.048
0 0.576 0.469 0.052 0.054
0 0.568 0.523 0.048 0.05
0 0.588 0.703 0.068 0.066
0 0.585 0.648 0.05 0.044
0 0.445 0.667 0.066 0.062
0 0.068 0.38 0.064 0.04
0 0.059 0.344 0.062 0.052
0 0.024 0.332 0.044 0.052
0 0.217 0.23 0.046 0.056
0 0.262 0.297 0.056 0.054
0 0.142 0.118 0.06 0.06
0 0.102 0.086 0.072 0.068
0 0.173 0.046 0.058 0.052
0 0.202 0.105 0.064 0.066
0 0.093 0.041 0.07 0.062
0 0.069 0.027 0.058 0.05
0 0.03 0.048 0.048 0.084
0 0.351 0.013 0.062 0.022
0 0.515 0.02 0.054 0.036
0 0.568 0.009 0.06 0.014
0 0.524 0.079 0.048 0.05
0 0.54 0.149 0.048 0.062
0 0.472 0.194 0.048 0.036
0 0.407 0.165 0.058 0.062
0 0.543 0.216 0.066 0.088
0 0.641 0.186 0.066 0.064
0 0.643 0.098 0.074 0.068
0 0.624 0.066 0.048 0.06
0 0.674 0.053 0.036 0.034
0 0.698 0.02 0.048 0.036
0 0.732 0.019 0.032 0.034
0 0.734 0.081 0.052 0.05
0 0.835 0.084 0.046 0.064
0 0.871 0.1 0.05 0.068
0 0.747 0.189 0.042 0.058
0 0.743 0.289 0.058 0.054
0 0.647 0.286 0.066 0.052
0 0.713 0.417 0.058 0.054
0 0.781 0.505 0.058 0.058
0 0.812 0.58 0.056 0.056
0 0.844 0.636 0.06 0.052
0 0.738 0.723 0.072 0.078
0 0.703 0.676 0.05 0.064
0 0.786 0.746 0.076 0.064
0 0.855 0.746 0.054 0.06
0 0.965 0.743 0.066 0.058
0 0.987 0.705 0.022 0.05
0 0.922 0.766 0.028 0.048
0 0.887 0.777 0.054 0.062
0 0.965 0.59 0.062 0.064
0 0.933 0.388 0.05 0.052
0 0.974 0.385 0.048 0.062
0 0.924 0.54 0.044 0.04
0 0.948 0.509 0.056 0.058
0 0.564 0.299 0.056 0.034
0 0.913 0.278 0.05 0.056
0 0.914 0.194 0.048 0.08
0 0.956 0.102 0.032 0.052
0 0.989 0.097 0.018 0.058
0 0.965 0.036 0.054 0.056
0 0.937 0.028 0.05 0.052
0 0.829 0.019 0.05 0.034
1 0.943 0.892 0.03 0.028
1 0.738 0.933 0.024 0.026
1 0.558 0.924 0.028 0.036
1 0.047 0.848 0.038 0.032
1 0.19 0.711 0.032 0.026
1 0.33 0.631 0.036 0.038
1 0.435 0.383 0.03 0.022
1 0.487 0.386 0.026 0.028
1 0.539 0.556 0.034 0.028
1 0.523 0.704 0.03 0.028
1 0.402 0.756 0.024 0.02
1 0.164 0.613 0.04 0.03
1 0.072 0.501 0.04 0.034
1 0.104 0.482 0.04 0.028
1 0.14 0.253 0.02 0.022
1 0.066 0.232 0.044 0.02
1 0.25 0.232 0.024 0.02
1 0.283 0.172 0.026 0.024
1 0.286 0.195 0.02 0.026
1 0.234 0.176 0.032 0.028
1 0.248 0.197 0.028 0.026
1 0.218 0.062 0.036 0.028
1 0.016 0.028 0.024 0.032
1 0.505 0.148 0.03 0.032
1 0.573 0.118 0.018 0.044
1 0.635 0.019 0.022 0.03
1 0.619 0.012 0.03 0.02
1 0.729 0.056 0.018 0.032
1 0.824 0.215 0.04 0.046
1 0.74 0.458 0.02 0.044
1 0.867 0.495 0.03 0.022
1 0.695 0.765 0.026 0.046
1 0.681 0.645 0.03 0.034
1 0.859 0.822 0.014 0.024
1 0.974 0.657 0.028 0.034
1 0.93 0.469 0.04 0.034
1 0.902 0.509 0.024 0.03
1 0.772 0.22 0.02 0.02
1 0.976 0.079 0.016 0.018
2 0.133 0.758 0.026 0.052
2 0.486 0.348 0.028 0.032
2 0.532 0.533 0.048 0.03
2 0.586 0.601 0.048 0.038
2 0.467 0.737 0.034 0.042
2 0.149 0.464 0.05 0.056
2 0.08 0.176 0.052 0.052
2 0.197 0.012 0.074 0.02
2 0.778 0.088 0.036 0.032
2 0.726 0.345 0.032 0.042
2 0.793 0.558 0.038 0.036
2 0.754 0.555 0.028 0.026
2 0.817 0.707 0.03 0.034
2 0.844 0.802 0.044 0.052
2 0.838 0.864 0.04 0.036
2 0.96 0.343 0.032 0.042
2 0.828 0.359 0.056 0.074
2 0.364 0.179 0.032 0.026
2 0.7 0.153 0.052 0.058
2 0.795 0.188 0.042 0.052
2 0.919 0.957 0.034 0.03