0 0.94 0.073 0.044 0.054
0 0.932 0.029 0.036 0.058
0 0.79 0.017 0.044 0.034
0 0.713 0.032 0.062 0.06
0 0.658 0.088 0.064 0.068
0 0.723 0.121 0.058 0.086
0 0.883 0.18 0.054 0.084
0 0.846 0.191 0.056 0.07
0 0.817 0.224 0.042 0.064
0 0.737 0.244 0.058 0.06
0 0.684 0.247 0.064 0.074
0 0.651 0.176 0.058 0.056
0 0.565 0.172 0.062 0.088
0 0.936 0.17 0.04 0.064
0 0.859 0.278 0.058 0.068
0 0.835 0.324 0.038 0.056
0 0.822 0.365 0.036 0.062
0 0.93 0.346 0.048 0.1
0 0.969 0.296 0.054 0.048
0 0.943 0.233 0.038 0.042
0 0.693 0.436 0.054 0.064
0 0.671 0.344 0.066 0.112
0 0.611 0.346 0.042 0.088
0 0.742 0.503 0.076 0.058
0 0.808 0.497 0.04 0.038
0 0.801 0.561 0.054 0.102
0 0.854 0.434 0.04 0.06
0 0.932 0.444 0.048 0.068
0 0.98 0.453 0.036 0.05
0 0.978 0.541 0.04 0.062
0 0.971 0.594 0.054 0.068
0 0.897 0.503 0.042 0.058
0 0.978 0.678 0.04 0.044
0 0.921 0.713 0.038 0.062
0 0.903 0.755 0.038 0.042
0 0.856 0.8 0.044 0.072
0 0.76 0.772 0.048 0.056
0 0.811 0.81 0.038 0.068
0 0.799 0.671 0.034 0.046
0 0.884 0.903 0.036 0.046
0 0.93 0.876 0.04 0.036
0 0.979 0.945 0.038 0.054
0 0.933 0.928 0.046 0.048
0 0.834 0.956 0.032 0.052
0 0.756 0.893 0.048 0.054
0 0.763 0.961 0.042 0.042
0 0.933 0.972 0.042 0.04
0 0.662 0.887 0.04 0.05
0 0.605 0.876 0.042 0.048
0 0.598 0.75 0.052 0.06
0 0.651 0.754 0.042 0.068
0 0.699 0.753 0.042 0.05
0 0.48 0.777 0.056 0.074
0 0.526 0.871 0.052 0.066
0 0.465 0.973 0.046 0.05
0 0.468 0.915 0.04 0.054
0 0.411 0.808 0.042 0.048
0 0.385 0.725 0.046 0.058
0 0.32 0.726 0.04 0.044
0 0.274 0.66 0.044 0.036
0 0.279 0.598 0.034 0.06
0 0.214 0.601 0.056 0.066
0 0.152 0.626 0.04 0.064
0 0.233 0.691 0.03 0.046
0 0.202 0.675 0.036 0.054
0 0.15 0.69 0.044 0.04
0 0.185 0.744 0.042 0.048
0 0.15 0.788 0.04 0.04
0 0.248 0.821 0.04 0.054
0 0.323 0.818 0.07 0.072
0 0.482 0.603 0.048 0.078
0 0.385 0.605 0.034 0.046
0 0.548 0.715 0.036 0.054
0 0.585 0.694 0.034 0.044
0 0.571 0.581 0.046 0.066
0 0.534 0.575 0.044 0.074
0 0.481 0.486 0.054 0.06
0 0.427 0.458 0.058 0.068
0 0.446 0.419 0.044 0.054
0 0.368 0.467 0.052 0.058
0 0.533 0.41 0.038 0.04
0 0.48 0.343 0.072 0.138
0 0.459 0.208 0.062 0.06
0 0.505 0.265 0.054 0.058
0 0.418 0.224 0.064 0.068
0 0.293 0.17 0.054 0.06
0 0.348 0.16 0.032 0.048
0 0.298 0.124 0.048 0.06
0 0.193 0.091 0.058 0.082
0 0.193 0.154 0.054 0.052
0 0.098 0.106 0.056 0.084
0 0.134 0.073 0.04 0.054
0 0.206 0.02 0.08 0.04
0 0.345 0.087 0.038 0.042
0 0.439 0.075 0.058 0.05
0 0.529 0.052 0.074 0.06
0 0.585 0.021 0.082 0.042
0 0.501 0.123 0.034 0.046
0 0.291 0.281 0.042 0.054
0 0.326 0.328 0.04 0.064
0 0.22 0.328 0.036 0.076
0 0.166 0.378 0.06 0.076
0 0.134 0.319 0.056 0.082
0 0.09 0.237 0.076 0.066
0 0.086 0.405 0.068 0.07
0 0.158 0.462 0.088 0.084
0 0.31 0.482 0.036 0.048
0 0.368 0.346 0.04 0.06
0 0.082 0.32 0.068 0.096
0 0.036 0.466 0.068 0.1
0 0.03 0.367 0.052 0.042
0 0.101 0.569 0.046 0.054
0 0.037 0.792 0.042 0.052
0 0.118 0.794 0.04 0.032
0 0.25 0.885 0.04 0.05
0 0.231 0.779 0.034 0.034
0 0.194 0.875 0.052 0.05
0 0.145 0.894 0.046 0.056
0 0.144 0.938 0.044 0.052
0 0.065 0.844 0.042 0.048
0 0.442 0.022 0.048 0.036
0 0.414 0.009 0.04 0.018
0 0.745 0.431 0.03 0.034
0 0.68 0.592 0.044 0.108
0 0.621 0.603 0.046 0.09
0 0.71 0.703 0.052 0.05
0 0.956 0.716 0.032 0.044
0 0.938 0.747 0.032 0.034
0 0.985 0.736 0.026 0.056
0 0.527 0.752 0.038 0.08
0 0.426 0.665 0.048 0.038
0 0.398 0.856 0.044 0.068
0 0.494 0.886 0.044 0.056
0 0.546 0.936 0.048 0.04
0 0.624 0.986 0.084 0.024
0 0.263 0.973 0.046 0.05
0 0.213 0.957 0.05 0.054
0 0.418 0.981 0.04 0.034
0 0.417 0.947 0.034 0.034
0 0.083 0.725 0.046 0.066
0 0.032 0.733 0.044 0.058
0 0.01 0.75 0.016 0.04
0 0.428 0.347 0.048 0.074
0 0.414 0.291 0.06 0.058
1 0.466 0.269 0.028 0.022
1 0.379 0.223 0.026 0.038
1 0.329 0.235 0.014 0.034
1 0.31 0.24 0.02 0.032
1 0.027 0.898 0.03 0.044
1 0.094 0.885 0.02 0.034
1 0.077 0.935 0.026 0.034
1 0.012 0.669 0.02 0.03
1 0.206 0.52 0.02 0.036
1 0.23 0.487 0.024 0.026
1 0.249 0.506 0.026 0.024
1 0.268 0.457 0.028 0.026
1 0.31 0.414 0.032 0.036
1 0.39 0.424 0.024 0.028
1 0.019 0.288 0.026 0.044
1 0.04 0.078 0.032 0.048
1 0.26 0.044 0.028 0.028
1 0.282 0.013 0.032 0.026
1 0.475 0.099 0.026 0.022
1 0.486 0.038 0.02 0.032
1 0.581 0.117 0.022 0.03
1 0.643 0.011 0.026 0.022
1 0.836 0.087 0.02 0.038
1 0.85 0.028 0.036 0.024
1 0.879 0.013 0.026 0.022
1 0.904 0.006 0.024 0.012
1 0.963 0.095 0.014 0.018
1 0.925 0.28 0.026 0.028
1 0.969 0.248 0.026 0.02
1 0.716 0.343 0.024 0.038
1 0.733 0.374 0.022 0.036
1 0.896 0.349 0.024 0.026
1 0.99 0.401 0.016 0.034
1 0.841 0.52 0.026 0.02
1 0.852 0.634 0.02 0.028
1 0.945 0.654 0.03 0.028
1 0.899 0.832 0.022 0.02
1 0.944 0.796 0.032 0.028
1 0.826 0.87 0.024 0.024
1 0.687 0.708 0.034 0.028
1 0.659 0.793 0.038 0.018
1 0.44 0.717 0.028 0.03
1 0.635 0.968 0.038 0.02
1 0.619 0.949 0.014 0.022
1 0.632 0.875 0.02 0.026
1 0.725 0.939 0.042 0.018
1 0.829 0.919 0.026 0.018
1 0.902 0.927 0.016 0.026
1 0.883 0.99 0.034 0.016
1 0.961 0.991 0.026 0.014
1 0.383 0.882 0.026 0.04
1 0.372 0.945 0.04 0.03
1 0.302 0.947 0.032 0.038
1 0.632 0.481 0.028 0.022
1 0.63 0.708 0.02 0.028
1 0.958 0.49 0.032 0.024
2 0.54 0.526 0.048 0.06
2 0.051 0.868 0.042 0.04
2 0.064 0.55 0.032 0.052
2 0.232 0.406 0.068 0.056
2 0.276 0.33 0.06 0.08
2 0.277 0.073 0.022 0.026
2 0.069 0.029 0.022 0.03
2 0.013 0.148 0.022 0.052
2 0.007 0.219 0.01 0.03
2 0.033 0.212 0.026 0.032
2 0.995 0.192 0.006 0.076
2 0.923 0.249 0.03 0.022
2 0.891 0.382 0.018 0.032
2 0.559 0.1 0.026 0.056
2 0.705 0.656 0.038 0.036
2 0.72 0.628 0.032 0.032
2 0.75 0.555 0.032 0.038
2 0.717 0.569 0.018 0.042
2 0.897 0.633 0.03 0.042
2 0.329 0.9 0.034 0.036
2 0.278 0.904 0.04 0.028
2 0.383 0.664 0.034 0.044
2 0.42 0.525 0.048 0.038
2 0.578 0.457 0.056 0.03
2 0.111 0.627 0.042 0.058
2 0.117 0.68 0.022 0.036
2 0.139 0.656 0.046 0.028
2 0.024 0.554 0.032 0.04
2 0.65 0.694 0.032 0.056