0 0.527 0.407 0.054 0.062
0 0.945 0.948 0.106 0.076
0 0.946 0.87 0.064 0.04
0 0.769 0.842 0.074 0.04
0 0.7 0.767 0.048 0.034
0 0.657 0.747 0.066 0.046
0 0.836 0.728 0.04 0.04
0 0.801 0.738 0.026 0.028
0 0.719 0.713 0.05 0.046
0 0.708 0.654 0.056 0.044
0 0.796 0.58 0.06 0.04
0 0.906 0.628 0.044 0.048
0 0.891 0.673 0.034 0.03
0 0.75 0.456 0.076 0.052
0 0.753 0.377 0.05 0.038
0 0.717 0.357 0.05 0.038
0 0.74 0.293 0.048 0.038
0 0.714 0.257 0.06 0.042
0 0.675 0.256 0.042 0.044
0 0.51 0.231 0.056 0.054
0 0.559 0.116 0.058 0.052
0 0.503 0.102 0.062 0.036
0 0.946 0.117 0.068 0.046
0 0.959 0.307 0.062 0.05
0 0.978 0.234 0.04 0.044
0 0.797 0.226 0.066 0.06
0 0.568 0.616 0.072 0.052
0 0.524 0.611 0.036 0.038
0 0.498 0.55 0.048 0.056
0 0.593 0.499 0.046 0.05
0 0.508 0.468 0.084 0.056
0 0.53 0.349 0.084 0.046
0 0.455 0.501 0.062 0.05
0 0.92 0.462 0.052 0.044
0 0.966 0.435 0.056 0.038
0 0.924 0.416 0.028 0.032
0 0.838 0.386 0.048 0.048
0 0.671 0.588 0.07 0.052
0 0.724 0.586 0.04 0.032
0 0.948 0.741 0.04 0.05
0 0.533 0.886 0.106 0.056
0 0.416 0.961 0.068 0.054
0 0.426 0.8 0.088 0.064
0 0.448 0.643 0.032 0.03
0 0.296 0.571 0.068 0.054
0 0.171 0.493 0.054 0.042
0 0.126 0.487 0.052 0.054
0 0.076 0.473 0.064 0.046
0 0.223 0.719 0.026 0.018
0 0.207 0.69 0.05 0.048
0 0.242 0.708 0.04 0.028
0 0.573 0.814 0.03 0.04
0 0.289 0.824 0.082 0.072
0 0.13 0.897 0.04 0.078
0 0.09 0.873 0.048 0.062
0 0.229 0.823 0.046 0.038
0 0.195 0.814 0.034 0.068
0 0.024 0.756 0.044 0.044
0 0.272 0.169 0.072 0.054
0 0.255 0.1 0.066 0.056
0 0.201 0.065 0.062 0.042
0 0.234 0.029 0.072 0.054
0 0.126 0.059 0.1 0.058
0 0.439 0.272 0.062 0.028
0 0.425 0.299 0.05 0.034
0 0.396 0.233 0.052 0.058
0 0.157 0.358 0.066 0.044
0 0.291 0.393 0.07 0.054
0 0.292 0.352 0.056 0.028
0 0.309 0.268 0.066 0.06
0 0.256 0.983 0.056 0.03
0 0.097 0.971 0.046 0.034
0 0.15 0.974 0.024 0.036
0 0.02 0.984 0.036 0.028
0 0.017 0.894 0.03 0.036
0 0.076 0.636 0.06 0.052
0 0.039 0.643 0.026 0.026
0 0.014 0.641 0.024 0.054
0 0.254 0.285 0.048 0.042
0 0.071 0.406 0.046 0.06
0 0.03 0.393 0.056 0.038
0 0.207 0.272 0.042 0.04
0 0.102 0.206 0.052 0.036
0 0.095 0.105 0.03 0.03
0 0.614 0.057 0.04 0.05
1 0.829 0.812 0.03 0.032
1 0.777 0.799 0.026 0.022
1 0.839 0.614 0.03 0.04
1 0.852 0.475 0.02 0.026
1 0.81 0.511 0.016 0.014
1 0.78 0.534 0.024 0.028
1 0.731 0.422 0.022 0.024
1 0.587 0.247 0.026 0.03
1 0.59 0.197 0.024 0.018
1 0.481 0.16 0.026 0.016
1 0.484 0.06 0.04 0.02
1 0.4 0.063 0.032 0.022
1 0.938 0.066 0.04 0.028
1 0.842 0.191 0.024 0.034
1 0.637 0.499 0.042 0.03
1 0.561 0.469 0.018 0.022
1 0.81 0.273 0.024 0.026
1 0.831 0.318 0.03 0.028
1 0.825 0.035 0.026 0.014
1 0.672 0.112 0.024 0.032
1 0.683 0.139 0.034 0.082
1 0.632 0.628 0.032 0.024
1 0.756 0.588 0.02 0.024
1 0.815 0.906 0.038 0.028
1 0.779 0.915 0.034 0.038
1 0.734 0.966 0.024 0.024
1 0.73 0.944 0.028 0.032
1 0.583 0.985 0.018 0.026
1 0.575 0.939 0.022 0.014
1 0.558 0.972 0.036 0.028
1 0.486 0.931 0.028 0.022
1 0.465 0.918 0.026 0.028
1 0.344 0.881 0.02 0.022
1 0.371 0.86 0.026 0.028
1 0.358 0.829 0.024 0.034
1 0.48 0.715 0.024 0.038
1 0.458 0.671 0.048 0.022
1 0.433 0.568 0.022 0.024
1 0.257 0.605 0.034 0.022
1 0.267 0.544 0.034 0.028
1 0.259 0.522 0.03 0.028
1 0.22 0.551 0.028 0.026
1 0.184 0.548 0.028 0.028
1 0.209 0.576 0.026 0.024
1 0.328 0.734 0.024 0.032
1 0.287 0.663 0.026 0.03
1 0.687 0.808 0.026 0.032
1 0.143 0.766 0.03 0.028
1 0.105 0.815 0.022 0.03
1 0.073 0.786 0.026 0.024
1 0.09 0.768 0.024 0.024
1 0.014 0.802 0.024 0.024
1 0.07 0.865 0.028 0.026
1 0.063 0.908 0.03 0.024
1 0.144 0.394 0.044 0.016
1 0.368 0.264 0.028 0.024
1 0.378 0.18 0.024 0.024
1 0.352 0.125 0.032 0.038
1 0.636 0.364 0.032 0.02
1 0.646 0.337 0.052 0.026
1 0.541 0.316 0.026 0.02
1 0.175 0.978 0.018 0.024
1 0.152 0.913 0.016 0.01
1 0.086 0.693 0.02 0.034
1 0.099 0.667 0.026 0.026
1 0.06 0.598 0.02 0.02
1 0.144 0.583 0.036 0.022
1 0.091 0.554 0.038 0.024
1 0.414 0.483 0.02 0.022
1 0.392 0.327 0.028 0.022
1 0.362 0.38 0.048 0.036
1 0.211 0.226 0.026 0.016
1 0.22 0.19 0.02 0.02
1 0.182 0.247 0.02 0.03
1 0.046 0.104 0.04 0.016
1 0.558 0.186 0.036 0.028
2 0.883 0.24 0.038 0.04
2 0.834 0.252 0.02 0.024
2 0.823 0.144 0.014 0.028
2 0.756 0.147 0.016 0.034
2 0.355 0.237 0.03 0.026
2 0.231 0.959 0.014 0.014
2 0.168 0.901 0.012 0.018
2 0.647 0.785 0.01 0.01
2 0.61 0.772 0.02 0.016
2 0.202 0.649 0.024 0.018
2 0.695 0.504 0.042 0.044
2 0.693 0.3 0.01 0.02
2 0.68 0.295 0.016 0.018