0 0.957 0.093 0.05 0.034
0 0.881 0.071 0.034 0.026
0 0.926 0.148 0.048 0.036
0 0.811 0.147 0.054 0.042
0 0.741 0.069 0.038 0.034
0 0.706 0.109 0.068 0.05
0 0.764 0.295 0.044 0.034
0 0.635 0.249 0.05 0.03
0 0.705 0.348 0.046 0.036
0 0.455 0.316 0.054 0.036
0 0.617 0.212 0.05 0.028
0 0.581 0.297 0.05 0.038
0 0.614 0.326 0.028 0.024
0 0.562 0.333 0.044 0.03
0 0.569 0.374 0.05 0.032
0 0.463 0.241 0.05 0.03
0 0.849 0.357 0.042 0.034
0 0.974 0.311 0.044 0.034
0 0.903 0.304 0.042 0.052
0 0.936 0.477 0.044 0.046
0 0.925 0.541 0.046 0.034
0 0.884 0.584 0.036 0.036
0 0.797 0.538 0.038 0.028
0 0.736 0.485 0.044 0.034
0 0.553 0.531 0.042 0.05
0 0.514 0.636 0.04 0.044
0 0.623 0.603 0.026 0.034
0 0.642 0.643 0.024 0.026
0 0.632 0.737 0.044 0.046
0 0.354 0.677 0.064 0.034
0 0.418 0.718 0.064 0.04
0 0.421 0.677 0.042 0.034
0 0.39 0.757 0.044 0.026
0 0.41 0.755 0.044 0.026
0 0.293 0.762 0.05 0.032
0 0.166 0.714 0.048 0.036
0 0.258 0.724 0.064 0.044
0 0.519 0.84 0.05 0.028
0 0.667 0.84 0.034 0.04
0 0.828 0.718 0.048 0.048
0 0.856 0.684 0.044 0.032
0 0.927 0.708 0.05 0.036
0 0.637 0.679 0.038 0.034
0 0.374 0.59 0.056 0.032
0 0.263 0.545 0.042 0.034
0 0.17 0.617 0.056 0.038
0 0.17 0.664 0.048 0.036
0 0.118 0.832 0.044 0.028
0 0.041 0.887 0.05 0.058
0 0.285 0.853 0.046 0.046
0 0.308 0.844 0.032 0.044
0 0.417 0.878 0.046 0.072
0 0.507 0.937 0.042 0.046
0 0.386 0.86 0.028 0.032
0 0.154 0.245 0.044 0.042
0 0.212 0.279 0.052 0.034
0 0.163 0.299 0.046 0.034
0 0.171 0.27 0.046 0.04
0 0.221 0.329 0.034 0.034
0 0.063 0.324 0.038 0.032
0 0.094 0.321 0.036 0.03
0 0.409 0.498 0.042 0.032
0 0.549 0.143 0.058 0.038
0 0.51 0.088 0.048 0.04
0 0.422 0.082 0.04 0.032
0 0.438 0.017 0.04 0.034
0 0.298 0.259 0.048 0.038
0 0.329 0.253 0.026 0.03
0 0.347 0.275 0.018 0.018
0 0.396 0.378 0.04 0.028
0 0.425 0.372 0.038 0.032
0 0.423 0.4 0.042 0.028
0 0.528 0.499 0.048 0.034
0 0.51 0.451 0.02 0.038
0 0.789 0.248 0.03 0.036
0 0.752 0.251 0.048 0.034
0 0.666 0.266 0.036 0.028
0 0.733 0.257 0.014 0.014
0 0.709 0.281 0.03 0.026
0 0.669 0.605 0.054 0.042
0 0.783 0.686 0.046 0.024
0 0.744 0.753 0.052 0.038
0 0.738 0.63 0.052 0.044
0 0.792 0.7 0.04 0.044
0 0.583 0.741 0.022 0.042
0 0.923 0.871 0.038 0.038
0 0.895 0.935 0.054 0.062
0 0.703 0.948 0.046 0.048
0 0.955 0.81 0.034 0.048
0 0.571 0.796 0.042 0.032
0 0.454 0.974 0.036 0.032
0 0.262 0.968 0.04 0.028
0 0.375 0.984 0.038 0.028
0 0.121 0.883 0.058 0.054
0 0.188 0.553 0.052 0.03
0 0.232 0.577 0.052 0.03
0 0.037 0.5 0.05 0.044
0 0.055 0.468 0.042 0.04
0 0.135 0.497 0.026 0.03
0 0.204 0.408 0.04 0.04
0 0.264 0.475 0.044 0.038
0 0.088 0.468 0.028 0.04
0 0.022 0.605 0.04 0.038
0 0.429 0.536 0.038 0.044
0 0.452 0.542 0.028 0.028
0 0.762 0.532 0.032 0.032
0 0.086 0.101 0.044 0.034
0 0.257 0.156 0.042 0.028
0 0.397 0.138 0.03 0.036
0 0.235 0.113 0.05 0.03
0 0.553 0.2 0.05 0.024
0 0.782 0.107 0.056 0.03
0 0.971 0.197 0.046 0.038
0 0.981 0.262 0.034 0.04
0 0.669 0.135 0.022 0.054
0 0.743 0.153 0.058 0.026
0 0.609 0.393 0.038 0.026
0 0.512 0.296 0.032 0.032
0 0.633 0.304 0.034 0.024
0 0.848 0.172 0.024 0.048
0 0.803 0.039 0.046 0.026
0 0.762 0.061 0.028 0.022
0 0.651 0.053 0.038 0.022
0 0.502 0.13 0.028 0.032
0 0.399 0.05 0.026 0.028
0 0.689 0.046 0.038 0.032
0 0.187 0.156 0.042 0.02
0 0.197 0.119 0.026 0.022
0 0.199 0.093 0.022 0.03
0 0.222 0.199 0.036 0.026
0 0.091 0.258 0.03 0.028
0 0.047 0.228 0.018 0.016
0 0.049 0.216 0.014 0.012
0 0.059 0.2 0.014 0.028
0 0.071 0.013 0.086 0.026
0 0.029 0.037 0.05 0.042
0 0.38 0.009 0.056 0.018
0 0.325 0.352 0.038 0.036
0 0.276 0.375 0.056 0.022
0 0.384 0.485 0.028 0.026
0 0.303 0.474 0.03 0.024
0 0.212 0.568 0.024 0.024
0 0.063 0.396 0.03 0.028
0 0.149 0.377 0.034 0.03
0 0.043 0.316 0.018 0.02
0 0.01 0.324 0.016 0.036
0 0.511 0.706 0.022 0.024
0 0.592 0.944 0.036 0.024
0 0.736 0.555 0.048 0.038
0 0.736 0.454 0.044 0.036
0 0.758 0.393 0.04 0.026
0 0.983 0.435 0.03 0.042
0 0.225 0.986 0.046 0.024
0 0.017 0.981 0.03 0.034
0 0.018 0.82 0.032 0.064
0 0.764 0.762 0.028 0.04
0 0.468 0.932 0.028 0.028
0 0.497 0.988 0.042 0.02
0 0.987 0.708 0.022 0.036
0 0.952 0.681 0.044 0.026
0 0.969 0.695 0.038 0.046
0 0.96 0.863 0.024 0.054
0 0.988 0.886 0.02 0.048
0 0.616 0.99 0.048 0.016
0 0.951 0.499 0.03 0.026
0 0.988 0.277 0.02 0.034
0 0.174 0.853 0.032 0.042
0 0.197 0.884 0.034 0.028
0 0.329 0.505 0.03 0.034
0 0.279 0.159 0.018 0.022
1 0.796 0.498 0.028 0.02
1 0.364 0.524 0.028 0.024
1 0.128 0.692 0.02 0.028
1 0.496 0.418 0.024 0.024
1 0.503 0.408 0.03 0.028
1 0.652 0.305 0.016 0.018
1 0.912 0.103 0.028 0.022
1 0.596 0.036 0.024 0.024
1 0.395 0.065 0.01 0.014
1 0.174 0.134 0.024 0.024
1 0.189 0.024 0.026 0.028
1 0.212 0.023 0.02 0.022
1 0.223 0.007 0.03 0.014
1 0.151 0.506 0.014 0.024
1 0.179 0.51 0.018 0.028
1 0.111 0.405 0.03 0.018
1 0.515 0.57 0.034 0.032
1 0.495 0.708 0.018 0.02
1 0.465 0.695 0.026 0.018
1 0.404 0.686 0.028 0.024
1 0.395 0.669 0.01 0.018
1 0.56 0.932 0.02 0.028
1 0.572 0.937 0.024 0.022
1 0.392 0.812 0.028 0.024
1 0.713 0.637 0.018 0.022
1 0.752 0.658 0.02 0.032
1 0.885 0.521 0.018 0.022
1 0.897 0.526 0.022 0.02
1 0.858 0.544 0.02 0.02
1 0.428 0.832 0.024 0.028
1 0.697 0.791 0.022 0.018
1 0.725 0.863 0.034 0.038
1 0.204 0.771 0.02 0.022
1 0.902 0.779 0.028 0.03
1 0.903 0.8 0.014 0.016
1 0.749 0.515 0.022 0.014
1 0.986 0.66 0.024 0.032
1 0.825 0.94 0.026 0.04
1 0.524 0.983 0.028 0.022
1 0.064 0.969 0.028 0.026
1 0.987 0.805 0.022 0.026
1 0.995 0.818 0.006 0.028
1 0.405 0.546 0.022 0.024
1 0.813 0.286 0.026 0.028
1 0.838 0.336 0.024 0.012
1 0.991 0.186 0.014 0.028
1 0.005 0.62 0.006 0.024
1 0.003 0.659 0.002 0.018
1 0.007 0.495 0.01 0.034
1 0.978 0.005 0.036 0.01
1 0.534 0.329 0.012 0.01
1 0.992 0.453 0.012 0.03
2 0.145 0.141 0.022 0.026
2 0.116 0.469 0.036 0.034
2 0.065 0.213 0.026 0.026
2 0.203 0.832 0.03 0.032
2 0.331 0.278 0.026 0.02
2 0.526 0.442 0.02 0.012
2 0.786 0.29 0.024 0.024
2 0.836 0.191 0.02 0.03
2 0.82 0.23 0.028 0.028
2 0.897 0.094 0.022 0.016
2 0.584 0.109 0.028 0.038
2 0.605 0.116 0.022 0.032
2 0.504 0.154 0.032 0.016
2 0.152 0.123 0.024 0.03
2 0.299 0.159 0.034 0.03
2 0.22 0.136 0.036 0.024
2 0.236 0.211 0.02 0.014
2 0.255 0.258 0.018 0.016
2 0.122 0.065 0.024 0.034
2 0.142 0.049 0.032 0.026
2 0.396 0.112 0.02 0.016
2 0.324 0.093 0.024 0.026
2 0.336 0.086 0.016 0.02
2 0.414 0.318 0.024 0.028
2 0.401 0.469 0.018 0.018
2 0.352 0.509 0.016 0.026
2 0.489 0.614 0.018 0.024
2 0.477 0.717 0.058 0.038
2 0.38 0.662 0.024 0.02
2 0.213 0.658 0.034 0.016
2 0.199 0.65 0.014 0.016
2 0.873 0.541 0.026 0.018
2 0.8 0.445 0.036 0.026
2 0.967 0.389 0.026 0.022
2 0.426 0.794 0.032 0.032
2 0.217 0.958 0.034 0.024
2 0.243 0.923 0.026 0.03
2 0.079 0.792 0.042 0.024
2 0.543 0.816 0.026 0.028
2 0.697 0.854 0.03 0.016
2 0.168 0.765 0.016 0.018
2 0.94 0.654 0.02 0.032
2 0.835 0.985 0.038 0.026
2 0.733 0.985 0.026 0.022
2 0.767 0.992 0.026 0.012
2 0.169 0.988 0.022 0.02
2 0.721 0.536 0.05 0.02
2 0.076 0.879 0.024 0.03
2 0.637 0.787 0.014 0.018
2 0.804 0.514 0.04 0.028
2 0.786 0.212 0.028 0.024
2 0.146 0.651 0.028 0.018
2 0.299 0.675 0.018 0.01
2 0.104 0.64 0.02 0.012
2 0.134 0.607 0.012 0.014
2 0.208 0.621 0.012 0.014
2 0.013 0.452 0.022 0.024
2 0.014 0.471 0.024 0.026
2 0.036 0.46 0.02 0.024
2 0.659 0.534 0.022 0.024
2 0.862 0.209 0.02 0.014
2 0.937 0.011 0.034 0.022
2 0.295 0.327 0.014 0.01
2 0.364 0.342 0.024 0.024
2 0.958 0.345 0.02 0.014
2 0.88 0.335 0.012 0.01
2 0.518 0.011 0.028 0.022
2 0.443 0.932 0.022 0.012
2 0.4 0.659 0.012 0.014