0 0.012 0.056 0.024 0.048
0 0.05 0.03 0.048 0.056
0 0.137 0.039 0.046 0.066
0 0.205 0.075 0.038 0.042
0 0.238 0.014 0.08 0.028
0 0.277 0.036 0.066 0.032
0 0.33 0.118 0.028 0.032
0 0.31 0.099 0.056 0.066
0 0.286 0.077 0.028 0.026
0 0.405 0.025 0.046 0.05
0 0.422 0.033 0.024 0.03
0 0.425 0.074 0.046 0.052
0 0.504 0.091 0.08 0.066
0 0.376 0.11 0.036 0.052
0 0.405 0.141 0.034 0.074
0 0.449 0.155 0.046 0.038
0 0.502 0.149 0.08 0.082
0 0.636 0.031 0.044 0.058
0 0.677 0.064 0.022 0.024
0 0.722 0.043 0.04 0.042
0 0.754 0.015 0.032 0.03
0 0.783 0.014 0.022 0.028
0 0.797 0.05 0.074 0.044
0 0.827 0.012 0.022 0.024
0 0.868 0.038 0.076 0.076
0 0.895 0.004 0.026 0.008
0 0.918 0.074 0.048 0.076
0 0.989 0.048 0.018 0.028
0 0.896 0.145 0.032 0.022
0 0.913 0.209 0.042 0.066
0 0.862 0.218 0.06 0.092
0 0.822 0.27 0.028 0.028
0 0.754 0.249 0.052 0.066
0 0.711 0.242 0.038 0.044
0 0.729 0.154 0.042 0.04
0 0.657 0.11 0.026 0.036
0 0.639 0.153 0.062 0.118
0 0.637 0.261 0.062 0.058
0 0.561 0.238 0.038 0.06
0 0.501 0.211 0.074 0.07
0 0.223 0.215 0.05 0.054
0 0.165 0.172 0.118 0.188
0 0.153 0.191 0.022 0.034
0 0.072 0.135 0.076 0.078
0 0.036 0.088 0.036 0.024
0 0.003 0.204 0.006 0.024
0 0.061 0.199 0.054 0.058
0 0.072 0.235 0.024 0.018
0 0.011 0.275 0.022 0.05
0 0.053 0.29 0.054 0.072
0 0.112 0.258 0.032 0.044
0 0.142 0.283 0.04 0.074
0 0.047 0.358 0.066 0.068
0 0.115 0.359 0.022 0.03
0 0.134 0.369 0.036 0.038
0 0.181 0.328 0.026 0.052
0 0.16 0.407 0.048 0.05
0 0.384 0.368 0.08 0.1
0 0.503 0.391 0.086 0.094
0 0.541 0.439 0.05 0.05
0 0.5 0.442 0.06 0.04
0 0.528 0.493 0.044 0.062
0 0.485 0.503 0.05 0.058
0 0.54 0.535 0.032 0.03
0 0.571 0.321 0.066 0.09
0 0.624 0.338 0.04 0.056
0 0.692 0.308 0.028 0.04
0 0.687 0.353 0.046 0.062
0 0.762 0.336 0.028 0.028
0 0.791 0.408 0.046 0.064
0 0.832 0.383 0.052 0.058
0 0.865 0.366 0.034 0.056
0 0.911 0.385 0.05 0.058
0 0.959 0.385 0.03 0.038
0 0.992 0.374 0.012 0.032
0 0.942 0.418 0.024 0.028
0 0.936 0.45 0.024 0.032
0 0.957 0.497 0.034 0.062
0 0.955 0.53 0.038 0.032
0 0.945 0.611 0.066 0.058
0 0.863 0.513 0.066 0.126
0 0.898 0.494 0.052 0.068
0 0.806 0.49 0.048 0.088
0 0.752 0.505 0.048 0.078
0 0.722 0.516 0.036 0.076
0 0.764 0.547 0.028 0.022
0 0.75 0.58 0.028 0.024
0 0.694 0.529 0.064 0.102
0 0.603 0.531 0.034 0.046
0 0.773 0.616 0.026 0.048
0 0.612 0.407 0.04 0.042
0 0.017 0.507 0.034 0.086
0 0.079 0.438 0.066 0.064
0 0.116 0.457 0.048 0.042
0 0.123 0.489 0.03 0.03
0 0.057 0.535 0.066 0.082
0 0.131 0.563 0.03 0.05
0 0.102 0.566 0.032 0.06
0 0.257 0.47 0.046 0.056
0 0.326 0.48 0.048 0.088
0 0.38 0.458 0.044 0.056
0 0.458 0.541 0.032 0.078
0 0.032 0.676 0.064 0.084
0 0.104 0.7 0.044 0.084
0 0.125 0.682 0.05 0.08
0 0.192 0.639 0.068 0.102
0 0.22 0.615 0.04 0.058
0 0.306 0.613 0.056 0.05
0 0.503 0.595 0.046 0.05
0 0.963 0.709 0.038 0.05
0 0.914 0.699 0.032 0.054
0 0.865 0.653 0.042 0.074
0 0.833 0.71 0.07 0.1
0 0.879 0.827 0.038 0.042
0 0.943 0.854 0.042 0.052
0 0.926 0.836 0.036 0.04
0 0.656 0.633 0.088 0.062
0 0.589 0.688 0.058 0.06
0 0.524 0.659 0.052 0.058
0 0.437 0.653 0.034 0.062
0 0.297 0.673 0.05 0.062
0 0.328 0.666 0.06 0.056
0 0.332 0.732 0.056 0.056
0 0.027 0.82 0.054 0.092
0 0.093 0.832 0.058 0.068
0 0.088 0.881 0.028 0.03
0 0.115 0.891 0.046 0.042
0 0.171 0.91 0.066 0.108
0 0.173 0.769 0.038 0.058
0 0.199 0.803 0.038 0.058
0 0.185 0.827 0.034 0.03
0 0.191 0.855 0.038 0.034
0 0.235 0.792 0.026 0.032
0 0.258 0.796 0.028 0.032
0 0.227 0.779 0.026 0.03
0 0.265 0.838 0.046 0.044
0 0.213 0.967 0.034 0.054
0 0.239 0.954 0.03 0.068
0 0.263 0.96 0.018 0.036
0 0.361 0.82 0.046 0.04
0 0.346 0.84 0.036 0.04
0 0.317 0.941 0.05 0.074
0 0.3 0.903 0.036 0.026
0 0.457 0.769 0.062 0.062
0 0.382 0.991 0.04 0.014
0 0.396 0.961 0.052 0.062
0 0.407 0.904 0.05 0.06
0 0.419 0.951 0.05 0.054
0 0.464 0.979 0.044 0.038
0 0.499 0.983 0.05 0.03
0 0.513 0.991 0.03 0.014
0 0.47 0.815 0.036 0.038
0 0.502 0.827 0.044 0.038
0 0.555 0.762 0.054 0.076
0 0.497 0.888 0.062 0.064
0 0.539 0.888 0.046 0.056
0 0.583 0.985 0.042 0.026
0 0.596 0.867 0.04 0.046
0 0.597 0.831 0.034 0.046
0 0.637 0.742 0.05 0.08
0 0.695 0.751 0.038 0.086
0 0.671 0.798 0.03 0.048
0 0.644 0.806 0.04 0.04
0 0.695 0.987 0.026 0.022
0 0.713 0.956 0.062 0.064
0 0.768 0.988 0.04 0.02
0 0.77 0.698 0.044 0.052
0 0.782 0.766 0.048 0.088
0 0.745 0.774 0.034 0.04
0 0.721 0.82 0.046 0.052
0 0.701 0.894 0.05 0.084
0 0.762 0.85 0.036 0.064
0 0.806 0.858 0.036 0.036
0 0.836 0.988 0.032 0.02
0 0.914 0.973 0.048 0.05
0 0.954 0.975 0.036 0.046
0 0.975 0.984 0.022 0.024
0 0.808 0.935 0.044 0.05
0 0.97 0.9 0.056 0.064
1 0.552 0.029 0.028 0.038
1 0.964 0.131 0.048 0.018
1 0.862 0.085 0.036 0.022
1 0.628 0.209 0.016 0.014
1 0.307 0.236 0.034 0.032
1 0.282 0.271 0.016 0.034
1 0.268 0.281 0.024 0.022
1 0.153 0.237 0.018 0.038
1 0.131 0.153 0.022 0.03
1 0.005 0.166 0.01 0.028
1 0.239 0.369 0.022 0.022
1 0.243 0.387 0.03 0.03
1 0.352 0.361 0.024 0.022
1 0.911 0.588 0.038 0.028
1 0.739 0.635 0.03 0.022
1 0.717 0.441 0.034 0.018
1 0.615 0.439 0.038 0.014
1 0.226 0.567 0.028 0.046
1 0.388 0.512 0.028 0.052
1 0.281 0.597 0.026 0.026
1 0.396 0.592 0.028 0.044
1 0.88 0.686 0.02 0.052
1 0.061 0.795 0.026 0.022
1 0.078 0.756 0.04 0.024
1 0.093 0.906 0.03 0.016
1 0.325 0.788 0.042 0.028
1 0.474 0.724 0.024 0.056
1 0.745 0.944 0.014 0.032
1 0.76 0.939 0.02 0.034
1 0.773 0.831 0.034 0.034
2 0.156 0.093 0.036 0.03
2 0.361 0.062 0.034 0.036
2 0.558 0.056 0.02 0.02
2 0.971 0.065 0.05 0.054
2 0.897 0.114 0.054 0.036
2 0.88 0.179 0.032 0.03
2 0.81 0.129 0.036 0.046
2 0.816 0.293 0.024 0.034
2 0.69 0.216 0.028 0.02
2 0.398 0.258 0.024 0.02
2 0.116 0.33 0.024 0.028
2 0.149 0.335 0.034 0.018
2 0.222 0.317 0.032 0.038
2 0.205 0.382 0.034 0.032
2 0.197 0.416 0.03 0.024
2 0.274 0.355 0.028 0.046
2 0.318 0.328 0.04 0.028
2 0.333 0.397 0.038 0.054
2 0.841 0.363 0.018 0.014
2 0.986 0.528 0.024 0.04
2 0.895 0.45 0.034 0.02
2 0.679 0.416 0.026 0.028
2 0.677 0.445 0.018 0.026
2 0.659 0.424 0.014 0.016
2 0.647 0.472 0.022 0.036
2 0.047 0.466 0.054 0.072
2 0.128 0.449 0.028 0.022
2 0.082 0.61 0.076 0.028
2 0.984 0.777 0.024 0.026
2 0.948 0.784 0.032 0.04
2 0.917 0.76 0.034 0.032
2 0.971 0.851 0.01 0.018
2 0.578 0.615 0.028 0.026
2 0.596 0.633 0.032 0.018
2 0.398 0.656 0.036 0.044
2 0.404 0.611 0.016 0.022
2 0.051 0.815 0.026 0.026
2 0.055 0.954 0.026 0.04
2 0.128 0.838 0.024 0.028
2 0.228 0.841 0.024 0.03
2 0.234 0.904 0.016 0.02
2 0.226 0.892 0.016 0.016
2 0.338 0.76 0.012 0.02
2 0.301 0.76 0.022 0.024
2 0.315 0.983 0.038 0.03
2 0.279 0.935 0.03 0.03
2 0.494 0.942 0.06 0.056
2 0.462 0.895 0.024 0.034
2 0.538 0.852 0.028 0.032
2 0.625 0.993 0.03 0.01
2 0.628 0.688 0.016 0.02
2 0.724 0.861 0.032 0.034
2 0.804 0.992 0.016 0.012
2 0.877 0.984 0.03 0.028
2 0.85 0.921 0.024 0.034
2 0.805 0.897 0.038 0.034
2 0.95 0.929 0.044 0.022
2 0.304 0.179 0.024 0.05
2 0.509 0.02 0.022 0.024