0 0.182 0.754 0.052 0.084
0 0.111 0.726 0.042 0.064
0 0.079 0.757 0.046 0.074
0 0.011 0.75 0.022 0.06
0 0.049 0.681 0.054 0.062
0 0.27 0.714 0.044 0.088
0 0.249 0.623 0.046 0.066
0 0.353 0.601 0.05 0.074
0 0.42 0.708 0.036 0.076
0 0.319 0.752 0.046 0.06
0 0.377 0.699 0.046 0.062
0 0.526 0.778 0.052 0.08
0 0.516 0.705 0.044 0.05
0 0.502 0.623 0.04 0.042
0 0.529 0.544 0.058 0.092
0 0.427 0.556 0.038 0.068
0 0.463 0.46 0.038 0.056
0 0.348 0.479 0.048 0.07
0 0.27 0.493 0.036 0.054
0 0.277 0.559 0.042 0.066
0 0.186 0.507 0.048 0.066
0 0.111 0.47 0.038 0.06
0 0.083 0.44 0.034 0.048
0 0.137 0.427 0.03 0.066
0 0.184 0.376 0.052 0.044
0 0.215 0.301 0.046 0.054
0 0.154 0.246 0.032 0.044
0 0.017 0.371 0.034 0.05
0 0.036 0.56 0.056 0.06
0 0.062 0.561 0.04 0.074
0 0.086 0.529 0.036 0.054
0 0.04 0.616 0.056 0.068
0 0.031 0.836 0.05 0.052
0 0.064 0.958 0.06 0.08
0 0.035 0.912 0.038 0.044
0 0.035 0.869 0.042 0.038
0 0.113 0.882 0.034 0.072
0 0.133 0.925 0.038 0.054
0 0.148 0.901 0.036 0.086
0 0.192 0.932 0.048 0.06
0 0.214 0.881 0.044 0.074
0 0.265 0.934 0.046 0.052
0 0.308 0.934 0.044 0.064
0 0.283 0.844 0.062 0.088
0 0.429 0.944 0.054 0.072
0 0.517 0.929 0.05 0.058
0 0.474 0.892 0.048 0.056
0 0.556 0.875 0.04 0.054
0 0.583 0.859 0.042 0.074
0 0.602 0.916 0.048 0.068
0 0.65 0.956 0.048 0.064
0 0.665 0.923 0.054 0.086
0 0.681 0.878 0.05 0.056
0 0.743 0.902 0.042 0.064
0 0.837 0.874 0.046 0.064
0 0.877 0.927 0.034 0.042
0 0.891 0.873 0.05 0.078
0 0.986 0.875 0.024 0.046
0 0.982 0.915 0.032 0.066
0 0.975 0.979 0.046 0.042
0 0.886 0.982 0.044 0.032
0 0.795 0.661 0.038 0.082
0 0.837 0.617 0.062 0.09
0 0.818 0.557 0.044 0.058
0 0.937 0.548 0.05 0.084
0 0.909 0.583 0.038 0.054
0 0.749 0.5 0.05 0.084
0 0.71 0.549 0.052 0.078
0 0.814 0.465 0.048 0.058
0 0.797 0.415 0.086 0.062
0 0.917 0.758 0.054 0.072
0 0.957 0.718 0.07 0.076
0 0.971 0.662 0.05 0.052
0 0.588 0.613 0.06 0.082
0 0.621 0.582 0.054 0.072
0 0.567 0.478 0.042 0.06
0 0.58 0.417 0.068 0.07
0 0.537 0.344 0.062 0.076
0 0.55 0.25 0.04 0.06
0 0.488 0.249 0.032 0.05
0 0.461 0.304 0.038 0.052
0 0.42 0.35 0.032 0.06
0 0.466 0.415 0.036 0.054
0 0.473 0.361 0.046 0.058
0 0.527 0.283 0.05 0.07
0 0.373 0.329 0.046 0.066
0 0.353 0.349 0.034 0.05
0 0.288 0.381 0.04 0.058
0 0.238 0.37 0.044 0.044
0 0.252 0.346 0.036 0.048
0 0.104 0.266 0.044 0.056
0 0.046 0.228 0.044 0.056
0 0.01 0.279 0.02 0.042
0 0.136 0.15 0.04 0.04
0 0.02 0.123 0.036 0.046
0 0.029 0.093 0.03 0.042
0 0.029 0.169 0.034 0.026
0 0.007 0.072 0.014 0.028
0 0.017 0.013 0.034 0.022
0 0.035 0.028 0.026 0.028
0 0.065 0.033 0.026 0.054
0 0.065 0.076 0.046 0.048
0 0.106 0.049 0.04 0.034
0 0.119 0.011 0.03 0.018
0 0.156 0.019 0.036 0.034
0 0.196 0.136 0.028 0.036
0 0.266 0.093 0.032 0.038
0 0.287 0.117 0.034 0.038
0 0.32 0.088 0.04 0.04
0 0.297 0.182 0.034 0.04
0 0.288 0.157 0.036 0.026
0 0.319 0.247 0.046 0.046
0 0.364 0.259 0.032 0.058
0 0.334 0.192 0.044 0.076
0 0.254 0.298 0.04 0.044
0 0.411 0.26 0.034 0.036
0 0.431 0.154 0.03 0.048
0 0.507 0.164 0.042 0.036
0 0.671 0.157 0.042 0.058
0 0.68 0.23 0.048 0.072
0 0.588 0.256 0.04 0.068
0 0.624 0.256 0.036 0.04
0 0.624 0.335 0.04 0.066
0 0.628 0.382 0.056 0.06
0 0.658 0.347 0.036 0.054
0 0.716 0.357 0.044 0.062
0 0.696 0.289 0.036 0.046
0 0.733 0.242 0.05 0.064
0 0.826 0.232 0.072 0.06
0 0.885 0.283 0.058 0.078
0 0.874 0.215 0.052 0.066
0 0.985 0.231 0.026 0.062
0 0.906 0.152 0.052 0.048
0 0.939 0.156 0.034 0.068
0 0.983 0.158 0.03 0.06
0 0.955 0.052 0.062 0.036
0 0.949 0.027 0.046 0.042
0 0.982 0.012 0.032 0.02
0 0.742 0.145 0.044 0.054
0 0.788 0.157 0.048 0.062
0 0.789 0.111 0.046 0.058
0 0.732 0.09 0.036 0.044
0 0.724 0.038 0.036 0.044
0 0.637 0.08 0.042 0.04
0 0.68 0.042 0.048 0.044
0 0.666 0.016 0.036 0.028
0 0.71 0.01 0.036 0.016
0 0.746 0.013 0.036 0.022
0 0.786 0.054 0.044 0.048
0 0.824 0.02 0.052 0.036
0 0.855 0.012 0.042 0.02
0 0.833 0.087 0.038 0.042
0 0.857 0.157 0.034 0.038
0 0.876 0.114 0.044 0.06
0 0.792 0.272 0.048 0.056
0 0.788 0.311 0.052 0.05
0 0.45 0.051 0.032 0.034
0 0.387 0.058 0.046 0.032
0 0.409 0.085 0.03 0.038
0 0.459 0.092 0.03 0.032
0 0.489 0.053 0.03 0.034
0 0.504 0.073 0.028 0.046
0 0.558 0.029 0.044 0.034
0 0.628 0.117 0.028 0.046
0 0.575 0.107 0.042 0.07
0 0.437 0.018 0.034 0.032
0 0.37 0.023 0.04 0.042
0 0.559 0.202 0.042 0.048
0 0.654 0.295 0.028 0.054
0 0.916 0.461 0.088 0.082
0 0.187 0.679 0.05 0.062
0 0.148 0.587 0.036 0.046
0 0.168 0.623 0.036 0.054
0 0.026 0.483 0.036 0.054
0 0.21 0.479 0.032 0.058
0 0.235 0.474 0.034 0.064
0 0.429 0.807 0.038 0.054
0 0.095 0.82 0.046 0.044
0 0.168 0.213 0.028 0.038
0 0.142 0.116 0.032 0.048
0 0.443 0.196 0.034 0.036
0 0.389 0.13 0.042 0.044
0 0.703 0.771 0.062 0.082
0 0.718 0.742 0.044 0.064
0 0.715 0.708 0.038 0.048
0 0.579 0.729 0.058 0.086
0 0.56 0.955 0.044 0.054
0 0.588 0.979 0.052 0.038
0 0.163 0.991 0.038 0.014
0 0.828 0.991 0.036 0.014
0 0.855 0.99 0.026 0.016
0 0.98 0.539 0.036 0.074
0 0.991 0.492 0.014 0.02
0 0.19 0.008 0.028 0.012
0 0.262 0.006 0.028 0.008
0 0.297 0.03 0.046 0.056
0 0.327 0.007 0.026 0.01
0 0.402 0.018 0.04 0.032
0 0.487 0.553 0.054 0.07
0 0.836 0.761 0.068 0.066
0 0.238 0.242 0.052 0.068
0 0.216 0.197 0.028 0.026
0 0.328 0.423 0.028 0.038
0 0.441 0.515 0.034 0.03
0 0.158 0.507 0.032 0.046
0 0.255 0.987 0.042 0.022
0 0.895 0.36 0.07 0.06
1 0.32 0.67 0.032 0.024
1 0.493 0.851 0.03 0.034
1 0.876 0.072 0.032 0.028
1 0.847 0.066 0.026 0.032
1 0.536 0.123 0.028 0.034
1 0.337 0.706 0.03 0.032
1 0.075 0.853 0.03 0.038
1 0.954 0.373 0.028 0.038
1 0.193 0.986 0.03 0.024
1 0.878 0.538 0.032 0.044
1 0.913 0.94 0.03 0.052
1 0.272 0.972 0.02 0.02
1 0.341 0.949 0.014 0.026
1 0.346 0.927 0.016 0.03
1 0.322 0.91 0.028 0.02
1 0.322 0.887 0.024 0.022
1 0.757 0.942 0.022 0.028
1 0.994 0.745 0.008 0.018
1 0.992 0.707 0.012 0.03
1 0.992 0.681 0.012 0.026
1 0.443 0.544 0.018 0.028
1 0.409 0.484 0.018 0.036
1 0.256 0.417 0.024 0.03
1 0.116 0.607 0.028 0.026
1 0.192 0.226 0.02 0.032
1 0.188 0.076 0.016 0.02
1 0.314 0.017 0.028 0.01
1 0.346 0.016 0.012 0.02
1 0.36 0.166 0.032 0.02
1 0.403 0.148 0.018 0.028
1 0.438 0.11 0.036 0.012
1 0.661 0.108 0.022 0.02
1 0.711 0.147 0.018 0.018
1 0.648 0.214 0.012 0.04
1 0.538 0.201 0.02 0.026
1 0.491 0.326 0.022 0.028
1 0.302 0.28 0.024 0.02
1 0.485 0.516 0.022 0.012
1 0.547 0.674 0.03 0.024
1 0.986 0.283 0.024 0.038
1 0.845 0.119 0.014 0.018
1 0.411 0.184 0.03 0.02
1 0.216 0.067 0.028 0.022
1 0.225 0.048 0.022 0.028
1 0.339 0.82 0.034 0.028
1 0.188 0.882 0.02 0.028
1 0.166 0.886 0.008 0.016
1 0.233 0.957 0.03 0.03
1 0.804 0.873 0.024 0.022
1 0.743 0.726 0.014 0.02
1 0.876 0.757 0.02 0.026
1 0.837 0.497 0.026 0.022
1 0.702 0.326 0.012 0.012
1 0.497 0.03 0.022 0.016
1 0.066 0.288 0.032 0.024
1 0.022 0.248 0.016 0.028
1 0.073 0.366 0.018 0.02
1 0.199 0.627 0.018 0.03
1 0.928 0.258 0.04 0.02
1 0.751 0.568 0.022 0.032
1 0.043 0.505 0.022 0.03
2 0.574 0.651 0.044 0.046
2 0.392 0.288 0.032 0.036
2 0.257 0.45 0.034 0.052
2 0.388 0.762 0.064 0.076
2 0.478 0.823 0.028 0.034
2 0.482 0.968 0.048 0.06
2 0.191 0.457 0.03 0.038
2 0.882 0.063 0.056 0.062
2 0.625 0.851 0.022 0.026
2 0.754 0.797 0.024 0.018
2 0.88 0.604 0.028 0.024
2 0.635 0.006 0.022 0.008
2 0.515 0.04 0.014 0.016
2 0.52 0.026 0.004 0.008
2 0.002 0.034 0.004 0.024
2 0.062 0.124 0.02 0.02
2 0.063 0.142 0.006 0.012
2 0.068 0.258 0.008 0.008
2 0.15 0.554 0.008 0.012
2 0.079 0.676 0.006 0.012
2 0.002 0.945 0.004 0.022
2 0.33 0.988 0.028 0.02
2 0.287 0.99 0.006 0.012
2 0.419 0.996 0.018 0.004
2 0.446 0.796 0.008 0.012
2 0.551 0.762 0.006 0.008
2 0.28 0.592 0.008 0.008
2 0.769 0.903 0.018 0.03
2 0.919 0.993 0.01 0.01
2 0.726 0.613 0.008 0.018
2 0.609 0.593 0.03 0.034
2 0.663 0.543 0.006 0.006
2 0.821 0.516 0.014 0.024
2 0.994 0.071 0.008 0.018
2 0.782 0.01 0.02 0.016
2 0.953 0.335 0.014 0.018
2 0.582 0.174 0.016 0.016
2 0.605 0.152 0.01 0.02
2 0.617 0.142 0.014 0.028
2 0.041 0.149 0.01 0.018
2 0.083 0.623 0.014 0.018
2 0.604 0.532 0.016 0.012
2 0.76 0.445 0.028 0.022