0 0.005 0.991 0.01 0.014
0 0.024 0.983 0.028 0.026
0 0.052 0.994 0.028 0.008
0 0.117 0.975 0.03 0.038
0 0.005 0.892 0.01 0.028
0 0.087 0.917 0.05 0.042
0 0.124 0.927 0.028 0.034
0 0.171 0.944 0.03 0.036
0 0.212 0.951 0.024 0.03
0 0.291 0.993 0.026 0.01
0 0.429 0.988 0.034 0.02
0 0.396 0.922 0.024 0.036
0 0.163 0.91 0.026 0.024
0 0.193 0.909 0.038 0.026
0 0.102 0.842 0.032 0.028
0 0.076 0.746 0.044 0.036
0 0.123 0.778 0.042 0.056
0 0.198 0.848 0.024 0.036
0 0.199 0.802 0.034 0.036
0 0.225 0.799 0.018 0.026
0 0.288 0.845 0.024 0.038
0 0.342 0.84 0.032 0.044
0 0.379 0.856 0.026 0.04
0 0.434 0.89 0.04 0.048
0 0.54 0.986 0.048 0.024
0 0.587 0.983 0.05 0.03
0 0.634 0.993 0.028 0.01
0 0.56 0.93 0.048 0.032
0 0.832 0.978 0.06 0.04
0 0.985 0.973 0.026 0.042
0 0.991 0.952 0.014 0.028
0 0.983 0.876 0.03 0.064
0 0.925 0.919 0.026 0.026
0 0.892 0.882 0.052 0.04
0 0.847 0.9 0.03 0.024
0 0.819 0.88 0.05 0.064
0 0.798 0.85 0.048 0.028
0 0.715 0.89 0.046 0.052
0 0.68 0.809 0.04 0.046
0 0.706 0.813 0.016 0.018
0 0.597 0.799 0.046 0.034
0 0.497 0.793 0.034 0.038
0 0.449 0.761 0.042 0.038
0 0.422 0.792 0.032 0.032
0 0.435 0.815 0.03 0.038
0 0.025 0.691 0.026 0.034
0 0.003 0.755 0.006 0.018
0 0.008 0.64 0.016 0.056
0 0.047 0.617 0.054 0.038
0 0.014 0.573 0.028 0.046
0 0.093 0.58 0.034 0.036
0 0.082 0.528 0.04 0.036
0 0.142 0.666 0.044 0.036
0 0.201 0.676 0.038 0.036
0 0.28 0.709 0.036 0.034
0 0.303 0.725 0.034 0.034
0 0.366 0.71 0.032 0.04
0 0.39 0.76 0.036 0.036
0 0.305 0.798 0.026 0.024
0 0.464 0.696 0.06 0.044
0 0.525 0.734 0.022 0.048
0 0.589 0.703 0.03 0.034
0 0.652 0.737 0.048 0.046
0 0.599 0.761 0.022 0.03
0 0.913 0.797 0.05 0.046
0 0.9 0.694 0.056 0.04
0 0.842 0.695 0.048 0.046
0 0.782 0.709 0.056 0.054
0 0.787 0.634 0.054 0.04
0 0.972 0.618 0.044 0.052
0 0.927 0.586 0.05 0.044
0 0.949 0.505 0.042 0.054
0 0.902 0.47 0.052 0.044
0 0.832 0.555 0.056 0.038
0 0.767 0.524 0.038 0.056
0 0.647 0.573 0.05 0.054
0 0.321 0.672 0.038 0.032
0 0.316 0.609 0.024 0.038
0 0.293 0.598 0.034 0.032
0 0.232 0.579 0.032 0.034
0 0.255 0.563 0.026 0.034
0 0.262 0.526 0.032 0.036
0 0.232 0.459 0.036 0.038
0 0.033 0.433 0.046 0.03
0 0.015 0.418 0.03 0.04
0 0.131 0.433 0.054 0.042
0 0.011 0.351 0.022 0.026
0 0.005 0.324 0.01 0.028
0 0.02 0.254 0.04 0.048
0 0.08 0.259 0.024 0.042
0 0.039 0.057 0.062 0.054
0 0.085 0.029 0.046 0.038
0 0.17 0.004 0.024 0.004
0 0.269 0.019 0.038 0.03
0 0.2 0.06 0.04 0.044
0 0.245 0.084 0.042 0.036
0 0.175 0.143 0.05 0.038
0 0.178 0.18 0.056 0.032
0 0.198 0.225 0.052 0.042
0 0.178 0.382 0.04 0.044
0 0.193 0.321 0.03 0.034
0 0.295 0.267 0.042 0.054
0 0.332 0.179 0.044 0.034
0 0.375 0.171 0.046 0.042
0 0.337 0.121 0.062 0.058
0 0.412 0.11 0.044 0.036
0 0.441 0.158 0.038 0.04
0 0.462 0.192 0.04 0.028
0 0.405 0.006 0.03 0.008
0 0.467 0.015 0.042 0.026
0 0.442 0.06 0.044 0.04
0 0.5 0.068 0.032 0.04
0 0.568 0.065 0.032 0.03
0 0.593 0.068 0.042 0.036
0 0.55 0.104 0.028 0.04
0 0.533 0.11 0.022 0.028
0 0.831 0.017 0.034 0.03
0 0.853 0.027 0.018 0.022
0 0.842 0.06 0.04 0.02
0 0.788 0.1 0.028 0.06
0 0.837 0.112 0.054 0.044
0 0.895 0.092 0.046 0.04
0 0.949 0.074 0.05 0.044
0 0.98 0.06 0.036 0.032
0 0.65 0.125 0.032 0.046
0 0.592 0.149 0.036 0.038
0 0.572 0.182 0.028 0.04
0 0.628 0.189 0.032 0.034
0 0.686 0.173 0.036 0.038
0 0.721 0.178 0.038 0.028
0 0.773 0.161 0.038 0.038
0 0.821 0.181 0.046 0.054
0 0.921 0.223 0.046 0.038
0 0.421 0.219 0.03 0.034
0 0.429 0.241 0.018 0.01
0 0.419 0.253 0.038 0.03
0 0.462 0.272 0.044 0.036
0 0.544 0.326 0.036 0.032
0 0.588 0.327 0.036 0.042
0 0.66 0.323 0.056 0.038
0 0.674 0.301 0.04 0.022
0 0.684 0.341 0.056 0.046
0 0.774 0.263 0.044 0.046
0 0.818 0.291 0.036 0.046
0 0.777 0.344 0.026 0.044
0 0.859 0.284 0.042 0.028
0 0.885 0.282 0.018 0.032
0 0.973 0.309 0.05 0.066
0 0.992 0.354 0.012 0.028
0 0.916 0.378 0.048 0.04
0 0.828 0.369 0.052 0.034
0 0.843 0.42 0.046 0.032
0 0.814 0.457 0.048 0.054
0 0.702 0.433 0.056 0.046
0 0.702 0.486 0.044 0.044
0 0.644 0.523 0.056 0.026
0 0.534 0.486 0.048 0.064
0 0.493 0.488 0.026 0.04
0 0.474 0.471 0.04 0.038
0 0.451 0.374 0.038 0.036
0 0.406 0.352 0.032 0.032
0 0.343 0.371 0.038 0.034
0 0.369 0.414 0.034 0.044
0 0.343 0.434 0.034 0.048
0 0.309 0.415 0.034 0.034
0 0.257 0.418 0.03 0.048
0 0.309 0.488 0.03 0.044
0 0.305 0.522 0.03 0.028
0 0.371 0.546 0.03 0.032
0 0.595 0.591 0.022 0.026
1 0.257 0.992 0.022 0.012
1 0.331 0.98 0.018 0.02
1 0.376 0.963 0.024 0.018
1 0.041 0.814 0.022 0.02
1 0.083 0.811 0.018 0.014
1 0.147 0.806 0.018 0.032
1 0.483 0.969 0.026 0.038
1 0.876 0.921 0.028 0.014
1 0.654 0.886 0.036 0.024
1 0.602 0.878 0.02 0.036
1 0.653 0.841 0.03 0.03
1 0.562 0.832 0.016 0.028
1 0.091 0.546 0.026 0.02
1 0.158 0.595 0.032 0.022
1 0.324 0.705 0.024 0.026
1 0.335 0.735 0.026 0.018
1 0.495 0.734 0.022 0.016
1 0.51 0.734 0.024 0.036
1 0.672 0.758 0.016 0.02
1 0.882 0.747 0.044 0.022
1 0.849 0.741 0.01 0.014
1 0.845 0.778 0.018 0.012
1 0.75 0.705 0.016 0.03
1 0.716 0.638 0.024 0.024
1 0.949 0.621 0.018 0.022
1 0.707 0.575 0.03 0.018
1 0.523 0.647 0.03 0.03
1 0.142 0.485 0.028 0.022
1 0.163 0.478 0.03 0.016
1 0.011 0.378 0.022 0.02
1 0.037 0.354 0.018 0.02
1 0.07 0.079 0.016 0.026
1 0.138 0.021 0.024 0.018
1 0.129 0.072 0.026 0.028
1 0.092 0.136 0.028 0.024
1 0.095 0.198 0.034 0.024
1 0.098 0.349 0.016 0.014
1 0.109 0.346 0.014 0.02
1 0.144 0.359 0.024 0.034
1 0.505 0.199 0.022 0.018
1 0.485 0.055 0.018 0.018
1 0.518 0.14 0.02 0.036
1 0.539 0.145 0.022 0.026
1 0.705 0.034 0.018 0.02
1 0.721 0.022 0.014 0.016
1 0.77 0.022 0.028 0.024
1 0.856 0.178 0.012 0.028
1 0.84 0.212 0.028 0.02
1 0.959 0.21 0.014 0.008
1 0.385 0.24 0.014 0.012
1 0.453 0.231 0.018 0.022
1 0.626 0.405 0.02 0.034
1 0.687 0.376 0.018 0.024
1 0.709 0.381 0.022 0.022
1 0.905 0.268 0.018 0.024
1 0.896 0.388 0.008 0.02
1 0.878 0.396 0.04 0.028
1 0.859 0.403 0.01 0.014
1 0.784 0.466 0.016 0.028
1 0.685 0.536 0.01 0.016
1 0.679 0.526 0.014 0.008
1 0.532 0.546 0.04 0.02
1 0.503 0.399 0.018 0.03
1 0.484 0.434 0.016 0.016
1 0.423 0.384 0.022 0.02
1 0.24 0.368 0.016 0.024
1 0.373 0.586 0.026 0.024
1 0.417 0.529 0.03 0.026
1 0.443 0.547 0.022 0.018
2 0.102 0.962 0.028 0.016
2 0.293 0.967 0.03 0.026
2 0.268 0.967 0.016 0.01
2 0.373 0.929 0.022 0.026
2 0.23 0.838 0.008 0.012
2 0.774 0.974 0.02 0.024
2 0.638 0.844 0.016 0.032
2 0.818 0.82 0.02 0.02
2 0.799 0.82 0.018 0.016
2 0.976 0.537 0.012 0.014
2 0.662 0.634 0.016 0.028
2 0.641 0.68 0.03 0.04
2 0.207 0.552 0.026 0.032
2 0.249 0.537 0.042 0.038
2 0.296 0.218 0.044 0.032
2 0.497 0.196 0.022 0.028
2 0.957 0.016 0.038 0.024
2 0.777 0.301 0.014 0.042
2 0.667 0.472 0.01 0.02
2 0.268 0.396 0.016 0.024
2 0.231 0.413 0.022 0.022
2 0.459 0.577 0.03 0.042
2 0.55 0.579 0.024 0.022
2 0.991 0.254 0.014 0.032
2 0.924 0.326 0.02 0.032
2 0.728 0.071 0.016 0.014
2 0.717 0.119 0.018 0.022
2 0.349 0.013 0.018 0.018
2 0.374 0.019 0.016 0.018
2 0.675 0.613 0.018 0.022
2 0.662 0.609 0.008 0.022
2 0.718 0.794 0.016 0.02
2 0.126 0.35 0.02 0.024
2 0.042 0.375 0.012 0.018
2 0.099 0.267 0.018 0.022
2 0.575 0.525 0.018 0.01