0 0.032 0.942 0.04 0.048
0 0.006 0.863 0.012 0.042
0 0.018 0.868 0.028 0.048
0 0.096 0.906 0.04 0.024
0 0.194 0.915 0.048 0.038
0 0.16 0.984 0.04 0.028
0 0.37 0.974 0.036 0.036
0 0.4 0.968 0.032 0.04
0 0.464 0.987 0.044 0.022
0 0.566 0.968 0.04 0.032
0 0.632 0.975 0.044 0.046
0 0.702 0.985 0.044 0.026
0 0.688 0.945 0.04 0.054
0 0.808 0.985 0.048 0.026
0 0.91 0.976 0.056 0.044
0 0.09 0.835 0.048 0.062
0 0.179 0.821 0.046 0.038
0 0.252 0.844 0.028 0.04
0 0.3 0.871 0.044 0.046
0 0.287 0.862 0.042 0.052
0 0.329 0.941 0.05 0.03
0 0.018 0.761 0.036 0.046
0 0.105 0.754 0.038 0.036
0 0.157 0.734 0.03 0.056
0 0.011 0.682 0.022 0.048
0 0.048 0.683 0.04 0.05
0 0.089 0.662 0.046 0.04
0 0.097 0.635 0.026 0.014
0 0.038 0.589 0.052 0.07
0 0.002 0.516 0.004 0.028
0 0.041 0.462 0.026 0.036
0 0.005 0.357 0.01 0.042
0 0.037 0.366 0.034 0.032
0 0.108 0.388 0.032 0.064
0 0.151 0.376 0.038 0.036
0 0.164 0.489 0.04 0.05
0 0.161 0.582 0.038 0.056
0 0.238 0.569 0.036 0.042
0 0.258 0.508 0.048 0.052
0 0.281 0.529 0.026 0.042
0 0.236 0.412 0.032 0.044
0 0.298 0.447 0.036 0.042
0 0.377 0.429 0.03 0.042
0 0.406 0.489 0.036 0.046
0 0.349 0.553 0.034 0.054
0 0.311 0.572 0.03 0.032
0 0.313 0.604 0.034 0.036
0 0.273 0.624 0.046 0.036
0 0.298 0.71 0.028 0.028
0 0.299 0.687 0.03 0.026
0 0.327 0.738 0.042 0.052
0 0.352 0.769 0.032 0.042
0 0.391 0.782 0.034 0.024
0 0.4 0.765 0.044 0.022
0 0.429 0.861 0.046 0.058
0 0.465 0.821 0.046 0.046
0 0.382 0.612 0.044 0.044
0 0.383 0.657 0.026 0.046
0 0.453 0.564 0.038 0.056
0 0.414 0.57 0.028 0.036
0 0.484 0.739 0.028 0.026
0 0.473 0.722 0.046 0.028
0 0.569 0.713 0.038 0.054
0 0.542 0.678 0.032 0.048
0 0.525 0.662 0.038 0.064
0 0.065 0.233 0.042 0.034
0 0.067 0.272 0.046 0.032
0 0.112 0.29 0.036 0.04
0 0.255 0.303 0.03 0.042
0 0.277 0.278 0.034 0.048
0 0.02 0.165 0.04 0.038
0 0.011 0.104 0.022 0.04
0 0.009 0.049 0.018 0.042
0 0.075 0.106 0.038 0.04
0 0.156 0.028 0.032 0.04
0 0.188 0.03 0.032 0.04
0 0.262 0.018 0.04 0.032
0 0.318 0.016 0.044 0.028
0 0.407 0.021 0.038 0.038
0 0.373 0.045 0.034 0.046
0 0.358 0.076 0.036 0.036
0 0.332 0.104 0.036 0.036
0 0.207 0.106 0.038 0.036
0 0.11 0.188 0.036 0.04
0 0.154 0.191 0.032 0.042
0 0.194 0.194 0.036 0.032
0 0.253 0.227 0.042 0.038
0 0.327 0.236 0.034 0.036
0 0.369 0.27 0.034 0.04
0 0.369 0.32 0.034 0.044
0 0.366 0.362 0.032 0.032
0 0.451 0.266 0.034 0.04
0 0.332 0.146 0.044 0.036
0 0.326 0.17 0.036 0.036
0 0.39 0.151 0.028 0.042
0 0.382 0.193 0.024 0.034
0 0.504 0.18 0.02 0.028
0 0.519 0.178 0.018 0.032
0 0.444 0.139 0.028 0.034
0 0.42 0.09 0.032 0.052
0 0.437 0.075 0.03 0.038
0 0.467 0.044 0.034 0.048
0 0.485 0.107 0.018 0.01
0 0.47 0.094 0.008 0.02
0 0.546 0.039 0.04 0.05
0 0.593 0.016 0.026 0.028
0 0.654 0.025 0.036 0.026
0 0.609 0.06 0.034 0.04
0 0.655 0.081 0.03 0.042
0 0.683 0.034 0.018 0.02
0 0.708 0.011 0.016 0.018
0 0.58 0.207 0.032 0.038
0 0.567 0.258 0.034 0.048
0 0.648 0.278 0.04 0.032
0 0.538 0.352 0.032 0.056
0 0.57 0.359 0.032 0.05
0 0.633 0.226 0.03 0.032
0 0.674 0.203 0.028 0.034
0 0.647 0.15 0.03 0.028
0 0.664 0.168 0.028 0.032
0 0.682 0.145 0.032 0.038
0 0.729 0.091 0.03 0.042
0 0.771 0.113 0.03 0.046
0 0.801 0.107 0.03 0.038
0 0.788 0.06 0.028 0.044
0 0.812 0.057 0.024 0.034
0 0.833 0.047 0.022 0.038
0 0.862 0.037 0.02 0.034
0 0.955 0.01 0.038 0.016
0 0.945 0.037 0.038 0.026
0 0.988 0.068 0.02 0.048
0 0.875 0.087 0.034 0.034
0 0.87 0.125 0.032 0.042
0 0.826 0.151 0.032 0.046
0 0.777 0.17 0.03 0.036
0 0.724 0.208 0.028 0.04
0 0.833 0.205 0.034 0.05
0 0.985 0.198 0.026 0.044
0 0.986 0.259 0.024 0.046
0 0.951 0.278 0.034 0.036
0 0.915 0.233 0.03 0.03
0 0.89 0.316 0.044 0.048
0 0.831 0.299 0.038 0.05
0 0.847 0.318 0.034 0.04
0 0.794 0.324 0.032 0.04
0 0.92 0.359 0.036 0.042
0 0.939 0.367 0.014 0.034
0 0.991 0.364 0.014 0.06
0 0.711 0.272 0.03 0.044
0 0.708 0.385 0.032 0.034
0 0.614 0.423 0.04 0.066
0 0.578 0.45 0.04 0.044
0 0.602 0.465 0.028 0.038
0 0.532 0.465 0.032 0.058
0 0.482 0.466 0.028 0.048
0 0.544 0.56 0.036 0.04
0 0.63 0.557 0.032 0.042
0 0.623 0.5 0.034 0.048
0 0.663 0.506 0.042 0.064
0 0.699 0.499 0.026 0.054
0 0.5 0.886 0.04 0.048
0 0.54 0.871 0.04 0.054
0 0.576 0.876 0.044 0.048
0 0.602 0.913 0.048 0.046
0 0.649 0.844 0.038 0.06
0 0.599 0.821 0.042 0.05
0 0.774 0.896 0.036 0.032
0 0.781 0.929 0.034 0.038
0 0.803 0.913 0.034 0.046
0 0.851 0.909 0.03 0.046
0 0.889 0.933 0.026 0.05
0 0.957 0.891 0.042 0.062
0 0.9 0.817 0.028 0.042
0 0.912 0.752 0.036 0.044
0 0.96 0.729 0.02 0.018
0 0.941 0.674 0.038 0.044
0 0.849 0.729 0.022 0.038
0 0.848 0.809 0.04 0.066
0 0.821 0.801 0.038 0.066
0 0.721 0.833 0.034 0.034
0 0.77 0.798 0.028 0.028
0 0.782 0.767 0.04 0.042
0 0.698 0.716 0.048 0.056
0 0.768 0.67 0.032 0.056
0 0.707 0.59 0.038 0.056
0 0.764 0.564 0.04 0.06
0 0.851 0.552 0.034 0.036
0 0.765 0.481 0.034 0.042
0 0.961 0.569 0.042 0.058
0 0.812 0.456 0.04 0.052
0 0.827 0.482 0.046 0.044
0 0.796 0.431 0.036 0.038
0 0.807 0.408 0.038 0.032
0 0.921 0.458 0.038 0.048
0 0.941 0.417 0.038 0.038
1 0.063 0.912 0.018 0.016
1 0.201 0.961 0.026 0.018
1 0.29 0.977 0.028 0.014
1 0.673 0.991 0.018 0.014
1 0.324 0.845 0.02 0.03
1 0.33 0.915 0.024 0.014
1 0.002 0.794 0.004 0.008
1 0.22 0.733 0.016 0.026
1 0.089 0.706 0.014 0.02
1 0.079 0.562 0.022 0.02
1 0.037 0.345 0.03 0.01
1 0.208 0.541 0.028 0.022
1 0.21 0.604 0.028 0.02
1 0.332 0.427 0.016 0.018
1 0.397 0.42 0.022 0.02
1 0.338 0.518 0.024 0.016
1 0.259 0.658 0.026 0.02
1 0.327 0.693 0.026 0.026
1 0.41 0.695 0.02 0.022
1 0.457 0.685 0.022 0.014
1 0.436 0.645 0.012 0.014
1 0.489 0.611 0.018 0.014
1 0.482 0.587 0.024 0.018
1 0.558 0.623 0.016 0.01
1 0.635 0.647 0.018 0.022
1 0.143 0.304 0.01 0.032
1 0.243 0.371 0.022 0.022
1 0.065 0.126 0.018 0.016
1 0.202 0.154 0.02 0.016
1 0.338 0.259 0.02 0.03
1 0.438 0.315 0.024 0.018
1 0.443 0.297 0.006 0.006
1 0.511 0.307 0.022 0.03
1 0.465 0.192 0.018 0.02
1 0.508 0.097 0.02 0.026
1 0.48 0.09 0.008 0.008
1 0.715 0.024 0.014 0.008
1 0.663 0.22 0.022 0.024
1 0.636 0.107 0.016 0.022
1 0.612 0.127 0.012 0.01
1 0.85 0.044 0.012 0.012
1 0.838 0.091 0.04 0.022
1 0.845 0.071 0.022 0.022
1 0.867 0.215 0.014 0.026
1 0.916 0.174 0.02 0.024
1 0.889 0.166 0.014 0.024
1 0.864 0.335 0.02 0.026
1 0.734 0.278 0.012 0.016
1 0.742 0.265 0.016 0.026
1 0.797 0.27 0.018 0.024
1 0.754 0.334 0.016 0.024
1 0.726 0.338 0.02 0.012
1 0.675 0.337 0.018 0.018
1 0.503 0.463 0.014 0.038
1 0.595 0.502 0.018 0.016
1 0.637 0.79 0.022 0.02
1 0.506 0.792 0.02 0.012
1 0.984 0.806 0.02 0.028
1 0.911 0.797 0.026 0.022
1 0.911 0.653 0.006 0.01
1 0.675 0.756 0.026 0.012
1 0.67 0.741 0.012 0.014
1 0.729 0.636 0.018 0.016
1 0.801 0.648 0.014 0.028
1 0.765 0.619 0.022 0.018
1 0.824 0.625 0.02 0.026
1 0.952 0.524 0.016 0.024
1 0.286 0.078 0.02 0.028
1 0.159 0.679 0.018 0.018
1 0.183 0.669 0.01 0.018
2 0.093 0.925 0.018 0.014
2 0.042 0.779 0.028 0.046
2 0.139 0.598 0.026 0.016
2 0.194 0.568 0.036 0.036
2 0.251 0.467 0.026 0.026
2 0.266 0.735 0.04 0.026
2 0.38 0.9 0.024 0.012
2 0.446 0.657 0.02 0.018
2 0.437 0.725 0.022 0.022
2 0.201 0.3 0.022 0.036
2 0.1 0.074 0.036 0.032
2 0.376 0.012 0.024 0.02
2 0.157 0.141 0.026 0.026
2 0.401 0.229 0.018 0.022
2 0.545 0.259 0.018 0.026
2 0.897 0.027 0.03 0.042
2 0.985 0.114 0.026 0.056
2 0.826 0.35 0.02 0.016
2 0.822 0.331 0.016 0.018
2 0.554 0.471 0.016 0.026
2 0.628 0.804 0.02 0.016
2 0.426 0.955 0.036 0.042
2 0.936 0.769 0.024 0.054
2 0.913 0.723 0.022 0.018
2 0.698 0.753 0.012 0.018
2 0.707 0.656 0.03 0.024
2 0.701 0.634 0.038 0.02
2 0.837 0.592 0.022 0.032
2 0.872 0.548 0.012 0.016
2 0.865 0.512 0.022 0.036
2 0.741 0.02 0.022 0.036
2 0.946 0.112 0.02 0.028
2 0.968 0.314 0.032 0.036
2 0.381 0.096 0.022 0.02
2 0.199 0.784 0.018 0.032
2 0.267 0.757 0.018 0.018
2 0.037 0.991 0.042 0.014
2 0.272 0.146 0.02 0.02
2 0.055 0.18 0.014 0.016
2 0.783 0.396 0.014 0.012
2 0.115 0.925 0.038 0.034
2 0.606 0.949 0.036 0.026