0 0.959 0.103 0.062 0.046
0 0.978 0.128 0.04 0.052
0 0.99 0.417 0.016 0.054
0 0.93 0.175 0.068 0.046
0 0.847 0.123 0.074 0.042
0 0.888 0.018 0.044 0.032
0 0.863 0.015 0.018 0.022
0 0.848 0.013 0.044 0.026
0 0.857 0.064 0.034 0.02
0 0.847 0.091 0.062 0.038
0 0.77 0.037 0.036 0.042
0 0.744 0.049 0.044 0.046
0 0.681 0.006 0.03 0.012
0 0.718 0.113 0.056 0.05
0 0.752 0.139 0.044 0.042
0 0.612 0.039 0.052 0.042
0 0.637 0.17 0.078 0.048
0 0.589 0.128 0.042 0.052
0 0.583 0.189 0.094 0.086
0 0.535 0.152 0.046 0.048
0 0.467 0.191 0.074 0.074
0 0.487 0.131 0.054 0.062
0 0.448 0.044 0.064 0.064
0 0.355 0.014 0.046 0.028
0 0.347 0.142 0.062 0.072
0 0.36 0.063 0.056 0.054
0 0.273 0.028 0.07 0.056
0 0.177 0.013 0.05 0.026
0 0.107 0.012 0.054 0.024
0 0.052 0.018 0.056 0.036
0 0.018 0.036 0.032 0.072
0 0.008 0.034 0.012 0.068
0 0.06 0.08 0.024 0.032
0 0.103 0.07 0.058 0.06
0 0.031 0.138 0.034 0.044
0 0.021 0.183 0.038 0.05
0 0.067 0.197 0.074 0.086
0 0.135 0.09 0.078 0.072
0 0.39 0.299 0.064 0.054
0 0.357 0.234 0.03 0.028
0 0.346 0.214 0.056 0.056
0 0.308 0.226 0.052 0.056
0 0.131 0.289 0.042 0.038
0 0.225 0.405 0.042 0.054
0 0.046 0.365 0.036 0.05
0 0.044 0.465 0.064 0.078
0 0.134 0.412 0.044 0.06
0 0.14 0.436 0.048 0.048
0 0.175 0.45 0.058 0.06
0 0.307 0.318 0.078 0.08
0 0.33 0.351 0.04 0.042
0 0.275 0.354 0.05 0.04
0 0.627 0.231 0.058 0.038
0 0.627 0.259 0.058 0.026
0 0.988 0.214 0.02 0.048
0 0.921 0.219 0.07 0.038
0 0.831 0.201 0.078 0.066
0 0.433 0.005 0.058 0.01
0 0.743 0.235 0.074 0.066
0 0.712 0.224 0.056 0.06
0 0.772 0.265 0.06 0.046
0 0.843 0.281 0.062 0.042
0 0.864 0.287 0.056 0.054
0 0.948 0.409 0.064 0.058
0 0.811 0.413 0.066 0.046
0 0.781 0.367 0.066 0.062
0 0.749 0.403 0.054 0.054
0 0.681 0.317 0.05 0.042
0 0.587 0.347 0.058 0.078
0 0.603 0.399 0.058 0.058
0 0.632 0.45 0.064 0.056
0 0.575 0.424 0.05 0.052
0 0.521 0.429 0.05 0.038
0 0.478 0.437 0.04 0.042
0 0.46 0.403 0.044 0.042
0 0.434 0.455 0.052 0.046
0 0.406 0.509 0.076 0.058
0 0.332 0.432 0.06 0.064
0 0.454 0.532 0.072 0.06
0 0.365 0.576 0.05 0.048
0 0.446 0.579 0.064 0.058
0 0.424 0.568 0.048 0.032
0 0.356 0.545 0.044 0.034
0 0.18 0.512 0.048 0.06
0 0.049 0.544 0.09 0.084
0 0.119 0.586 0.05 0.044
0 0.166 0.608 0.044 0.036
0 0.177 0.653 0.046 0.05
0 0.184 0.585 0.04 0.038
0 0.109 0.721 0.062 0.058
0 0.09 0.657 0.036 0.054
0 0.061 0.657 0.034 0.046
0 0.074 0.708 0.04 0.04
0 0.016 0.668 0.028 0.044
0 0.028 0.676 0.052 0.052
0 0.017 0.719 0.03 0.046
0 0.063 0.818 0.054 0.044
0 0.094 0.784 0.036 0.032
0 0.143 0.771 0.054 0.054
0 0.186 0.708 0.048 0.04
0 0.218 0.748 0.052 0.06
0 0.252 0.653 0.06 0.058
0 0.886 0.515 0.064 0.062
0 0.918 0.54 0.052 0.048
0 0.978 0.634 0.04 0.052
0 0.904 0.585 0.068 0.046
0 0.951 0.589 0.034 0.034
0 0.992 0.579 0.012 0.034
0 0.988 0.801 0.02 0.05
0 0.975 0.713 0.046 0.042
0 0.985 0.979 0.03 0.038
0 0.962 0.932 0.044 0.036
0 0.951 0.951 0.038 0.038
0 0.909 0.832 0.066 0.048
0 0.876 0.963 0.072 0.054
0 0.889 0.991 0.042 0.014
0 0.915 0.99 0.026 0.016
0 0.915 0.915 0.034 0.034
0 0.705 0.919 0.058 0.058
0 0.637 0.992 0.066 0.012
0 0.656 0.902 0.06 0.068
0 0.916 0.741 0.08 0.062
0 0.886 0.717 0.04 0.042
0 0.866 0.681 0.068 0.038
0 0.819 0.729 0.062 0.058
0 0.761 0.792 0.058 0.056
0 0.821 0.791 0.062 0.054
0 0.75 0.658 0.076 0.052
0 0.68 0.645 0.06 0.046
0 0.553 0.574 0.074 0.072
0 0.607 0.628 0.066 0.068
0 0.648 0.601 0.048 0.042
0 0.698 0.739 0.064 0.074
0 0.673 0.692 0.062 0.056
0 0.626 0.689 0.052 0.05
0 0.637 0.748 0.038 0.04
0 0.533 0.704 0.038 0.052
0 0.646 0.851 0.044 0.038
0 0.586 0.793 0.068 0.05
0 0.593 0.861 0.034 0.046
0 0.55 0.901 0.072 0.062
0 0.596 0.917 0.052 0.042
0 0.555 0.949 0.082 0.054
0 0.444 0.982 0.068 0.032
0 0.39 0.969 0.068 0.054
0 0.397 0.917 0.07 0.054
0 0.443 0.687 0.074 0.078
0 0.339 0.811 0.062 0.058
0 0.243 0.947 0.054 0.058
0 0.045 0.943 0.054 0.046
0 0.176 0.939 0.048 0.042
0 0.135 0.922 0.05 0.052
0 0.179 0.871 0.07 0.078
0 0.28 0.697 0.064 0.062
1 0.959 0.008 0.014 0.016
1 0.808 0.018 0.04 0.028
1 0.801 0.118 0.03 0.028
1 0.711 0.076 0.034 0.024
1 0.688 0.194 0.028 0.028
1 0.53 0.107 0.028 0.026
1 0.451 0.13 0.014 0.028
1 0.402 0.008 0.032 0.012
1 0.218 0.185 0.028 0.026
1 0.14 0.205 0.024 0.018
1 0.163 0.202 0.034 0.028
1 0.475 0.298 0.022 0.024
1 0.534 0.255 0.028 0.018
1 0.384 0.186 0.032 0.032
1 0.184 0.223 0.032 0.018
1 0.155 0.259 0.038 0.046
1 0.199 0.239 0.026 0.046
1 0.171 0.253 0.038 0.026
1 0.159 0.241 0.038 0.022
1 0.61 0.219 0.04 0.034
1 0.832 0.161 0.044 0.018
1 0.953 0.36 0.018 0.048
1 0.955 0.332 0.026 0.048
1 0.733 0.287 0.026 0.014
1 0.752 0.509 0.052 0.042
1 0.44 0.561 0.032 0.014
1 0.184 0.556 0.032 0.02
1 0.027 0.615 0.026 0.026
1 0.009 0.843 0.014 0.03
1 0.949 0.541 0.022 0.018
1 0.798 0.887 0.032 0.022
1 0.792 0.612 0.024 0.032
1 0.742 0.704 0.032 0.036
1 0.56 0.688 0.028 0.028
1 0.505 0.679 0.022 0.038
1 0.488 0.762 0.02 0.024
1 0.678 0.823 0.032 0.022
1 0.438 0.759 0.032 0.034
1 0.385 0.745 0.018 0.026
1 0.361 0.754 0.014 0.012
1 0.348 0.668 0.028 0.028
1 0.367 0.711 0.046 0.042
2 0.939 0.034 0.074 0.048
2 0.912 0.144 0.04 0.04
2 0.875 0.037 0.026 0.014
2 0.533 0.012 0.042 0.024
2 0.634 0.123 0.032 0.026
2 0.463 0.076 0.062 0.04
2 0.396 0.112 0.032 0.048
2 0.306 0.079 0.052 0.034
2 0.209 0.05 0.03 0.036
2 0.214 0.097 0.036 0.05
2 0.224 0.154 0.024 0.016
2 0.222 0.132 0.024 0.024
2 0.185 0.15 0.03 0.032
2 0.133 0.171 0.026 0.03
2 0.163 0.101 0.026 0.034
2 0.471 0.267 0.038 0.026
2 0.416 0.275 0.064 0.058
2 0.227 0.264 0.03 0.028
2 0.085 0.251 0.058 0.05
2 0.126 0.241 0.024 0.038
2 0.169 0.302 0.038 0.04
2 0.176 0.348 0.036 0.056
2 0.185 0.269 0.018 0.038
2 0.013 0.38 0.022 0.032
2 0.168 0.389 0.028 0.038
2 0.516 0.306 0.076 0.072
2 0.124 0.464 0.036 0.028
2 0.266 0.312 0.032 0.032
2 0.245 0.339 0.022 0.026
2 0.791 0.192 0.034 0.028
2 0.982 0.238 0.032 0.024
2 0.977 0.192 0.022 0.024
2 0.919 0.285 0.042 0.034
2 0.903 0.362 0.046 0.04
2 0.812 0.377 0.028 0.022
2 0.696 0.333 0.052 0.038
2 0.642 0.379 0.04 0.038
2 0.548 0.474 0.056 0.056
2 0.672 0.482 0.076 0.064
2 0.704 0.502 0.032 0.044
2 0.4 0.399 0.072 0.074
2 0.292 0.459 0.028 0.014
2 0.283 0.482 0.042 0.036
2 0.114 0.52 0.032 0.052
2 0.141 0.545 0.03 0.038
2 0.01 0.827 0.016 0.038
2 0.979 0.448 0.026 0.028
2 0.886 0.936 0.008 0.008
2 0.855 0.91 0.034 0.036
2 0.799 0.931 0.026 0.046
2 0.707 0.978 0.05 0.04
2 0.934 0.78 0.068 0.048
2 0.854 0.656 0.012 0.016
2 0.786 0.77 0.032 0.032
2 0.779 0.582 0.07 0.064
2 0.711 0.606 0.05 0.04
2 0.602 0.538 0.028 0.048
2 0.655 0.567 0.078 0.054
2 0.667 0.617 0.022 0.026
2 0.742 0.75 0.028 0.02
2 0.676 0.665 0.016 0.01
2 0.507 0.62 0.034 0.032
2 0.534 0.646 0.056 0.04
2 0.566 0.746 0.012 0.016
2 0.535 0.789 0.034 0.034
2 0.595 0.951 0.03 0.034
2 0.516 0.971 0.016 0.01
2 0.486 0.985 0.036 0.026
2 0.446 0.887 0.04 0.046
2 0.5 0.846 0.064 0.068
2 0.33 0.604 0.028 0.036
2 0.329 0.965 0.038 0.05
2 0.207 0.977 0.038 0.03
2 0.245 0.984 0.042 0.028
2 0.089 0.968 0.062 0.06
2 0.017 0.923 0.03 0.034
2 0.07 0.901 0.032 0.03
2 0.202 0.891 0.044 0.05
2 0.183 0.825 0.034 0.03
2 0.268 0.743 0.04 0.042
2 0.302 0.64 0.028 0.04
2 0.424 0.795 0.04 0.038
2 0.398 0.762 0.064 0.056
2 0.317 0.67 0.034 0.032
2 0.5 0.092 0.04 0.04
2 0.522 0.029 0.068 0.042