0 0.286 0.359 0.044 0.05
0 0.035 0.553 0.046 0.05
0 0.069 0.52 0.038 0.064
0 0.12 0.495 0.032 0.046
0 0.231 0.508 0.042 0.048
0 0.045 0.963 0.054 0.07
0 0.336 0.942 0.072 0.112
0 0.017 0.872 0.034 0.064
0 0.043 0.871 0.026 0.046
0 0.198 0.863 0.052 0.058
0 0.044 0.716 0.044 0.052
0 0.1 0.775 0.04 0.054
0 0.108 0.71 0.032 0.044
0 0.162 0.671 0.056 0.07
0 0.225 0.7 0.03 0.04
0 0.254 0.69 0.04 0.04
0 0.307 0.786 0.046 0.056
0 0.396 0.968 0.044 0.06
0 0.122 0.017 0.048 0.034
0 0.081 0.072 0.034 0.032
0 0.05 0.067 0.032 0.054
0 0.129 0.068 0.038 0.04
0 0.141 0.121 0.058 0.046
0 0.1 0.177 0.04 0.05
0 0.055 0.219 0.046 0.046
0 0.074 0.246 0.036 0.04
0 0.122 0.328 0.04 0.04
0 0.122 0.36 0.04 0.032
0 0.069 0.378 0.038 0.032
0 0.107 0.399 0.034 0.062
0 0.064 0.41 0.036 0.032
0 0.199 0.315 0.034 0.046
0 0.187 0.176 0.034 0.04
0 0.225 0.054 0.038 0.052
0 0.262 0.081 0.04 0.038
0 0.31 0.13 0.04 0.036
0 0.28 0.161 0.044 0.042
0 0.215 0.252 0.034 0.04
0 0.365 0.069 0.042 0.042
0 0.924 0.023 0.048 0.046
0 0.821 0.125 0.046 0.046
0 0.917 0.117 0.046 0.038
0 0.983 0.095 0.03 0.046
0 0.956 0.162 0.048 0.052
0 0.744 0.197 0.044 0.042
0 0.805 0.193 0.046 0.046
0 0.667 0.053 0.03 0.042
0 0.715 0.029 0.046 0.054
0 0.773 0.011 0.046 0.022
0 0.588 0.088 0.036 0.048
0 0.592 0.129 0.044 0.038
0 0.878 0.688 0.048 0.064
0 0.943 0.699 0.054 0.074
0 0.811 0.321 0.038 0.05
0 0.839 0.338 0.034 0.068
0 0.815 0.427 0.054 0.074
0 0.799 0.493 0.042 0.062
0 0.675 0.363 0.054 0.058
0 0.899 0.387 0.046 0.054
0 0.844 0.95 0.044 0.096
0 0.909 0.856 0.054 0.068
0 0.76 0.801 0.052 0.058
0 0.814 0.854 0.036 0.052
0 0.829 0.618 0.026 0.036
0 0.812 0.602 0.024 0.044
0 0.862 0.54 0.036 0.04
0 0.985 0.263 0.026 0.042
0 0.604 0.747 0.048 0.042
0 0.563 0.669 0.046 0.078
0 0.611 0.676 0.054 0.08
0 0.683 0.629 0.054 0.078
0 0.567 0.262 0.05 0.06
0 0.562 0.42 0.056 0.064
0 0.324 0.462 0.04 0.052
0 0.411 0.482 0.058 0.072
0 0.38 0.226 0.032 0.036
0 0.567 0.549 0.042 0.042
0 0.631 0.512 0.038 0.036
0 0.587 0.51 0.038 0.052
0 0.709 0.496 0.03 0.04
0 0.309 0.585 0.038 0.05
0 0.66 0.167 0.036 0.038
0 0.459 0.146 0.05 0.04
0 0.428 0.219 0.032 0.034
0 0.338 0.77 0.04 0.068
0 0.72 0.36 0.028 0.036
0 0.549 0.012 0.046 0.024
0 0.627 0.969 0.046 0.058
0 0.481 0.882 0.046 0.064
0 0.532 0.845 0.052 0.054
0 0.431 0.444 0.03 0.028
0 0.776 0.989 0.044 0.018
0 0.984 0.761 0.028 0.05
0 0.972 0.96 0.036 0.064
1 0.108 0.56 0.02 0.028
1 0.145 0.569 0.026 0.022
1 0.196 0.532 0.024 0.016
1 0.252 0.55 0.032 0.016
1 0.267 0.516 0.018 0.032
1 0.169 0.988 0.022 0.02
1 0.162 0.989 0.016 0.018
1 0.16 0.815 0.032 0.014
1 0.257 0.873 0.03 0.022
1 0.357 0.825 0.014 0.022
1 0.053 0.11 0.014 0.02
1 0.066 0.163 0.024 0.022
1 0.052 0.133 0.036 0.038
1 0.032 0.17 0.024 0.028
1 0.045 0.419 0.014 0.026
1 0.085 0.395 0.01 0.014
1 0.074 0.437 0.028 0.014
1 0.087 0.43 0.018 0.016
1 0.021 0.462 0.03 0.024
1 0.195 0.033 0.034 0.022
1 0.311 0.16 0.022 0.016
1 0.369 0.133 0.022 0.03
1 0.36 0.16 0.016 0.024
1 0.208 0.342 0.028 0.028
1 0.181 0.375 0.026 0.026
1 0.21 0.21 0.012 0.02
1 0.229 0.212 0.022 0.016
1 0.983 0.022 0.026 0.024
1 0.81 0.089 0.028 0.03
1 0.799 0.137 0.018 0.03
1 0.885 0.142 0.022 0.02
1 0.92 0.194 0.016 0.032
1 0.891 0.24 0.026 0.024
1 0.815 0.232 0.022 0.028
1 0.813 0.174 0.03 0.02
1 0.533 0.126 0.026 0.02
1 0.524 0.174 0.024 0.02
1 0.554 0.05 0.016 0.036
1 0.532 0.047 0.02 0.01
1 0.528 0.056 0.024 0.008
1 0.838 0.403 0.028 0.026
1 0.91 0.635 0.032 0.026
1 0.927 0.612 0.026 0.02
1 0.956 0.651 0.02 0.03
1 0.877 0.64 0.026 0.032
1 0.748 0.568 0.032 0.02
1 0.75 0.616 0.024 0.032
1 0.752 0.124 0.024 0.02
1 0.708 0.121 0.032 0.03
1 0.671 0.756 0.03 0.02
1 0.706 0.765 0.024 0.022
1 0.801 0.261 0.014 0.022
1 0.538 0.368 0.024 0.032
1 0.591 0.342 0.018 0.024
1 0.528 0.243 0.02 0.034
1 0.37 0.242 0.024 0.016
1 0.381 0.576 0.038 0.016
1 0.371 0.667 0.022 0.034
1 0.47 0.63 0.024 0.028
1 0.63 0.233 0.028 0.026
1 0.634 0.204 0.02 0.032
1 0.333 0.29 0.022 0.024
1 0.552 0.159 0.044 0.014
1 0.559 0.174 0.018 0.016
1 0.399 0.147 0.022 0.018
1 0.545 0.015 0.022 0.026
1 0.282 0.113 0.016 0.018
1 0.914 0.163 0.012 0.018
1 0.661 0.267 0.022 0.034
1 0.645 0.28 0.014 0.02
1 0.538 0.737 0.024 0.03
1 0.47 0.777 0.02 0.018
1 0.467 0.799 0.018 0.014
1 0.424 0.411 0.02 0.018
1 0.53 0.479 0.016 0.01
1 0.534 0.489 0.02 0.01
1 0.483 0.974 0.018 0.036
1 0.506 0.957 0.02 0.03
1 0.732 0.878 0.028 0.036
1 0.753 0.862 0.018 0.028
1 0.549 0.801 0.01 0.014
1 0.56 0.798 0.012 0.02
1 0.437 0.525 0.014 0.014
1 0.487 0.4 0.03 0.032
1 0.439 0.531 0.042 0.03
1 0.656 0.328 0.028 0.02
1 0.782 0.328 0.02 0.012
1 0.492 0.778 0.024 0.02
1 0.993 0.892 0.01 0.052
1 0.939 0.981 0.026 0.022
1 0.925 0.994 0.03 0.008
1 0.381 0.753 0.018 0.014
1 0.589 0.646 0.026 0.028
1 0.406 0.339 0.008 0.014
2 0.079 0.463 0.022 0.026
2 0.154 0.249 0.028 0.026
2 0.134 0.266 0.016 0.024
2 0.127 0.295 0.022 0.03
2 0.299 0.199 0.018 0.018
2 0.342 0.151 0.016 0.018
2 0.439 0.256 0.034 0.048
2 0.508 0.104 0.02 0.016
2 0.455 0.077 0.034 0.046
2 0.659 0.019 0.026 0.026
2 0.262 0.045 0.032 0.026
2 0.851 0.275 0.03 0.03
2 0.865 0.232 0.026 0.032
2 0.879 0.205 0.026 0.034
2 0.642 0.852 0.044 0.044
2 0.395 0.821 0.026 0.05
2 0.394 0.868 0.036 0.056
2 0.468 0.579 0.036 0.038
2 0.349 0.404 0.034 0.044
2 0.837 0.786 0.022 0.024
2 0.783 0.738 0.026 0.028
2 0.585 0.968 0.03 0.048
2 0.365 0.76 0.01 0.016
2 0.366 0.781 0.024 0.034
2 0.38 0.766 0.016 0.02
2 0.458 0.026 0.024 0.032
2 0.958 0.951 0.036 0.03
2 0.334 0.259 0.024 0.026
2 0.903 0.562 0.006 0.012
2 0.854 0.045 0.024 0.022
2 0.295 0.318 0.014 0.012