0 0.969 0.07 0.022 0.04
0 0.921 0.072 0.038 0.052
0 0.961 0.133 0.042 0.046
0 0.933 0.154 0.022 0.032
0 0.995 0.196 0.006 0.044
0 0.983 0.192 0.014 0.02
0 0.835 0.019 0.038 0.038
0 0.861 0.113 0.022 0.03
0 0.806 0.09 0.032 0.06
0 0.76 0.025 0.028 0.03
0 0.712 0.014 0.02 0.028
0 0.722 0.021 0.032 0.03
0 0.574 0.006 0.024 0.012
0 0.056 0.014 0.036 0.028
0 0.094 0.013 0.028 0.026
0 0.186 0.034 0.04 0.068
0 0.154 0.009 0.024 0.018
0 0.258 0.026 0.04 0.052
0 0.323 0.034 0.054 0.068
0 0.511 0.074 0.042 0.032
0 0.726 0.143 0.036 0.058
0 0.829 0.215 0.034 0.062
0 0.749 0.181 0.038 0.03
0 0.745 0.246 0.026 0.012
0 0.757 0.264 0.022 0.036
0 0.771 0.281 0.018 0.038
0 0.948 0.359 0.04 0.066
0 0.98 0.472 0.032 0.06
0 0.928 0.581 0.032 0.062
0 0.869 0.552 0.038 0.06
0 0.849 0.491 0.026 0.05
0 0.879 0.64 0.03 0.044
0 0.901 0.791 0.03 0.054
0 0.923 0.86 0.042 0.072
0 0.99 0.961 0.016 0.046
0 0.848 0.99 0.028 0.016
0 0.79 0.915 0.032 0.05
0 0.694 0.946 0.024 0.048
0 0.664 0.839 0.04 0.05
0 0.674 0.786 0.036 0.056
0 0.661 0.736 0.03 0.036
0 0.846 0.796 0.028 0.056
0 0.743 0.663 0.034 0.046
0 0.733 0.696 0.026 0.044
0 0.76 0.582 0.032 0.052
0 0.631 0.619 0.042 0.066
0 0.553 0.653 0.038 0.054
0 0.585 0.778 0.03 0.048
0 0.618 0.981 0.036 0.034
0 0.589 0.989 0.026 0.018
0 0.492 0.97 0.028 0.036
0 0.387 0.988 0.034 0.02
0 0.409 0.963 0.03 0.058
0 0.408 0.891 0.028 0.05
0 0.448 0.901 0.032 0.05
0 0.492 0.916 0.052 0.044
0 0.47 0.89 0.028 0.016
0 0.479 0.874 0.03 0.02
0 0.314 0.964 0.032 0.048
0 0.279 0.983 0.026 0.03
0 0.218 0.981 0.028 0.034
0 0.035 0.946 0.026 0.04
0 0.085 0.945 0.03 0.046
0 0.069 0.902 0.026 0.036
0 0.136 0.931 0.032 0.042
0 0.093 0.873 0.022 0.046
0 0.014 0.86 0.024 0.032
0 0.003 0.801 0.002 0.034
0 0.017 0.72 0.03 0.076
0 0.176 0.827 0.036 0.062
0 0.254 0.838 0.032 0.044
0 0.247 0.858 0.03 0.06
0 0.321 0.824 0.03 0.048
0 0.356 0.747 0.02 0.038
0 0.344 0.727 0.016 0.03
0 0.432 0.748 0.044 0.064
0 0.471 0.721 0.022 0.042
0 0.177 0.722 0.038 0.056
0 0.099 0.694 0.034 0.052
0 0.244 0.676 0.04 0.068
0 0.279 0.682 0.022 0.044
0 0.283 0.599 0.034 0.046
0 0.194 0.55 0.036 0.06
0 0.12 0.532 0.036 0.048
0 0.084 0.461 0.048 0.062
0 0.011 0.437 0.018 0.058
0 0.197 0.476 0.03 0.032
0 0.275 0.548 0.03 0.044
0 0.35 0.559 0.04 0.058
0 0.745 0.427 0.03 0.058
0 0.739 0.364 0.034 0.048
0 0.695 0.354 0.018 0.016
0 0.644 0.322 0.036 0.068
0 0.689 0.281 0.026 0.05
0 0.691 0.232 0.022 0.044
0 0.699 0.204 0.01 0.012
0 0.72 0.193 0.028 0.022
0 0.647 0.137 0.018 0.026
0 0.543 0.195 0.038 0.046
0 0.433 0.15 0.062 0.072
0 0.593 0.262 0.03 0.06
0 0.559 0.296 0.034 0.06
0 0.526 0.316 0.024 0.048
0 0.479 0.311 0.042 0.05
0 0.477 0.363 0.038 0.054
0 0.606 0.442 0.044 0.08
0 0.657 0.459 0.026 0.05
0 0.568 0.488 0.032 0.056
0 0.53 0.483 0.02 0.03
0 0.524 0.571 0.04 0.07
0 0.452 0.574 0.02 0.04
0 0.411 0.501 0.034 0.058
0 0.344 0.481 0.028 0.05
0 0.305 0.46 0.038 0.056
0 0.29 0.391 0.036 0.038
0 0.322 0.354 0.032 0.052
0 0.405 0.342 0.034 0.056
0 0.351 0.284 0.03 0.04
0 0.319 0.209 0.034 0.05
0 0.445 0.194 0.034 0.028
0 0.133 0.125 0.026 0.038
0 0.07 0.135 0.024 0.03
0 0.178 0.154 0.04 0.036
0 0.18 0.186 0.028 0.04
0 0.051 0.25 0.03 0.044
0 0.011 0.248 0.018 0.052
0 0.006 0.267 0.008 0.038
0 0.095 0.365 0.026 0.042
0 0.117 0.378 0.046 0.044
0 0.126 0.293 0.036 0.034
0 0.172 0.287 0.024 0.054
0 0.218 0.249 0.024 0.03
0 0.19 0.343 0.032 0.034
0 0.21 0.372 0.036 0.052
0 0.381 0.383 0.03 0.058
0 0.855 0.429 0.022 0.03
0 0.817 0.433 0.01 0.022
0 0.802 0.425 0.02 0.046
0 0.766 0.38 0.008 0.024
0 0.777 0.414 0.014 0.036
0 0.337 0.705 0.022 0.018
1 0.986 0.048 0.024 0.02
1 0.952 0.049 0.008 0.026
1 0.973 0.103 0.014 0.018
1 0.971 0.116 0.018 0.028
1 0.933 0.176 0.018 0.016
1 0.879 0.005 0.014 0.01
1 0.79 0.012 0.016 0.016
1 0.858 0.092 0.008 0.012
1 0.675 0.024 0.01 0.012
1 0.348 0.012 0.02 0.02
1 0.421 0.035 0.022 0.018
1 0.503 0.041 0.022 0.022
1 0.505 0.1 0.022 0.02
1 0.612 0.032 0.012 0.008
1 0.673 0.055 0.018 0.026
1 0.629 0.078 0.018 0.024
1 0.797 0.118 0.014 0.016
1 0.793 0.213 0.026 0.018
1 0.809 0.253 0.018 0.038
1 0.789 0.223 0.014 0.014
1 0.77 0.23 0.016 0.012
1 0.755 0.238 0.01 0.012
1 0.993 0.46 0.01 0.016
1 0.975 0.522 0.014 0.028
1 0.935 0.896 0.018 0.016
1 0.974 0.991 0.024 0.014
1 0.941 0.953 0.014 0.022
1 0.788 0.948 0.024 0.02
1 0.765 0.905 0.014 0.022
1 0.727 0.925 0.018 0.01
1 0.718 0.912 0.016 0.012
1 0.637 0.887 0.026 0.014
1 0.775 0.8 0.01 0.02
1 0.839 0.736 0.014 0.016
1 0.824 0.733 0.012 0.014
1 0.757 0.612 0.022 0.012
1 0.691 0.574 0.022 0.02
1 0.579 0.689 0.022 0.022
1 0.575 0.716 0.018 0.02
1 0.483 0.987 0.014 0.018
1 0.453 0.996 0.014 0.004
1 0.352 0.918 0.012 0.02
1 0.346 0.898 0.016 0.016
1 0.385 0.864 0.014 0.016
1 0.312 0.996 0.012 0.004
1 0.299 0.993 0.01 0.01
1 0.297 0.926 0.014 0.02
1 0.198 0.965 0.016 0.014
1 0.205 0.974 0.014 0.02
1 0.147 0.988 0.018 0.02
1 0.14 0.971 0.016 0.014
1 0.117 0.89 0.01 0.032
1 0.194 0.932 0.024 0.032
1 0.432 0.819 0.02 0.022
1 0.325 0.75 0.022 0.036
1 0.424 0.724 0.02 0.02
1 0.088 0.736 0.016 0.02
1 0.131 0.64 0.01 0.016
1 0.125 0.593 0.018 0.014
1 0.028 0.487 0.02 0.018
1 0.13 0.443 0.02 0.022
1 0.253 0.502 0.018 0.016
1 0.316 0.538 0.02 0.02
1 0.667 0.196 0.026 0.024
1 0.638 0.105 0.008 0.01
1 0.511 0.166 0.014 0.024
1 0.379 0.344 0.018 0.016
1 0.358 0.328 0.02 0.024
1 0.459 0.231 0.022 0.018
1 0.482 0.193 0.02 0.022
1 0.373 0.189 0.018 0.022
1 0.354 0.139 0.02 0.03
1 0.339 0.119 0.022 0.018
1 0.218 0.102 0.016 0.024
1 0.22 0.132 0.024 0.02
1 0.151 0.102 0.022 0.016
1 0.129 0.101 0.018 0.014
1 0.111 0.104 0.01 0.012
1 0.098 0.1 0.016 0.012
1 0.099 0.152 0.014 0.024
1 0.135 0.219 0.01 0.014
1 0.082 0.3 0.016 0.04
1 0.237 0.264 0.018 0.02
1 0.355 0.375 0.014 0.018
1 0.305 0.328 0.018 0.028
1 0.504 0.416 0.016 0.024
1 0.539 0.429 0.018 0.018
1 0.6 0.377 0.024 0.018
1 0.427 0.338 0.018 0.024
1 0.525 0.349 0.01 0.01
1 0.841 0.341 0.018 0.034
1 0.789 0.311 0.034 0.014
1 0.781 0.472 0.026 0.016
1 0.825 0.39 0.014 0.016
1 0.833 0.396 0.014 0.016
1 0.846 0.403 0.02 0.014
1 0.777 0.388 0.01 0.012
1 0.057 0.65 0.01 0.016
1 0.109 0.643 0.014 0.018
1 0.153 0.261 0.026 0.01
1 0.404 0.8 0.02 0.016
1 0.693 0.763 0.014 0.022
1 0.126 0.049 0.008 0.014
2 0.886 0.157 0.02 0.046
2 0.879 0.127 0.014 0.01
2 0.671 0.013 0.01 0.01
2 0.703 0.091 0.018 0.034
2 0.719 0.107 0.014 0.014
2 0.919 0.431 0.018 0.026
2 0.877 0.472 0.026 0.032
2 0.934 0.983 0.012 0.014
2 0.739 0.953 0.018 0.014
2 0.741 0.98 0.03 0.02
2 0.368 0.971 0.02 0.014
2 0.482 0.851 0.02 0.014
2 0.463 0.836 0.018 0.024
2 0.225 0.765 0.034 0.062
2 0.531 0.119 0.018 0.014
2 0.22 0.118 0.024 0.024
2 0.514 0.387 0.024 0.03
2 0.44 0.329 0.024 0.014
2 0.447 0.348 0.022 0.016
2 0.873 0.416 0.014 0.032
2 0.805 0.513 0.022 0.034
2 0.588 0.615 0.032 0.05
2 0.478 0.606 0.016 0.032
2 0.451 0.658 0.022 0.036
2 0.411 0.706 0.014 0.024
2 0.956 0.571 0.012 0.022
2 0.971 0.61 0.014 0.024
2 0.893 0.537 0.01 0.014
2 0.868 0.688 0.012 0.024
2 0.782 0.872 0.02 0.032
2 0.616 0.043 0.02 0.018
2 0.637 0.052 0.01 0.016
2 0.712 0.84 0.008 0.016