0 0.127 0.606 0.042 0.052
0 0.2 0.018 0.04 0.036
0 0.139 0.169 0.038 0.038
0 0.502 0.031 0.036 0.046
0 0.54 0.016 0.04 0.032
0 0.695 0.039 0.038 0.042
0 0.697 0.065 0.038 0.03
0 0.691 0.107 0.034 0.038
0 0.644 0.125 0.036 0.034
0 0.76 0.093 0.048 0.042
0 0.755 0.068 0.026 0.028
0 0.794 0.075 0.036 0.038
0 0.873 0.102 0.038 0.036
0 0.958 0.032 0.048 0.036
0 0.821 0.17 0.038 0.036
0 0.977 0.166 0.038 0.052
0 0.938 0.153 0.024 0.026
0 0.91 0.199 0.044 0.046
0 0.898 0.22 0.04 0.036
0 0.779 0.24 0.034 0.048
0 0.778 0.378 0.028 0.036
0 0.764 0.381 0.016 0.026
0 0.77 0.334 0.028 0.02
0 0.955 0.325 0.042 0.046
0 0.861 0.263 0.026 0.046
0 0.89 0.318 0.032 0.056
0 0.854 0.372 0.036 0.048
0 0.873 0.439 0.026 0.034
0 0.852 0.452 0.028 0.048
0 0.826 0.45 0.032 0.04
0 0.871 0.484 0.038 0.052
0 0.959 0.455 0.042 0.058
0 0.934 0.464 0.016 0.036
0 0.983 0.409 0.03 0.038
0 0.814 0.511 0.028 0.042
0 0.808 0.527 0.024 0.026
0 0.892 0.591 0.04 0.042
0 0.944 0.625 0.02 0.018
0 0.889 0.645 0.034 0.046
0 0.777 0.618 0.03 0.056
0 0.795 0.622 0.03 0.06
0 0.803 0.693 0.034 0.062
0 0.851 0.732 0.038 0.052
0 0.907 0.802 0.046 0.072
0 0.957 0.804 0.034 0.04
0 0.953 0.831 0.042 0.03
0 0.955 0.876 0.038 0.052
0 0.844 0.976 0.056 0.044
0 0.685 0.932 0.046 0.06
0 0.756 0.848 0.048 0.052
0 0.718 0.76 0.04 0.056
0 0.701 0.738 0.046 0.044
0 0.95 0.649 0.044 0.05
0 0.633 0.954 0.046 0.064
0 0.585 0.94 0.046 0.048
0 0.595 0.979 0.038 0.038
0 0.487 0.973 0.018 0.026
0 0.452 0.968 0.044 0.06
0 0.425 0.888 0.03 0.04
0 0.377 0.816 0.026 0.04
0 0.333 0.784 0.038 0.048
0 0.35 0.887 0.04 0.05
0 0.335 0.86 0.042 0.044
0 0.274 0.838 0.036 0.04
0 0.219 0.767 0.03 0.034
0 0.219 0.789 0.042 0.038
0 0.323 0.703 0.034 0.046
0 0.267 0.694 0.038 0.06
0 0.427 0.703 0.034 0.05
0 0.453 0.673 0.034 0.058
0 0.515 0.631 0.034 0.05
0 0.613 0.632 0.042 0.056
0 0.571 0.637 0.034 0.058
0 0.656 0.635 0.032 0.05
0 0.66 0.554 0.032 0.048
0 0.163 0.739 0.034 0.058
0 0.113 0.709 0.042 0.062
0 0.054 0.777 0.04 0.058
0 0.019 0.725 0.034 0.038
0 0.019 0.678 0.034 0.056
0 0.027 0.871 0.034 0.058
0 0.145 0.845 0.046 0.042
0 0.128 0.822 0.036 0.036
0 0.168 0.772 0.024 0.028
0 0.303 0.619 0.034 0.042
0 0.295 0.544 0.034 0.052
0 0.318 0.533 0.02 0.038
0 0.338 0.504 0.04 0.048
0 0.364 0.475 0.024 0.034
0 0.436 0.42 0.036 0.036
0 0.447 0.371 0.042 0.05
0 0.397 0.364 0.046 0.04
0 0.346 0.308 0.04 0.052
0 0.305 0.316 0.042 0.044
0 0.28 0.351 0.036 0.042
0 0.302 0.234 0.032 0.04
0 0.356 0.173 0.032 0.042
0 0.34 0.137 0.04 0.046
0 0.181 0.184 0.038 0.036
0 0.189 0.235 0.046 0.034
0 0.171 0.211 0.046 0.022
0 0.161 0.258 0.038 0.04
0 0.26 0.234 0.032 0.048
0 0.176 0.318 0.032 0.044
0 0.218 0.331 0.04 0.05
0 0.61 0.349 0.036 0.042
0 0.535 0.315 0.03 0.026
0 0.536 0.382 0.04 0.04
0 0.473 0.323 0.034 0.058
0 0.443 0.271 0.038 0.038
0 0.432 0.246 0.044 0.032
0 0.476 0.099 0.048 0.038
0 0.475 0.133 0.046 0.03
0 0.481 0.156 0.034 0.032
0 0.509 0.232 0.038 0.04
0 0.53 0.205 0.032 0.042
0 0.148 0.41 0.044 0.044
0 0.098 0.439 0.036 0.042
0 0.053 0.438 0.05 0.056
0 0.204 0.47 0.032 0.048
0 0.229 0.431 0.038 0.042
0 0.471 0.47 0.038 0.056
0 0.464 0.528 0.036 0.056
0 0.433 0.523 0.03 0.046
0 0.666 0.37 0.04 0.036
0 0.713 0.378 0.034 0.044
0 0.123 0.351 0.038 0.042
0 0.309 0.418 0.034 0.04
0 0.078 0.27 0.028 0.02
0 0.401 0.433 0.042 0.038
0 0.517 0.471 0.038 0.042
0 0.599 0.277 0.038 0.042
0 0.62 0.211 0.032 0.034
0 0.385 0.205 0.038 0.038
0 0.584 0.485 0.044 0.05
0 0.669 0.46 0.038 0.052
0 0.689 0.41 0.034 0.044
0 0.604 0.418 0.048 0.064
0 0.538 0.162 0.044 0.04
0 0.511 0.524 0.026 0.052
0 0.528 0.726 0.044 0.056
0 0.616 0.762 0.036 0.04
0 0.631 0.833 0.05 0.058
0 0.297 0.951 0.034 0.042
0 0.203 0.912 0.034 0.06
0 0.18 0.976 0.032 0.044
0 0.014 0.49 0.028 0.056
0 0.072 0.499 0.036 0.058
0 0.018 0.581 0.036 0.062
0 0.075 0.558 0.046 0.052
0 0.081 0.311 0.038 0.038
0 0.056 0.329 0.044 0.042
0 0.05 0.367 0.036 0.042
0 0.069 0.375 0.03 0.046
0 0.036 0.98 0.036 0.036
0 0.096 0.891 0.032 0.046
0 0.076 0.913 0.048 0.062
0 0.152 0.957 0.032 0.054
0 0.27 0.978 0.04 0.04
0 0.379 0.963 0.042 0.062
0 0.319 0.989 0.026 0.018
0 0.264 0.789 0.036 0.078
0 0.233 0.751 0.022 0.034
0 0.166 0.681 0.032 0.046
0 0.129 0.672 0.03 0.036
0 0.263 0.889 0.034 0.05
0 0.433 0.845 0.03 0.042
0 0.48 0.886 0.044 0.056
0 0.491 0.803 0.042 0.054
0 0.563 0.811 0.034 0.054
0 0.561 0.858 0.042 0.044
0 0.592 0.821 0.048 0.058
0 0.324 0.802 0.032 0.032
0 0.383 0.59 0.046 0.056
0 0.351 0.647 0.026 0.022
0 0.343 0.61 0.022 0.028
0 0.339 0.633 0.022 0.022
0 0.369 0.627 0.034 0.03
0 0.276 0.007 0.032 0.014
0 0.062 0.265 0.036 0.034
0 0.114 0.283 0.04 0.03
0 0.221 0.547 0.034 0.042
0 0.421 0.206 0.03 0.044
0 0.489 0.22 0.038 0.036
0 0.833 0.013 0.05 0.026
0 0.854 0.025 0.044 0.042
0 0.969 0.007 0.042 0.014
0 0.664 0.231 0.04 0.03
0 0.634 0.301 0.036 0.03
0 0.724 0.288 0.04 0.036
0 0.742 0.264 0.04 0.068
0 0.713 0.623 0.034 0.05
0 0.763 0.489 0.054 0.046
0 0.708 0.438 0.028 0.036
0 0.586 0.551 0.04 0.042
0 0.564 0.682 0.036 0.06
0 0.641 0.724 0.034 0.06
0 0.775 0.712 0.042 0.044
0 0.939 0.553 0.054 0.046
0 0.968 0.497 0.028 0.042
0 0.99 0.583 0.016 0.062
0 0.853 0.648 0.046 0.056
0 0.472 0.631 0.032 0.034
0 0.812 0.24 0.032 0.04
0 0.847 0.251 0.03 0.034
0 0.889 0.366 0.038 0.036
0 0.923 0.381 0.026 0.042
0 0.599 0.172 0.05 0.052
0 0.618 0.179 0.016 0.034
0 0.512 0.332 0.04 0.04
0 0.579 0.295 0.022 0.046
0 0.79 0.306 0.032 0.032
0 0.917 0.681 0.022 0.038
0 0.843 0.827 0.038 0.046
0 0.782 0.964 0.044 0.06
0 0.721 0.977 0.034 0.042
0 0.961 0.965 0.046 0.066
0 0.92 0.954 0.044 0.056
0 0.085 0.697 0.022 0.042
0 0.291 0.155 0.038 0.026
1 0.127 0.745 0.022 0.022
1 0.222 0.292 0.016 0.024
1 0.411 0.142 0.022 0.024
1 0.39 0.141 0.028 0.026
1 0.554 0.51 0.016 0.028
1 0.945 0.136 0.014 0.012
1 0.996 0.86 0.004 0.024
1 0.598 0.513 0.028 0.018
1 0.247 0.953 0.022 0.026
1 0.083 0.989 0.03 0.018
1 0.014 0.912 0.028 0.02
1 0.272 0.736 0.024 0.024
1 0.315 0.895 0.014 0.014
1 0.463 0.854 0.022 0.02
1 0.499 0.832 0.022 0.012
1 0.3 0.655 0.016 0.03
1 0.28 0.598 0.024 0.028
1 0.406 0.48 0.02 0.028
1 0.084 0.043 0.02 0.018
1 0.122 0.007 0.024 0.014
1 0.025 0.087 0.022 0.026
1 0.166 0.091 0.012 0.034
1 0.307 0.009 0.026 0.018
1 0.325 0.005 0.018 0.01
1 0.383 0.041 0.022 0.03
1 0.353 0.11 0.022 0.028
1 0.582 0.056 0.024 0.024
1 0.616 0.042 0.008 0.008
1 0.074 0.289 0.02 0.01
1 0.154 0.343 0.024 0.026
1 0.244 0.543 0.012 0.026
1 0.5 0.171 0.02 0.034
1 0.439 0.185 0.026 0.014
1 0.694 0.589 0.02 0.018
1 0.748 0.545 0.02 0.022
1 0.68 0.511 0.02 0.026
1 0.712 0.494 0.012 0.032
1 0.687 0.715 0.022 0.022
1 0.94 0.498 0.028 0.02
1 0.832 0.642 0.024 0.032
1 0.822 0.659 0.012 0.01
1 0.959 0.081 0.022 0.026
1 0.914 0.128 0.02 0.028
1 0.864 0.177 0.024 0.026
1 0.865 0.317 0.018 0.022
1 0.871 0.343 0.018 0.026
1 0.845 0.073 0.014 0.018
1 0.976 0.75 0.02 0.032
1 0.878 0.866 0.02 0.024
1 0.815 0.885 0.058 0.038
1 0.809 0.942 0.022 0.032
1 0.652 0.783 0.016 0.018
1 0.662 0.804 0.02 0.028
1 0.992 0.929 0.012 0.018
1 0.454 0.758 0.016 0.024
1 0.521 0.959 0.018 0.038
1 0.361 0.549 0.022 0.026
1 0.094 0.578 0.016 0.024
1 0.536 0.261 0.012 0.022
1 0.228 0.458 0.024 0.02
1 0.419 0.155 0.014 0.01
2 0.079 0.812 0.034 0.04
2 0.011 0.822 0.018 0.036
2 0.112 0.132 0.02 0.02
2 0.076 0.231 0.024 0.022
2 0.116 0.311 0.024 0.03
2 0.707 0.212 0.038 0.036
2 0.862 0.143 0.016 0.026
2 0.918 0.325 0.016 0.042
2 0.737 0.314 0.018 0.024
2 0.791 0.412 0.034 0.036
2 0.942 0.682 0.028 0.04
2 0.988 0.718 0.02 0.04
2 0.874 0.839 0.028 0.026
2 0.867 0.799 0.022 0.026
2 0.866 0.781 0.02 0.018
2 0.717 0.91 0.034 0.044
2 0.506 0.375 0.032 0.046
2 0.051 0.548 0.018 0.02
2 0.364 0.373 0.024 0.018
2 0.541 0.42 0.018 0.02
2 0.226 0.225 0.02 0.03
2 0.559 0.202 0.022 0.02
2 0.294 0.122 0.012 0.036
2 0.416 0.161 0.04 0.018
2 0.399 0.173 0.026 0.018
2 0.512 0.118 0.028 0.024