0 0.193 0.849 0.046 0.074
0 0.089 0.99 0.07 0.016
0 0.108 0.954 0.044 0.06
0 0.157 0.942 0.046 0.044
0 0.171 0.98 0.046 0.036
0 0.254 0.921 0.04 0.046
0 0.299 0.897 0.042 0.062
0 0.316 0.874 0.04 0.044
0 0.349 0.905 0.038 0.05
0 0.382 0.882 0.04 0.056
0 0.444 0.864 0.048 0.06
0 0.554 0.847 0.044 0.046
0 0.572 0.816 0.044 0.052
0 0.524 0.952 0.048 0.052
0 0.792 0.855 0.044 0.058
0 0.869 0.787 0.042 0.05
0 0.895 0.925 0.046 0.054
0 0.825 0.954 0.042 0.028
0 0.728 0.72 0.052 0.052
0 0.702 0.682 0.044 0.056
0 0.813 0.661 0.038 0.054
0 0.82 0.63 0.056 0.068
0 0.861 0.689 0.058 0.042
0 0.906 0.607 0.048 0.042
0 0.91 0.562 0.052 0.04
0 0.8 0.55 0.048 0.056
0 0.821 0.515 0.03 0.054
0 0.876 0.491 0.048 0.062
0 0.928 0.464 0.064 0.06
0 0.982 0.441 0.032 0.062
0 0.987 0.379 0.022 0.062
0 0.981 0.313 0.034 0.066
0 0.548 0.403 0.052 0.054
0 0.649 0.403 0.046 0.078
0 0.707 0.353 0.038 0.062
0 0.819 0.411 0.042 0.054
0 0.806 0.463 0.04 0.054
0 0.763 0.39 0.038 0.056
0 0.855 0.341 0.054 0.082
0 0.927 0.339 0.034 0.058
0 0.9 0.234 0.04 0.06
0 0.985 0.23 0.026 0.048
0 0.676 0.172 0.04 0.068
0 0.735 0.158 0.046 0.064
0 0.58 0.729 0.06 0.05
0 0.457 0.709 0.05 0.066
0 0.363 0.643 0.038 0.062
0 0.428 0.662 0.056 0.064
0 0.457 0.592 0.054 0.056
0 0.582 0.665 0.04 0.054
0 0.601 0.564 0.034 0.044
0 0.763 0.574 0.054 0.064
0 0.197 0.399 0.046 0.074
0 0.346 0.452 0.04 0.064
0 0.361 0.369 0.038 0.07
0 0.399 0.45 0.046 0.064
0 0.451 0.36 0.046 0.056
0 0.499 0.271 0.05 0.07
0 0.382 0.25 0.04 0.064
0 0.439 0.265 0.05 0.074
0 0.589 0.204 0.05 0.06
0 0.577 0.168 0.05 0.036
0 0.899 0.068 0.042 0.072
0 0.756 0.098 0.048 0.06
0 0.59 0.026 0.056 0.048
0 0.642 0.044 0.044 0.072
0 0.717 0.044 0.054 0.068
0 0.686 0.119 0.04 0.066
0 0.882 0.179 0.056 0.046
0 0.298 0.241 0.048 0.066
0 0.21 0.123 0.052 0.082
0 0.235 0.048 0.05 0.064
0 0.269 0.058 0.034 0.076
0 0.341 0.043 0.042 0.054
0 0.318 0.132 0.036 0.064
0 0.349 0.152 0.034 0.06
0 0.389 0.104 0.05 0.064
0 0.412 0.16 0.056 0.064
0 0.498 0.023 0.044 0.042
0 0.621 0.115 0.03 0.062
0 0.159 0.683 0.038 0.058
0 0.085 0.791 0.042 0.058
0 0.117 0.721 0.042 0.062
0 0.021 0.601 0.042 0.062
0 0.069 0.587 0.042 0.062
0 0.112 0.533 0.048 0.078
0 0.113 0.473 0.038 0.042
0 0.097 0.436 0.062 0.06
0 0.087 0.369 0.038 0.066
0 0.256 0.536 0.048 0.06
0 0.221 0.526 0.05 0.076
0 0.27 0.615 0.052 0.05
0 0.179 0.571 0.046 0.058
0 0.382 0.541 0.044 0.058
0 0.695 0.528 0.042 0.052
0 0.669 0.589 0.05 0.046
0 0.647 0.554 0.034 0.048
0 0.1 0.056 0.04 0.064
0 0.036 0.157 0.044 0.062
0 0.071 0.125 0.038 0.05
0 0.015 0.071 0.03 0.062
0 0.076 0.008 0.036 0.012
0 0.181 0.087 0.034 0.046
0 0.123 0.359 0.05 0.07
0 0.135 0.317 0.046 0.054
0 0.024 0.752 0.044 0.06
0 0.082 0.882 0.044 0.044
0 0.009 0.897 0.018 0.046
0 0.311 0.988 0.034 0.02
0 0.314 0.965 0.044 0.034
0 0.416 0.978 0.04 0.032
0 0.6 0.976 0.036 0.032
0 0.612 0.984 0.04 0.028
0 0.64 0.986 0.036 0.024
0 0.507 0.976 0.034 0.032
0 0.647 0.878 0.042 0.048
0 0.648 0.823 0.048 0.054
0 0.785 0.956 0.042 0.056
0 0.539 0.55 0.046 0.06
0 0.153 0.758 0.046 0.044
0 0.135 0.778 0.05 0.04
0 0.687 0.312 0.038 0.064
0 0.756 0.293 0.044 0.054
0 0.758 0.329 0.056 0.058
0 0.834 0.193 0.052 0.07
0 0.855 0.024 0.042 0.044
0 0.717 0.641 0.042 0.042
0 0.782 0.725 0.044 0.05
0 0.836 0.926 0.052 0.032
0 0.525 0.633 0.046 0.062
0 0.631 0.653 0.038 0.046
0 0.536 0.486 0.04 0.06
0 0.454 0.508 0.048 0.044
0 0.223 0.815 0.062 0.058
0 0.257 0.871 0.038 0.05
0 0.295 0.701 0.046 0.086
0 0.685 0.955 0.038 0.058
0 0.98 0.756 0.036 0.048
0 0.966 0.729 0.04 0.038
0 0.65 0.112 0.028 0.052
0 0.526 0.077 0.04 0.058
0 0.28 0.314 0.044 0.056
0 0.214 0.302 0.06 0.072
0 0.025 0.225 0.05 0.054
0 0.037 0.196 0.042 0.032
0 0.086 0.267 0.036 0.046
0 0.043 0.32 0.03 0.06
0 0.033 0.293 0.034 0.046
0 0.016 0.267 0.032 0.046
0 0.038 0.383 0.028 0.034
0 0.029 0.358 0.026 0.036
0 0.009 0.363 0.018 0.054
0 0.334 0.363 0.032 0.058
0 0.981 0.592 0.034 0.068
0 0.853 0.726 0.042 0.024
0 0.846 0.755 0.056 0.042
0 0.859 0.275 0.038 0.058
0 0.472 0.774 0.036 0.036
0 0.489 0.823 0.034 0.046
0 0.973 0.101 0.05 0.074
0 0.945 0.032 0.038 0.048
0 0.27 0.784 0.04 0.052
0 0.399 0.829 0.026 0.042
0 0.38 0.708 0.032 0.052
0 0.049 0.499 0.042 0.054
0 0.154 0.644 0.032 0.028
0 0.192 0.438 0.04 0.044
0 0.223 0.344 0.054 0.036
0 0.158 0.031 0.04 0.05
0 0.416 0.954 0.04 0.02
0 0.566 0.928 0.032 0.032
0 0.48 0.971 0.024 0.022
0 0.575 0.122 0.062 0.064
0 0.506 0.565 0.032 0.05
0 0.821 0.251 0.038 0.062
0 0.429 0.087 0.034 0.078
0 0.499 0.146 0.042 0.064
0 0.952 0.837 0.04 0.046
0 0.976 0.803 0.04 0.038
0 0.039 0.79 0.026 0.044
0 0.734 0.935 0.028 0.054
0 0.747 0.877 0.05 0.046
0 0.71 0.09 0.028 0.048
0 0.778 0.151 0.032 0.03
0 0.905 0.123 0.038 0.046
0 0.961 0.664 0.042 0.06
0 0.801 0.276 0.038 0.028
0 0.931 0.808 0.018 0.032
1 0.283 0.938 0.022 0.028
1 0.441 0.468 0.018 0.02
1 0.863 0.828 0.026 0.024
1 0.48 0.949 0.024 0.018
1 0.543 0.371 0.026 0.018
1 0.441 0.309 0.038 0.026
1 0.352 0.208 0.02 0.032
1 0.274 0.994 0.036 0.008
1 0.453 0.541 0.03 0.018
1 0.074 0.161 0.028 0.018
1 0.342 0.305 0.024 0.034
1 0.464 0.754 0.02 0.012
1 0.078 0.633 0.032 0.03
1 0.204 0.896 0.016 0.016
1 0.181 0.465 0.022 0.038
1 0.238 0.467 0.024 0.022
1 0.304 0.469 0.024 0.03
1 0.252 0.439 0.036 0.022
1 0.441 0.449 0.018 0.014
1 0.476 0.465 0.036 0.018
1 0.109 0.894 0.022 0.024
1 0.631 0.71 0.022 0.024
1 0.537 0.726 0.026 0.036
1 0.044 0.844 0.024 0.02
1 0.012 0.705 0.024 0.026
1 0.224 0.918 0.016 0.036
1 0.156 0.36 0.016 0.028
1 0.015 0.033 0.03 0.022
1 0.059 0.031 0.03 0.022
1 0.085 0.089 0.026 0.018
1 0.26 0.161 0.016 0.042
1 0.279 0.375 0.03 0.03
1 0.565 0.272 0.03 0.024
1 0.562 0.236 0.02 0.028
1 0.359 0.606 0.022 0.012
1 0.568 0.084 0.028 0.02
1 0.573 0.541 0.022 0.034
1 0.612 0.539 0.024 0.022
1 0.476 0.547 0.016 0.018
1 0.798 0.285 0.02 0.01
1 0.855 0.573 0.018 0.026
1 0.777 0.762 0.022 0.02
1 0.948 0.601 0.036 0.046
1 0.87 0.256 0.012 0.028
1 0.701 0.223 0.042 0.034
1 0.724 0.991 0.02 0.014
1 0.738 0.983 0.024 0.026
1 0.682 0.871 0.012 0.014
1 0.94 0.938 0.036 0.024
1 0.72 0.569 0.028 0.03
1 0.762 0.647 0.028 0.022
1 0.479 0.423 0.034 0.014
1 0.62 0.475 0.02 0.014
1 0.785 0.478 0.022 0.024
1 0.531 0.147 0.018 0.03
1 0.688 0.017 0.028 0.03
2 0.512 0.699 0.024 0.03
2 0.146 0.878 0.036 0.044
2 0.334 0.804 0.036 0.024
2 0.151 0.213 0.018 0.022
2 0.179 0.221 0.026 0.034
2 0.234 0.185 0.024 0.026
2 0.282 0.198 0.02 0.028
2 0.233 0.392 0.022 0.024
2 0.21 0.562 0.036 0.036
2 0.337 0.674 0.026 0.024
2 0.422 0.614 0.056 0.044
2 0.465 0.16 0.042 0.056
2 0.081 0.688 0.006 0.024
2 0.199 0.71 0.014 0.016
2 0.03 0.102 0.028 0.04
2 0.655 0.956 0.018 0.024
2 0.645 0.932 0.022 0.02
2 0.562 0.349 0.024 0.034
2 0.52 0.185 0.024 0.038
2 0.636 0.192 0.044 0.032
2 0.846 0.128 0.032 0.032
2 0.835 0.099 0.026 0.034
2 0.911 0.277 0.034 0.042
2 0.929 0.172 0.034 0.04
2 0.541 0.018 0.026 0.032
2 0.653 0.358 0.042 0.048
2 0.814 0.303 0.02 0.022
2 0.793 0.302 0.018 0.024
2 0.947 0.877 0.034 0.034
2 0.678 0.84 0.028 0.036
2 0.94 0.774 0.028 0.036
2 0.882 0.648 0.024 0.028
2 0.969 0.418 0.026 0.032