0 0.412 0.806 0.04 0.096
0 0.025 0.913 0.034 0.05
0 0.043 0.866 0.018 0.028
0 0.003 0.805 0.006 0.046
0 0.082 0.98 0.04 0.036
0 0.171 0.991 0.034 0.014
0 0.213 0.957 0.03 0.058
0 0.255 0.959 0.042 0.054
0 0.299 0.985 0.034 0.026
0 0.435 0.951 0.05 0.062
0 0.475 0.97 0.022 0.044
0 0.587 0.98 0.03 0.036
0 0.609 0.989 0.042 0.018
0 0.833 0.979 0.046 0.038
0 0.957 0.985 0.026 0.026
0 0.888 0.95 0.04 0.064
0 0.941 0.916 0.014 0.02
0 0.923 0.869 0.026 0.058
0 0.896 0.873 0.02 0.058
0 0.854 0.877 0.024 0.066
0 0.77 0.803 0.032 0.054
0 0.786 0.785 0.02 0.022
0 0.937 0.733 0.034 0.042
0 0.963 0.736 0.022 0.032
0 0.927 0.709 0.034 0.03
0 0.953 0.718 0.018 0.028
0 0.973 0.689 0.022 0.022
0 0.887 0.651 0.03 0.046
0 0.933 0.6 0.022 0.036
0 0.966 0.575 0.024 0.074
0 0.993 0.59 0.01 0.06
0 0.833 0.643 0.026 0.034
0 0.836 0.547 0.048 0.098
0 0.845 0.472 0.038 0.044
0 0.968 0.437 0.028 0.05
0 0.916 0.426 0.036 0.04
0 0.927 0.404 0.038 0.052
0 0.795 0.407 0.03 0.054
0 0.74 0.47 0.052 0.056
0 0.724 0.392 0.04 0.064
0 0.738 0.335 0.032 0.05
0 0.811 0.301 0.026 0.07
0 0.876 0.302 0.028 0.052
0 0.898 0.258 0.02 0.036
0 0.985 0.267 0.026 0.042
0 0.94 0.148 0.032 0.064
0 0.898 0.09 0.036 0.06
0 0.85 0.021 0.02 0.038
0 0.875 0.168 0.038 0.056
0 0.803 0.126 0.03 0.072
0 0.725 0.088 0.018 0.072
0 0.682 0.065 0.032 0.062
0 0.704 0.132 0.024 0.04
0 0.788 0.186 0.024 0.024
0 0.724 0.246 0.06 0.076
0 0.649 0.209 0.05 0.062
0 0.549 0.154 0.03 0.036
0 0.534 0.122 0.032 0.048
0 0.609 0.023 0.042 0.042
0 0.535 0.012 0.034 0.02
0 0.518 0.035 0.04 0.042
0 0.422 0.059 0.032 0.046
0 0.269 0.042 0.034 0.072
0 0.288 0.097 0.036 0.074
0 0.036 0.144 0.044 0.072
0 0.136 0.159 0.024 0.026
0 0.134 0.222 0.04 0.056
0 0.023 0.223 0.026 0.03
0 0.018 0.267 0.036 0.05
0 0.003 0.307 0.006 0.034
0 0.061 0.302 0.034 0.048
0 0.2 0.234 0.036 0.028
0 0.231 0.282 0.046 0.084
0 0.318 0.241 0.032 0.07
0 0.175 0.348 0.038 0.064
0 0.359 0.142 0.03 0.064
0 0.431 0.21 0.034 0.06
0 0.474 0.15 0.028 0.06
0 0.508 0.201 0.032 0.058
0 0.527 0.24 0.03 0.048
0 0.557 0.281 0.026 0.05
0 0.633 0.295 0.03 0.062
0 0.668 0.348 0.036 0.072
0 0.024 0.639 0.04 0.07
0 0.026 0.693 0.036 0.03
0 0.119 0.742 0.038 0.08
0 0.164 0.769 0.04 0.038
0 0.153 0.796 0.046 0.06
0 0.203 0.776 0.026 0.048
0 0.116 0.904 0.032 0.028
0 0.256 0.846 0.032 0.06
0 0.085 0.581 0.042 0.062
0 0.031 0.465 0.034 0.042
0 0.143 0.442 0.018 0.016
0 0.313 0.397 0.03 0.046
0 0.319 0.339 0.014 0.018
0 0.343 0.44 0.046 0.076
0 0.392 0.454 0.02 0.032
0 0.418 0.352 0.036 0.064
0 0.428 0.451 0.032 0.042
0 0.44 0.505 0.032 0.054
0 0.358 0.564 0.04 0.064
0 0.339 0.615 0.038 0.054
0 0.322 0.767 0.044 0.074
0 0.396 0.876 0.056 0.048
0 0.463 0.808 0.046 0.08
0 0.533 0.906 0.038 0.044
0 0.7 0.95 0.024 0.028
0 0.82 0.932 0.016 0.02
0 0.836 0.949 0.02 0.018
0 0.642 0.814 0.032 0.048
0 0.654 0.773 0.028 0.042
0 0.648 0.736 0.032 0.032
0 0.572 0.746 0.028 0.04
0 0.72 0.604 0.012 0.016
0 0.741 0.575 0.018 0.018
0 0.742 0.538 0.024 0.02
0 0.651 0.615 0.03 0.078
0 0.632 0.53 0.024 0.036
0 0.618 0.48 0.016 0.036
0 0.59 0.385 0.028 0.058
0 0.556 0.455 0.044 0.07
0 0.519 0.5 0.026 0.044
0 0.572 0.592 0.036 0.068
0 0.593 0.649 0.034 0.05
0 0.583 0.686 0.018 0.016
0 0.541 0.678 0.022 0.028
0 0.461 0.698 0.038 0.048
0 0.176 0.654 0.02 0.024
0 0.299 0.671 0.042 0.038
0 0.348 0.005 0.024 0.006
1 0.992 0.554 0.012 0.012
1 0.913 0.559 0.03 0.022
1 0.881 0.437 0.022 0.054
1 0.929 0.355 0.022 0.022
1 0.987 0.327 0.022 0.026
1 0.828 0.42 0.02 0.028
1 0.858 0.325 0.016 0.03
1 0.928 0.028 0.016 0.02
1 0.822 0.03 0.02 0.02
1 0.846 0.138 0.016 0.024
1 0.683 0.102 0.022 0.024
1 0.684 0.163 0.032 0.014
1 0.721 0.192 0.03 0.016
1 0.865 0.225 0.018 0.022
1 0.532 0.077 0.02 0.034
1 0.039 0.076 0.026 0.036
1 0.087 0.054 0.018 0.02
1 0.193 0.035 0.014 0.03
1 0.238 0.025 0.016 0.022
1 0.233 0.008 0.022 0.012
1 0.108 0.158 0.016 0.024
1 0.167 0.193 0.018 0.038
1 0.228 0.152 0.024 0.02
1 0.01 0.18 0.02 0.02
1 0.338 0.202 0.016 0.036
1 0.669 0.255 0.022 0.022
1 0.193 0.729 0.038 0.026
1 0.086 0.957 0.036 0.018
1 0.093 0.875 0.018 0.022
1 0.013 0.772 0.026 0.032
1 0.174 0.863 0.036 0.03
1 0.279 0.872 0.022 0.02
1 0.332 0.936 0.024 0.016
1 0.035 0.403 0.018 0.026
1 0.061 0.472 0.018 0.02
1 0.081 0.447 0.022 0.014
1 0.138 0.521 0.024 0.026
1 0.125 0.437 0.026 0.014
1 0.187 0.423 0.034 0.022
1 0.368 0.366 0.016 0.024
1 0.481 0.526 0.026 0.02
1 0.311 0.529 0.018 0.022
1 0.329 0.808 0.018 0.036
1 0.522 0.886 0.028 0.016
1 0.605 0.761 0.022 0.026
1 0.683 0.812 0.014 0.032
1 0.796 0.698 0.016 0.024
1 0.738 0.619 0.024 0.018
1 0.128 0.63 0.028 0.02
1 0.467 0.599 0.014 0.026
1 0.478 0.381 0.016 0.018
1 0.545 0.364 0.018 0.032
1 0.106 0.05 0.012 0.024
1 0.32 0.021 0.016 0.014
1 0.444 0.056 0.012 0.016
2 0.441 0.626 0.03 0.088
2 0.131 0.833 0.014 0.018
2 0.208 0.835 0.008 0.01
2 0.645 0.969 0.018 0.018
2 0.588 0.879 0.02 0.018
2 0.741 0.834 0.018 0.04
2 0.365 0.834 0.01 0.044
2 0.749 0.639 0.026 0.034
2 0.748 0.689 0.024 0.014
2 0.813 0.728 0.014 0.016
2 0.434 0.398 0.02 0.032
2 0.123 0.469 0.026 0.026
2 0.195 0.078 0.006 0.02
2 0.165 0.105 0.01 0.014
2 0.351 0.351 0.018 0.01
2 0.389 0.371 0.006 0.014
2 0.443 0.122 0.022 0.032
2 0.418 0.123 0.02 0.026
2 0.561 0.005 0.022 0.006
2 0.373 0.178 0.014 0.02
2 0.252 0.175 0.012 0.01
2 0.229 0.174 0.01 0.004
2 0.468 0.347 0.012 0.018
2 0.487 0.357 0.006 0.022
2 0.875 0.404 0.01 0.024
2 0.957 0.478 0.014 0.02
2 0.732 0.794 0.016 0.02
2 0.799 0.963 0.018 0.014