0 0.946 0.375 0.036 0.058
0 0.92 0.171 0.028 0.042
0 0.904 0.217 0.032 0.054
0 0.872 0.219 0.044 0.058
0 0.841 0.172 0.046 0.052
0 0.833 0.23 0.03 0.052
0 0.746 0.19 0.044 0.068
0 0.727 0.15 0.03 0.048
0 0.698 0.147 0.032 0.054
0 0.939 0.059 0.03 0.042
0 0.892 0.041 0.032 0.046
0 0.834 0.026 0.032 0.048
0 0.825 0.063 0.026 0.038
0 0.78 0.063 0.04 0.042
0 0.764 0.107 0.04 0.042
0 0.714 0.026 0.036 0.04
0 0.673 0.037 0.038 0.054
0 0.972 0.245 0.048 0.07
0 0.93 0.303 0.036 0.058
0 0.881 0.292 0.038 0.06
0 0.765 0.287 0.034 0.058
0 0.769 0.244 0.022 0.028
0 0.657 0.127 0.054 0.066
0 0.595 0.085 0.046 0.074
0 0.534 0.076 0.044 0.068
0 0.518 0.031 0.032 0.038
0 0.479 0.044 0.03 0.024
0 0.497 0.132 0.05 0.036
0 0.622 0.225 0.04 0.066
0 0.557 0.269 0.042 0.062
0 0.534 0.228 0.032 0.056
0 0.494 0.188 0.04 0.068
0 0.438 0.155 0.032 0.05
0 0.413 0.152 0.038 0.052
0 0.433 0.2 0.03 0.044
0 0.38 0.209 0.048 0.074
0 0.314 0.246 0.04 0.076
0 0.348 0.279 0.044 0.058
0 0.704 0.352 0.044 0.064
0 0.68 0.307 0.032 0.062
0 0.652 0.349 0.036 0.05
0 0.659 0.293 0.042 0.046
0 0.643 0.294 0.03 0.06
0 0.382 0.054 0.032 0.052
0 0.344 0.082 0.036 0.056
0 0.295 0.105 0.038 0.046
0 0.298 0.048 0.04 0.064
0 0.217 0.028 0.034 0.056
0 0.136 0.092 0.032 0.06
0 0.063 0.057 0.034 0.054
0 0.105 0.084 0.026 0.044
0 0.219 0.194 0.038 0.048
0 0.186 0.23 0.036 0.052
0 0.15 0.2 0.04 0.056
0 0.167 0.117 0.034 0.042
0 0.234 0.269 0.032 0.042
0 0.158 0.294 0.04 0.068
0 0.104 0.246 0.028 0.036
0 0.099 0.28 0.042 0.052
0 0.024 0.309 0.04 0.058
0 0.077 0.373 0.042 0.066
0 0.146 0.381 0.036 0.066
0 0.135 0.343 0.046 0.05
0 0.03 0.414 0.04 0.068
0 0.495 0.341 0.046 0.054
0 0.423 0.332 0.042 0.08
0 0.384 0.351 0.036 0.054
0 0.414 0.443 0.036 0.058
0 0.385 0.459 0.038 0.07
0 0.337 0.455 0.038 0.082
0 0.284 0.451 0.032 0.086
0 0.243 0.414 0.038 0.076
0 0.195 0.449 0.03 0.054
0 0.67 0.501 0.048 0.078
0 0.622 0.466 0.04 0.052
0 0.548 0.439 0.048 0.07
0 0.472 0.456 0.044 0.088
0 0.442 0.541 0.036 0.054
0 0.423 0.505 0.038 0.046
0 0.593 0.372 0.034 0.052
0 0.885 0.465 0.034 0.05
0 0.824 0.455 0.036 0.05
0 0.855 0.367 0.042 0.042
0 0.745 0.414 0.034 0.056
0 0.766 0.462 0.036 0.064
0 0.944 0.525 0.036 0.05
0 0.857 0.503 0.038 0.066
0 0.915 0.637 0.038 0.086
0 0.874 0.579 0.036 0.042
0 0.96 0.743 0.04 0.098
0 0.976 0.659 0.028 0.038
0 0.79 0.658 0.044 0.072
0 0.768 0.613 0.04 0.07
0 0.726 0.622 0.04 0.076
0 0.698 0.623 0.02 0.046
0 0.667 0.653 0.03 0.046
0 0.869 0.788 0.05 0.08
0 0.834 0.74 0.036 0.044
0 0.83 0.793 0.024 0.05
0 0.784 0.761 0.032 0.046
0 0.56 0.58 0.052 0.056
0 0.539 0.59 0.042 0.064
0 0.593 0.642 0.042 0.08
0 0.583 0.69 0.026 0.036
0 0.798 0.868 0.056 0.088
0 0.702 0.833 0.052 0.122
0 0.673 0.835 0.03 0.07
0 0.661 0.73 0.05 0.06
0 0.015 0.094 0.026 0.04
0 0.86 0.937 0.044 0.05
0 0.765 0.921 0.03 0.042
0 0.939 0.919 0.03 0.058
0 0.696 0.964 0.052 0.048
0 0.544 0.868 0.044 0.076
0 0.565 0.817 0.034 0.054
0 0.552 0.77 0.032 0.044
0 0.559 0.969 0.042 0.058
0 0.541 0.942 0.03 0.032
0 0.535 0.989 0.018 0.018
0 0.487 0.939 0.022 0.038
0 0.461 0.853 0.03 0.066
0 0.374 0.869 0.048 0.07
0 0.298 0.899 0.036 0.07
0 0.471 0.736 0.03 0.052
0 0.493 0.775 0.026 0.042
0 0.427 0.761 0.03 0.062
0 0.382 0.734 0.044 0.048
0 0.337 0.747 0.034 0.07
0 0.437 0.594 0.026 0.032
0 0.356 0.62 0.032 0.06
0 0.283 0.583 0.03 0.034
0 0.247 0.573 0.034 0.05
0 0.242 0.602 0.036 0.04
0 0.231 0.629 0.03 0.046
0 0.314 0.515 0.04 0.054
0 0.18 0.528 0.04 0.056
0 0.134 0.522 0.032 0.056
0 0.033 0.564 0.034 0.052
0 0.043 0.654 0.046 0.052
0 0.024 0.689 0.04 0.038
0 0.054 0.735 0.056 0.05
0 0.275 0.779 0.034 0.042
0 0.223 0.739 0.034 0.046
0 0.157 0.713 0.026 0.038
0 0.175 0.955 0.054 0.086
0 0.045 0.886 0.038 0.036
0 0.061 0.931 0.034 0.046
0 0.08 0.978 0.036 0.04
0 0.105 0.963 0.034 0.046
0 0.116 0.932 0.04 0.032
0 0.14 0.842 0.028 0.036
1 0.812 0.03 0.008 0.012
1 0.986 0.215 0.02 0.034
1 0.961 0.177 0.022 0.026
1 0.467 0.074 0.022 0.024
1 0.495 0.108 0.03 0.036
1 0.652 0.216 0.02 0.024
1 0.315 0.07 0.018 0.02
1 0.202 0.161 0.02 0.026
1 0.129 0.025 0.03 0.018
1 0.173 0.087 0.018 0.026
1 0.049 0.124 0.022 0.02
1 0.018 0.12 0.02 0.016
1 0.247 0.251 0.01 0.014
1 0.034 0.195 0.024 0.018
1 0.638 0.393 0.02 0.03
1 0.876 0.423 0.016 0.022
1 0.84 0.405 0.028 0.026
1 0.743 0.462 0.014 0.028
1 0.723 0.27 0.022 0.036
1 0.938 0.496 0.024 0.024
1 0.834 0.51 0.016 0.02
1 0.751 0.544 0.022 0.032
1 0.922 0.76 0.016 0.02
1 0.894 0.756 0.024 0.02
1 0.914 0.734 0.028 0.024
1 0.886 0.721 0.02 0.038
1 0.866 0.713 0.016 0.03
1 0.841 0.587 0.018 0.022
1 0.789 0.612 0.018 0.032
1 0.763 0.782 0.018 0.02
1 0.935 0.825 0.026 0.026
1 0.59 0.527 0.016 0.018
1 0.555 0.527 0.014 0.018
1 0.504 0.54 0.024 0.028
1 0.759 0.847 0.018 0.014
1 0.537 0.142 0.018 0.02
1 0.218 0.104 0.02 0.02
1 0.244 0.176 0.016 0.028
1 0.285 0.388 0.018 0.02
1 0.102 0.32 0.02 0.024
1 0.795 0.945 0.022 0.03
1 0.968 0.938 0.016 0.02
1 0.761 0.986 0.018 0.024
1 0.621 0.835 0.022 0.03
1 0.502 0.891 0.02 0.026
1 0.335 0.902 0.026 0.036
1 0.349 0.969 0.018 0.026
1 0.586 0.761 0.016 0.014
1 0.552 0.715 0.02 0.022
1 0.329 0.616 0.01 0.028
1 0.276 0.662 0.02 0.024
1 0.198 0.657 0.016 0.03
1 0.364 0.682 0.008 0.012
1 0.356 0.686 0.008 0.016
1 0.087 0.563 0.026 0.034
1 0.06 0.526 0.02 0.02
1 0.184 0.755 0.024 0.026
1 0.166 0.767 0.024 0.03
1 0.158 0.905 0.032 0.022
1 0.104 0.868 0.016 0.024
1 0.079 0.869 0.022 0.026
1 0.013 0.985 0.022 0.026
1 0.015 0.783 0.014 0.018
1 0.122 0.649 0.016 0.022
1 0.086 0.63 0.02 0.032
1 0.229 0.952 0.022 0.016
1 0.221 0.928 0.03 0.028
1 0.072 0.463 0.012 0.042
1 0.308 0.797 0.012 0.022
1 0.29 0.83 0.016 0.016
1 0.082 0.763 0.016 0.018
2 0.198 0.069 0.032 0.026
2 0.803 0.381 0.034 0.042
2 0.943 0.567 0.022 0.022
2 0.686 0.707 0.024 0.026
2 0.618 0.167 0.024 0.018
2 0.449 0.255 0.014 0.022
2 0.502 0.406 0.028 0.044
2 0.932 0.979 0.016 0.034
2 0.915 0.97 0.014 0.016
2 0.594 0.797 0.012 0.018
2 0.555 0.684 0.026 0.024
2 0.533 0.656 0.03 0.04
2 0.049 0.779 0.01 0.018
2 0.063 0.788 0.018 0.016
2 0.271 0.915 0.018 0.022
2 0.019 0.45 0.014 0.012
2 0.237 0.819 0.022 0.03