0 0.963 0.006 0.05 0.012
0 0.892 0.018 0.04 0.036
0 0.989 0.098 0.018 0.04
0 0.956 0.056 0.04 0.028
0 0.955 0.111 0.034 0.05
0 0.922 0.123 0.036 0.042
0 0.914 0.164 0.024 0.016
0 0.915 0.181 0.038 0.022
0 0.918 0.204 0.036 0.028
0 0.885 0.205 0.03 0.054
0 0.833 0.018 0.038 0.036
0 0.774 0.017 0.036 0.034
0 0.703 0.034 0.038 0.036
0 0.849 0.098 0.026 0.02
0 0.988 0.28 0.02 0.044
0 0.98 0.314 0.028 0.048
0 0.858 0.233 0.028 0.022
0 0.601 0.015 0.038 0.026
0 0.582 0.003 0.016 0.006
0 0.527 0.013 0.042 0.026
0 0.462 0.007 0.04 0.014
0 0.419 0.018 0.038 0.036
0 0.487 0.04 0.046 0.036
0 0.99 0.458 0.016 0.048
0 0.958 0.522 0.032 0.032
0 0.957 0.552 0.03 0.04
0 0.903 0.333 0.014 0.018
0 0.917 0.355 0.03 0.03
0 0.921 0.403 0.038 0.03
0 0.926 0.431 0.044 0.042
0 0.915 0.452 0.042 0.048
0 0.861 0.413 0.034 0.046
0 0.937 0.575 0.03 0.03
0 0.913 0.589 0.03 0.038
0 0.915 0.61 0.022 0.02
0 0.899 0.566 0.026 0.028
0 0.899 0.546 0.03 0.024
0 0.895 0.534 0.018 0.02
0 0.893 0.52 0.014 0.028
0 0.881 0.523 0.01 0.03
0 0.871 0.478 0.018 0.024
0 0.884 0.499 0.016 0.018
0 0.869 0.507 0.01 0.014
0 0.992 0.685 0.012 0.026
0 0.871 0.645 0.034 0.058
0 0.882 0.683 0.04 0.042
0 0.931 0.72 0.046 0.076
0 0.961 0.779 0.03 0.054
0 0.987 0.797 0.022 0.058
0 0.989 0.835 0.018 0.026
0 0.92 0.817 0.04 0.058
0 0.963 0.925 0.026 0.03
0 0.952 0.969 0.032 0.058
0 0.886 0.856 0.036 0.068
0 0.904 0.903 0.032 0.062
0 0.875 0.937 0.022 0.046
0 0.867 0.925 0.022 0.026
0 0.849 0.911 0.03 0.05
0 0.839 0.953 0.038 0.042
0 0.66 0.983 0.036 0.03
0 0.64 0.989 0.032 0.018
0 0.596 0.98 0.036 0.036
0 0.713 0.932 0.034 0.04
0 0.756 0.874 0.012 0.032
0 0.69 0.879 0.032 0.026
0 0.572 0.853 0.028 0.038
0 0.554 0.802 0.048 0.052
0 0.545 0.951 0.03 0.054
0 0.51 0.93 0.032 0.044
0 0.512 0.881 0.036 0.046
0 0.441 0.898 0.022 0.024
0 0.401 0.897 0.038 0.042
0 0.45 0.986 0.04 0.024
0 0.47 0.968 0.028 0.024
0 0.385 0.98 0.042 0.036
0 0.357 0.942 0.03 0.048
0 0.333 0.842 0.034 0.04
0 0.335 0.878 0.018 0.016
0 0.277 0.875 0.038 0.054
0 0.26 0.955 0.032 0.058
0 0.173 0.899 0.042 0.062
0 0.121 0.919 0.034 0.046
0 0.114 0.88 0.028 0.044
0 0.02 0.892 0.036 0.048
0 0.056 0.991 0.036 0.014
0 0.052 0.775 0.036 0.05
0 0.117 0.789 0.034 0.042
0 0.155 0.825 0.05 0.042
0 0.313 0.773 0.026 0.038
0 0.326 0.789 0.024 0.026
0 0.242 0.766 0.04 0.056
0 0.118 0.719 0.04 0.054
0 0.081 0.687 0.034 0.022
0 0.08 0.658 0.032 0.028
0 0.009 0.648 0.014 0.036
0 0.311 0.024 0.034 0.04
0 0.253 0.011 0.03 0.022
0 0.232 0.01 0.02 0.02
0 0.328 0.065 0.032 0.034
0 0.434 0.079 0.036 0.042
0 0.482 0.1 0.024 0.028
0 0.606 0.047 0.04 0.038
0 0.614 0.071 0.036 0.03
0 0.665 0.087 0.034 0.038
0 0.699 0.102 0.042 0.052
0 0.713 0.158 0.026 0.02
0 0.716 0.202 0.04 0.052
0 0.015 0.525 0.026 0.066
0 0.095 0.567 0.038 0.058
0 0.195 0.592 0.046 0.036
0 0.203 0.613 0.034 0.026
0 0.162 0.603 0.036 0.058
0 0.146 0.632 0.036 0.06
0 0.267 0.702 0.03 0.048
0 0.33 0.675 0.036 0.058
0 0.373 0.719 0.038 0.058
0 0.794 0.776 0.036 0.044
0 0.79 0.745 0.024 0.03
0 0.736 0.765 0.048 0.054
0 0.803 0.678 0.042 0.056
0 0.734 0.694 0.044 0.064
0 0.683 0.715 0.03 0.054
0 0.655 0.686 0.03 0.048
0 0.646 0.654 0.028 0.024
0 0.642 0.614 0.04 0.052
0 0.722 0.59 0.032 0.052
0 0.701 0.586 0.014 0.032
0 0.618 0.764 0.036 0.056
0 0.574 0.724 0.032 0.048
0 0.638 0.729 0.036 0.046
0 0.622 0.707 0.04 0.046
0 0.518 0.723 0.028 0.03
0 0.432 0.698 0.028 0.044
0 0.452 0.675 0.04 0.062
0 0.413 0.634 0.038 0.052
0 0.368 0.608 0.044 0.052
0 0.371 0.668 0.042 0.028
0 0.327 0.577 0.034 0.054
0 0.324 0.613 0.016 0.022
0 0.802 0.565 0.04 0.078
0 0.82 0.525 0.016 0.038
0 0.804 0.515 0.02 0.042
0 0.795 0.494 0.026 0.028
0 0.733 0.531 0.034 0.062
0 0.738 0.483 0.024 0.042
0 0.719 0.459 0.03 0.062
0 0.826 0.303 0.032 0.042
0 0.792 0.287 0.036 0.034
0 0.739 0.266 0.038 0.044
0 0.645 0.281 0.038 0.042
0 0.631 0.202 0.038 0.048
0 0.616 0.15 0.04 0.044
0 0.549 0.18 0.026 0.036
0 0.535 0.154 0.05 0.056
0 0.545 0.214 0.042 0.044
0 0.521 0.252 0.034 0.044
0 0.449 0.203 0.05 0.062
0 0.409 0.15 0.042 0.044
0 0.409 0.176 0.046 0.028
0 0.39 0.138 0.016 0.028
0 0.37 0.145 0.024 0.034
0 0.304 0.148 0.048 0.036
0 0.325 0.162 0.03 0.024
0 0.261 0.102 0.034 0.044
0 0.236 0.054 0.04 0.04
0 0.214 0.038 0.044 0.028
0 0.209 0.014 0.018 0.02
0 0.039 0.095 0.018 0.018
0 0.077 0.097 0.022 0.018
0 0.103 0.1 0.03 0.028
0 0.708 0.366 0.04 0.044
0 0.669 0.362 0.03 0.044
0 0.676 0.418 0.044 0.044
0 0.671 0.445 0.038 0.05
0 0.631 0.449 0.03 0.034
0 0.639 0.47 0.034 0.028
0 0.639 0.491 0.026 0.026
0 0.607 0.552 0.038 0.052
0 0.572 0.413 0.044 0.062
0 0.606 0.308 0.032 0.028
0 0.519 0.333 0.038 0.046
0 0.478 0.353 0.036 0.038
0 0.544 0.604 0.056 0.056
0 0.554 0.567 0.036 0.046
0 0.53 0.462 0.036 0.044
0 0.488 0.449 0.032 0.046
0 0.46 0.464 0.048 0.064
0 0.456 0.586 0.036 0.072
0 0.431 0.502 0.046 0.052
0 0.391 0.473 0.042 0.074
0 0.364 0.434 0.032 0.044
0 0.353 0.376 0.042 0.056
0 0.346 0.325 0.036 0.062
0 0.313 0.332 0.03 0.044
0 0.392 0.323 0.036 0.058
0 0.378 0.256 0.04 0.052
0 0.312 0.272 0.04 0.04
0 0.287 0.207 0.042 0.05
0 0.308 0.46 0.044 0.048
0 0.273 0.458 0.026 0.028
0 0.384 0.546 0.036 0.036
0 0.251 0.53 0.038 0.032
0 0.234 0.453 0.064 0.058
0 0.019 0.376 0.034 0.056
0 0.078 0.389 0.04 0.034
0 0.092 0.403 0.028 0.026
0 0.142 0.394 0.04 0.056
0 0.198 0.378 0.036 0.04
0 0.01 0.308 0.016 0.048
0 0.149 0.284 0.042 0.04
0 0.255 0.298 0.05 0.052
0 0.283 0.329 0.026 0.03
0 0.225 0.316 0.014 0.016
0 0.116 0.252 0.048 0.04
0 0.145 0.226 0.03 0.032
0 0.083 0.241 0.034 0.054
0 0.09 0.196 0.04 0.036
0 0.105 0.16 0.038 0.044
0 0.159 0.17 0.022 0.032
0 0.218 0.171 0.048 0.05
0 0.196 0.194 0.044 0.056
0 0.204 0.114 0.028 0.024
0 0.173 0.148 0.046 0.02
0 0.171 0.123 0.038 0.038
0 0.643 0.398 0.038 0.048
1 0.973 0.022 0.03 0.016
1 0.933 0.069 0.01 0.01
1 0.864 0.106 0.016 0.012
1 0.854 0.12 0.02 0.016
1 0.967 0.293 0.01 0.018
1 0.883 0.299 0.01 0.026
1 0.831 0.245 0.022 0.014
1 0.806 0.201 0.02 0.014
1 0.799 0.209 0.01 0.006
1 0.652 0.015 0.024 0.018
1 0.874 0.361 0.016 0.026
1 0.919 0.377 0.03 0.018
1 0.872 0.497 0.008 0.014
1 0.924 0.656 0.024 0.016
1 0.996 0.703 0.004 0.022
1 0.84 0.658 0.02 0.024
1 0.966 0.815 0.024 0.018
1 0.975 0.909 0.014 0.026
1 0.954 0.906 0.012 0.016
1 0.958 0.884 0.016 0.02
1 0.925 0.945 0.018 0.034
1 0.904 0.948 0.016 0.024
1 0.841 0.875 0.006 0.006
1 0.803 0.962 0.014 0.012
1 0.8 0.977 0.012 0.014
1 0.73 0.96 0.012 0.024
1 0.714 0.961 0.012 0.018
1 0.778 0.878 0.02 0.036
1 0.741 0.875 0.018 0.018
1 0.743 0.857 0.01 0.022
1 0.679 0.855 0.018 0.026
1 0.715 0.862 0.006 0.008
1 0.559 0.925 0.022 0.026
1 0.458 0.883 0.016 0.014
1 0.43 0.881 0.02 0.022
1 0.396 0.856 0.024 0.016
1 0.462 0.82 0.024 0.032
1 0.335 0.864 0.026 0.02
1 0.223 0.927 0.022 0.022
1 0.207 0.961 0.014 0.01
1 0.299 0.994 0.022 0.008
1 0.173 0.99 0.01 0.016
1 0.131 0.861 0.018 0.022
1 0.014 0.801 0.024 0.026
1 0.287 0.832 0.018 0.016
1 0.175 0.691 0.022 0.018
1 0.02 0.606 0.012 0.016
1 0.031 0.608 0.018 0.016
1 0.412 0.061 0.016 0.018
1 0.585 0.065 0.022 0.018
1 0.735 0.132 0.022 0.016
1 0.708 0.14 0.02 0.016
1 0.189 0.642 0.03 0.028
1 0.246 0.69 0.012 0.028
1 0.303 0.655 0.018 0.03
1 0.795 0.803 0.022 0.022
1 0.664 0.677 0.02 0.026
1 0.627 0.649 0.01 0.014
1 0.603 0.666 0.03 0.02
1 0.481 0.756 0.018 0.024
1 0.459 0.761 0.014 0.01
1 0.293 0.592 0.018 0.04
1 0.3 0.608 0.016 0.024
1 0.825 0.501 0.018 0.022
1 0.834 0.521 0.008 0.014
1 0.684 0.234 0.028 0.036
1 0.16 0.067 0.016 0.026
1 0.72 0.397 0.02 0.014
1 0.544 0.434 0.024 0.028
1 0.604 0.33 0.028 0.016
1 0.439 0.431 0.022 0.01
1 0.5 0.581 0.024 0.03
1 0.517 0.661 0.022 0.014
1 0.425 0.385 0.014 0.03
1 0.257 0.252 0.022 0.036
1 0.222 0.263 0.024 0.022
1 0.134 0.508 0.036 0.024
1 0.242 0.361 0.02 0.026
1 0.248 0.38 0.024 0.012
1 0.134 0.332 0.02 0.016
1 0.296 0.382 0.028 0.028
1 0.172 0.244 0.016 0.04
1 0.116 0.048 0.032 0.016
1 0.448 0.299 0.012 0.014
1 0.454 0.326 0.016 0.016
1 0.65 0.83 0.024 0.024
1 0.097 0.125 0.03 0.018
1 0.443 0.728 0.018 0.012
1 0.515 0.995 0.018 0.006
2 0.979 0.167 0.026 0.022
2 0.997 0.613 0.002 0.022
2 0.992 0.86 0.012 0.028
2 0.704 0.855 0.012 0.018
2 0.302 0.915 0.028 0.046
2 0.086 0.924 0.032 0.076
2 0.119 0.823 0.018 0.03
2 0.029 0.639 0.018 0.03
2 0.218 0.649 0.024 0.022
2 0.013 0.753 0.022 0.022
2 0.778 0.343 0.044 0.058
2 0.584 0.483 0.036 0.062
2 0.513 0.355 0.03 0.034
2 0.302 0.247 0.016 0.018
2 0.145 0.559 0.034 0.026
2 0.091 0.455 0.038 0.03
2 0.029 0.278 0.034 0.02
2 0.3 0.299 0.02 0.018
2 0.035 0.161 0.018 0.022
2 0.4 0.09 0.02 0.024
2 0.127 0.01 0.014 0.02
2 0.014 0.152 0.024 0.02
2 0.735 0.894 0.01 0.016
2 0.747 0.817 0.018 0.018
2 0.537 0.692 0.022 0.028
2 0.186 0.09 0.016 0.024
2 0.18 0.111 0.016 0.022
2 0.292 0.531 0.012 0.026
2 0.687 0.326 0.022 0.016