0 0.477 0.167 0.038 0.05
0 0.75 0.495 0.04 0.058
0 0.829 0.96 0.046 0.06
0 0.783 0.888 0.034 0.048
0 0.984 0.936 0.028 0.044
0 0.916 0.747 0.056 0.058
0 0.947 0.806 0.03 0.064
0 0.923 0.852 0.018 0.024
0 0.806 0.8 0.048 0.052
0 0.74 0.774 0.04 0.092
0 0.616 0.917 0.04 0.074
0 0.641 0.907 0.038 0.054
0 0.601 0.894 0.042 0.08
0 0.51 0.948 0.052 0.04
0 0.485 0.981 0.046 0.034
0 0.38 0.976 0.04 0.044
0 0.34 0.984 0.036 0.028
0 0.233 0.973 0.046 0.05
0 0.307 0.94 0.026 0.032
0 0.296 0.984 0.024 0.028
0 0.298 0.939 0.028 0.054
0 0.356 0.818 0.044 0.096
0 0.462 0.733 0.052 0.066
0 0.401 0.751 0.062 0.074
0 0.389 0.834 0.03 0.036
0 0.518 0.886 0.032 0.048
0 0.543 0.859 0.03 0.042
0 0.606 0.824 0.028 0.044
0 0.7 0.822 0.028 0.032
0 0.665 0.854 0.022 0.028
0 0.706 0.783 0.028 0.05
0 0.799 0.72 0.03 0.068
0 0.737 0.681 0.026 0.038
0 0.779 0.603 0.046 0.054
0 0.694 0.567 0.048 0.074
0 0.677 0.648 0.03 0.036
0 0.667 0.621 0.03 0.03
0 0.662 0.705 0.032 0.038
0 0.637 0.74 0.014 0.028
0 0.654 0.743 0.024 0.026
0 0.488 0.692 0.04 0.056
0 0.451 0.653 0.038 0.066
0 0.491 0.601 0.046 0.058
0 0.579 0.694 0.018 0.044
0 0.426 0.837 0.028 0.042
0 0.502 0.879 0.02 0.038
0 0.239 0.531 0.046 0.07
0 0.957 0.112 0.042 0.056
0 0.92 0.008 0.032 0.016
0 0.901 0.087 0.034 0.058
0 0.847 0.086 0.042 0.064
0 0.749 0.108 0.038 0.048
0 0.642 0.037 0.036 0.038
0 0.575 0.037 0.038 0.038
0 0.543 0.023 0.03 0.042
0 0.389 0.035 0.042 0.046
0 0.254 0.013 0.036 0.026
0 0.218 0.017 0.032 0.034
0 0.261 0.06 0.03 0.036
0 0.292 0.076 0.028 0.036
0 0.223 0.083 0.034 0.042
0 0.181 0.085 0.042 0.042
0 0.092 0.074 0.048 0.04
0 0.074 0.012 0.036 0.024
0 0.075 0.19 0.046 0.06
0 0.045 0.235 0.042 0.046
0 0.173 0.132 0.038 0.036
0 0.142 0.206 0.044 0.076
0 0.197 0.221 0.038 0.078
0 0.17 0.205 0.024 0.058
0 0.2 0.311 0.036 0.066
0 0.253 0.347 0.038 0.046
0 0.272 0.393 0.048 0.078
0 0.152 0.338 0.044 0.048
0 0.126 0.337 0.032 0.066
0 0.069 0.329 0.038 0.054
0 0.149 0.426 0.038 0.056
0 0.09 0.429 0.048 0.07
0 0.029 0.459 0.042 0.05
0 0.121 0.478 0.042 0.056
0 0.185 0.549 0.042 0.046
0 0.305 0.517 0.034 0.062
0 0.384 0.519 0.052 0.074
0 0.433 0.489 0.042 0.034
0 0.29 0.132 0.036 0.056
0 0.38 0.123 0.028 0.042
0 0.479 0.101 0.05 0.046
0 0.287 0.24 0.042 0.064
0 0.401 0.266 0.042 0.068
0 0.532 0.143 0.032 0.054
0 0.551 0.169 0.042 0.058
0 0.528 0.247 0.044 0.062
0 0.626 0.07 0.04 0.044
0 0.683 0.119 0.042 0.038
0 0.806 0.172 0.048 0.056
0 0.983 0.27 0.03 0.052
0 0.847 0.301 0.046 0.066
0 0.983 0.319 0.03 0.034
0 0.983 0.152 0.03 0.04
0 0.963 0.424 0.054 0.064
0 0.746 0.329 0.044 0.066
0 0.769 0.347 0.034 0.042
0 0.895 0.398 0.05 0.044
0 0.923 0.613 0.046 0.034
0 0.985 0.62 0.026 0.044
0 0.532 0.391 0.04 0.054
0 0.444 0.36 0.052 0.068
0 0.424 0.409 0.048 0.054
0 0.879 0.688 0.03 0.036
0 0.167 0.618 0.034 0.056
0 0.224 0.647 0.032 0.042
0 0.299 0.684 0.038 0.04
0 0.015 0.843 0.026 0.058
0 0.053 0.85 0.034 0.068
0 0.069 0.905 0.038 0.05
0 0.071 0.619 0.038 0.042
0 0.936 0.509 0.048 0.05
0 0.547 0.33 0.022 0.016
0 0.531 0.341 0.026 0.022
0 0.522 0.481 0.032 0.026
0 0.297 0.589 0.026 0.034
0 0.682 0.433 0.044 0.05
0 0.643 0.284 0.038 0.036
0 0.286 0.832 0.024 0.036
0 0.091 0.815 0.05 0.086
0 0.34 0.705 0.02 0.034
0 0.073 0.68 0.026 0.02
0 0.066 0.742 0.02 0.032
0 0.037 0.756 0.026 0.024
0 0.112 0.986 0.02 0.024
0 0.63 0.471 0.02 0.038
0 0.56 0.533 0.016 0.042
0 0.576 0.587 0.032 0.026
0 0.576 0.607 0.02 0.014
0 0.526 0.524 0.016 0.02
0 0.53 0.501 0.02 0.022
0 0.644 0.379 0.028 0.038
0 0.614 0.33 0.016 0.036
0 0.703 0.275 0.022 0.046
0 0.487 0.135 0.046 0.038
0 0.006 0.567 0.008 0.046
0 0.126 0.604 0.024 0.036
0 0.12 0.578 0.016 0.028
0 0.126 0.939 0.02 0.026
0 0.116 0.957 0.012 0.022
0 0.901 0.795 0.026 0.034
0 0.982 0.703 0.032 0.034
0 0.994 0.664 0.008 0.052
0 0.977 0.651 0.034 0.022
0 0.86 0.471 0.02 0.026
0 0.816 0.006 0.032 0.012
0 0.674 0.044 0.048 0.056
1 0.54 0.705 0.02 0.018
1 0.46 0.28 0.016 0.024
1 0.61 0.536 0.02 0.024
1 0.991 0.831 0.014 0.022
1 0.33 0.924 0.02 0.016
1 0.434 0.873 0.016 0.018
1 0.504 0.36 0.02 0.012
1 0.209 0.779 0.014 0.022
1 0.087 0.678 0.014 0.012
1 0.686 0.533 0.016 0.022
1 0.032 0.101 0.012 0.014
1 0.037 0.085 0.018 0.018
1 0.045 0.266 0.018 0.02
1 0.029 0.416 0.018 0.02
1 0.155 0.367 0.022 0.014
1 0.115 0.511 0.022 0.018
1 0.196 0.913 0.012 0.014
1 0.992 0.756 0.012 0.028
1 0.955 0.7 0.018 0.02
1 0.917 0.658 0.022 0.016
1 0.863 0.622 0.022 0.024
1 0.853 0.334 0.018 0.02
1 0.914 0.293 0.028 0.022
1 0.695 0.061 0.014 0.018
1 0.83 0.887 0.016 0.026
1 0.295 0.313 0.01 0.01
2 0.498 0.632 0.036 0.024
2 0.967 0.974 0.034 0.048
2 0.695 0.636 0.026 0.044
2 0.54 0.723 0.024 0.026
2 0.717 0.928 0.022 0.032
2 0.717 0.96 0.022 0.028
2 0.382 0.686 0.048 0.036
2 0.175 0.835 0.018 0.03
2 0.201 0.808 0.014 0.024
2 0.245 0.784 0.026 0.032
2 0.238 0.845 0.016 0.022
2 0.195 0.77 0.022 0.024
2 0.044 0.789 0.036 0.046
2 0.014 0.779 0.024 0.058
2 0.633 0.628 0.022 0.02
2 0.605 0.59 0.018 0.036
2 0.493 0.469 0.03 0.034
2 0.528 0.447 0.028 0.018
2 0.516 0.433 0.032 0.022
2 0.627 0.393 0.018 0.03
2 0.641 0.255 0.022 0.038
2 0.694 0.26 0.028 0.02
2 0.673 0.304 0.03 0.024
2 0.569 0.276 0.03 0.016
2 0.327 0.123 0.018 0.026
2 0.339 0.086 0.034 0.024
2 0.339 0.055 0.014 0.018
2 0.091 0.125 0.046 0.034
2 0.125 0.018 0.022 0.02
2 0.008 0.287 0.012 0.038
2 0.078 0.258 0.032 0.032
2 0.089 0.218 0.034 0.044
2 0.207 0.363 0.022 0.018
2 0.024 0.494 0.044 0.032
2 0.037 0.578 0.03 0.028
2 0.147 0.565 0.022 0.03
2 0.129 0.895 0.01 0.018
2 0.116 0.723 0.024 0.03
2 0.013 0.645 0.022 0.03
2 0.205 0.598 0.034 0.044
2 0.243 0.579 0.022 0.026
2 0.347 0.45 0.022 0.028
2 0.953 0.733 0.026 0.026
2 0.906 0.591 0.02 0.018
2 0.877 0.172 0.03 0.028
2 0.774 0.271 0.02 0.038
2 0.69 0.188 0.024 0.056
2 0.611 0.261 0.03 0.034
2 0.288 0.029 0.032 0.038
2 0.336 0.176 0.028 0.068
2 0.544 0.783 0.016 0.022
2 0.422 0.867 0.024 0.026
2 0.487 0.878 0.026 0.028
2 0.55 0.824 0.02 0.032
2 0.458 0.924 0.024 0.024
2 0.703 0.722 0.026 0.02
2 0.616 0.503 0.032 0.054
2 0.793 0.322 0.018 0.024
2 0.663 0.365 0.026 0.022
2 0.82 0.536 0.02 0.02
2 0.83 0.538 0.036 0.044
2 0.206 0.74 0.044 0.056
2 0.178 0.804 0.016 0.044
2 0.196 0.683 0.02 0.018
2 0.517 0.828 0.034 0.028
2 0.514 0.771 0.024 0.022
2 0.53 0.644 0.016 0.024