0 0.077 0.649 0.034 0.038
0 0.017 0.621 0.034 0.038
0 0.02 0.541 0.032 0.038
0 0.016 0.594 0.032 0.04
0 0.075 0.451 0.034 0.046
0 0.19 0.421 0.032 0.042
0 0.242 0.465 0.036 0.046
0 0.277 0.251 0.03 0.038
0 0.35 0.331 0.04 0.038
0 0.431 0.438 0.038 0.048
0 0.448 0.554 0.04 0.04
0 0.473 0.589 0.03 0.034
0 0.409 0.276 0.03 0.04
0 0.45 0.273 0.028 0.042
0 0.485 0.275 0.03 0.038
0 0.372 0.118 0.036 0.052
0 0.356 0.059 0.052 0.058
0 0.25 0.138 0.032 0.048
0 0.554 0.5 0.036 0.048
0 0.593 0.509 0.026 0.038
0 0.518 0.477 0.036 0.054
0 0.563 0.469 0.034 0.018
0 0.616 0.436 0.036 0.052
0 0.68 0.393 0.036 0.042
0 0.648 0.386 0.036 0.052
0 0.737 0.397 0.034 0.05
0 0.711 0.312 0.042 0.056
0 0.619 0.338 0.038 0.052
0 0.686 0.352 0.024 0.028
0 0.844 0.341 0.048 0.05
0 0.805 0.33 0.034 0.052
0 0.9 0.314 0.052 0.052
0 0.971 0.323 0.026 0.026
0 0.957 0.284 0.018 0.02
0 0.86 0.259 0.036 0.058
0 0.799 0.263 0.034 0.042
0 0.778 0.226 0.036 0.048
0 0.72 0.246 0.04 0.056
0 0.68 0.251 0.036 0.046
0 0.653 0.155 0.03 0.046
0 0.585 0.202 0.038 0.06
0 0.518 0.216 0.036 0.048
0 0.481 0.248 0.038 0.048
0 0.441 0.186 0.026 0.024
0 0.44 0.202 0.02 0.016
0 0.36 0.184 0.036 0.04
0 0.37 0.217 0.024 0.026
0 0.115 0.35 0.034 0.04
0 0.206 0.359 0.036 0.042
0 0.072 0.315 0.036 0.038
0 0.131 0.435 0.038 0.05
0 0.038 0.46 0.032 0.044
0 0.186 0.533 0.032 0.042
0 0.105 0.563 0.042 0.046
0 0.052 0.584 0.02 0.028
0 0.203 0.673 0.05 0.042
0 0.168 0.631 0.04 0.038
0 0.371 0.741 0.038 0.038
0 0.439 0.711 0.034 0.042
0 0.333 0.721 0.034 0.038
0 0.322 0.803 0.044 0.038
0 0.296 0.863 0.028 0.026
0 0.464 0.879 0.032 0.022
0 0.378 0.589 0.032 0.046
0 0.768 0.65 0.04 0.04
0 0.694 0.649 0.032 0.03
0 0.617 0.587 0.042 0.054
0 0.529 0.666 0.042 0.056
0 0.465 0.777 0.046 0.034
0 0.483 0.856 0.038 0.028
0 0.506 0.562 0.028 0.044
0 0.308 0.424 0.04 0.048
0 0.261 0.293 0.03 0.038
0 0.298 0.326 0.036 0.04
0 0.195 0.319 0.042 0.05
0 0.253 0.183 0.042 0.05
0 0.207 0.131 0.038 0.042
0 0.04 0.235 0.036 0.05
0 0.097 0.248 0.042 0.052
0 0.167 0.264 0.046 0.068
0 0.052 0.089 0.04 0.038
0 0.137 0.016 0.034 0.028
0 0.22 0.033 0.04 0.062
0 0.43 0.081 0.032 0.046
0 0.492 0.11 0.024 0.04
0 0.585 0.133 0.038 0.054
0 0.488 0.339 0.044 0.046
0 0.816 0.145 0.04 0.07
0 0.88 0.143 0.028 0.046
0 0.977 0.167 0.034 0.058
0 0.893 0.034 0.042 0.06
0 0.927 0.066 0.03 0.036
0 0.978 0.029 0.04 0.054
0 0.679 0.033 0.038 0.05
0 0.714 0.024 0.028 0.044
0 0.196 0.087 0.036 0.038
0 0.291 0.023 0.042 0.042
0 0.069 0.393 0.034 0.042
0 0.192 0.756 0.052 0.044
0 0.024 0.923 0.028 0.026
0 0.105 0.917 0.038 0.042
0 0.761 0.448 0.026 0.044
0 0.795 0.418 0.022 0.04
0 0.855 0.496 0.038 0.04
0 0.924 0.398 0.036 0.036
0 0.823 0.62 0.038 0.048
0 0.861 0.599 0.03 0.058
0 0.956 0.646 0.04 0.056
0 0.981 0.739 0.034 0.05
0 0.924 0.757 0.036 0.046
0 0.901 0.726 0.038 0.032
0 0.838 0.81 0.036 0.044
0 0.87 0.848 0.032 0.032
0 0.918 0.828 0.028 0.036
0 0.896 0.871 0.032 0.03
0 0.971 0.859 0.03 0.054
0 0.994 0.913 0.008 0.038
0 0.842 0.902 0.036 0.04
0 0.905 0.939 0.034 0.034
0 0.788 0.887 0.036 0.038
0 0.743 0.964 0.042 0.044
0 0.673 0.88 0.042 0.04
0 0.704 0.768 0.04 0.036
0 0.682 0.73 0.028 0.032
0 0.723 0.884 0.022 0.044
0 0.503 0.784 0.034 0.04
0 0.586 0.745 0.028 0.034
0 0.539 0.732 0.034 0.032
0 0.755 0.019 0.046 0.034
0 0.842 0.034 0.04 0.04
0 0.791 0.024 0.022 0.04
0 0.914 0.181 0.032 0.042
0 0.925 0.123 0.034 0.038
0 0.703 0.13 0.034 0.04
0 0.674 0.535 0.04 0.046
0 0.763 0.735 0.03 0.034
0 0.359 0.854 0.042 0.044
0 0.21 0.482 0.024 0.044
0 0.04 0.351 0.036 0.038
0 0.004 0.28 0.008 0.024
0 0.017 0.698 0.03 0.028
0 0.075 0.961 0.018 0.03
0 0.074 0.993 0.012 0.01
0 0.407 0.991 0.034 0.014
0 0.409 0.819 0.034 0.042
0 0.405 0.644 0.022 0.028
0 0.462 0.689 0.028 0.038
0 0.28 0.69 0.04 0.036
0 0.643 0.764 0.03 0.04
0 0.854 0.934 0.044 0.028
0 0.866 0.914 0.032 0.02
0 0.99 0.204 0.016 0.04
1 0.25 0.32 0.02 0.024
1 0.34 0.756 0.02 0.024
1 0.294 0.788 0.02 0.02
1 0.272 0.846 0.02 0.024
1 0.45 0.92 0.024 0.02
1 0.491 0.365 0.046 0.03
1 0.388 0.978 0.02 0.012
1 0.467 0.925 0.022 0.01
1 0.494 0.662 0.016 0.016
1 0.596 0.962 0.012 0.008
1 0.696 0.19 0.016 0.016
1 0.737 0.068 0.018 0.016
1 0.341 0.269 0.014 0.018
1 0.43 0.336 0.012 0.024
2 0.532 0.687 0.052 0.042
2 0.555 0.441 0.022 0.026
2 0.891 0.342 0.026 0.024
2 0.941 0.286 0.022 0.028
2 0.814 0.223 0.028 0.026
2 0.065 0.512 0.034 0.036
2 0.321 0.74 0.034 0.032
2 0.175 0.442 0.022 0.036
2 0.031 0.741 0.038 0.03
2 0.138 0.871 0.024 0.022
2 0.17 0.882 0.016 0.02
2 0.006 0.84 0.012 0.024
2 0.139 0.784 0.022 0.028
2 0.082 0.764 0.036 0.024
2 0.138 0.808 0.04 0.008
2 0.331 0.92 0.026 0.024
2 0.292 0.91 0.032 0.024
2 0.337 0.956 0.014 0.024
2 0.491 0.956 0.026 0.02
2 0.252 0.557 0.036 0.042
2 0.343 0.579 0.018 0.03
2 0.336 0.61 0.036 0.04
2 0.198 0.709 0.02 0.022
2 0.276 0.483 0.02 0.018
2 0.167 0.59 0.026 0.028
2 0.267 0.654 0.026 0.028
2 0.439 0.641 0.03 0.042
2 0.754 0.768 0.024 0.028
2 0.7 0.81 0.032 0.02
2 0.66 0.831 0.04 0.03
2 0.613 0.929 0.038 0.026
2 0.687 0.966 0.014 0.016
2 0.677 0.988 0.014 0.016
2 0.792 0.954 0.02 0.032
2 0.93 0.938 0.028 0.036
2 0.781 0.836 0.014 0.016
2 0.749 0.86 0.022 0.032
2 0.954 0.524 0.028 0.04
2 0.991 0.508 0.014 0.024
2 0.858 0.435 0.028 0.042
2 0.955 0.209 0.018 0.026
2 0.812 0.085 0.024 0.018
2 0.562 0.08 0.028 0.032
2 0.621 0.136 0.038 0.04
2 0.307 0.193 0.018 0.022
2 0.571 0.291 0.022 0.03
2 0.457 0.157 0.018 0.034
2 0.34 0.113 0.02 0.034
2 0.041 0.139 0.046 0.046
2 0.669 0.472 0.026 0.036
2 0.653 0.496 0.026 0.028
2 0.892 0.62 0.028 0.028
2 0.833 0.723 0.03 0.022
2 0.774 0.7 0.02 0.016
2 0.516 0.543 0.024 0.026