0 0.007 0.019 0.014 0.034
0 0.06 0.019 0.028 0.038
0 0.002 0.09 0.004 0.036
0 0.024 0.149 0.032 0.034
0 0.019 0.193 0.026 0.038
0 0.026 0.282 0.04 0.044
0 0.03 0.331 0.028 0.034
0 0.026 0.411 0.028 0.03
0 0.064 0.364 0.028 0.032
0 0.061 0.425 0.03 0.03
0 0.11 0.454 0.032 0.028
0 0.132 0.449 0.024 0.022
0 0.007 0.577 0.014 0.03
0 0.061 0.571 0.014 0.03
0 0.092 0.573 0.032 0.03
0 0.138 0.589 0.036 0.026
0 0.133 0.548 0.038 0.028
0 0.151 0.521 0.022 0.018
0 0.161 0.528 0.026 0.028
0 0.046 0.714 0.032 0.04
0 0.031 0.812 0.03 0.024
0 0.018 0.851 0.028 0.026
0 0.02 0.913 0.032 0.042
0 0.044 0.933 0.032 0.026
0 0.025 0.983 0.03 0.03
0 0.076 0.978 0.04 0.04
0 0.128 0.968 0.028 0.032
0 0.166 0.984 0.032 0.028
0 0.15 0.904 0.032 0.028
0 0.108 0.899 0.02 0.022
0 0.049 0.888 0.03 0.028
0 0.113 0.818 0.03 0.032
0 0.165 0.819 0.038 0.034
0 0.225 0.836 0.038 0.036
0 0.243 0.894 0.042 0.032
0 0.323 0.918 0.05 0.028
0 0.307 0.841 0.042 0.03
0 0.268 0.821 0.048 0.03
0 0.425 0.948 0.034 0.04
0 0.469 0.951 0.026 0.042
0 0.513 0.986 0.042 0.024
0 0.56 0.97 0.032 0.024
0 0.6 0.977 0.06 0.042
0 0.595 0.886 0.042 0.028
0 0.616 0.845 0.032 0.03
0 0.471 0.849 0.042 0.042
0 0.467 0.9 0.022 0.024
0 0.441 0.899 0.018 0.026
0 0.418 0.885 0.032 0.03
0 0.838 0.99 0.04 0.016
0 0.892 0.99 0.04 0.016
0 0.942 0.939 0.044 0.05
0 0.89 0.946 0.052 0.044
0 0.903 0.825 0.042 0.042
0 0.986 0.828 0.024 0.052
0 0.98 0.937 0.036 0.042
0 0.917 0.714 0.038 0.044
0 0.83 0.8 0.056 0.048
0 0.743 0.787 0.034 0.034
0 0.724 0.767 0.028 0.038
0 0.763 0.754 0.05 0.056
0 0.757 0.689 0.066 0.046
0 0.751 0.647 0.046 0.026
0 0.846 0.675 0.064 0.054
0 0.962 0.649 0.04 0.046
0 0.936 0.636 0.028 0.036
0 0.981 0.618 0.034 0.024
0 0.158 0.74 0.032 0.028
0 0.237 0.704 0.034 0.032
0 0.321 0.797 0.042 0.03
0 0.268 0.781 0.044 0.026
0 0.255 0.745 0.042 0.03
0 0.286 0.745 0.028 0.046
0 0.343 0.735 0.03 0.038
0 0.298 0.69 0.032 0.028
0 0.292 0.629 0.032 0.034
0 0.322 0.623 0.032 0.034
0 0.24 0.575 0.04 0.026
0 0.254 0.536 0.036 0.032
0 0.294 0.548 0.028 0.036
0 0.38 0.533 0.036 0.034
0 0.403 0.565 0.034 0.034
0 0.448 0.589 0.032 0.038
0 0.421 0.625 0.034 0.03
0 0.449 0.711 0.026 0.042
0 0.478 0.683 0.036 0.054
0 0.533 0.721 0.038 0.046
0 0.618 0.648 0.032 0.024
0 0.565 0.624 0.038 0.04
0 0.63 0.586 0.048 0.032
0 0.669 0.547 0.054 0.026
0 0.483 0.53 0.034 0.036
0 0.413 0.471 0.038 0.03
0 0.492 0.443 0.028 0.042
0 0.524 0.416 0.036 0.032
0 0.454 0.393 0.04 0.03
0 0.575 0.514 0.018 0.036
0 0.589 0.499 0.022 0.042
0 0.621 0.492 0.03 0.04
0 0.697 0.478 0.042 0.052
0 0.747 0.433 0.038 0.046
0 0.788 0.404 0.032 0.032
0 0.991 0.418 0.014 0.048
0 0.981 0.384 0.022 0.024
0 0.959 0.406 0.05 0.044
0 0.971 0.19 0.054 0.048
0 0.984 0.095 0.028 0.054
0 0.866 0.067 0.04 0.034
0 0.797 0.025 0.062 0.05
0 0.855 0.146 0.042 0.052
0 0.864 0.289 0.036 0.042
0 0.854 0.272 0.044 0.032
0 0.735 0.313 0.038 0.038
0 0.7 0.29 0.036 0.048
0 0.603 0.368 0.042 0.044
0 0.518 0.355 0.032 0.03
0 0.506 0.369 0.032 0.026
0 0.554 0.338 0.032 0.044
0 0.586 0.323 0.024 0.026
0 0.618 0.279 0.04 0.054
0 0.575 0.293 0.03 0.026
0 0.555 0.292 0.03 0.044
0 0.546 0.28 0.024 0.04
0 0.557 0.258 0.026 0.02
0 0.515 0.271 0.018 0.026
0 0.528 0.253 0.024 0.034
0 0.464 0.31 0.028 0.032
0 0.757 0.131 0.038 0.05
0 0.703 0.199 0.022 0.038
0 0.677 0.19 0.03 0.02
0 0.652 0.167 0.036 0.038
0 0.59 0.23 0.036 0.032
0 0.55 0.215 0.032 0.026
0 0.547 0.189 0.05 0.046
0 0.651 0.113 0.026 0.034
0 0.656 0.005 0.012 0.01
0 0.623 0.011 0.026 0.022
0 0.573 0.027 0.046 0.046
0 0.548 0.003 0.024 0.006
0 0.548 0.024 0.04 0.044
0 0.511 0.06 0.026 0.036
0 0.456 0.016 0.028 0.032
0 0.576 0.123 0.032 0.03
0 0.572 0.094 0.02 0.02
0 0.438 0.074 0.02 0.024
0 0.409 0.059 0.026 0.034
0 0.378 0.012 0.032 0.024
0 0.306 0.029 0.036 0.034
0 0.237 0.036 0.046 0.02
0 0.229 0.016 0.034 0.028
0 0.107 0.057 0.03 0.042
0 0.142 0.076 0.02 0.036
0 0.172 0.09 0.028 0.032
0 0.197 0.113 0.03 0.03
0 0.22 0.073 0.032 0.03
0 0.11 0.175 0.028 0.03
0 0.138 0.192 0.032 0.04
0 0.085 0.267 0.05 0.058
0 0.148 0.258 0.028 0.04
0 0.184 0.241 0.032 0.046
0 0.236 0.243 0.044 0.042
0 0.271 0.254 0.026 0.04
0 0.245 0.291 0.03 0.022
0 0.314 0.287 0.028 0.034
0 0.272 0.112 0.04 0.032
0 0.279 0.14 0.026 0.028
0 0.34 0.066 0.028 0.04
0 0.373 0.147 0.07 0.046
0 0.311 0.193 0.03 0.038
0 0.336 0.173 0.028 0.034
0 0.369 0.178 0.03 0.02
0 0.403 0.19 0.046 0.056
0 0.423 0.267 0.034 0.03
0 0.26 0.489 0.036 0.026
0 0.235 0.488 0.018 0.024
0 0.225 0.479 0.026 0.03
0 0.268 0.457 0.028 0.03
0 0.281 0.436 0.046 0.024
0 0.21 0.368 0.028 0.024
0 0.222 0.353 0.032 0.034
0 0.24 0.347 0.016 0.018
0 0.17 0.366 0.024 0.04
0 0.133 0.401 0.038 0.022
0 0.139 0.366 0.014 0.024
0 0.129 0.335 0.026 0.034
1 0.043 0.375 0.022 0.022
1 0.082 0.457 0.02 0.026
1 0.16 0.482 0.028 0.024
1 0.052 0.589 0.02 0.026
1 0.072 0.592 0.008 0.02
1 0.101 0.647 0.026 0.014
1 0.057 0.685 0.018 0.014
1 0.08 0.726 0.028 0.02
1 0.205 0.964 0.01 0.016
1 0.192 0.853 0.012 0.03
1 0.317 0.966 0.03 0.02
1 0.508 0.95 0.02 0.024
1 0.62 0.991 0.02 0.014
1 0.615 0.936 0.022 0.024
1 0.534 0.803 0.016 0.026
1 0.412 0.896 0.036 0.02
1 0.971 0.959 0.022 0.034
1 0.88 0.902 0.024 0.02
1 0.931 0.855 0.034 0.03
1 0.995 0.887 0.006 0.018
1 0.93 0.774 0.04 0.02
1 0.965 0.74 0.014 0.012
1 0.747 0.887 0.018 0.018
1 0.711 0.829 0.014 0.014
1 0.687 0.709 0.018 0.014
1 0.703 0.684 0.01 0.008
1 0.958 0.678 0.02 0.016
1 0.966 0.581 0.032 0.014
1 0.185 0.751 0.014 0.01
1 0.326 0.772 0.032 0.024
1 0.355 0.697 0.026 0.018
1 0.253 0.664 0.03 0.016
1 0.281 0.552 0.01 0.012
1 0.344 0.537 0.024 0.022
1 0.476 0.615 0.02 0.026
1 0.368 0.807 0.012 0.01
1 0.438 0.72 0.032 0.024
1 0.511 0.675 0.018 0.018
1 0.498 0.75 0.024 0.016
1 0.567 0.753 0.026 0.022
1 0.585 0.609 0.022 0.018
1 0.922 0.391 0.02 0.022
1 0.988 0.326 0.02 0.036
1 0.899 0.05 0.018 0.024
1 0.901 0.125 0.018 0.022
1 0.886 0.144 0.02 0.02
1 0.79 0.242 0.032 0.02
1 0.751 0.249 0.022 0.026
1 0.695 0.359 0.018 0.026
1 0.636 0.359 0.032 0.014
1 0.466 0.35 0.02 0.02
1 0.633 0.195 0.01 0.01
1 0.632 0.184 0.012 0.008
1 0.62 0.192 0.008 0.012
1 0.626 0.222 0.02 0.024
1 0.706 0.053 0.028 0.018
1 0.618 0.035 0.024 0.014
1 0.616 0.106 0.024 0.024
1 0.401 0.004 0.018 0.008
1 0.322 0.001 0.016 0.002
1 0.127 0.049 0.014 0.022
1 0.091 0.02 0.018 0.012
1 0.096 0.095 0.024 0.026
1 0.332 0.354 0.044 0.02
1 0.246 0.153 0.012 0.014
1 0.305 0.072 0.022 0.024
1 0.407 0.288 0.03 0.012
1 0.299 0.503 0.03 0.022
1 0.302 0.478 0.012 0.02
1 0.197 0.411 0.022 0.022
2 0.084 0.598 0.012 0.028
2 0.044 0.637 0.024 0.014
2 0.008 0.929 0.016 0.034
2 0.841 0.95 0.042 0.02
2 0.841 0.935 0.014 0.014
2 0.899 0.852 0.046 0.028
2 0.753 0.985 0.038 0.026
2 0.643 0.891 0.038 0.022
2 0.73 0.723 0.008 0.006
2 0.91 0.634 0.024 0.02
2 0.197 0.75 0.014 0.012
2 0.384 0.787 0.02 0.014
2 0.517 0.656 0.022 0.028
2 0.453 0.468 0.022 0.024
2 0.515 0.444 0.022 0.024
2 0.629 0.462 0.018 0.02
2 0.873 0.402 0.026 0.024
2 0.768 0.269 0.028 0.046
2 0.704 0.321 0.016 0.014
2 0.478 0.376 0.012 0.012
2 0.811 0.576 0.03 0.036
2 0.687 0.178 0.022 0.016
2 0.539 0.138 0.006 0.008
2 0.212 0.243 0.016 0.026
2 0.373 0.075 0.026 0.022
2 0.015 0.061 0.03 0.026
2 0.062 0.1 0.024 0.016
2 0.317 0.226 0.018 0.02
2 0.4 0.4 0.02 0.028
2 0.904 0.263 0.024 0.018
2 0.874 0.213 0.012 0.014
2 0.695 0.081 0.018 0.022
2 0.492 0.062 0.016 0.02
2 0.406 0.937 0.008 0.014
2 0.324 0.874 0.016 0.012
2 0.533 0.545 0.026 0.018
2 0.198 0.522 0.012 0.016
2 0.492 0.294 0.012 0.012
2 0.484 0.981 0.016 0.01
2 0.537 0.973 0.01 0.01
2 0.589 0.665 0.01 0.018
2 0.546 0.692 0.012 0.02