0 0.084 0.725 0.056 0.074
0 0.041 0.796 0.042 0.056
0 0.134 0.843 0.048 0.054
0 0.165 0.743 0.038 0.05
0 0.207 0.728 0.038 0.048
0 0.225 0.639 0.054 0.042
0 0.136 0.644 0.064 0.06
0 0.178 0.593 0.044 0.042
0 0.257 0.602 0.042 0.052
0 0.241 0.54 0.05 0.06
0 0.227 0.46 0.042 0.048
0 0.187 0.408 0.05 0.052
0 0.144 0.35 0.036 0.04
0 0.041 0.351 0.046 0.086
0 0.069 0.331 0.046 0.082
0 0.12 0.262 0.032 0.044
0 0.157 0.291 0.05 0.05
0 0.173 0.249 0.05 0.046
0 0.2 0.292 0.036 0.036
0 0.281 0.264 0.058 0.064
0 0.254 0.282 0.04 0.044
0 0.292 0.36 0.04 0.056
0 0.206 0.349 0.036 0.05
0 0.056 0.644 0.044 0.064
0 0.048 0.461 0.048 0.038
0 0.059 0.516 0.03 0.052
0 0.082 0.534 0.04 0.064
0 0.176 0.471 0.044 0.086
0 0.164 0.49 0.028 0.044
0 0.314 0.434 0.028 0.04
0 0.369 0.467 0.038 0.03
0 0.395 0.447 0.054 0.058
0 0.416 0.285 0.032 0.038
0 0.386 0.196 0.048 0.044
0 0.562 0.266 0.064 0.084
0 0.532 0.335 0.052 0.062
0 0.642 0.268 0.048 0.06
0 0.701 0.31 0.062 0.068
0 0.728 0.291 0.072 0.09
0 0.897 0.326 0.046 0.064
0 0.979 0.313 0.034 0.042
0 0.94 0.335 0.04 0.046
0 0.931 0.224 0.046 0.052
0 0.983 0.187 0.03 0.046
0 0.892 0.172 0.032 0.064
0 0.965 0.09 0.038 0.068
0 0.861 0.033 0.058 0.05
0 0.771 0.026 0.05 0.048
0 0.798 0.019 0.04 0.034
0 0.724 0.019 0.044 0.034
0 0.758 0.216 0.04 0.044
0 0.755 0.161 0.05 0.042
0 0.76 0.133 0.06 0.042
0 0.807 0.135 0.042 0.054
0 0.825 0.106 0.046 0.032
0 0.61 0.143 0.024 0.03
0 0.621 0.039 0.03 0.03
0 0.683 0.022 0.022 0.024
0 0.699 0.089 0.034 0.034
0 0.497 0.12 0.054 0.056
0 0.416 0.11 0.044 0.04
0 0.389 0.048 0.038 0.052
0 0.395 0.019 0.042 0.034
0 0.283 0.105 0.05 0.058
0 0.221 0.055 0.038 0.07
0 0.2 0.101 0.036 0.038
0 0.235 0.14 0.054 0.056
0 0.307 0.145 0.042 0.066
0 0.306 0.057 0.052 0.066
0 0.338 0.03 0.052 0.056
0 0.264 0.028 0.028 0.024
0 0.032 0.167 0.04 0.05
0 0.008 0.107 0.016 0.038
0 0.121 0.015 0.062 0.026
0 0.176 0.008 0.036 0.012
0 0.082 0.155 0.04 0.054
0 0.283 0.691 0.066 0.074
0 0.348 0.67 0.052 0.04
0 0.36 0.751 0.036 0.082
0 0.379 0.717 0.022 0.03
0 0.458 0.733 0.072 0.058
0 0.467 0.845 0.05 0.062
0 0.369 0.875 0.022 0.034
0 0.506 0.886 0.032 0.032
0 0.593 0.842 0.038 0.04
0 0.581 0.716 0.062 0.108
0 0.625 0.676 0.062 0.068
0 0.466 0.56 0.048 0.064
0 0.565 0.533 0.042 0.058
0 0.632 0.464 0.044 0.048
0 0.794 0.482 0.068 0.076
0 0.725 0.365 0.038 0.03
0 0.899 0.568 0.046 0.06
0 0.951 0.699 0.066 0.066
0 0.926 0.64 0.052 0.068
0 0.962 0.627 0.028 0.066
0 0.935 0.607 0.034 0.058
0 0.813 0.851 0.038 0.058
0 0.879 0.843 0.05 0.07
0 0.987 0.866 0.022 0.056
0 0.978 0.81 0.04 0.068
0 0.98 0.754 0.036 0.076
0 0.859 0.682 0.034 0.04
0 0.814 0.657 0.02 0.03
0 0.738 0.699 0.064 0.058
0 0.714 0.663 0.08 0.054
0 0.686 0.622 0.084 0.08
0 0.811 0.433 0.046 0.05
0 0.588 0.936 0.032 0.056
0 0.623 0.954 0.038 0.06
0 0.653 0.938 0.038 0.048
0 0.677 0.893 0.046 0.046
0 0.698 0.928 0.036 0.04
0 0.837 0.96 0.062 0.052
0 0.935 0.865 0.058 0.09
0 0.651 0.784 0.038 0.056
0 0.592 0.799 0.028 0.042
0 0.398 0.491 0.032 0.038
0 0.154 0.122 0.048 0.044
0 0.163 0.156 0.046 0.028
0 0.737 0.464 0.03 0.032
0 0.221 0.866 0.074 0.076
0 0.32 0.982 0.036 0.032
0 0.396 0.931 0.036 0.062
0 0.263 0.938 0.078 0.088
0 0.824 0.781 0.016 0.05
0 0.856 0.526 0.02 0.044
0 0.637 0.374 0.062 0.076
0 0.647 0.422 0.046 0.048
0 0.676 0.419 0.024 0.022
0 0.573 0.622 0.074 0.08
0 0.381 0.627 0.066 0.082
0 0.336 0.62 0.048 0.072
0 0.359 0.262 0.034 0.028
0 0.008 0.296 0.016 0.048
0 0.393 0.819 0.054 0.058
0 0.42 0.776 0.06 0.092
0 0.41 0.351 0.068 0.082
0 0.573 0.329 0.022 0.022
0 0.827 0.346 0.026 0.028
0 0.832 0.318 0.036 0.036
0 0.93 0.301 0.028 0.018
0 0.861 0.411 0.058 0.054
0 0.48 0.41 0.036 0.036
0 0.578 0.501 0.032 0.046
0 0.591 0.544 0.03 0.044
0 0.745 0.83 0.046 0.088
0 0.776 0.822 0.028 0.06
0 0.488 0.742 0.028 0.044
0 0.692 0.76 0.024 0.028
0 0.702 0.773 0.012 0.018
0 0.726 0.749 0.036 0.05
0 0.738 0.776 0.028 0.048
0 0.811 0.927 0.034 0.042
0 0.789 0.928 0.026 0.028
0 0.646 0.827 0.024 0.022
0 0.55 0.922 0.016 0.036
0 0.756 0.944 0.028 0.024
0 0.972 0.914 0.024 0.024
0 0.986 0.949 0.02 0.038
0 0.978 0.993 0.028 0.01
0 0.579 0.978 0.05 0.04
0 0.467 0.616 0.018 0.024
0 0.73 0.593 0.028 0.03
0 0.122 0.515 0.036 0.026
0 0.13 0.894 0.024 0.028
0 0.13 0.871 0.02 0.018
0 0.147 0.92 0.018 0.028
0 0.154 0.935 0.016 0.022
0 0.104 0.562 0.032 0.036
0 0.052 0.269 0.032 0.026
0 0.116 0.157 0.032 0.046
0 0.053 0.21 0.026 0.016
0 0.043 0.222 0.018 0.024
0 0.157 0.048 0.022 0.02
0 0.278 0.071 0.02 0.022
0 0.463 0.067 0.034 0.042
0 0.439 0.017 0.038 0.03
0 0.446 0.013 0.024 0.022
0 0.639 0.059 0.03 0.018
0 0.972 0.011 0.028 0.014
0 0.991 0.03 0.014 0.04
0 0.298 0.75 0.028 0.04
0 0.358 0.913 0.02 0.026
0 0.374 0.905 0.02 0.026
0 0.716 0.986 0.032 0.024
0 0.753 0.55 0.026 0.024
0 0.251 0.199 0.038 0.03
0 0.145 0.218 0.034 0.024
0 0.478 0.05 0.036 0.028
0 0.479 0.031 0.042 0.042
0 0.69 0.229 0.016 0.038
0 0.908 0.077 0.036 0.03
0 0.922 0.118 0.044 0.048
0 0.906 0.02 0.02 0.012
0 0.901 0.011 0.01 0.006
0 0.734 0.11 0.02 0.016
0 0.369 0.531 0.034 0.038
0 0.262 0.388 0.028 0.036
0 0.237 0.361 0.026 0.03
0 0.483 0.508 0.038 0.044
0 0.772 0.326 0.024 0.024
0 0.77 0.302 0.016 0.024
0 0.993 0.269 0.01 0.034
0 0.525 0.765 0.022 0.07
0 0.713 0.849 0.026 0.034
0 0.745 0.97 0.03 0.028
0 0.762 0.968 0.032 0.032
0 0.558 0.964 0.02 0.032
0 0.412 0.99 0.044 0.016
0 0.427 0.971 0.022 0.022
0 0.537 0.995 0.022 0.006
0 0.175 0.99 0.03 0.016
0 0.339 0.498 0.034 0.036
0 0.338 0.529 0.02 0.026
0 0.364 0.5 0.02 0.016
0 0.559 0.005 0.022 0.006
0 0.063 0.011 0.022 0.018
0 0.007 0.389 0.014 0.026
0 0.006 0.366 0.012 0.02
0 0.287 0.994 0.026 0.008
0 0.289 0.979 0.018 0.018
0 0.832 0.991 0.036 0.014
0 0.756 0.991 0.028 0.014
0 0.772 0.92 0.016 0.02
0 0.193 0.83 0.038 0.044
1 0.136 0.145 0.028 0.018
1 0.388 0.145 0.036 0.018
1 0.437 0.242 0.022 0.024
1 0.267 0.862 0.018 0.02
1 0.383 0.835 0.022 0.014
1 0.541 0.845 0.014 0.026
1 0.787 0.749 0.022 0.026
1 0.8 0.699 0.028 0.026
1 0.866 0.459 0.028 0.018
1 0.36 0.3 0.024 0.02
1 0.684 0.457 0.02 0.018
1 0.788 0.388 0.024 0.02
1 0.858 0.34 0.012 0.008
1 0.837 0.241 0.018 0.018
1 0.442 0.473 0.028 0.018
1 0.459 0.489 0.026 0.026
1 0.482 0.439 0.024 0.026
1 0.739 0.529 0.038 0.022
1 0.791 0.511 0.026 0.026
1 0.026 0.735 0.024 0.034
1 0.13 0.741 0.016 0.03
1 0.081 0.802 0.014 0.028
1 0.674 0.972 0.02 0.016
1 0.292 0.505 0.02 0.026
1 0.297 0.473 0.006 0.014
1 0.312 0.485 0.02 0.034
1 0.915 0.527 0.026 0.03
1 0.641 0.545 0.03 0.026
1 0.56 0.457 0.016 0.026
1 0.475 0.279 0.018 0.014
1 0.49 0.273 0.016 0.006
1 0.566 0.311 0.02 0.026
1 0.733 0.484 0.014 0.016
1 0.708 0.234 0.012 0.012
1 0.718 0.231 0.02 0.022
1 0.647 0.226 0.006 0.008
1 0.513 0.134 0.022 0.016
1 0.491 0.071 0.014 0.014
1 0.11 0.212 0.02 0.02
1 0.766 0.726 0.016 0.016
1 0.843 0.656 0.018 0.016
1 0.751 0.641 0.014 0.014
1 0.822 0.635 0.012 0.022
1 0.837 0.63 0.022 0.024
1 0.236 0.771 0.024 0.026
1 0.202 0.833 0.024 0.014
1 0.1 0.957 0.016 0.022
1 0.17 0.938 0.016 0.032
1 0.164 0.916 0.016 0.008
1 0.228 0.248 0.012 0.024
1 0.244 0.247 0.016 0.018
1 0.225 0.169 0.014 0.01
1 0.233 0.177 0.014 0.01
1 0.828 0.611 0.016 0.018
1 0.076 0.448 0.02 0.016
1 0.094 0.48 0.012 0.016
1 0.216 0.96 0.016 0.016
1 0.264 0.983 0.012 0.006
1 0.261 0.777 0.014 0.026
1 0.309 0.777 0.01 0.022
1 0.569 0.799 0.014 0.03
1 0.608 0.791 0.008 0.026
1 0.61 0.994 0.016 0.008
1 0.626 0.997 0.016 0.002
1 0.522 0.01 0.016 0.012
1 0.689 0.008 0.014 0.008
1 0.745 0.62 0.01 0.02
1 0.766 0.568 0.012 0.024
1 0.808 0.629 0.008 0.018
2 0.779 0.622 0.014 0.012
2 0.795 0.626 0.014 0.012
2 0.79 0.647 0.012 0.014
2 0.434 0.358 0.036 0.076
2 0.002 0.165 0.004 0.026
2 0.059 0.414 0.01 0.008
2 0.194 0.538 0.008 0.016
2 0.318 0.813 0.004 0.006
2 0.328 0.732 0.008 0.012
2 0.979 0.507 0.018 0.01
2 0.984 0.408 0.012 0.012
2 0.289 0.011 0.014 0.014
2 0.672 0.003 0.024 0.002
2 0.833 0.898 0.022 0.028
2 0.884 0.885 0.012 0.014
2 0.959 0.378 0.01 0.02
2 0.567 0.039 0.006 0.014
2 0.58 0.039 0.008 0.006