0 0.265 0.012 0.034 0.024
0 0.223 0.064 0.054 0.032
0 0.226 0.084 0.044 0.032
0 0.246 0.11 0.02 0.024
0 0.298 0.087 0.052 0.05
0 0.478 0.011 0.044 0.022
0 0.491 0.038 0.07 0.032
0 0.466 0.077 0.052 0.066
0 0.538 0.037 0.048 0.05
0 0.494 0.118 0.052 0.048
0 0.547 0.084 0.058 0.052
0 0.604 0.075 0.024 0.042
0 0.624 0.07 0.02 0.032
0 0.665 0.057 0.062 0.066
0 0.678 0.101 0.044 0.062
0 0.709 0.086 0.05 0.044
0 0.694 0.037 0.052 0.026
0 0.779 0.044 0.046 0.056
0 0.769 0.02 0.05 0.04
0 0.81 0.095 0.048 0.058
0 0.845 0.068 0.038 0.032
0 0.978 0.053 0.04 0.058
0 0.935 0.03 0.062 0.044
0 0.931 0.057 0.042 0.038
0 0.951 0.09 0.038 0.036
0 0.949 0.127 0.05 0.046
0 0.982 0.145 0.032 0.054
0 0.919 0.151 0.038 0.038
0 0.881 0.137 0.034 0.022
0 0.079 0.203 0.038 0.046
0 0.077 0.231 0.03 0.034
0 0.065 0.242 0.03 0.032
0 0.113 0.21 0.03 0.052
0 0.11 0.238 0.032 0.024
0 0.16 0.17 0.048 0.048
0 0.21 0.156 0.052 0.052
0 0.245 0.152 0.042 0.044
0 0.281 0.203 0.05 0.046
0 0.179 0.243 0.058 0.046
0 0.36 0.174 0.048 0.036
0 0.341 0.158 0.05 0.028
0 0.269 0.25 0.05 0.056
0 0.324 0.216 0.036 0.044
0 0.355 0.211 0.038 0.042
0 0.387 0.21 0.034 0.044
0 0.419 0.209 0.05 0.042
0 0.555 0.183 0.042 0.042
0 0.524 0.186 0.028 0.02
0 0.546 0.241 0.064 0.05
0 0.578 0.208 0.04 0.04
0 0.611 0.15 0.054 0.044
0 0.705 0.132 0.042 0.048
0 0.742 0.179 0.052 0.062
0 0.817 0.163 0.05 0.066
0 0.869 0.185 0.038 0.042
0 0.896 0.218 0.04 0.044
0 0.966 0.231 0.052 0.058
0 0.95 0.263 0.048 0.054
0 0.009 0.276 0.018 0.024
0 0.015 0.31 0.03 0.048
0 0.164 0.286 0.052 0.052
0 0.148 0.338 0.052 0.056
0 0.123 0.396 0.046 0.048
0 0.199 0.338 0.054 0.072
0 0.196 0.386 0.048 0.04
0 0.24 0.285 0.032 0.042
0 0.284 0.371 0.04 0.054
0 0.326 0.263 0.028 0.034
0 0.396 0.305 0.044 0.054
0 0.471 0.27 0.05 0.044
0 0.439 0.292 0.034 0.028
0 0.413 0.355 0.03 0.046
0 0.513 0.377 0.046 0.05
0 0.565 0.335 0.042 0.062
0 0.576 0.295 0.032 0.066
0 0.604 0.284 0.04 0.052
0 0.645 0.27 0.046 0.056
0 0.633 0.322 0.042 0.028
0 0.686 0.325 0.056 0.054
0 0.756 0.249 0.052 0.062
0 0.764 0.345 0.048 0.042
0 0.77 0.304 0.036 0.04
0 0.864 0.344 0.06 0.064
0 0.961 0.327 0.042 0.062
0 0.936 0.348 0.04 0.052
0 0.931 0.378 0.038 0.028
0 0.029 0.42 0.058 0.068
0 0.031 0.508 0.042 0.048
0 0.189 0.44 0.042 0.052
0 0.225 0.514 0.042 0.06
0 0.283 0.491 0.062 0.062
0 0.365 0.472 0.058 0.056
0 0.383 0.514 0.042 0.036
0 0.368 0.407 0.04 0.062
0 0.406 0.402 0.028 0.052
0 0.414 0.443 0.044 0.058
0 0.46 0.408 0.04 0.032
0 0.49 0.424 0.036 0.048
0 0.492 0.466 0.044 0.044
0 0.578 0.471 0.032 0.034
0 0.574 0.515 0.04 0.062
0 0.61 0.518 0.044 0.056
0 0.668 0.402 0.036 0.048
0 0.651 0.423 0.054 0.058
0 0.674 0.466 0.048 0.036
0 0.689 0.485 0.058 0.038
0 0.812 0.394 0.044 0.032
0 0.842 0.421 0.048 0.062
0 0.866 0.49 0.04 0.052
0 0.916 0.442 0.04 0.052
0 0.954 0.492 0.028 0.032
0 0.992 0.48 0.012 0.052
0 0.987 0.55 0.022 0.064
0 0.967 0.564 0.046 0.064
0 0.926 0.532 0.052 0.06
0 0.877 0.569 0.066 0.066
0 0.014 0.616 0.028 0.048
0 0.021 0.656 0.042 0.044
0 0.049 0.597 0.038 0.054
0 0.116 0.565 0.048 0.054
0 0.144 0.598 0.036 0.048
0 0.182 0.569 0.068 0.07
0 0.152 0.643 0.032 0.038
0 0.247 0.628 0.046 0.056
0 0.294 0.557 0.048 0.058
0 0.316 0.593 0.036 0.042
0 0.366 0.557 0.036 0.054
0 0.37 0.619 0.052 0.054
0 0.442 0.561 0.048 0.054
0 0.433 0.605 0.046 0.05
0 0.544 0.58 0.044 0.06
0 0.625 0.578 0.042 0.08
0 0.639 0.559 0.026 0.038
0 0.653 0.577 0.026 0.026
0 0.707 0.539 0.046 0.062
0 0.727 0.604 0.05 0.06
0 0.788 0.621 0.028 0.07
0 0.899 0.631 0.046 0.078
0 0.008 0.802 0.016 0.044
0 0.026 0.78 0.044 0.06
0 0.047 0.752 0.034 0.04
0 0.103 0.794 0.046 0.068
0 0.112 0.732 0.04 0.04
0 0.134 0.735 0.036 0.054
0 0.258 0.694 0.044 0.048
0 0.316 0.687 0.044 0.066
0 0.418 0.679 0.056 0.054
0 0.513 0.663 0.034 0.062
0 0.563 0.648 0.05 0.06
0 0.623 0.654 0.046 0.064
0 0.64 0.63 0.02 0.028
0 0.658 0.687 0.044 0.054
0 0.723 0.689 0.034 0.07
0 0.756 0.686 0.036 0.064
0 0.811 0.682 0.042 0.06
0 0.808 0.716 0.048 0.036
0 0.857 0.659 0.042 0.038
0 0.164 0.799 0.04 0.066
0 0.216 0.773 0.052 0.042
0 0.177 0.878 0.05 0.068
0 0.175 0.916 0.046 0.06
0 0.137 0.929 0.034 0.058
0 0.099 0.931 0.03 0.042
0 0.035 0.988 0.03 0.02
0 0.004 0.928 0.008 0.032
0 0.28 0.944 0.052 0.064
0 0.268 0.875 0.036 0.062
0 0.23 0.881 0.04 0.026
0 0.326 0.849 0.048 0.05
0 0.331 0.759 0.05 0.058
0 0.355 0.909 0.05 0.074
0 0.371 0.945 0.018 0.022
0 0.399 0.933 0.046 0.058
0 0.392 0.879 0.056 0.058
0 0.44 0.991 0.036 0.014
0 0.505 0.977 0.074 0.042
0 0.504 0.94 0.024 0.036
0 0.517 0.765 0.042 0.062
0 0.54 0.848 0.036 0.084
0 0.489 0.738 0.03 0.032
0 0.577 0.767 0.046 0.046
0 0.575 0.844 0.034 0.068
0 0.61 0.862 0.044 0.052
0 0.663 0.82 0.066 0.076
0 0.645 0.837 0.034 0.054
0 0.707 0.81 0.038 0.064
0 0.62 0.966 0.04 0.06
0 0.665 0.989 0.046 0.018
0 0.698 0.923 0.048 0.058
0 0.723 0.975 0.05 0.046
0 0.747 0.95 0.03 0.024
0 0.742 0.918 0.036 0.04
0 0.803 0.883 0.054 0.062
0 0.889 0.757 0.054 0.078
0 0.898 0.936 0.048 0.068
0 0.97 0.958 0.052 0.052
0 0.88 0.976 0.072 0.044
0 0.836 0.839 0.044 0.042
0 0.912 0.879 0.04 0.05
0 0.959 0.751 0.03 0.034
0 0.829 0.81 0.038 0.02
0 0.903 0.816 0.046 0.048
0 0.946 0.808 0.028 0.04
0 0.972 0.838 0.04 0.06
0 0.961 0.923 0.034 0.03
0 0.984 0.88 0.028 0.06
0 0.84 0.988 0.04 0.02
0 0.993 0.847 0.01 0.038
1 0.087 0.027 0.03 0.034
1 0.123 0.13 0.022 0.032
1 0.198 0.081 0.028 0.022
1 0.297 0.054 0.026 0.02
1 0.562 0.013 0.02 0.026
1 0.634 0.051 0.032 0.014
1 0.467 0.212 0.026 0.024
1 0.997 0.181 0.002 0.014
1 0.073 0.335 0.026 0.026
1 0.082 0.289 0.02 0.034
1 0.31 0.344 0.024 0.028
1 0.469 0.332 0.022 0.024
1 0.454 0.345 0.032 0.034
1 0.796 0.288 0.024 0.024
1 0.14 0.469 0.028 0.046
1 0.145 0.525 0.018 0.026
1 0.442 0.391 0.028 0.034
1 0.664 0.44 0.02 0.016
1 0.188 0.624 0.032 0.024
1 0.258 0.549 0.028 0.03
1 0.315 0.527 0.018 0.034
1 0.519 0.589 0.018 0.034
1 0.921 0.668 0.026 0.028
1 0.93 0.694 0.028 0.032
1 0.205 0.724 0.018 0.044
1 0.691 0.637 0.014 0.038
1 0.706 0.673 0.028 0.034
1 0.316 0.987 0.02 0.022
1 0.24 0.93 0.024 0.016
1 0.321 0.813 0.03 0.03
1 0.444 0.94 0.028 0.036
1 0.468 0.946 0.032 0.032
1 0.428 0.73 0.024 0.028
1 0.425 0.753 0.034 0.026
1 0.462 0.763 0.024 0.03
1 0.561 0.879 0.03 0.026
1 0.649 0.738 0.026 0.032
2 0.047 0.086 0.018 0.012
2 0.068 0.08 0.02 0.024
2 0.104 0.093 0.04 0.03
2 0.148 0.06 0.028 0.024
2 0.325 0.109 0.014 0.022
2 0.5 0.063 0.016 0.01
2 0.966 0.023 0.024 0.018
2 0.909 0.112 0.038 0.028
2 0.908 0.084 0.02 0.036
2 0.903 0.052 0.022 0.02
2 0.849 0.119 0.046 0.042
2 0.011 0.235 0.022 0.022
2 0.225 0.209 0.034 0.03
2 0.376 0.03 0.024 0.032
2 0.435 0.108 0.026 0.036
2 0.481 0.234 0.034 0.028
2 0.524 0.156 0.028 0.04
2 0.559 0.156 0.014 0.016
2 0.535 0.208 0.018 0.016
2 0.598 0.118 0.024 0.012
2 0.683 0.169 0.054 0.05
2 0.712 0.192 0.016 0.016
2 0.797 0.144 0.022 0.024
2 0.789 0.126 0.038 0.028
2 0.855 0.144 0.014 0.008
2 0.856 0.161 0.012 0.014
2 0.891 0.19 0.01 0.016
2 0.958 0.194 0.012 0.016
2 0.144 0.25 0.016 0.012
2 0.129 0.368 0.046 0.044
2 0.174 0.361 0.008 0.006
2 0.221 0.264 0.038 0.032
2 0.245 0.345 0.042 0.05
2 0.299 0.327 0.006 0.01
2 0.306 0.273 0.012 0.014
2 0.501 0.284 0.014 0.016
2 0.456 0.317 0.04 0.022
2 0.662 0.305 0.024 0.022
2 0.675 0.285 0.01 0.014
2 0.722 0.37 0.028 0.028
2 0.786 0.31 0.028 0.02
2 0.797 0.313 0.03 0.042
2 0.756 0.289 0.008 0.014
2 0.763 0.284 0.01 0.008
2 0.963 0.384 0.034 0.02
2 0.056 0.41 0.028 0.024
2 0.081 0.434 0.034 0.036
2 0.073 0.457 0.026 0.022
2 0.047 0.477 0.026 0.026
2 0.211 0.471 0.018 0.022
2 0.287 0.463 0.026 0.042
2 0.317 0.456 0.03 0.028
2 0.424 0.411 0.02 0.006
2 0.576 0.396 0.036 0.064
2 0.624 0.388 0.036 0.032
2 0.65 0.375 0.024 0.018
2 0.76 0.427 0.024 0.034
2 0.783 0.475 0.038 0.03
2 0.823 0.365 0.038 0.026
2 0.792 0.376 0.016 0.016
2 0.98 0.45 0.024 0.032
2 0.982 0.48 0.02 0.028
2 0.968 0.53 0.012 0.02
2 0.989 0.517 0.018 0.01
2 0.985 0.496 0.014 0.024
2 0.08 0.63 0.024 0.04
2 0.303 0.512 0.018 0.012
2 0.282 0.526 0.012 0.012
2 0.395 0.579 0.03 0.022
2 0.415 0.573 0.026 0.018
2 0.398 0.53 0.012 0.012
2 0.478 0.533 0.028 0.034
2 0.167 0.725 0.046 0.038
2 0.371 0.692 0.03 0.028
2 0.351 0.698 0.022 0.016
2 0.369 0.662 0.038 0.032
2 0.542 0.683 0.028 0.026
2 0.679 0.649 0.022 0.014
2 0.68 0.681 0.024 0.034
2 0.666 0.715 0.032 0.026
2 0.072 0.815 0.016 0.018
2 0.137 0.829 0.022 0.014
2 0.046 0.959 0.036 0.054
2 0.018 0.985 0.024 0.026
2 0.019 0.953 0.03 0.046
2 0.03 0.935 0.012 0.014
2 0.266 0.973 0.012 0.006
2 0.265 0.834 0.022 0.012
2 0.254 0.804 0.02 0.02
2 0.369 0.771 0.034 0.042
2 0.545 0.982 0.054 0.032
2 0.455 0.739 0.026 0.038
2 0.505 0.824 0.022 0.048
2 0.573 0.952 0.038 0.028
2 0.595 0.908 0.014 0.024
2 0.629 0.772 0.018 0.02
2 0.668 0.767 0.02 0.026
2 0.69 0.949 0.016 0.01
2 0.728 0.943 0.032 0.038
2 0.77 0.896 0.008 0.012
2 0.784 0.8 0.028 0.032
2 0.801 0.757 0.034 0.026
2 0.859 0.742 0.01 0.012