0 0.692 0.764 0.048 0.052
0 0.558 0.812 0.068 0.084
0 0.514 0.874 0.044 0.04
0 0.41 0.876 0.056 0.064
0 0.309 0.902 0.062 0.06
0 0.582 0.749 0.04 0.042
0 0.965 0.874 0.046 0.048
0 0.905 0.893 0.042 0.054
0 0.86 0.906 0.04 0.048
0 0.813 0.906 0.042 0.064
0 0.76 0.928 0.032 0.052
0 0.696 0.939 0.036 0.054
0 0.555 0.918 0.038 0.06
0 0.479 0.972 0.034 0.044
0 0.409 0.976 0.054 0.044
0 0.887 0.832 0.038 0.06
0 0.814 0.814 0.044 0.056
0 0.746 0.884 0.04 0.048
0 0.272 0.95 0.04 0.044
0 0.242 0.978 0.052 0.04
0 0.965 0.705 0.034 0.054
0 0.988 0.728 0.02 0.032
0 0.831 0.699 0.038 0.054
0 0.804 0.725 0.028 0.046
0 0.782 0.67 0.032 0.06
0 0.741 0.682 0.042 0.056
0 0.737 0.601 0.05 0.078
0 0.703 0.563 0.038 0.058
0 0.574 0.671 0.044 0.05
0 0.575 0.643 0.038 0.05
0 0.474 0.628 0.04 0.056
0 0.372 0.724 0.032 0.04
0 0.286 0.772 0.036 0.036
0 0.182 0.923 0.04 0.046
0 0.29 0.883 0.048 0.05
0 0.269 0.877 0.07 0.07
0 0.929 0.615 0.042 0.098
0 0.913 0.585 0.046 0.07
0 0.93 0.523 0.052 0.066
0 0.866 0.527 0.032 0.05
0 0.792 0.5 0.052 0.052
0 0.737 0.418 0.058 0.08
0 0.666 0.429 0.048 0.05
0 0.826 0.376 0.044 0.048
0 0.926 0.38 0.036 0.064
0 0.939 0.314 0.042 0.064
0 0.49 0.524 0.056 0.064
0 0.438 0.54 0.04 0.036
0 0.427 0.427 0.03 0.046
0 0.352 0.455 0.032 0.03
0 0.246 0.632 0.052 0.056
0 0.169 0.633 0.05 0.038
0 0.206 0.595 0.06 0.062
0 0.118 0.452 0.044 0.072
0 0.033 0.505 0.038 0.05
0 0.516 0.376 0.048 0.044
0 0.45 0.391 0.04 0.03
0 0.328 0.516 0.06 0.06
0 0.228 0.492 0.052 0.052
0 0.238 0.457 0.028 0.034
0 0.188 0.471 0.052 0.046
0 0.18 0.418 0.044 0.068
0 0.603 0.508 0.078 0.092
0 0.586 0.489 0.044 0.066
0 0.084 0.783 0.04 0.046
0 0.087 0.728 0.038 0.052
0 0.114 0.682 0.036 0.04
0 0.06 0.698 0.048 0.056
0 0.021 0.657 0.038 0.062
0 0.306 0.582 0.044 0.052
0 0.324 0.649 0.048 0.034
0 0.805 0.459 0.026 0.026
0 0.969 0.161 0.038 0.066
0 0.929 0.138 0.034 0.048
0 0.966 0.078 0.036 0.052
0 0.85 0.071 0.028 0.042
0 0.848 0.296 0.032 0.04
0 0.777 0.213 0.034 0.05
0 0.769 0.136 0.05 0.064
0 0.694 0.197 0.036 0.042
0 0.613 0.204 0.034 0.04
0 0.661 0.17 0.038 0.048
0 0.64 0.143 0.032 0.05
0 0.714 0.302 0.044 0.052
0 0.693 0.288 0.03 0.036
0 0.651 0.259 0.034 0.062
0 0.682 0.246 0.036 0.056
0 0.528 0.322 0.028 0.056
0 0.502 0.27 0.04 0.068
0 0.473 0.323 0.03 0.038
0 0.576 0.336 0.04 0.044
0 0.406 0.316 0.036 0.044
0 0.304 0.279 0.056 0.062
0 0.353 0.356 0.034 0.036
0 0.416 0.238 0.04 0.044
0 0.367 0.204 0.046 0.04
0 0.791 0.023 0.042 0.042
0 0.749 0.016 0.034 0.028
0 0.541 0.13 0.034 0.044
0 0.532 0.088 0.048 0.052
0 0.561 0.139 0.026 0.038
0 0.427 0.088 0.042 0.048
0 0.205 0.089 0.05 0.07
0 0.119 0.066 0.074 0.056
0 0.107 0.12 0.054 0.06
0 0.051 0.099 0.046 0.054
0 0.204 0.201 0.036 0.046
0 0.168 0.158 0.04 0.048
0 0.065 0.202 0.042 0.052
0 0.023 0.229 0.042 0.042
0 0.043 0.368 0.034 0.04
0 0.048 0.316 0.048 0.036
0 0.302 0.115 0.04 0.042
0 0.265 0.134 0.026 0.076
0 0.371 0.165 0.038 0.058
0 0.586 0.034 0.044 0.06
0 0.396 0.021 0.04 0.038
0 0.26 0.024 0.064 0.044
0 0.054 0.025 0.036 0.038
0 0.704 0.089 0.028 0.034
1 0.211 0.45 0.026 0.028
1 0.709 0.863 0.03 0.022
1 0.629 0.871 0.018 0.018
1 0.616 0.898 0.02 0.028
1 0.335 0.929 0.022 0.03
1 0.632 0.579 0.02 0.026
1 0.572 0.571 0.016 0.014
1 0.607 0.674 0.022 0.016
1 0.415 0.672 0.03 0.028
1 0.322 0.734 0.028 0.028
1 0.138 0.933 0.032 0.018
1 0.102 0.927 0.032 0.03
1 0.156 0.888 0.036 0.032
1 0.322 0.843 0.028 0.022
1 0.324 0.799 0.024 0.03
1 0.336 0.785 0.024 0.022
1 0.148 0.865 0.036 0.026
1 0.988 0.584 0.02 0.04
1 0.951 0.737 0.022 0.018
1 0.871 0.699 0.034 0.034
1 0.873 0.659 0.018 0.022
1 0.854 0.48 0.02 0.024
1 0.865 0.383 0.026 0.026
1 0.832 0.403 0.024 0.022
1 0.983 0.404 0.014 0.028
1 0.471 0.462 0.022 0.02
1 0.464 0.444 0.016 0.02
1 0.402 0.438 0.016 0.032
1 0.124 0.536 0.024 0.016
1 0.091 0.556 0.022 0.032
1 0.275 0.431 0.018 0.022
1 0.542 0.433 0.032 0.034
1 0.031 0.784 0.018 0.024
1 0.071 0.752 0.022 0.02
1 0.02 0.822 0.024 0.036
1 0.343 0.577 0.018 0.022
1 0.292 0.627 0.02 0.022
1 0.94 0.959 0.024 0.022
1 0.867 0.949 0.03 0.018
1 0.874 0.972 0.02 0.028
1 0.85 0.045 0.028 0.022
1 0.93 0.257 0.02 0.03
1 0.929 0.22 0.03 0.036
1 0.897 0.262 0.018 0.032
1 0.652 0.21 0.016 0.02
1 0.598 0.118 0.016 0.04
1 0.716 0.34 0.032 0.036
1 0.767 0.284 0.018 0.016
1 0.742 0.322 0.016 0.02
1 0.783 0.34 0.038 0.028
1 0.735 0.503 0.014 0.022
1 0.709 0.473 0.018 0.018
1 0.654 0.341 0.024 0.018
1 0.519 0.211 0.03 0.03
1 0.381 0.374 0.03 0.032
1 0.37 0.404 0.024 0.016
1 0.299 0.354 0.022 0.028
1 0.394 0.297 0.02 0.026
1 0.383 0.266 0.014 0.028
1 0.331 0.294 0.038 0.04
1 0.32 0.239 0.028 0.022
1 0.716 0.018 0.016 0.024
1 0.659 0.012 0.022 0.02
1 0.491 0.077 0.026 0.022
1 0.478 0.059 0.012 0.046
1 0.484 0.118 0.012 0.036
1 0.472 0.188 0.02 0.02
1 0.098 0.199 0.016 0.03
1 0.275 0.085 0.022 0.034
1 0.322 0.163 0.032 0.034
1 0.308 0.154 0.02 0.024
1 0.081 0.341 0.042 0.026
1 0.122 0.3 0.032 0.028
1 0.198 0.239 0.032 0.03
1 0.278 0.684 0.016 0.02
1 0.258 0.691 0.024 0.03
1 0.164 0.11 0.02 0.036
1 0.535 0.031 0.014 0.026
1 0.523 0.016 0.034 0.028
1 0.354 0.027 0.024 0.022
1 0.305 0.022 0.026 0.028
1 0.185 0.026 0.01 0.024
1 0.739 0.062 0.022 0.024
1 0.548 0.288 0.024 0.024
2 0.54 0.615 0.016 0.022
2 0.913 0.735 0.026 0.014
2 0.916 0.726 0.016 0.012
2 0.288 0.5 0.032 0.044
2 0.577 0.413 0.03 0.038
2 0.544 0.472 0.016 0.02
2 0.825 0.456 0.014 0.024
2 0.954 0.028 0.028 0.044
2 0.882 0.06 0.016 0.02
2 0.854 0.207 0.028 0.034
2 0.617 0.126 0.026 0.032
2 0.14 0.264 0.02 0.032
2 0.154 0.013 0.032 0.022
2 0.751 0.101 0.022 0.03
2 0.706 0.132 0.012 0.012