0 0.466 0.695 0.044 0.066
0 0.526 0.686 0.044 0.068
0 0.423 0.734 0.058 0.048
0 0.221 0.669 0.038 0.05
0 0.307 0.652 0.038 0.04
0 0.28 0.534 0.056 0.052
0 0.332 0.557 0.04 0.05
0 0.269 0.582 0.046 0.064
0 0.344 0.605 0.036 0.034
0 0.459 0.584 0.046 0.06
0 0.466 0.877 0.044 0.054
0 0.532 0.974 0.04 0.032
0 0.602 0.964 0.04 0.036
0 0.721 0.944 0.038 0.044
0 0.753 0.938 0.038 0.052
0 0.814 0.981 0.036 0.034
0 0.852 0.915 0.036 0.05
0 0.968 0.905 0.036 0.05
0 0.933 0.828 0.038 0.056
0 0.821 0.876 0.046 0.052
0 0.837 0.82 0.046 0.056
0 0.776 0.718 0.036 0.068
0 0.745 0.636 0.042 0.048
0 0.768 0.605 0.04 0.05
0 0.799 0.543 0.034 0.058
0 0.573 0.208 0.026 0.04
0 0.61 0.224 0.028 0.056
0 0.642 0.218 0.036 0.04
0 0.636 0.143 0.04 0.034
0 0.72 0.202 0.04 0.044
0 0.483 0.194 0.034 0.052
0 0.474 0.147 0.036 0.042
0 0.558 0.067 0.044 0.034
0 0.623 0.06 0.034 0.044
0 0.591 0.019 0.034 0.034
0 0.553 0.029 0.038 0.03
0 0.802 0.052 0.04 0.048
0 0.814 0.083 0.032 0.03
0 0.937 0.09 0.034 0.04
0 0.963 0.144 0.046 0.028
0 0.99 0.126 0.016 0.048
0 0.852 0.16 0.04 0.044
0 0.888 0.225 0.044 0.042
0 0.89 0.307 0.052 0.054
0 0.851 0.27 0.03 0.04
0 0.88 0.373 0.036 0.038
0 0.806 0.394 0.036 0.044
0 0.79 0.452 0.04 0.036
0 0.659 0.439 0.058 0.03
0 0.244 0.402 0.036 0.052
0 0.282 0.319 0.032 0.042
0 0.336 0.406 0.044 0.044
0 0.217 0.236 0.042 0.052
0 0.288 0.173 0.044 0.034
0 0.183 0.021 0.034 0.03
0 0.153 0.038 0.038 0.036
0 0.038 0.115 0.032 0.042
0 0.071 0.351 0.034 0.042
0 0.116 0.356 0.032 0.032
0 0.167 0.343 0.03 0.038
0 0.386 0.332 0.04 0.036
0 0.383 0.244 0.034 0.044
0 0.13 0.802 0.044 0.04
0 0.156 0.765 0.04 0.054
0 0.108 0.737 0.044 0.038
0 0.197 0.728 0.038 0.068
0 0.291 0.761 0.038 0.05
0 0.27 0.732 0.036 0.044
0 0.014 0.647 0.028 0.038
0 0.106 0.61 0.044 0.044
0 0.025 0.607 0.042 0.042
0 0.019 0.549 0.038 0.05
0 0.142 0.702 0.04 0.048
0 0.132 0.658 0.036 0.036
0 0.171 0.607 0.042 0.038
0 0.473 0.313 0.038 0.042
0 0.521 0.332 0.038 0.052
0 0.56 0.381 0.036 0.042
0 0.613 0.367 0.05 0.046
0 0.578 0.358 0.028 0.028
0 0.68 0.306 0.036 0.052
0 0.665 0.267 0.038 0.038
0 0.401 0.49 0.034 0.048
0 0.232 0.355 0.036 0.038
0 0.073 0.231 0.042 0.034
0 0.008 0.214 0.016 0.036
0 0.032 0.011 0.04 0.018
0 0.123 0.011 0.046 0.018
0 0.157 0.096 0.042 0.04
0 0.28 0.09 0.016 0.032
0 0.373 0.017 0.038 0.03
0 0.302 0.008 0.04 0.012
0 0.371 0.12 0.03 0.04
0 0.449 0.036 0.026 0.036
0 0.434 0.011 0.024 0.018
0 0.678 0.06 0.032 0.036
0 0.704 0.023 0.036 0.042
0 0.778 0.008 0.04 0.012
0 0.986 0.059 0.024 0.042
0 0.865 0.059 0.03 0.034
0 0.913 0.135 0.03 0.03
0 0.965 0.297 0.03 0.026
0 0.929 0.254 0.01 0.036
0 0.994 0.325 0.008 0.042
0 0.954 0.489 0.036 0.038
0 0.987 0.522 0.022 0.052
0 0.859 0.604 0.042 0.048
0 0.956 0.666 0.048 0.064
0 0.927 0.767 0.042 0.038
0 0.846 0.866 0.044 0.032
0 0.793 0.803 0.022 0.026
0 0.645 0.828 0.03 0.036
0 0.677 0.828 0.034 0.052
0 0.568 0.907 0.032 0.066
0 0.564 0.951 0.028 0.038
0 0.368 0.922 0.052 0.044
0 0.276 0.956 0.032 0.032
0 0.358 0.992 0.044 0.012
0 0.345 0.96 0.038 0.032
0 0.172 0.933 0.04 0.034
0 0.029 0.926 0.05 0.044
0 0.016 0.886 0.032 0.048
0 0.004 0.989 0.008 0.018
0 0.068 0.996 0.028 0.004
0 0.125 0.923 0.026 0.046
0 0.248 0.987 0.028 0.022
0 0.249 0.916 0.038 0.036
0 0.24 0.884 0.036 0.032
0 0.858 0.965 0.044 0.042
0 0.629 0.637 0.034 0.05
0 0.536 0.51 0.048 0.068
0 0.463 0.427 0.034 0.046
0 0.298 0.379 0.044 0.038
0 0.306 0.452 0.04 0.044
0 0.162 0.15 0.04 0.048
0 0.903 0.954 0.038 0.04
0 0.384 0.625 0.052 0.042
0 0.376 0.656 0.04 0.028
0 0.785 0.993 0.022 0.01
0 0.875 0.995 0.046 0.006
0 0.014 0.436 0.028 0.056
0 0.255 0.271 0.026 0.034
0 0.231 0.058 0.038 0.036
0 0.557 0.427 0.042 0.046
0 0.994 0.387 0.008 0.018
0 0.548 0.011 0.036 0.018
0 0.434 0.466 0.04 0.04
1 0.494 0.373 0.028 0.026
1 0.364 0.485 0.02 0.026
1 0.089 0.058 0.014 0.02
1 0.461 0.107 0.026 0.022
1 0.884 0.04 0.024 0.024
1 0.872 0.832 0.016 0.028
1 0.613 0.942 0.022 0.02
1 0.671 0.949 0.018 0.034
1 0.402 0.979 0.036 0.022
1 0.107 0.945 0.026 0.018
1 0.123 0.259 0.022 0.03
1 0.474 0.946 0.024 0.028
1 0.248 0.307 0.016 0.038
1 0.839 0.402 0.014 0.016
1 0.868 0.474 0.02 0.016
1 0.832 0.653 0.02 0.014
1 0.027 0.87 0.018 0.016
1 0.067 0.851 0.018 0.014
1 0.54 0.823 0.024 0.026
1 0.557 0.8 0.022 0.024
1 0.574 0.699 0.016 0.018
1 0.962 0.992 0.036 0.012
1 0.39 0.067 0.024 0.022
1 0.621 0.177 0.022 0.026
1 0.711 0.486 0.026 0.016
1 0.7 0.517 0.024 0.026
1 0.087 0.45 0.018 0.02
1 0.232 0.597 0.016 0.018
1 0.478 0.368 0.02 0.02
1 0.746 0.191 0.016 0.026
2 0.206 0.285 0.036 0.03
2 0.075 0.616 0.026 0.024
2 0.534 0.225 0.024 0.038
2 0.542 0.251 0.02 0.022
2 0.475 0.256 0.026 0.02
2 0.341 0.476 0.022 0.028
2 0.236 0.456 0.016 0.016
2 0.207 0.359 0.022 0.034
2 0.066 0.259 0.028 0.018
2 0.266 0.091 0.012 0.018
2 0.132 0.078 0.032 0.028
2 0.04 0.071 0.016 0.022
2 0.973 0.258 0.038 0.024
2 0.93 0.466 0.032 0.032
2 0.969 0.455 0.014 0.018
2 0.864 0.731 0.036 0.054
2 0.911 0.749 0.026 0.022
2 0.973 0.604 0.014 0.016
2 0.842 0.572 0.008 0.028
2 0.87 0.789 0.012 0.022
2 0.094 0.931 0.012 0.01
2 0.076 0.871 0.016 0.014
2 0.085 0.887 0.022 0.022
2 0.36 0.864 0.016 0.04
2 0.392 0.888 0.028 0.024
2 0.185 0.871 0.038 0.014
2 0.307 0.082 0.034 0.036
2 0.8 0.137 0.02 0.026
2 0.828 0.169 0.02 0.034
2 0.882 0.187 0.02 0.03
2 0.3 0.27 0.032 0.016
2 0.72 0.437 0.02 0.014
2 0.754 0.403 0.028 0.034
2 0.769 0.281 0.014 0.026
2 0.566 0.121 0.028 0.026
2 0.523 0.078 0.018 0.02
2 0.988 0.842 0.02 0.024
2 0.897 0.833 0.01 0.022
2 0.706 0.679 0.028 0.038
2 0.486 0.525 0.032 0.054
2 0.064 0.412 0.02 0.02
2 0.228 0.501 0.028 0.038
2 0.459 0.795 0.03 0.022
2 0.48 0.789 0.016 0.038
2 0.585 0.85 0.03 0.048
2 0.512 0.882 0.012 0.02
2 0.241 0.75 0.014 0.02
2 0.173 0.808 0.022 0.02
2 0.177 0.975 0.03 0.018
2 0.071 0.812 0.018 0.02
2 0.112 0.827 0.012 0.014
2 0.1 0.819 0.012 0.018
2 0.495 0.795 0.01 0.026
2 0.465 0.844 0.006 0.02
2 0.468 0.983 0.028 0.03
2 0.903 0.855 0.014 0.014
2 0.058 0.512 0.028 0.032
2 0.406 0.453 0.016 0.022
2 0.245 0.216 0.034 0.028
2 0.607 0.762 0.022 0.024
2 0.597 0.603 0.022 0.014
2 0.668 0.646 0.008 0.008
2 0.714 0.585 0.028 0.034
2 0.31 0.152 0.024 0.028
2 0.349 0.123 0.014 0.014
2 0.255 0.106 0.006 0.012
2 0.406 0.31 0.024 0.04
2 0.759 0.779 0.014 0.018
2 0.834 0.416 0.028 0.02
2 0.704 0.392 0.016 0.012
2 0.836 0.45 0.024 0.016
2 0.537 0.61 0.022 0.016
2 0.231 0.544 0.018 0.024
2 0.949 0.537 0.03 0.026
2 0.907 0.402 0.018 0.032
2 0.384 0.214 0.04 0.036
2 0.351 0.269 0.014 0.01
2 0.102 0.06 0.02 0.024
2 0.785 0.81 0.022 0.032
2 0.649 0.34 0.034 0.032
2 0.4 0.392 0.016 0.016
2 0.789 0.117 0.038 0.022
2 0.952 0.193 0.044 0.014
2 0.055 0.079 0.022 0.026