0 0.861 0.88 0.046 0.068
0 0.158 0.919 0.052 0.042
0 0.151 0.887 0.05 0.038
0 0.044 0.821 0.056 0.058
0 0.045 0.732 0.05 0.04
0 0.067 0.69 0.05 0.052
0 0.121 0.69 0.038 0.044
0 0.177 0.817 0.062 0.07
0 0.038 0.633 0.072 0.082
0 0.208 0.772 0.04 0.028
0 0.207 0.729 0.058 0.066
0 0.248 0.718 0.048 0.056
0 0.247 0.933 0.046 0.05
0 0.303 0.902 0.042 0.052
0 0.265 0.977 0.05 0.042
0 0.351 0.98 0.042 0.036
0 0.407 0.959 0.058 0.058
0 0.225 0.846 0.042 0.06
0 0.286 0.856 0.056 0.032
0 0.303 0.75 0.054 0.08
0 0.014 0.582 0.028 0.056
0 0.417 0.746 0.046 0.056
0 0.379 0.575 0.054 0.058
0 0.362 0.636 0.048 0.052
0 0.5 0.864 0.052 0.06
0 0.514 0.793 0.048 0.058
0 0.58 0.868 0.04 0.036
0 0.64 0.85 0.048 0.056
0 0.548 0.922 0.052 0.052
0 0.598 0.95 0.036 0.036
0 0.632 0.988 0.04 0.02
0 0.657 0.917 0.038 0.034
0 0.688 0.793 0.044 0.082
0 0.75 0.776 0.044 0.06
0 0.413 0.698 0.046 0.024
0 0.588 0.68 0.044 0.068
0 0.634 0.643 0.052 0.062
0 0.739 0.737 0.046 0.054
0 0.833 0.686 0.05 0.072
0 0.895 0.826 0.042 0.076
0 0.953 0.806 0.054 0.06
0 0.966 0.742 0.052 0.068
0 0.985 0.846 0.026 0.064
0 0.914 0.883 0.036 0.034
0 0.918 0.976 0.044 0.044
0 0.771 0.909 0.042 0.042
0 0.776 0.833 0.06 0.082
0 0.736 0.616 0.048 0.072
0 0.773 0.676 0.034 0.06
0 0.522 0.527 0.044 0.074
0 0.465 0.507 0.038 0.046
0 0.895 0.61 0.042 0.08
0 0.974 0.589 0.048 0.09
0 0.872 0.519 0.044 0.074
0 0.2 0.501 0.048 0.054
0 0.194 0.451 0.052 0.058
0 0.364 0.444 0.052 0.056
0 0.658 0.583 0.036 0.046
0 0.754 0.518 0.044 0.064
0 0.712 0.301 0.04 0.066
0 0.675 0.336 0.054 0.08
0 0.59 0.453 0.032 0.042
0 0.984 0.345 0.028 0.09
0 0.892 0.349 0.032 0.038
0 0.048 0.387 0.072 0.078
0 0.017 0.255 0.034 0.034
0 0.016 0.139 0.032 0.066
0 0.071 0.077 0.062 0.062
0 0.144 0.042 0.04 0.048
0 0.027 0.008 0.038 0.012
0 0.192 0.226 0.048 0.056
0 0.102 0.239 0.048 0.046
0 0.143 0.316 0.042 0.044
0 0.383 0.297 0.05 0.062
0 0.454 0.226 0.044 0.06
0 0.536 0.246 0.036 0.06
0 0.554 0.165 0.048 0.066
0 0.645 0.146 0.046 0.064
0 0.622 0.228 0.056 0.048
0 0.746 0.127 0.04 0.054
0 0.408 0.223 0.024 0.026
0 0.219 0.27 0.034 0.04
0 0.272 0.223 0.044 0.042
0 0.337 0.052 0.046 0.044
0 0.359 0.132 0.046 0.06
0 0.447 0.069 0.054 0.062
0 0.409 0.068 0.03 0.044
0 0.398 0.008 0.032 0.012
0 0.376 0.184 0.04 0.044
0 0.704 0.025 0.064 0.046
0 0.796 0.023 0.052 0.042
0 0.822 0.201 0.044 0.07
0 0.849 0.138 0.046 0.08
0 0.965 0.053 0.038 0.074
0 0.565 0.101 0.034 0.034
0 0.82 0.296 0.032 0.048
0 0.52 0.359 0.028 0.038
0 0.981 0.287 0.034 0.042
0 0.748 0.376 0.032 0.04
0 0.534 0.417 0.028 0.034
0 0.807 0.436 0.03 0.04
0 0.348 0.224 0.028 0.032
1 0.084 0.782 0.036 0.032
1 0.222 0.751 0.02 0.014
1 0.203 0.746 0.014 0.016
1 0.258 0.898 0.02 0.012
1 0.273 0.925 0.022 0.026
1 0.369 0.941 0.018 0.026
1 0.38 0.888 0.02 0.024
1 0.19 0.853 0.024 0.018
1 0.254 0.82 0.016 0.028
1 0.264 0.822 0.012 0.02
1 0.307 0.787 0.014 0.022
1 0.294 0.787 0.012 0.022
1 0.337 0.669 0.03 0.018
1 0.299 0.669 0.026 0.018
1 0.429 0.797 0.026 0.034
1 0.444 0.688 0.016 0.032
1 0.872 0.911 0.016 0.026
1 0.803 0.867 0.026 0.022
1 0.824 0.753 0.024 0.014
1 0.853 0.753 0.038 0.034
1 0.582 0.774 0.016 0.02
1 0.878 0.768 0.032 0.032
1 0.912 0.739 0.012 0.014
1 0.783 0.635 0.026 0.018
1 0.815 0.581 0.022 0.026
1 0.468 0.635 0.036 0.042
1 0.508 0.679 0.036 0.038
1 0.318 0.611 0.02 0.018
1 0.35 0.605 0.032 0.03
1 0.842 0.558 0.016 0.016
1 0.851 0.617 0.03 0.042
1 0.949 0.556 0.014 0.016
1 0.981 0.635 0.034 0.034
1 0.281 0.421 0.014 0.034
1 0.693 0.54 0.022 0.02
1 0.68 0.548 0.012 0.012
1 0.59 0.376 0.02 0.024
1 0.577 0.33 0.034 0.036
1 0.85 0.464 0.016 0.028
1 0.645 0.391 0.03 0.03
1 0.812 0.401 0.02 0.01
1 0.014 0.224 0.02 0.02
1 0.08 0.01 0.024 0.016
1 0.196 0.041 0.028 0.018
1 0.092 0.166 0.02 0.028
1 0.181 0.354 0.034 0.032
1 0.025 0.485 0.026 0.03
1 0.49 0.219 0.02 0.05
1 0.661 0.199 0.026 0.014
1 0.3 0.26 0.02 0.02
1 0.42 0.201 0.02 0.022
1 0.39 0.131 0.016 0.022
1 0.494 0.051 0.024 0.026
1 0.329 0.228 0.018 0.028
1 0.837 0.03 0.022 0.02
1 0.762 0.208 0.016 0.028
1 0.788 0.193 0.016 0.018
1 0.917 0.152 0.018 0.032
1 0.945 0.156 0.026 0.02
1 0.189 0.194 0.034 0.016
1 0.164 0.192 0.028 0.02
1 0.823 0.147 0.018 0.03
1 0.856 0.2 0.032 0.024
1 0.927 0.21 0.03 0.028
1 0.935 0.197 0.034 0.034
1 0.92 0.234 0.02 0.04
1 0.99 0.409 0.016 0.018
1 0.983 0.42 0.01 0.016
1 0.993 0.423 0.01 0.018
1 0.317 0.083 0.022 0.014
1 0.326 0.094 0.02 0.012
1 0.513 0.405 0.014 0.018
1 0.511 0.424 0.018 0.02
1 0.642 0.285 0.016 0.014
1 0.653 0.262 0.038 0.032
1 0.654 0.29 0.008 0.012
1 0.733 0.406 0.014 0.032
1 0.16 0.088 0.028 0.028
1 0.444 0.134 0.012 0.016
1 0.445 0.012 0.014 0.016
1 0.446 0.027 0.016 0.014
2 0.363 0.749 0.054 0.066
2 0.061 0.961 0.026 0.026
2 0.063 0.943 0.018 0.01
2 0.079 0.944 0.018 0.016
2 0.149 0.783 0.034 0.038
2 0.348 0.891 0.04 0.046
2 0.451 0.906 0.018 0.012
2 0.692 0.977 0.028 0.03
2 0.705 0.993 0.03 0.01
2 0.714 0.979 0.016 0.018
2 0.878 0.97 0.036 0.056
2 0.433 0.539 0.03 0.034
2 0.2 0.599 0.048 0.034
2 0.093 0.429 0.022 0.022
2 0.199 0.283 0.01 0.018
2 0.617 0.541 0.014 0.022
2 0.766 0.334 0.016 0.024
2 0.47 0.463 0.012 0.014
2 0.679 0.501 0.018 0.026
2 0.265 0.31 0.014 0.012
2 0.297 0.36 0.05 0.04
2 0.188 0.105 0.032 0.01
2 0.195 0.123 0.022 0.018
2 0.296 0.123 0.02 0.022