0 0.317 0.806 0.07 0.064
0 0.415 0.847 0.05 0.062
0 0.521 0.857 0.054 0.05
0 0.693 0.854 0.046 0.032
0 0.609 0.887 0.046 0.046
0 0.68 0.961 0.048 0.062
0 0.572 0.984 0.044 0.028
0 0.811 0.959 0.034 0.03
0 0.856 0.944 0.088 0.088
0 0.968 0.944 0.044 0.06
0 0.767 0.881 0.022 0.026
0 0.774 0.84 0.028 0.02
0 0.79 0.859 0.032 0.034
0 0.832 0.869 0.024 0.026
0 0.545 0.771 0.038 0.05
0 0.455 0.728 0.066 0.096
0 0.506 0.783 0.04 0.034
0 0.507 0.743 0.038 0.026
0 0.5 0.712 0.04 0.036
0 0.583 0.676 0.042 0.036
0 0.642 0.668 0.06 0.068
0 0.709 0.684 0.034 0.044
0 0.717 0.659 0.042 0.038
0 0.842 0.623 0.08 0.058
0 0.814 0.562 0.04 0.036
0 0.899 0.601 0.038 0.042
0 0.929 0.506 0.066 0.064
0 0.701 0.473 0.05 0.042
0 0.741 0.47 0.03 0.04
0 0.707 0.428 0.03 0.028
0 0.681 0.385 0.038 0.038
0 0.689 0.358 0.042 0.032
0 0.828 0.344 0.048 0.052
0 0.87 0.214 0.032 0.04
0 0.8 0.233 0.04 0.03
0 0.602 0.215 0.044 0.034
0 0.71 0.255 0.044 0.046
0 0.545 0.302 0.038 0.036
0 0.457 0.264 0.058 0.068
0 0.451 0.212 0.034 0.036
0 0.498 0.23 0.06 0.048
0 0.519 0.622 0.026 0.024
0 0.485 0.569 0.03 0.026
0 0.376 0.488 0.072 0.068
0 0.339 0.546 0.034 0.028
0 0.315 0.479 0.046 0.058
0 0.254 0.539 0.036 0.046
0 0.21 0.548 0.044 0.056
0 0.137 0.538 0.046 0.044
0 0.043 0.561 0.054 0.046
0 0.074 0.631 0.032 0.058
0 0.116 0.68 0.024 0.028
0 0.173 0.731 0.058 0.054
0 0.277 0.731 0.046 0.038
0 0.295 0.672 0.058 0.068
0 0.241 0.634 0.022 0.028
0 0.439 0.5 0.042 0.052
0 0.385 0.429 0.034 0.034
0 0.282 0.388 0.044 0.036
0 0.34 0.354 0.04 0.044
0 0.274 0.279 0.04 0.046
0 0.215 0.361 0.034 0.034
0 0.074 0.221 0.04 0.038
0 0.017 0.326 0.034 0.044
0 0.067 0.384 0.038 0.04
0 0.124 0.372 0.028 0.032
0 0.147 0.42 0.034 0.04
0 0.055 0.299 0.038 0.042
0 0.087 0.293 0.03 0.046
0 0.096 0.261 0.04 0.046
0 0.139 0.241 0.042 0.038
0 0.09 0.094 0.048 0.08
0 0.193 0.125 0.038 0.054
0 0.332 0.095 0.044 0.034
0 0.325 0.073 0.038 0.034
0 0.42 0.068 0.044 0.036
0 0.413 0.092 0.042 0.036
0 0.483 0.1 0.034 0.032
0 0.519 0.113 0.038 0.03
0 0.517 0.155 0.018 0.03
0 0.553 0.163 0.038 0.042
0 0.632 0.2 0.048 0.032
0 0.678 0.145 0.04 0.046
0 0.766 0.17 0.04 0.048
0 0.817 0.139 0.034 0.046
0 0.929 0.092 0.03 0.036
0 0.963 0.111 0.054 0.058
0 0.97 0.212 0.048 0.04
0 0.897 0.187 0.05 0.038
0 0.543 0.088 0.038 0.036
0 0.59 0.12 0.04 0.036
0 0.633 0.059 0.05 0.038
0 0.687 0.069 0.034 0.026
0 0.438 0.025 0.04 0.038
0 0.298 0.015 0.048 0.026
0 0.142 0.043 0.036 0.038
0 0.041 0.008 0.03 0.012
0 0.276 0.167 0.036 0.046
0 0.428 0.446 0.04 0.052
0 0.553 0.408 0.03 0.04
0 0.463 0.351 0.042 0.034
0 0.481 0.423 0.034 0.038
0 0.5 0.434 0.032 0.032
0 0.247 0.335 0.05 0.042
0 0.592 0.376 0.036 0.044
0 0.432 0.304 0.044 0.04
0 0.034 0.493 0.052 0.058
0 0.247 0.415 0.05 0.038
0 0.291 0.525 0.05 0.042
0 0.261 0.495 0.01 0.01
0 0.277 0.488 0.018 0.024
0 0.355 0.381 0.026 0.018
0 0.498 0.294 0.04 0.06
0 0.516 0.564 0.02 0.024
0 0.563 0.558 0.034 0.044
0 0.383 0.529 0.03 0.026
0 0.682 0.28 0.044 0.036
0 0.708 0.114 0.036 0.036
0 0.779 0.052 0.042 0.056
0 0.218 0.686 0.052 0.028
0 0.168 0.653 0.024 0.022
0 0.024 0.733 0.036 0.054
0 0.077 0.683 0.018 0.03
0 0.164 0.625 0.036 0.026
0 0.366 0.645 0.048 0.026
0 0.373 0.661 0.026 0.026
0 0.61 0.545 0.04 0.03
0 0.965 0.618 0.046 0.044
0 0.99 0.554 0.016 0.048
0 0.89 0.46 0.064 0.072
0 0.77 0.41 0.036 0.028
0 0.399 0.327 0.042 0.05
0 0.501 0.336 0.038 0.04
0 0.494 0.354 0.024 0.02
0 0.168 0.308 0.032 0.048
0 0.208 0.273 0.048 0.054
0 0.232 0.274 0.036 0.036
0 0.257 0.217 0.034 0.038
0 0.288 0.227 0.06 0.062
0 0.149 0.02 0.05 0.036
0 0.189 0.005 0.03 0.006
0 0.394 0.016 0.036 0.028
0 0.42 0.01 0.02 0.016
0 0.721 0.013 0.03 0.022
0 0.888 0.015 0.044 0.026
0 0.847 0.05 0.038 0.048
0 0.954 0.031 0.04 0.046
0 0.885 0.061 0.054 0.078
0 0.729 0.093 0.046 0.034
0 0.731 0.067 0.038 0.03
0 0.742 0.113 0.024 0.026
0 0.699 0.183 0.03 0.038
0 0.688 0.195 0.048 0.058
0 0.63 0.24 0.028 0.044
0 0.645 0.01 0.026 0.016
0 0.679 0.015 0.05 0.026
0 0.132 0.432 0.036 0.036
0 0.106 0.431 0.044 0.042
0 0.047 0.449 0.022 0.026
0 0.096 0.458 0.024 0.024
0 0.021 0.29 0.022 0.024
0 0.042 0.268 0.024 0.028
0 0.79 0.794 0.108 0.112
0 0.751 0.751 0.046 0.034
0 0.952 0.86 0.044 0.052
0 0.89 0.663 0.028 0.018
0 0.911 0.693 0.05 0.038
0 0.902 0.714 0.028 0.024
0 0.944 0.693 0.024 0.03
0 0.976 0.677 0.044 0.046
0 0.902 0.827 0.032 0.038
0 0.054 0.87 0.068 0.076
0 0.074 0.924 0.056 0.08
0 0.149 0.917 0.046 0.054
0 0.014 0.99 0.028 0.016
0 0.055 0.99 0.026 0.016
0 0.15 0.959 0.024 0.03
0 0.223 0.96 0.022 0.02
0 0.529 0.986 0.038 0.024
0 0.43 0.955 0.048 0.054
0 0.329 0.995 0.034 0.006
0 0.636 0.773 0.028 0.03
0 0.686 0.6 0.04 0.048
0 0.764 0.69 0.068 0.052
0 0.962 0.587 0.044 0.034
0 0.791 0.366 0.026 0.028
0 0.313 0.867 0.03 0.03
0 0.288 0.91 0.072 0.088
0 0.354 0.765 0.02 0.034
0 0.602 0.462 0.06 0.056
0 0.764 0.254 0.04 0.032
0 0.013 0.637 0.026 0.034
0 0.013 0.608 0.026 0.036
0 0.014 0.509 0.028 0.038
0 0.173 0.847 0.034 0.05
0 0.004 0.401 0.008 0.038
0 0.006 0.362 0.012 0.032
0 0.542 0.211 0.036 0.03
0 0.987 0.385 0.022 0.074
0 0.217 0.653 0.046 0.034
0 0.258 0.582 0.036 0.036
0 0.177 0.088 0.03 0.02
0 0.5 0.041 0.032 0.022
0 0.536 0.039 0.032 0.058
0 0.763 0.373 0.034 0.03
0 0.728 0.977 0.032 0.026
0 0.969 0.986 0.058 0.028
0 0.04 0.966 0.072 0.04
0 0.616 0.974 0.072 0.048
1 0.34 0.855 0.012 0.014
1 0.33 0.959 0.004 0.01
1 0.344 0.955 0.008 0.01
1 0.343 0.964 0.01 0.004
1 0.185 0.825 0.018 0.018
1 0.404 0.912 0.016 0.02
1 0.384 0.9 0.02 0.02
1 0.864 0.811 0.016 0.03
1 0.714 0.555 0.024 0.022
1 0.866 0.552 0.02 0.02
1 0.683 0.546 0.014 0.024
1 0.668 0.557 0.02 0.026
1 0.195 0.628 0.018 0.016
1 0.015 0.396 0.01 0.012
1 0.027 0.173 0.018 0.026
1 0.183 0.206 0.014 0.016
1 0.171 0.202 0.014 0.012
1 0.217 0.176 0.014 0.012
1 0.426 0.118 0.02 0.02
1 0.619 0.146 0.01 0.016
1 0.599 0.166 0.014 0.016
1 0.728 0.182 0.008 0.02
1 0.82 0.273 0.016 0.03
1 0.885 0.3 0.022 0.024
1 0.974 0.292 0.02 0.028
1 0.827 0.427 0.014 0.022
1 0.841 0.422 0.006 0.016
1 0.849 0.429 0.006 0.014
1 0.747 0.305 0.018 0.018
1 0.88 0.146 0.02 0.02
1 0.604 0.073 0.024 0.022
1 0.177 0.488 0.018 0.02
1 0.451 0.597 0.03 0.014
1 0.441 0.67 0.03 0.016
1 0.663 0.79 0.01 0.008
1 0.673 0.776 0.01 0.012
1 0.671 0.789 0.006 0.006
1 0.752 0.92 0.016 0.02
1 0.712 0.902 0.02 0.02
1 0.086 0.782 0.016 0.016
1 0.119 0.728 0.03 0.02
1 0.601 0.009 0.01 0.01
1 0.444 0.407 0.012 0.01
1 0.305 0.339 0.014 0.018
1 0.296 0.317 0.012 0.01
1 0.308 0.319 0.012 0.022
1 0.296 0.304 0.02 0.008
1 0.242 0.194 0.016 0.02
1 0.114 0.335 0.016 0.014
1 0.201 0.312 0.01 0.016
1 0.212 0.328 0.016 0.012
1 0.213 0.312 0.006 0.012
1 0.209 0.304 0.006 0.008
1 0.207 0.319 0.002 0.006
1 0.158 0.343 0.024 0.03
1 0.243 0.437 0.03 0.018
1 0.291 0.771 0.018 0.018
1 0.483 0.545 0.026 0.014
1 0.586 0.941 0.024 0.018
1 0.62 0.953 0.02 0.018
1 0.644 0.977 0.028 0.022
1 0.983 0.882 0.026 0.028
1 0.493 0.836 0.014 0.016
1 0.479 0.792 0.014 0.016
1 0.106 0.941 0.008 0.014
1 0.104 0.954 0.004 0.008
1 0.914 0.913 0.008 0.022
1 0.858 0.678 0.02 0.016
1 0.907 0.667 0.006 0.006
1 0.964 0.493 0.012 0.01
1 0.972 0.492 0.008 0.008
1 0.771 0.347 0.014 0.018
1 0.774 0.355 0.004 0.002
1 0.782 0.348 0.004 0.004
1 0.509 0.827 0.018 0.01
1 0.599 0.934 0.026 0.028
2 0.032 0.39 0.008 0.008
2 0.02 0.391 0.008 0.01
2 0.088 0.195 0.008 0.006
2 0.592 0.152 0.008 0.008
2 0.674 0.718 0.016 0.008
2 0.662 0.774 0.004 0.012
2 0.271 0.578 0.002 0.008
2 0.157 0.1 0.006 0.008
2 0.15 0.109 0.012 0.014
2 0.475 0.008 0.002 0.004
2 0.587 0.01 0.014 0.008
2 0.592 0.033 0.004 0.006
2 0.686 0.322 0.012 0.012
2 0.7 0.328 0.012 0.008
2 0.573 0.408 0.01 0.012
2 0.436 0.408 0.008 0.004
2 0.437 0.42 0.006 0.004
2 0.447 0.42 0.01 0.004
2 0.442 0.425 0.012 0.006
2 0.378 0.233 0.008 0.014
2 0.482 0.141 0.004 0.006
2 0.05 0.332 0.02 0.02
2 0.066 0.335 0.016 0.022
2 0.126 0.812 0.036 0.024
2 0.104 0.778 0.012 0.02
2 0.149 0.858 0.01 0.016
2 0.447 0.903 0.006 0.014
2 0.457 0.881 0.01 0.014
2 0.239 0.899 0.026 0.042
2 0.202 0.996 0.016 0.004
2 0.12 0.945 0.004 0.01
2 0.129 0.953 0.006 0.006
2 0.267 0.945 0.01 0.01
2 0.713 0.921 0.022 0.006
2 0.731 0.929 0.01 0.014
2 0.736 0.945 0.008 0.01
2 0.738 0.933 0.008 0.014
2 0.774 0.917 0.004 0.006
2 0.832 0.901 0.004 0.01
2 0.888 0.92 0.004 0.016
2 0.942 0.921 0.016 0.026
2 0.935 0.898 0.014 0.016
2 0.924 0.888 0.004 0.004
2 0.959 0.908 0.014 0.012
2 0.862 0.702 0.012 0.012
2 0.818 0.714 0.008 0.008
2 0.777 0.543 0.01 0.006
2 0.802 0.511 0.012 0.006
2 0.801 0.504 0.006 0.004
2 0.98 0.504 0.008 0.004
2 0.979 0.49 0.01 0.008
2 0.927 0.434 0.006 0.008
2 0.886 0.415 0.004 0.006
2 0.879 0.386 0.006 0.008
2 0.728 0.153 0.004 0.01
2 0.739 0.143 0.002 0.006
2 0.765 0.114 0.01 0.008
2 0.775 0.106 0.006 0.004
2 0.765 0.101 0.002 0.006
2 0.588 0.597 0.012 0.018
2 0.595 0.589 0.01 0.018
2 0.611 0.617 0.014 0.018
2 0.638 0.583 0.028 0.026
2 0.467 0.541 0.018 0.018
2 0.025 0.657 0.01 0.014
2 0.033 0.679 0.014 0.018
2 0.096 0.713 0.016 0.006
2 0.708 0.883 0.02 0.014
2 0.132 0.781 0.016 0.014
2 0.344 0.73 0.028 0.024
2 0.6 0.263 0.008 0.014
2 0.836 0.212 0.016 0.012
2 0.898 0.148 0.008 0.008
2 0.914 0.152 0.016 0.012
2 0.918 0.138 0.004 0.008
2 0.929 0.136 0.006 0.012
2 0.988 0.142 0.016 0.012
2 0.994 0.164 0.008 0.016
2 0.957 0.062 0.01 0.004
2 0.966 0.068 0.004 0.004
2 0.986 0.053 0.016 0.01
2 0.23 0.173 0.008 0.014
2 0.353 0.198 0.006 0.012
2 0.329 0.141 0.014 0.018
2 0.531 0.464 0.034 0.024
2 0.789 0.629 0.018 0.022