0 0.087 0.016 0.05 0.032
0 0.059 0.006 0.03 0.012
0 0.022 0.077 0.044 0.038
0 0.175 0.01 0.042 0.02
0 0.124 0.069 0.06 0.03
0 0.026 0.179 0.032 0.034
0 0.09 0.193 0.048 0.05
0 0.196 0.072 0.04 0.036
0 0.239 0.061 0.042 0.054
0 0.155 0.174 0.038 0.044
0 0.079 0.251 0.034 0.042
0 0.009 0.298 0.018 0.048
0 0.01 0.352 0.02 0.04
0 0.054 0.396 0.036 0.048
0 0.035 0.469 0.038 0.042
0 0.016 0.557 0.032 0.038
0 0.079 0.514 0.034 0.048
0 0.061 0.586 0.038 0.052
0 0.039 0.671 0.034 0.054
0 0.058 0.739 0.036 0.054
0 0.026 0.752 0.032 0.064
0 0.026 0.92 0.016 0.024
0 0.031 0.943 0.026 0.038
0 0.077 0.95 0.038 0.04
0 0.108 0.879 0.036 0.066
0 0.123 0.982 0.034 0.032
0 0.178 0.931 0.028 0.05
0 0.212 0.917 0.024 0.026
0 0.194 0.901 0.024 0.03
0 0.217 0.855 0.038 0.046
0 0.311 0.921 0.034 0.042
0 0.151 0.736 0.034 0.044
0 0.202 0.771 0.036 0.03
0 0.171 0.664 0.03 0.048
0 0.186 0.593 0.032 0.054
0 0.236 0.598 0.04 0.044
0 0.257 0.628 0.026 0.064
0 0.274 0.628 0.012 0.032
0 0.298 0.707 0.016 0.026
0 0.387 0.836 0.026 0.06
0 0.517 0.954 0.034 0.052
0 0.495 0.948 0.01 0.028
0 0.548 0.987 0.032 0.022
0 0.562 0.937 0.032 0.05
0 0.562 0.897 0.02 0.026
0 0.63 0.934 0.036 0.044
0 0.725 0.96 0.038 0.052
0 0.755 0.901 0.026 0.038
0 0.798 0.927 0.036 0.042
0 0.807 0.983 0.018 0.022
0 0.834 0.942 0.028 0.028
0 0.896 0.94 0.024 0.028
0 0.901 0.931 0.018 0.018
0 0.944 0.941 0.024 0.042
0 0.819 0.877 0.034 0.038
0 0.934 0.844 0.032 0.036
0 0.963 0.808 0.038 0.032
0 0.982 0.842 0.032 0.06
0 0.774 0.814 0.032 0.052
0 0.882 0.774 0.04 0.04
0 0.889 0.727 0.038 0.038
0 0.945 0.709 0.042 0.042
0 0.968 0.73 0.036 0.04
0 0.544 0.795 0.036 0.054
0 0.594 0.786 0.028 0.064
0 0.683 0.756 0.03 0.04
0 0.622 0.731 0.024 0.034
0 0.515 0.728 0.038 0.04
0 0.454 0.749 0.028 0.042
0 0.384 0.704 0.036 0.056
0 0.335 0.604 0.042 0.04
0 0.467 0.626 0.038 0.068
0 0.551 0.629 0.034 0.05
0 0.401 0.502 0.042 0.044
0 0.338 0.467 0.044 0.038
0 0.225 0.535 0.038 0.046
0 0.191 0.325 0.038 0.05
0 0.18 0.358 0.024 0.036
0 0.226 0.347 0.04 0.034
0 0.271 0.365 0.018 0.022
0 0.269 0.382 0.038 0.032
0 0.302 0.353 0.036 0.038
0 0.276 0.273 0.028 0.062
0 0.249 0.252 0.026 0.072
0 0.211 0.214 0.034 0.044
0 0.289 0.166 0.046 0.036
0 0.294 0.093 0.04 0.038
0 0.319 0.213 0.038 0.042
0 0.387 0.249 0.034 0.054
0 0.942 0.023 0.036 0.046
0 0.978 0.082 0.04 0.04
0 0.997 0.133 0.002 0.022
0 0.967 0.148 0.034 0.032
0 0.964 0.173 0.024 0.03
0 0.98 0.234 0.036 0.068
0 0.904 0.247 0.028 0.054
0 0.888 0.178 0.04 0.052
0 0.882 0.102 0.032 0.032
0 0.832 0.145 0.036 0.046
0 0.754 0.141 0.044 0.05
0 0.703 0.139 0.034 0.042
0 0.717 0.067 0.038 0.074
0 0.683 0.064 0.03 0.04
0 0.633 0.047 0.042 0.026
0 0.639 0.072 0.026 0.036
0 0.61 0.008 0.036 0.016
0 0.512 0.006 0.024 0.012
0 0.532 0.011 0.028 0.022
0 0.39 0.007 0.048 0.014
0 0.372 0.052 0.032 0.024
0 0.378 0.071 0.036 0.026
0 0.374 0.09 0.036 0.024
0 0.522 0.093 0.04 0.042
0 0.565 0.084 0.038 0.048
0 0.442 0.166 0.036 0.032
0 0.444 0.304 0.04 0.036
0 0.448 0.328 0.02 0.016
0 0.417 0.39 0.042 0.048
0 0.469 0.378 0.03 0.052
0 0.487 0.531 0.03 0.054
0 0.503 0.482 0.038 0.056
0 0.573 0.461 0.046 0.042
0 0.986 0.58 0.024 0.068
0 0.914 0.64 0.04 0.06
0 0.737 0.718 0.034 0.036
0 0.818 0.64 0.032 0.064
0 0.833 0.598 0.038 0.052
0 0.833 0.546 0.026 0.044
0 0.728 0.609 0.024 0.046
0 0.701 0.648 0.03 0.064
0 0.648 0.653 0.036 0.066
0 0.574 0.573 0.016 0.018
0 0.575 0.556 0.022 0.008
0 0.645 0.515 0.038 0.042
0 0.699 0.523 0.034 0.042
0 0.592 0.349 0.04 0.038
0 0.646 0.35 0.032 0.02
0 0.634 0.404 0.028 0.028
0 0.659 0.383 0.038 0.042
0 0.562 0.261 0.036 0.058
0 0.954 0.539 0.032 0.054
0 0.935 0.513 0.03 0.046
0 0.986 0.447 0.024 0.054
0 0.991 0.361 0.014 0.038
0 0.978 0.331 0.024 0.026
0 0.926 0.313 0.016 0.026
0 0.884 0.294 0.028 0.032
0 0.848 0.288 0.032 0.036
0 0.862 0.344 0.036 0.06
0 0.793 0.45 0.038 0.044
0 0.759 0.453 0.03 0.03
0 0.743 0.431 0.03 0.034
0 0.733 0.411 0.038 0.038
0 0.712 0.374 0.04 0.024
0 0.774 0.396 0.036 0.036
0 0.782 0.364 0.016 0.02
0 0.709 0.32 0.038 0.04
0 0.74 0.318 0.024 0.032
0 0.734 0.237 0.036 0.066
0 0.696 0.234 0.024 0.048
0 0.686 0.257 0.024 0.042
0 0.659 0.194 0.034 0.04
0 0.612 0.169 0.04 0.042
1 0.08 0.094 0.032 0.016
1 0.211 0.023 0.034 0.03
1 0.275 0.031 0.03 0.026
1 0.008 0.507 0.016 0.022
1 0.085 0.885 0.022 0.042
1 0.166 0.942 0.02 0.028
1 0.201 0.942 0.018 0.024
1 0.184 0.873 0.02 0.022
1 0.226 0.984 0.02 0.024
1 0.301 0.993 0.022 0.01
1 0.324 0.952 0.028 0.028
1 0.225 0.725 0.022 0.022
1 0.271 0.669 0.018 0.034
1 0.268 0.837 0.016 0.03
1 0.421 0.985 0.014 0.026
1 0.433 0.975 0.014 0.01
1 0.425 0.929 0.026 0.026
1 0.454 0.91 0.016 0.028
1 0.536 0.933 0.02 0.026
1 0.486 0.877 0.02 0.034
1 0.681 0.984 0.018 0.028
1 0.701 0.928 0.018 0.02
1 0.704 0.895 0.024 0.026
1 0.78 0.979 0.02 0.022
1 0.957 0.975 0.018 0.018
1 0.976 0.953 0.016 0.018
1 0.988 0.964 0.016 0.036
1 0.918 0.885 0.024 0.026
1 0.863 0.853 0.022 0.026
1 0.938 0.812 0.016 0.028
1 0.497 0.808 0.014 0.028
1 0.63 0.807 0.032 0.018
1 0.642 0.815 0.016 0.022
1 0.4 0.765 0.02 0.014
1 0.392 0.661 0.016 0.026
1 0.36 0.566 0.016 0.016
1 0.387 0.603 0.014 0.01
1 0.399 0.617 0.014 0.022
1 0.438 0.574 0.028 0.024
1 0.514 0.581 0.032 0.026
1 0.369 0.479 0.022 0.018
1 0.284 0.537 0.024 0.018
1 0.265 0.494 0.018 0.024
1 0.302 0.43 0.032 0.02
1 0.145 0.478 0.042 0.06
1 0.12 0.368 0.02 0.032
1 0.331 0.35 0.03 0.024
1 0.387 0.329 0.01 0.03
1 0.299 0.14 0.026 0.02
1 0.353 0.225 0.03 0.034
1 0.996 0.047 0.004 0.026
1 0.881 0.129 0.026 0.018
1 0.838 0.091 0.024 0.022
1 0.772 0.091 0.02 0.022
1 0.764 0.11 0.02 0.02
1 0.763 0.039 0.022 0.03
1 0.62 0.062 0.008 0.012
1 0.635 0.064 0.01 0.02
1 0.486 0.005 0.02 0.01
1 0.449 0.023 0.034 0.038
1 0.462 0.098 0.016 0.02
1 0.441 0.256 0.026 0.04
1 0.476 0.259 0.024 0.038
1 0.622 0.445 0.012 0.03
1 0.937 0.621 0.014 0.022
1 0.92 0.676 0.024 0.012
1 0.784 0.713 0.024 0.022
1 0.766 0.557 0.012 0.03
1 0.689 0.468 0.022 0.024
1 0.631 0.375 0.01 0.034
1 0.967 0.437 0.014 0.03
1 0.922 0.415 0.024 0.022
1 0.946 0.394 0.02 0.024
1 0.952 0.407 0.016 0.018
1 0.932 0.396 0.012 0.02
1 0.943 0.37 0.014 0.012
1 0.926 0.278 0.008 0.024
1 0.705 0.391 0.022 0.01
1 0.704 0.402 0.02 0.016
1 0.84 0.406 0.012 0.048
1 0.862 0.457 0.016 0.026
1 0.786 0.315 0.02 0.022
1 0.793 0.302 0.022 0.024
1 0.665 0.173 0.022 0.018
1 0.702 0.198 0.008 0.028
1 0.528 0.603 0.012 0.018
2 0.009 0.097 0.018 0.03
2 0.058 0.853 0.016 0.042
2 0.777 0.933 0.026 0.034
2 0.879 0.965 0.022 0.026
2 0.889 0.982 0.018 0.012
2 0.282 0.221 0.02 0.03
2 0.82 0.561 0.02 0.026
2 0.816 0.5 0.012 0.02
2 0.681 0.571 0.026 0.034
2 0.552 0.425 0.032 0.042
2 0.406 0.574 0.016 0.012
2 0.414 0.559 0.016 0.014
2 0.776 0.653 0.012 0.022
2 0.882 0.702 0.02 0.016
2 0.911 0.72 0.01 0.016
2 0.76 0.181 0.024 0.014
2 0.836 0.19 0.02 0.02
2 0.942 0.128 0.02 0.016
2 0.65 0.245 0.012 0.026
2 0.49 0.327 0.016 0.014
2 0.984 0.486 0.02 0.016
2 0.989 0.502 0.018 0.016
2 0.919 0.588 0.022 0.02
2 0.813 0.517 0.026 0.022
2 0.362 0.502 0.016 0.028
2 0.292 0.503 0.028 0.026
2 0.299 0.481 0.014 0.01
2 0.416 0.448 0.024 0.012
2 0.101 0.326 0.022 0.024
2 0.43 0.045 0.024 0.018
2 0.347 0.035 0.018 0.022
2 0.367 0.034 0.014 0.012
2 0.378 0.04 0.008 0.012
2 0.4 0.041 0.004 0.006
2 0.36 0.181 0.012 0.014
2 0.599 0.858 0.018 0.016
2 0.952 0.775 0.024 0.034
2 0.666 0.936 0.016 0.012
2 0.581 0.969 0.018 0.03
2 0.366 0.877 0.012 0.022
2 0.474 0.846 0.008 0.02
2 0.465 0.873 0.006 0.014
2 0.458 0.892 0.008 0.016
2 0.496 0.06 0.008 0.016
2 0.574 0.022 0.004 0.012
2 0.615 0.018 0.014 0.008