0 0.874 0.986 0.044 0.024
0 0.987 0.894 0.022 0.06
0 0.876 0.763 0.048 0.046
0 0.771 0.745 0.05 0.042
0 0.734 0.715 0.036 0.05
0 0.685 0.708 0.042 0.064
0 0.869 0.532 0.034 0.048
0 0.783 0.618 0.034 0.044
0 0.864 0.349 0.044 0.062
0 0.982 0.283 0.032 0.054
0 0.913 0.22 0.042 0.048
0 0.839 0.186 0.034 0.06
0 0.796 0.171 0.048 0.062
0 0.819 0.228 0.05 0.036
0 0.941 0.27 0.038 0.036
0 0.951 0.25 0.03 0.036
0 0.992 0.023 0.012 0.038
0 0.765 0.058 0.042 0.044
0 0.898 0.02 0.056 0.036
0 0.842 0.095 0.04 0.03
0 0.687 0.113 0.046 0.038
0 0.656 0.051 0.044 0.058
0 0.64 0.112 0.036 0.04
0 0.612 0.144 0.04 0.052
0 0.596 0.014 0.04 0.024
0 0.648 0.188 0.044 0.04
0 0.679 0.246 0.042 0.036
0 0.707 0.319 0.03 0.046
0 0.704 0.3 0.028 0.04
0 0.656 0.312 0.048 0.064
0 0.56 0.357 0.048 0.058
0 0.621 0.466 0.038 0.04
0 0.584 0.472 0.036 0.04
0 0.595 0.524 0.038 0.044
0 0.642 0.605 0.04 0.046
0 0.534 0.493 0.032 0.038
0 0.536 0.54 0.04 0.036
0 0.535 0.586 0.038 0.036
0 0.481 0.556 0.05 0.064
0 0.548 0.643 0.04 0.042
0 0.563 0.69 0.046 0.056
0 0.466 0.66 0.04 0.06
0 0.524 0.73 0.048 0.052
0 0.558 0.823 0.036 0.05
0 0.525 0.83 0.042 0.052
0 0.532 0.946 0.056 0.068
0 0.648 0.958 0.06 0.076
0 0.611 0.973 0.07 0.05
0 0.546 0.995 0.04 0.006
0 0.529 0.783 0.046 0.038
0 0.459 0.811 0.038 0.042
0 0.383 0.915 0.038 0.046
0 0.337 0.885 0.05 0.042
0 0.263 0.975 0.042 0.046
0 0.191 0.845 0.054 0.058
0 0.163 0.959 0.042 0.05
0 0.057 0.97 0.046 0.048
0 0.015 0.99 0.026 0.016
0 0.074 0.825 0.036 0.042
0 0.018 0.763 0.032 0.042
0 0.014 0.727 0.024 0.042
0 0.018 0.707 0.032 0.03
0 0.04 0.539 0.04 0.046
0 0.172 0.606 0.048 0.048
0 0.184 0.714 0.028 0.048
0 0.218 0.788 0.036 0.048
0 0.315 0.725 0.054 0.046
0 0.362 0.611 0.04 0.042
0 0.324 0.61 0.048 0.052
0 0.276 0.672 0.044 0.036
0 0.256 0.592 0.036 0.056
0 0.295 0.554 0.05 0.048
0 0.2 0.571 0.04 0.042
0 0.162 0.522 0.036 0.04
0 0.01 0.465 0.016 0.054
0 0.109 0.44 0.038 0.04
0 0.162 0.406 0.04 0.048
0 0.281 0.392 0.046 0.056
0 0.322 0.388 0.036 0.056
0 0.389 0.377 0.038 0.046
0 0.408 0.364 0.048 0.064
0 0.407 0.321 0.042 0.058
0 0.434 0.321 0.028 0.05
0 0.381 0.26 0.038 0.04
0 0.477 0.294 0.026 0.052
0 0.453 0.279 0.026 0.034
0 0.427 0.213 0.046 0.042
0 0.386 0.21 0.04 0.048
0 0.502 0.491 0.044 0.046
0 0.565 0.313 0.046 0.042
0 0.339 0.201 0.038 0.05
0 0.4 0.157 0.044 0.046
0 0.391 0.12 0.042 0.052
0 0.352 0.115 0.04 0.042
0 0.455 0.101 0.034 0.042
0 0.496 0.088 0.04 0.044
0 0.306 0.2 0.028 0.036
0 0.37 0.029 0.056 0.054
0 0.411 0.014 0.03 0.024
0 0.439 0.019 0.034 0.034
0 0.274 0.088 0.036 0.044
0 0.268 0.047 0.04 0.038
0 0.25 0.373 0.028 0.03
0 0.237 0.163 0.026 0.046
0 0.215 0.232 0.042 0.04
0 0.169 0.264 0.038 0.04
0 0.12 0.302 0.044 0.044
0 0.042 0.349 0.04 0.05
0 0.007 0.248 0.01 0.036
0 0.062 0.143 0.036 0.034
0 0.098 0.125 0.04 0.03
0 0.128 0.103 0.032 0.034
0 0.067 0.203 0.026 0.038
0 0.13 0.15 0.036 0.032
0 0.171 0.142 0.026 0.028
0 0.165 0.021 0.05 0.038
0 0.034 0.024 0.04 0.044
0 0.939 0.894 0.038 0.028
0 0.975 0.967 0.046 0.042
0 0.848 0.698 0.036 0.036
0 0.732 0.458 0.048 0.04
0 0.766 0.307 0.04 0.046
0 0.76 0.363 0.032 0.038
0 0.988 0.095 0.02 0.03
0 0.628 0.343 0.032 0.054
0 0.88 0.802 0.048 0.04
0 0.62 0.716 0.056 0.04
0 0.398 0.934 0.024 0.028
0 0.44 0.992 0.032 0.012
0 0.257 0.17 0.018 0.04
0 0.092 0.311 0.036 0.026
1 0.957 0.826 0.018 0.024
1 0.927 0.319 0.03 0.026
1 0.913 0.035 0.026 0.03
1 0.847 0.066 0.03 0.032
1 0.595 0.1 0.03 0.036
1 0.43 0.949 0.024 0.03
1 0.655 0.891 0.026 0.022
1 0.242 0.879 0.028 0.03
1 0.202 0.94 0.028 0.028
1 0.06 0.767 0.024 0.034
1 0.021 0.585 0.03 0.03
1 0.088 0.529 0.02 0.026
1 0.346 0.783 0.028 0.018
1 0.348 0.741 0.024 0.034
1 0.401 0.694 0.034 0.032
1 0.389 0.67 0.034 0.032
1 0.238 0.539 0.02 0.018
1 0.187 0.534 0.022 0.036
1 0.251 0.507 0.03 0.018
1 0.006 0.42 0.008 0.02
1 0.127 0.355 0.022 0.03
1 0.201 0.409 0.026 0.034
1 0.292 0.449 0.024 0.03
1 0.341 0.417 0.022 0.026
1 0.454 0.416 0.028 0.028
1 0.587 0.211 0.03 0.022
1 0.514 0.011 0.024 0.018
1 0.233 0.133 0.014 0.014
1 0.485 0.422 0.026 0.024
1 0.948 0.92 0.02 0.024
1 0.772 0.924 0.032 0.036
1 0.902 0.851 0.024 0.026
1 0.995 0.783 0.006 0.03
1 0.82 0.685 0.016 0.018
1 0.967 0.608 0.022 0.032
1 0.995 0.52 0.006 0.024
1 0.897 0.502 0.03 0.04
1 0.809 0.391 0.026 0.034
1 0.793 0.368 0.03 0.032
1 0.947 0.43 0.026 0.028
1 0.702 0.577 0.02 0.03
1 0.824 0.781 0.02 0.034
1 0.785 0.974 0.026 0.028
1 0.775 0.959 0.022 0.014
1 0.222 0.944 0.016 0.02
1 0.587 0.624 0.018 0.02
1 0.557 0.747 0.018 0.026
1 0.574 0.894 0.024 0.02
1 0.466 0.994 0.016 0.008
2 0.706 0.668 0.044 0.052
2 0.687 0.023 0.034 0.042
2 0.088 0.949 0.044 0.054
2 0.085 0.709 0.03 0.034
2 0.045 0.711 0.026 0.022
2 0.018 0.651 0.032 0.034
2 0.128 0.619 0.036 0.05
2 0.075 0.611 0.022 0.046
2 0.119 0.539 0.034 0.046
2 0.236 0.475 0.036 0.03
2 0.097 0.48 0.034 0.036
2 0.044 0.468 0.044 0.048
2 0.067 0.459 0.014 0.014
2 0.066 0.412 0.02 0.02
2 0.443 0.254 0.026 0.016
2 0.578 0.157 0.044 0.05
2 0.43 0.084 0.02 0.024
2 0.208 0.02 0.032 0.024
2 0.014 0.187 0.024 0.046
2 0.204 0.195 0.032 0.034
2 0.085 0.074 0.03 0.036
2 0.946 0.764 0.028 0.032
2 0.88 0.663 0.036 0.034
2 0.759 0.574 0.054 0.048
2 0.707 0.534 0.046 0.056
2 0.777 0.499 0.042 0.05
2 0.755 0.411 0.034 0.026
2 0.821 0.427 0.018 0.018
2 0.911 0.185 0.022 0.022
2 0.896 0.273 0.028 0.046
2 0.941 0.361 0.022 0.03
2 0.959 0.024 0.018 0.016
2 0.89 0.05 0.02 0.02
2 0.676 0.304 0.024 0.044
2 0.654 0.417 0.016 0.022
2 0.641 0.414 0.01 0.02
2 0.55 0.467 0.012 0.014
2 0.556 0.463 0.024 0.038
2 0.838 0.963 0.028 0.038
2 0.624 0.871 0.04 0.042
2 0.777 0.699 0.034 0.038
2 0.753 0.764 0.022 0.028
2 0.653 0.799 0.038 0.03
2 0.101 0.872 0.018 0.016
2 0.114 0.903 0.024 0.022
2 0.1 0.919 0.024 0.022
2 0.212 0.745 0.016 0.018
2 0.215 0.323 0.022 0.034
2 0.077 0.369 0.034 0.05
2 0.131 0.418 0.022 0.016
2 0.161 0.111 0.018 0.018
2 0.32 0.128 0.024 0.032
2 0.32 0.029 0.024 0.03
2 0.488 0.158 0.032 0.036
2 0.096 0.223 0.024 0.03
2 0.069 0.241 0.018 0.01
2 0.081 0.278 0.03 0.024
2 0.383 0.549 0.046 0.034
2 0.56 0.882 0.068 0.032
2 0.431 0.723 0.03 0.03
2 0.409 0.936 0.022 0.076
2 0.476 0.977 0.016 0.022
2 0.375 0.174 0.022 0.028
2 0.674 0.159 0.028 0.042
2 0.429 0.109 0.018 0.014