0 0.7 0.686 0.056 0.056
0 0.95 0.019 0.032 0.038
0 0.988 0.025 0.02 0.042
0 0.839 0.048 0.046 0.06
0 0.779 0.018 0.038 0.036
0 0.735 0.07 0.038 0.052
0 0.619 0.038 0.034 0.036
0 0.585 0.023 0.022 0.022
0 0.561 0.043 0.05 0.054
0 0.567 0.025 0.022 0.022
0 0.519 0.103 0.03 0.058
0 0.364 0.034 0.032 0.04
0 0.222 0.021 0.036 0.042
0 0.109 0.105 0.042 0.066
0 0.2 0.164 0.048 0.072
0 0.237 0.183 0.03 0.054
0 0.117 0.338 0.054 0.06
0 0.097 0.16 0.038 0.036
0 0.022 0.227 0.036 0.05
0 0.041 0.13 0.038 0.08
0 0.062 0.161 0.024 0.046
0 0.032 0.029 0.04 0.05
0 0.426 0.314 0.036 0.06
0 0.444 0.26 0.04 0.068
0 0.477 0.268 0.026 0.052
0 0.486 0.22 0.04 0.064
0 0.374 0.254 0.04 0.064
0 0.399 0.277 0.038 0.046
0 0.301 0.258 0.034 0.06
0 0.358 0.344 0.028 0.052
0 0.371 0.348 0.022 0.052
0 0.848 0.336 0.04 0.052
0 0.864 0.302 0.04 0.036
0 0.899 0.167 0.038 0.034
0 0.902 0.218 0.036 0.056
0 0.882 0.223 0.036 0.054
0 0.782 0.123 0.036 0.05
0 0.788 0.153 0.032 0.03
0 0.527 0.18 0.038 0.036
0 0.593 0.332 0.042 0.06
0 0.706 0.409 0.056 0.058
0 0.514 0.663 0.048 0.066
0 0.488 0.599 0.032 0.038
0 0.41 0.568 0.036 0.032
0 0.327 0.54 0.034 0.044
0 0.258 0.535 0.036 0.042
0 0.214 0.553 0.032 0.038
0 0.248 0.596 0.024 0.04
0 0.16 0.445 0.036 0.054
0 0.204 0.452 0.04 0.06
0 0.199 0.488 0.03 0.02
0 0.204 0.351 0.044 0.058
0 0.162 0.241 0.048 0.05
0 0.134 0.252 0.044 0.052
0 0.264 0.277 0.044 0.05
0 0.073 0.395 0.054 0.062
0 0.07 0.486 0.044 0.04
0 0.252 0.432 0.048 0.052
0 0.335 0.423 0.038 0.05
0 0.442 0.395 0.04 0.05
0 0.267 0.648 0.046 0.056
0 0.126 0.705 0.048 0.062
0 0.157 0.656 0.046 0.06
0 0.186 0.67 0.048 0.052
0 0.387 0.978 0.038 0.04
0 0.236 0.978 0.036 0.04
0 0.203 0.955 0.042 0.066
0 0.23 0.9 0.032 0.052
0 0.254 0.848 0.052 0.08
0 0.259 0.784 0.034 0.068
0 0.118 0.767 0.04 0.042
0 0.106 0.745 0.024 0.018
0 0.059 0.756 0.026 0.052
0 0.011 0.749 0.018 0.046
0 0.115 0.829 0.034 0.046
0 0.058 0.849 0.036 0.05
0 0.065 0.873 0.038 0.034
0 0.052 0.92 0.024 0.04
0 0.108 0.932 0.044 0.076
0 0.021 0.892 0.026 0.052
0 0.785 0.935 0.038 0.066
0 0.693 0.95 0.054 0.064
0 0.878 0.74 0.052 0.052
0 0.69 0.757 0.036 0.046
0 0.828 0.55 0.036 0.048
0 0.819 0.494 0.038 0.06
0 0.868 0.679 0.028 0.046
0 0.864 0.696 0.036 0.036
0 0.558 0.567 0.052 0.066
0 0.613 0.438 0.042 0.064
0 0.565 0.456 0.054 0.06
0 0.937 0.159 0.034 0.05
0 0.725 0.205 0.042 0.05
0 0.956 0.096 0.044 0.044
0 0.986 0.153 0.024 0.042
0 0.968 0.143 0.032 0.05
0 0.727 0.581 0.05 0.062
0 0.791 0.323 0.042 0.054
0 0.696 0.327 0.04 0.046
0 0.729 0.291 0.042 0.05
0 0.974 0.759 0.048 0.054
0 0.662 0.805 0.032 0.046
0 0.586 0.829 0.036 0.042
0 0.572 0.765 0.032 0.034
0 0.4 0.824 0.048 0.108
0 0.323 0.903 0.042 0.058
0 0.203 0.814 0.038 0.056
0 0.031 0.786 0.034 0.044
0 0.748 0.838 0.044 0.044
0 0.742 0.771 0.036 0.042
0 0.614 0.752 0.04 0.056
0 0.982 0.841 0.032 0.07
0 0.978 0.917 0.04 0.074
0 0.761 0.658 0.026 0.068
0 0.655 0.966 0.034 0.048
0 0.581 0.65 0.054 0.06
0 0.622 0.989 0.024 0.018
0 0.934 0.352 0.036 0.044
0 0.98 0.357 0.036 0.046
0 0.894 0.392 0.048 0.052
0 0.925 0.44 0.038 0.056
0 0.947 0.434 0.034 0.052
0 0.863 0.481 0.054 0.058
0 0.892 0.52 0.028 0.036
0 0.911 0.543 0.058 0.05
0 0.92 0.596 0.044 0.052
0 0.811 0.402 0.042 0.068
0 0.791 0.385 0.022 0.03
0 0.974 0.692 0.044 0.06
0 0.832 0.093 0.052 0.046
0 0.807 0.2 0.054 0.052
0 0.425 0.058 0.03 0.048
0 0.391 0.047 0.03 0.046
0 0.276 0.045 0.048 0.066
0 0.299 0.069 0.03 0.042
0 0.197 0.079 0.046 0.058
0 0.204 0.042 0.028 0.044
0 0.459 0.096 0.034 0.052
0 0.353 0.082 0.026 0.044
0 0.27 0.225 0.032 0.058
0 0.673 0.162 0.038 0.072
0 0.678 0.221 0.04 0.054
0 0.692 0.264 0.052 0.052
0 0.538 0.139 0.04 0.042
0 0.518 0.254 0.032 0.04
0 0.606 0.234 0.04 0.044
0 0.655 0.356 0.03 0.044
0 0.642 0.38 0.024 0.036
0 0.521 0.327 0.042 0.062
0 0.55 0.334 0.024 0.052
0 0.257 0.371 0.038 0.062
0 0.297 0.375 0.042 0.042
0 0.3 0.404 0.032 0.032
0 0.531 0.391 0.042 0.054
0 0.522 0.454 0.044 0.072
0 0.788 0.533 0.028 0.062
0 0.773 0.535 0.026 0.05
0 0.803 0.799 0.03 0.042
0 0.88 0.798 0.028 0.064
0 0.663 0.885 0.042 0.062
0 0.882 0.906 0.04 0.056
0 0.824 0.765 0.036 0.042
0 0.845 0.793 0.034 0.046
0 0.807 0.974 0.05 0.04
0 0.577 0.713 0.054 0.07
0 0.392 0.426 0.036 0.064
0 0.419 0.608 0.046 0.04
0 0.45 0.595 0.028 0.046
0 0.076 0.017 0.044 0.034
0 0.01 0.03 0.016 0.06
0 0.065 0.263 0.034 0.05
0 0.013 0.319 0.022 0.058
0 0.047 0.425 0.034 0.038
0 0.397 0.521 0.042 0.034
0 0.273 0.49 0.038 0.06
0 0.085 0.524 0.042 0.036
0 0.093 0.473 0.026 0.014
0 0.019 0.584 0.034 0.064
0 0.031 0.617 0.03 0.058
0 0.515 0.774 0.042 0.08
0 0.423 0.736 0.062 0.052
0 0.437 0.702 0.046 0.056
0 0.173 0.74 0.03 0.028
0 0.197 0.759 0.03 0.034
0 0.376 0.755 0.024 0.042
0 0.314 0.965 0.048 0.054
0 0.01 0.928 0.016 0.06
0 0.587 0.887 0.03 0.054
0 0.529 0.853 0.022 0.038
0 0.647 0.764 0.026 0.028
0 0.683 0.79 0.022 0.032
1 0.725 0.817 0.018 0.022
1 0.983 0.289 0.03 0.022
1 0.9 0.281 0.024 0.018
1 0.823 0.298 0.014 0.044
1 0.986 0.316 0.024 0.024
1 0.988 0.444 0.02 0.02
1 0.99 0.573 0.016 0.022
1 0.955 0.054 0.018 0.02
1 0.9 0.14 0.02 0.016
1 0.401 0.096 0.014 0.016
1 0.345 0.134 0.026 0.016
1 0.605 0.265 0.022 0.022
1 0.511 0.351 0.022 0.022
1 0.462 0.342 0.024 0.02
1 0.269 0.401 0.018 0.014
1 0.77 0.054 0.016 0.02
1 0.788 0.061 0.02 0.022
1 0.806 0.663 0.016 0.03
1 0.805 0.701 0.014 0.03
1 0.781 0.727 0.022 0.014
1 0.634 0.88 0.016 0.024
1 0.831 0.862 0.014 0.036
1 0.837 0.9 0.022 0.02
1 0.842 0.913 0.024 0.01
1 0.901 0.808 0.026 0.028
1 0.717 0.985 0.018 0.022
1 0.748 0.803 0.036 0.026
1 0.725 0.79 0.022 0.02
1 0.895 0.638 0.026 0.016
1 0.974 0.807 0.016 0.018
1 0.682 0.837 0.024 0.014
1 0.644 0.853 0.016 0.018
1 0.457 0.499 0.022 0.018
1 0.514 0.603 0.02 0.018
1 0.641 0.077 0.03 0.034
1 0.343 0.317 0.022 0.038
1 0.3 0.289 0.012 0.01
1 0.574 0.136 0.012 0.016
1 0.58 0.142 0.012 0.036
1 0.038 0.266 0.016 0.024
1 0.063 0.33 0.014 0.016
1 0.079 0.354 0.014 0.02
1 0.026 0.379 0.02 0.026
1 0.19 0.279 0.028 0.022
1 0.13 0.585 0.024 0.014
1 0.161 0.561 0.018 0.034
1 0.228 0.583 0.02 0.018
1 0.086 0.619 0.028 0.042
1 0.345 0.79 0.038 0.024
1 0.328 0.822 0.028 0.02
1 0.488 0.802 0.032 0.02
1 0.531 0.815 0.018 0.042
1 0.557 0.859 0.014 0.026
1 0.265 0.727 0.018 0.05
1 0.298 0.788 0.04 0.028
1 0.342 0.637 0.02 0.018
1 0.407 0.901 0.026 0.03
1 0.152 0.866 0.028 0.02
1 0.073 0.936 0.018 0.024
1 0.102 0.658 0.02 0.024
1 0.466 0.769 0.024 0.026
1 0.472 0.792 0.044 0.024
1 0.661 0.622 0.014 0.024
1 0.715 0.773 0.01 0.014
2 0.949 0.49 0.022 0.024
2 0.905 0.489 0.022 0.022
2 0.973 0.515 0.022 0.034
2 0.989 0.545 0.018 0.026
2 0.895 0.087 0.018 0.034
2 0.845 0.233 0.026 0.026
2 0.461 0.051 0.022 0.026
2 0.641 0.296 0.026 0.032
2 0.666 0.449 0.036 0.058
2 0.819 0.887 0.034 0.038
2 0.466 0.842 0.036 0.02
2 0.444 0.876 0.016 0.036
2 0.489 0.879 0.022 0.034
2 0.836 0.623 0.02 0.022
2 0.815 0.627 0.022 0.022
2 0.962 0.847 0.024 0.042
2 0.948 0.866 0.02 0.028
2 0.712 0.863 0.028 0.038
2 0.858 0.555 0.016 0.03
2 0.741 0.5 0.022 0.036
2 0.586 0.5 0.04 0.032
2 0.433 0.469 0.034 0.034
2 0.717 0.152 0.022 0.02
2 0.755 0.092 0.026 0.028
2 0.602 0.08 0.032 0.044
2 0.11 0.191 0.024 0.026
2 0.115 0.215 0.022 0.018
2 0.043 0.19 0.03 0.04
2 0.417 0.444 0.018 0.028
2 0.546 0.828 0.016 0.016
2 0.122 0.864 0.02 0.02
2 0.032 0.96 0.024 0.056
2 0.123 0.647 0.006 0.022
2 0.045 0.57 0.03 0.048
2 0.484 0.948 0.044 0.036
2 0.572 0.851 0.012 0.03
2 0.716 0.543 0.008 0.01
2 0.687 0.557 0.022 0.014
2 0.558 0.371 0.036 0.03
2 0.58 0.423 0.016 0.022