0 0.207 0.249 0.058 0.07
0 0.098 0.298 0.056 0.044
0 0.186 0.202 0.04 0.036
0 0.151 0.136 0.046 0.044
0 0.137 0.123 0.026 0.03
0 0.185 0.13 0.042 0.052
0 0.193 0.079 0.05 0.042
0 0.227 0.095 0.03 0.034
0 0.236 0.147 0.04 0.026
0 0.254 0.053 0.056 0.05
0 0.28 0.072 0.028 0.028
0 0.231 0.31 0.062 0.056
0 0.274 0.322 0.032 0.036
0 0.261 0.269 0.046 0.042
0 0.286 0.227 0.064 0.054
0 0.324 0.264 0.068 0.04
0 0.175 0.349 0.058 0.038
0 0.186 0.369 0.028 0.018
0 0.1 0.382 0.056 0.064
0 0.131 0.402 0.054 0.044
0 0.13 0.452 0.056 0.04
0 0.115 0.433 0.07 0.05
0 0.077 0.415 0.03 0.038
0 0.029 0.462 0.058 0.06
0 0.044 0.494 0.044 0.036
0 0.07 0.476 0.032 0.036
0 0.011 0.486 0.022 0.04
0 0.081 0.453 0.062 0.062
0 0.186 0.459 0.036 0.03
0 0.132 0.531 0.044 0.042
0 0.084 0.651 0.04 0.07
0 0.22 0.53 0.044 0.056
0 0.204 0.497 0.04 0.038
0 0.141 0.586 0.05 0.06
0 0.256 0.633 0.048 0.062
0 0.231 0.63 0.034 0.068
0 0.186 0.701 0.048 0.058
0 0.197 0.727 0.046 0.038
0 0.048 0.738 0.044 0.044
0 0.126 0.677 0.028 0.038
0 0.117 0.812 0.062 0.048
0 0.109 0.844 0.054 0.056
0 0.04 0.898 0.048 0.052
0 0.224 0.845 0.052 0.05
0 0.306 0.917 0.064 0.042
0 0.267 0.883 0.05 0.05
0 0.204 0.807 0.044 0.046
0 0.133 0.648 0.03 0.028
0 0.264 0.715 0.04 0.038
0 0.249 0.694 0.046 0.036
0 0.28 0.781 0.068 0.054
0 0.283 0.447 0.074 0.058
0 0.069 0.233 0.034 0.038
0 0.086 0.181 0.048 0.03
0 0.072 0.13 0.036 0.024
0 0.287 0.504 0.058 0.052
0 0.325 0.623 0.054 0.074
0 0.352 0.722 0.04 0.04
0 0.253 0.804 0.054 0.06
0 0.225 0.776 0.042 0.024
0 0.331 0.764 0.03 0.032
0 0.275 0.979 0.038 0.038
0 0.162 0.976 0.072 0.044
0 0.368 0.966 0.072 0.064
0 0.332 0.995 0.036 0.006
0 0.451 0.989 0.074 0.018
0 0.584 0.981 0.056 0.034
0 0.548 0.991 0.052 0.014
0 0.638 0.981 0.052 0.034
0 0.663 0.975 0.046 0.038
0 0.487 0.906 0.034 0.036
0 0.415 0.727 0.046 0.046
0 0.512 0.881 0.044 0.034
0 0.607 0.859 0.066 0.07
0 0.554 0.88 0.02 0.032
0 0.493 0.848 0.046 0.04
0 0.544 0.828 0.04 0.044
0 0.437 0.711 0.054 0.046
0 0.436 0.664 0.048 0.064
0 0.393 0.679 0.026 0.038
0 0.753 0.963 0.042 0.038
0 0.743 0.921 0.046 0.05
0 0.699 0.912 0.05 0.068
0 0.811 0.901 0.066 0.074
0 0.519 0.673 0.07 0.058
0 0.643 0.794 0.058 0.056
0 0.499 0.627 0.05 0.034
0 0.443 0.536 0.066 0.06
0 0.32 0.359 0.048 0.042
0 0.508 0.517 0.06 0.054
0 0.61 0.654 0.032 0.032
0 0.637 0.707 0.054 0.054
0 0.603 0.764 0.038 0.036
0 0.641 0.639 0.058 0.062
0 0.444 0.391 0.036 0.046
0 0.404 0.362 0.052 0.052
0 0.443 0.331 0.058 0.058
0 0.4 0.301 0.036 0.034
0 0.391 0.278 0.042 0.028
0 0.442 0.259 0.06 0.054
0 0.302 0.105 0.024 0.034
0 0.335 0.044 0.05 0.056
0 0.337 0.085 0.058 0.05
0 0.377 0.056 0.054 0.06
0 0.385 0.025 0.046 0.034
0 0.383 0.009 0.042 0.018
0 0.433 0.07 0.038 0.056
0 0.5 0.175 0.04 0.046
0 0.479 0.158 0.022 0.036
0 0.458 0.158 0.028 0.036
0 0.525 0.155 0.046 0.042
0 0.54 0.176 0.032 0.032
0 0.523 0.091 0.058 0.058
0 0.553 0.107 0.03 0.026
0 0.537 0.048 0.046 0.052
0 0.516 0.037 0.02 0.038
0 0.583 0.079 0.03 0.03
0 0.486 0.209 0.04 0.046
0 0.553 0.239 0.05 0.05
0 0.548 0.261 0.024 0.022
0 0.569 0.269 0.03 0.022
0 0.57 0.327 0.04 0.042
0 0.582 0.15 0.032 0.032
0 0.588 0.094 0.036 0.028
0 0.652 0.083 0.056 0.07
0 0.585 0.481 0.042 0.042
0 0.568 0.488 0.052 0.06
0 0.677 0.316 0.05 0.052
0 0.661 0.195 0.058 0.05
0 0.66 0.285 0.036 0.026
0 0.733 0.14 0.058 0.072
0 0.795 0.236 0.058 0.052
0 0.767 0.226 0.026 0.028
0 0.763 0.191 0.03 0.03
0 0.803 0.318 0.034 0.036
0 0.789 0.303 0.026 0.026
0 0.745 0.42 0.058 0.056
0 0.723 0.382 0.038 0.024
0 0.755 0.313 0.03 0.026
0 0.895 0.273 0.054 0.062
0 0.932 0.288 0.044 0.056
0 0.86 0.207 0.04 0.05
0 0.967 0.257 0.054 0.062
0 0.782 0.118 0.036 0.052
0 0.815 0.11 0.05 0.064
0 0.795 0.522 0.05 0.056
0 0.803 0.451 0.054 0.07
0 0.718 0.477 0.048 0.038
0 0.834 0.426 0.032 0.032
0 0.847 0.441 0.026 0.026
0 0.867 0.689 0.054 0.05
0 0.696 0.57 0.056 0.056
0 0.714 0.587 0.032 0.03
0 0.884 0.377 0.036 0.026
0 0.82 0.072 0.064 0.056
0 0.954 0.092 0.072 0.068
0 0.94 0.12 0.044 0.056
0 0.91 0.124 0.06 0.076
0 0.967 0.059 0.062 0.054
0 0.939 0.365 0.062 0.062
0 0.904 0.6 0.048 0.056
0 0.848 0.673 0.028 0.038
0 0.806 0.727 0.04 0.046
0 0.833 0.603 0.046 0.054
0 0.935 0.555 0.03 0.03
0 0.806 0.568 0.04 0.04
0 0.77 0.699 0.032 0.034
0 0.793 0.806 0.05 0.064
0 0.739 0.819 0.042 0.046
0 0.765 0.835 0.046 0.026
0 0.891 0.858 0.046 0.044
0 0.869 0.857 0.038 0.058
0 0.926 0.787 0.048 0.062
0 0.879 0.919 0.046 0.062
0 0.911 0.924 0.022 0.04
0 0.957 0.975 0.054 0.046
0 0.981 0.574 0.034 0.052
0 0.973 0.497 0.034 0.046
0 0.978 0.202 0.04 0.064
0 0.992 0.099 0.012 0.046
0 0.793 0.011 0.058 0.022
0 0.831 0.011 0.026 0.022
0 0.672 0.018 0.052 0.036
0 0.688 0.034 0.028 0.032
0 0.172 0.008 0.052 0.016
0 0.024 0.132 0.048 0.056
0 0.023 0.2 0.046 0.048
0 0.011 0.315 0.022 0.038
0 0.016 0.569 0.032 0.03
0 0.007 0.679 0.014 0.05
0 0.014 0.782 0.028 0.04
0 0.034 0.812 0.048 0.04
0 0.187 0.912 0.07 0.06
0 0.31 0.815 0.036 0.042
0 0.461 0.595 0.038 0.026
0 0.319 0.131 0.05 0.046
0 0.453 0.025 0.034 0.026
0 0.006 0.625 0.012 0.018
0 0.028 0.971 0.056 0.05
1 0.126 0.092 0.044 0.024
1 0.069 0.909 0.026 0.034
1 0.076 0.331 0.032 0.022
1 0.233 0.756 0.022 0.028
1 0.533 0.918 0.026 0.032
1 0.486 0.606 0.036 0.02
1 0.399 0.595 0.026 0.026
1 0.055 0.927 0.018 0.014
1 0.149 0.888 0.026 0.024
1 0.429 0.951 0.026 0.022
1 0.634 0.894 0.02 0.024
1 0.551 0.903 0.026 0.018
1 0.382 0.583 0.024 0.026
1 0.35 0.416 0.02 0.036
1 0.555 0.185 0.026 0.022
1 0.477 0.425 0.026 0.026
1 0.823 0.264 0.022 0.024
1 0.885 0.443 0.022 0.022
1 0.873 0.436 0.014 0.016
1 0.72 0.611 0.02 0.026
1 0.738 0.512 0.024 0.024
1 0.847 0.099 0.018 0.018
1 0.852 0.106 0.016 0.016
1 0.921 0.088 0.014 0.02
1 0.877 0.579 0.026 0.034
1 0.95 0.577 0.024 0.03
1 0.776 0.666 0.028 0.024
1 0.759 0.666 0.01 0.016
1 0.016 0.029 0.024 0.026
1 0.046 0.004 0.04 0.008
1 0.071 0.005 0.034 0.01
1 0.005 0.549 0.01 0.014
1 0.993 0.388 0.01 0.04
1 0.987 0.286 0.022 0.02
2 0.105 0.103 0.05 0.046
2 0.053 0.666 0.038 0.036
2 0.128 0.751 0.024 0.058
2 0.092 0.602 0.048 0.028
2 0.168 0.601 0.036 0.034
2 0.141 0.991 0.034 0.014
2 0.512 0.991 0.028 0.014
2 0.49 0.962 0.04 0.036
2 0.527 0.799 0.03 0.034
2 0.636 0.839 0.044 0.058
2 0.561 0.69 0.042 0.044
2 0.336 0.421 0.028 0.038
2 0.378 0.443 0.036 0.034
2 0.523 0.36 0.054 0.072
2 0.507 0.42 0.03 0.024
2 0.528 0.315 0.036 0.03
2 0.976 0.139 0.028 0.034
2 0.851 0.595 0.054 0.078
2 0.471 0.639 0.038 0.034
2 0.244 0.126 0.036 0.028
2 0.299 0.331 0.03 0.05
2 0.204 0.337 0.028 0.05
2 0.286 0.601 0.052 0.066
2 0.359 0.801 0.022 0.018
2 0.372 0.744 0.032 0.032
2 0.38 0.627 0.044 0.066
2 0.413 0.848 0.038 0.036
2 0.429 0.771 0.038 0.038
2 0.583 0.725 0.046 0.034
2 0.415 0.468 0.062 0.064
2 0.532 0.723 0.044 0.026
2 0.565 0.043 0.03 0.058
2 0.576 0.014 0.032 0.028
2 0.601 0.027 0.038 0.034
2 0.4 0.149 0.044 0.054
2 0.501 0.268 0.058 0.048
2 0.491 0.109 0.03 0.03
2 0.6 0.128 0.032 0.036
2 0.616 0.144 0.032 0.036
2 0.615 0.192 0.042 0.048
2 0.62 0.061 0.036 0.05
2 0.466 0.192 0.028 0.036
2 0.324 0.228 0.02 0.032
2 0.414 0.348 0.068 0.048
2 0.406 0.57 0.048 0.06
2 0.178 0.798 0.028 0.036
2 0.387 0.918 0.046 0.048
2 0.254 0.97 0.024 0.036
2 0.27 0.952 0.016 0.016
2 0.148 0.949 0.044 0.018
2 0.087 0.93 0.026 0.016
2 0.09 0.911 0.016 0.022
2 0.379 0.24 0.018 0.016
2 0.395 0.229 0.018 0.03
2 0.054 0.392 0.024 0.028
2 0.332 0.71 0.02 0.016
2 0.391 0.123 0.046 0.026
2 0.584 0.254 0.02 0.02
2 0.593 0.383 0.038 0.046
2 0.612 0.5 0.032 0.032
2 0.61 0.473 0.024 0.022
2 0.547 0.453 0.026 0.018
2 0.633 0.328 0.034 0.032
2 0.754 0.331 0.036 0.026
2 0.806 0.342 0.04 0.024
2 0.786 0.485 0.024 0.026
2 0.675 0.75 0.034 0.036
2 0.721 0.523 0.05 0.046
2 0.73 0.499 0.024 0.026
2 0.759 0.597 0.034 0.03
2 0.632 0.576 0.064 0.08
2 0.842 0.473 0.036 0.038
2 0.872 0.483 0.02 0.022
2 0.889 0.195 0.038 0.034
2 0.85 0.144 0.028 0.024
2 0.837 0.538 0.026 0.036
2 0.732 0.722 0.02 0.028
2 0.712 0.711 0.032 0.026
2 0.779 0.943 0.046 0.038
2 0.89 0.759 0.04 0.034
2 0.894 0.732 0.028 0.024
2 0.921 0.984 0.018 0.016
2 0.941 0.836 0.042 0.04
2 0.781 0.858 0.018 0.02
2 0.364 0.691 0.028 0.03
2 0.988 0.743 0.02 0.05
2 0.965 0.548 0.026 0.024
2 0.007 0.006 0.014 0.012
2 0.01 0.081 0.02 0.026
2 0.299 0.185 0.034 0.026
2 0.131 0.171 0.034 0.034
2 0.013 0.602 0.026 0.04
2 0.014 0.824 0.02 0.024
2 0.005 0.987 0.01 0.022