0 0.06 0.961 0.044 0.058
0 0.047 0.863 0.046 0.07
0 0.216 0.951 0.04 0.058
0 0.246 0.946 0.036 0.044
0 0.091 0.833 0.038 0.05
0 0.068 0.813 0.036 0.054
0 0.224 0.696 0.032 0.056
0 0.132 0.773 0.032 0.042
0 0.339 0.842 0.038 0.04
0 0.367 0.862 0.026 0.064
0 0.396 0.832 0.032 0.048
0 0.436 0.849 0.048 0.066
0 0.274 0.838 0.036 0.044
0 0.29 0.797 0.036 0.042
0 0.224 0.794 0.032 0.036
0 0.136 0.878 0.032 0.036
0 0.084 0.988 0.052 0.02
0 0.008 0.985 0.016 0.026
0 0.006 0.936 0.012 0.044
0 0.008 0.882 0.016 0.056
0 0.011 0.752 0.022 0.056
0 0.015 0.602 0.03 0.048
0 0.015 0.659 0.03 0.086
0 0.038 0.545 0.032 0.046
0 0.154 0.638 0.048 0.044
0 0.154 0.666 0.032 0.02
0 0.212 0.635 0.036 0.046
0 0.138 0.61 0.032 0.064
0 0.072 0.408 0.036 0.052
0 0.084 0.343 0.04 0.05
0 0.101 0.285 0.034 0.05
0 0.047 0.221 0.038 0.046
0 0.017 0.341 0.034 0.05
0 0.015 0.299 0.03 0.038
0 0.177 0.365 0.034 0.042
0 0.171 0.421 0.042 0.046
0 0.124 0.444 0.036 0.044
0 0.204 0.459 0.032 0.046
0 0.374 0.522 0.036 0.04
0 0.367 0.424 0.03 0.052
0 0.455 0.392 0.034 0.048
0 0.5 0.34 0.028 0.04
0 0.479 0.327 0.026 0.038
0 0.48 0.572 0.04 0.044
0 0.504 0.581 0.036 0.042
0 0.655 0.632 0.046 0.052
0 0.584 0.671 0.04 0.058
0 0.517 0.729 0.034 0.05
0 0.485 0.718 0.034 0.052
0 0.498 0.681 0.036 0.046
0 0.538 0.691 0.04 0.046
0 0.384 0.797 0.04 0.046
0 0.403 0.728 0.046 0.052
0 0.346 0.667 0.036 0.074
0 0.419 0.668 0.042 0.06
0 0.476 0.619 0.032 0.042
0 0.391 0.634 0.042 0.044
0 0.413 0.61 0.038 0.052
0 0.502 0.839 0.048 0.066
0 0.556 0.86 0.04 0.064
0 0.56 0.976 0.036 0.044
0 0.488 0.936 0.036 0.06
0 0.631 0.98 0.03 0.036
0 0.706 0.942 0.04 0.076
0 0.736 0.973 0.028 0.046
0 0.719 0.99 0.03 0.016
0 0.868 0.988 0.036 0.02
0 0.961 0.988 0.034 0.02
0 0.883 0.95 0.038 0.088
0 0.919 0.955 0.03 0.066
0 0.979 0.818 0.03 0.06
0 0.918 0.829 0.028 0.062
0 0.884 0.815 0.04 0.046
0 0.884 0.855 0.036 0.042
0 0.835 0.815 0.05 0.042
0 0.792 0.866 0.028 0.048
0 0.758 0.847 0.028 0.054
0 0.681 0.779 0.038 0.062
0 0.691 0.735 0.038 0.054
0 0.726 0.745 0.028 0.05
0 0.769 0.773 0.034 0.062
0 0.643 0.81 0.034 0.088
0 0.602 0.844 0.04 0.044
0 0.604 0.79 0.04 0.04
0 0.774 0.625 0.04 0.046
0 0.833 0.673 0.026 0.046
0 0.888 0.744 0.032 0.068
0 0.98 0.679 0.036 0.058
0 0.855 0.583 0.042 0.046
0 0.967 0.596 0.038 0.048
0 0.984 0.552 0.028 0.056
0 0.903 0.54 0.046 0.048
0 0.878 0.485 0.032 0.054
0 0.943 0.465 0.038 0.042
0 0.986 0.469 0.024 0.046
0 0.94 0.425 0.052 0.042
0 0.919 0.357 0.03 0.05
0 0.896 0.365 0.032 0.046
0 0.985 0.324 0.026 0.064
0 0.977 0.28 0.034 0.044
0 0.908 0.287 0.056 0.046
0 0.837 0.227 0.042 0.042
0 0.81 0.245 0.04 0.046
0 0.738 0.231 0.032 0.038
0 0.705 0.221 0.026 0.054
0 0.667 0.206 0.038 0.06
0 0.648 0.178 0.032 0.036
0 0.627 0.231 0.034 0.034
0 0.603 0.242 0.038 0.04
0 0.681 0.329 0.05 0.054
0 0.659 0.375 0.038 0.046
0 0.697 0.398 0.038 0.036
0 0.621 0.373 0.03 0.042
0 0.683 0.466 0.034 0.048
0 0.726 0.545 0.044 0.05
0 0.775 0.525 0.038 0.046
0 0.829 0.537 0.034 0.05
0 0.674 0.558 0.04 0.048
0 0.648 0.58 0.032 0.016
0 0.584 0.526 0.028 0.036
0 0.582 0.554 0.032 0.044
0 0.42 0.443 0.036 0.038
0 0.181 0.469 0.03 0.042
0 0.175 0.486 0.038 0.052
0 0.318 0.453 0.04 0.046
0 0.3 0.367 0.036 0.038
0 0.278 0.396 0.032 0.052
0 0.279 0.345 0.03 0.042
0 0.339 0.344 0.038 0.044
0 0.308 0.294 0.032 0.036
0 0.254 0.286 0.032 0.044
0 0.376 0.316 0.04 0.044
0 0.364 0.241 0.028 0.042
0 0.33 0.23 0.032 0.048
0 0.35 0.15 0.044 0.044
0 0.396 0.149 0.036 0.05
0 0.411 0.192 0.034 0.036
0 0.407 0.25 0.038 0.036
0 0.489 0.258 0.034 0.036
0 0.451 0.191 0.03 0.038
0 0.514 0.125 0.032 0.042
0 0.415 0.011 0.038 0.018
0 0.415 0.058 0.042 0.044
0 0.36 0.054 0.044 0.048
0 0.347 0.027 0.03 0.042
0 0.279 0.074 0.038 0.048
0 0.244 0.02 0.044 0.036
0 0.122 0.02 0.032 0.036
0 0.044 0.039 0.04 0.062
0 0.078 0.154 0.032 0.048
0 0.03 0.095 0.04 0.05
0 0.01 0.106 0.02 0.044
0 0.171 0.275 0.026 0.058
0 0.772 0.477 0.032 0.046
0 0.813 0.455 0.038 0.046
0 0.789 0.392 0.038 0.048
0 0.8 0.305 0.032 0.054
0 0.756 0.317 0.036 0.046
0 0.984 0.169 0.028 0.07
0 0.996 0.22 0.004 0.032
0 0.926 0.108 0.036 0.044
0 0.892 0.133 0.036 0.054
0 0.867 0.105 0.034 0.05
0 0.905 0.065 0.042 0.038
0 0.968 0.051 0.04 0.05
0 0.772 0.103 0.04 0.046
0 0.718 0.066 0.036 0.04
0 0.722 0.128 0.032 0.044
0 0.68 0.049 0.036 0.058
0 0.645 0.058 0.03 0.06
0 0.561 0.049 0.038 0.054
0 0.511 0.023 0.042 0.042
0 0.574 0.01 0.028 0.016
0 0.534 0.224 0.032 0.032
0 0.597 0.448 0.042 0.052
0 0.746 0.052 0.032 0.068
1 0.307 0.83 0.018 0.02
1 0.325 0.872 0.018 0.028
1 0.147 0.916 0.018 0.028
1 0.163 0.943 0.014 0.018
1 0.608 0.657 0.032 0.03
1 0.608 0.614 0.024 0.028
1 0.835 0.841 0.03 0.026
1 0.735 0.824 0.018 0.044
1 0.728 0.784 0.028 0.028
1 0.537 0.778 0.026 0.02
1 0.531 0.756 0.03 0.032
1 0.638 0.745 0.024 0.034
1 0.677 0.692 0.018 0.024
1 0.954 0.684 0.02 0.044
1 0.896 0.648 0.036 0.032
1 0.921 0.577 0.022 0.014
1 0.92 0.56 0.012 0.02
1 0.882 0.453 0.036 0.018
1 0.966 0.344 0.012 0.036
1 0.95 0.294 0.024 0.024
1 0.866 0.281 0.02 0.026
1 0.786 0.241 0.016 0.018
1 0.785 0.216 0.014 0.032
1 0.783 0.169 0.018 0.026
1 0.808 0.522 0.012 0.02
1 0.747 0.452 0.018 0.028
1 0.509 0.454 0.022 0.024
1 0.487 0.384 0.026 0.024
1 0.288 0.511 0.02 0.026
1 0.313 0.489 0.026 0.022
1 0.526 0.103 0.024 0.022
1 0.441 0.011 0.026 0.018
1 0.317 0.027 0.022 0.018
1 0.021 0.145 0.022 0.026
1 0.173 0.175 0.03 0.026
1 0.161 0.223 0.03 0.022
1 0.216 0.275 0.02 0.03
1 0.097 0.59 0.034 0.016
1 0.086 0.569 0.024 0.022
1 0.301 0.697 0.018 0.034
1 0.303 0.736 0.022 0.028
1 0.337 0.763 0.026 0.038
1 0.309 0.573 0.038 0.03
1 0.663 0.949 0.026 0.042
1 0.65 0.912 0.032 0.032
1 0.817 0.96 0.026 0.04
1 0.937 0.924 0.022 0.04
1 0.79 0.325 0.016 0.03
1 0.962 0.014 0.024 0.016
1 0.961 0.108 0.022 0.024
1 0.836 0.028 0.024 0.02
1 0.628 0.015 0.024 0.026
1 0.425 0.15 0.026 0.024
1 0.314 0.144 0.016 0.02
1 0.32 0.067 0.016 0.022
1 0.273 0.222 0.026 0.028
1 0.339 0.295 0.026 0.026
1 0.541 0.273 0.022 0.026
1 0.544 0.249 0.02 0.014
1 0.384 0.894 0.032 0.036
1 0.609 0.114 0.026 0.024
1 0.115 0.079 0.018 0.026
1 0.15 0.257 0.028 0.034
1 0.256 0.106 0.024 0.024
1 0.466 0.289 0.016 0.03
1 0.474 0.425 0.02 0.03
1 0.668 0.285 0.016 0.022
1 0.406 0.986 0.036 0.024
2 0.747 0.618 0.022 0.036
2 0.89 0.24 0.028 0.028
2 0.807 0.542 0.01 0.016
2 0.921 0.642 0.022 0.032
2 0.853 0.7 0.054 0.044
2 0.781 0.72 0.03 0.024
2 0.811 0.613 0.03 0.022
2 0.654 0.527 0.02 0.03
2 0.718 0.509 0.016 0.018
2 0.518 0.514 0.04 0.052
2 0.411 0.495 0.042 0.03
2 0.377 0.469 0.026 0.038
2 0.235 0.491 0.03 0.066
2 0.199 0.511 0.022 0.026
2 0.306 0.011 0.028 0.018
2 0.145 0.199 0.034 0.034
2 0.209 0.191 0.022 0.038
2 0.242 0.354 0.028 0.044
2 0.14 0.357 0.032 0.026
2 0.156 0.449 0.02 0.022
2 0.125 0.507 0.03 0.038
2 0.098 0.554 0.02 0.024
2 0.242 0.558 0.032 0.036
2 0.277 0.628 0.026 0.024
2 0.458 0.742 0.028 0.044
2 0.164 0.828 0.036 0.028
2 0.132 0.742 0.032 0.048
2 0.975 0.955 0.03 0.046
2 0.778 0.423 0.028 0.038
2 0.846 0.433 0.032 0.05
2 0.892 0.024 0.036 0.044
2 0.812 0.047 0.032 0.022
2 0.443 0.121 0.026 0.046
2 0.198 0.013 0.064 0.022
2 0.569 0.188 0.03 0.028
2 0.531 0.181 0.026 0.026
2 0.589 0.403 0.046 0.05
2 0.483 0.024 0.026 0.04
2 0.113 0.205 0.022 0.018
2 0.227 0.218 0.034 0.04