0 0.022 0.926 0.036 0.056
0 0.126 0.955 0.052 0.058
0 0.174 0.961 0.04 0.058
0 0.232 0.979 0.04 0.038
0 0.335 0.981 0.054 0.034
0 0.117 0.893 0.042 0.054
0 0.099 0.864 0.054 0.048
0 0.053 0.817 0.034 0.046
0 0.074 0.82 0.02 0.028
0 0.037 0.793 0.026 0.018
0 0.024 0.815 0.02 0.014
0 0.013 0.78 0.026 0.02
0 0.007 0.731 0.014 0.042
0 0.324 0.917 0.036 0.034
0 0.454 0.995 0.044 0.006
0 0.402 0.952 0.032 0.052
0 0.452 0.927 0.036 0.046
0 0.581 0.937 0.038 0.034
0 0.667 0.894 0.054 0.08
0 0.734 0.927 0.028 0.042
0 0.988 0.971 0.02 0.058
0 0.952 0.977 0.06 0.042
0 0.969 0.911 0.046 0.066
0 0.989 0.842 0.018 0.052
0 0.981 0.749 0.034 0.042
0 0.959 0.79 0.026 0.04
0 0.807 0.852 0.03 0.04
0 0.726 0.856 0.036 0.052
0 0.6 0.861 0.032 0.05
0 0.546 0.827 0.032 0.038
0 0.526 0.751 0.036 0.05
0 0.44 0.737 0.036 0.054
0 0.407 0.706 0.046 0.052
0 0.422 0.685 0.032 0.05
0 0.965 0.702 0.038 0.048
0 0.912 0.73 0.048 0.06
0 0.845 0.728 0.046 0.084
0 0.772 0.77 0.036 0.06
0 0.717 0.781 0.042 0.07
0 0.02 0.554 0.04 0.048
0 0.059 0.531 0.042 0.042
0 0.108 0.405 0.032 0.042
0 0.041 0.339 0.034 0.038
0 0.004 0.314 0.008 0.032
0 0.024 0.242 0.04 0.056
0 0.087 0.241 0.038 0.038
0 0.062 0.196 0.036 0.056
0 0.008 0.079 0.016 0.03
0 0.009 0.034 0.018 0.02
0 0.015 0.013 0.03 0.022
0 0.094 0.036 0.036 0.048
0 0.123 0.118 0.042 0.052
0 0.191 0.093 0.034 0.03
0 0.161 0.201 0.03 0.038
0 0.129 0.259 0.03 0.026
0 0.138 0.245 0.04 0.03
0 0.171 0.233 0.026 0.038
0 0.195 0.203 0.022 0.03
0 0.191 0.274 0.018 0.024
0 0.207 0.262 0.018 0.016
0 0.204 0.316 0.028 0.016
0 0.212 0.301 0.028 0.018
0 0.136 0.306 0.048 0.044
0 0.117 0.339 0.034 0.038
0 0.172 0.405 0.04 0.05
0 0.16 0.546 0.044 0.044
0 0.219 0.565 0.038 0.062
0 0.157 0.644 0.034 0.044
0 0.255 0.692 0.038 0.052
0 0.2 0.778 0.044 0.044
0 0.207 0.755 0.026 0.022
0 0.215 0.812 0.038 0.036
0 0.315 0.809 0.054 0.07
0 0.356 0.807 0.036 0.058
0 0.414 0.847 0.044 0.062
0 0.257 0.075 0.042 0.05
0 0.283 0.074 0.03 0.028
0 0.296 0.099 0.048 0.054
0 0.308 0.012 0.036 0.02
0 0.242 0.008 0.032 0.012
0 0.294 0.631 0.044 0.062
0 0.261 0.57 0.042 0.052
0 0.265 0.445 0.03 0.038
0 0.282 0.429 0.016 0.026
0 0.314 0.425 0.024 0.038
0 0.337 0.41 0.026 0.068
0 0.991 0.646 0.014 0.04
0 0.872 0.647 0.044 0.046
0 0.894 0.668 0.052 0.084
0 0.901 0.596 0.042 0.056
0 0.439 0.571 0.03 0.038
0 0.503 0.58 0.03 0.06
0 0.559 0.592 0.03 0.056
0 0.598 0.644 0.04 0.044
0 0.645 0.702 0.034 0.052
0 0.712 0.702 0.04 0.052
0 0.731 0.729 0.022 0.018
0 0.981 0.019 0.034 0.038
0 0.994 0.061 0.008 0.042
0 0.947 0.053 0.034 0.05
0 0.924 0.034 0.024 0.048
0 0.886 0.05 0.036 0.044
0 0.948 0.109 0.02 0.03
0 0.991 0.15 0.014 0.048
0 0.946 0.137 0.02 0.022
0 0.854 0.097 0.044 0.054
0 0.873 0.162 0.034 0.044
0 0.898 0.2 0.028 0.04
0 0.792 0.081 0.032 0.034
0 0.771 0.037 0.038 0.054
0 0.758 0.024 0.024 0.032
0 0.716 0.015 0.036 0.026
0 0.687 0.006 0.034 0.008
0 0.985 0.277 0.022 0.038
0 0.991 0.309 0.014 0.042
0 0.592 0.011 0.04 0.018
0 0.576 0.032 0.02 0.024
0 0.638 0.043 0.028 0.046
0 0.51 0.092 0.044 0.04
0 0.456 0.056 0.036 0.06
0 0.483 0.046 0.014 0.028
0 0.378 0.1 0.036 0.036
0 0.411 0.136 0.038 0.048
0 0.377 0.184 0.03 0.056
0 0.346 0.179 0.032 0.042
0 0.333 0.28 0.034 0.076
0 0.301 0.333 0.03 0.05
0 0.373 0.349 0.038 0.054
0 0.39 0.305 0.028 0.022
0 0.384 0.27 0.028 0.044
0 0.41 0.219 0.036 0.03
0 0.459 0.222 0.018 0.028
0 0.415 0.414 0.026 0.036
0 0.396 0.413 0.02 0.03
0 0.454 0.487 0.036 0.046
0 0.445 0.372 0.034 0.028
0 0.416 0.333 0.036 0.046
0 0.442 0.318 0.02 0.04
0 0.68 0.06 0.028 0.044
0 0.678 0.104 0.024 0.044
0 0.639 0.131 0.038 0.062
0 0.574 0.129 0.028 0.042
0 0.551 0.126 0.03 0.048
0 0.519 0.142 0.034 0.044
0 0.515 0.183 0.034 0.066
0 0.489 0.195 0.026 0.066
0 0.525 0.234 0.034 0.048
0 0.504 0.262 0.036 0.028
0 0.572 0.217 0.032 0.038
0 0.627 0.22 0.022 0.04
0 0.517 0.446 0.046 0.064
0 0.551 0.4 0.042 0.048
0 0.757 0.636 0.022 0.04
0 0.984 0.558 0.028 0.044
0 0.996 0.598 0.004 0.028
0 0.968 0.531 0.028 0.03
0 0.957 0.507 0.038 0.038
0 0.949 0.471 0.038 0.034
0 0.955 0.432 0.042 0.028
0 0.889 0.407 0.038 0.03
0 0.858 0.515 0.048 0.05
0 0.762 0.557 0.02 0.026
0 0.68 0.594 0.024 0.028
0 0.659 0.545 0.038 0.042
0 0.623 0.559 0.022 0.042
0 0.597 0.559 0.026 0.042
0 0.603 0.504 0.034 0.036
0 0.614 0.49 0.028 0.032
0 0.633 0.432 0.026 0.02
0 0.632 0.456 0.04 0.036
0 0.8 0.198 0.056 0.06
0 0.747 0.211 0.034 0.03
0 0.813 0.258 0.03 0.036
0 0.845 0.299 0.042 0.038
0 0.896 0.334 0.036 0.036
0 0.878 0.368 0.036 0.04
0 0.846 0.401 0.016 0.018
0 0.798 0.394 0.044 0.024
0 0.793 0.424 0.026 0.032
0 0.783 0.477 0.034 0.034
0 0.801 0.466 0.018 0.02
0 0.751 0.468 0.026 0.04
0 0.565 0.277 0.03 0.038
0 0.613 0.332 0.018 0.032
0 0.629 0.305 0.03 0.034
0 0.645 0.28 0.03 0.04
0 0.67 0.309 0.052 0.042
0 0.71 0.362 0.036 0.04
0 0.737 0.344 0.03 0.032
0 0.777 0.359 0.046 0.034
0 0.744 0.291 0.024 0.034
0 0.734 0.311 0.028 0.026
1 0.068 0.975 0.012 0.018
1 0.101 0.987 0.018 0.018
1 0.259 0.992 0.026 0.012
1 0.146 0.889 0.012 0.026
1 0.006 0.694 0.012 0.02
1 0.233 0.9 0.022 0.02
1 0.238 0.885 0.032 0.014
1 0.239 0.877 0.022 0.002
1 0.291 0.931 0.018 0.03
1 0.386 0.932 0.02 0.016
1 0.591 0.982 0.022 0.02
1 0.594 0.901 0.016 0.018
1 0.667 0.95 0.01 0.024
1 0.75 0.927 0.016 0.034
1 0.864 0.924 0.028 0.032
1 0.772 0.836 0.02 0.036
1 0.465 0.829 0.018 0.022
1 0.537 0.78 0.022 0.028
1 0.476 0.779 0.016 0.014
1 0.817 0.817 0.018 0.03
1 0.066 0.497 0.024 0.018
1 0.029 0.408 0.022 0.032
1 0.078 0.396 0.016 0.02
1 0.12 0.054 0.032 0.02
1 0.09 0.1 0.012 0.024
1 0.247 0.153 0.018 0.026
1 0.128 0.204 0.016 0.024
1 0.203 0.221 0.014 0.034
1 0.206 0.193 0.012 0.014
1 0.237 0.253 0.014 0.026
1 0.22 0.283 0.016 0.014
1 0.232 0.409 0.028 0.026
1 0.202 0.452 0.02 0.024
1 0.19 0.475 0.024 0.03
1 0.179 0.702 0.026 0.028
1 0.188 0.658 0.016 0.032
1 0.277 0.706 0.022 0.02
1 0.154 0.78 0.024 0.024
1 0.319 0.854 0.018 0.02
1 0.288 0.838 0.012 0.016
1 0.341 0.635 0.022 0.018
1 0.269 0.53 0.026 0.028
1 0.098 0.587 0.02 0.018
1 0.99 0.622 0.016 0.024
1 0.849 0.632 0.022 0.016
1 0.853 0.605 0.018 0.026
1 0.838 0.579 0.032 0.022
1 0.389 0.604 0.026 0.02
1 0.417 0.542 0.018 0.02
1 0.621 0.63 0.018 0.02
1 0.644 0.634 0.012 0.016
1 0.917 0.136 0.018 0.02
1 0.862 0.135 0.028 0.01
1 0.806 0.117 0.024 0.022
1 0.805 0.142 0.03 0.016
1 0.972 0.271 0.016 0.03
1 0.534 0.009 0.02 0.014
1 0.529 0.042 0.018 0.032
1 0.521 0.063 0.01 0.014
1 0.439 0.115 0.026 0.022
1 0.405 0.248 0.018 0.024
1 0.386 0.442 0.024 0.028
1 0.462 0.423 0.016 0.022
1 0.593 0.204 0.014 0.024
1 0.152 0.584 0.016 0.02
1 0.386 0.5 0.016 0.02
1 0.541 0.477 0.03 0.018
1 0.544 0.368 0.016 0.016
1 0.501 0.327 0.026 0.022
1 0.877 0.423 0.026 0.018
1 0.552 0.539 0.012 0.01
1 0.678 0.494 0.012 0.012
1 0.678 0.481 0.02 0.014
1 0.845 0.207 0.018 0.03
1 0.717 0.234 0.026 0.04
1 0.698 0.2 0.024 0.012
1 0.777 0.16 0.01 0.008
1 0.591 0.313 0.018 0.018
1 0.394 0.003 0.012 0.002
1 0.041 0.284 0.014 0.012
1 0.208 0.424 0.008 0.012
1 0.467 0.309 0.006 0.01
1 0.354 0.273 0.012 0.014
1 0.065 0.129 0.014 0.01
1 0.002 0.179 0.004 0.026
2 0.786 0.331 0.04 0.022
2 0.948 0.214 0.02 0.028
2 0.713 0.167 0.014 0.014
2 0.42 0.007 0.032 0.01
2 0.052 0.146 0.012 0.024
2 0.224 0.327 0.02 0.018
2 0.347 0.757 0.022 0.022
2 0.661 0.662 0.018 0.02
2 0.281 0.501 0.022 0.026
2 0.49 0.878 0.012 0.016