0 0.657 0.734 0.046 0.076
0 0.643 0.614 0.05 0.064
0 0.608 0.644 0.04 0.048
0 0.513 0.617 0.046 0.062
0 0.848 0.392 0.056 0.064
0 0.775 0.363 0.038 0.046
0 0.598 0.791 0.044 0.054
0 0.902 0.77 0.052 0.068
0 0.847 0.775 0.062 0.058
0 0.837 0.874 0.054 0.06
0 0.785 0.883 0.05 0.042
0 0.73 0.899 0.048 0.046
0 0.81 0.503 0.044 0.046
0 0.774 0.532 0.052 0.032
0 0.748 0.597 0.048 0.058
0 0.707 0.594 0.046 0.06
0 0.931 0.909 0.046 0.046
0 0.729 0.956 0.066 0.068
0 0.637 0.898 0.046 0.076
0 0.538 0.939 0.048 0.046
0 0.454 0.955 0.056 0.062
0 0.462 0.936 0.044 0.056
0 0.644 0.847 0.036 0.03
0 0.787 0.815 0.042 0.05
0 0.835 0.831 0.034 0.034
0 0.884 0.896 0.036 0.028
0 0.799 0.932 0.034 0.024
0 0.574 0.86 0.048 0.06
0 0.552 0.752 0.028 0.06
0 0.471 0.752 0.046 0.068
0 0.392 0.846 0.06 0.04
0 0.369 0.893 0.022 0.042
0 0.322 0.895 0.044 0.074
0 0.747 0.807 0.062 0.078
0 0.836 0.69 0.052 0.048
0 0.955 0.505 0.038 0.042
0 0.91 0.521 0.044 0.054
0 0.834 0.47 0.064 0.084
0 0.748 0.478 0.06 0.072
0 0.746 0.402 0.064 0.072
0 0.656 0.508 0.048 0.056
0 0.192 0.821 0.044 0.042
0 0.14 0.833 0.036 0.042
0 0.134 0.797 0.044 0.046
0 0.12 0.752 0.032 0.04
0 0.065 0.814 0.042 0.068
0 0.046 0.828 0.044 0.064
0 0.021 0.866 0.038 0.06
0 0.17 0.698 0.048 0.076
0 0.298 0.806 0.048 0.064
0 0.4 0.97 0.036 0.052
0 0.327 0.966 0.038 0.064
0 0.287 0.957 0.054 0.062
0 0.138 0.709 0.028 0.054
0 0.107 0.702 0.034 0.052
0 0.284 0.478 0.048 0.072
0 0.247 0.452 0.05 0.092
0 0.215 0.453 0.03 0.05
0 0.357 0.709 0.058 0.074
0 0.394 0.754 0.064 0.08
0 0.819 0.918 0.03 0.028
0 0.782 0.919 0.04 0.03
0 0.921 0.804 0.038 0.024
0 0.578 0.557 0.052 0.07
0 0.603 0.538 0.066 0.064
0 0.411 0.645 0.054 0.078
0 0.336 0.595 0.052 0.078
0 0.33 0.65 0.028 0.044
0 0.376 0.518 0.04 0.06
0 0.236 0.539 0.056 0.078
0 0.171 0.524 0.042 0.048
0 0.169 0.575 0.034 0.046
0 0.089 0.548 0.05 0.076
0 0.148 0.626 0.048 0.06
0 0.281 0.709 0.042 0.05
0 0.252 0.696 0.028 0.048
0 0.264 0.671 0.024 0.018
0 0.024 0.523 0.044 0.086
0 0.078 0.484 0.036 0.044
0 0.634 0.37 0.056 0.06
0 0.648 0.343 0.044 0.05
0 0.966 0.431 0.06 0.062
0 0.909 0.338 0.042 0.048
0 0.889 0.341 0.042 0.046
0 0.936 0.302 0.04 0.044
0 0.857 0.278 0.062 0.06
0 0.942 0.146 0.064 0.076
0 0.887 0.146 0.026 0.036
0 0.746 0.227 0.048 0.05
0 0.781 0.308 0.034 0.048
0 0.739 0.284 0.046 0.052
0 0.718 0.327 0.032 0.034
0 0.701 0.346 0.018 0.032
0 0.28 0.507 0.024 0.022
0 0.244 0.123 0.048 0.074
0 0.18 0.114 0.04 0.052
0 0.211 0.054 0.046 0.06
0 0.15 0.066 0.024 0.036
0 0.034 0.115 0.048 0.09
0 0.11 0.161 0.028 0.062
0 0.079 0.158 0.03 0.048
0 0.068 0.184 0.024 0.04
0 0.031 0.208 0.042 0.064
0 0.038 0.249 0.032 0.026
0 0.106 0.088 0.036 0.044
0 0.095 0.059 0.026 0.03
0 0.077 0.035 0.03 0.03
0 0.374 0.087 0.044 0.058
0 0.303 0.038 0.058 0.056
0 0.244 0.015 0.044 0.026
0 0.561 0.138 0.042 0.068
0 0.503 0.132 0.042 0.08
0 0.469 0.12 0.026 0.04
0 0.46 0.074 0.032 0.032
0 0.495 0.03 0.05 0.056
0 0.437 0.021 0.042 0.038
0 0.522 0.023 0.044 0.042
0 0.793 0.164 0.074 0.088
0 0.703 0.084 0.046 0.056
0 0.723 0.053 0.042 0.062
0 0.778 0.025 0.04 0.046
0 0.66 0.154 0.06 0.072
0 0.781 0.097 0.038 0.046
0 0.661 0.274 0.046 0.06
0 0.676 0.296 0.032 0.04
0 0.544 0.22 0.044 0.048
0 0.51 0.236 0.028 0.036
0 0.473 0.259 0.038 0.078
0 0.421 0.246 0.05 0.06
0 0.463 0.335 0.042 0.042
0 0.358 0.194 0.04 0.072
0 0.304 0.221 0.044 0.066
0 0.234 0.215 0.04 0.058
0 0.317 0.383 0.026 0.034
0 0.302 0.428 0.048 0.068
0 0.296 0.341 0.048 0.046
0 0.302 0.303 0.048 0.042
0 0.277 0.285 0.042 0.034
0 0.156 0.358 0.028 0.036
0 0.156 0.272 0.036 0.032
0 0.144 0.213 0.04 0.066
0 0.458 0.366 0.036 0.032
0 0.578 0.317 0.06 0.078
0 0.578 0.365 0.032 0.038
0 0.389 0.222 0.018 0.052
1 0.815 0.406 0.03 0.028
1 0.65 0.556 0.024 0.02
1 0.877 0.912 0.022 0.02
1 0.965 0.969 0.018 0.026
1 0.696 0.975 0.02 0.014
1 0.489 0.985 0.03 0.026
1 0.699 0.85 0.018 0.02
1 0.586 0.892 0.02 0.016
1 0.6 0.889 0.008 0.014
1 0.524 0.749 0.02 0.034
1 0.447 0.818 0.018 0.016
1 0.442 0.809 0.02 0.014
1 0.821 0.66 0.034 0.024
1 0.745 0.643 0.022 0.026
1 0.918 0.482 0.02 0.032
1 0.949 0.713 0.022 0.038
1 0.922 0.662 0.024 0.024
1 0.797 0.725 0.034 0.034
1 0.866 0.553 0.036 0.03
1 0.797 0.567 0.018 0.018
1 0.699 0.732 0.018 0.02
1 0.276 0.886 0.016 0.028
1 0.249 0.904 0.018 0.024
1 0.387 0.929 0.018 0.022
1 0.161 0.435 0.034 0.026
1 0.147 0.454 0.018 0.02
1 0.138 0.465 0.028 0.026
1 0.217 0.948 0.018 0.024
1 0.12 0.914 0.016 0.024
1 0.097 0.902 0.022 0.02
1 0.091 0.925 0.014 0.018
1 0.897 0.822 0.018 0.02
1 0.572 0.499 0.024 0.03
1 0.598 0.468 0.02 0.044
1 0.591 0.44 0.01 0.02
1 0.544 0.673 0.024 0.034
1 0.56 0.652 0.024 0.02
1 0.517 0.571 0.026 0.022
1 0.461 0.573 0.022 0.026
1 0.419 0.581 0.022 0.03
1 0.065 0.628 0.018 0.024
1 0.051 0.606 0.018 0.024
1 0.188 0.771 0.024 0.034
1 0.224 0.666 0.024 0.024
1 0.228 0.695 0.02 0.022
1 0.98 0.303 0.024 0.03
1 0.968 0.338 0.012 0.016
1 0.956 0.351 0.008 0.01
1 0.947 0.343 0.01 0.01
1 0.734 0.313 0.02 0.022
1 0.272 0.055 0.024 0.026
1 0.589 0.029 0.034 0.026
1 0.659 0.026 0.014 0.04
1 0.713 0.16 0.01 0.044
1 0.787 0.066 0.03 0.02
1 0.966 0.266 0.028 0.036
1 0.95 0.27 0.02 0.028
1 0.705 0.233 0.022 0.022
1 0.608 0.268 0.016 0.024
1 0.593 0.274 0.014 0.02
1 0.618 0.222 0.036 0.024
1 0.427 0.314 0.018 0.024
1 0.398 0.282 0.028 0.04
1 0.427 0.169 0.03 0.03
1 0.415 0.196 0.022 0.024
1 0.413 0.408 0.018 0.032
1 0.395 0.397 0.018 0.038
1 0.373 0.427 0.03 0.026
1 0.258 0.302 0.016 0.016
1 0.092 0.386 0.032 0.02
1 0.057 0.323 0.022 0.03
1 0.557 0.347 0.014 0.022
1 0.604 0.354 0.024 0.024
1 0.524 0.483 0.024 0.03
1 0.857 0.098 0.026 0.024
1 0.621 0.105 0.022 0.022
1 0.181 0.804 0.018 0.016
1 0.792 0.4 0.016 0.024
1 0.797 0.37 0.01 0.024
2 0.638 0.441 0.032 0.026
2 0.184 0.312 0.02 0.016
2 0.029 0.685 0.018 0.046
2 0.296 0.178 0.032 0.028
2 0.349 0.275 0.018 0.018
2 0.414 0.896 0.028 0.024