0 0.036 0.025 0.036 0.046
0 0.086 0.02 0.02 0.02
0 0.006 0.08 0.008 0.02
0 0.153 0.053 0.034 0.05
0 0.193 0.066 0.03 0.04
0 0.034 0.124 0.024 0.044
0 0.067 0.142 0.034 0.044
0 0.924 0.004 0.02 0.008
0 0.837 0.026 0.03 0.04
0 0.937 0.124 0.042 0.052
0 0.912 0.136 0.024 0.048
0 0.886 0.136 0.016 0.024
0 0.911 0.186 0.03 0.028
0 0.967 0.208 0.018 0.024
0 0.983 0.216 0.026 0.036
0 0.609 0.048 0.034 0.044
0 0.467 0.02 0.038 0.04
0 0.388 0.02 0.04 0.04
0 0.32 0.016 0.036 0.032
0 0.984 0.387 0.028 0.05
0 0.989 0.339 0.018 0.046
0 0.967 0.363 0.038 0.046
0 0.944 0.422 0.032 0.032
0 0.953 0.449 0.026 0.022
0 0.984 0.477 0.028 0.038
0 0.923 0.502 0.026 0.02
0 0.929 0.513 0.034 0.022
0 0.959 0.544 0.034 0.044
0 0.984 0.56 0.028 0.052
0 0.936 0.574 0.048 0.04
0 0.892 0.551 0.028 0.038
0 0.991 0.674 0.014 0.044
0 0.956 0.708 0.06 0.076
0 0.959 0.785 0.05 0.038
0 0.858 0.703 0.048 0.074
0 0.934 0.945 0.036 0.05
0 0.916 0.967 0.036 0.034
0 0.9 0.915 0.036 0.03
0 0.899 0.847 0.05 0.062
0 0.89 0.804 0.04 0.032
0 0.76 0.806 0.06 0.064
0 0.718 0.818 0.036 0.048
0 0.735 0.886 0.046 0.044
0 0.775 0.964 0.038 0.032
0 0.684 0.967 0.04 0.042
0 0.644 0.924 0.04 0.048
0 0.557 0.971 0.046 0.054
0 0.405 0.958 0.05 0.06
0 0.338 0.948 0.04 0.04
0 0.259 0.948 0.038 0.04
0 0.188 0.951 0.032 0.054
0 0.126 0.96 0.04 0.06
0 0.051 0.915 0.05 0.078
0 0.015 0.99 0.026 0.016
0 0.051 0.988 0.042 0.02
0 0.029 0.762 0.034 0.056
0 0.116 0.764 0.048 0.068
0 0.172 0.861 0.048 0.066
0 0.192 0.815 0.044 0.07
0 0.212 0.808 0.032 0.036
0 0.281 0.865 0.054 0.058
0 0.266 0.811 0.04 0.054
0 0.314 0.793 0.036 0.03
0 0.498 0.845 0.044 0.03
0 0.497 0.872 0.034 0.028
0 0.562 0.887 0.048 0.046
0 0.5 0.805 0.036 0.03
0 0.89 0.631 0.044 0.058
0 0.828 0.61 0.028 0.032
0 0.776 0.442 0.028 0.052
0 0.927 0.289 0.034 0.038
0 0.867 0.258 0.034 0.044
0 0.807 0.221 0.038 0.074
0 0.79 0.654 0.016 0.02
0 0.76 0.599 0.028 0.046
0 0.672 0.594 0.028 0.036
0 0.677 0.458 0.058 0.064
0 0.643 0.504 0.038 0.076
0 0.588 0.528 0.028 0.044
0 0.69 0.752 0.028 0.048
0 0.645 0.714 0.042 0.064
0 0.6 0.758 0.06 0.072
0 0.531 0.67 0.026 0.04
0 0.576 0.654 0.048 0.056
0 0.495 0.716 0.042 0.08
0 0.73 0.33 0.044 0.04
0 0.663 0.304 0.042 0.044
0 0.676 0.377 0.04 0.034
0 0.724 0.23 0.044 0.048
0 0.732 0.176 0.024 0.028
0 0.559 0.135 0.034 0.038
0 0.589 0.291 0.03 0.038
0 0.6 0.256 0.036 0.048
0 0.525 0.075 0.046 0.042
0 0.469 0.148 0.026 0.036
0 0.459 0.179 0.046 0.038
0 0.421 0.162 0.026 0.04
0 0.403 0.194 0.038 0.04
0 0.376 0.175 0.024 0.046
0 0.408 0.118 0.04 0.032
0 0.398 0.09 0.032 0.036
0 0.37 0.09 0.024 0.044
0 0.33 0.061 0.032 0.042
0 0.42 0.648 0.024 0.052
0 0.405 0.642 0.026 0.048
0 0.396 0.618 0.02 0.02
0 0.429 0.585 0.03 0.03
0 0.459 0.571 0.018 0.03
0 0.458 0.542 0.024 0.024
0 0.51 0.438 0.044 0.048
0 0.554 0.381 0.04 0.054
0 0.479 0.372 0.038 0.052
0 0.477 0.312 0.034 0.044
0 0.486 0.293 0.032 0.034
0 0.469 0.257 0.026 0.022
0 0.447 0.254 0.022 0.02
0 0.213 0.728 0.026 0.036
0 0.207 0.677 0.026 0.03
0 0.157 0.622 0.038 0.064
0 0.112 0.6 0.044 0.052
0 0.013 0.528 0.022 0.04
0 0.012 0.66 0.02 0.036
0 0.264 0.658 0.04 0.036
0 0.222 0.602 0.028 0.048
0 0.287 0.511 0.046 0.042
0 0.142 0.468 0.032 0.044
0 0.03 0.406 0.056 0.088
0 0.02 0.327 0.036 0.074
0 0.156 0.399 0.04 0.062
0 0.19 0.414 0.02 0.04
0 0.233 0.413 0.038 0.05
0 0.278 0.371 0.032 0.054
0 0.274 0.407 0.04 0.022
0 0.19 0.327 0.032 0.038
0 0.37 0.401 0.056 0.07
0 0.347 0.358 0.046 0.088
0 0.303 0.303 0.054 0.074
0 0.264 0.263 0.032 0.026
0 0.169 0.225 0.042 0.05
0 0.118 0.2 0.04 0.056
0 0.008 0.239 0.012 0.05
0 0.052 0.227 0.028 0.038
0 0.168 0.143 0.028 0.038
0 0.351 0.792 0.018 0.032
1 0.072 0.075 0.016 0.03
1 0.888 0.018 0.02 0.024
1 0.873 0.014 0.014 0.02
1 0.894 0.065 0.012 0.01
1 0.995 0.108 0.006 0.02
1 0.963 0.1 0.018 0.02
1 0.844 0.155 0.02 0.022
1 0.706 0.01 0.012 0.02
1 0.74 0.085 0.02 0.022
1 0.681 0.063 0.018 0.026
1 0.669 0.11 0.022 0.028
1 0.701 0.122 0.03 0.012
1 0.891 0.392 0.022 0.02
1 0.842 0.384 0.032 0.028
1 0.99 0.528 0.016 0.024
1 0.861 0.522 0.018 0.02
1 0.957 0.754 0.022 0.02
1 0.995 0.769 0.006 0.03
1 0.906 0.735 0.016 0.018
1 0.898 0.707 0.008 0.022
1 0.99 0.852 0.016 0.028
1 0.981 0.873 0.018 0.014
1 0.987 0.931 0.022 0.026
1 0.939 0.844 0.014 0.02
1 0.835 0.852 0.026 0.016
1 0.785 0.987 0.03 0.014
1 0.745 0.987 0.034 0.022
1 0.527 0.989 0.03 0.018
1 0.051 0.836 0.018 0.024
1 0.314 0.883 0.02 0.022
1 0.447 0.879 0.03 0.014
1 0.446 0.811 0.024 0.022
1 0.61 0.813 0.024 0.014
1 0.618 0.828 0.028 0.016
1 0.952 0.628 0.02 0.016
1 0.929 0.638 0.01 0.04
1 0.804 0.544 0.02 0.02
1 0.761 0.523 0.026 0.018
1 0.918 0.25 0.04 0.028
1 0.912 0.235 0.024 0.026
1 0.89 0.226 0.024 0.008
1 0.89 0.261 0.016 0.026
1 0.783 0.182 0.014 0.032
1 0.76 0.661 0.028 0.022
1 0.646 0.769 0.02 0.022
1 0.578 0.712 0.024 0.028
1 0.685 0.282 0.018 0.02
1 0.644 0.334 0.028 0.028
1 0.747 0.193 0.018 0.018
1 0.477 0.091 0.018 0.018
1 0.402 0.578 0.02 0.02
1 0.418 0.563 0.012 0.01
1 0.521 0.536 0.014 0.04
1 0.517 0.494 0.014 0.02
1 0.512 0.475 0.012 0.018
1 0.528 0.343 0.016 0.018
1 0.515 0.349 0.022 0.026
1 0.3 0.114 0.02 0.024
1 0.289 0.146 0.018 0.024
1 0.258 0.742 0.02 0.012
1 0.171 0.74 0.026 0.016
1 0.164 0.764 0.016 0.024
1 0.055 0.549 0.018 0.026
1 0.03 0.544 0.008 0.008
1 0.06 0.659 0.016 0.026
1 0.389 0.724 0.018 0.024
1 0.26 0.595 0.028 0.022
1 0.254 0.543 0.016 0.018
1 0.19 0.462 0.02 0.024
1 0.071 0.427 0.026 0.058
1 0.069 0.321 0.014 0.03
1 0.122 0.35 0.02 0.02
1 0.236 0.325 0.016 0.03
1 0.446 0.415 0.024 0.018
1 0.281 0.247 0.018 0.018
1 0.116 0.256 0.012 0.02
1 0.248 0.145 0.012 0.014
1 0.249 0.117 0.01 0.022
1 0.368 0.214 0.02 0.016
1 0.352 0.451 0.012 0.014
1 0.638 0.165 0.012 0.01
2 0.195 0.033 0.022 0.03
2 0.019 0.142 0.034 0.052
2 0.798 0.867 0.028 0.034
2 0.816 0.957 0.028 0.03
2 0.718 0.533 0.016 0.026
2 0.74 0.756 0.028 0.02
2 0.705 0.149 0.042 0.03
2 0.564 0.069 0.02 0.022
2 0.341 0.648 0.022 0.024
2 0.44 0.565 0.02 0.03
2 0.448 0.287 0.028 0.026
2 0.35 0.141 0.032 0.022
2 0.209 0.135 0.026 0.046
2 0.194 0.191 0.02 0.018
2 0.16 0.191 0.02 0.018
2 0.453 0.475 0.034 0.034
2 0.612 0.2 0.02 0.016
2 0.642 0.02 0.02 0.02