0 0.16 0.956 0.036 0.052
0 0.032 0.979 0.036 0.038
0 0.034 0.907 0.04 0.066
0 0.044 0.864 0.04 0.04
0 0.111 0.811 0.034 0.054
0 0.057 0.815 0.038 0.038
0 0.155 0.833 0.034 0.042
0 0.318 0.983 0.036 0.03
0 0.445 0.978 0.046 0.04
0 0.53 0.956 0.04 0.048
0 0.572 0.884 0.036 0.044
0 0.53 0.879 0.04 0.042
0 0.494 0.86 0.052 0.06
0 0.413 0.905 0.042 0.062
0 0.339 0.902 0.03 0.048
0 0.35 0.826 0.056 0.052
0 0.275 0.889 0.03 0.034
0 0.28 0.965 0.036 0.046
0 0.264 0.936 0.036 0.06
0 0.227 0.882 0.046 0.048
0 0.2 0.853 0.052 0.074
0 0.183 0.74 0.038 0.052
0 0.248 0.744 0.04 0.044
0 0.28 0.709 0.028 0.046
0 0.231 0.645 0.038 0.042
0 0.131 0.715 0.034 0.042
0 0.076 0.712 0.044 0.052
0 0.059 0.63 0.038 0.048
0 0.018 0.604 0.036 0.052
0 0.033 0.674 0.038 0.048
0 0.093 0.565 0.03 0.042
0 0.123 0.538 0.042 0.06
0 0.051 0.577 0.022 0.034
0 0.046 0.545 0.032 0.034
0 0.014 0.452 0.028 0.04
0 0.092 0.38 0.036 0.036
0 0.024 0.386 0.048 0.044
0 0.032 0.302 0.028 0.036
0 0.114 0.307 0.04 0.034
0 0.072 0.234 0.032 0.036
0 0.025 0.21 0.03 0.028
0 0.035 0.185 0.034 0.03
0 0.112 0.187 0.036 0.038
0 0.084 0.174 0.028 0.036
0 0.165 0.167 0.03 0.034
0 0.153 0.202 0.026 0.024
0 0.215 0.206 0.03 0.036
0 0.222 0.229 0.028 0.038
0 0.258 0.229 0.032 0.046
0 0.234 0.309 0.036 0.03
0 0.292 0.333 0.028 0.042
0 0.25 0.339 0.048 0.05
0 0.177 0.373 0.038 0.034
0 0.188 0.401 0.036 0.034
0 0.213 0.426 0.038 0.032
0 0.219 0.491 0.042 0.038
0 0.277 0.518 0.03 0.04
0 0.325 0.524 0.034 0.04
0 0.341 0.507 0.034 0.046
0 0.389 0.529 0.03 0.042
0 0.415 0.53 0.038 0.04
0 0.457 0.577 0.03 0.038
0 0.492 0.603 0.036 0.038
0 0.534 0.588 0.04 0.044
0 0.578 0.573 0.032 0.046
0 0.597 0.608 0.034 0.036
0 0.633 0.647 0.034 0.054
0 0.69 0.707 0.04 0.062
0 0.724 0.691 0.04 0.042
0 0.768 0.73 0.044 0.052
0 0.775 0.776 0.046 0.052
0 0.832 0.786 0.036 0.032
0 0.827 0.752 0.038 0.044
0 0.839 0.729 0.03 0.038
0 0.859 0.71 0.034 0.032
0 0.905 0.739 0.042 0.05
0 0.891 0.781 0.034 0.046
0 0.956 0.837 0.036 0.058
0 0.853 0.955 0.038 0.054
0 0.905 0.945 0.038 0.058
0 0.962 0.945 0.048 0.054
0 0.967 0.989 0.034 0.018
0 0.843 0.988 0.058 0.02
0 0.692 0.962 0.04 0.028
0 0.718 0.884 0.072 0.068
0 0.638 0.912 0.044 0.048
0 0.717 0.987 0.038 0.022
0 0.596 0.983 0.04 0.03
0 0.626 0.977 0.024 0.042
0 0.674 0.848 0.04 0.048
0 0.633 0.817 0.038 0.046
0 0.62 0.78 0.04 0.048
0 0.583 0.802 0.03 0.064
0 0.491 0.715 0.034 0.062
0 0.436 0.733 0.036 0.05
0 0.394 0.697 0.024 0.054
0 0.427 0.69 0.03 0.052
0 0.454 0.688 0.036 0.052
0 0.548 0.693 0.048 0.054
0 0.617 0.72 0.034 0.04
0 0.699 0.589 0.038 0.042
0 0.76 0.587 0.036 0.046
0 0.862 0.655 0.04 0.038
0 0.895 0.696 0.042 0.04
0 0.859 0.627 0.034 0.034
0 0.908 0.631 0.04 0.038
0 0.971 0.655 0.038 0.034
0 0.992 0.675 0.012 0.046
0 0.971 0.632 0.026 0.016
0 0.972 0.61 0.028 0.032
0 0.989 0.552 0.018 0.04
0 0.97 0.521 0.04 0.038
0 0.925 0.504 0.03 0.04
0 0.904 0.558 0.048 0.044
0 0.864 0.541 0.032 0.05
0 0.686 0.532 0.036 0.044
0 0.654 0.55 0.04 0.044
0 0.655 0.482 0.038 0.036
0 0.639 0.51 0.066 0.064
0 0.589 0.485 0.034 0.034
0 0.6 0.46 0.044 0.032
0 0.652 0.425 0.036 0.034
0 0.72 0.425 0.064 0.05
0 0.781 0.43 0.038 0.036
0 0.356 0.665 0.048 0.038
0 0.313 0.597 0.046 0.054
0 0.279 0.62 0.046 0.056
0 0.24 0.584 0.048 0.036
0 0.17 0.601 0.032 0.038
0 0.14 0.594 0.032 0.04
0 0.147 0.659 0.034 0.038
0 0.131 0.641 0.034 0.038
0 0.157 0.554 0.03 0.044
0 0.197 0.58 0.03 0.032
0 0.287 0.813 0.046 0.05
0 0.349 0.762 0.042 0.048
0 0.243 0.695 0.03 0.034
0 0.128 0.754 0.032 0.04
0 0.185 0.991 0.034 0.014
0 0.094 0.975 0.044 0.046
0 0.533 0.508 0.05 0.048
0 0.479 0.468 0.034 0.032
0 0.439 0.482 0.038 0.032
0 0.437 0.42 0.038 0.044
0 0.401 0.415 0.038 0.034
0 0.553 0.425 0.038 0.034
0 0.535 0.477 0.026 0.022
0 0.6 0.355 0.028 0.026
0 0.549 0.369 0.034 0.03
0 0.51 0.345 0.04 0.03
0 0.449 0.308 0.03 0.028
0 0.501 0.304 0.046 0.04
0 0.39 0.336 0.036 0.036
0 0.351 0.352 0.022 0.024
0 0.153 0.431 0.034 0.034
0 0.068 0.478 0.028 0.032
0 0.036 0.265 0.02 0.026
0 0.089 0.282 0.026 0.032
0 0.003 0.248 0.006 0.032
0 0.184 0.32 0.032 0.04
0 0.197 0.297 0.034 0.034
0 0.171 0.133 0.034 0.03
0 0.206 0.111 0.036 0.034
0 0.23 0.083 0.032 0.038
0 0.24 0.107 0.028 0.03
0 0.252 0.127 0.024 0.03
0 0.299 0.091 0.026 0.026
0 0.316 0.126 0.032 0.028
0 0.347 0.16 0.026 0.032
0 0.322 0.167 0.032 0.03
0 0.287 0.214 0.03 0.036
0 0.339 0.236 0.042 0.028
0 0.379 0.27 0.042 0.028
0 0.314 0.562 0.056 0.016
0 0.402 0.218 0.04 0.028
0 0.481 0.237 0.026 0.03
0 0.557 0.257 0.034 0.038
0 0.596 0.231 0.028 0.034
0 0.608 0.216 0.028 0.036
0 0.641 0.269 0.026 0.034
0 0.591 0.301 0.03 0.03
0 0.588 0.271 0.028 0.038
0 0.625 0.312 0.034 0.036
0 0.631 0.335 0.05 0.054
0 0.676 0.27 0.032 0.04
0 0.663 0.24 0.03 0.032
0 0.669 0.218 0.026 0.016
0 0.676 0.198 0.024 0.024
0 0.674 0.16 0.032 0.028
0 0.746 0.195 0.028 0.038
0 0.786 0.233 0.028 0.034
0 0.745 0.277 0.034 0.038
0 0.735 0.322 0.038 0.036
0 0.773 0.322 0.03 0.044
0 0.781 0.288 0.03 0.032
0 0.766 0.379 0.04 0.046
0 0.726 0.358 0.036 0.032
0 0.826 0.397 0.04 0.034
0 0.863 0.435 0.034 0.03
0 0.9 0.422 0.016 0.024
0 0.908 0.475 0.032 0.038
0 0.932 0.444 0.032 0.036
0 0.981 0.424 0.03 0.036
0 0.956 0.397 0.048 0.046
0 0.932 0.376 0.04 0.056
0 0.91 0.352 0.036 0.036
0 0.858 0.411 0.028 0.022
0 0.987 0.313 0.022 0.046
0 0.943 0.318 0.05 0.036
0 0.974 0.263 0.032 0.034
0 0.938 0.283 0.036 0.034
0 0.865 0.275 0.03 0.03
0 0.839 0.29 0.03 0.04
0 0.914 0.206 0.032 0.052
0 0.842 0.183 0.032 0.038
0 0.865 0.146 0.038 0.048
0 0.896 0.107 0.04 0.038
0 0.847 0.111 0.042 0.046
0 0.852 0.056 0.036 0.036
0 0.785 0.125 0.03 0.034
0 0.775 0.082 0.034 0.044
0 0.74 0.074 0.04 0.04
0 0.719 0.078 0.018 0.02
0 0.713 0.097 0.026 0.026
0 0.69 0.086 0.024 0.036
0 0.692 0.119 0.044 0.038
0 0.71 0.024 0.032 0.044
0 0.654 0.047 0.044 0.038
0 0.621 0.1 0.038 0.04
0 0.636 0.156 0.032 0.044
0 0.591 0.15 0.03 0.04
0 0.796 0.026 0.028 0.048
0 0.862 0.006 0.028 0.008
0 0.902 0.014 0.044 0.024
0 0.965 0.072 0.062 0.04
0 0.976 0.129 0.044 0.054
0 0.984 0.189 0.028 0.042
0 0.527 0.027 0.026 0.038
0 0.512 0.062 0.032 0.036
0 0.448 0.011 0.036 0.018
0 0.476 0.005 0.02 0.006
0 0.502 0.007 0.024 0.01
0 0.563 0.007 0.026 0.01
0 0.663 0.007 0.042 0.01
0 0.608 0.067 0.028 0.046
0 0.555 0.095 0.038 0.03
0 0.548 0.069 0.032 0.026
0 0.556 0.044 0.028 0.028
0 0.576 0.084 0.024 0.032
0 0.492 0.2 0.032 0.028
0 0.504 0.169 0.04 0.038
0 0.469 0.169 0.022 0.034
0 0.454 0.157 0.032 0.046
0 0.436 0.133 0.036 0.046
0 0.395 0.168 0.034 0.04
0 0.402 0.118 0.036 0.036
0 0.367 0.127 0.038 0.046
0 0.167 0.062 0.034 0.036
0 0.204 0.056 0.032 0.044
0 0.181 0.024 0.034 0.028
0 0.099 0.078 0.026 0.04
0 0.074 0.084 0.024 0.044
0 0.067 0.131 0.038 0.034
0 0.101 0.033 0.022 0.018
0 0.079 0.016 0.034 0.028
0 0.026 0.066 0.028 0.036
0 0.008 0.065 0.016 0.034
0 0.025 0.127 0.046 0.05
0 0.407 0.045 0.042 0.038
0 0.354 0.022 0.04 0.036
1 0.86 0.815 0.024 0.018
1 0.865 0.899 0.03 0.022
1 0.994 0.936 0.008 0.024
1 0.656 0.977 0.024 0.034
1 0.748 0.989 0.024 0.018
1 0.527 0.789 0.022 0.03
1 0.577 0.731 0.022 0.03
1 0.674 0.628 0.016 0.024
1 0.769 0.649 0.022 0.034
1 0.803 0.631 0.034 0.022
1 0.831 0.506 0.026 0.02
1 0.798 0.504 0.028 0.02
1 0.73 0.545 0.02 0.022
1 0.733 0.571 0.026 0.018
1 0.713 0.558 0.014 0.016
1 0.218 0.81 0.02 0.016
1 0.173 0.71 0.022 0.024
1 0.114 0.684 0.02 0.024
1 0.103 0.635 0.018 0.026
1 0.235 0.975 0.018 0.03
1 0.388 0.947 0.032 0.026
1 0.448 0.833 0.024 0.018
1 0.014 0.508 0.024 0.024
1 0.057 0.406 0.03 0.024
1 0.097 0.329 0.022 0.022
1 0.061 0.269 0.026 0.03
1 0.221 0.267 0.026 0.018
1 0.19 0.217 0.016 0.022
1 0.702 0.17 0.02 0.024
1 0.754 0.03 0.016 0.024
1 0.93 0.021 0.02 0.026
1 0.964 0.173 0.036 0.018
1 0.911 0.245 0.026 0.018
1 0.807 0.246 0.022 0.032
1 0.643 0.016 0.018 0.012
1 0.564 0.133 0.016 0.022
1 0.535 0.12 0.026 0.02
1 0.525 0.144 0.022 0.016
1 0.525 0.163 0.022 0.018
1 0.45 0.103 0.028 0.022
1 0.517 0.25 0.018 0.032
1 0.352 0.116 0.02 0.028
1 0.126 0.068 0.02 0.02
1 0.244 0.007 0.036 0.01
1 0.578 0.318 0.024 0.024
1 0.551 0.406 0.042 0.016
1 0.543 0.456 0.026 0.02
1 0.513 0.415 0.018 0.026
1 0.722 0.524 0.02 0.02
1 0.986 0.499 0.02 0.026
1 0.943 0.645 0.022 0.026
1 0.444 0.647 0.02 0.03
1 0.401 0.59 0.026 0.028
1 0.432 0.562 0.02 0.032
1 0.468 0.526 0.024 0.02
1 0.366 0.629 0.032 0.03
1 0.344 0.451 0.02 0.022
1 0.357 0.426 0.026 0.028
1 0.321 0.411 0.026 0.03
1 0.276 0.475 0.032 0.022
1 0.366 0.474 0.024 0.02
1 0.245 0.376 0.022 0.02
1 0.163 0.507 0.026 0.03
1 0.046 0.415 0.024 0.026
1 0.059 0.344 0.026 0.02
1 0.807 0.377 0.022 0.026
1 0.721 0.388 0.03 0.028
1 0.475 0.061 0.026 0.018
1 0.009 0.869 0.018 0.046
1 0.007 0.944 0.014 0.044
2 0.923 0.845 0.026 0.026
2 0.91 0.813 0.032 0.042
2 0.83 0.9 0.032 0.036
2 0.988 0.963 0.02 0.038
2 0.71 0.935 0.032 0.03
2 0.775 0.971 0.034 0.046
2 0.772 0.819 0.04 0.058
2 0.736 0.81 0.036 0.032
2 0.546 0.78 0.024 0.052
2 0.765 0.516 0.042 0.024
2 0.824 0.574 0.04 0.028
2 0.197 0.957 0.022 0.038
2 0.313 0.883 0.034 0.038
2 0.609 0.396 0.03 0.028
2 0.476 0.294 0.024 0.028
2 0.042 0.237 0.028 0.022
2 0.331 0.26 0.03 0.024
2 0.356 0.287 0.016 0.054
2 0.215 0.532 0.026 0.02
2 0.907 0.282 0.03 0.036
2 0.829 0.081 0.03 0.034
2 0.836 0.019 0.052 0.034
2 0.973 0.207 0.026 0.03
2 0.616 0.018 0.024 0.028
2 0.501 0.252 0.022 0.028
2 0.092 0.143 0.024 0.026
2 0.83 0.651 0.024 0.034
2 0.825 0.828 0.026 0.032
2 0.228 0.456 0.032 0.024
2 0.021 0.424 0.034 0.028
2 0.288 0.378 0.02 0.024
2 0.39 0.244 0.036 0.02