0 0.992 0.959 0.012 0.042
0 0.957 0.983 0.042 0.03
0 0.918 0.983 0.056 0.03
0 0.859 0.987 0.042 0.022
0 0.812 0.991 0.032 0.014
0 0.767 0.956 0.042 0.056
0 0.799 0.954 0.026 0.028
0 0.743 0.981 0.05 0.034
0 0.716 0.961 0.056 0.034
0 0.684 0.975 0.06 0.046
0 0.651 0.983 0.062 0.03
0 0.496 0.985 0.052 0.026
0 0.648 0.935 0.056 0.058
0 0.442 0.976 0.032 0.044
0 0.412 0.978 0.036 0.04
0 0.331 0.983 0.046 0.03
0 0.314 0.949 0.048 0.05
0 0.278 0.992 0.048 0.012
0 0.217 0.982 0.046 0.032
0 0.257 0.968 0.034 0.04
0 0.236 0.963 0.024 0.026
0 0.248 0.945 0.024 0.022
0 0.089 0.965 0.046 0.046
0 0.067 0.978 0.05 0.04
0 0.039 0.983 0.042 0.03
0 0.059 0.891 0.05 0.05
0 0.058 0.834 0.06 0.044
0 0.061 0.865 0.038 0.026
0 0.017 0.715 0.03 0.062
0 0.038 0.791 0.052 0.054
0 0.888 0.871 0.048 0.066
0 0.919 0.878 0.046 0.04
0 0.848 0.86 0.044 0.064
0 0.808 0.871 0.044 0.046
0 0.692 0.908 0.044 0.056
0 0.702 0.862 0.052 0.06
0 0.576 0.835 0.052 0.066
0 0.437 0.889 0.05 0.062
0 0.379 0.873 0.05 0.062
0 0.249 0.884 0.05 0.048
0 0.188 0.91 0.04 0.068
0 0.252 0.809 0.052 0.074
0 0.165 0.761 0.054 0.074
0 0.213 0.732 0.046 0.072
0 0.084 0.641 0.052 0.066
0 0.023 0.666 0.042 0.064
0 0.013 0.549 0.022 0.066
0 0.017 0.487 0.03 0.058
0 0.755 0.804 0.058 0.072
0 0.668 0.787 0.032 0.062
0 0.607 0.782 0.046 0.064
0 0.494 0.816 0.06 0.076
0 0.434 0.795 0.052 0.05
0 0.907 0.792 0.066 0.064
0 0.907 0.747 0.046 0.058
0 0.948 0.77 0.036 0.068
0 0.968 0.697 0.052 0.062
0 0.98 0.676 0.036 0.04
0 0.755 0.732 0.066 0.056
0 0.769 0.694 0.042 0.056
0 0.787 0.662 0.05 0.056
0 0.799 0.701 0.03 0.03
0 0.699 0.66 0.054 0.072
0 0.98 0.557 0.036 0.062
0 0.971 0.513 0.042 0.05
0 0.84 0.543 0.04 0.05
0 0.975 0.453 0.046 0.062
0 0.726 0.576 0.052 0.06
0 0.683 0.582 0.046 0.032
0 0.666 0.605 0.036 0.054
0 0.651 0.654 0.042 0.052
0 0.614 0.65 0.036 0.044
0 0.597 0.668 0.046 0.044
0 0.584 0.702 0.044 0.044
0 0.529 0.696 0.038 0.06
0 0.506 0.626 0.048 0.068
0 0.491 0.743 0.042 0.058
0 0.39 0.745 0.044 0.05
0 0.387 0.697 0.05 0.074
0 0.347 0.703 0.042 0.05
0 0.346 0.657 0.048 0.046
0 0.348 0.741 0.032 0.026
0 0.262 0.741 0.04 0.038
0 0.262 0.686 0.052 0.048
0 0.321 0.605 0.046 0.07
0 0.253 0.623 0.034 0.074
0 0.224 0.611 0.036 0.066
0 0.155 0.614 0.038 0.06
0 0.257 0.544 0.038 0.032
0 0.133 0.574 0.042 0.06
0 0.101 0.598 0.03 0.028
0 0.104 0.46 0.044 0.052
0 0.076 0.427 0.052 0.058
0 0.024 0.397 0.044 0.062
0 0.192 0.474 0.064 0.064
0 0.197 0.51 0.03 0.024
0 0.99 0.287 0.016 0.038
0 0.961 0.365 0.022 0.034
0 0.92 0.402 0.044 0.036
0 0.919 0.368 0.034 0.052
0 0.887 0.413 0.054 0.054
0 0.81 0.451 0.048 0.066
0 0.789 0.394 0.054 0.056
0 0.739 0.442 0.042 0.056
0 0.717 0.482 0.058 0.056
0 0.693 0.425 0.05 0.07
0 0.692 0.387 0.036 0.034
0 0.643 0.435 0.054 0.062
0 0.601 0.421 0.05 0.07
0 0.638 0.384 0.04 0.056
0 0.574 0.354 0.036 0.048
0 0.54 0.366 0.044 0.06
0 0.476 0.563 0.04 0.07
0 0.475 0.516 0.054 0.048
0 0.419 0.549 0.042 0.054
0 0.397 0.495 0.046 0.058
0 0.393 0.456 0.054 0.064
0 0.35 0.475 0.044 0.054
0 0.478 0.388 0.052 0.072
0 0.444 0.391 0.04 0.066
0 0.386 0.319 0.048 0.066
0 0.294 0.402 0.052 0.052
0 0.26 0.454 0.048 0.072
0 0.231 0.439 0.034 0.058
0 0.299 0.346 0.042 0.056
0 0.266 0.344 0.056 0.04
0 0.24 0.313 0.056 0.054
0 0.157 0.318 0.054 0.068
0 0.102 0.334 0.04 0.044
0 0.108 0.302 0.036 0.056
0 0.023 0.248 0.042 0.064
0 0.025 0.21 0.034 0.04
0 0.988 0.166 0.02 0.036
0 0.99 0.2 0.016 0.028
0 0.943 0.237 0.042 0.058
0 0.898 0.245 0.048 0.07
0 0.859 0.309 0.034 0.046
0 0.752 0.339 0.048 0.05
0 0.783 0.275 0.042 0.03
0 0.854 0.231 0.044 0.05
0 0.983 0.073 0.03 0.058
0 0.983 0.016 0.03 0.028
0 0.929 0.067 0.034 0.046
0 0.892 0.129 0.036 0.062
0 0.897 0.051 0.05 0.058
0 0.862 0.009 0.036 0.014
0 0.857 0.106 0.054 0.048
0 0.875 0.183 0.026 0.034
0 0.772 0.259 0.048 0.038
0 0.858 0.154 0.044 0.052
0 0.825 0.142 0.026 0.032
0 0.817 0.15 0.03 0.048
0 0.794 0.161 0.04 0.05
0 0.784 0.102 0.076 0.056
0 0.775 0.045 0.074 0.074
0 0.719 0.068 0.05 0.04
0 0.679 0.057 0.046 0.042
0 0.741 0.014 0.058 0.024
0 0.7 0.014 0.044 0.024
0 0.744 0.183 0.044 0.054
0 0.723 0.235 0.038 0.054
0 0.705 0.321 0.054 0.046
0 0.677 0.194 0.046 0.064
0 0.637 0.27 0.046 0.044
0 0.663 0.257 0.046 0.054
0 0.629 0.237 0.042 0.042
0 0.645 0.215 0.038 0.038
0 0.622 0.156 0.048 0.048
0 0.603 0.117 0.042 0.038
0 0.567 0.117 0.05 0.054
0 0.541 0.1 0.038 0.052
0 0.538 0.143 0.048 0.054
0 0.583 0.191 0.038 0.042
0 0.529 0.227 0.054 0.038
0 0.498 0.264 0.04 0.06
0 0.479 0.291 0.022 0.034
0 0.58 0.015 0.044 0.026
0 0.475 0.203 0.046 0.054
0 0.439 0.188 0.042 0.06
0 0.444 0.13 0.04 0.044
0 0.463 0.102 0.046 0.04
0 0.52 0.065 0.04 0.05
0 0.486 0.046 0.056 0.048
0 0.497 0.016 0.05 0.028
0 0.412 0.134 0.04 0.052
0 0.392 0.163 0.04 0.05
0 0.399 0.065 0.05 0.062
0 0.299 0.262 0.05 0.052
0 0.361 0.179 0.05 0.05
0 0.33 0.134 0.048 0.052
0 0.344 0.085 0.032 0.042
0 0.342 0.019 0.032 0.034
0 0.271 0.033 0.042 0.058
0 0.273 0.087 0.038 0.046
0 0.283 0.134 0.042 0.048
0 0.3 0.18 0.044 0.04
0 0.233 0.174 0.042 0.052
0 0.2 0.05 0.032 0.044
0 0.218 0.032 0.048 0.056
0 0.104 0.017 0.044 0.03
0 0.045 0.015 0.05 0.026
0 0.009 0.058 0.014 0.024
0 0.094 0.049 0.032 0.042
0 0.14 0.066 0.032 0.052
0 0.149 0.094 0.046 0.036
0 0.2 0.108 0.04 0.048
0 0.195 0.179 0.05 0.058
0 0.217 0.236 0.038 0.048
0 0.17 0.233 0.036 0.054
0 0.156 0.215 0.028 0.034
0 0.147 0.155 0.05 0.054
0 0.104 0.151 0.04 0.046
0 0.08 0.124 0.04 0.044
0 0.09 0.104 0.036 0.04
0 0.024 0.129 0.044 0.062
0 0.024 0.162 0.044 0.052
1 0.996 0.996 0.004 0.004
1 0.543 0.973 0.026 0.046
1 0.51 0.967 0.032 0.042
1 0.994 0.913 0.008 0.014
1 0.966 0.895 0.028 0.026
1 0.342 0.908 0.028 0.016
1 0.345 0.919 0.03 0.018
1 0.255 0.854 0.034 0.02
1 0.723 0.701 0.018 0.046
1 0.588 0.641 0.028 0.026
1 0.527 0.741 0.014 0.022
1 0.513 0.739 0.014 0.022
1 0.231 0.656 0.026 0.024
1 0.448 0.549 0.02 0.042
1 0.38 0.397 0.028 0.034
1 0.096 0.356 0.032 0.024
1 0.915 0.305 0.026 0.03
1 0.646 0.011 0.032 0.018
1 0.613 0.028 0.034 0.02
1 0.527 0.195 0.026 0.022
1 0.461 0.078 0.042 0.02
1 0.42 0.009 0.024 0.014
1 0.407 0.004 0.006 0.004
1 0.387 0.223 0.03 0.014
1 0.007 0.027 0.01 0.042
2 0.884 0.972 0.052 0.052
2 0.598 0.933 0.028 0.03
2 0.145 0.992 0.018 0.012
2 0.008 0.762 0.012 0.036
2 0.867 0.912 0.014 0.028
2 0.899 0.909 0.014 0.014
2 0.54 0.9 0.052 0.044
2 0.485 0.893 0.03 0.026
2 0.429 0.945 0.046 0.034
2 0.175 0.887 0.046 0.074
2 0.199 0.848 0.058 0.048
2 0.126 0.815 0.036 0.026
2 0.02 0.602 0.036 0.06
2 0.028 0.474 0.036 0.064
2 0.639 0.751 0.022 0.038
2 0.44 0.837 0.064 0.038
2 0.418 0.763 0.036 0.026
2 0.945 0.727 0.026 0.03
2 0.854 0.663 0.044 0.03
2 0.8 0.75 0.032 0.036
2 0.958 0.567 0.028 0.026
2 0.806 0.594 0.056 0.076
2 0.699 0.61 0.042 0.032
2 0.558 0.689 0.036 0.074
2 0.508 0.67 0.048 0.052
2 0.39 0.66 0.06 0.044
2 0.316 0.804 0.032 0.044
2 0.279 0.778 0.038 0.02
2 0.302 0.681 0.032 0.05
2 0.194 0.648 0.04 0.06
2 0.635 0.595 0.03 0.046
2 0.167 0.533 0.034 0.038
2 0.074 0.497 0.064 0.058
2 0.081 0.531 0.046 0.03
2 0.017 0.425 0.006 0.01
2 0.005 0.359 0.006 0.014
2 0.132 0.421 0.024 0.034
2 0.178 0.426 0.028 0.024
2 0.979 0.314 0.034 0.036
2 0.834 0.403 0.028 0.042
2 0.785 0.42 0.05 0.028
2 0.57 0.514 0.024 0.044
2 0.53 0.33 0.036 0.044
2 0.531 0.402 0.018 0.016
2 0.518 0.461 0.032 0.05
2 0.481 0.456 0.046 0.068
2 0.394 0.563 0.064 0.066
2 0.438 0.522 0.028 0.04
2 0.369 0.512 0.01 0.016
2 0.345 0.304 0.038 0.06
2 0.208 0.428 0.012 0.024
2 0.263 0.41 0.046 0.044
2 0.218 0.339 0.016 0.006
2 0.066 0.263 0.056 0.07
2 0.08 0.213 0.04 0.03
2 0.822 0.311 0.028 0.034
2 0.82 0.255 0.044 0.05
2 0.944 0.027 0.036 0.034
2 0.872 0.031 0.052 0.046
2 0.714 0.28 0.048 0.036
2 0.713 0.348 0.03 0.032
2 0.66 0.3 0.048 0.04
2 0.637 0.186 0.034 0.048
2 0.549 0.274 0.062 0.08
2 0.575 0.035 0.018 0.014
2 0.547 0.03 0.034 0.032
2 0.491 0.17 0.054 0.044
2 0.368 0.048 0.016 0.024
2 0.278 0.242 0.024 0.044
2 0.325 0.231 0.03 0.03
2 0.294 0.213 0.064 0.026
2 0.329 0.03 0.05 0.056
2 0.267 0.006 0.038 0.008
2 0.248 0.014 0.012 0.008
2 0.292 0.044 0.024 0.048
2 0.226 0.13 0.028 0.032
2 0.152 0.02 0.052 0.036
2 0.079 0.004 0.014 0.004
2 0.161 0.111 0.038 0.042
2 0.232 0.214 0.012 0.012
2 0.238 0.272 0.036 0.028
2 0.155 0.211 0.046 0.042