0 0.981 0.01 0.034 0.02
0 0.975 0.038 0.042 0.056
0 0.927 0.021 0.022 0.022
0 0.91 0.06 0.044 0.064
0 0.873 0.023 0.038 0.046
0 0.838 0.052 0.048 0.068
0 0.82 0.111 0.044 0.042
0 0.974 0.143 0.048 0.066
0 0.903 0.138 0.046 0.06
0 0.741 0.027 0.046 0.054
0 0.727 0.095 0.042 0.062
0 0.667 0.01 0.05 0.02
0 0.655 0.029 0.062 0.046
0 0.536 0.017 0.056 0.034
0 0.402 0.054 0.048 0.052
0 0.285 0.047 0.07 0.066
0 0.202 0.02 0.064 0.04
0 0.213 0.075 0.054 0.058
0 0.235 0.101 0.046 0.058
0 0.316 0.101 0.048 0.05
0 0.084 0.02 0.048 0.04
0 0.013 0.034 0.022 0.056
0 0.067 0.098 0.05 0.068
0 0.099 0.062 0.038 0.052
0 0.114 0.151 0.028 0.034
0 0.103 0.211 0.046 0.022
0 0.239 0.206 0.058 0.072
0 0.25 0.253 0.044 0.062
0 0.285 0.225 0.03 0.042
0 0.338 0.188 0.032 0.036
0 0.371 0.192 0.022 0.052
0 0.443 0.119 0.046 0.05
0 0.48 0.07 0.044 0.036
0 0.497 0.085 0.038 0.046
0 0.471 0.189 0.038 0.03
0 0.454 0.16 0.052 0.036
0 0.493 0.142 0.05 0.044
0 0.565 0.175 0.046 0.066
0 0.552 0.124 0.052 0.056
0 0.651 0.08 0.034 0.052
0 0.594 0.076 0.044 0.04
0 0.624 0.084 0.024 0.032
0 0.605 0.128 0.046 0.064
0 0.985 0.215 0.026 0.062
0 0.974 0.211 0.032 0.066
0 0.934 0.181 0.028 0.03
0 0.926 0.197 0.04 0.046
0 0.992 0.38 0.012 0.048
0 0.963 0.409 0.034 0.058
0 0.9 0.382 0.048 0.06
0 0.862 0.382 0.04 0.044
0 0.868 0.348 0.044 0.028
0 0.831 0.243 0.026 0.034
0 0.816 0.266 0.04 0.056
0 0.786 0.274 0.044 0.068
0 0.771 0.224 0.062 0.092
0 0.7 0.222 0.052 0.056
0 0.82 0.374 0.032 0.04
0 0.803 0.409 0.042 0.054
0 0.756 0.356 0.044 0.04
0 0.743 0.324 0.046 0.056
0 0.736 0.416 0.064 0.052
0 0.636 0.36 0.06 0.076
0 0.651 0.241 0.042 0.058
0 0.649 0.28 0.03 0.024
0 0.614 0.247 0.048 0.074
0 0.432 0.261 0.048 0.046
0 0.381 0.245 0.042 0.062
0 0.339 0.273 0.054 0.066
0 0.342 0.315 0.044 0.046
0 0.277 0.33 0.062 0.076
0 0.125 0.284 0.05 0.06
0 0.153 0.295 0.03 0.034
0 0.053 0.341 0.054 0.058
0 0.083 0.359 0.054 0.054
0 0.181 0.379 0.058 0.066
0 0.054 0.457 0.064 0.054
0 0.079 0.471 0.042 0.05
0 0.145 0.484 0.054 0.048
0 0.123 0.436 0.034 0.028
0 0.01 0.542 0.016 0.048
0 0.065 0.585 0.038 0.042
0 0.135 0.526 0.046 0.06
0 0.18 0.537 0.048 0.042
0 0.273 0.467 0.054 0.07
0 0.297 0.49 0.046 0.064
0 0.339 0.502 0.042 0.064
0 0.38 0.44 0.04 0.08
0 0.547 0.498 0.034 0.048
0 0.548 0.454 0.028 0.044
0 0.66 0.438 0.06 0.076
0 0.764 0.456 0.032 0.056
0 0.804 0.477 0.048 0.05
0 0.979 0.523 0.038 0.046
0 0.946 0.548 0.036 0.052
0 0.892 0.496 0.044 0.04
0 0.885 0.559 0.046 0.038
0 0.882 0.597 0.044 0.026
0 0.963 0.564 0.042 0.032
0 0.937 0.644 0.034 0.04
0 0.99 0.653 0.016 0.05
0 0.942 0.752 0.048 0.056
0 0.984 0.798 0.028 0.076
0 0.989 0.756 0.018 0.028
0 0.98 0.96 0.036 0.052
0 0.946 0.954 0.036 0.064
0 0.937 0.915 0.042 0.046
0 0.914 0.807 0.028 0.038
0 0.902 0.719 0.044 0.038
0 0.893 0.751 0.034 0.038
0 0.887 0.874 0.05 0.06
0 0.858 0.909 0.056 0.042
0 0.795 0.895 0.034 0.054
0 0.796 0.976 0.044 0.044
0 0.754 0.97 0.048 0.056
0 0.787 0.606 0.034 0.044
0 0.749 0.594 0.05 0.044
0 0.81 0.632 0.028 0.048
0 0.844 0.695 0.04 0.046
0 0.831 0.719 0.038 0.05
0 0.738 0.729 0.036 0.05
0 0.72 0.99 0.04 0.016
0 0.655 0.974 0.054 0.048
0 0.787 0.821 0.05 0.05
0 0.756 0.85 0.036 0.06
0 0.71 0.746 0.04 0.036
0 0.713 0.782 0.05 0.044
0 0.647 0.622 0.062 0.064
0 0.581 0.566 0.038 0.056
0 0.646 0.723 0.048 0.062
0 0.604 0.738 0.04 0.056
0 0.661 0.783 0.038 0.042
0 0.666 0.814 0.036 0.044
0 0.65 0.864 0.04 0.052
0 0.63 0.89 0.04 0.044
0 0.591 0.978 0.046 0.04
0 0.562 0.979 0.044 0.038
0 0.519 0.915 0.05 0.062
0 0.556 0.93 0.028 0.028
0 0.586 0.861 0.036 0.042
0 0.545 0.865 0.042 0.042
0 0.489 0.84 0.058 0.044
0 0.486 0.884 0.044 0.048
0 0.627 0.67 0.034 0.036
0 0.597 0.682 0.038 0.048
0 0.577 0.667 0.034 0.042
0 0.547 0.704 0.046 0.064
0 0.558 0.753 0.04 0.042
0 0.467 0.625 0.062 0.07
0 0.424 0.805 0.048 0.054
0 0.484 0.736 0.04 0.028
0 0.455 0.754 0.05 0.048
0 0.363 0.623 0.038 0.058
0 0.396 0.725 0.036 0.042
0 0.358 0.709 0.04 0.042
0 0.364 0.75 0.036 0.044
0 0.298 0.64 0.04 0.056
0 0.321 0.721 0.038 0.054
0 0.297 0.702 0.038 0.044
0 0.254 0.669 0.044 0.05
0 0.243 0.708 0.03 0.048
0 0.19 0.665 0.04 0.026
0 0.212 0.669 0.048 0.046
0 0.01 0.714 0.016 0.04
0 0.104 0.684 0.04 0.048
0 0.049 0.728 0.05 0.048
0 0.027 0.756 0.046 0.04
0 0.02 0.786 0.032 0.028
0 0.009 0.801 0.014 0.022
0 0.013 0.834 0.022 0.036
0 0.184 0.73 0.04 0.048
0 0.124 0.735 0.052 0.046
0 0.099 0.807 0.042 0.054
0 0.314 0.817 0.044 0.046
0 0.299 0.78 0.05 0.04
0 0.052 0.98 0.052 0.036
0 0.124 0.98 0.036 0.036
0 0.17 0.986 0.048 0.024
0 0.226 0.956 0.056 0.056
0 0.269 0.977 0.054 0.042
0 0.011 0.929 0.018 0.054
0 0.025 0.895 0.046 0.046
0 0.04 0.921 0.032 0.038
0 0.128 0.85 0.044 0.052
0 0.174 0.878 0.044 0.052
0 0.216 0.877 0.048 0.058
0 0.281 0.888 0.046 0.048
0 0.202 0.83 0.044 0.044
0 0.254 0.841 0.04 0.054
0 0.325 0.911 0.05 0.054
0 0.358 0.96 0.036 0.048
0 0.373 0.921 0.042 0.054
1 0.364 0.041 0.048 0.018
1 0.334 0.018 0.024 0.032
1 0.306 0.14 0.024 0.028
1 0.016 0.091 0.012 0.018
1 0.007 0.09 0.01 0.016
1 0.02 0.247 0.024 0.022
1 0.04 0.169 0.036 0.054
1 0.304 0.206 0.012 0.008
1 0.358 0.145 0.016 0.042
1 0.701 0.257 0.03 0.018
1 0.795 0.368 0.018 0.024
1 0.43 0.234 0.04 0.02
1 0.391 0.326 0.022 0.052
1 0.401 0.286 0.01 0.024
1 0.412 0.456 0.024 0.032
1 0.552 0.407 0.02 0.038
1 0.997 0.485 0.002 0.022
1 0.869 0.5 0.014 0.032
1 0.982 0.573 0.032 0.022
1 0.961 0.658 0.018 0.024
1 0.963 0.636 0.018 0.028
1 0.939 0.799 0.022 0.014
1 0.942 0.812 0.036 0.016
1 0.936 0.824 0.024 0.016
1 0.727 0.571 0.034 0.022
1 0.805 0.683 0.018 0.022
1 0.767 0.659 0.026 0.03
1 0.754 0.886 0.032 0.02
1 0.55 0.564 0.024 0.024
1 0.413 0.673 0.03 0.026
1 0.254 0.613 0.04 0.022
1 0.421 0.581 0.026 0.022
1 0.154 0.786 0.02 0.04
1 0.091 0.907 0.022 0.022
1 0.06 0.858 0.024 0.02
1 0.049 0.839 0.034 0.026
1 0.167 0.843 0.03 0.022
1 0.265 0.941 0.034 0.038
1 0.493 0.995 0.026 0.006
1 0.407 0.99 0.022 0.016
1 0.427 0.995 0.022 0.006
2 0.892 0.112 0.032 0.028
2 0.787 0.067 0.046 0.05
2 0.57 0.023 0.044 0.042
2 0.479 0.012 0.062 0.024
2 0.409 0.018 0.05 0.036
2 0.095 0.033 0.03 0.026
2 0.025 0.07 0.034 0.02
2 0.027 0.113 0.006 0.014
2 0.091 0.188 0.058 0.032
2 0.202 0.213 0.036 0.07
2 0.314 0.23 0.036 0.04
2 0.352 0.115 0.048 0.038
2 0.499 0.154 0.026 0.036
2 0.715 0.164 0.062 0.048
2 0.921 0.34 0.018 0.02
2 0.836 0.352 0.02 0.028
2 0.856 0.31 0.048 0.06
2 0.743 0.202 0.038 0.032
2 0.696 0.291 0.024 0.022
2 0.708 0.355 0.044 0.054
2 0.533 0.258 0.066 0.084
2 0.498 0.245 0.028 0.038
2 0.303 0.291 0.034 0.07
2 0.071 0.298 0.058 0.048
2 0.226 0.4 0.036 0.044
2 0.092 0.421 0.052 0.058
2 0.164 0.454 0.036 0.032
2 0.15 0.435 0.02 0.026
2 0.024 0.604 0.04 0.052
2 0.085 0.549 0.046 0.054
2 0.443 0.339 0.046 0.042
2 0.497 0.366 0.054 0.044
2 0.43 0.516 0.048 0.06
2 0.482 0.497 0.052 0.038
2 0.453 0.551 0.026 0.014
2 0.584 0.442 0.036 0.048
2 0.691 0.481 0.034 0.042
2 0.757 0.476 0.03 0.032
2 0.771 0.502 0.026 0.028
2 0.937 0.503 0.026 0.026
2 0.923 0.483 0.022 0.022
2 0.982 0.985 0.036 0.026
2 0.972 0.848 0.044 0.028
2 0.955 0.876 0.03 0.024
2 0.871 0.711 0.018 0.022
2 0.854 0.853 0.028 0.038
2 0.85 0.958 0.016 0.02
2 0.837 0.647 0.05 0.026
2 0.787 0.681 0.026 0.038
2 0.781 0.764 0.026 0.064
2 0.775 0.737 0.014 0.01
2 0.706 0.923 0.044 0.074
2 0.74 0.832 0.024 0.028
2 0.73 0.853 0.024 0.026
2 0.564 0.868 0.028 0.056
2 0.491 0.678 0.022 0.032
2 0.518 0.683 0.04 0.03
2 0.634 0.821 0.024 0.022
2 0.614 0.786 0.044 0.04
2 0.559 0.779 0.034 0.03
2 0.388 0.639 0.032 0.058
2 0.39 0.836 0.024 0.044
2 0.284 0.573 0.032 0.03
2 0.175 0.621 0.034 0.058
2 0.078 0.794 0.036 0.036
2 0.27 0.802 0.028 0.036
2 0.2 0.793 0.024 0.026
2 0.281 0.839 0.03 0.026
2 0.378 0.985 0.036 0.026