0 0.111 0.122 0.05 0.064
0 0.044 0.138 0.036 0.056
0 0.079 0.236 0.038 0.06
0 0.012 0.261 0.024 0.054
0 0.028 0.324 0.024 0.044
0 0.074 0.368 0.044 0.072
0 0.077 0.415 0.054 0.094
0 0.075 0.498 0.05 0.1
0 0.134 0.459 0.048 0.046
0 0.132 0.497 0.028 0.042
0 0.026 0.54 0.044 0.056
0 0.014 0.51 0.028 0.04
0 0.091 0.508 0.014 0.02
0 0.125 0.561 0.046 0.07
0 0.049 0.609 0.054 0.078
0 0.147 0.616 0.034 0.056
0 0.059 0.709 0.03 0.054
0 0.102 0.694 0.028 0.052
0 0.082 0.76 0.036 0.108
0 0.115 0.769 0.034 0.058
0 0.24 0.492 0.044 0.068
0 0.161 0.769 0.042 0.062
0 0.104 0.82 0.032 0.048
0 0.079 0.845 0.022 0.062
0 0.099 0.874 0.042 0.044
0 0.067 0.913 0.03 0.042
0 0.026 0.951 0.048 0.066
0 0.1 0.954 0.052 0.08
0 0.021 0.885 0.03 0.034
0 0.138 0.874 0.04 0.024
0 0.168 0.874 0.048 0.044
0 0.194 0.92 0.028 0.044
0 0.179 0.972 0.046 0.052
0 0.3 0.873 0.036 0.07
0 0.302 0.925 0.036 0.034
0 0.23 0.787 0.04 0.054
0 0.252 0.734 0.052 0.06
0 0.351 0.622 0.038 0.064
0 0.323 0.609 0.03 0.058
0 0.296 0.625 0.024 0.034
0 0.31 0.642 0.036 0.044
0 0.329 0.81 0.046 0.056
0 0.375 0.829 0.034 0.05
0 0.365 0.859 0.03 0.03
0 0.37 0.893 0.044 0.046
0 0.392 0.869 0.028 0.042
0 0.042 0.019 0.024 0.038
0 0.146 0.055 0.04 0.05
0 0.182 0.073 0.036 0.062
0 0.16 0.163 0.056 0.082
0 0.285 0.016 0.05 0.032
0 0.277 0.112 0.054 0.088
0 0.341 0.009 0.046 0.018
0 0.328 0.028 0.032 0.04
0 0.328 0.127 0.048 0.07
0 0.358 0.12 0.032 0.052
0 0.263 0.26 0.046 0.064
0 0.303 0.243 0.034 0.062
0 0.253 0.324 0.034 0.06
0 0.262 0.37 0.036 0.028
0 0.306 0.363 0.032 0.062
0 0.339 0.351 0.034 0.058
0 0.36 0.291 0.052 0.058
0 0.378 0.4 0.056 0.076
0 0.432 0.31 0.052 0.06
0 0.43 0.284 0.056 0.048
0 0.391 0.181 0.042 0.054
0 0.409 0.086 0.05 0.064
0 0.522 0.055 0.044 0.074
0 0.448 0.158 0.028 0.044
0 0.422 0.21 0.032 0.06
0 0.462 0.236 0.04 0.056
0 0.502 0.207 0.04 0.058
0 0.504 0.271 0.044 0.042
0 0.553 0.296 0.046 0.056
0 0.538 0.373 0.036 0.058
0 0.539 0.34 0.03 0.04
0 0.48 0.353 0.044 0.054
0 0.463 0.43 0.05 0.084
0 0.418 0.463 0.028 0.03
0 0.417 0.43 0.042 0.052
0 0.38 0.531 0.044 0.058
0 0.389 0.58 0.042 0.044
0 0.504 0.48 0.048 0.048
0 0.509 0.535 0.038 0.066
0 0.485 0.528 0.034 0.052
0 0.451 0.64 0.046 0.036
0 0.44 0.628 0.032 0.032
0 0.434 0.663 0.036 0.038
0 0.494 0.714 0.048 0.044
0 0.449 0.782 0.038 0.056
0 0.502 0.772 0.032 0.032
0 0.56 0.724 0.032 0.044
0 0.58 0.783 0.032 0.046
0 0.551 0.576 0.046 0.06
0 0.589 0.628 0.046 0.056
0 0.635 0.684 0.046 0.04
0 0.641 0.719 0.038 0.042
0 0.695 0.653 0.046 0.082
0 0.709 0.547 0.046 0.07
0 0.45 0.876 0.028 0.04
0 0.436 0.888 0.044 0.04
0 0.389 0.932 0.038 0.024
0 0.324 0.974 0.048 0.032
0 0.382 0.978 0.032 0.04
0 0.403 0.958 0.034 0.032
0 0.459 0.97 0.03 0.044
0 0.517 0.979 0.05 0.038
0 0.534 0.938 0.036 0.044
0 0.533 0.886 0.046 0.048
0 0.599 0.869 0.046 0.066
0 0.608 0.958 0.036 0.08
0 0.641 0.971 0.038 0.054
0 0.768 0.972 0.044 0.052
0 0.685 0.951 0.038 0.074
0 0.803 0.938 0.038 0.06
0 0.653 0.878 0.038 0.048
0 0.678 0.814 0.04 0.052
0 0.727 0.875 0.038 0.046
0 0.786 0.893 0.044 0.054
0 0.867 0.977 0.026 0.034
0 0.871 0.945 0.038 0.038
0 0.952 0.981 0.028 0.034
0 0.985 0.887 0.026 0.046
0 0.584 0.464 0.052 0.084
0 0.541 0.065 0.018 0.034
0 0.647 0.029 0.046 0.058
0 0.685 0.072 0.038 0.072
0 0.603 0.136 0.03 0.04
0 0.648 0.14 0.048 0.056
0 0.656 0.2 0.04 0.064
0 0.698 0.196 0.04 0.072
0 0.968 0.295 0.052 0.07
0 0.819 0.238 0.054 0.072
0 0.734 0.117 0.044 0.042
0 0.853 0.02 0.054 0.04
0 0.945 0.019 0.03 0.038
0 0.926 0.066 0.044 0.04
0 0.796 0.202 0.044 0.044
0 0.973 0.253 0.046 0.026
0 0.711 0.374 0.03 0.048
0 0.765 0.346 0.03 0.032
0 0.671 0.437 0.054 0.078
0 0.72 0.457 0.032 0.046
0 0.765 0.493 0.042 0.062
0 0.807 0.455 0.034 0.062
0 0.852 0.454 0.032 0.056
0 0.901 0.448 0.038 0.056
0 0.961 0.474 0.05 0.068
0 0.939 0.529 0.042 0.054
0 0.957 0.566 0.054 0.084
0 0.977 0.602 0.042 0.068
0 0.953 0.652 0.046 0.044
0 0.808 0.7 0.056 0.056
0 0.797 0.748 0.03 0.048
0 0.738 0.766 0.04 0.056
0 0.764 0.785 0.04 0.058
0 0.857 0.738 0.042 0.032
0 0.937 0.741 0.034 0.046
0 0.012 0.98 0.024 0.036
0 0.133 0.337 0.038 0.074
0 0.835 0.607 0.05 0.034
0 0.867 0.802 0.05 0.048
0 0.109 0.617 0.034 0.042
0 0.52 0.624 0.036 0.032
0 0.674 0.746 0.056 0.076
0 0.67 0.498 0.044 0.056
0 0.568 0.089 0.052 0.046
1 0.063 0.943 0.026 0.026
1 0.088 0.92 0.024 0.032
1 0.222 0.992 0.028 0.012
1 0.378 0.696 0.032 0.028
1 0.152 0.007 0.028 0.014
1 0.446 0.016 0.024 0.032
1 0.467 0.722 0.018 0.02
1 0.619 0.776 0.026 0.02
1 0.597 0.589 0.042 0.018
1 0.405 0.988 0.026 0.02
1 0.666 0.84 0.028 0.032
1 0.73 0.034 0.032 0.036
1 0.974 0.063 0.024 0.042
1 0.817 0.097 0.03 0.026
1 0.968 0.742 0.032 0.032
1 0.007 0.316 0.014 0.036
1 0.015 0.349 0.026 0.026
1 0.242 0.954 0.032 0.024
1 0.298 0.941 0.032 0.03
1 0.367 0.434 0.026 0.024
1 0.392 0.149 0.028 0.026
1 0.466 0.006 0.016 0.012
1 0.504 0.329 0.032 0.03
1 0.394 0.464 0.028 0.028
1 0.607 0.57 0.026 0.032
1 0.439 0.916 0.018 0.02
1 0.361 0.987 0.022 0.022
1 0.424 0.945 0.024 0.034
1 0.709 0.989 0.022 0.018
1 0.728 0.989 0.02 0.018
1 0.834 0.925 0.024 0.03
1 0.968 0.974 0.012 0.028
1 0.511 0.175 0.03 0.026
1 0.612 0.075 0.02 0.046
1 0.717 0.148 0.03 0.024
1 0.812 0.005 0.028 0.01
1 0.909 0.015 0.034 0.03
1 0.927 0.11 0.026 0.024
1 0.808 0.183 0.028 0.026
1 0.981 0.23 0.03 0.016
1 0.792 0.264 0.02 0.028
1 0.711 0.3 0.022 0.02
1 0.674 0.408 0.02 0.028
1 0.812 0.405 0.032 0.034
1 0.766 0.68 0.028 0.028
1 0.989 0.683 0.018 0.042
1 0.994 0.732 0.008 0.032
1 0.222 0.653 0.036 0.026
1 0.289 0.973 0.034 0.03
1 0.874 0.897 0.024 0.022
1 0.77 0.823 0.04 0.03
1 0.678 0.585 0.028 0.026
2 0.043 0.732 0.038 0.036
2 0.132 0.211 0.052 0.07
2 0.238 0.007 0.02 0.014
2 0.482 0.936 0.024 0.036
2 0.022 0.793 0.044 0.038
2 0.024 0.806 0.02 0.024
2 0.012 0.823 0.024 0.026
2 0.341 0.738 0.034 0.032
2 0.301 0.803 0.034 0.034
2 0.314 0.773 0.032 0.038
2 0.508 0.659 0.028 0.022
2 0.347 0.949 0.038 0.034
2 0.553 0.985 0.03 0.026
2 0.979 0.006 0.022 0.012
2 0.094 0.331 0.028 0.078
2 0.184 0.363 0.032 0.058
2 0.176 0.503 0.032 0.046
2 0.009 0.704 0.018 0.032
2 0.054 0.801 0.024 0.042
2 0.136 0.52 0.02 0.012
2 0.229 0.611 0.046 0.05
2 0.065 0.876 0.034 0.032
2 0.05 0.901 0.016 0.05
2 0.033 0.832 0.03 0.028
2 0.039 0.852 0.038 0.04
2 0.165 0.937 0.03 0.034
2 0.134 0.811 0.036 0.03
2 0.225 0.699 0.046 0.054
2 0.274 0.687 0.044 0.046
2 0.371 0.781 0.026 0.03
2 0.182 0.235 0.048 0.034
2 0.178 0.11 0.02 0.036
2 0.438 0.243 0.02 0.034
2 0.281 0.95 0.038 0.028
2 0.318 0.987 0.02 0.022
2 0.32 0.947 0.02 0.022
2 0.422 0.983 0.052 0.03
2 0.394 0.994 0.012 0.008
2 0.492 0.965 0.028 0.03
2 0.488 0.844 0.032 0.04
2 0.635 0.946 0.03 0.036
2 0.813 0.992 0.022 0.012
2 0.85 0.993 0.024 0.01
2 0.877 0.993 0.018 0.01
2 0.922 0.938 0.04 0.036
2 0.952 0.936 0.032 0.06
2 0.958 0.833 0.044 0.042
2 0.924 0.852 0.02 0.024
2 0.517 0.446 0.026 0.016
2 0.493 0.366 0.03 0.048
2 0.612 0.482 0.024 0.028
2 0.724 0.687 0.036 0.054
2 0.744 0.643 0.02 0.034
2 0.774 0.573 0.04 0.058
2 0.846 0.58 0.032 0.04
2 0.86 0.839 0.02 0.022
2 0.515 0.153 0.018 0.022
2 0.555 0.188 0.026 0.052
2 0.57 0.16 0.032 0.028
2 0.757 0.017 0.03 0.03
2 0.837 0.136 0.026 0.024
2 0.904 0.11 0.028 0.028
2 0.536 0.01 0.016 0.02
2 0.917 0.257 0.026 0.038
2 0.914 0.23 0.012 0.028
2 0.907 0.305 0.026 0.07
2 0.617 0.35 0.042 0.108
2 0.601 0.413 0.014 0.018
2 0.618 0.424 0.016 0.02
2 0.68 0.281 0.032 0.03
2 0.709 0.223 0.014 0.018
2 0.68 0.341 0.024 0.038
2 0.837 0.765 0.018 0.026
2 0.079 0.994 0.022 0.008
2 0.044 0.99 0.016 0.016
2 0.219 0.145 0.038 0.062