0 0.356 0.196 0.056 0.092
0 0.069 0.926 0.042 0.052
0 0.153 0.93 0.038 0.04
0 0.1 0.9 0.044 0.04
0 0.14 0.844 0.044 0.052
0 0.112 0.873 0.04 0.05
0 0.11 0.824 0.036 0.044
0 0.056 0.851 0.028 0.042
0 0.268 0.966 0.06 0.044
0 0.286 0.932 0.04 0.028
0 0.35 0.946 0.036 0.052
0 0.381 0.966 0.038 0.028
0 0.412 0.972 0.02 0.032
0 0.441 0.945 0.042 0.026
0 0.433 0.913 0.038 0.038
0 0.514 0.913 0.044 0.038
0 0.509 0.961 0.054 0.042
0 0.534 0.968 0.028 0.04
0 0.585 0.969 0.03 0.042
0 0.628 0.965 0.036 0.054
0 0.758 0.969 0.04 0.034
0 0.812 0.979 0.036 0.038
0 0.86 0.957 0.044 0.05
0 0.892 0.981 0.036 0.034
0 0.717 0.928 0.038 0.044
0 0.765 0.886 0.05 0.052
0 0.805 0.947 0.042 0.054
0 0.849 0.871 0.046 0.038
0 0.894 0.873 0.04 0.054
0 0.954 0.835 0.044 0.074
0 0.976 0.78 0.044 0.052
0 0.21 0.977 0.044 0.042
0 0.181 0.888 0.034 0.044
0 0.226 0.912 0.032 0.048
0 0.298 0.88 0.052 0.052
0 0.379 0.724 0.062 0.04
0 0.413 0.734 0.038 0.052
0 0.409 0.673 0.042 0.062
0 0.373 0.67 0.03 0.032
0 0.417 0.625 0.042 0.042
0 0.482 0.618 0.048 0.048
0 0.568 0.568 0.028 0.048
0 0.569 0.859 0.038 0.054
0 0.589 0.837 0.038 0.05
0 0.62 0.846 0.028 0.048
0 0.618 0.797 0.044 0.05
0 0.496 0.492 0.044 0.052
0 0.486 0.466 0.044 0.052
0 0.551 0.451 0.034 0.062
0 0.602 0.472 0.044 0.06
0 0.618 0.418 0.048 0.056
0 0.723 0.499 0.05 0.058
0 0.769 0.53 0.07 0.076
0 0.816 0.822 0.048 0.06
0 0.743 0.809 0.054 0.058
0 0.35 0.784 0.044 0.048
0 0.318 0.762 0.036 0.024
0 0.189 0.694 0.038 0.06
0 0.225 0.715 0.038 0.05
0 0.245 0.72 0.03 0.068
0 0.235 0.769 0.046 0.03
0 0.261 0.77 0.018 0.04
0 0.314 0.795 0.028 0.03
0 0.317 0.779 0.022 0.022
0 0.024 0.79 0.048 0.044
0 0.059 0.713 0.042 0.05
0 0.444 0.851 0.036 0.05
0 0.77 0.705 0.052 0.054
0 0.683 0.725 0.042 0.03
0 0.847 0.732 0.042 0.048
0 0.759 0.617 0.054 0.046
0 0.859 0.645 0.046 0.054
0 0.874 0.578 0.044 0.064
0 0.925 0.587 0.038 0.05
0 0.934 0.497 0.048 0.046
0 0.978 0.51 0.036 0.048
0 0.893 0.488 0.034 0.052
0 0.859 0.505 0.046 0.042
0 0.954 0.372 0.044 0.068
0 0.674 0.892 0.024 0.032
0 0.675 0.869 0.026 0.022
0 0.957 0.682 0.042 0.052
0 0.982 0.687 0.032 0.062
0 0.649 0.651 0.054 0.054
0 0.583 0.641 0.046 0.042
0 0.737 0.654 0.046 0.032
0 0.045 0.569 0.046 0.066
0 0.147 0.626 0.05 0.036
0 0.161 0.581 0.038 0.054
0 0.261 0.513 0.05 0.054
0 0.42 0.507 0.036 0.038
0 0.083 0.486 0.03 0.056
0 0.064 0.432 0.06 0.048
0 0.07 0.366 0.04 0.048
0 0.154 0.362 0.052 0.048
0 0.17 0.318 0.044 0.06
0 0.151 0.284 0.042 0.06
0 0.273 0.272 0.05 0.084
0 0.303 0.334 0.042 0.048
0 0.355 0.392 0.046 0.04
0 0.411 0.429 0.042 0.062
0 0.791 0.461 0.054 0.054
0 0.729 0.435 0.038 0.05
0 0.891 0.341 0.046 0.042
0 0.372 0.478 0.048 0.048
0 0.344 0.511 0.028 0.038
0 0.346 0.609 0.04 0.046
0 0.47 0.185 0.068 0.074
0 0.423 0.108 0.058 0.092
0 0.482 0.096 0.064 0.072
0 0.619 0.043 0.046 0.042
0 0.697 0.072 0.034 0.04
0 0.732 0.057 0.056 0.042
0 0.511 0.266 0.062 0.08
0 0.538 0.217 0.044 0.046
0 0.538 0.168 0.048 0.064
0 0.644 0.236 0.04 0.052
0 0.7 0.266 0.024 0.044
0 0.722 0.187 0.036 0.05
0 0.728 0.144 0.036 0.04
0 0.821 0.125 0.046 0.054
0 0.829 0.074 0.034 0.048
0 0.861 0.08 0.042 0.068
0 0.926 0.072 0.04 0.036
0 0.695 0.225 0.054 0.07
0 0.791 0.238 0.066 0.08
0 0.786 0.322 0.056 0.076
0 0.971 0.229 0.054 0.082
0 0.951 0.293 0.034 0.042
0 0.538 0.326 0.036 0.048
0 0.441 0.381 0.038 0.038
0 0.388 0.326 0.028 0.036
0 0.19 0.498 0.036 0.044
0 0.219 0.202 0.046 0.06
0 0.249 0.132 0.042 0.044
0 0.22 0.11 0.032 0.036
0 0.234 0.09 0.044 0.036
0 0.324 0.039 0.044 0.054
0 0.234 0.043 0.04 0.042
0 0.266 0.027 0.04 0.042
0 0.056 0.182 0.044 0.08
0 0.102 0.17 0.028 0.04
0 0.386 0.198 0.028 0.064
1 0.071 0.818 0.018 0.024
1 0.103 0.787 0.022 0.022
1 0.115 0.754 0.03 0.024
1 0.313 0.978 0.022 0.02
1 0.484 0.934 0.028 0.024
1 0.944 0.99 0.02 0.016
1 0.741 0.9 0.014 0.02
1 0.8 0.915 0.028 0.014
1 0.094 0.959 0.032 0.026
1 0.154 0.964 0.036 0.028
1 0.179 0.973 0.014 0.03
1 0.36 0.828 0.032 0.024
1 0.473 0.662 0.022 0.036
1 0.508 0.584 0.024 0.04
1 0.729 0.559 0.018 0.038
1 0.745 0.851 0.018 0.022
1 0.279 0.77 0.014 0.024
1 0.101 0.72 0.026 0.024
1 0.442 0.788 0.028 0.028
1 0.464 0.773 0.016 0.034
1 0.53 0.723 0.02 0.026
1 0.578 0.785 0.024 0.03
1 0.616 0.712 0.024 0.024
1 0.667 0.754 0.018 0.016
1 0.667 0.78 0.018 0.036
1 0.731 0.741 0.026 0.022
1 0.809 0.7 0.018 0.028
1 0.925 0.763 0.03 0.038
1 0.795 0.605 0.03 0.018
1 0.886 0.657 0.016 0.034
1 0.909 0.44 0.038 0.016
1 0.95 0.425 0.04 0.014
1 0.97 0.419 0.044 0.026
1 0.558 0.927 0.02 0.026
1 0.599 0.926 0.026 0.02
1 0.598 0.886 0.016 0.02
1 0.585 0.885 0.01 0.022
1 0.672 0.916 0.008 0.016
1 0.603 0.616 0.03 0.024
1 0.924 0.908 0.016 0.008
1 0.93 0.902 0.024 0.02
1 0.409 0.919 0.01 0.018
1 0.062 0.592 0.02 0.024
1 0.111 0.577 0.03 0.022
1 0.332 0.535 0.024 0.038
1 0.036 0.502 0.028 0.028
1 0.199 0.366 0.026 0.024
1 0.209 0.253 0.03 0.018
1 0.293 0.368 0.026 0.036
1 0.359 0.446 0.026 0.024
1 0.811 0.417 0.01 0.018
1 0.834 0.415 0.012 0.022
1 0.318 0.599 0.02 0.018
1 0.495 0.042 0.018 0.028
1 0.559 0.011 0.026 0.018
1 0.574 0.182 0.032 0.02
1 0.614 0.184 0.028 0.016
1 0.739 0.113 0.014 0.03
1 0.759 0.103 0.018 0.034
1 0.859 0.269 0.014 0.026
1 0.878 0.249 0.028 0.034
1 0.848 0.373 0.02 0.026
1 0.865 0.376 0.018 0.032
1 0.885 0.368 0.022 0.028
1 0.864 0.186 0.016 0.036
1 0.926 0.193 0.016 0.022
1 0.968 0.134 0.024 0.024
1 0.991 0.106 0.014 0.032
1 0.528 0.379 0.024 0.022
1 0.795 0.016 0.022 0.02
1 0.9 0.027 0.024 0.022
1 0.671 0.105 0.03 0.026
1 0.608 0.284 0.032 0.036
1 0.398 0.29 0.02 0.016
1 0.395 0.258 0.026 0.02
1 0.665 0.456 0.018 0.036
1 0.701 0.427 0.014 0.018
1 0.228 0.643 0.016 0.018
1 0.31 0.685 0.02 0.01
1 0.205 0.52 0.026 0.02
1 0.281 0.43 0.026 0.024
1 0.358 0.495 0.016 0.026
1 0.367 0.055 0.034 0.022
1 0.347 0.019 0.018 0.018
1 0.147 0.146 0.026 0.02
1 0.175 0.179 0.018 0.026
1 0.125 0.195 0.018 0.018
1 0.108 0.201 0.016 0.018
1 0.387 0.149 0.022 0.018
1 0.589 0.571 0.022 0.026
1 0.016 0.183 0.016 0.038
1 0.021 0.085 0.034 0.038
1 0.009 0.059 0.018 0.018
1 0.055 0.048 0.03 0.024
2 0.202 0.846 0.036 0.032
2 0.043 0.75 0.022 0.024
2 0.149 0.758 0.022 0.032
2 0.476 0.79 0.012 0.012
2 0.504 0.782 0.032 0.06
2 0.541 0.748 0.038 0.052
2 0.713 0.754 0.026 0.024
2 0.732 0.768 0.04 0.028
2 0.635 0.904 0.03 0.032
2 0.678 0.848 0.036 0.02
2 0.724 0.625 0.028 0.022
2 0.8 0.503 0.032 0.034
2 0.831 0.38 0.018 0.032
2 0.819 0.394 0.01 0.016
2 0.975 0.312 0.03 0.024
2 0.933 0.117 0.03 0.022
2 0.801 0.038 0.018 0.02
2 0.358 0.264 0.024 0.028
2 0.974 0.449 0.02 0.03
2 0.249 0.609 0.026 0.022
2 0.248 0.41 0.04 0.04
2 0.398 0.475 0.028 0.046
2 0.077 0.313 0.022 0.03
2 0.07 0.082 0.04 0.028
2 0.096 0.029 0.028 0.026