0 0.472 0.734 0.056 0.08
0 0.021 0.053 0.042 0.05
0 0.08 0.085 0.032 0.046
0 0.121 0.045 0.05 0.046
0 0.187 0.04 0.03 0.052
0 0.208 0.014 0.036 0.028
0 0.303 0.009 0.03 0.018
0 0.418 0.013 0.032 0.026
0 0.509 0.011 0.038 0.022
0 0.577 0.015 0.038 0.03
0 0.545 0.033 0.042 0.062
0 0.662 0.031 0.032 0.042
0 0.667 0.091 0.046 0.05
0 0.702 0.114 0.044 0.06
0 0.703 0.179 0.05 0.066
0 0.725 0.24 0.038 0.06
0 0.826 0.157 0.044 0.07
0 0.788 0.135 0.032 0.03
0 0.858 0.109 0.036 0.058
0 0.901 0.035 0.03 0.054
0 0.918 0.081 0.036 0.058
0 0.881 0.141 0.038 0.078
0 0.947 0.157 0.038 0.066
0 0.991 0.145 0.014 0.042
0 0.591 0.152 0.042 0.056
0 0.609 0.181 0.042 0.058
0 0.451 0.089 0.034 0.042
0 0.434 0.098 0.032 0.036
0 0.376 0.182 0.04 0.056
0 0.371 0.218 0.038 0.04
0 0.266 0.136 0.04 0.04
0 0.216 0.219 0.044 0.058
0 0.135 0.253 0.038 0.054
0 0.126 0.125 0.032 0.054
0 0.107 0.346 0.038 0.052
0 0.169 0.334 0.038 0.056
0 0.025 0.339 0.05 0.058
0 0.023 0.429 0.042 0.062
0 0.179 0.479 0.034 0.046
0 0.159 0.514 0.034 0.064
0 0.209 0.557 0.062 0.066
0 0.106 0.565 0.048 0.066
0 0.247 0.445 0.054 0.05
0 0.274 0.385 0.04 0.05
0 0.332 0.373 0.032 0.05
0 0.37 0.368 0.04 0.048
0 0.443 0.322 0.046 0.056
0 0.489 0.313 0.038 0.05
0 0.439 0.199 0.042 0.046
0 0.473 0.193 0.026 0.042
0 0.552 0.257 0.024 0.062
0 0.519 0.257 0.034 0.05
0 0.609 0.336 0.042 0.06
0 0.65 0.296 0.036 0.036
0 0.653 0.322 0.038 0.04
0 0.687 0.341 0.034 0.05
0 0.768 0.355 0.04 0.046
0 0.841 0.271 0.062 0.054
0 0.817 0.239 0.066 0.042
0 0.955 0.257 0.038 0.054
0 0.954 0.326 0.036 0.052
0 0.919 0.338 0.046 0.072
0 0.988 0.346 0.02 0.056
0 0.981 0.421 0.034 0.066
0 0.842 0.428 0.052 0.048
0 0.802 0.474 0.04 0.052
0 0.69 0.494 0.044 0.072
0 0.741 0.553 0.042 0.09
0 0.822 0.601 0.052 0.062
0 0.891 0.649 0.034 0.062
0 0.852 0.539 0.064 0.09
0 0.989 0.524 0.018 0.06
0 0.979 0.621 0.038 0.11
0 0.88 0.716 0.06 0.064
0 0.798 0.749 0.048 0.086
0 0.73 0.757 0.032 0.066
0 0.696 0.751 0.036 0.054
0 0.689 0.803 0.05 0.078
0 0.695 0.899 0.034 0.054
0 0.633 0.99 0.03 0.016
0 0.695 0.982 0.034 0.032
0 0.824 0.978 0.036 0.04
0 0.872 0.905 0.052 0.102
0 0.926 0.85 0.052 0.088
0 0.992 0.821 0.012 0.062
0 0.98 0.875 0.036 0.054
0 0.987 0.914 0.022 0.048
0 0.955 0.939 0.038 0.054
0 0.98 0.973 0.024 0.042
0 0.942 0.986 0.04 0.024
0 0.575 0.875 0.03 0.058
0 0.552 0.834 0.032 0.044
0 0.593 0.771 0.038 0.078
0 0.59 0.714 0.04 0.052
0 0.623 0.677 0.022 0.046
0 0.558 0.68 0.044 0.076
0 0.466 0.604 0.04 0.048
0 0.492 0.528 0.044 0.06
0 0.499 0.44 0.046 0.06
0 0.595 0.453 0.046 0.078
0 0.665 0.431 0.046 0.07
0 0.762 0.423 0.04 0.054
0 0.133 0.924 0.046 0.044
0 0.138 0.964 0.036 0.044
0 0.024 0.918 0.048 0.06
0 0.155 0.837 0.042 0.066
0 0.223 0.868 0.054 0.076
0 0.253 0.819 0.042 0.07
0 0.378 0.674 0.044 0.064
0 0.326 0.625 0.036 0.042
0 0.364 0.557 0.048 0.07
0 0.37 0.455 0.024 0.042
0 0.411 0.424 0.038 0.044
0 0.349 0.507 0.03 0.042
0 0.004 0.119 0.008 0.046
0 0.443 0.942 0.062 0.112
0 0.448 0.826 0.056 0.06
0 0.357 0.952 0.042 0.056
0 0.297 0.965 0.046 0.066
0 0.181 0.882 0.038 0.052
0 0.097 0.799 0.026 0.058
0 0.05 0.713 0.036 0.038
0 0.015 0.664 0.03 0.052
0 0.045 0.769 0.046 0.058
0 0.025 0.774 0.05 0.076
0 0.111 0.676 0.054 0.072
0 0.109 0.736 0.042 0.052
0 0.135 0.707 0.042 0.066
1 0.601 0.018 0.018 0.024
1 0.642 0.026 0.02 0.024
1 0.886 0.006 0.032 0.012
1 0.747 0.121 0.022 0.022
1 0.788 0.164 0.028 0.016
1 0.743 0.061 0.022 0.038
1 0.064 0.403 0.02 0.022
1 0.082 0.382 0.024 0.02
1 0.054 0.466 0.032 0.024
1 0.095 0.496 0.026 0.024
1 0.123 0.483 0.014 0.022
1 0.864 0.655 0.02 0.014
1 0.901 0.498 0.03 0.02
1 0.931 0.496 0.026 0.016
1 0.785 0.769 0.018 0.026
1 0.811 0.837 0.026 0.022
1 0.664 0.916 0.032 0.04
1 0.651 0.963 0.018 0.03
1 0.765 0.962 0.022 0.016
1 0.946 0.79 0.024 0.036
1 0.639 0.436 0.026 0.016
1 0.699 0.426 0.014 0.02
1 0.28 0.817 0.02 0.058
1 0.352 0.831 0.024 0.022
1 0.354 0.802 0.012 0.036
1 0.356 0.865 0.028 0.022
1 0.294 0.898 0.024 0.02
1 0.457 0.873 0.038 0.018
1 0.509 0.854 0.03 0.02
1 0.24 0.757 0.032 0.014
1 0.433 0.7 0.022 0.02
1 0.392 0.503 0.024 0.03
1 0.442 0.436 0.024 0.02
1 0.35 0.46 0.012 0.024
1 0.262 0.505 0.02 0.026
1 0.235 0.418 0.022 0.016
1 0.257 0.405 0.022 0.022
1 0.312 0.369 0.016 0.034
1 0.312 0.292 0.032 0.036
1 0.162 0.146 0.024 0.032
1 0.171 0.178 0.022 0.032
1 0.179 0.228 0.034 0.04
1 0.268 0.185 0.024 0.03
1 0.466 0.151 0.024 0.022
1 0.503 0.164 0.018 0.02
1 0.494 0.181 0.024 0.03
1 0.038 0.109 0.016 0.026
1 0.023 0.26 0.026 0.028
1 0.545 0.327 0.018 0.018
1 0.564 0.32 0.016 0.02
1 0.567 0.303 0.034 0.018
1 0.718 0.302 0.032 0.032
1 0.592 0.381 0.024 0.026
1 0.783 0.339 0.022 0.03
1 0.838 0.359 0.02 0.018
1 0.912 0.416 0.02 0.024
1 0.821 0.513 0.03 0.03
1 0.783 0.684 0.03 0.036
1 0.743 0.638 0.026 0.02
1 0.761 0.614 0.014 0.024
1 0.693 0.595 0.018 0.022
1 0.653 0.57 0.026 0.02
1 0.58 0.533 0.02 0.038
1 0.128 0.874 0.032 0.016
1 0.047 0.854 0.038 0.012
1 0.029 0.986 0.026 0.024
1 0.008 0.701 0.016 0.026
1 0.146 0.663 0.024 0.026
1 0.162 0.752 0.024 0.024
1 0.057 0.565 0.018 0.034
2 0.923 0.527 0.026 0.042
2 0.932 0.56 0.028 0.028
2 0.635 0.954 0.034 0.056
2 0.425 0.673 0.038 0.034
2 0.329 0.443 0.026 0.026
2 0.308 0.545 0.032 0.054
2 0.4 0.547 0.06 0.166
2 0.252 0.48 0.052 0.048
2 0.537 0.084 0.03 0.028
2 0.637 0.106 0.014 0.02
2 0.481 0.016 0.022 0.024
2 0.384 0.087 0.056 0.05
2 0.109 0.31 0.03 0.028
2 0.371 0.33 0.03 0.032
2 0.409 0.253 0.046 0.026
2 0.366 0.246 0.016 0.02
2 0.59 0.259 0.028 0.034
2 0.78 0.61 0.02 0.048
2 0.638 0.633 0.032 0.042
2 0.281 0.636 0.026 0.06
2 0.195 0.68 0.022 0.048
2 0.334 0.754 0.032 0.032
2 0.339 0.966 0.034 0.064
2 0.533 0.978 0.038 0.04
2 0.394 0.984 0.032 0.028
2 0.513 0.901 0.03 0.018
2 0.201 0.987 0.054 0.022