0 0.286 0.392 0.048 0.044
0 0.234 0.116 0.056 0.048
0 0.21 0.161 0.044 0.034
0 0.209 0.217 0.05 0.034
0 0.195 0.19 0.034 0.032
0 0.167 0.176 0.022 0.032
0 0.084 0.258 0.048 0.04
0 0.015 0.285 0.026 0.026
0 0.021 0.195 0.038 0.046
0 0.018 0.164 0.036 0.044
0 0.116 0.179 0.02 0.03
0 0.225 0.017 0.05 0.034
0 0.242 0.06 0.036 0.024
0 0.334 0.113 0.032 0.034
0 0.32 0.097 0.028 0.026
0 0.408 0.137 0.04 0.042
0 0.436 0.112 0.052 0.04
0 0.381 0.082 0.046 0.044
0 0.473 0.006 0.026 0.012
0 0.426 0.058 0.02 0.024
0 0.398 0.241 0.044 0.046
0 0.293 0.216 0.026 0.028
0 0.255 0.251 0.014 0.026
0 0.347 0.236 0.034 0.032
0 0.358 0.221 0.024 0.022
0 0.493 0.251 0.038 0.026
0 0.471 0.254 0.018 0.028
0 0.522 0.139 0.04 0.038
0 0.587 0.136 0.042 0.044
0 0.466 0.167 0.012 0.034
0 0.622 0.216 0.036 0.028
0 0.516 0.027 0.032 0.03
0 0.529 0.008 0.014 0.016
0 0.544 0.006 0.028 0.012
0 0.579 0.007 0.026 0.014
0 0.666 0.018 0.04 0.036
0 0.666 0.101 0.052 0.034
0 0.733 0.065 0.038 0.038
0 0.708 0.21 0.032 0.032
0 0.745 0.216 0.034 0.024
0 0.81 0.135 0.04 0.038
0 0.814 0.101 0.044 0.034
0 0.825 0.06 0.034 0.032
0 0.867 0.146 0.018 0.028
0 0.914 0.084 0.032 0.028
0 0.953 0.105 0.046 0.034
0 0.985 0.093 0.026 0.026
0 0.982 0.033 0.032 0.038
0 0.987 0.129 0.022 0.038
0 0.854 0.173 0.044 0.022
0 0.964 0.064 0.044 0.032
0 0.84 0.141 0.036 0.046
0 0.991 0.165 0.014 0.022
0 0.967 0.151 0.018 0.026
0 0.953 0.268 0.046 0.04
0 0.984 0.304 0.028 0.04
0 0.988 0.236 0.02 0.04
0 0.991 0.271 0.014 0.014
0 0.913 0.271 0.03 0.034
0 0.823 0.242 0.042 0.032
0 0.839 0.282 0.042 0.036
0 0.893 0.319 0.034 0.026
0 0.792 0.272 0.04 0.032
0 0.845 0.345 0.034 0.038
0 0.826 0.327 0.028 0.018
0 0.962 0.364 0.04 0.04
0 0.923 0.359 0.038 0.034
0 0.74 0.259 0.048 0.034
0 0.071 0.33 0.054 0.04
0 0.047 0.328 0.01 0.02
0 0.158 0.331 0.028 0.038
0 0.136 0.361 0.032 0.03
0 0.183 0.344 0.026 0.032
0 0.099 0.404 0.034 0.036
0 0.137 0.459 0.042 0.046
0 0.054 0.507 0.032 0.046
0 0.223 0.476 0.058 0.052
0 0.283 0.525 0.054 0.046
0 0.389 0.468 0.038 0.044
0 0.348 0.485 0.012 0.022
0 0.418 0.392 0.036 0.032
0 0.48 0.392 0.044 0.048
0 0.472 0.447 0.028 0.042
0 0.498 0.441 0.024 0.03
0 0.424 0.445 0.024 0.018
0 0.508 0.329 0.032 0.03
0 0.531 0.29 0.038 0.032
0 0.424 0.335 0.032 0.042
0 0.451 0.322 0.026 0.032
0 0.468 0.314 0.012 0.024
0 0.682 0.344 0.036 0.04
0 0.607 0.295 0.034 0.03
0 0.602 0.344 0.016 0.024
0 0.619 0.491 0.034 0.042
0 0.684 0.483 0.036 0.034
0 0.738 0.467 0.036 0.042
0 0.737 0.437 0.046 0.026
0 0.697 0.39 0.038 0.04
0 0.872 0.481 0.04 0.042
0 0.902 0.558 0.028 0.032
0 0.929 0.548 0.03 0.028
0 0.839 0.449 0.042 0.022
0 0.989 0.576 0.018 0.036
0 0.995 0.478 0.006 0.028
0 0.842 0.592 0.048 0.028
0 0.863 0.623 0.034 0.022
0 0.927 0.611 0.042 0.026
0 0.87 0.652 0.044 0.032
0 0.711 0.56 0.03 0.04
0 0.962 0.741 0.048 0.03
0 0.918 0.715 0.048 0.03
0 0.639 0.541 0.038 0.03
0 0.579 0.424 0.022 0.016
0 0.528 0.526 0.036 0.032
0 0.562 0.579 0.032 0.042
0 0.666 0.62 0.04 0.036
0 0.815 0.689 0.046 0.034
0 0.838 0.651 0.032 0.018
0 0.015 0.658 0.03 0.052
0 0.126 0.657 0.048 0.054
0 0.06 0.729 0.024 0.038
0 0.217 0.602 0.034 0.032
0 0.151 0.693 0.018 0.03
0 0.179 0.608 0.034 0.04
0 0.063 0.629 0.022 0.034
0 0.069 0.614 0.018 0.024
0 0.298 0.571 0.044 0.038
0 0.359 0.592 0.042 0.048
0 0.17 0.554 0.032 0.04
0 0.319 0.668 0.05 0.048
0 0.413 0.665 0.038 0.038
0 0.421 0.694 0.034 0.044
0 0.251 0.712 0.014 0.028
0 0.257 0.623 0.014 0.022
0 0.486 0.63 0.028 0.04
0 0.517 0.692 0.05 0.044
0 0.569 0.651 0.034 0.034
0 0.506 0.64 0.024 0.032
0 0.373 0.738 0.03 0.04
0 0.483 0.812 0.022 0.028
0 0.498 0.804 0.028 0.024
0 0.536 0.826 0.052 0.052
0 0.622 0.782 0.036 0.036
0 0.626 0.754 0.036 0.032
0 0.558 0.766 0.052 0.024
0 0.527 0.882 0.038 0.032
0 0.597 0.863 0.042 0.034
0 0.724 0.784 0.024 0.028
0 0.782 0.845 0.024 0.034
0 0.803 0.842 0.018 0.024
0 0.817 0.883 0.03 0.034
0 0.842 0.877 0.02 0.03
0 0.657 0.886 0.038 0.032
0 0.737 0.923 0.026 0.038
0 0.755 0.926 0.026 0.024
0 0.796 0.909 0.024 0.034
0 0.881 0.843 0.05 0.034
0 0.909 0.815 0.05 0.034
0 0.94 0.9 0.048 0.032
0 0.941 0.844 0.05 0.028
0 0.917 0.782 0.03 0.036
0 0.937 0.781 0.022 0.022
0 0.971 0.89 0.022 0.02
0 0.982 0.923 0.02 0.042
0 0.993 0.923 0.01 0.034
0 0.975 0.992 0.046 0.012
0 0.86 0.988 0.024 0.02
0 0.874 0.99 0.016 0.016
0 0.907 0.938 0.03 0.02
0 0.937 0.952 0.022 0.02
0 0.918 0.962 0.04 0.052
0 0.598 0.957 0.032 0.022
0 0.611 0.917 0.014 0.03
0 0.634 0.968 0.032 0.024
0 0.45 0.984 0.028 0.028
0 0.426 0.938 0.024 0.02
0 0.281 0.833 0.038 0.046
0 0.375 0.822 0.042 0.036
0 0.23 0.785 0.044 0.054
0 0.021 0.937 0.034 0.054
0 0.044 0.925 0.02 0.042
0 0.197 0.978 0.054 0.032
0 0.138 0.9 0.036 0.036
0 0.07 0.992 0.04 0.012
0 0.277 0.897 0.034 0.042
0 0.309 0.956 0.038 0.04
0 0.109 0.817 0.026 0.03
0 0.167 0.785 0.058 0.058
0 0.209 0.82 0.026 0.024
0 0.012 0.824 0.024 0.04
0 0.788 0.576 0.012 0.032
0 0.798 0.59 0.048 0.032
0 0.596 0.724 0.024 0.028
0 0.617 0.722 0.018 0.02
0 0.577 0.726 0.014 0.024
0 0.496 0.522 0.036 0.032
0 0.488 0.501 0.04 0.022
0 0.652 0.48 0.036 0.032
0 0.993 0.769 0.01 0.022
0 0.985 0.538 0.022 0.02
0 0.837 0.488 0.022 0.024
1 0.921 0.161 0.01 0.014
1 0.321 0.342 0.018 0.016
1 0.849 0.426 0.014 0.012
1 0.699 0.531 0.018 0.014
1 0.574 0.803 0.024 0.018
1 0.728 0.864 0.024 0.02
1 0.48 0.988 0.016 0.02
1 0.32 0.885 0.02 0.03
1 0.111 0.943 0.01 0.018
1 0.142 0.837 0.02 0.018
2 0.079 0.09 0.026 0.024
2 0.058 0.081 0.016 0.022
2 0.064 0.121 0.012 0.018
2 0.038 0.231 0.024 0.018
2 0.067 0.236 0.022 0.016
2 0.172 0.129 0.02 0.03
2 0.194 0.112 0.02 0.036
2 0.27 0.086 0.02 0.02
2 0.348 0.025 0.036 0.046
2 0.297 0.279 0.018 0.026
2 0.319 0.272 0.014 0.016
2 0.314 0.208 0.02 0.016
2 0.288 0.238 0.016 0.012
2 0.4 0.196 0.012 0.012
2 0.461 0.219 0.026 0.022
2 0.521 0.224 0.038 0.024
2 0.624 0.192 0.024 0.012
2 0.637 0.177 0.022 0.034
2 0.507 0.059 0.014 0.018
2 0.523 0.044 0.022 0.012
2 0.715 0.15 0.046 0.036
2 0.891 0.051 0.038 0.03
2 0.943 0.154 0.034 0.028
2 0.749 0.165 0.018 0.018
2 0.143 0.374 0.042 0.028
2 0.026 0.433 0.028 0.034
2 0.357 0.505 0.018 0.018
2 0.44 0.427 0.016 0.026
2 0.453 0.419 0.018 0.022
2 0.331 0.445 0.014 0.014
2 0.295 0.459 0.022 0.018
2 0.596 0.372 0.028 0.036
2 0.566 0.291 0.028 0.026
2 0.619 0.274 0.038 0.02
2 0.805 0.393 0.03 0.018
2 0.964 0.503 0.024 0.014
2 0.926 0.457 0.032 0.022
2 0.183 0.664 0.022 0.024
2 0.164 0.646 0.02 0.016
2 0.011 0.58 0.022 0.044
2 0.273 0.639 0.038 0.046
2 0.509 0.583 0.014 0.018
2 0.513 0.619 0.022 0.018
2 0.481 0.697 0.018 0.018
2 0.813 0.907 0.026 0.03
2 0.734 0.848 0.028 0.024
2 0.944 0.872 0.048 0.024
2 0.95 0.81 0.036 0.024
2 0.968 0.848 0.032 0.028
2 0.986 0.974 0.024 0.016
2 0.821 0.962 0.038 0.02
2 0.699 0.955 0.026 0.014
2 0.523 0.987 0.03 0.022
2 0.405 0.846 0.034 0.032
2 0.161 0.983 0.022 0.014
2 0.073 0.94 0.038 0.032
2 0.356 0.967 0.024 0.034
2 0.342 0.953 0.044 0.05
2 0.698 0.581 0.04 0.018
2 0.727 0.554 0.03 0.02
2 0.881 0.757 0.042 0.022
2 0.781 0.782 0.014 0.024
2 0.521 0.498 0.03 0.024
2 0.534 0.426 0.024 0.028
2 0.908 0.683 0.02 0.026
2 0.497 0.926 0.05 0.028
2 0.268 0.99 0.048 0.016
2 0.464 0.773 0.028 0.018
2 0.691 0.739 0.03 0.03
2 0.718 0.76 0.02 0.028
2 0.924 0.637 0.024 0.014
2 0.896 0.377 0.024 0.022
0 0.211 0.217 0.054 0.034
0 0.368 0.234 0.076 0.04
0 0.409 0.138 0.046 0.044
0 0.437 0.113 0.054 0.038
0 0.525 0.142 0.046 0.044
0 0.591 0.135 0.046 0.046
0 0.666 0.1 0.056 0.036
0 0.734 0.065 0.04 0.038
0 0.667 0.018 0.042 0.036
0 0.827 0.062 0.038 0.04
0 0.892 0.05 0.04 0.032
0 0.914 0.081 0.036 0.034
0 0.966 0.066 0.048 0.036
0 0.813 0.101 0.046 0.034
0 0.81 0.136 0.044 0.044
0 0.841 0.14 0.038 0.048
0 0.854 0.173 0.048 0.03
0 0.823 0.242 0.042 0.032
0 0.839 0.28 0.05 0.04
0 0.791 0.273 0.046 0.034
0 0.741 0.256 0.05 0.036
0 0.744 0.217 0.04 0.03
0 0.707 0.21 0.034 0.032
0 0.714 0.15 0.044 0.04
0 0.946 0.155 0.06 0.038
0 0.986 0.237 0.024 0.046
0 0.953 0.27 0.054 0.044
0 0.913 0.272 0.038 0.036
0 0.983 0.307 0.03 0.046
0 0.892 0.319 0.04 0.034
0 0.961 0.366 0.046 0.044
0 0.92 0.362 0.044 0.04
0 0.871 0.479 0.042 0.046
0 0.915 0.554 0.058 0.04
0 0.989 0.575 0.018 0.038
0 0.929 0.61 0.046 0.032
0 0.843 0.592 0.05 0.032
0 0.864 0.625 0.04 0.026
0 0.869 0.654 0.046 0.032
0 0.816 0.691 0.052 0.042
0 0.834 0.65 0.032 0.024
0 0.918 0.713 0.052 0.042
0 0.965 0.742 0.054 0.036
0 0.937 0.783 0.03 0.026
0 0.912 0.783 0.024 0.038
0 0.909 0.816 0.054 0.044
0 0.882 0.844 0.056 0.036
0 0.825 0.882 0.054 0.04
0 0.802 0.909 0.044 0.038
0 0.823 0.96 0.046 0.036
0 0.869 0.988 0.05 0.02
0 0.921 0.953 0.058 0.062
0 0.984 0.927 0.028 0.05
0 0.986 0.97 0.024 0.032
0 0.972 0.991 0.052 0.014
0 0.937 0.9 0.042 0.032
0 0.943 0.873 0.05 0.022
0 0.957 0.846 0.078 0.036
0 0.993 0.769 0.01 0.034
0 0.884 0.758 0.048 0.032
0 0.789 0.846 0.05 0.04
0 0.747 0.925 0.054 0.042
0 0.658 0.886 0.044 0.036
0 0.729 0.784 0.038 0.032
0 0.627 0.758 0.038 0.032
0 0.595 0.723 0.07 0.038
0 0.559 0.767 0.058 0.03
0 0.619 0.788 0.034 0.032
0 0.598 0.862 0.044 0.036
0 0.527 0.883 0.038 0.034
0 0.536 0.827 0.052 0.05
0 0.492 0.81 0.04 0.036
0 0.635 0.969 0.034 0.038
0 0.597 0.962 0.034 0.032
0 0.533 0.985 0.074 0.026
0 0.453 0.979 0.042 0.038
0 0.481 0.987 0.022 0.022
0 0.708 0.96 0.048 0.028
0 0.324 0.961 0.08 0.066
0 0.204 0.977 0.072 0.038
0 0.072 0.987 0.044 0.022
0 0.035 0.933 0.066 0.062
0 0.145 0.896 0.058 0.048
0 0.277 0.897 0.042 0.05
0 0.28 0.835 0.048 0.046
0 0.109 0.819 0.03 0.034
0 0.168 0.786 0.068 0.064
0 0.229 0.785 0.042 0.054
0 0.211 0.82 0.034 0.032
0 0.375 0.823 0.046 0.038
0 0.372 0.739 0.032 0.042
0 0.414 0.665 0.044 0.038
0 0.422 0.697 0.036 0.046
0 0.484 0.632 0.032 0.044
0 0.513 0.633 0.034 0.046
0 0.563 0.581 0.038 0.046
0 0.638 0.542 0.04 0.032
0 0.618 0.49 0.036 0.048
0 0.653 0.479 0.038 0.034
0 0.687 0.481 0.034 0.034
0 0.739 0.466 0.042 0.036
0 0.737 0.437 0.046 0.03
0 0.531 0.525 0.046 0.038
0 0.508 0.514 0.08 0.06
0 0.486 0.448 0.056 0.044
0 0.479 0.394 0.046 0.056
0 0.449 0.423 0.038 0.042
0 0.423 0.444 0.026 0.028
0 0.387 0.467 0.042 0.046
0 0.416 0.393 0.04 0.038
0 0.426 0.332 0.04 0.048
0 0.452 0.323 0.02 0.038
0 0.514 0.333 0.04 0.038
0 0.527 0.291 0.046 0.034
0 0.488 0.253 0.048 0.03
0 0.622 0.215 0.04 0.03
0 0.63 0.178 0.04 0.04
0 0.522 0.223 0.044 0.03
0 0.396 0.241 0.048 0.046
0 0.375 0.085 0.046 0.046
0 0.327 0.106 0.046 0.048
0 0.23 0.117 0.068 0.046
0 0.211 0.164 0.046 0.036
0 0.194 0.191 0.036 0.026
0 0.226 0.019 0.052 0.038
0 0.241 0.059 0.038 0.026
0 0.351 0.027 0.042 0.05
0 0.285 0.394 0.05 0.048
0 0.223 0.476 0.062 0.052
0 0.139 0.458 0.05 0.056
0 0.097 0.402 0.042 0.048
0 0.141 0.368 0.054 0.052
0 0.157 0.332 0.026 0.044
0 0.183 0.344 0.026 0.036
0 0.283 0.525 0.058 0.05
0 0.298 0.568 0.052 0.048
0 0.358 0.593 0.044 0.05
0 0.321 0.667 0.05 0.05
0 0.216 0.604 0.036 0.036
0 0.179 0.607 0.038 0.05
0 0.129 0.653 0.054 0.062
0 0.055 0.507 0.034 0.046
0 0.014 0.582 0.028 0.056
0 0.016 0.661 0.032 0.062
0 0.062 0.727 0.024 0.05
0 0.013 0.825 0.026 0.05
0 0.264 0.987 0.056 0.022
0 0.406 0.847 0.036 0.038
0 0.519 0.693 0.058 0.046
0 0.567 0.652 0.038 0.036
0 0.668 0.622 0.048 0.036
0 0.718 0.558 0.048 0.044
0 0.795 0.591 0.05 0.038
0 0.839 0.447 0.046 0.03
0 0.805 0.393 0.034 0.026
0 0.846 0.346 0.04 0.04
0 0.699 0.392 0.05 0.04
0 0.684 0.344 0.044 0.044
0 0.613 0.288 0.054 0.048
0 0.531 0.425 0.034 0.03
0 0.952 0.107 0.048 0.038
0 0.983 0.092 0.03 0.028
0 0.986 0.13 0.024 0.04
0 0.991 0.166 0.014 0.028
0 0.993 0.482 0.01 0.04
0 0.076 0.324 0.072 0.056
0 0.084 0.259 0.052 0.042
0 0.016 0.284 0.032 0.032
0 0.022 0.196 0.04 0.044
0 0.02 0.161 0.04 0.042
0 0.2 0.111 0.036 0.042
0 0.507 0.055 0.05 0.038
0 0.516 0.026 0.036 0.032
0 0.54 0.009 0.044 0.018
0 0.58 0.007 0.028 0.014
0 0.474 0.006 0.028 0.012
0 0.742 0.003 0.02 0.006
0 0.82 0.004 0.02 0.008
0 0.983 0.035 0.03 0.038
0 0.993 0.009 0.01 0.018
1 0.971 0.891 0.026 0.022
1 0.727 0.866 0.026 0.02
1 0.731 0.848 0.034 0.024
1 0.716 0.76 0.028 0.028
1 0.78 0.785 0.02 0.03
1 0.575 0.806 0.026 0.024
1 0.611 0.919 0.018 0.03
1 0.428 0.936 0.028 0.024
1 0.157 0.984 0.022 0.024
1 0.112 0.944 0.016 0.024
1 0.006 0.964 0.012 0.024
1 0.32 0.884 0.024 0.032
1 0.142 0.836 0.028 0.028
1 0.204 0.779 0.024 0.018
1 0.325 0.031 0.018 0.03
1 0.425 0.06 0.026 0.028
1 0.466 0.16 0.012 0.04
1 0.302 0.219 0.048 0.034
1 0.257 0.25 0.018 0.028
1 0.297 0.282 0.022 0.024
1 0.321 0.344 0.022 0.024
1 0.164 0.646 0.024 0.02
1 0.182 0.666 0.028 0.028
1 0.251 0.711 0.018 0.03
1 0.151 0.694 0.018 0.028
1 0.171 0.557 0.034 0.042
1 0.07 0.614 0.02 0.024
1 0.062 0.633 0.024 0.038
1 0.094 0.512 0.032 0.02
1 0.015 0.5 0.022 0.04
1 0.026 0.435 0.028 0.034
1 0.698 0.532 0.02 0.016
1 0.788 0.575 0.012 0.03
1 0.837 0.487 0.026 0.03
1 0.849 0.425 0.018 0.018
1 0.823 0.327 0.026 0.018
1 0.578 0.424 0.028 0.024
1 0.604 0.344 0.02 0.02
1 0.671 0.269 0.018 0.018
1 0.469 0.314 0.014 0.028
1 0.75 0.163 0.02 0.018
1 0.867 0.145 0.026 0.03
1 0.99 0.275 0.016 0.026
1 0.964 0.504 0.024 0.02
1 0.983 0.537 0.026 0.026
1 0.91 0.684 0.024 0.028
1 0.92 0.637 0.032 0.018
1 0.364 0.505 0.032 0.03
1 0.349 0.486 0.018 0.028
1 0.296 0.457 0.032 0.022
1 0.328 0.446 0.024 0.028
1 0.363 0.404 0.022 0.024
1 0.077 0.091 0.034 0.03
1 0.065 0.121 0.014 0.018
1 0.058 0.082 0.02 0.024
1 0.117 0.18 0.022 0.032
1 0.167 0.176 0.022 0.036
1 0.172 0.13 0.02 0.028
1 0.268 0.086 0.032 0.028
1 0.186 0.261 0.02 0.026
1 0.134 0.311 0.04 0.034
1 0.067 0.235 0.026 0.014
1 0.044 0.226 0.036 0.024
1 0.005 0.329 0.01 0.034
1 0.402 0.195 0.016 0.018
1 0.508 0.584 0.024 0.028
1 0.454 0.608 0.024 0.02
2 0.961 0.809 0.062 0.042
2 0.993 0.815 0.01 0.038
2 0.751 0.727 0.026 0.03
2 0.773 0.736 0.022 0.024
2 0.691 0.737 0.042 0.03
2 0.496 0.925 0.052 0.03
2 0.461 0.944 0.026 0.02
2 0.072 0.939 0.044 0.042
2 0.468 0.219 0.048 0.026
2 0.326 0.269 0.028 0.026
2 0.271 0.638 0.046 0.056
2 0.356 0.967 0.028 0.054
2 0.461 0.774 0.034 0.028
2 0.525 0.782 0.046 0.028
2 0.479 0.703 0.026 0.034
2 0.471 0.667 0.03 0.03
2 0.7 0.582 0.04 0.028
2 0.596 0.373 0.032 0.046
2 0.566 0.291 0.028 0.03
2 0.626 0.254 0.024 0.032
2 0.909 0.178 0.03 0.032
2 0.898 0.379 0.032 0.03
2 0.925 0.459 0.038 0.026
2 0.546 0.07 0.028 0.024
2 0.629 0.066 0.03 0.024
2 0.714 0.093 0.024 0.022
2 0.359 0.178 0.026 0.036
2 0.233 0.246 0.026 0.02
2 0.661 0.68 0.038 0.028