0 0.008 0.963 0.016 0.046
0 0.018 0.931 0.036 0.042
0 0.052 0.985 0.024 0.026
0 0.086 0.987 0.032 0.022
0 0.059 0.963 0.026 0.014
0 0.067 0.952 0.018 0.02
0 0.054 0.941 0.02 0.018
0 0.161 0.979 0.038 0.03
0 0.095 0.94 0.026 0.044
0 0.122 0.915 0.032 0.034
0 0.16 0.929 0.024 0.034
0 0.033 0.884 0.022 0.04
0 0.006 0.819 0.012 0.046
0 0.022 0.79 0.012 0.04
0 0.07 0.807 0.04 0.042
0 0.002 0.739 0.004 0.03
0 0.025 0.74 0.03 0.036
0 0.099 0.794 0.022 0.028
0 0.101 0.771 0.03 0.022
0 0.121 0.868 0.034 0.036
0 0.14 0.868 0.032 0.06
0 0.159 0.857 0.03 0.03
0 0.198 0.854 0.028 0.036
0 0.207 0.907 0.018 0.03
0 0.225 0.899 0.026 0.046
0 0.258 0.96 0.024 0.02
0 0.235 0.95 0.018 0.016
0 0.244 0.887 0.016 0.018
0 0.23 0.865 0.02 0.022
0 0.198 0.804 0.028 0.028
0 0.172 0.832 0.012 0.02
0 0.172 0.811 0.02 0.026
0 0.16 0.791 0.02 0.034
0 0.196 0.773 0.032 0.03
0 0.018 0.688 0.036 0.048
0 0.017 0.645 0.034 0.05
0 0.017 0.535 0.034 0.05
0 0.059 0.535 0.034 0.034
0 0.091 0.551 0.026 0.026
0 0.11 0.502 0.048 0.044
0 0.138 0.508 0.028 0.036
0 0.005 0.328 0.01 0.04
0 0.049 0.2 0.038 0.056
0 0.103 0.019 0.042 0.034
0 0.146 0.01 0.028 0.016
0 0.21 0.031 0.024 0.038
0 0.34 0.036 0.04 0.044
0 0.344 0.099 0.064 0.046
0 0.322 0.142 0.044 0.036
0 0.288 0.176 0.048 0.056
0 0.399 0.037 0.03 0.03
0 0.433 0.092 0.038 0.04
0 0.5 0.02 0.04 0.036
0 0.533 0.175 0.038 0.034
0 0.505 0.219 0.018 0.022
0 0.51 0.191 0.016 0.018
0 0.051 0.689 0.03 0.034
0 0.075 0.684 0.034 0.048
0 0.061 0.615 0.038 0.038
0 0.075 0.594 0.026 0.028
0 0.134 0.625 0.032 0.042
0 0.177 0.605 0.03 0.042
0 0.188 0.668 0.024 0.032
0 0.209 0.71 0.03 0.044
0 0.248 0.687 0.036 0.034
0 0.22 0.577 0.032 0.03
0 0.165 0.468 0.034 0.032
0 0.218 0.488 0.032 0.036
0 0.21 0.44 0.044 0.044
0 0.171 0.423 0.042 0.046
0 0.197 0.269 0.046 0.066
0 0.253 0.431 0.042 0.038
0 0.246 0.507 0.032 0.058
0 0.285 0.543 0.026 0.022
0 0.312 0.508 0.024 0.04
0 0.324 0.552 0.028 0.032
0 0.362 0.522 0.024 0.068
0 0.383 0.547 0.034 0.034
0 0.313 0.255 0.042 0.03
0 0.442 0.254 0.048 0.052
0 0.428 0.198 0.044 0.06
0 0.368 0.38 0.036 0.036
0 0.334 0.422 0.04 0.036
0 0.449 0.428 0.034 0.028
0 0.466 0.413 0.04 0.038
0 0.458 0.378 0.028 0.048
0 0.486 0.352 0.032 0.052
0 0.413 0.379 0.026 0.03
0 0.297 0.629 0.026 0.03
0 0.308 0.649 0.024 0.038
0 0.322 0.647 0.016 0.038
0 0.344 0.645 0.024 0.038
0 0.299 0.704 0.038 0.036
0 0.319 0.726 0.03 0.036
0 0.355 0.76 0.03 0.024
0 0.279 0.858 0.03 0.036
0 0.289 0.813 0.034 0.046
0 0.31 0.857 0.028 0.034
0 0.367 0.963 0.042 0.034
0 0.366 0.987 0.064 0.022
0 0.426 0.98 0.028 0.036
0 0.459 0.978 0.018 0.02
0 0.371 0.9 0.026 0.028
0 0.399 0.895 0.03 0.038
0 0.367 0.859 0.03 0.03
0 0.371 0.824 0.03 0.032
0 0.378 0.799 0.032 0.03
0 0.422 0.755 0.032 0.046
0 0.419 0.831 0.03 0.034
0 0.677 0.982 0.042 0.032
0 0.602 0.989 0.04 0.018
0 0.58 0.963 0.032 0.026
0 0.481 0.93 0.026 0.032
0 0.452 0.895 0.028 0.038
0 0.501 0.909 0.026 0.034
0 0.534 0.923 0.028 0.03
0 0.524 0.887 0.024 0.042
0 0.507 0.826 0.022 0.032
0 0.986 0.984 0.024 0.032
0 0.947 0.993 0.038 0.01
0 0.826 0.993 0.044 0.01
0 0.988 0.881 0.02 0.054
0 0.971 0.932 0.034 0.052
0 0.94 0.902 0.028 0.04
0 0.813 0.936 0.03 0.048
0 0.781 0.921 0.034 0.038
0 0.68 0.92 0.036 0.048
0 0.692 0.954 0.024 0.028
0 0.662 0.928 0.032 0.052
0 0.573 0.894 0.022 0.028
0 0.573 0.851 0.022 0.034
0 0.615 0.866 0.03 0.04
0 0.553 0.797 0.026 0.038
0 0.584 0.779 0.016 0.034
0 0.487 0.749 0.03 0.034
0 0.478 0.7 0.036 0.052
0 0.514 0.719 0.028 0.042
0 0.553 0.723 0.034 0.038
0 0.38 0.652 0.032 0.028
0 0.382 0.61 0.028 0.036
0 0.417 0.599 0.026 0.046
0 0.682 0.882 0.024 0.024
0 0.718 0.882 0.028 0.028
0 0.649 0.829 0.026 0.034
0 0.698 0.827 0.036 0.042
0 0.811 0.879 0.034 0.038
0 0.799 0.798 0.042 0.048
0 0.842 0.801 0.024 0.042
0 0.867 0.803 0.03 0.058
0 0.917 0.833 0.026 0.026
0 0.956 0.76 0.028 0.032
0 0.871 0.759 0.026 0.034
0 0.827 0.735 0.026 0.03
0 0.803 0.753 0.03 0.03
0 0.753 0.748 0.046 0.036
0 0.663 0.782 0.026 0.024
0 0.64 0.76 0.028 0.028
0 0.603 0.682 0.018 0.024
0 0.56 0.675 0.028 0.046
0 0.516 0.656 0.028 0.028
0 0.501 0.679 0.03 0.026
0 0.791 0.026 0.038 0.048
0 0.873 0.016 0.062 0.028
0 0.975 0.023 0.042 0.034
0 0.902 0.073 0.024 0.03
0 0.799 0.105 0.042 0.054
0 0.861 0.109 0.042 0.05
0 0.733 0.07 0.046 0.048
0 0.725 0.137 0.046 0.05
0 0.601 0.139 0.042 0.042
0 0.6 0.181 0.044 0.034
0 0.637 0.179 0.022 0.038
0 0.512 0.393 0.032 0.05
0 0.551 0.376 0.034 0.032
0 0.578 0.407 0.036 0.034
0 0.537 0.449 0.034 0.042
0 0.466 0.475 0.024 0.034
0 0.438 0.458 0.024 0.024
0 0.52 0.542 0.032 0.04
0 0.481 0.598 0.038 0.048
0 0.716 0.263 0.048 0.062
0 0.761 0.26 0.042 0.048
0 0.831 0.265 0.034 0.046
0 0.847 0.296 0.034 0.036
0 0.873 0.287 0.018 0.03
0 0.894 0.28 0.024 0.048
0 0.902 0.315 0.016 0.034
0 0.879 0.317 0.026 0.022
0 0.991 0.255 0.014 0.026
0 0.993 0.289 0.01 0.022
0 0.978 0.276 0.036 0.028
0 0.964 0.332 0.024 0.028
0 0.984 0.371 0.028 0.03
0 0.623 0.372 0.03 0.048
0 0.653 0.33 0.022 0.016
0 0.706 0.366 0.04 0.044
0 0.729 0.36 0.018 0.024
0 0.768 0.335 0.028 0.042
0 0.99 0.411 0.016 0.05
0 0.965 0.41 0.026 0.032
0 0.941 0.408 0.026 0.032
0 0.924 0.386 0.028 0.032
0 0.893 0.37 0.03 0.032
0 0.859 0.365 0.022 0.022
0 0.807 0.371 0.038 0.03
0 0.888 0.406 0.036 0.044
0 0.919 0.439 0.034 0.03
0 0.949 0.442 0.026 0.032
0 0.993 0.479 0.01 0.018
0 0.936 0.472 0.036 0.04
0 0.993 0.516 0.01 0.036
0 0.578 0.503 0.024 0.03
0 0.582 0.478 0.032 0.032
0 0.582 0.456 0.028 0.032
0 0.612 0.509 0.028 0.038
0 0.641 0.537 0.038 0.034
0 0.61 0.586 0.028 0.036
0 0.606 0.621 0.028 0.034
0 0.583 0.626 0.034 0.036
0 0.63 0.647 0.028 0.03
0 0.648 0.439 0.036 0.034
0 0.686 0.429 0.032 0.054
0 0.742 0.424 0.036 0.036
0 0.785 0.451 0.034 0.034
0 0.829 0.424 0.03 0.028
0 0.863 0.433 0.022 0.034
0 0.86 0.471 0.024 0.042
0 0.883 0.489 0.026 0.034
0 0.864 0.514 0.024 0.044
0 0.879 0.546 0.03 0.036
0 0.908 0.551 0.032 0.034
0 0.811 0.479 0.026 0.034
0 0.728 0.484 0.02 0.032
0 0.751 0.475 0.026 0.05
0 0.694 0.54 0.044 0.024
0 0.741 0.556 0.026 0.032
0 0.807 0.546 0.026 0.04
0 0.633 0.719 0.034 0.034
0 0.66 0.706 0.028 0.036
0 0.68 0.684 0.032 0.04
0 0.702 0.66 0.024 0.028
0 0.721 0.647 0.03 0.034
0 0.7 0.625 0.024 0.034
0 0.719 0.616 0.026 0.032
0 0.785 0.573 0.026 0.03
0 0.756 0.615 0.032 0.03
0 0.789 0.614 0.022 0.036
0 0.81 0.613 0.028 0.03
0 0.812 0.668 0.032 0.036
0 0.861 0.703 0.03 0.046
0 0.904 0.677 0.036 0.05
0 0.869 0.658 0.034 0.024
0 0.469 0.092 0.034 0.044
0 0.363 0.064 0.038 0.036
0 0.219 0.124 0.03 0.028
1 0.125 0.98 0.018 0.02
1 0.236 0.986 0.02 0.024
1 0.005 0.869 0.01 0.026
1 0.09 0.852 0.004 0.012
1 0.102 0.848 0.004 0.012
1 0.252 0.928 0.016 0.024
1 0.224 0.827 0.02 0.026
1 0.139 0.776 0.014 0.016
1 0.15 0.775 0.008 0.014
1 0.041 0.581 0.026 0.018
1 0.087 0.48 0.018 0.016
1 0.006 0.458 0.012 0.024
1 0.011 0.246 0.022 0.02
1 0.097 0.206 0.018 0.028
1 0.08 0.202 0.012 0.012
1 0.051 0.109 0.026 0.014
1 0.109 0.178 0.018 0.016
1 0.108 0.165 0.012 0.01
1 0.146 0.141 0.028 0.022
1 0.133 0.096 0.022 0.024
1 0.1 0.048 0.016 0.016
1 0.127 0.005 0.01 0.006
1 0.318 0.015 0.016 0.014
1 0.363 0.124 0.026 0.024
1 0.596 0.051 0.024 0.03
1 0.584 0.083 0.032 0.018
1 0.535 0.104 0.022 0.024
1 0.505 0.205 0.026 0.022
1 0.113 0.694 0.022 0.028
1 0.053 0.637 0.022 0.014
1 0.169 0.673 0.014 0.022
1 0.234 0.666 0.028 0.016
1 0.235 0.638 0.022 0.024
1 0.272 0.643 0.024 0.026
1 0.107 0.316 0.014 0.032
1 0.075 0.373 0.014 0.026
1 0.226 0.321 0.028 0.026
1 0.276 0.387 0.016 0.026
1 0.285 0.415 0.018 0.022
1 0.246 0.409 0.02 0.018
1 0.305 0.234 0.022 0.02
1 0.333 0.228 0.018 0.016
1 0.402 0.453 0.024 0.022
1 0.428 0.479 0.02 0.018
1 0.325 0.928 0.018 0.024
1 0.389 0.78 0.018 0.012
1 0.392 0.77 0.016 0.008
1 0.407 0.781 0.014 0.018
1 0.518 0.874 0.016 0.024
1 0.47 0.804 0.012 0.02
1 0.887 0.995 0.022 0.006
1 0.944 0.935 0.02 0.014
1 0.864 0.923 0.012 0.014
1 0.755 0.91 0.022 0.02
1 0.575 0.885 0.018 0.026
1 0.567 0.776 0.014 0.02
1 0.356 0.717 0.016 0.022
1 0.345 0.581 0.014 0.026
1 0.419 0.634 0.014 0.02
1 0.745 0.866 0.018 0.036
1 0.773 0.855 0.01 0.018
1 0.767 0.85 0.014 0.02
1 0.754 0.826 0.016 0.02
1 0.927 0.817 0.03 0.018
1 0.731 0.713 0.03 0.006
1 0.588 0.752 0.012 0.016
1 0.592 0.704 0.02 0.024
1 0.744 0.02 0.016 0.024
1 0.928 0.044 0.036 0.024
1 0.858 0.04 0.02 0.02
1 0.637 0.15 0.022 0.012
1 0.627 0.123 0.03 0.026
1 0.604 0.218 0.02 0.032
1 0.568 0.264 0.02 0.012
1 0.528 0.487 0.016 0.026
1 0.49 0.474 0.028 0.02
1 0.439 0.527 0.01 0.01
1 0.449 0.517 0.006 0.014
1 0.442 0.507 0.008 0.014
1 0.432 0.517 0.008 0.006
1 0.426 0.51 0.004 0.008
1 0.938 0.284 0.02 0.024
1 0.952 0.309 0.012 0.018
1 0.717 0.343 0.018 0.022
1 0.829 0.334 0.022 0.016
1 0.994 0.466 0.008 0.016
1 0.994 0.553 0.008 0.026
1 0.592 0.549 0.004 0.01
1 0.647 0.626 0.014 0.02
1 0.67 0.494 0.028 0.024
1 0.693 0.581 0.018 0.034
1 0.82 0.58 0.008 0.012
1 0.741 0.693 0.006 0.01
1 0.833 0.708 0.01 0.02
1 0.887 0.721 0.01 0.01
1 0.923 0.642 0.026 0.012
1 0.891 0.611 0.01 0.01
1 0.956 0.631 0.016 0.034
1 0.961 0.663 0.006 0.038
1 0.987 0.654 0.022 0.016
1 0.997 0.094 0.002 0.012
1 0.788 0.2 0.016 0.02
1 0.71 0.179 0.012 0.014
1 0.198 0.104 0.016 0.012
1 0.244 0.197 0.02 0.022
1 0.363 0.168 0.014 0.012
1 0.378 0.168 0.008 0.016
1 0.37 0.16 0.016 0.004
1 0.135 0.439 0.01 0.01
1 0.143 0.448 0.006 0.012
1 0.135 0.458 0.01 0.016
2 0.895 0.126 0.014 0.04
2 0.978 0.097 0.012 0.01
2 0.961 0.106 0.022 0.016
2 0.935 0.121 0.01 0.014
2 0.121 0.955 0.026 0.018
2 0.073 0.853 0.03 0.046
2 0.535 0.226 0.034 0.052
2 0.159 0.538 0.026 0.024
2 0.056 0.367 0.024 0.026
2 0.041 0.385 0.022 0.018
2 0.308 0.319 0.052 0.03
2 0.355 0.781 0.014 0.018
2 0.339 0.842 0.022 0.024
2 0.436 0.788 0.008 0.016
2 0.536 0.992 0.02 0.012
2 0.971 0.802 0.03 0.032
2 0.904 0.767 0.024 0.03
2 0.572 0.67 0.016 0.032
2 0.931 0.072 0.034 0.032
2 0.84 0.064 0.02 0.024
2 0.583 0.234 0.018 0.032
2 0.568 0.249 0.012 0.014
2 0.923 0.213 0.03 0.022
2 0.654 0.358 0.024 0.02
2 0.761 0.421 0.018 0.038
2 0.769 0.519 0.03 0.022
2 0.965 0.709 0.022 0.026
2 0.969 0.683 0.038 0.018
2 0.908 0.913 0.024 0.066
2 0.853 0.871 0.018 0.022
2 0.689 0.232 0.01 0.012
2 0.496 0.119 0.016 0.014
2 0.405 0.062 0.014 0.024
2 0.309 0.079 0.014 0.018
2 0.39 0.188 0.024 0.044
2 0.264 0.147 0.016 0.026
2 0.149 0.809 0.014 0.022