0 0.901 0.864 0.042 0.044
0 0.959 0.911 0.038 0.042
0 0.955 0.961 0.062 0.042
0 0.945 0.988 0.054 0.02
0 0.92 0.947 0.056 0.042
0 0.91 0.93 0.048 0.028
0 0.885 0.973 0.042 0.046
0 0.893 0.996 0.022 0.004
0 0.977 0.823 0.042 0.046
0 0.925 0.823 0.05 0.05
0 0.862 0.902 0.044 0.04
0 0.809 0.891 0.046 0.038
0 0.825 0.968 0.042 0.04
0 0.792 0.961 0.048 0.062
0 0.754 0.981 0.044 0.034
0 0.724 0.931 0.036 0.034
0 0.734 0.832 0.044 0.04
0 0.716 0.86 0.036 0.036
0 0.764 0.811 0.036 0.038
0 0.727 0.804 0.046 0.036
0 0.774 0.806 0.024 0.028
0 0.747 0.928 0.014 0.028
0 0.762 0.748 0.056 0.056
0 0.791 0.771 0.034 0.042
0 0.894 0.751 0.04 0.046
0 0.936 0.708 0.048 0.06
0 0.976 0.747 0.044 0.042
0 0.8 0.732 0.044 0.048
0 0.894 0.631 0.04 0.058
0 0.985 0.52 0.026 0.06
0 0.988 0.451 0.02 0.066
0 0.953 0.429 0.042 0.046
0 0.96 0.454 0.024 0.024
0 0.851 0.586 0.038 0.064
0 0.84 0.635 0.048 0.03
0 0.893 0.407 0.042 0.046
0 0.862 0.457 0.04 0.054
0 0.912 0.344 0.044 0.044
0 0.822 0.498 0.044 0.056
0 0.933 0.414 0.046 0.06
0 0.799 0.353 0.05 0.07
0 0.829 0.353 0.026 0.054
0 0.968 0.232 0.032 0.052
0 0.986 0.159 0.024 0.05
0 0.942 0.016 0.04 0.028
0 0.958 0.053 0.04 0.054
0 0.906 0.215 0.04 0.066
0 0.835 0.252 0.042 0.064
0 0.591 0.543 0.046 0.058
0 0.678 0.646 0.04 0.048
0 0.332 0.623 0.036 0.042
0 0.659 0.581 0.038 0.054
0 0.65 0.709 0.044 0.054
0 0.588 0.705 0.052 0.046
0 0.496 0.74 0.048 0.056
0 0.387 0.731 0.046 0.046
0 0.383 0.673 0.034 0.042
0 0.397 0.691 0.038 0.03
0 0.421 0.659 0.046 0.058
0 0.578 0.678 0.044 0.04
0 0.459 0.568 0.038 0.052
0 0.563 0.59 0.042 0.044
0 0.314 0.626 0.028 0.06
0 0.245 0.631 0.042 0.042
0 0.223 0.675 0.05 0.05
0 0.154 0.691 0.04 0.066
0 0.233 0.731 0.042 0.046
0 0.07 0.659 0.044 0.046
0 0.05 0.666 0.032 0.048
0 0.668 0.81 0.04 0.036
0 0.743 0.705 0.038 0.038
0 0.735 0.725 0.026 0.022
0 0.646 0.991 0.048 0.014
0 0.732 0.458 0.052 0.044
0 0.743 0.513 0.066 0.038
0 0.73 0.221 0.048 0.07
0 0.715 0.534 0.046 0.032
0 0.758 0.487 0.04 0.034
0 0.635 0.527 0.03 0.058
0 0.663 0.454 0.054 0.044
0 0.624 0.447 0.044 0.05
0 0.684 0.298 0.04 0.056
0 0.775 0.106 0.038 0.052
0 0.711 0.102 0.042 0.048
0 0.839 0.021 0.042 0.038
0 0.8 0.109 0.032 0.046
0 0.682 0.12 0.044 0.052
0 0.652 0.025 0.04 0.046
0 0.609 0.066 0.034 0.044
0 0.636 0.164 0.036 0.06
0 0.553 0.511 0.046 0.058
0 0.513 0.5 0.042 0.052
0 0.551 0.405 0.042 0.038
0 0.519 0.417 0.038 0.042
0 0.64 0.29 0.036 0.064
0 0.644 0.198 0.04 0.04
0 0.589 0.02 0.042 0.036
0 0.561 0.334 0.042 0.056
0 0.534 0.332 0.04 0.052
0 0.554 0.236 0.044 0.04
0 0.574 0.135 0.032 0.042
0 0.551 0.09 0.038 0.044
0 0.533 0.037 0.034 0.046
0 0.53 0.164 0.048 0.056
0 0.458 0.321 0.052 0.042
0 0.462 0.151 0.044 0.054
0 0.497 0.127 0.038 0.038
0 0.476 0.082 0.036 0.048
0 0.45 0.103 0.04 0.058
0 0.433 0.075 0.046 0.038
0 0.416 0.02 0.028 0.028
0 0.423 0.175 0.046 0.054
0 0.41 0.221 0.04 0.026
0 0.398 0.158 0.036 0.044
0 0.366 0.17 0.036 0.056
0 0.306 0.034 0.04 0.036
0 0.253 0.102 0.054 0.04
0 0.192 0.015 0.036 0.026
0 0.458 0.458 0.044 0.068
0 0.403 0.341 0.05 0.05
0 0.365 0.383 0.046 0.046
0 0.323 0.28 0.038 0.048
0 0.297 0.433 0.046 0.05
0 0.236 0.421 0.028 0.034
0 0.266 0.35 0.036 0.048
0 0.286 0.236 0.04 0.048
0 0.256 0.15 0.04 0.048
0 0.366 0.524 0.04 0.056
0 0.359 0.564 0.034 0.036
0 0.285 0.639 0.038 0.046
0 0.155 0.535 0.042 0.046
0 0.227 0.188 0.026 0.036
0 0.208 0.156 0.044 0.044
0 0.196 0.09 0.032 0.032
0 0.187 0.203 0.042 0.058
0 0.15 0.217 0.048 0.046
0 0.3 0.518 0.044 0.052
0 0.319 0.504 0.03 0.044
0 0.27 0.543 0.032 0.03
0 0.22 0.48 0.04 0.056
0 0.113 0.16 0.042 0.048
0 0.093 0.049 0.034 0.05
0 0.069 0.058 0.05 0.052
0 0.066 0.016 0.036 0.028
0 0.022 0.075 0.028 0.042
0 0.043 0.125 0.046 0.054
0 0.126 0.258 0.056 0.052
0 0.055 0.089 0.046 0.026
0 0.072 0.227 0.036 0.05
0 0.091 0.206 0.038 0.048
0 0.037 0.222 0.03 0.032
0 0.116 0.307 0.044 0.054
0 0.109 0.404 0.034 0.048
0 0.066 0.326 0.044 0.048
0 0.131 0.342 0.03 0.032
0 0.018 0.294 0.032 0.048
0 0.007 0.275 0.01 0.03
0 0.155 0.408 0.034 0.052
0 0.117 0.424 0.022 0.032
0 0.142 0.484 0.036 0.052
0 0.503 0.62 0.034 0.04
0 0.069 0.535 0.05 0.054
0 0.029 0.537 0.042 0.058
0 0.037 0.453 0.042 0.046
0 0.017 0.463 0.03 0.062
0 0.541 0.955 0.042 0.062
0 0.487 0.96 0.042 0.048
0 0.436 0.981 0.052 0.03
0 0.413 0.92 0.05 0.044
0 0.192 0.597 0.028 0.03
0 0.225 0.777 0.046 0.046
0 0.077 0.723 0.046 0.058
0 0.579 0.815 0.034 0.05
0 0.471 0.88 0.038 0.044
0 0.323 0.782 0.054 0.048
0 0.384 0.982 0.056 0.032
0 0.089 0.821 0.046 0.054
0 0.076 0.805 0.044 0.054
0 0.066 0.569 0.032 0.034
0 0.085 0.897 0.038 0.058
0 0.016 0.785 0.028 0.058
0 0.033 0.897 0.034 0.042
0 0.131 0.899 0.038 0.026
0 0.111 0.917 0.022 0.03
0 0.135 0.959 0.042 0.05
0 0.074 0.974 0.048 0.048
0 0.369 0.835 0.054 0.046
0 0.396 0.852 0.028 0.048
0 0.699 0.729 0.038 0.026
0 0.625 0.776 0.042 0.052
0 0.521 0.822 0.05 0.052
0 0.509 0.904 0.046 0.036
0 0.471 0.908 0.046 0.06
0 0.469 0.8 0.042 0.052
0 0.371 0.918 0.046 0.052
0 0.33 0.982 0.048 0.032
0 0.293 0.978 0.038 0.04
0 0.264 0.935 0.04 0.05
0 0.016 0.943 0.028 0.038
0 0.27 0.881 0.052 0.058
0 0.219 0.973 0.05 0.038
0 0.419 0.714 0.038 0.028
0 0.619 0.367 0.042 0.07
0 0.122 0.701 0.04 0.074
1 0.969 0.564 0.022 0.028
1 0.97 0.547 0.024 0.018
1 0.837 0.663 0.034 0.014
1 0.809 0.475 0.038 0.03
1 0.973 0.204 0.03 0.032
1 0.991 0.114 0.014 0.048
1 0.795 0.497 0.026 0.042
1 0.807 0.531 0.022 0.038
1 0.984 0.195 0.028 0.03
1 0.731 0.01 0.038 0.016
1 0.65 0.137 0.028 0.022
1 0.663 0.376 0.022 0.028
1 0.55 0.371 0.028 0.03
1 0.539 0.072 0.03 0.028
1 0.515 0.011 0.038 0.018
1 0.441 0.201 0.03 0.022
1 0.389 0.172 0.022 0.032
1 0.344 0.081 0.024 0.03
1 0.333 0.009 0.038 0.014
1 0.266 0.025 0.032 0.03
1 0.217 0.009 0.038 0.014
1 0.288 0.406 0.024 0.02
1 0.163 0.246 0.026 0.016
1 0.117 0.01 0.042 0.016
1 0.056 0.022 0.036 0.028
1 0.013 0.012 0.022 0.02
1 0.008 0.035 0.012 0.038
1 0.025 0.203 0.026 0.018
1 0.01 0.186 0.016 0.052
1 0.063 0.301 0.046 0.026
1 0.176 0.408 0.024 0.028
1 0.18 0.44 0.024 0.04
1 0.103 0.447 0.03 0.026
1 0.178 0.573 0.024 0.022
1 0.192 0.562 0.028 0.02
1 0.211 0.992 0.042 0.012
1 0.159 0.86 0.03 0.028
1 0.147 0.852 0.03 0.032
1 0.132 0.92 0.024 0.024
1 0.204 0.944 0.028 0.024
1 0.207 0.958 0.03 0.02
1 0.565 0.995 0.03 0.006
1 0.99 0.99 0.016 0.016
1 0.777 0.636 0.022 0.036
1 0.793 0.603 0.022 0.03
1 0.711 0.06 0.022 0.032
1 0.456 0.355 0.036 0.026
1 0.433 0.371 0.026 0.03
1 0.355 0.129 0.03 0.026
1 0.186 0.267 0.028 0.018
1 0.141 0.803 0.03 0.034
1 0.332 0.822 0.028 0.024
1 0.596 0.636 0.036 0.028
1 0.654 0.945 0.028 0.026
2 0.765 0.837 0.018 0.026
2 0.986 0.852 0.024 0.048
2 0.985 0.695 0.026 0.046
2 0.899 0.48 0.034 0.024
2 0.855 0.654 0.026 0.024
2 0.791 0.673 0.054 0.07
2 0.948 0.291 0.028 0.034
2 0.905 0.307 0.042 0.034
2 0.801 0.396 0.05 0.044
2 0.818 0.196 0.048 0.06
2 0.852 0.128 0.036 0.032
2 0.079 0.681 0.022 0.018
2 0.752 0.657 0.032 0.038
2 0.937 0.603 0.05 0.042
2 0.9 0.447 0.036 0.042
2 0.828 0.304 0.044 0.044
2 0.881 0.267 0.042 0.046
2 0.88 0.197 0.032 0.03
2 0.775 0.033 0.05 0.038
2 0.782 0.013 0.06 0.022
2 0.767 0.429 0.038 0.042
2 0.7 0.229 0.028 0.054
2 0.658 0.392 0.036 0.072
2 0.615 0.312 0.058 0.052
2 0.668 0.328 0.032 0.032
2 0.677 0.168 0.038 0.056
2 0.807 0.066 0.034 0.036
2 0.917 0.072 0.042 0.064
2 0.87 0.021 0.028 0.026
2 0.867 0.05 0.034 0.044
2 0.753 0.191 0.03 0.034
2 0.752 0.162 0.028 0.032
2 0.714 0.132 0.02 0.024
2 0.927 0.255 0.022 0.03
2 0.951 0.233 0.018 0.018
2 0.747 0.338 0.022 0.016
2 0.615 0.246 0.054 0.084
2 0.651 0.426 0.022 0.024
2 0.949 0.497 0.026 0.03
2 0.742 0.427 0.02 0.022
2 0.589 0.447 0.03 0.034
2 0.662 0.493 0.044 0.046
2 0.581 0.479 0.046 0.034
2 0.511 0.459 0.038 0.03
2 0.545 0.26 0.046 0.04
2 0.569 0.22 0.034 0.048
2 0.487 0.235 0.058 0.066
2 0.406 0.263 0.052 0.038
2 0.491 0.048 0.05 0.044
2 0.514 0.101 0.032 0.042
2 0.399 0.041 0.026 0.034
2 0.354 0.022 0.032 0.04
2 0.288 0.115 0.044 0.042
2 0.284 0.086 0.02 0.024
2 0.191 0.052 0.046 0.036
2 0.228 0.045 0.032 0.018
2 0.279 0.198 0.05 0.04
2 0.356 0.242 0.048 0.052
2 0.475 0.527 0.046 0.054
2 0.44 0.539 0.04 0.066
2 0.41 0.544 0.024 0.048
2 0.306 0.555 0.028 0.026
2 0.217 0.381 0.03 0.038
2 0.275 0.266 0.062 0.06
2 0.219 0.263 0.038 0.026
2 0.184 0.238 0.028 0.02
2 0.15 0.179 0.024 0.034
2 0.1 0.115 0.036 0.05
2 0.128 0.048 0.04 0.048
2 0.03 0.39 0.036 0.044
2 0.511 0.649 0.022 0.018
2 0.398 0.955 0.016 0.026
2 0.118 0.841 0.036 0.034
2 0.187 0.705 0.034 0.034
2 0.143 0.606 0.05 0.068
2 0.047 0.736 0.038 0.06
2 0.085 0.753 0.05 0.03
2 0.178 0.799 0.032 0.042
2 0.606 0.784 0.036 0.056
2 0.527 0.862 0.026 0.032
2 0.551 0.867 0.03 0.034
2 0.308 0.826 0.02 0.032
2 0.644 0.967 0.04 0.034
2 0.187 0.961 0.026 0.038
2 0.16 0.972 0.028 0.028
2 0.241 0.994 0.038 0.008
2 0.58 0.729 0.036 0.034
2 0.548 0.631 0.04 0.026
2 0.705 0.751 0.038 0.034
2 0.616 0.971 0.024 0.03
2 0.864 0.934 0.02 0.032
2 0.815 0.92 0.018 0.024
2 0.325 0.94 0.034 0.048
2 0.633 0.831 0.022 0.018
2 0.808 0.809 0.024 0.034
2 0.504 0.846 0.016 0.02
2 0.744 0.544 0.016 0.02