0 0.104 0.976 0.036 0.036
0 0.146 0.965 0.036 0.042
0 0.167 0.949 0.026 0.026
0 0.101 0.888 0.038 0.036
0 0.01 0.915 0.02 0.03
0 0.025 0.886 0.042 0.048
0 0.016 0.815 0.032 0.03
0 0.036 0.831 0.04 0.034
0 0.074 0.832 0.048 0.044
0 0.006 0.728 0.012 0.044
0 0.053 0.663 0.034 0.05
0 0.109 0.695 0.042 0.042
0 0.179 0.77 0.042 0.056
0 0.188 0.715 0.052 0.046
0 0.194 0.847 0.036 0.042
0 0.238 0.934 0.036 0.048
0 0.322 0.921 0.052 0.07
0 0.319 0.865 0.034 0.042
0 0.446 0.959 0.048 0.066
0 0.483 0.943 0.038 0.046
0 0.383 0.867 0.05 0.05
0 0.408 0.859 0.028 0.022
0 0.459 0.847 0.042 0.038
0 0.566 0.875 0.028 0.03
0 0.459 0.79 0.038 0.048
0 0.24 0.738 0.028 0.028
0 0.189 0.666 0.058 0.032
0 0.141 0.628 0.042 0.044
0 0.122 0.588 0.04 0.028
0 0.065 0.541 0.022 0.03
0 0.051 0.52 0.03 0.024
0 0.034 0.512 0.02 0.024
0 0.043 0.465 0.034 0.034
0 0.015 0.302 0.03 0.028
0 0.011 0.274 0.022 0.028
0 0.077 0.123 0.042 0.034
0 0.116 0.172 0.044 0.032
0 0.162 0.173 0.04 0.038
0 0.219 0.112 0.054 0.036
0 0.205 0.006 0.03 0.008
0 0.296 0.007 0.032 0.01
0 0.346 0.052 0.024 0.028
0 0.392 0.055 0.02 0.022
0 0.274 0.108 0.044 0.028
0 0.318 0.099 0.052 0.034
0 0.289 0.164 0.054 0.044
0 0.18 0.226 0.048 0.044
0 0.15 0.244 0.052 0.04
0 0.158 0.342 0.036 0.032
0 0.196 0.315 0.04 0.03
0 0.216 0.302 0.036 0.032
0 0.251 0.282 0.042 0.028
0 0.346 0.169 0.032 0.026
0 0.357 0.202 0.03 0.024
0 0.379 0.206 0.03 0.028
0 0.401 0.211 0.026 0.026
0 0.375 0.255 0.034 0.022
0 0.32 0.257 0.048 0.026
0 0.325 0.294 0.042 0.052
0 0.322 0.355 0.048 0.05
0 0.316 0.387 0.024 0.03
0 0.273 0.384 0.022 0.028
0 0.241 0.362 0.038 0.032
0 0.267 0.411 0.042 0.022
0 0.262 0.446 0.036 0.044
0 0.199 0.484 0.042 0.048
0 0.147 0.4 0.022 0.02
0 0.143 0.427 0.05 0.038
0 0.17 0.425 0.04 0.03
0 0.104 0.426 0.032 0.028
0 0.11 0.455 0.024 0.018
0 0.226 0.578 0.048 0.036
0 0.259 0.617 0.038 0.026
0 0.325 0.658 0.038 0.028
0 0.366 0.703 0.032 0.042
0 0.421 0.728 0.022 0.016
0 0.42 0.701 0.016 0.018
0 0.411 0.772 0.026 0.052
0 0.461 0.69 0.042 0.04
0 0.393 0.551 0.038 0.034
0 0.428 0.555 0.02 0.018
0 0.425 0.604 0.042 0.024
0 0.41 0.485 0.052 0.046
0 0.461 0.482 0.038 0.04
0 0.527 0.541 0.03 0.042
0 0.556 0.539 0.036 0.058
0 0.419 0.368 0.038 0.04
0 0.448 0.307 0.044 0.05
0 0.522 0.015 0.096 0.026
0 0.485 0.056 0.046 0.024
0 0.451 0.058 0.038 0.032
0 0.445 0.086 0.03 0.024
0 0.392 0.083 0.028 0.026
0 0.514 0.134 0.04 0.032
0 0.567 0.116 0.038 0.036
0 0.602 0.159 0.024 0.022
0 0.579 0.19 0.058 0.036
0 0.534 0.206 0.028 0.02
0 0.464 0.218 0.028 0.024
0 0.481 0.237 0.034 0.038
0 0.511 0.259 0.05 0.03
0 0.553 0.247 0.03 0.026
0 0.526 0.321 0.036 0.046
0 0.531 0.376 0.03 0.028
0 0.555 0.791 0.046 0.05
0 0.572 0.709 0.044 0.066
0 0.504 0.622 0.044 0.032
0 0.542 0.61 0.04 0.032
0 0.569 0.595 0.042 0.03
0 0.669 0.566 0.042 0.032
0 0.652 0.592 0.056 0.028
0 0.686 0.993 0.032 0.01
0 0.805 0.983 0.046 0.03
0 0.683 0.95 0.042 0.036
0 0.644 0.899 0.044 0.042
0 0.682 0.872 0.048 0.044
0 0.752 0.851 0.04 0.042
0 0.708 0.932 0.016 0.028
0 0.799 0.93 0.034 0.052
0 0.971 0.983 0.05 0.03
0 0.904 0.938 0.052 0.044
0 0.89 0.908 0.032 0.052
0 0.901 0.847 0.054 0.042
0 0.837 0.81 0.038 0.028
0 0.875 0.804 0.034 0.02
0 0.895 0.786 0.018 0.016
0 0.858 0.749 0.04 0.034
0 0.817 0.758 0.046 0.032
0 0.832 0.722 0.04 0.048
0 0.956 0.772 0.036 0.04
0 0.992 0.811 0.012 0.026
0 0.64 0.668 0.032 0.048
0 0.697 0.643 0.03 0.022
0 0.714 0.705 0.02 0.03
0 0.734 0.68 0.052 0.036
0 0.735 0.631 0.034 0.026
0 0.718 0.558 0.028 0.036
0 0.914 0.56 0.084 0.048
0 0.988 0.43 0.02 0.024
0 0.948 0.417 0.044 0.038
0 0.993 0.29 0.01 0.028
0 0.855 0.381 0.034 0.042
0 0.836 0.332 0.036 0.036
0 0.662 0.317 0.056 0.05
0 0.713 0.223 0.042 0.026
0 0.672 0.175 0.052 0.026
0 0.687 0.151 0.046 0.03
0 0.668 0.09 0.044 0.028
0 0.697 0.068 0.046 0.028
0 0.659 0.045 0.042 0.018
0 0.651 0.014 0.046 0.024
0 0.733 0.004 0.018 0.004
0 0.735 0.038 0.026 0.024
0 0.77 0.046 0.02 0.024
0 0.992 0.007 0.012 0.01
0 0.953 0.014 0.046 0.024
0 0.989 0.044 0.018 0.028
0 0.876 0.025 0.064 0.038
0 0.847 0.055 0.042 0.03
0 0.955 0.118 0.03 0.052
0 0.924 0.12 0.032 0.048
0 0.886 0.143 0.032 0.042
0 0.846 0.116 0.044 0.044
0 0.924 0.203 0.04 0.034
0 0.911 0.228 0.046 0.032
0 0.807 0.155 0.05 0.034
0 0.784 0.2 0.044 0.024
0 0.805 0.229 0.046 0.034
1 0.068 0.72 0.02 0.016
1 0.008 0.564 0.016 0.016
1 0.216 0.92 0.016 0.02
1 0.339 0.993 0.022 0.01
1 0.365 0.936 0.022 0.028
1 0.294 0.862 0.012 0.02
1 0.559 0.902 0.014 0.012
1 0.033 0.221 0.026 0.014
1 0.037 0.17 0.022 0.028
1 0.049 0.184 0.022 0.032
1 0.009 0.085 0.018 0.01
1 0.094 0.073 0.028 0.014
1 0.226 0.025 0.016 0.018
1 0.17 0.364 0.012 0.016
1 0.276 0.265 0.024 0.018
1 0.234 0.222 0.016 0.016
1 0.327 0.313 0.018 0.018
1 0.264 0.562 0.016 0.028
1 0.317 0.48 0.038 0.04
1 0.487 0.519 0.018 0.026
1 0.524 0.446 0.024 0.024
1 0.517 0.091 0.022 0.022
1 0.424 0.113 0.016 0.022
1 0.588 0.222 0.028 0.016
1 0.525 0.404 0.026 0.016
1 0.574 0.415 0.024 0.026
1 0.731 0.997 0.022 0.002
1 0.631 0.936 0.022 0.032
1 0.738 0.921 0.024 0.026
1 0.836 0.931 0.012 0.062
1 0.993 0.902 0.01 0.036
1 0.898 0.857 0.032 0.022
1 0.94 0.799 0.024 0.014
1 0.961 0.831 0.026 0.018
1 0.756 0.773 0.028 0.018
1 0.728 0.777 0.036 0.03
1 0.694 0.791 0.028 0.014
1 0.681 0.779 0.018 0.014
1 0.622 0.632 0.04 0.016
1 0.647 0.621 0.03 0.018
1 0.69 0.504 0.028 0.032
1 0.729 0.481 0.03 0.022
1 0.796 0.486 0.032 0.016
1 0.812 0.62 0.02 0.02
1 0.922 0.674 0.024 0.02
1 0.87 0.667 0.024 0.01
1 0.959 0.679 0.01 0.018
1 0.933 0.501 0.022 0.034
1 0.89 0.458 0.02 0.02
1 0.916 0.466 0.016 0.016
1 0.95 0.469 0.028 0.018
1 0.977 0.488 0.026 0.02
1 0.928 0.38 0.036 0.024
1 0.955 0.318 0.026 0.036
1 0.789 0.399 0.038 0.026
1 0.756 0.426 0.024 0.036
1 0.622 0.347 0.036 0.034
1 0.612 0.254 0.016 0.016
1 0.631 0.251 0.018 0.018
1 0.651 0.234 0.022 0.02
1 0.672 0.238 0.02 0.024
1 0.638 0.107 0.028 0.026
1 0.781 0.03 0.01 0.008
1 0.758 0.066 0.02 0.016
1 0.759 0.097 0.018 0.026
1 0.983 0.17 0.026 0.02
1 0.991 0.225 0.014 0.022
1 0.949 0.246 0.018 0.02
1 0.863 0.295 0.018 0.014
2 0.281 0.943 0.03 0.018
2 0.106 0.631 0.016 0.014
2 0.044 0.417 0.02 0.018
2 0.029 0.272 0.014 0.02
2 0.1 0.142 0.016 0.024
2 0.069 0.07 0.034 0.028
2 0.081 0.014 0.038 0.024
2 0.112 0.013 0.032 0.022
2 0.401 0.732 0.01 0.024
2 0.402 0.61 0.036 0.032
2 0.338 0.515 0.016 0.026
2 0.286 0.495 0.012 0.022
2 0.209 0.437 0.018 0.022
2 0.665 0.756 0.022 0.024
2 0.789 0.5 0.042 0.036
2 0.793 0.64 0.03 0.024
2 0.952 0.72 0.032 0.04
2 0.933 0.619 0.042 0.046
2 0.661 0.386 0.038 0.04
2 0.599 0.38 0.014 0.02
2 0.702 0.308 0.02 0.028
2 0.872 0.321 0.024 0.022
2 0.925 0.27 0.018 0.036
2 0.882 0.26 0.02 0.02
2 0.883 0.285 0.022 0.014
2 0.867 0.206 0.026 0.02
2 0.85 0.209 0.012 0.014
2 0.836 0.223 0.008 0.014
2 0.863 0.144 0.014 0.028
2 0.898 0.058 0.012 0.028
2 0.973 0.049 0.014 0.014
2 0.764 0.228 0.02 0.012
2 0.782 0.244 0.016 0.02
2 0.804 0.363 0.012 0.014
2 0.831 0.365 0.01 0.014
2 0.042 0.985 0.016 0.026
2 0.076 0.866 0.012 0.024
2 0.232 0.886 0.028 0.028
2 0.073 0.797 0.03 0.022
2 0.159 0.733 0.026 0.022
2 0.155 0.674 0.01 0.012