0 0.051 0.075 0.042 0.046
0 0.114 0.022 0.032 0.044
0 0.078 0.014 0.04 0.028
0 0.043 0.026 0.038 0.036
0 0.06 0.057 0.04 0.034
0 0.017 0.092 0.03 0.06
0 0.123 0.084 0.038 0.036
0 0.122 0.132 0.036 0.036
0 0.062 0.153 0.032 0.03
0 0.198 0.045 0.032 0.042
0 0.237 0.077 0.042 0.034
0 0.173 0.103 0.034 0.042
0 0.225 0.15 0.034 0.036
0 0.242 0.179 0.032 0.03
0 0.18 0.158 0.028 0.028
0 0.191 0.213 0.034 0.038
0 0.151 0.191 0.038 0.034
0 0.356 0.09 0.036 0.048
0 0.308 0.088 0.032 0.036
0 0.291 0.061 0.034 0.038
0 0.086 0.228 0.036 0.04
0 0.016 0.279 0.028 0.034
0 0.276 0.216 0.036 0.04
0 0.227 0.239 0.042 0.03
0 0.23 0.27 0.044 0.028
0 0.416 0.023 0.024 0.034
0 0.377 0.031 0.026 0.034
0 0.397 0.065 0.034 0.038
0 0.452 0.075 0.04 0.034
0 0.47 0.12 0.04 0.036
0 0.466 0.171 0.04 0.042
0 0.454 0.231 0.036 0.042
0 0.414 0.194 0.04 0.036
0 0.221 0.301 0.03 0.026
0 0.172 0.302 0.036 0.032
0 0.197 0.331 0.026 0.034
0 0.366 0.147 0.032 0.03
0 0.356 0.183 0.04 0.058
0 0.364 0.255 0.028 0.042
0 0.343 0.24 0.03 0.036
0 0.424 0.326 0.036 0.036
0 0.393 0.336 0.03 0.036
0 0.408 0.287 0.032 0.034
0 0.294 0.343 0.044 0.034
0 0.269 0.368 0.034 0.036
0 0.688 0.022 0.032 0.044
0 0.72 0.016 0.032 0.032
0 0.653 0.054 0.054 0.064
0 0.607 0.061 0.03 0.038
0 0.504 0.02 0.036 0.04
0 0.867 0.064 0.034 0.044
0 0.828 0.069 0.04 0.046
0 0.817 0.097 0.054 0.054
0 0.825 0.135 0.042 0.034
0 0.882 0.137 0.032 0.046
0 0.802 0.171 0.036 0.042
0 0.778 0.2 0.048 0.048
0 0.779 0.175 0.034 0.038
0 0.636 0.237 0.04 0.078
0 0.708 0.184 0.036 0.04
0 0.641 0.168 0.042 0.04
0 0.574 0.167 0.036 0.034
0 0.714 0.246 0.032 0.04
0 0.675 0.251 0.034 0.042
0 0.837 0.253 0.034 0.042
0 0.842 0.299 0.076 0.05
0 0.961 0.216 0.054 0.032
0 0.975 0.246 0.046 0.032
0 0.946 0.137 0.04 0.042
0 0.964 0.14 0.032 0.052
0 0.782 0.308 0.044 0.044
0 0.738 0.319 0.04 0.042
0 0.857 0.329 0.046 0.038
0 0.873 0.399 0.05 0.042
0 0.886 0.365 0.044 0.034
0 0.855 0.449 0.046 0.062
0 0.762 0.426 0.032 0.04
0 0.698 0.329 0.032 0.03
0 0.686 0.366 0.048 0.032
0 0.747 0.53 0.066 0.048
0 0.608 0.379 0.036 0.046
0 0.582 0.44 0.06 0.056
0 0.721 0.479 0.054 0.054
0 0.671 0.435 0.062 0.074
0 0.55 0.388 0.04 0.052
0 0.451 0.367 0.038 0.042
0 0.886 0.595 0.06 0.062
0 0.974 0.513 0.048 0.078
0 0.927 0.646 0.046 0.048
0 0.583 0.508 0.038 0.036
0 0.485 0.509 0.034 0.034
0 0.547 0.584 0.05 0.048
0 0.497 0.59 0.042 0.044
0 0.462 0.589 0.036 0.046
0 0.273 0.404 0.034 0.048
0 0.223 0.423 0.054 0.058
0 0.396 0.449 0.036 0.03
0 0.427 0.617 0.038 0.054
0 0.565 0.693 0.066 0.062
0 0.421 0.673 0.034 0.054
0 0.397 0.663 0.026 0.034
0 0.359 0.579 0.038 0.062
0 0.342 0.461 0.036 0.046
0 0.22 0.367 0.048 0.03
0 0.357 0.656 0.034 0.036
0 0.311 0.657 0.034 0.046
0 0.308 0.7 0.036 0.04
0 0.418 0.539 0.04 0.034
0 0.97 0.865 0.056 0.05
0 0.781 0.727 0.058 0.066
0 0.695 0.773 0.058 0.054
0 0.654 0.723 0.06 0.05
0 0.627 0.809 0.05 0.046
0 0.789 0.924 0.066 0.052
0 0.565 0.801 0.05 0.062
0 0.918 0.96 0.04 0.04
0 0.893 0.99 0.046 0.016
0 0.706 0.903 0.044 0.042
0 0.327 0.942 0.054 0.052
0 0.271 0.747 0.038 0.038
0 0.232 0.766 0.044 0.036
0 0.213 0.842 0.042 0.04
0 0.138 0.846 0.032 0.04
0 0.172 0.726 0.036 0.052
0 0.131 0.744 0.03 0.056
0 0.103 0.881 0.026 0.042
0 0.057 0.779 0.046 0.062
0 0.073 0.94 0.042 0.052
0 0.143 0.603 0.046 0.066
0 0.141 0.645 0.038 0.026
0 0.117 0.686 0.034 0.052
0 0.052 0.705 0.036 0.042
0 0.074 0.63 0.036 0.036
0 0.257 0.538 0.034 0.036
0 0.207 0.461 0.038 0.038
0 0.174 0.477 0.032 0.034
0 0.13 0.464 0.04 0.04
0 0.379 0.611 0.026 0.034
0 0.536 0.611 0.04 0.034
0 0.178 0.517 0.032 0.038
0 0.119 0.537 0.038 0.03
0 0.111 0.371 0.042 0.042
0 0.1 0.605 0.036 0.042
0 0.272 0.045 0.024 0.046
0 0.187 0.059 0.03 0.03
0 0.183 0.121 0.042 0.038
1 0.102 0.057 0.02 0.014
1 0.049 0.116 0.022 0.024
1 0.207 0.26 0.018 0.024
1 0.181 0.355 0.014 0.01
1 0.393 0.167 0.014 0.026
1 0.427 0.278 0.018 0.016
1 0.38 0.285 0.028 0.018
1 0.259 0.335 0.018 0.022
1 0.572 0.057 0.016 0.026
1 0.538 0.025 0.032 0.042
1 0.763 0.018 0.026 0.028
1 0.615 0.149 0.018 0.022
1 0.584 0.246 0.02 0.032
1 0.525 0.272 0.03 0.02
1 0.791 0.338 0.014 0.02
1 0.798 0.355 0.02 0.026
1 0.751 0.382 0.026 0.028
1 0.735 0.366 0.03 0.036
1 0.731 0.547 0.022 0.034
1 0.629 0.285 0.034 0.03
1 0.637 0.34 0.026 0.02
1 0.619 0.345 0.022 0.022
1 0.811 0.417 0.022 0.03
1 0.801 0.472 0.038 0.036
1 0.584 0.302 0.032 0.036
1 0.546 0.33 0.024 0.04
1 0.574 0.474 0.032 0.02
1 0.525 0.304 0.034 0.024
1 0.496 0.383 0.028 0.03
1 0.665 0.504 0.03 0.028
1 0.98 0.563 0.024 0.022
1 0.952 0.643 0.028 0.026
1 0.946 0.687 0.02 0.018
1 0.676 0.546 0.032 0.028
1 0.608 0.531 0.024 0.026
1 0.512 0.521 0.04 0.026
1 0.456 0.503 0.02 0.03
1 0.444 0.53 0.028 0.028
1 0.495 0.558 0.014 0.016
1 0.439 0.65 0.026 0.016
1 0.597 0.628 0.042 0.024
1 0.496 0.667 0.024 0.026
1 0.956 0.812 0.044 0.032
1 0.939 0.788 0.038 0.036
1 0.863 0.767 0.022 0.022
1 0.834 0.813 0.028 0.026
1 0.835 0.86 0.014 0.028
1 0.337 0.624 0.018 0.028
1 0.252 0.66 0.016 0.02
1 0.194 0.664 0.024 0.02
1 0.796 0.86 0.012 0.016
1 0.714 0.833 0.016 0.014
1 0.968 0.985 0.028 0.026
1 0.807 0.962 0.014 0.028
1 0.496 0.728 0.02 0.024
1 0.356 0.732 0.02 0.02
1 0.326 0.792 0.036 0.028
1 0.524 0.911 0.028 0.022
1 0.487 0.982 0.042 0.032
1 0.422 0.953 0.02 0.026
1 0.237 0.979 0.026 0.038
1 0.209 0.981 0.018 0.026
1 0.263 0.877 0.03 0.022
1 0.161 0.923 0.034 0.026
1 0.097 0.747 0.018 0.038
1 0.124 0.88 0.016 0.024
1 0.086 0.831 0.024 0.022
1 0.061 0.835 0.034 0.034
1 0.282 0.443 0.024 0.018
1 0.284 0.457 0.02 0.014
1 0.217 0.451 0.03 0.03
1 0.071 0.501 0.026 0.038
1 0.054 0.471 0.024 0.034
1 0.032 0.472 0.032 0.052
1 0.08 0.567 0.024 0.026
1 0.097 0.572 0.018 0.032
1 0.7 0.207 0.04 0.03
1 0.288 0.201 0.016 0.014
1 0.298 0.215 0.008 0.014
1 0.069 0.758 0.026 0.024
1 0.693 0.454 0.018 0.028
1 0.513 0.324 0.034 0.028
1 0.493 0.434 0.01 0.016
2 0.12 0.274 0.036 0.028
2 0.076 0.308 0.036 0.036
2 0.317 0.284 0.03 0.032
2 0.786 0.053 0.032 0.042
2 0.751 0.059 0.03 0.034
2 0.891 0.205 0.03 0.022
2 0.907 0.17 0.03 0.044
2 0.777 0.237 0.026 0.026
2 0.37 0.949 0.024 0.022
2 0.347 0.834 0.014 0.016
2 0.317 0.835 0.014 0.022
2 0.51 0.73 0.044 0.052
2 0.328 0.482 0.024 0.032
2 0.656 0.537 0.036 0.03
2 0.455 0.617 0.022 0.022
2 0.153 0.525 0.022 0.022
2 0.15 0.498 0.02 0.024
2 0.19 0.496 0.02 0.024
2 0.067 0.592 0.022 0.028
2 0.072 0.407 0.016 0.018
2 0.043 0.414 0.046 0.056
2 0.229 0.701 0.014 0.018
2 0.125 0.657 0.022 0.018
2 0.326 0.184 0.02 0.02
2 0.66 0.133 0.028 0.03
2 0.559 0.201 0.018 0.03
2 0.546 0.183 0.008 0.014
2 0.924 0.451 0.028 0.026
2 0.916 0.574 0.04 0.052
2 0.68 0.466 0.008 0.012
2 0.604 0.419 0.028 0.034
2 0.62 0.408 0.008 0.024
2 0.488 0.288 0.016 0.016
2 0.12 0.508 0.016 0.02
2 0.813 0.204 0.022 0.02
2 0.816 0.279 0.02 0.026
2 0.85 0.228 0.012 0.02
2 0.837 0.219 0.014 0.018