0 0.723 0.21 0.05 0.084
0 0.017 0.767 0.03 0.066
0 0.07 0.78 0.036 0.064
0 0.051 0.921 0.046 0.078
0 0.129 0.873 0.022 0.062
0 0.216 0.886 0.036 0.088
0 0.277 0.881 0.038 0.082
0 0.238 0.981 0.032 0.034
0 0.375 0.946 0.038 0.072
0 0.467 0.915 0.034 0.074
0 0.485 0.991 0.03 0.014
0 0.155 0.614 0.038 0.076
0 0.127 0.671 0.05 0.058
0 0.192 0.75 0.048 0.076
0 0.219 0.831 0.034 0.05
0 0.364 0.825 0.032 0.082
0 0.426 0.846 0.036 0.06
0 0.449 0.767 0.034 0.058
0 0.486 0.842 0.04 0.06
0 0.589 0.925 0.046 0.066
0 0.738 0.946 0.044 0.068
0 0.513 0.765 0.042 0.058
0 0.614 0.752 0.032 0.06
0 0.675 0.762 0.038 0.06
0 0.785 0.901 0.03 0.054
0 0.937 0.855 0.038 0.054
0 0.923 0.929 0.038 0.054
0 0.963 0.923 0.03 0.054
0 0.989 0.977 0.018 0.042
0 0.784 0.716 0.032 0.072
0 0.813 0.774 0.034 0.048
0 0.902 0.742 0.028 0.052
0 0.845 0.719 0.034 0.034
0 0.039 0.035 0.038 0.046
0 0.061 0.119 0.034 0.082
0 0.105 0.143 0.034 0.07
0 0.177 0.092 0.042 0.06
0 0.148 0.079 0.028 0.05
0 0.157 0.231 0.042 0.062
0 0.193 0.162 0.062 0.072
0 0.011 0.257 0.022 0.042
0 0.074 0.266 0.024 0.036
0 0.075 0.406 0.038 0.068
0 0.12 0.377 0.036 0.066
0 0.011 0.409 0.022 0.078
0 0.063 0.49 0.038 0.052
0 0.044 0.549 0.032 0.042
0 0.112 0.567 0.036 0.062
0 0.238 0.597 0.036 0.078
0 0.269 0.518 0.03 0.064
0 0.247 0.702 0.026 0.048
0 0.333 0.738 0.038 0.084
0 0.336 0.608 0.032 0.056
0 0.439 0.648 0.034 0.052
0 0.511 0.606 0.042 0.084
0 0.545 0.589 0.038 0.098
0 0.556 0.739 0.032 0.066
0 0.674 0.86 0.028 0.068
0 0.638 0.988 0.024 0.02
0 0.665 0.566 0.034 0.052
0 0.699 0.544 0.034 0.06
0 0.711 0.643 0.034 0.05
0 0.369 0.482 0.03 0.052
0 0.45 0.416 0.044 0.06
0 0.809 0.018 0.034 0.036
0 0.977 0.059 0.034 0.082
0 0.894 0.039 0.04 0.042
0 0.851 0.121 0.034 0.062
0 0.891 0.128 0.046 0.068
0 0.931 0.087 0.046 0.05
0 0.915 0.151 0.05 0.07
0 0.983 0.155 0.03 0.086
0 0.83 0.322 0.044 0.052
0 0.886 0.282 0.036 0.076
0 0.929 0.248 0.038 0.04
0 0.805 0.432 0.038 0.06
0 0.798 0.548 0.048 0.092
0 0.874 0.513 0.04 0.09
0 0.955 0.308 0.046 0.06
0 0.925 0.39 0.038 0.076
0 0.988 0.258 0.02 0.04
0 0.559 0.407 0.058 0.086
0 0.568 0.459 0.048 0.042
0 0.616 0.51 0.024 0.052
0 0.24 0.227 0.04 0.054
0 0.204 0.339 0.048 0.074
0 0.281 0.351 0.042 0.07
0 0.282 0.302 0.036 0.048
0 0.342 0.293 0.036 0.062
0 0.584 0.334 0.032 0.056
0 0.656 0.348 0.032 0.048
0 0.685 0.273 0.046 0.078
0 0.84 0.209 0.044 0.054
0 0.725 0.322 0.03 0.044
0 0.675 0.171 0.046 0.082
0 0.561 0.038 0.046 0.048
0 0.571 0.072 0.022 0.044
0 0.517 0.163 0.038 0.07
0 0.435 0.188 0.05 0.064
0 0.45 0.277 0.028 0.05
0 0.496 0.253 0.036 0.03
0 0.966 0.957 0.032 0.034
1 0.329 0.988 0.022 0.02
1 0.451 0.954 0.018 0.02
1 0.565 0.993 0.022 0.01
1 0.179 0.706 0.018 0.032
1 0.261 0.798 0.018 0.024
1 0.34 0.813 0.024 0.018
1 0.388 0.819 0.02 0.026
1 0.522 0.883 0.028 0.038
1 0.65 0.877 0.024 0.026
1 0.658 0.931 0.02 0.018
1 0.669 0.924 0.014 0.012
1 0.5 0.715 0.02 0.018
1 0.604 0.831 0.036 0.03
1 0.616 0.89 0.012 0.028
1 0.744 0.848 0.02 0.024
1 0.846 0.879 0.016 0.022
1 0.952 0.707 0.036 0.022
1 0.988 0.761 0.02 0.034
1 0.845 0.692 0.026 0.024
1 0.888 0.641 0.028 0.03
1 0.864 0.67 0.024 0.032
1 0.737 0.751 0.022 0.034
1 0.05 0.074 0.028 0.016
1 0.181 0.033 0.022 0.022
1 0.146 0.053 0.02 0.022
1 0.427 0.633 0.026 0.022
1 0.434 0.695 0.024 0.026
1 0.329 0.643 0.026 0.026
1 0.312 0.634 0.02 0.044
1 0.545 0.506 0.022 0.02
1 0.576 0.548 0.028 0.032
1 0.619 0.694 0.026 0.024
1 0.602 0.651 0.02 0.022
1 0.621 0.665 0.01 0.014
1 0.576 0.737 0.016 0.03
1 0.755 0.614 0.014 0.036
1 0.159 0.436 0.022 0.032
1 0.183 0.433 0.018 0.026
1 0.027 0.51 0.022 0.036
1 0.035 0.64 0.022 0.024
1 0.154 0.557 0.028 0.038
1 0.118 0.495 0.028 0.034
1 0.078 0.526 0.012 0.028
1 0.361 0.447 0.022 0.026
1 0.333 0.458 0.022 0.028
1 0.342 0.434 0.02 0.024
1 0.337 0.42 0.014 0.02
1 0.427 0.491 0.022 0.03
1 0.786 0.02 0.016 0.024
1 0.951 0.031 0.018 0.026
1 0.877 0.344 0.018 0.02
1 0.893 0.335 0.022 0.018
1 0.896 0.327 0.024 0.018
1 0.926 0.274 0.02 0.016
1 0.772 0.552 0.016 0.016
1 0.961 0.222 0.014 0.02
1 0.971 0.228 0.014 0.016
1 0.912 0.545 0.044 0.042
1 0.984 0.492 0.028 0.048
1 0.93 0.495 0.044 0.042
1 0.603 0.464 0.018 0.024
1 0.675 0.505 0.026 0.022
1 0.294 0.202 0.016 0.024
1 0.289 0.227 0.022 0.026
1 0.296 0.254 0.012 0.024
1 0.286 0.249 0.016 0.014
1 0.35 0.503 0.016 0.034
1 0.811 0.198 0.014 0.02
1 0.767 0.134 0.05 0.016
1 0.794 0.194 0.012 0.02
1 0.781 0.196 0.014 0.02
1 0.793 0.116 0.03 0.036
1 0.68 0.101 0.044 0.03
1 0.644 0.07 0.028 0.024
1 0.617 0.06 0.03 0.036
1 0.229 0.081 0.01 0.034
1 0.298 0.072 0.024 0.04
1 0.28 0.063 0.024 0.038
1 0.447 0.071 0.026 0.022
1 0.483 0.135 0.026 0.026
1 0.622 0.228 0.02 0.02
1 0.328 0.255 0.02 0.034
1 0.339 0.244 0.026 0.028
1 0.339 0.01 0.014 0.02
1 0.472 0.113 0.016 0.022
1 0.48 0.107 0.016 0.026
1 0.363 0.164 0.018 0.036
1 0.51 0.09 0.012 0.028
1 0.535 0.1 0.026 0.032
1 0.346 0.019 0.012 0.038
1 0.32 0.066 0.024 0.036
1 0.282 0.104 0.032 0.028
1 0.741 0.011 0.022 0.022
2 0.079 0.852 0.022 0.024
2 0.081 0.88 0.01 0.024
2 0.07 0.879 0.008 0.026
2 0.318 0.942 0.02 0.036
2 0.423 0.987 0.014 0.022
2 0.404 0.883 0.02 0.026
2 0.403 0.905 0.014 0.022
2 0.862 0.83 0.02 0.036
2 0.007 0.107 0.014 0.018
2 0.006 0.114 0.012 0.012
2 0.043 0.368 0.026 0.028
2 0.699 0.832 0.018 0.028
2 0.025 0.602 0.026 0.04
2 0.03 0.576 0.02 0.012
2 0.059 0.615 0.01 0.018
2 0.064 0.675 0.008 0.01
2 0.655 0.464 0.018 0.028
2 0.668 0.523 0.028 0.022
2 0.487 0.481 0.018 0.026
2 0.46 0.495 0.032 0.046
2 0.383 0.082 0.022 0.036
2 0.396 0.049 0.028 0.038
2 0.555 0.141 0.026 0.03
2 0.565 0.124 0.014 0.024
2 0.529 0.091 0.026 0.034
2 0.513 0.114 0.014 0.02
2 0.526 0.072 0.024 0.012
2 0.605 0.16 0.022 0.044
2 0.389 0.328 0.014 0.012
2 0.217 0.449 0.018 0.026
2 0.278 0.451 0.012 0.014
2 0.392 0.651 0.012 0.05
2 0.503 0.299 0.014 0.014
2 0.035 0.181 0.022 0.026
2 0.224 0.28 0.016 0.016
2 0.235 0.266 0.01 0.02
2 0.214 0.238 0.012 0.06
2 0.142 0.401 0.012 0.018
2 0.129 0.432 0.014 0.032
2 0.346 0.541 0.012 0.022
2 0.356 0.53 0.012 0.012
2 0.348 0.525 0.008 0.01