0 0.13 0.636 0.048 0.092
0 0.013 0.922 0.026 0.064
0 0.092 0.989 0.032 0.018
0 0.174 0.987 0.056 0.022
0 0.104 0.942 0.044 0.04
0 0.315 0.969 0.034 0.046
0 0.352 0.97 0.044 0.056
0 0.355 0.92 0.058 0.044
0 0.28 0.911 0.036 0.042
0 0.338 0.872 0.064 0.088
0 0.465 0.899 0.05 0.038
0 0.523 0.973 0.042 0.05
0 0.517 0.927 0.042 0.062
0 0.489 0.924 0.018 0.032
0 0.687 0.988 0.058 0.02
0 0.659 0.978 0.034 0.04
0 0.643 0.931 0.046 0.074
0 0.679 0.931 0.042 0.042
0 0.709 0.898 0.046 0.072
0 0.74 0.883 0.036 0.074
0 0.75 0.948 0.048 0.052
0 0.787 0.965 0.054 0.066
0 0.776 0.92 0.044 0.044
0 0.824 0.908 0.044 0.076
0 0.873 0.923 0.05 0.094
0 0.943 0.984 0.05 0.028
0 0.982 0.908 0.032 0.064
0 0.96 0.87 0.04 0.084
0 0.982 0.786 0.032 0.06
0 0.026 0.838 0.04 0.04
0 0.034 0.797 0.056 0.07
0 0.092 0.897 0.064 0.09
0 0.112 0.837 0.04 0.038
0 0.117 0.799 0.042 0.046
0 0.105 0.821 0.054 0.058
0 0.183 0.84 0.054 0.084
0 0.241 0.88 0.034 0.044
0 0.228 0.825 0.036 0.038
0 0.24 0.757 0.06 0.102
0 0.209 0.77 0.034 0.072
0 0.024 0.691 0.048 0.078
0 0.121 0.76 0.038 0.04
0 0.119 0.716 0.054 0.064
0 0.278 0.817 0.036 0.046
0 0.008 0.589 0.016 0.07
0 0.036 0.579 0.06 0.078
0 0.221 0.67 0.046 0.052
0 0.198 0.723 0.052 0.074
0 0.363 0.725 0.054 0.062
0 0.349 0.774 0.05 0.036
0 0.336 0.801 0.04 0.034
0 0.369 0.818 0.046 0.052
0 0.42 0.774 0.052 0.076
0 0.966 0.708 0.056 0.052
0 0.81 0.773 0.056 0.074
0 0.697 0.773 0.062 0.058
0 0.618 0.799 0.04 0.07
0 0.018 0.467 0.036 0.058
0 0.018 0.44 0.032 0.044
0 0.065 0.467 0.05 0.07
0 0.14 0.533 0.052 0.094
0 0.221 0.498 0.03 0.056
0 0.239 0.564 0.046 0.056
0 0.285 0.615 0.05 0.066
0 0.369 0.617 0.046 0.066
0 0.402 0.6 0.052 0.068
0 0.467 0.694 0.042 0.056
0 0.47 0.641 0.048 0.07
0 0.546 0.714 0.048 0.08
0 0.4 0.532 0.048 0.06
0 0.62 0.704 0.056 0.056
0 0.015 0.29 0.03 0.06
0 0.01 0.129 0.02 0.078
0 0.136 0.231 0.072 0.11
0 0.29 0.452 0.052 0.084
0 0.336 0.371 0.052 0.078
0 0.367 0.312 0.062 0.06
0 0.104 0.013 0.04 0.022
0 0.172 0.039 0.048 0.074
0 0.222 0.016 0.036 0.028
0 0.172 0.112 0.052 0.076
0 0.085 0.081 0.038 0.054
0 0.214 0.105 0.04 0.062
0 0.286 0.111 0.048 0.046
0 0.285 0.081 0.038 0.046
0 0.221 0.28 0.05 0.08
0 0.065 0.262 0.05 0.064
0 0.053 0.303 0.034 0.054
0 0.58 0.029 0.06 0.054
0 0.473 0.043 0.046 0.082
0 0.586 0.083 0.052 0.058
0 0.622 0.041 0.056 0.062
0 0.645 0.01 0.026 0.016
0 0.665 0.005 0.018 0.006
0 0.4 0.078 0.032 0.032
0 0.932 0.019 0.04 0.034
0 0.963 0.023 0.046 0.042
0 0.936 0.262 0.048 0.08
0 0.957 0.209 0.042 0.042
0 0.992 0.161 0.012 0.042
0 0.954 0.113 0.04 0.066
0 0.942 0.161 0.052 0.074
0 0.524 0.263 0.036 0.066
0 0.559 0.256 0.038 0.044
0 0.982 0.414 0.032 0.068
0 0.926 0.436 0.048 0.072
0 0.929 0.388 0.042 0.04
0 0.439 0.414 0.05 0.048
0 0.431 0.377 0.054 0.074
0 0.521 0.324 0.066 0.076
0 0.584 0.283 0.06 0.066
0 0.542 0.559 0.056 0.082
0 0.55 0.496 0.044 0.048
0 0.248 0.594 0.04 0.044
0 0.538 0.408 0.056 0.032
0 0.577 0.594 0.034 0.036
0 0.594 0.559 0.028 0.05
0 0.647 0.628 0.034 0.056
0 0.725 0.613 0.058 0.102
0 0.723 0.673 0.074 0.07
0 0.775 0.662 0.034 0.032
0 0.63 0.493 0.04 0.078
0 0.685 0.55 0.058 0.036
0 0.673 0.511 0.05 0.082
0 0.67 0.477 0.048 0.042
0 0.794 0.557 0.036 0.054
0 0.772 0.473 0.052 0.07
0 0.907 0.582 0.026 0.032
0 0.837 0.611 0.05 0.058
0 0.921 0.714 0.05 0.064
0 0.932 0.68 0.052 0.044
0 0.91 0.626 0.04 0.052
0 0.934 0.596 0.04 0.044
0 0.955 0.6 0.022 0.02
0 0.949 0.625 0.026 0.034
0 0.804 0.613 0.028 0.054
0 0.195 0.405 0.03 0.03
0 0.276 0.265 0.032 0.07
0 0.544 0.388 0.036 0.016
0 0.665 0.332 0.058 0.068
0 0.632 0.38 0.056 0.044
0 0.732 0.379 0.048 0.07
0 0.862 0.481 0.052 0.07
0 0.846 0.423 0.06 0.062
0 0.828 0.375 0.064 0.086
0 0.708 0.313 0.036 0.058
0 0.068 0.188 0.024 0.04
0 0.112 0.114 0.048 0.064
0 0.537 0.214 0.034 0.048
0 0.217 0.209 0.026 0.038
0 0.243 0.213 0.03 0.038
0 0.422 0.027 0.04 0.05
0 0.485 0.224 0.03 0.032
0 0.487 0.196 0.03 0.032
0 0.617 0.178 0.054 0.048
0 0.62 0.189 0.032 0.034
0 0.732 0.203 0.052 0.066
0 0.795 0.354 0.022 0.032
0 0.993 0.221 0.01 0.054
0 0.796 0.224 0.028 0.04
0 0.776 0.214 0.032 0.044
0 0.799 0.187 0.034 0.034
0 0.906 0.243 0.02 0.034
0 0.716 0.01 0.024 0.016
0 0.754 0.04 0.044 0.052
0 0.778 0.09 0.048 0.068
0 0.657 0.12 0.042 0.096
0 0.82 0.115 0.04 0.058
0 0.72 0.095 0.044 0.058
0 0.747 0.078 0.03 0.028
0 0.854 0.158 0.036 0.052
1 0.377 0.898 0.014 0.016
1 0.068 0.791 0.016 0.042
1 0.194 0.893 0.032 0.022
1 0.203 0.858 0.022 0.036
1 0.262 0.863 0.028 0.026
1 0.091 0.62 0.022 0.032
1 0.391 0.889 0.026 0.03
1 0.636 0.885 0.04 0.022
1 0.438 0.792 0.016 0.036
1 0.429 0.658 0.022 0.028
1 0.352 0.629 0.032 0.022
1 0.38 0.67 0.04 0.024
1 0.207 0.33 0.03 0.032
1 0.362 0.268 0.032 0.02
1 0.444 0.236 0.044 0.032
1 0.529 0.022 0.018 0.032
1 0.669 0.039 0.014 0.05
1 0.234 0.463 0.02 0.022
1 0.036 0.081 0.036 0.022
1 0.051 0.1 0.022 0.024
1 0.389 0.114 0.034 0.028
1 0.541 0.149 0.026 0.026
1 0.281 0.302 0.038 0.02
1 0.185 0.261 0.014 0.014
1 0.507 0.058 0.038 0.044
1 0.691 0.029 0.026 0.038
1 0.787 0.024 0.022 0.032
1 0.958 0.06 0.032 0.028
1 0.982 0.055 0.028 0.022
1 0.459 0.497 0.026 0.026
1 0.627 0.573 0.018 0.038
1 0.817 0.705 0.03 0.018
1 0.747 0.276 0.03 0.036
1 0.762 0.258 0.024 0.028
1 0.668 0.957 0.032 0.022
1 0.791 0.712 0.026 0.016
1 0.496 0.498 0.032 0.02
1 0.505 0.482 0.042 0.024
1 0.451 0.579 0.022 0.058
1 0.472 0.462 0.016 0.036
1 0.464 0.465 0.02 0.03
1 0.745 0.534 0.034 0.028
1 0.884 0.515 0.032 0.018
1 0.965 0.553 0.03 0.038
1 0.577 0.355 0.026 0.054
1 0.603 0.344 0.034 0.048
1 0.975 0.46 0.046 0.032
1 0.244 0.089 0.02 0.038
1 0.487 0.126 0.026 0.032
1 0.613 0.21 0.038 0.02
1 0.619 0.196 0.026 0.016
1 0.597 0.18 0.014 0.016
1 0.805 0.262 0.03 0.032
1 0.809 0.266 0.03 0.036
1 0.787 0.126 0.026 0.02
1 0.872 0.154 0.016 0.028
1 0.857 0.126 0.034 0.024
2 0.25 0.971 0.032 0.054
2 0.303 0.989 0.014 0.018
2 0.294 0.965 0.012 0.026
2 0.483 0.982 0.026 0.032
2 0.502 0.901 0.032 0.022
2 0.975 0.994 0.034 0.008
2 0.985 0.97 0.026 0.04
2 0.207 0.88 0.014 0.012
2 0.078 0.689 0.032 0.026
2 0.347 0.836 0.014 0.008
2 0.084 0.751 0.024 0.026
2 0.073 0.738 0.042 0.024
2 0.067 0.756 0.018 0.012
2 0.333 0.823 0.026 0.014
2 0.527 0.851 0.046 0.026
2 0.827 0.794 0.026 0.02
2 0.562 0.78 0.02 0.016
2 0.006 0.408 0.012 0.016
2 0.6 0.738 0.02 0.04
2 0.633 0.012 0.014 0.012
2 0.326 0.293 0.044 0.09
2 0.298 0.24 0.012 0.012
2 0.155 0.248 0.026 0.04
2 0.367 0.034 0.062 0.064
2 0.858 0.981 0.024 0.03
2 0.943 0.932 0.03 0.024
2 0.879 0.82 0.034 0.032
2 0.876 0.798 0.04 0.02
2 0.011 0.642 0.022 0.016
2 0.165 0.55 0.034 0.04
2 0.288 0.552 0.044 0.052
2 0.577 0.802 0.038 0.036
2 0.483 0.47 0.018 0.02
2 0.437 0.625 0.022 0.034
2 0.775 0.688 0.018 0.016
2 0.794 0.666 0.02 0.028
2 0.365 0.516 0.034 0.032
2 0.627 0.534 0.022 0.012
2 0.638 0.544 0.012 0.008
2 0.932 0.627 0.012 0.018
2 0.923 0.652 0.03 0.024
2 0.943 0.654 0.026 0.02
2 0.895 0.682 0.026 0.052
2 0.807 0.582 0.018 0.016
2 0.853 0.546 0.026 0.04
2 0.154 0.359 0.028 0.03
2 0.136 0.372 0.032 0.032
2 0.143 0.394 0.042 0.02
2 0.178 0.381 0.04 0.046
2 0.175 0.354 0.022 0.008
2 0.176 0.42 0.036 0.04
2 0.203 0.427 0.014 0.018
2 0.487 0.372 0.022 0.036
2 0.674 0.301 0.008 0.014
2 0.667 0.37 0.018 0.012
2 0.635 0.356 0.026 0.02
2 0.658 0.398 0.024 0.028
2 0.982 0.473 0.012 0.01
2 0.991 0.493 0.014 0.034
2 0.201 0.367 0.03 0.022
2 0.029 0.213 0.034 0.026
2 0.104 0.047 0.036 0.03
2 0.231 0.181 0.022 0.022
2 0.269 0.318 0.03 0.02
2 0.358 0.089 0.016 0.022
2 0.454 0.097 0.016 0.022
2 0.481 0.15 0.014 0.012
2 0.587 0.219 0.022 0.034
2 0.6 0.232 0.02 0.02
2 0.614 0.224 0.016 0.012
2 0.597 0.193 0.026 0.018
2 0.845 0.255 0.022 0.022
2 0.865 0.282 0.034 0.036
2 0.888 0.282 0.028 0.024
2 0.991 0.134 0.014 0.016
2 0.979 0.139 0.018 0.006
2 0.855 0.08 0.046 0.072
2 0.829 0.063 0.018 0.018