0 0.878 0.234 0.036 0.056
0 0.99 0.107 0.016 0.034
0 0.923 0.025 0.05 0.05
0 0.824 0.029 0.048 0.058
0 0.696 0.021 0.04 0.042
0 0.668 0.008 0.036 0.016
0 0.651 0.037 0.042 0.05
0 0.603 0.007 0.05 0.014
0 0.709 0.076 0.042 0.056
0 0.617 0.132 0.046 0.056
0 0.58 0.143 0.052 0.094
0 0.532 0.095 0.044 0.058
0 0.476 0.006 0.028 0.012
0 0.455 0.005 0.026 0.01
0 0.549 0.199 0.054 0.042
0 0.471 0.121 0.07 0.058
0 0.389 0.022 0.03 0.044
0 0.365 0.01 0.042 0.02
0 0.265 0.046 0.054 0.06
0 0.236 0.004 0.02 0.008
0 0.219 0.004 0.018 0.008
0 0.192 0.019 0.048 0.038
0 0.227 0.04 0.034 0.044
0 0.218 0.075 0.044 0.05
0 0.17 0.046 0.036 0.048
0 0.13 0.035 0.044 0.054
0 0.022 0.032 0.04 0.064
0 0.021 0.087 0.038 0.054
0 0.021 0.112 0.038 0.036
0 0.144 0.105 0.048 0.046
0 0.886 0.142 0.048 0.064
0 0.78 0.13 0.048 0.056
0 0.749 0.168 0.046 0.048
0 0.469 0.198 0.054 0.064
0 0.448 0.224 0.04 0.052
0 0.413 0.158 0.034 0.028
0 0.447 0.172 0.03 0.024
0 0.344 0.094 0.036 0.028
0 0.37 0.147 0.044 0.046
0 0.367 0.174 0.038 0.016
0 0.329 0.135 0.042 0.05
0 0.323 0.166 0.046 0.028
0 0.204 0.174 0.048 0.072
0 0.165 0.179 0.054 0.07
0 0.037 0.186 0.054 0.064
0 0.021 0.233 0.034 0.042
0 0.113 0.252 0.062 0.064
0 0.968 0.3 0.052 0.06
0 0.917 0.379 0.046 0.054
0 0.841 0.355 0.05 0.074
0 0.876 0.379 0.044 0.046
0 0.781 0.239 0.046 0.03
0 0.808 0.244 0.028 0.044
0 0.803 0.287 0.034 0.046
0 0.766 0.286 0.052 0.06
0 0.774 0.361 0.032 0.05
0 0.788 0.332 0.036 0.024
0 0.649 0.232 0.054 0.064
0 0.654 0.293 0.064 0.066
0 0.595 0.314 0.058 0.068
0 0.555 0.309 0.042 0.066
0 0.518 0.304 0.032 0.032
0 0.491 0.251 0.034 0.058
0 0.468 0.268 0.032 0.056
0 0.439 0.273 0.038 0.034
0 0.378 0.25 0.06 0.056
0 0.364 0.306 0.052 0.072
0 0.26 0.271 0.044 0.062
0 0.255 0.329 0.046 0.082
0 0.163 0.267 0.046 0.07
0 0.014 0.343 0.024 0.074
0 0.077 0.283 0.046 0.042
0 0.033 0.298 0.03 0.028
0 0.041 0.344 0.042 0.04
0 0.955 0.489 0.058 0.078
0 0.983 0.509 0.03 0.054
0 0.898 0.445 0.052 0.042
0 0.791 0.43 0.046 0.084
0 0.696 0.402 0.048 0.064
0 0.831 0.508 0.054 0.072
0 0.617 0.46 0.05 0.084
0 0.404 0.358 0.044 0.052
0 0.535 0.494 0.058 0.056
0 0.515 0.556 0.066 0.08
0 0.36 0.445 0.052 0.07
0 0.29 0.372 0.052 0.056
0 0.212 0.363 0.052 0.062
0 0.063 0.436 0.042 0.048
0 0.055 0.492 0.03 0.032
0 0.448 0.579 0.048 0.062
0 0.379 0.582 0.046 0.068
0 0.354 0.517 0.072 0.07
0 0.261 0.489 0.054 0.07
0 0.236 0.435 0.056 0.086
0 0.182 0.508 0.048 0.076
0 0.231 0.531 0.05 0.054
0 0.13 0.533 0.04 0.05
0 0.957 0.641 0.054 0.074
0 0.928 0.649 0.044 0.086
0 0.911 0.697 0.046 0.046
0 0.843 0.602 0.026 0.036
0 0.791 0.574 0.046 0.072
0 0.73 0.567 0.048 0.062
0 0.81 0.632 0.036 0.036
0 0.732 0.61 0.04 0.036
0 0.693 0.618 0.082 0.092
0 0.621 0.526 0.038 0.048
0 0.593 0.631 0.038 0.05
0 0.534 0.656 0.048 0.064
0 0.452 0.688 0.044 0.06
0 0.484 0.717 0.052 0.086
0 0.399 0.683 0.05 0.07
0 0.361 0.73 0.042 0.06
0 0.315 0.682 0.054 0.084
0 0.194 0.583 0.036 0.034
0 0.181 0.567 0.038 0.038
0 0.172 0.634 0.056 0.076
0 0.115 0.638 0.038 0.052
0 0.094 0.644 0.056 0.064
0 0.804 0.734 0.08 0.072
0 0.832 0.798 0.052 0.064
0 0.788 0.89 0.052 0.06
0 0.812 0.961 0.044 0.066
0 0.916 0.975 0.04 0.046
0 0.658 0.785 0.044 0.078
0 0.647 0.744 0.042 0.04
0 0.583 0.822 0.046 0.092
0 0.532 0.807 0.04 0.05
0 0.44 0.769 0.044 0.05
0 0.377 0.808 0.046 0.044
0 0.386 0.781 0.044 0.026
0 0.344 0.821 0.032 0.042
0 0.255 0.761 0.066 0.126
0 0.299 0.75 0.034 0.044
0 0.184 0.73 0.048 0.06
0 0.152 0.778 0.06 0.096
0 0.108 0.789 0.056 0.102
0 0.094 0.814 0.024 0.032
0 0.066 0.735 0.068 0.098
0 0.024 0.707 0.032 0.034
0 0.014 0.79 0.024 0.06
0 0.677 0.984 0.042 0.028
0 0.701 0.907 0.05 0.058
0 0.691 0.938 0.03 0.032
0 0.586 0.93 0.044 0.072
0 0.603 0.954 0.054 0.076
0 0.551 0.877 0.046 0.062
0 0.51 0.895 0.036 0.05
0 0.029 0.87 0.038 0.068
0 0.055 0.855 0.046 0.074
0 0.049 0.924 0.046 0.064
0 0.103 0.96 0.046 0.06
0 0.26 0.957 0.036 0.054
0 0.327 0.975 0.046 0.046
0 0.442 0.853 0.032 0.05
0 0.329 0.889 0.054 0.07
0 0.407 0.962 0.062 0.072
0 0.421 0.938 0.042 0.068
1 0.868 0.025 0.036 0.026
1 0.828 0.094 0.02 0.02
1 0.592 0.051 0.02 0.022
1 0.994 0.222 0.008 0.028
1 0.766 0.204 0.036 0.008
1 0.775 0.196 0.026 0.008
1 0.71 0.172 0.016 0.008
1 0.353 0.202 0.018 0.028
1 0.357 0.117 0.03 0.018
1 0.294 0.102 0.036 0.036
1 0.932 0.341 0.032 0.022
1 0.907 0.341 0.018 0.014
1 0.881 0.338 0.026 0.028
1 0.894 0.334 0.012 0.02
1 0.755 0.312 0.026 0.016
1 0.524 0.245 0.016 0.018
1 0.653 0.468 0.022 0.032
1 0.631 0.491 0.026 0.018
1 0.565 0.431 0.022 0.026
1 0.491 0.372 0.026 0.028
1 0.485 0.499 0.042 0.026
1 0.503 0.464 0.026 0.016
1 0.505 0.446 0.018 0.024
1 0.215 0.462 0.034 0.028
1 0.141 0.391 0.03 0.03
1 0.173 0.401 0.03 0.026
1 0.154 0.414 0.032 0.044
1 0.129 0.582 0.034 0.024
1 0.994 0.592 0.008 0.048
1 0.95 0.69 0.028 0.024
1 0.901 0.62 0.026 0.036
1 0.921 0.558 0.034 0.016
1 0.8 0.648 0.024 0.02
1 0.779 0.638 0.026 0.032
1 0.652 0.643 0.032 0.046
1 0.51 0.629 0.032 0.022
1 0.279 0.573 0.026 0.03
1 0.073 0.591 0.03 0.034
1 0.039 0.557 0.03 0.014
1 0.988 0.775 0.02 0.03
1 0.988 0.794 0.02 0.028
1 0.989 0.758 0.018 0.028
1 0.99 0.839 0.016 0.042
1 0.877 0.828 0.026 0.032
1 0.864 0.776 0.02 0.04
1 0.953 0.878 0.038 0.02
1 0.737 0.845 0.022 0.034
1 0.513 0.746 0.03 0.024
1 0.411 0.759 0.038 0.022
1 0.286 0.787 0.02 0.022
1 0.163 0.716 0.03 0.024
1 0.153 0.729 0.03 0.026
1 0.133 0.716 0.014 0.016
1 0.75 0.937 0.016 0.03
1 0.59 0.993 0.02 0.01
1 0.54 0.979 0.028 0.038
1 0.129 0.913 0.022 0.026
1 0.155 0.853 0.038 0.022
1 0.203 0.993 0.042 0.01
1 0.291 0.875 0.026 0.042
1 0.326 0.927 0.024 0.026
1 0.31 0.933 0.012 0.014
1 0.454 0.912 0.032 0.036
1 0.402 0.806 0.016 0.02
1 0.447 0.819 0.022 0.026
1 0.428 0.821 0.02 0.022
1 0.44 0.799 0.028 0.018
2 0.989 0.034 0.018 0.048
2 0.991 0.075 0.014 0.038
2 0.779 0.047 0.034 0.046
2 0.767 0.075 0.03 0.034
2 0.825 0.077 0.014 0.018
2 0.634 0.087 0.044 0.038
2 0.55 0.066 0.008 0.02
2 0.495 0.012 0.022 0.024
2 0.502 0.063 0.04 0.026
2 0.452 0.098 0.02 0.016
2 0.367 0.032 0.026 0.024
2 0.334 0.039 0.032 0.03
2 0.155 0.015 0.014 0.014
2 0.091 0.035 0.026 0.03
2 0.056 0.032 0.044 0.048
2 0.029 0.073 0.018 0.018
2 0.987 0.191 0.022 0.046
2 0.811 0.179 0.026 0.026
2 0.614 0.166 0.016 0.02
2 0.444 0.152 0.02 0.008
2 0.115 0.181 0.022 0.014
2 0.12 0.169 0.04 0.026
2 0.101 0.208 0.05 0.048
2 0.955 0.395 0.05 0.046
2 0.881 0.306 0.026 0.028
2 0.867 0.32 0.014 0.024
2 0.696 0.254 0.028 0.028
2 0.674 0.194 0.028 0.02
2 0.674 0.219 0.02 0.01
2 0.684 0.26 0.008 0.008
2 0.848 0.423 0.04 0.022
2 0.729 0.419 0.038 0.098
2 0.697 0.502 0.038 0.06
2 0.725 0.525 0.022 0.022
2 0.66 0.518 0.02 0.02
2 0.537 0.391 0.018 0.03
2 0.543 0.374 0.018 0.012
2 0.467 0.382 0.022 0.028
2 0.365 0.369 0.026 0.03
2 0.338 0.355 0.028 0.026
2 0.336 0.337 0.016 0.014
2 0.024 0.405 0.044 0.026
2 0.294 0.519 0.028 0.034
2 0.162 0.369 0.032 0.026
2 0.151 0.552 0.014 0.012
2 0.933 0.718 0.03 0.04
2 0.891 0.569 0.018 0.022
2 0.92 0.538 0.028 0.02
2 0.925 0.569 0.042 0.026
2 0.966 0.575 0.02 0.026
2 0.867 0.639 0.026 0.054
2 0.766 0.612 0.028 0.04
2 0.694 0.557 0.028 0.038
2 0.391 0.649 0.026 0.038
2 0.388 0.695 0.044 0.046
2 0.357 0.688 0.026 0.036
2 0.315 0.621 0.042 0.042
2 0.256 0.567 0.024 0.03
2 0.064 0.653 0.024 0.022
2 0.057 0.633 0.022 0.018
2 0.058 0.618 0.024 0.016
2 0.061 0.524 0.03 0.028
2 0.935 0.806 0.014 0.036
2 0.776 0.693 0.012 0.034
2 0.79 0.681 0.012 0.01
2 0.861 0.876 0.018 0.028
2 0.882 0.88 0.012 0.016
2 0.792 0.925 0.024 0.014
2 0.922 0.941 0.012 0.038
2 0.684 0.689 0.012 0.014
2 0.772 0.831 0.044 0.062
2 0.542 0.759 0.028 0.038
2 0.542 0.73 0.024 0.036
2 0.43 0.733 0.008 0.018
2 0.258 0.691 0.02 0.018
2 0.131 0.678 0.026 0.02
2 0.15 0.694 0.016 0.016
2 0.088 0.679 0.024 0.018
2 0.968 0.978 0.024 0.04
2 0.987 0.993 0.022 0.01
2 0.98 0.934 0.032 0.052
2 0.674 0.919 0.024 0.022
2 0.6 0.877 0.028 0.034
2 0.169 0.976 0.026 0.028
2 0.436 0.913 0.016 0.026
2 0.18 0.93 0.02 0.032