0 0.978 0.074 0.036 0.056
0 0.874 0.045 0.052 0.058
0 0.826 0.039 0.04 0.058
0 0.768 0.021 0.04 0.038
0 0.666 0.018 0.052 0.036
0 0.883 0.107 0.042 0.054
0 0.901 0.136 0.054 0.048
0 0.947 0.183 0.034 0.046
0 0.926 0.18 0.02 0.028
0 0.963 0.207 0.026 0.018
0 0.976 0.185 0.02 0.014
0 0.986 0.221 0.024 0.022
0 0.992 0.27 0.012 0.044
0 0.676 0.083 0.036 0.034
0 0.547 0.004 0.042 0.008
0 0.598 0.048 0.032 0.052
0 0.548 0.073 0.036 0.046
0 0.419 0.063 0.038 0.034
0 0.333 0.106 0.054 0.08
0 0.266 0.073 0.028 0.042
0 0.012 0.029 0.02 0.058
0 0.049 0.022 0.058 0.044
0 0.031 0.089 0.046 0.066
0 0.011 0.158 0.018 0.052
0 0.019 0.251 0.034 0.042
0 0.041 0.21 0.026 0.04
0 0.193 0.148 0.03 0.04
0 0.274 0.144 0.036 0.052
0 0.4 0.139 0.032 0.05
0 0.454 0.173 0.032 0.038
0 0.474 0.249 0.036 0.05
0 0.56 0.263 0.036 0.054
0 0.593 0.294 0.046 0.052
0 0.578 0.315 0.032 0.05
0 0.035 0.298 0.038 0.048
0 0.088 0.27 0.048 0.06
0 0.155 0.272 0.046 0.084
0 0.228 0.23 0.036 0.06
0 0.283 0.219 0.042 0.07
0 0.979 0.447 0.038 0.05
0 0.941 0.469 0.042 0.042
0 0.892 0.595 0.032 0.042
0 0.959 0.661 0.034 0.038
0 0.995 0.687 0.006 0.034
0 0.976 0.758 0.04 0.056
0 0.913 0.759 0.038 0.038
0 0.938 0.804 0.036 0.056
0 0.991 0.922 0.014 0.032
0 0.99 0.967 0.016 0.022
0 0.985 0.987 0.03 0.022
0 0.906 0.964 0.036 0.048
0 0.877 0.882 0.042 0.052
0 0.809 0.907 0.034 0.03
0 0.839 0.799 0.03 0.038
0 0.871 0.741 0.03 0.026
0 0.862 0.755 0.04 0.03
0 0.829 0.767 0.026 0.038
0 0.805 0.797 0.022 0.03
0 0.809 0.726 0.018 0.024
0 0.793 0.738 0.018 0.016
0 0.796 0.684 0.028 0.016
0 0.788 0.699 0.028 0.018
0 0.864 0.694 0.048 0.044
0 0.883 0.661 0.034 0.038
0 0.828 0.595 0.04 0.05
0 0.84 0.454 0.044 0.044
0 0.781 0.435 0.038 0.062
0 0.843 0.356 0.034 0.044
0 0.745 0.308 0.038 0.052
0 0.8 0.222 0.044 0.044
0 0.793 0.245 0.026 0.022
0 0.785 0.188 0.038 0.036
0 0.685 0.191 0.054 0.07
0 0.644 0.193 0.036 0.058
0 0.586 0.153 0.044 0.062
0 0.743 0.925 0.042 0.05
0 0.717 0.926 0.03 0.028
0 0.704 0.901 0.048 0.054
0 0.692 0.988 0.036 0.02
0 0.758 0.992 0.032 0.012
0 0.706 0.369 0.044 0.062
0 0.739 0.43 0.042 0.052
0 0.735 0.555 0.03 0.038
0 0.718 0.571 0.016 0.026
0 0.686 0.575 0.024 0.038
0 0.663 0.59 0.026 0.068
0 0.009 0.354 0.014 0.04
0 0.128 0.353 0.044 0.046
0 0.106 0.332 0.052 0.084
0 0.099 0.404 0.042 0.056
0 0.561 0.429 0.03 0.038
0 0.497 0.42 0.03 0.06
0 0.441 0.408 0.03 0.056
0 0.402 0.356 0.04 0.044
0 0.355 0.298 0.034 0.052
0 0.288 0.298 0.04 0.052
0 0.269 0.271 0.022 0.018
0 0.02 0.98 0.036 0.036
0 0.006 0.939 0.008 0.042
0 0.053 0.947 0.034 0.05
0 0.076 0.966 0.024 0.048
0 0.114 0.95 0.036 0.044
0 0.052 0.891 0.02 0.03
0 0.009 0.85 0.014 0.048
0 0.054 0.863 0.02 0.022
0 0.146 0.903 0.044 0.054
0 0.127 0.838 0.034 0.044
0 0.102 0.8 0.028 0.04
0 0.208 0.919 0.032 0.034
0 0.229 0.963 0.038 0.054
0 0.242 0.976 0.024 0.032
0 0.284 0.985 0.036 0.026
0 0.313 0.994 0.034 0.008
0 0.015 0.723 0.022 0.038
0 0.009 0.691 0.014 0.042
0 0.408 0.989 0.04 0.018
0 0.424 0.968 0.02 0.024
0 0.362 0.957 0.028 0.046
0 0.49 0.908 0.044 0.04
0 0.544 0.944 0.036 0.06
0 0.517 0.954 0.014 0.028
0 0.622 0.9 0.036 0.036
0 0.589 0.864 0.038 0.048
0 0.623 0.816 0.03 0.056
0 0.654 0.821 0.032 0.042
0 0.667 0.72 0.034 0.076
0 0.699 0.667 0.03 0.05
0 0.627 0.651 0.038 0.054
0 0.61 0.695 0.028 0.022
0 0.616 0.73 0.028 0.044
0 0.59 0.781 0.036 0.03
0 0.541 0.778 0.018 0.028
0 0.585 0.586 0.026 0.036
0 0.604 0.587 0.02 0.03
0 0.546 0.513 0.036 0.046
0 0.555 0.628 0.034 0.028
0 0.584 0.667 0.036 0.046
0 0.558 0.682 0.02 0.04
0 0.32 0.94 0.028 0.044
0 0.322 0.896 0.024 0.044
0 0.361 0.869 0.038 0.062
0 0.426 0.871 0.028 0.042
0 0.449 0.874 0.03 0.048
0 0.481 0.858 0.034 0.044
0 0.485 0.817 0.034 0.066
0 0.511 0.805 0.026 0.066
0 0.475 0.766 0.034 0.048
0 0.496 0.738 0.036 0.028
0 0.428 0.783 0.032 0.038
0 0.373 0.78 0.022 0.04
0 0.483 0.554 0.046 0.064
0 0.449 0.6 0.042 0.048
0 0.243 0.364 0.022 0.04
0 0.016 0.442 0.028 0.044
0 0.004 0.402 0.004 0.028
0 0.032 0.469 0.028 0.03
0 0.043 0.493 0.038 0.038
0 0.051 0.529 0.038 0.034
0 0.045 0.568 0.042 0.028
0 0.111 0.593 0.038 0.03
0 0.142 0.485 0.048 0.05
0 0.238 0.443 0.02 0.026
0 0.32 0.406 0.024 0.028
0 0.341 0.455 0.038 0.042
0 0.377 0.441 0.022 0.042
0 0.403 0.441 0.026 0.042
0 0.397 0.496 0.034 0.036
0 0.386 0.51 0.028 0.032
0 0.367 0.568 0.026 0.02
0 0.368 0.544 0.04 0.036
0 0.2 0.802 0.056 0.06
0 0.253 0.789 0.034 0.03
0 0.187 0.742 0.03 0.036
0 0.155 0.701 0.042 0.038
0 0.104 0.666 0.036 0.036
0 0.122 0.632 0.036 0.04
0 0.154 0.599 0.016 0.018
0 0.202 0.606 0.044 0.024
0 0.207 0.576 0.026 0.032
0 0.217 0.523 0.034 0.034
0 0.199 0.534 0.018 0.02
0 0.249 0.532 0.026 0.04
0 0.435 0.723 0.03 0.038
0 0.387 0.668 0.018 0.032
0 0.371 0.695 0.03 0.034
0 0.355 0.72 0.03 0.04
0 0.33 0.691 0.052 0.042
0 0.29 0.638 0.036 0.04
0 0.263 0.656 0.03 0.032
0 0.223 0.641 0.046 0.034
0 0.256 0.709 0.024 0.034
0 0.266 0.689 0.028 0.026
1 0.932 0.025 0.012 0.018
1 0.899 0.013 0.018 0.018
1 0.742 0.007 0.024 0.014
1 0.854 0.111 0.012 0.026
1 0.993 0.307 0.01 0.022
1 0.767 0.1 0.022 0.02
1 0.762 0.115 0.032 0.014
1 0.761 0.123 0.022 0.002
1 0.709 0.069 0.018 0.03
1 0.614 0.068 0.02 0.016
1 0.409 0.018 0.022 0.02
1 0.406 0.099 0.016 0.018
1 0.333 0.05 0.01 0.024
1 0.25 0.073 0.016 0.034
1 0.136 0.076 0.028 0.032
1 0.228 0.164 0.02 0.036
1 0.535 0.171 0.018 0.022
1 0.463 0.22 0.022 0.028
1 0.524 0.221 0.016 0.014
1 0.183 0.183 0.018 0.03
1 0.934 0.503 0.024 0.018
1 0.971 0.592 0.022 0.032
1 0.922 0.604 0.016 0.02
1 0.88 0.946 0.032 0.02
1 0.91 0.9 0.012 0.024
1 0.753 0.847 0.018 0.026
1 0.872 0.796 0.016 0.024
1 0.797 0.779 0.014 0.034
1 0.794 0.807 0.012 0.014
1 0.763 0.747 0.014 0.026
1 0.78 0.717 0.016 0.014
1 0.768 0.591 0.028 0.026
1 0.798 0.548 0.02 0.024
1 0.81 0.525 0.024 0.03
1 0.821 0.298 0.026 0.028
1 0.812 0.342 0.016 0.032
1 0.723 0.294 0.022 0.02
1 0.846 0.22 0.024 0.024
1 0.681 0.146 0.018 0.02
1 0.712 0.162 0.012 0.016
1 0.659 0.365 0.022 0.018
1 0.731 0.47 0.026 0.028
1 0.902 0.413 0.02 0.018
1 0.01 0.378 0.016 0.024
1 0.151 0.368 0.022 0.016
1 0.147 0.395 0.018 0.026
1 0.162 0.421 0.032 0.022
1 0.611 0.396 0.026 0.02
1 0.583 0.458 0.018 0.02
1 0.379 0.37 0.018 0.02
1 0.356 0.366 0.012 0.016
1 0.083 0.864 0.018 0.02
1 0.138 0.865 0.028 0.01
1 0.194 0.883 0.024 0.022
1 0.195 0.858 0.03 0.016
1 0.028 0.729 0.016 0.03
1 0.466 0.991 0.02 0.014
1 0.471 0.958 0.018 0.032
1 0.479 0.937 0.01 0.014
1 0.561 0.885 0.026 0.022
1 0.595 0.752 0.018 0.024
1 0.614 0.558 0.024 0.028
1 0.538 0.577 0.016 0.022
1 0.407 0.796 0.014 0.024
1 0.848 0.416 0.016 0.02
1 0.614 0.5 0.016 0.02
1 0.459 0.523 0.03 0.018
1 0.456 0.632 0.016 0.016
1 0.499 0.673 0.026 0.022
1 0.123 0.577 0.026 0.018
1 0.448 0.461 0.012 0.01
1 0.322 0.506 0.012 0.012
1 0.322 0.519 0.02 0.014
1 0.155 0.793 0.018 0.03
1 0.283 0.766 0.026 0.04
1 0.302 0.8 0.024 0.012
1 0.223 0.84 0.01 0.008
1 0.409 0.687 0.018 0.018
1 0.606 0.997 0.012 0.002
1 0.959 0.716 0.014 0.012
1 0.792 0.576 0.008 0.012
1 0.533 0.691 0.006 0.01
1 0.646 0.727 0.012 0.014
1 0.935 0.871 0.014 0.01
1 0.997 0.822 0.002 0.028
2 0.214 0.669 0.04 0.022
2 0.052 0.786 0.02 0.028
2 0.287 0.833 0.014 0.014
2 0.58 0.993 0.032 0.01
2 0.948 0.854 0.012 0.024
2 0.776 0.673 0.02 0.018
2 0.653 0.243 0.022 0.022
2 0.339 0.338 0.018 0.02
2 0.719 0.499 0.022 0.026
2 0.51 0.122 0.012 0.016