0 0.937 0.057 0.05 0.066
0 0.958 0.125 0.048 0.038
0 0.832 0.005 0.04 0.01
0 0.882 0.082 0.036 0.02
0 0.936 0.004 0.02 0.008
0 0.755 0.065 0.054 0.05
0 0.684 0.122 0.048 0.044
0 0.613 0.025 0.046 0.05
0 0.611 0.071 0.038 0.042
0 0.557 0.094 0.042 0.04
0 0.709 0.198 0.042 0.044
0 0.619 0.151 0.05 0.054
0 0.664 0.159 0.02 0.03
0 0.396 0.013 0.032 0.026
0 0.357 0.026 0.046 0.052
0 0.303 0.118 0.046 0.056
0 0.179 0.062 0.034 0.044
0 0.182 0.096 0.044 0.052
0 0.194 0.011 0.028 0.022
0 0.109 0.037 0.046 0.034
0 0.136 0.078 0.032 0.032
0 0.113 0.073 0.026 0.034
0 0.073 0.012 0.03 0.024
0 0.043 0.032 0.026 0.032
0 0.016 0.017 0.028 0.034
0 0.015 0.063 0.026 0.038
0 0.141 0.007 0.022 0.014
0 0.004 0.035 0.004 0.026
0 0.403 0.1 0.03 0.036
0 0.309 0.004 0.03 0.008
0 0.234 0.016 0.02 0.032
0 0.166 0.168 0.044 0.04
0 0.077 0.228 0.046 0.052
0 0.089 0.196 0.054 0.044
0 0.124 0.236 0.048 0.048
0 0.011 0.127 0.018 0.038
0 0.02 0.319 0.036 0.046
0 0.217 0.29 0.038 0.056
0 0.173 0.339 0.05 0.046
0 0.054 0.331 0.028 0.05
0 0.124 0.275 0.024 0.038
0 0.295 0.218 0.03 0.056
0 0.275 0.206 0.026 0.036
0 0.358 0.288 0.04 0.04
0 0.409 0.237 0.038 0.046
0 0.399 0.26 0.038 0.02
0 0.484 0.146 0.032 0.04
0 0.465 0.148 0.018 0.028
0 0.478 0.248 0.02 0.032
0 0.494 0.277 0.024 0.022
0 0.459 0.252 0.038 0.04
0 0.559 0.341 0.046 0.046
0 0.664 0.373 0.036 0.058
0 0.574 0.363 0.04 0.018
0 0.576 0.384 0.036 0.02
0 0.427 0.344 0.038 0.044
0 0.543 0.371 0.026 0.026
0 0.383 0.409 0.046 0.046
0 0.326 0.4 0.04 0.048
0 0.285 0.351 0.022 0.03
0 0.326 0.478 0.04 0.048
0 0.209 0.45 0.058 0.036
0 0.122 0.405 0.036 0.03
0 0.111 0.448 0.03 0.024
0 0.027 0.461 0.03 0.05
0 0.018 0.432 0.032 0.02
0 0.006 0.394 0.008 0.028
0 0.326 0.599 0.04 0.058
0 0.3 0.588 0.036 0.06
0 0.258 0.578 0.052 0.056
0 0.27 0.669 0.044 0.05
0 0.237 0.541 0.034 0.042
0 0.081 0.546 0.054 0.052
0 0.079 0.613 0.042 0.05
0 0.39 0.629 0.056 0.078
0 0.367 0.665 0.038 0.034
0 0.138 0.708 0.032 0.044
0 0.177 0.643 0.034 0.042
0 0.211 0.566 0.03 0.028
0 0.945 0.252 0.042 0.068
0 0.981 0.22 0.034 0.056
0 0.757 0.246 0.022 0.024
0 0.754 0.271 0.032 0.022
0 0.747 0.221 0.046 0.038
0 0.729 0.339 0.042 0.054
0 0.78 0.309 0.044 0.034
0 0.83 0.278 0.024 0.032
0 0.987 0.356 0.018 0.028
0 0.968 0.322 0.028 0.028
0 0.993 0.272 0.01 0.044
0 0.854 0.429 0.052 0.038
0 0.75 0.472 0.048 0.048
0 0.802 0.391 0.04 0.038
0 0.803 0.363 0.058 0.03
0 0.776 0.369 0.024 0.054
0 0.975 0.603 0.046 0.07
0 0.859 0.601 0.026 0.03
0 0.759 0.558 0.026 0.036
0 0.859 0.497 0.034 0.026
0 0.689 0.417 0.038 0.046
0 0.607 0.488 0.042 0.04
0 0.563 0.463 0.046 0.054
0 0.538 0.445 0.028 0.034
0 0.611 0.568 0.054 0.044
0 0.588 0.547 0.048 0.034
0 0.589 0.604 0.042 0.036
0 0.48 0.515 0.016 0.03
0 0.506 0.526 0.024 0.028
0 0.438 0.533 0.024 0.03
0 0.41 0.535 0.02 0.026
0 0.554 0.597 0.044 0.046
0 0.817 0.716 0.026 0.028
0 0.825 0.725 0.03 0.03
0 0.866 0.69 0.032 0.036
0 0.77 0.678 0.048 0.056
0 0.748 0.638 0.044 0.04
0 0.677 0.663 0.05 0.07
0 0.66 0.653 0.04 0.05
0 0.588 0.675 0.064 0.042
0 0.751 0.782 0.046 0.032
0 0.796 0.777 0.044 0.046
0 0.821 0.803 0.05 0.05
0 0.869 0.874 0.034 0.056
0 0.967 0.821 0.018 0.022
0 0.801 0.88 0.022 0.024
0 0.669 0.881 0.058 0.038
0 0.574 0.866 0.044 0.036
0 0.592 0.92 0.032 0.032
0 0.659 0.922 0.034 0.056
0 0.681 0.934 0.034 0.048
0 0.614 0.969 0.028 0.046
0 0.58 0.968 0.048 0.048
0 0.489 0.916 0.042 0.036
0 0.511 0.983 0.03 0.03
0 0.483 0.967 0.042 0.042
0 0.517 0.923 0.046 0.038
0 0.655 0.796 0.062 0.064
0 0.611 0.807 0.034 0.05
0 0.462 0.862 0.056 0.028
0 0.345 0.823 0.046 0.046
0 0.373 0.794 0.03 0.036
0 0.321 0.957 0.046 0.062
0 0.367 0.984 0.058 0.028
0 0.162 0.922 0.048 0.056
0 0.248 0.953 0.028 0.042
0 0.199 0.954 0.042 0.04
0 0.064 0.818 0.048 0.04
0 0.033 0.872 0.054 0.052
0 0.116 0.98 0.032 0.032
0 0.035 0.968 0.022 0.02
0 0.188 0.883 0.02 0.03
0 0.29 0.899 0.016 0.042
0 0.024 0.747 0.04 0.038
0 0.118 0.813 0.02 0.026
0 0.105 0.788 0.018 0.024
0 0.194 0.716 0.02 0.032
0 0.317 0.75 0.03 0.028
0 0.293 0.757 0.026 0.03
0 0.498 0.715 0.044 0.038
0 0.5 0.772 0.04 0.04
0 0.517 0.815 0.03 0.026
0 0.717 0.783 0.022 0.022
0 0.772 0.871 0.04 0.026
0 0.816 0.914 0.024 0.024
0 0.816 0.979 0.02 0.022
0 0.932 0.837 0.036 0.026
0 0.693 0.572 0.018 0.052
0 0.109 0.626 0.018 0.032
0 0.008 0.577 0.012 0.042
0 0.08 0.514 0.032 0.012
1 0.741 0.172 0.022 0.02
1 0.501 0.229 0.01 0.022
1 0.596 0.218 0.02 0.028
1 0.525 0.269 0.022 0.018
1 0.494 0.26 0.016 0.016
1 0.263 0.389 0.014 0.018
1 0.178 0.565 0.016 0.022
1 0.959 0.173 0.014 0.026
1 0.807 0.252 0.022 0.024
1 0.929 0.362 0.022 0.016
1 0.89 0.355 0.016 0.018
1 0.992 0.322 0.012 0.016
1 0.779 0.456 0.018 0.016
1 0.946 0.551 0.02 0.022
1 0.823 0.584 0.01 0.02
1 0.45 0.56 0.028 0.02
1 0.555 0.811 0.022 0.018
1 0.399 0.839 0.026 0.022
1 0.386 0.834 0.016 0.016
1 0.321 0.99 0.022 0.016
1 0.242 0.85 0.016 0.02
1 0.056 0.692 0.02 0.02
1 0.523 0.761 0.022 0.018
1 0.424 0.751 0.024 0.022
1 0.637 0.74 0.022 0.02
1 0.991 0.978 0.014 0.02
1 0.892 0.745 0.024 0.022
2 0.988 0.04 0.02 0.048
2 0.994 0.107 0.008 0.054
2 0.708 0.084 0.044 0.036
2 0.37 0.084 0.028 0.04
2 0.299 0.05 0.03 0.044
2 0.253 0.098 0.03 0.024
2 0.223 0.073 0.03 0.026
2 0.357 0.152 0.026 0.04
2 0.331 0.115 0.014 0.038
2 0.267 0.041 0.034 0.03
2 0.039 0.06 0.018 0.016
2 0.118 0.006 0.024 0.012
2 0.049 0.011 0.014 0.014
2 0.327 0.08 0.03 0.032
2 0.325 0.03 0.026 0.028
2 0.313 0.157 0.03 0.038
2 0.359 0.197 0.038 0.042
2 0.382 0.225 0.024 0.018
2 0.256 0.185 0.016 0.022
2 0.506 0.169 0.024 0.034
2 0.451 0.215 0.026 0.034
2 0.482 0.204 0.02 0.024
2 0.456 0.173 0.012 0.022
2 0.532 0.318 0.056 0.052
2 0.45 0.422 0.028 0.04
2 0.371 0.34 0.026 0.032
2 0.384 0.466 0.044 0.06
2 0.253 0.421 0.018 0.03
2 0.263 0.495 0.03 0.018
2 0.092 0.348 0.028 0.02
2 0.186 0.415 0.024 0.022
2 0.935 0.163 0.022 0.026
2 0.855 0.211 0.034 0.042
2 0.826 0.191 0.028 0.026
2 0.75 0.249 0.028 0.03
2 0.689 0.242 0.046 0.036
2 0.966 0.348 0.036 0.04
2 0.982 0.518 0.032 0.032
2 0.822 0.547 0.024 0.034
2 0.834 0.412 0.02 0.028
2 0.515 0.449 0.018 0.03
2 0.712 0.648 0.024 0.036
2 0.063 0.923 0.022 0.034
2 0.065 0.893 0.018 0.03
2 0.152 0.993 0.044 0.01
2 0.113 0.957 0.046 0.026
2 0.221 0.888 0.018 0.024
2 0.226 0.936 0.036 0.012
2 0.225 0.768 0.03 0.024
2 0.274 0.797 0.024 0.038
2 0.311 0.803 0.014 0.022
2 0.463 0.719 0.034 0.03
2 0.667 0.753 0.038 0.03
2 0.639 0.763 0.046 0.03
2 0.739 0.735 0.046 0.034
2 0.803 0.855 0.034 0.03
2 0.729 0.963 0.042 0.058
2 0.941 0.946 0.03 0.028
2 0.94 0.973 0.02 0.022
2 0.926 0.802 0.024 0.028
2 0.939 0.781 0.018 0.014
2 0.775 0.575 0.026 0.034
2 0.626 0.447 0.024 0.018
2 0.777 0.419 0.03 0.026