0 0.157 0.118 0.066 0.088
0 0.313 0.552 0.07 0.096
0 0.224 0.391 0.06 0.074
0 0.282 0.407 0.048 0.054
0 0.299 0.347 0.042 0.046
0 0.253 0.245 0.062 0.066
0 0.223 0.298 0.042 0.048
0 0.401 0.413 0.066 0.09
0 0.335 0.421 0.042 0.066
0 0.459 0.33 0.046 0.072
0 0.555 0.233 0.058 0.074
0 0.584 0.292 0.056 0.06
0 0.66 0.295 0.048 0.054
0 0.397 0.078 0.05 0.096
0 0.257 0.025 0.042 0.046
0 0.27 0.098 0.048 0.076
0 0.343 0.123 0.034 0.054
0 0.164 0.025 0.048 0.05
0 0.193 0.014 0.038 0.028
0 0.048 0.024 0.056 0.044
0 0.02 0.111 0.04 0.066
0 0.009 0.205 0.018 0.062
0 0.07 0.3 0.06 0.064
0 0.104 0.25 0.04 0.056
0 0.475 0.125 0.054 0.042
0 0.442 0.223 0.04 0.046
0 0.781 0.038 0.046 0.064
0 0.876 0.026 0.052 0.048
0 0.918 0.062 0.044 0.068
0 0.985 0.073 0.026 0.066
0 0.921 0.174 0.05 0.064
0 0.773 0.28 0.038 0.064
0 0.859 0.31 0.066 0.068
0 0.953 0.259 0.03 0.042
0 0.968 0.293 0.032 0.042
0 0.917 0.4 0.07 0.068
0 0.97 0.454 0.04 0.068
0 0.87 0.56 0.06 0.056
0 0.81 0.652 0.048 0.056
0 0.877 0.64 0.034 0.056
0 0.974 0.652 0.048 0.052
0 0.985 0.706 0.026 0.052
0 0.985 0.868 0.026 0.084
0 0.909 0.828 0.034 0.076
0 0.86 0.893 0.048 0.066
0 0.81 0.914 0.052 0.104
0 0.859 0.823 0.05 0.086
0 0.788 0.759 0.036 0.054
0 0.753 0.756 0.042 0.068
0 0.594 0.735 0.044 0.054
0 0.616 0.782 0.048 0.068
0 0.641 0.848 0.046 0.048
0 0.621 0.946 0.054 0.056
0 0.532 0.926 0.024 0.036
0 0.515 0.868 0.034 0.044
0 0.441 0.936 0.058 0.088
0 0.395 0.978 0.046 0.04
0 0.279 0.932 0.05 0.072
0 0.206 0.919 0.052 0.062
0 0.274 0.853 0.056 0.054
0 0.215 0.652 0.054 0.072
0 0.17 0.74 0.052 0.06
0 0.124 0.784 0.052 0.056
0 0.073 0.694 0.062 0.068
0 0.045 0.621 0.054 0.074
0 0.078 0.567 0.056 0.05
0 0.076 0.489 0.052 0.054
0 0.011 0.392 0.022 0.04
0 0.029 0.279 0.05 0.062
0 0.115 0.221 0.054 0.058
0 0.098 0.154 0.044 0.056
0 0.322 0.229 0.036 0.034
0 0.384 0.283 0.024 0.026
0 0.352 0.306 0.02 0.02
0 0.488 0.25 0.02 0.036
0 0.456 0.162 0.02 0.024
0 0.428 0.121 0.02 0.026
0 0.36 0.07 0.032 0.052
0 0.293 0.13 0.054 0.044
0 0.511 0.109 0.042 0.05
0 0.61 0.087 0.048 0.074
0 0.65 0.163 0.044 0.05
0 0.465 0.409 0.054 0.058
0 0.534 0.42 0.052 0.072
0 0.543 0.328 0.042 0.044
0 0.687 0.399 0.046 0.05
0 0.739 0.478 0.05 0.048
0 0.731 0.514 0.046 0.056
0 0.641 0.521 0.046 0.034
0 0.598 0.57 0.056 0.064
0 0.555 0.519 0.026 0.038
0 0.403 0.5 0.022 0.032
0 0.336 0.495 0.052 0.054
0 0.138 0.552 0.04 0.048
0 0.554 0.644 0.044 0.056
0 0.426 0.703 0.056 0.078
0 0.432 0.623 0.048 0.05
0 0.498 0.672 0.044 0.052
0 0.463 0.786 0.062 0.076
0 0.423 0.795 0.046 0.058
0 0.404 0.833 0.036 0.058
0 0.345 0.785 0.05 0.058
0 0.321 0.809 0.034 0.042
0 0.104 0.892 0.052 0.084
0 0.069 0.907 0.042 0.07
0 0.032 0.908 0.06 0.064
0 0.023 0.96 0.046 0.06
0 0.031 0.776 0.062 0.068
0 0.018 0.72 0.036 0.044
0 0.634 0.651 0.052 0.046
0 0.566 0.43 0.036 0.06
0 0.836 0.424 0.028 0.04
0 0.945 0.491 0.03 0.034
0 0.99 0.533 0.016 0.054
0 0.985 0.396 0.026 0.072
0 0.954 0.365 0.036 0.066
0 0.758 0.197 0.044 0.066
0 0.725 0.142 0.046 0.052
0 0.875 0.061 0.042 0.034
0 0.672 0.269 0.044 0.046
0 0.507 0.981 0.042 0.034
0 0.578 0.981 0.06 0.034
0 0.95 0.735 0.036 0.042
0 0.755 0.994 0.03 0.008
1 0.05 0.151 0.02 0.026
1 0.052 0.209 0.02 0.03
1 0.12 0.285 0.02 0.022
1 0.553 0.065 0.022 0.026
1 0.694 0.079 0.024 0.026
1 0.097 0.619 0.03 0.042
1 0.179 0.812 0.03 0.032
1 0.158 0.833 0.024 0.022
1 0.245 0.73 0.022 0.024
1 0.26 0.685 0.032 0.03
1 0.309 0.755 0.022 0.038
1 0.283 0.753 0.022 0.034
1 0.265 0.754 0.022 0.032
1 0.284 0.803 0.02 0.022
1 0.351 0.701 0.018 0.03
1 0.15 0.801 0.024 0.026
1 0.639 0.587 0.022 0.03
1 0.723 0.586 0.022 0.02
1 0.524 0.603 0.028 0.022
1 0.602 0.625 0.02 0.034
1 0.654 0.432 0.032 0.032
1 0.852 0.525 0.02 0.03
1 0.9 0.525 0.02 0.046
1 0.936 0.545 0.016 0.034
1 0.837 0.596 0.026 0.032
1 0.914 0.322 0.016 0.028
1 0.798 0.119 0.024 0.03
1 0.826 0.093 0.028 0.03
1 0.792 0.14 0.028 0.028
1 0.62 0.187 0.02 0.022
1 0.601 0.167 0.018 0.026
1 0.403 0.235 0.034 0.038
1 0.22 0.05 0.02 0.024
1 0.115 0.055 0.026 0.03
1 0.065 0.402 0.014 0.032
1 0.082 0.429 0.016 0.022
1 0.063 0.441 0.018 0.034
1 0.377 0.438 0.022 0.028
1 0.528 0.763 0.036 0.046
1 0.521 0.801 0.018 0.022
1 0.34 0.89 0.02 0.024
1 0.323 0.991 0.026 0.014
1 0.705 0.931 0.026 0.038
1 0.665 0.9 0.022 0.024
1 0.752 0.864 0.02 0.028
1 0.768 0.882 0.016 0.028
1 0.751 0.809 0.022 0.026
1 0.886 0.714 0.024 0.02
1 0.871 0.74 0.026 0.036
1 0.887 0.759 0.026 0.022
1 0.916 0.766 0.024 0.036
1 0.828 0.835 0.02 0.022
1 0.087 0.96 0.022 0.028
2 0.661 0.137 0.034 0.058
2 0.658 0.099 0.036 0.038
2 0.531 0.532 0.034 0.04
2 0.665 0.49 0.054 0.076
2 0.804 0.226 0.032 0.028
2 0.69 0.202 0.04 0.024
2 0.883 0.237 0.022 0.022
2 0.627 0.284 0.022 0.024
2 0.394 0.177 0.016 0.03
2 0.199 0.048 0.034 0.04
2 0.191 0.486 0.03 0.04
2 0.172 0.561 0.02 0.042
2 0.139 0.411 0.034 0.038
2 0.36 0.858 0.032 0.044
2 0.193 0.86 0.05 0.044
2 0.396 0.948 0.032 0.032
2 0.692 0.783 0.036 0.05
2 0.661 0.709 0.054 0.042
2 0.841 0.976 0.046 0.044
2 0.016 0.567 0.032 0.05
2 0.287 0.456 0.03 0.036