0 0.057 0.148 0.034 0.06
0 0.129 0.105 0.038 0.074
0 0.014 0.046 0.028 0.056
0 0.166 0.083 0.04 0.046
0 0.227 0.02 0.042 0.04
0 0.087 0.064 0.022 0.044
0 0.074 0.036 0.02 0.028
0 0.163 0.112 0.03 0.024
0 0.045 0.197 0.05 0.046
0 0.221 0.149 0.046 0.066
0 0.29 0.05 0.044 0.052
0 0.115 0.245 0.054 0.062
0 0.055 0.264 0.05 0.06
0 0.067 0.315 0.034 0.054
0 0.132 0.275 0.044 0.07
0 0.046 0.326 0.036 0.048
0 0.17 0.248 0.04 0.052
0 0.018 0.302 0.036 0.06
0 0.22 0.223 0.036 0.046
0 0.318 0.165 0.052 0.054
0 0.346 0.107 0.04 0.05
0 0.381 0.161 0.038 0.046
0 0.442 0.116 0.048 0.056
0 0.325 0.037 0.022 0.034
0 0.467 0.011 0.042 0.022
0 0.521 0.031 0.046 0.05
0 0.562 0.029 0.036 0.038
0 0.504 0.105 0.04 0.066
0 0.508 0.008 0.032 0.016
0 0.643 0.032 0.042 0.052
0 0.674 0.074 0.06 0.04
0 0.682 0.041 0.036 0.03
0 0.761 0.014 0.042 0.028
0 0.798 0.052 0.06 0.06
0 0.808 0.015 0.06 0.03
0 0.798 0.169 0.044 0.046
0 0.893 0.154 0.05 0.056
0 0.801 0.115 0.042 0.038
0 0.844 0.092 0.04 0.04
0 0.979 0.027 0.038 0.038
0 0.941 0.136 0.042 0.04
0 0.943 0.099 0.026 0.03
0 0.83 0.297 0.048 0.046
0 0.862 0.244 0.052 0.044
0 0.835 0.332 0.046 0.036
0 0.89 0.314 0.036 0.044
0 0.875 0.41 0.046 0.06
0 0.922 0.282 0.044 0.044
0 0.913 0.335 0.038 0.042
0 0.961 0.291 0.03 0.038
0 0.985 0.295 0.026 0.046
0 0.732 0.306 0.044 0.06
0 0.667 0.375 0.042 0.058
0 0.101 0.361 0.046 0.062
0 0.123 0.409 0.05 0.058
0 0.215 0.312 0.058 0.06
0 0.224 0.392 0.044 0.072
0 0.38 0.377 0.052 0.054
0 0.407 0.296 0.042 0.052
0 0.371 0.259 0.042 0.07
0 0.348 0.254 0.044 0.052
0 0.421 0.385 0.054 0.058
0 0.528 0.187 0.056 0.058
0 0.552 0.193 0.04 0.046
0 0.676 0.162 0.044 0.032
0 0.188 0.561 0.036 0.062
0 0.292 0.534 0.048 0.06
0 0.422 0.53 0.052 0.056
0 0.234 0.502 0.044 0.068
0 0.046 0.503 0.04 0.066
0 0.015 0.487 0.03 0.066
0 0.01 0.596 0.02 0.068
0 0.135 0.655 0.05 0.07
0 0.299 0.633 0.046 0.07
0 0.388 0.623 0.048 0.062
0 0.566 0.468 0.052 0.064
0 0.522 0.541 0.048 0.058
0 0.64 0.616 0.052 0.072
0 0.635 0.663 0.062 0.062
0 0.604 0.547 0.04 0.066
0 0.713 0.124 0.062 0.04
0 0.695 0.279 0.066 0.074
0 0.303 0.281 0.038 0.05
0 0.309 0.251 0.022 0.026
0 0.945 0.397 0.054 0.058
0 0.943 0.339 0.026 0.034
0 0.899 0.485 0.026 0.026
0 0.966 0.491 0.032 0.026
0 0.98 0.459 0.036 0.062
0 0.936 0.464 0.032 0.024
0 0.987 0.523 0.022 0.026
0 0.892 0.546 0.048 0.068
0 0.931 0.554 0.046 0.052
0 0.949 0.594 0.058 0.056
0 0.981 0.61 0.034 0.048
0 0.842 0.596 0.052 0.06
0 0.78 0.602 0.04 0.056
0 0.781 0.664 0.05 0.064
0 0.265 0.447 0.022 0.042
0 0.458 0.408 0.048 0.06
0 0.487 0.398 0.038 0.052
0 0.608 0.441 0.052 0.054
0 0.678 0.583 0.032 0.042
0 0.681 0.664 0.034 0.06
0 0.598 0.613 0.044 0.058
0 0.752 0.596 0.048 0.068
0 0.824 0.731 0.048 0.086
0 0.862 0.796 0.048 0.06
0 0.717 0.783 0.046 0.058
0 0.769 0.802 0.054 0.06
0 0.943 0.784 0.042 0.052
0 0.966 0.806 0.048 0.06
0 0.927 0.69 0.05 0.052
0 0.733 0.72 0.054 0.076
0 0.641 0.756 0.042 0.06
0 0.586 0.764 0.048 0.072
0 0.441 0.719 0.058 0.07
0 0.391 0.725 0.046 0.066
0 0.257 0.791 0.054 0.066
0 0.165 0.766 0.042 0.064
0 0.314 0.734 0.04 0.056
0 0.245 0.693 0.042 0.066
0 0.299 0.688 0.046 0.064
0 0.274 0.678 0.02 0.044
0 0.197 0.647 0.022 0.026
0 0.515 0.682 0.034 0.032
0 0.42 0.953 0.044 0.046
0 0.494 0.941 0.052 0.07
0 0.575 0.955 0.046 0.05
0 0.626 0.926 0.056 0.072
0 0.655 0.951 0.054 0.058
0 0.711 0.941 0.054 0.058
0 0.775 0.941 0.05 0.062
0 0.352 0.95 0.044 0.06
0 0.371 0.867 0.046 0.058
0 0.257 0.973 0.042 0.05
0 0.246 0.859 0.052 0.066
0 0.323 0.89 0.034 0.032
0 0.312 0.922 0.044 0.044
0 0.884 0.909 0.048 0.054
0 0.945 0.938 0.046 0.052
0 0.982 0.972 0.036 0.052
0 0.813 0.919 0.042 0.05
0 0.834 0.89 0.024 0.044
0 0.595 0.847 0.046 0.054
0 0.419 0.985 0.046 0.026
0 0.834 0.985 0.036 0.026
0 0.465 0.868 0.054 0.056
0 0.024 0.959 0.044 0.058
0 0.19 0.958 0.056 0.052
0 0.11 0.954 0.028 0.044
0 0.094 0.974 0.028 0.044
0 0.028 0.785 0.048 0.054
0 0.029 0.735 0.034 0.026
0 0.053 0.707 0.022 0.03
0 0.135 0.826 0.038 0.044
0 0.028 0.712 0.028 0.024
0 0.108 0.548 0.044 0.052
0 0.085 0.582 0.046 0.044
0 0.073 0.608 0.046 0.04
0 0.978 0.868 0.04 0.052
0 0.469 0.777 0.05 0.062
0 0.533 0.798 0.05 0.056
0 0.193 0.296 0.03 0.028
0 0.274 0.489 0.028 0.014
1 0.197 0.072 0.022 0.024
1 0.134 0.01 0.024 0.02
1 0.89 0.021 0.028 0.026
1 0.105 0.061 0.014 0.014
1 0.032 0.021 0.012 0.014
1 0.228 0.423 0.024 0.022
1 0.314 0.327 0.016 0.014
1 0.712 0.145 0.016 0.026
1 0.303 0.325 0.014 0.014
1 0.81 0.289 0.024 0.03
1 0.798 0.399 0.02 0.022
1 0.251 0.488 0.022 0.02
1 0.9 0.763 0.016 0.018
1 0.52 0.33 0.016 0.028
1 0.509 0.48 0.018 0.016
1 0.14 0.788 0.02 0.016
1 0.343 0.684 0.018 0.02
1 0.545 0.67 0.018 0.028
1 0.526 0.611 0.02 0.03
1 0.056 0.973 0.016 0.03
1 0.115 0.608 0.022 0.032
1 0.229 0.754 0.026 0.016
1 0.757 0.638 0.018 0.02
1 0.819 0.658 0.014 0.032
2 0.049 0.05 0.026 0.04
2 0.061 0.083 0.014 0.034
2 0.173 0.045 0.03 0.03
2 0.107 0.223 0.042 0.042
2 0.015 0.225 0.03 0.066
2 0.242 0.198 0.028 0.024
2 0.264 0.179 0.028 0.026
2 0.312 0.08 0.024 0.02
2 0.35 0.123 0.048 0.054
2 0.713 0.037 0.042 0.046
2 0.834 0.069 0.032 0.046
2 0.93 0.045 0.028 0.046
2 0.92 0.099 0.02 0.022
2 0.993 0.175 0.01 0.022
2 0.477 0.298 0.058 0.036
2 0.611 0.125 0.046 0.022
2 0.613 0.198 0.026 0.02
2 0.641 0.143 0.026 0.03
2 0.45 0.255 0.032 0.046
2 0.903 0.372 0.054 0.04
2 0.992 0.404 0.012 0.036
2 0.81 0.457 0.024 0.03
2 0.829 0.5 0.042 0.036
2 0.295 0.481 0.018 0.026
2 0.517 0.398 0.038 0.036
2 0.326 0.373 0.028 0.042
2 0.386 0.467 0.028 0.038
2 0.7 0.533 0.036 0.054
2 0.718 0.671 0.032 0.026
2 0.668 0.694 0.056 0.04
2 0.221 0.679 0.054 0.058
2 0.472 0.612 0.04 0.028
2 0.575 0.607 0.038 0.05
2 0.595 0.887 0.046 0.046
2 0.724 0.829 0.032 0.05
2 0.775 0.85 0.026 0.036
2 0.666 0.85 0.028 0.028
2 0.678 0.989 0.048 0.018
2 0.55 0.737 0.06 0.058
2 0.198 0.804 0.024 0.032
2 0.082 0.499 0.036 0.038
2 0.034 0.677 0.028 0.03
2 0.008 0.725 0.016 0.038
2 0.991 0.745 0.014 0.046
2 0.078 0.846 0.028 0.052
2 0.055 0.862 0.034 0.036
2 0.073 0.987 0.038 0.022
2 0.131 0.945 0.022 0.046
2 0.454 0.949 0.032 0.054
2 0.465 0.902 0.026 0.024
2 0.591 0.813 0.03 0.034
2 0.255 0.739 0.046 0.014
2 0.188 0.982 0.024 0.024
2 0.358 0.741 0.024 0.03
2 0.48 0.244 0.032 0.052
2 0.966 0.974 0.036 0.048
2 0.194 0.863 0.036 0.034
2 0.197 0.919 0.05 0.03
2 0.552 0.408 0.032 0.032
2 0.625 0.562 0.022 0.032