0 0.991 0.729 0.014 0.078
0 0.966 0.667 0.04 0.034
0 0.936 0.683 0.052 0.042
0 0.893 0.665 0.046 0.046
0 0.747 0.573 0.05 0.046
0 0.717 0.618 0.034 0.056
0 0.656 0.579 0.048 0.054
0 0.687 0.545 0.058 0.054
0 0.635 0.647 0.034 0.062
0 0.702 0.717 0.048 0.038
0 0.524 0.685 0.052 0.05
0 0.506 0.563 0.04 0.042
0 0.503 0.645 0.062 0.058
0 0.455 0.605 0.058 0.05
0 0.478 0.501 0.036 0.034
0 0.541 0.5 0.042 0.04
0 0.459 0.482 0.026 0.028
0 0.383 0.583 0.062 0.046
0 0.414 0.636 0.032 0.048
0 0.426 0.705 0.044 0.03
0 0.501 0.733 0.042 0.046
0 0.365 0.672 0.058 0.044
0 0.186 0.598 0.048 0.068
0 0.337 0.715 0.042 0.042
0 0.289 0.729 0.034 0.038
0 0.362 0.619 0.044 0.034
0 0.226 0.534 0.052 0.052
0 0.304 0.488 0.036 0.064
0 0.26 0.483 0.028 0.034
0 0.228 0.463 0.032 0.046
0 0.203 0.503 0.03 0.046
0 0.17 0.509 0.044 0.062
0 0.116 0.507 0.06 0.066
0 0.127 0.597 0.03 0.038
0 0.177 0.397 0.058 0.046
0 0.207 0.332 0.038 0.048
0 0.306 0.319 0.044 0.074
0 0.177 0.348 0.042 0.052
0 0.109 0.322 0.046 0.064
0 0.081 0.359 0.038 0.05
0 0.061 0.325 0.038 0.042
0 0.048 0.411 0.036 0.034
0 0.251 0.291 0.042 0.054
0 0.235 0.253 0.042 0.038
0 0.294 0.158 0.064 0.052
0 0.219 0.143 0.042 0.034
0 0.184 0.161 0.04 0.038
0 0.189 0.26 0.042 0.032
0 0.377 0.265 0.046 0.05
0 0.424 0.321 0.048 0.05
0 0.455 0.31 0.042 0.068
0 0.497 0.328 0.046 0.068
0 0.447 0.144 0.042 0.064
0 0.195 0.079 0.05 0.034
0 0.139 0.083 0.058 0.046
0 0.291 0.103 0.054 0.046
0 0.544 0.086 0.076 0.068
0 0.615 0.248 0.038 0.048
0 0.926 0.982 0.044 0.032
0 0.954 0.838 0.044 0.064
0 0.925 0.816 0.038 0.064
0 0.763 0.819 0.046 0.054
0 0.626 0.933 0.072 0.082
0 0.687 0.835 0.046 0.07
0 0.716 0.798 0.04 0.04
0 0.589 0.816 0.038 0.056
0 0.877 0.781 0.038 0.05
0 0.473 0.802 0.038 0.052
0 0.5 0.867 0.028 0.034
0 0.531 0.932 0.038 0.044
0 0.38 0.916 0.048 0.052
0 0.338 0.803 0.048 0.05
0 0.263 0.867 0.038 0.046
0 0.419 0.856 0.042 0.052
0 0.961 0.563 0.046 0.042
0 0.966 0.497 0.048 0.046
0 0.986 0.463 0.024 0.05
0 0.897 0.441 0.058 0.046
0 0.715 0.426 0.066 0.068
0 0.833 0.381 0.038 0.03
0 0.939 0.333 0.042 0.05
0 0.826 0.301 0.04 0.058
0 0.809 0.221 0.042 0.046
0 0.805 0.182 0.046 0.044
0 0.772 0.118 0.044 0.04
0 0.757 0.211 0.046 0.038
0 0.933 0.146 0.054 0.06
0 0.943 0.113 0.046 0.042
0 0.984 0.098 0.028 0.044
0 0.939 0.256 0.062 0.068
0 0.985 0.244 0.026 0.052
0 0.865 0.057 0.054 0.046
0 0.757 0.045 0.058 0.05
0 0.859 0.324 0.05 0.04
0 0.67 0.353 0.044 0.038
0 0.648 0.227 0.036 0.046
0 0.67 0.173 0.036 0.038
0 0.659 0.014 0.05 0.024
0 0.544 0.163 0.04 0.042
0 0.542 0.285 0.044 0.038
0 0.631 0.438 0.05 0.044
0 0.9 0.207 0.036 0.042
0 0.365 0.426 0.046 0.036
0 0.385 0.4 0.05 0.028
0 0.427 0.412 0.038 0.032
0 0.055 0.509 0.046 0.074
0 0.2 0.674 0.044 0.052
0 0.108 0.631 0.04 0.046
0 0.162 0.763 0.04 0.046
0 0.22 0.868 0.04 0.052
0 0.02 0.824 0.036 0.056
0 0.129 0.974 0.062 0.048
0 0.28 0.907 0.032 0.034
0 0.17 0.867 0.04 0.046
0 0.105 0.719 0.042 0.038
0 0.046 0.76 0.04 0.036
0 0.046 0.665 0.04 0.054
0 0.064 0.587 0.036 0.042
0 0.706 0.197 0.048 0.062
0 0.657 0.098 0.042 0.032
0 0.392 0.188 0.036 0.04
0 0.025 0.52 0.046 0.06
0 0.013 0.546 0.022 0.052
0 0.358 0.513 0.04 0.046
0 0.211 0.194 0.042 0.04
0 0.195 0.233 0.042 0.03
0 0.448 0.983 0.056 0.03
0 0.717 0.885 0.066 0.034
0 0.415 0.797 0.042 0.082
0 0.072 0.146 0.032 0.04
0 0.013 0.192 0.022 0.052
0 0.014 0.072 0.024 0.048
0 0.048 0.11 0.04 0.036
0 0.374 0.348 0.048 0.06
0 0.502 0.227 0.044 0.058
0 0.013 0.464 0.022 0.056
0 0.337 0.979 0.042 0.038
0 0.467 0.905 0.03 0.03
0 0.821 0.517 0.038 0.042
0 0.698 0.618 0.032 0.044
0 0.203 0.715 0.034 0.038
0 0.229 0.756 0.046 0.044
1 0.982 0.961 0.032 0.03
1 0.88 0.92 0.028 0.032
1 0.882 0.854 0.024 0.048
1 0.868 0.725 0.032 0.03
1 0.917 0.78 0.026 0.028
1 0.805 0.735 0.034 0.042
1 0.759 0.927 0.022 0.022
1 0.66 0.841 0.024 0.034
1 0.647 0.793 0.03 0.03
1 0.889 0.621 0.03 0.03
1 0.862 0.479 0.048 0.022
1 0.89 0.505 0.02 0.038
1 0.728 0.495 0.028 0.03
1 0.984 0.417 0.028 0.022
1 0.73 0.379 0.04 0.022
1 0.666 0.419 0.02 0.022
1 0.565 0.394 0.03 0.036
1 0.713 0.131 0.034 0.03
1 0.82 0.137 0.04 0.034
1 0.642 0.129 0.032 0.026
1 0.626 0.059 0.028 0.034
1 0.37 0.115 0.044 0.03
1 0.434 0.377 0.04 0.034
1 0.525 0.443 0.03 0.03
1 0.515 0.412 0.034 0.028
1 0.566 0.35 0.036 0.02
1 0.396 0.532 0.032 0.024
1 0.419 0.552 0.03 0.032
1 0.293 0.429 0.034 0.034
1 0.242 0.601 0.032 0.026
1 0.191 0.431 0.034 0.022
1 0.123 0.547 0.022 0.026
1 0.017 0.375 0.026 0.03
1 0.224 0.808 0.028 0.044
1 0.495 0.918 0.026 0.024
1 0.537 0.87 0.014 0.028
1 0.371 0.867 0.034 0.038
1 0.324 0.95 0.028 0.024
1 0.1 0.882 0.036 0.028
1 0.034 0.015 0.028 0.026
1 0.333 0.015 0.042 0.026
1 0.395 0.008 0.034 0.012
1 0.494 0.051 0.028 0.038
1 0.806 0.514 0.024 0.024
1 0.85 0.52 0.024 0.02
1 0.859 0.541 0.026 0.026
1 0.271 0.978 0.03 0.024
1 0.248 0.988 0.024 0.02
2 0.485 0.765 0.038 0.058
2 0.106 0.68 0.056 0.032
2 0.066 0.642 0.036 0.044
2 0.008 0.617 0.012 0.054
2 0.092 0.784 0.036 0.048
2 0.068 0.814 0.032 0.044
2 0.026 0.891 0.036 0.046
2 0.029 0.939 0.038 0.038
2 0.861 0.279 0.046 0.034
2 0.643 0.526 0.034 0.024
2 0.405 0.454 0.034 0.032
2 0.077 0.44 0.034 0.036
2 0.453 0.648 0.03 0.032
2 0.142 0.303 0.032 0.038
2 0.388 0.068 0.04 0.036
2 0.348 0.298 0.032 0.036
2 0.524 0.054 0.024 0.032
2 0.7 0.149 0.024 0.026
2 0.906 0.347 0.028 0.046
2 0.982 0.32 0.032 0.044
2 0.989 0.177 0.018 0.05
2 0.82 0.662 0.036 0.028
2 0.574 0.181 0.036 0.026