0 0.84 0.951 0.044 0.054
0 0.54 0.882 0.048 0.064
0 0.441 0.956 0.054 0.068
0 0.961 0.966 0.026 0.064
0 0.889 0.856 0.026 0.04
0 0.943 0.901 0.026 0.05
0 0.875 0.993 0.034 0.01
0 0.85 0.871 0.024 0.046
0 0.737 0.919 0.034 0.042
0 0.704 0.914 0.036 0.044
0 0.874 0.748 0.032 0.04
0 0.722 0.832 0.036 0.032
0 0.667 0.795 0.038 0.042
0 0.359 0.984 0.058 0.028
0 0.992 0.741 0.012 0.042
0 0.392 0.458 0.044 0.072
0 0.285 0.304 0.058 0.056
0 0.505 0.264 0.034 0.048
0 0.656 0.742 0.048 0.04
0 0.297 0.782 0.038 0.06
0 0.433 0.718 0.042 0.048
0 0.797 0.962 0.026 0.036
0 0.892 0.774 0.028 0.036
0 0.091 0.124 0.038 0.056
0 0.682 0.305 0.036 0.038
0 0.858 0.502 0.036 0.04
0 0.862 0.334 0.032 0.04
0 0.841 0.637 0.038 0.042
0 0.706 0.573 0.028 0.042
0 0.597 0.698 0.038 0.06
0 0.483 0.839 0.034 0.03
0 0.654 0.185 0.048 0.034
0 0.792 0.068 0.06 0.076
0 0.01 0.095 0.016 0.038
0 0.008 0.048 0.012 0.036
0 0.089 0.041 0.078 0.07
0 0.771 0.589 0.034 0.05
0 0.509 0.33 0.042 0.036
0 0.577 0.136 0.046 0.06
0 0.554 0.118 0.036 0.04
0 0.611 0.027 0.07 0.05
0 0.515 0.627 0.038 0.046
0 0.368 0.642 0.04 0.044
0 0.499 0.763 0.034 0.046
0 0.123 0.975 0.034 0.042
0 0.036 0.939 0.032 0.046
0 0.108 0.804 0.04 0.044
0 0.915 0.633 0.038 0.038
0 0.652 0.648 0.036 0.06
0 0.585 0.574 0.038 0.036
0 0.554 0.569 0.036 0.038
0 0.734 0.85 0.032 0.036
0 0.606 0.991 0.032 0.014
0 0.537 0.99 0.042 0.016
0 0.787 0.764 0.03 0.024
0 0.659 0.923 0.03 0.042
0 0.597 0.752 0.03 0.04
0 0.611 0.814 0.034 0.048
0 0.514 0.669 0.032 0.034
0 0.436 0.756 0.044 0.04
0 0.597 0.506 0.042 0.056
0 0.909 0.205 0.034 0.03
0 0.918 0.17 0.044 0.036
0 0.697 0.202 0.062 0.032
0 0.875 0.022 0.026 0.024
0 0.612 0.461 0.04 0.05
0 0.911 0.51 0.03 0.036
0 0.887 0.524 0.038 0.024
0 0.811 0.207 0.058 0.026
0 0.968 0.312 0.04 0.02
0 0.992 0.221 0.012 0.026
0 0.944 0.136 0.04 0.04
0 0.914 0.138 0.024 0.016
0 0.733 0.631 0.014 0.038
0 0.669 0.118 0.074 0.048
0 0.766 0.106 0.028 0.044
0 0.9 0.698 0.036 0.052
0 0.753 0.327 0.03 0.022
0 0.649 0.342 0.03 0.024
0 0.19 0.867 0.028 0.03
0 0.135 0.793 0.03 0.042
0 0.102 0.644 0.032 0.048
0 0.07 0.649 0.036 0.046
0 0.155 0.484 0.038 0.052
0 0.127 0.468 0.042 0.044
0 0.082 0.472 0.044 0.06
0 0.045 0.532 0.046 0.04
0 0.173 0.736 0.038 0.06
0 0.083 0.431 0.05 0.03
0 0.181 0.671 0.038 0.046
0 0.044 0.847 0.04 0.038
0 0.262 0.786 0.036 0.072
0 0.367 0.577 0.034 0.034
0 0.478 0.337 0.04 0.034
0 0.45 0.374 0.056 0.04
0 0.376 0.3 0.044 0.028
0 0.386 0.166 0.036 0.056
0 0.318 0.205 0.028 0.042
0 0.677 0.832 0.034 0.028
0 0.37 0.062 0.064 0.044
0 0.137 0.188 0.042 0.056
0 0.108 0.183 0.024 0.026
0 0.01 0.302 0.016 0.06
0 0.41 0.328 0.032 0.024
0 0.398 0.572 0.04 0.052
0 0.337 0.547 0.042 0.054
0 0.075 0.37 0.038 0.036
0 0.14 0.938 0.036 0.048
0 0.076 0.821 0.032 0.03
0 0.027 0.813 0.042 0.054
0 0.226 0.827 0.032 0.042
0 0.228 0.633 0.028 0.058
0 0.37 0.386 0.024 0.028
0 0.535 0.276 0.03 0.068
0 0.569 0.267 0.034 0.042
0 0.339 0.098 0.046 0.048
0 0.651 0.843 0.026 0.05
0 0.985 0.01 0.026 0.016
0 0.994 0.191 0.008 0.026
0 0.688 0.689 0.032 0.07
0 0.515 0.961 0.038 0.062
0 0.471 0.994 0.022 0.008
0 0.479 0.905 0.022 0.034
0 0.154 0.139 0.068 0.058
0 0.317 0.072 0.046 0.044
0 0.026 0.984 0.048 0.028
0 0.689 0.159 0.066 0.026
0 0.958 0.536 0.036 0.056
0 0.537 0.075 0.054 0.046
0 0.441 0.158 0.03 0.024
0 0.438 0.85 0.028 0.048
0 0.279 0.834 0.026 0.036
0 0.233 0.761 0.026 0.018
0 0.275 0.448 0.03 0.044
0 0.72 0.437 0.032 0.042
0 0.716 0.476 0.028 0.056
0 0.699 0.424 0.03 0.04
0 0.457 0.672 0.054 0.04
0 0.359 0.129 0.042 0.066
0 0.972 0.419 0.028 0.046
0 0.849 0.69 0.034 0.04
0 0.802 0.692 0.04 0.044
0 0.77 0.468 0.032 0.04
0 0.339 0.934 0.03 0.048
0 0.557 0.798 0.034 0.064
0 0.86 0.59 0.028 0.044
0 0.957 0.393 0.026 0.034
0 0.246 0.113 0.044 0.05
0 0.261 0.384 0.034 0.056
0 0.365 0.161 0.026 0.034
0 0.203 0.468 0.034 0.048
0 0.04 0.745 0.048 0.058
0 0.426 0.123 0.064 0.054
0 0.504 0.552 0.036 0.036
0 0.298 0.383 0.04 0.03
0 0.24 0.379 0.036 0.074
0 0.413 0.387 0.05 0.062
0 0.005 0.468 0.006 0.032
1 0.805 0.399 0.026 0.022
1 0.842 0.745 0.024 0.022
1 0.782 0.933 0.016 0.022
1 0.437 0.811 0.018 0.018
1 0.904 0.811 0.016 0.022
1 0.874 0.803 0.02 0.026
1 0.744 0.034 0.02 0.024
1 0.955 0.071 0.022 0.026
1 0.588 0.385 0.02 0.03
1 0.934 0.208 0.028 0.032
1 0.757 0.282 0.038 0.032
1 0.806 0.853 0.024 0.026
1 0.387 0.856 0.026 0.024
1 0.818 0.879 0.028 0.03
1 0.704 0.99 0.028 0.016
1 0.822 0.992 0.02 0.012
1 0.769 0.985 0.03 0.026
1 0.978 0.7 0.024 0.032
1 0.989 0.623 0.018 0.034
1 0.879 0.147 0.03 0.034
1 0.972 0.122 0.032 0.04
1 0.557 0.025 0.026 0.018
1 0.681 0.014 0.026 0.02
1 0.936 0.304 0.028 0.028
1 0.235 0.246 0.038 0.032
1 0.853 0.165 0.034 0.026
1 0.529 0.422 0.034 0.036
1 0.146 0.619 0.032 0.038
1 0.303 0.988 0.03 0.02
1 0.34 0.171 0.016 0.022
1 0.137 0.35 0.022 0.028
1 0.198 0.079 0.02 0.022
1 0.296 0.519 0.032 0.034
1 0.042 0.332 0.032 0.024
1 0.193 0.579 0.026 0.038
1 0.011 0.62 0.018 0.02
1 0.992 0.443 0.012 0.054
1 0.009 0.725 0.014 0.078
1 0.438 0.631 0.032 0.03
1 0.2 0.213 0.024 0.018
1 0.391 0.909 0.026 0.038
1 0.605 0.222 0.022 0.024
1 0.581 0.2 0.046 0.032
1 0.247 0.2 0.038 0.024
1 0.402 0.268 0.02 0.028
1 0.209 0.524 0.022 0.02
1 0.699 0.754 0.022 0.028
1 0.715 0.774 0.022 0.028
1 0.785 0.564 0.018 0.032
2 0.768 0.154 0.016 0.012
2 0.747 0.525 0.026 0.026
2 0.667 0.449 0.022 0.042
2 0.896 0.398 0.016 0.012
2 0.958 0.8 0.024 0.048
2 0.716 0.385 0.016 0.026
2 0.868 0.062 0.02 0.016
2 0.688 0.512 0.028 0.02
2 0.963 0.758 0.014 0.012
2 0.654 0.287 0.008 0.014
2 0.856 0.133 0.012 0.014
2 0.111 0.767 0.038 0.018
2 0.333 0.823 0.018 0.022
2 0.677 0.994 0.014 0.008
2 0.508 0.878 0.02 0.036
2 0.906 0.572 0.044 0.024
2 0.589 0.82 0.018 0.028
2 0.678 0.244 0.044 0.032
2 0.59 0.43 0.024 0.024
2 0.788 0.252 0.024 0.02
2 0.997 0.14 0.002 0.016
2 0.638 0.082 0.028 0.02
2 0.788 0.317 0.036 0.022
2 0.977 0.345 0.026 0.026
2 0.868 0.281 0.04 0.026
2 0.025 0.58 0.014 0.016
2 0.014 0.645 0.012 0.01
2 0.077 0.575 0.018 0.022
2 0.128 0.842 0.028 0.032
2 0.116 0.906 0.024 0.032
2 0.121 0.687 0.026 0.034
2 0.186 0.809 0.024 0.03
2 0.3 0.721 0.032 0.042
2 0.278 0.624 0.012 0.012
2 0.273 0.153 0.01 0.01
2 0.263 0.039 0.014 0.006
2 0.144 0.019 0.016 0.014
2 0.07 0.006 0.024 0.008
2 0.008 0.016 0.012 0.016
2 0.36 0.482 0.016 0.028
2 0.622 0.536 0.028 0.028
2 0.201 0.324 0.018 0.02
2 0.085 0.264 0.022 0.02
2 0.063 0.242 0.038 0.024
2 0.221 0.945 0.034 0.034
2 0.436 0.2 0.024 0.02
2 0.51 0.192 0.04 0.024
2 0.177 0.062 0.03 0.02
2 0.201 0.614 0.03 0.032
2 0.363 0.248 0.01 0.04
2 0.968 0.028 0.016 0.052
2 0.824 0.486 0.032 0.032
2 0.492 0.517 0.028 0.026
2 0.585 0.084 0.046 0.048
2 0.504 0.051 0.024 0.03
2 0.433 0.071 0.042 0.03
2 0.428 0.043 0.016 0.014
2 0.244 0.023 0.064 0.042
2 0.802 0.573 0.028 0.034
2 0.237 0.458 0.026 0.02