0 0.965 0.65 0.066 0.088
0 0.757 0.609 0.066 0.082
0 0.753 0.657 0.062 0.042
0 0.686 0.6 0.06 0.096
0 0.938 0.798 0.052 0.068
0 0.9 0.803 0.032 0.05
0 0.774 0.679 0.056 0.038
0 0.745 0.718 0.07 0.052
0 0.701 0.75 0.058 0.088
0 0.904 0.726 0.048 0.068
0 0.897 0.689 0.038 0.042
0 0.786 0.758 0.036 0.052
0 0.934 0.414 0.048 0.068
0 0.946 0.469 0.036 0.038
0 0.915 0.462 0.046 0.028
0 0.864 0.464 0.04 0.068
0 0.982 0.859 0.032 0.074
0 0.898 0.946 0.06 0.052
0 0.897 0.622 0.042 0.048
0 0.87 0.573 0.036 0.046
0 0.824 0.582 0.04 0.04
0 0.941 0.965 0.042 0.034
0 0.631 0.885 0.034 0.046
0 0.174 0.974 0.056 0.048
0 0.07 0.848 0.056 0.092
0 0.166 0.805 0.056 0.07
0 0.128 0.893 0.076 0.046
0 0.651 0.653 0.038 0.062
0 0.39 0.959 0.044 0.038
0 0.349 0.951 0.058 0.038
0 0.276 0.916 0.052 0.044
0 0.308 0.856 0.06 0.052
0 0.537 0.852 0.042 0.048
0 0.481 0.715 0.062 0.098
0 0.989 0.529 0.018 0.082
0 0.967 0.546 0.03 0.036
0 0.786 0.353 0.048 0.042
0 0.795 0.317 0.038 0.034
0 0.793 0.388 0.03 0.036
0 0.907 0.365 0.038 0.034
0 0.875 0.358 0.038 0.056
0 0.873 0.291 0.03 0.042
0 0.784 0.137 0.052 0.05
0 0.777 0.178 0.042 0.032
0 0.797 0.164 0.026 0.028
0 0.692 0.517 0.044 0.046
0 0.615 0.453 0.042 0.062
0 0.515 0.403 0.05 0.086
0 0.446 0.437 0.056 0.082
0 0.324 0.626 0.056 0.088
0 0.495 0.567 0.05 0.054
0 0.602 0.522 0.044 0.04
0 0.64 0.467 0.024 0.054
0 0.635 0.203 0.054 0.09
0 0.612 0.282 0.056 0.064
0 0.62 0.352 0.048 0.052
0 0.555 0.316 0.038 0.036
0 0.732 0.262 0.036 0.068
0 0.813 0.262 0.042 0.044
0 0.919 0.247 0.038 0.054
0 0.986 0.324 0.024 0.04
0 0.473 0.946 0.038 0.032
0 0.352 0.893 0.028 0.038
0 0.435 0.562 0.03 0.036
0 0.383 0.668 0.034 0.032
0 0.147 0.671 0.05 0.078
0 0.049 0.598 0.058 0.076
0 0.022 0.58 0.032 0.04
0 0.03 0.471 0.052 0.07
0 0.257 0.448 0.062 0.112
0 0.389 0.427 0.038 0.082
0 0.331 0.489 0.05 0.058
0 0.659 0.021 0.046 0.042
0 0.728 0.036 0.048 0.068
0 0.517 0.123 0.042 0.038
0 0.525 0.17 0.026 0.044
0 0.578 0.174 0.032 0.032
0 0.31 0.377 0.056 0.11
0 0.443 0.218 0.034 0.06
0 0.414 0.15 0.048 0.076
0 0.302 0.338 0.052 0.032
0 0.088 0.341 0.04 0.066
0 0.127 0.299 0.062 0.09
0 0.202 0.39 0.032 0.072
0 0.018 0.366 0.032 0.048
0 0.073 0.407 0.038 0.05
0 0.072 0.033 0.04 0.054
0 0.061 0.063 0.042 0.034
0 0.153 0.123 0.034 0.058
0 0.247 0.122 0.034 0.036
0 0.174 0.022 0.04 0.044
0 0.449 0.045 0.042 0.062
0 0.393 0.022 0.034 0.044
0 0.381 0.073 0.046 0.042
0 0.322 0.031 0.032 0.062
0 0.278 0.02 0.032 0.04
0 0.314 0.249 0.04 0.046
0 0.433 0.32 0.042 0.108
0 0.177 0.366 0.046 0.076
0 0.081 0.269 0.034 0.054
0 0.006 0.835 0.008 0.046
1 0.96 0.737 0.032 0.026
1 0.851 0.763 0.022 0.034
1 0.795 0.797 0.022 0.03
1 0.699 0.816 0.022 0.02
1 0.943 0.913 0.022 0.026
1 0.855 0.986 0.022 0.024
1 0.822 0.919 0.028 0.026
1 0.778 0.975 0.044 0.042
1 0.751 0.95 0.03 0.028
1 0.718 0.979 0.028 0.018
1 0.155 0.873 0.022 0.022
1 0.449 0.744 0.018 0.024
1 0.782 0.857 0.044 0.034
1 0.597 0.688 0.018 0.028
1 0.606 0.711 0.02 0.03
1 0.631 0.763 0.026 0.022
1 0.564 0.889 0.032 0.03
1 0.505 0.807 0.042 0.03
1 0.44 0.834 0.032 0.028
1 0.371 0.807 0.018 0.042
1 0.959 0.576 0.022 0.02
1 0.87 0.328 0.016 0.02
1 0.777 0.555 0.026 0.018
1 0.864 0.637 0.016 0.022
1 0.721 0.501 0.022 0.026
1 0.488 0.546 0.02 0.024
1 0.969 0.297 0.01 0.014
1 0.973 0.308 0.01 0.016
1 0.847 0.23 0.026 0.032
1 0.801 0.226 0.018 0.02
1 0.695 0.366 0.026 0.024
1 0.355 0.668 0.022 0.02
1 0.116 0.792 0.036 0.028
1 0.134 0.837 0.024 0.022
1 0.034 0.974 0.016 0.028
1 0.205 0.713 0.018 0.034
1 0.183 0.755 0.03 0.018
1 0.145 0.733 0.022 0.022
1 0.095 0.714 0.022 0.036
1 0.065 0.735 0.03 0.038
1 0.046 0.55 0.024 0.024
1 0.265 0.56 0.014 0.02
1 0.151 0.569 0.038 0.03
1 0.392 0.574 0.024 0.032
1 0.765 0.046 0.022 0.032
1 0.56 0.206 0.024 0.032
1 0.619 0.148 0.03 0.028
1 0.522 0.093 0.024 0.018
1 0.589 0.579 0.03 0.03
1 0.489 0.169 0.022 0.026
1 0.368 0.138 0.02 0.02
1 0.343 0.193 0.03 0.03
1 0.242 0.346 0.016 0.02
1 0.061 0.31 0.026 0.02
1 0.047 0.384 0.026 0.032
1 0.085 0.106 0.018 0.02
1 0.336 0.076 0.024 0.028
1 0.221 0.033 0.026 0.03
1 0.293 0.083 0.03 0.026
1 0.346 0.285 0.032 0.022
1 0.689 0.111 0.022 0.018
1 0.579 0.121 0.022 0.03
1 0.698 0.312 0.02 0.028
1 0.562 0.499 0.016 0.018
1 0.546 0.505 0.016 0.022
1 0.479 0.485 0.018 0.018
1 0.905 0.194 0.022 0.028
1 0.048 0.171 0.028 0.014
1 0.095 0.452 0.038 0.032
1 0.022 0.424 0.02 0.036
1 0.234 0.537 0.032 0.022
1 0.226 0.289 0.016 0.014
1 0.07 0.971 0.024 0.022
2 0.414 0.621 0.024 0.05
2 0.404 0.681 0.02 0.046
2 0.737 0.436 0.022 0.036
2 0.642 0.711 0.008 0.026
2 0.037 0.249 0.014 0.014
2 0.488 0.021 0.016 0.026
2 0.157 0.221 0.022 0.074
2 0.166 0.274 0.016 0.028
2 0.586 0.763 0.02 0.018
2 0.84 0.515 0.024 0.018
2 0.762 0.843 0.028 0.018
2 0.051 0.97 0.014 0.012
2 0.025 0.907 0.018 0.014
2 0.225 0.617 0.018 0.014