0 0.313 0.763 0.042 0.066
0 0.343 0.711 0.05 0.066
0 0.268 0.658 0.036 0.048
0 0.308 0.648 0.04 0.056
0 0.334 0.582 0.044 0.048
0 0.402 0.611 0.056 0.074
0 0.386 0.529 0.044 0.058
0 0.456 0.611 0.048 0.066
0 0.481 0.665 0.034 0.066
0 0.381 0.762 0.066 0.084
0 0.401 0.797 0.046 0.058
0 0.505 0.783 0.058 0.066
0 0.545 0.719 0.05 0.062
0 0.499 0.678 0.038 0.08
0 0.544 0.644 0.052 0.064
0 0.622 0.627 0.052 0.062
0 0.674 0.657 0.04 0.062
0 0.692 0.677 0.036 0.05
0 0.742 0.683 0.068 0.102
0 0.612 0.512 0.048 0.056
0 0.556 0.495 0.044 0.05
0 0.518 0.429 0.036 0.05
0 0.558 0.402 0.04 0.06
0 0.594 0.371 0.036 0.054
0 0.507 0.388 0.038 0.056
0 0.425 0.352 0.046 0.048
0 0.375 0.304 0.07 0.068
0 0.294 0.291 0.032 0.042
0 0.338 0.267 0.048 0.066
0 0.478 0.209 0.044 0.046
0 0.465 0.251 0.034 0.042
0 0.521 0.218 0.046 0.044
0 0.426 0.305 0.036 0.046
0 0.476 0.297 0.032 0.054
0 0.491 0.348 0.046 0.068
0 0.017 0.724 0.034 0.072
0 0.065 0.781 0.05 0.058
0 0.158 0.701 0.056 0.07
0 0.098 0.716 0.04 0.048
0 0.183 0.72 0.034 0.044
0 0.132 0.648 0.048 0.048
0 0.148 0.598 0.048 0.048
0 0.102 0.579 0.056 0.05
0 0.069 0.549 0.046 0.07
0 0.122 0.494 0.044 0.052
0 0.229 0.493 0.066 0.062
0 0.208 0.421 0.048 0.066
0 0.258 0.531 0.056 0.074
0 0.36 0.409 0.04 0.062
0 0.477 0.481 0.046 0.062
0 0.508 0.281 0.032 0.05
0 0.548 0.29 0.036 0.064
0 0.623 0.289 0.082 0.094
0 0.613 0.275 0.05 0.058
0 0.612 0.221 0.04 0.046
0 0.591 0.196 0.042 0.048
0 0.665 0.168 0.054 0.06
0 0.731 0.147 0.042 0.054
0 0.697 0.128 0.038 0.032
0 0.799 0.221 0.062 0.074
0 0.736 0.289 0.032 0.05
0 0.722 0.482 0.032 0.044
0 0.751 0.433 0.034 0.058
0 0.779 0.352 0.038 0.048
0 0.796 0.369 0.04 0.05
0 0.832 0.322 0.04 0.044
0 0.868 0.186 0.036 0.048
0 0.886 0.135 0.04 0.058
0 0.777 0.124 0.034 0.06
0 0.775 0.078 0.038 0.04
0 0.686 0.059 0.032 0.062
0 0.729 0.066 0.042 0.044
0 0.847 0.042 0.05 0.048
0 0.822 0.109 0.036 0.042
0 0.931 0.09 0.058 0.06
0 0.969 0.067 0.034 0.054
0 0.875 0.34 0.038 0.068
0 0.907 0.344 0.042 0.072
0 0.943 0.401 0.038 0.062
0 0.985 0.406 0.026 0.064
0 0.906 0.523 0.032 0.054
0 0.838 0.63 0.04 0.052
0 0.795 0.731 0.07 0.07
0 0.882 0.7 0.032 0.044
0 0.99 0.674 0.016 0.072
0 0.915 0.75 0.038 0.084
0 0.967 0.56 0.042 0.052
0 0.02 0.385 0.04 0.046
0 0.055 0.352 0.034 0.04
0 0.012 0.285 0.024 0.038
0 0.081 0.226 0.054 0.048
0 0.131 0.269 0.058 0.046
0 0.186 0.216 0.044 0.06
0 0.121 0.163 0.05 0.058
0 0.118 0.03 0.036 0.048
0 0.132 0.068 0.064 0.068
0 0.214 0.03 0.044 0.056
0 0.256 0.031 0.052 0.054
0 0.276 0.082 0.048 0.06
0 0.412 0.09 0.048 0.052
0 0.455 0.125 0.054 0.054
0 0.383 0.19 0.062 0.068
0 0.514 0.163 0.024 0.046
0 0.561 0.134 0.05 0.056
0 0.459 0.076 0.042 0.056
0 0.521 0.071 0.038 0.054
0 0.226 0.171 0.048 0.062
0 0.226 0.239 0.036 0.046
0 0.237 0.343 0.042 0.058
0 0.398 0.036 0.052 0.068
0 0.66 0.108 0.044 0.048
0 0.777 0.009 0.05 0.014
0 0.846 0.269 0.04 0.058
0 0.778 0.505 0.036 0.05
0 0.859 0.674 0.05 0.064
0 0.677 0.772 0.034 0.052
0 0.629 0.775 0.058 0.05
0 0.583 0.835 0.03 0.042
0 0.58 0.917 0.04 0.05
0 0.508 0.979 0.048 0.038
0 0.584 0.979 0.048 0.038
0 0.649 0.933 0.066 0.074
0 0.651 0.984 0.046 0.028
0 0.763 0.976 0.054 0.044
0 0.806 0.887 0.044 0.066
0 0.954 0.874 0.056 0.084
0 0.951 0.771 0.034 0.066
0 0.978 0.737 0.04 0.07
0 0.017 0.933 0.034 0.062
0 0.197 0.871 0.046 0.054
0 0.142 0.972 0.044 0.052
0 0.204 0.943 0.052 0.07
0 0.293 0.939 0.054 0.066
0 0.309 0.891 0.042 0.038
0 0.339 0.85 0.046 0.06
0 0.389 0.889 0.046 0.078
0 0.402 0.989 0.036 0.018
0 0.681 0.835 0.05 0.074
0 0.012 0.584 0.024 0.056
0 0.27 0.178 0.032 0.044
0 0.154 0.089 0.052 0.046
0 0.113 0.064 0.034 0.036
0 0.951 0.201 0.03 0.054
0 0.988 0.151 0.02 0.066
0 0.9 0.181 0.032 0.054
0 0.834 0.14 0.036 0.056
0 0.054 0.989 0.04 0.018
0 0.197 0.987 0.03 0.022
0 0.333 0.982 0.054 0.032
0 0.71 0.92 0.036 0.06
0 0.885 0.909 0.046 0.058
0 0.912 0.891 0.024 0.042
0 0.572 0.56 0.032 0.036
0 0.641 0.455 0.026 0.042
0 0.933 0.467 0.03 0.038
0 0.342 0.921 0.036 0.046
0 0.764 0.936 0.032 0.04
0 0.148 0.226 0.024 0.04
0 0.277 0.219 0.042 0.046
0 0.391 0.005 0.022 0.006
0 0.496 0.014 0.06 0.024
0 0.549 0.006 0.022 0.008
0 0.031 0.085 0.026 0.03
1 0.363 0.454 0.034 0.024
1 0.39 0.451 0.02 0.03
1 0.09 0.045 0.028 0.034
1 0.102 0.762 0.032 0.028
1 0.082 0.317 0.028 0.038
1 0.04 0.881 0.024 0.018
1 0.041 0.827 0.018 0.026
1 0.103 0.845 0.026 0.022
1 0.176 0.838 0.02 0.024
1 0.138 0.783 0.016 0.03
1 0.295 0.86 0.022 0.024
1 0.209 0.673 0.014 0.018
1 0.083 0.663 0.018 0.03
1 0.03 0.506 0.028 0.032
1 0.142 0.347 0.012 0.022
1 0.047 0.159 0.022 0.014
1 0.026 0.189 0.02 0.026
1 0.336 0.954 0.032 0.016
1 0.434 0.952 0.012 0.036
1 0.52 0.832 0.012 0.028
1 0.588 0.683 0.024 0.022
1 0.618 0.72 0.016 0.024
1 0.657 0.697 0.026 0.022
1 0.814 0.505 0.016 0.018
1 0.853 0.592 0.026 0.02
1 0.521 0.49 0.014 0.02
1 0.486 0.519 0.032 0.01
1 0.727 0.76 0.018 0.024
1 0.175 0.423 0.022 0.022
1 0.895 0.245 0.018 0.026
1 0.426 0.034 0.016 0.02
1 0.45 0.037 0.008 0.018
1 0.176 0.147 0.02 0.014
1 0.179 0.107 0.018 0.014
1 0.36 0.22 0.032 0.028
1 0.529 0.265 0.022 0.014
1 0.633 0.241 0.018 0.022
1 0.931 0.167 0.018 0.018
1 0.838 0.478 0.02 0.024
1 0.915 0.446 0.034 0.02
1 0.693 0.215 0.026 0.042
1 0.512 0.569 0.02 0.018
1 0.57 0.586 0.024 0.032
1 0.63 0.574 0.024 0.036
1 0.892 0.667 0.02 0.03
1 0.621 0.474 0.014 0.012
1 0.482 0.87 0.02 0.024
1 0.957 0.976 0.03 0.04
1 0.71 0.826 0.012 0.012
1 0.091 0.818 0.018 0.028
1 0.005 0.24 0.01 0.016
1 0.911 0.044 0.026 0.016
1 0.942 0.042 0.028 0.012
2 0.005 0.837 0.01 0.03
2 0.235 0.901 0.018 0.022
2 0.85 0.995 0.024 0.006
2 0.521 0.935 0.014 0.018
2 0.53 0.952 0.012 0.012
2 0.564 0.871 0.028 0.022
2 0.703 0.873 0.014 0.022
2 0.144 0.006 0.036 0.008
2 0.586 0.005 0.012 0.006
2 0.643 0.006 0.018 0.008
2 0.901 0.296 0.014 0.02
2 0.711 0.243 0.026 0.038
2 0.949 0.339 0.022 0.034
2 0.201 0.161 0.002 0.006
2 0.196 0.149 0.012 0.01
2 0.312 0.032 0.016 0.02
2 0.263 0.297 0.014 0.014
2 0.203 0.363 0.014 0.018
2 0.255 0.267 0.014 0.026
2 0.448 0.193 0.028 0.022
2 0.769 0.399 0.022 0.014
2 0.686 0.522 0.028 0.024
2 0.727 0.536 0.01 0.016
2 0.152 0.563 0.028 0.006
2 0.193 0.609 0.018 0.022
2 0.821 0.833 0.01 0.01
2 0.856 0.814 0.012 0.036
2 0.864 0.749 0.008 0.01
2 0.877 0.736 0.006 0.008
2 0.996 0.611 0.004 0.046
2 0.995 0.56 0.006 0.024
2 0.992 0.21 0.012 0.024
2 0.27 0.134 0.024 0.028