0 0.55 0.853 0.044 0.058
0 0.324 0.289 0.044 0.038
0 0.51 0.669 0.04 0.038
0 0.602 0.757 0.044 0.042
0 0.739 0.563 0.03 0.03
0 0.42 0.746 0.032 0.044
0 0.318 0.421 0.028 0.03
0 0.243 0.665 0.034 0.038
0 0.158 0.569 0.036 0.03
0 0.298 0.848 0.036 0.028
0 0.19 0.594 0.036 0.036
0 0.419 0.19 0.046 0.044
0 0.282 0.249 0.036 0.03
0 0.774 0.632 0.048 0.056
0 0.703 0.816 0.05 0.052
0 0.513 0.784 0.05 0.06
0 0.876 0.899 0.052 0.046
0 0.741 0.951 0.038 0.026
0 0.677 0.458 0.054 0.036
0 0.746 0.521 0.024 0.03
0 0.521 0.526 0.03 0.04
0 0.278 0.589 0.044 0.042
0 0.301 0.659 0.038 0.03
0 0.454 0.541 0.044 0.046
0 0.325 0.877 0.034 0.034
0 0.4 0.862 0.048 0.032
0 0.543 0.594 0.046 0.04
0 0.632 0.39 0.068 0.064
0 0.803 0.317 0.042 0.046
0 0.724 0.307 0.032 0.054
0 0.647 0.312 0.038 0.036
0 0.713 0.193 0.074 0.078
0 0.712 0.091 0.06 0.074
0 0.82 0.162 0.048 0.048
0 0.861 0.088 0.026 0.032
0 0.585 0.221 0.07 0.046
0 0.303 0.066 0.046 0.04
0 0.107 0.172 0.05 0.04
0 0.152 0.382 0.048 0.044
0 0.235 0.38 0.046 0.04
0 0.073 0.458 0.046 0.032
0 0.039 0.422 0.042 0.024
0 0.102 0.31 0.04 0.028
0 0.057 0.377 0.042 0.038
0 0.357 0.353 0.042 0.046
0 0.576 0.665 0.036 0.034
0 0.594 0.646 0.044 0.04
0 0.183 0.52 0.038 0.028
0 0.167 0.181 0.042 0.03
0 0.254 0.049 0.036 0.038
0 0.366 0.021 0.044 0.038
0 0.614 0.042 0.072 0.06
0 0.91 0.437 0.064 0.05
0 0.843 0.649 0.042 0.054
0 0.826 0.924 0.032 0.064
0 0.825 0.7 0.034 0.032
0 0.84 0.544 0.044 0.052
0 0.773 0.465 0.038 0.034
0 0.86 0.361 0.032 0.038
0 0.969 0.199 0.034 0.03
0 0.88 0.234 0.024 0.036
0 0.314 0.225 0.044 0.038
0 0.172 0.042 0.036 0.024
0 0.3 0.5 0.048 0.048
0 0.021 0.04 0.038 0.052
0 0.026 0.103 0.048 0.034
0 0.863 0.765 0.074 0.066
0 0.974 0.353 0.048 0.078
0 0.975 0.135 0.038 0.046
0 0.104 0.015 0.04 0.03
0 0.216 0.327 0.056 0.034
0 0.964 0.858 0.064 0.056
0 0.063 0.538 0.046 0.036
0 0.074 0.522 0.036 0.028
0 0.09 0.735 0.052 0.046
0 0.178 0.639 0.04 0.042
0 0.251 0.885 0.03 0.042
0 0.224 0.904 0.028 0.04
0 0.103 0.882 0.046 0.028
0 0.574 0.903 0.044 0.034
0 0.772 0.97 0.028 0.028
0 0.162 0.677 0.04 0.034
0 0.048 0.665 0.048 0.034
0 0.029 0.645 0.054 0.03
0 0.955 0.717 0.046 0.054
0 0.746 0.76 0.04 0.048
0 0.853 0.833 0.038 0.034
0 0.289 0.387 0.038 0.03
0 0.023 0.466 0.042 0.032
0 0.019 0.328 0.034 0.028
0 0.248 0.13 0.04 0.028
0 0.63 0.167 0.044 0.042
0 0.914 0.014 0.04 0.028
0 0.808 0.041 0.032 0.03
0 0.991 0.067 0.014 0.026
0 0.803 0.114 0.062 0.048
0 0.634 0.241 0.028 0.038
0 0.435 0.375 0.034 0.03
0 0.318 0.149 0.044 0.03
0 0.433 0.044 0.038 0.04
0 0.584 0.159 0.032 0.034
0 0.576 0.121 0.052 0.038
0 0.583 0.091 0.018 0.038
0 0.864 0.165 0.036 0.034
0 0.448 0.813 0.04 0.038
0 0.599 0.836 0.038 0.044
0 0.779 0.418 0.05 0.056
0 0.664 0.584 0.032 0.028
0 0.239 0.017 0.026 0.03
0 0.062 0.407 0.056 0.026
0 0.41 0.404 0.044 0.044
0 0.194 0.178 0.032 0.04
0 0.063 0.209 0.03 0.038
0 0.02 0.194 0.036 0.044
0 0.398 0.442 0.028 0.028
0 0.769 0.841 0.026 0.03
0 0.691 0.857 0.038 0.03
0 0.35 0.273 0.024 0.026
0 0.341 0.793 0.05 0.05
0 0.349 0.767 0.03 0.038
0 0.238 0.82 0.044 0.028
0 0.199 0.749 0.026 0.026
0 0.019 0.855 0.034 0.038
0 0.111 0.932 0.038 0.024
0 0.055 0.825 0.046 0.018
0 0.212 0.986 0.04 0.024
0 0.304 0.923 0.032 0.042
0 0.424 0.896 0.032 0.024
0 0.317 0.967 0.026 0.026
0 0.841 0.98 0.042 0.036
0 0.809 0.991 0.03 0.014
0 0.736 0.992 0.02 0.012
0 0.537 0.99 0.026 0.016
0 0.394 0.992 0.036 0.012
0 0.089 0.993 0.034 0.01
0 0.527 0.321 0.018 0.026
0 0.628 0.207 0.048 0.03
0 0.48 0.653 0.024 0.018
0 0.68 0.937 0.024 0.03
0 0.082 0.132 0.032 0.028
0 0.511 0.387 0.022 0.026
0 0.783 0.678 0.026 0.024
0 0.53 0.217 0.028 0.022
0 0.265 0.537 0.026 0.026
1 0.552 0.136 0.016 0.028
1 0.486 0.463 0.02 0.026
1 0.193 0.891 0.03 0.018
1 0.24 0.929 0.016 0.03
1 0.549 0.325 0.026 0.018
1 0.722 0.487 0.024 0.022
1 0.498 0.586 0.02 0.02
1 0.663 0.686 0.018 0.024
1 0.553 0.733 0.014 0.018
1 0.435 0.139 0.026 0.018
1 0.88 0.719 0.02 0.018
1 0.745 0.856 0.022 0.012
1 0.369 0.672 0.018 0.02
1 0.335 0.543 0.018 0.018
1 0.141 0.28 0.018 0.024
1 0.97 0.231 0.024 0.022
1 0.854 0.935 0.016 0.018
1 0.231 0.483 0.022 0.022
1 0.131 0.079 0.022 0.018
1 0.817 0.011 0.018 0.018
1 0.483 0.03 0.022 0.024
1 0.41 0.588 0.016 0.024
1 0.317 0.639 0.018 0.018
1 0.519 0.737 0.018 0.022
1 0.562 0.833 0.016 0.018
1 0.703 0.761 0.022 0.018
1 0.699 0.487 0.018 0.022
1 0.074 0.265 0.024 0.022
1 0.024 0.263 0.024 0.03
1 0.406 0.671 0.016 0.026
1 0.478 0.623 0.02 0.03
1 0.288 0.344 0.028 0.024
1 0.791 0.569 0.026 0.022
1 0.866 0.456 0.024 0.02
1 0.941 0.263 0.018 0.026
1 0.752 0.007 0.016 0.014
1 0.336 0.171 0.016 0.018
1 0.005 0.909 0.006 0.018
1 0.711 0.271 0.018 0.022
2 0.461 0.288 0.07 0.06
2 0.652 0.348 0.016 0.024
2 0.701 0.401 0.014 0.022
2 0.58 0.43 0.068 0.048
2 0.651 0.534 0.022 0.024
2 0.401 0.941 0.038 0.034
2 0.453 0.934 0.018 0.032
2 0.888 0.009 0.024 0.018
2 0.935 0.107 0.022 0.034
2 0.573 0.24 0.022 0.024
2 0.372 0.092 0.032 0.02
2 0.335 0.047 0.014 0.014
2 0.426 0.069 0.016 0.014
2 0.567 0.144 0.022 0.024
2 0.909 0.228 0.014 0.016
2 0.915 0.251 0.014 0.018
2 0.341 0.587 0.034 0.018
2 0.348 0.668 0.016 0.028
2 0.584 0.722 0.024 0.012
2 0.933 0.747 0.078 0.05
2 0.832 0.487 0.028 0.038
2 0.71 0.432 0.024 0.016
2 0.212 0.117 0.032 0.03
2 0.272 0.005 0.028 0.01
2 0.796 0.537 0.016 0.03
2 0.891 0.61 0.018 0.084
2 0.492 0.185 0.036 0.018
2 0.381 0.2 0.018 0.016
2 0.342 0.193 0.024 0.014
2 0.291 0.151 0.018 0.014
2 0.096 0.273 0.02 0.018
2 0.281 0.433 0.03 0.022
2 0.483 0.377 0.018 0.022
2 0.448 0.442 0.016 0.012
2 0.646 0.464 0.032 0.032
2 0.824 0.872 0.052 0.036
2 0.792 0.79 0.028 0.036
2 0.968 0.257 0.036 0.034
2 0.987 0.117 0.022 0.042
2 0.412 0.224 0.02 0.024
2 0.181 0.771 0.026 0.026
2 0.243 0.843 0.038 0.022
2 0.013 0.759 0.022 0.034
2 0.018 0.699 0.032 0.03
2 0.162 0.886 0.024 0.028
2 0.188 0.862 0.02 0.012
2 0.154 0.812 0.024 0.016
2 0.061 0.805 0.022 0.022
2 0.029 0.899 0.038 0.026
2 0.876 0.984 0.02 0.02
2 0.622 0.993 0.024 0.01
2 0.274 0.993 0.028 0.01
2 0.137 0.974 0.038 0.016
2 0.284 0.926 0.012 0.012
2 0.124 0.494 0.024 0.02
2 0.689 0.662 0.018 0.016
2 0.676 0.286 0.02 0.036
2 0.765 0.165 0.03 0.022