0 0.714 0.392 0.048 0.044
0 0.766 0.116 0.056 0.048
0 0.79 0.161 0.044 0.034
0 0.791 0.217 0.05 0.034
0 0.805 0.19 0.034 0.032
0 0.833 0.176 0.022 0.032
0 0.916 0.258 0.048 0.04
0 0.985 0.285 0.026 0.026
0 0.979 0.195 0.038 0.046
0 0.981 0.165 0.034 0.046
0 0.884 0.179 0.02 0.03
0 0.775 0.017 0.05 0.034
0 0.758 0.06 0.036 0.024
0 0.666 0.113 0.032 0.034
0 0.68 0.097 0.028 0.026
0 0.592 0.137 0.04 0.042
0 0.564 0.112 0.052 0.04
0 0.619 0.082 0.046 0.044
0 0.527 0.006 0.026 0.012
0 0.574 0.058 0.02 0.024
0 0.602 0.241 0.044 0.046
0 0.707 0.216 0.026 0.028
0 0.745 0.251 0.014 0.026
0 0.653 0.236 0.034 0.032
0 0.642 0.221 0.024 0.022
0 0.507 0.251 0.038 0.026
0 0.529 0.254 0.018 0.028
0 0.478 0.139 0.04 0.038
0 0.413 0.136 0.042 0.044
0 0.534 0.167 0.012 0.034
0 0.378 0.216 0.036 0.028
0 0.484 0.027 0.032 0.03
0 0.471 0.008 0.014 0.016
0 0.456 0.006 0.028 0.012
0 0.421 0.007 0.026 0.014
0 0.334 0.018 0.04 0.036
0 0.334 0.101 0.052 0.034
0 0.267 0.065 0.038 0.038
0 0.292 0.21 0.032 0.032
0 0.255 0.216 0.034 0.024
0 0.19 0.135 0.04 0.038
0 0.186 0.101 0.044 0.034
0 0.175 0.06 0.034 0.032
0 0.133 0.146 0.018 0.028
0 0.086 0.084 0.032 0.028
0 0.047 0.105 0.046 0.034
0 0.015 0.093 0.026 0.026
0 0.018 0.033 0.032 0.038
0 0.013 0.129 0.022 0.038
0 0.146 0.173 0.044 0.022
0 0.036 0.064 0.044 0.032
0 0.16 0.141 0.036 0.046
0 0.009 0.165 0.014 0.022
0 0.033 0.151 0.018 0.026
0 0.047 0.268 0.046 0.04
0 0.016 0.304 0.028 0.04
0 0.012 0.236 0.02 0.04
0 0.009 0.271 0.014 0.014
0 0.087 0.271 0.03 0.034
0 0.177 0.242 0.042 0.032
0 0.161 0.282 0.042 0.036
0 0.107 0.319 0.034 0.026
0 0.208 0.272 0.04 0.032
0 0.155 0.345 0.034 0.038
0 0.174 0.327 0.028 0.018
0 0.038 0.364 0.04 0.04
0 0.077 0.359 0.038 0.034
0 0.26 0.259 0.048 0.034
0 0.929 0.33 0.054 0.04
0 0.953 0.328 0.01 0.02
0 0.842 0.331 0.028 0.038
0 0.864 0.361 0.032 0.03
0 0.817 0.344 0.026 0.032
0 0.901 0.404 0.034 0.036
0 0.863 0.459 0.042 0.046
0 0.946 0.507 0.032 0.046
0 0.777 0.476 0.058 0.052
0 0.717 0.525 0.054 0.046
0 0.611 0.468 0.038 0.044
0 0.652 0.485 0.012 0.022
0 0.582 0.392 0.036 0.032
0 0.52 0.392 0.044 0.048
0 0.528 0.447 0.028 0.042
0 0.502 0.441 0.024 0.03
0 0.576 0.445 0.024 0.018
0 0.492 0.329 0.032 0.03
0 0.469 0.29 0.038 0.032
0 0.576 0.335 0.032 0.042
0 0.549 0.322 0.026 0.032
0 0.532 0.314 0.012 0.024
0 0.318 0.344 0.036 0.04
0 0.393 0.295 0.034 0.03
0 0.398 0.344 0.016 0.024
0 0.381 0.491 0.034 0.042
0 0.316 0.483 0.036 0.034
0 0.262 0.467 0.036 0.042
0 0.263 0.437 0.046 0.026
0 0.303 0.39 0.038 0.04
0 0.128 0.481 0.04 0.042
0 0.098 0.558 0.028 0.032
0 0.071 0.548 0.03 0.028
0 0.161 0.449 0.042 0.022
0 0.011 0.576 0.018 0.036
0 0.005 0.478 0.006 0.028
0 0.158 0.592 0.048 0.028
0 0.137 0.623 0.034 0.022
0 0.073 0.611 0.042 0.026
0 0.13 0.652 0.044 0.032
0 0.289 0.56 0.03 0.04
0 0.038 0.741 0.048 0.03
0 0.082 0.715 0.048 0.03
0 0.361 0.541 0.038 0.03
0 0.421 0.424 0.022 0.016
0 0.472 0.526 0.036 0.032
0 0.438 0.579 0.032 0.042
0 0.334 0.62 0.04 0.036
0 0.185 0.689 0.046 0.034
0 0.162 0.651 0.032 0.018
0 0.984 0.659 0.028 0.054
0 0.874 0.657 0.048 0.054
0 0.94 0.729 0.024 0.038
0 0.783 0.602 0.034 0.032
0 0.849 0.693 0.018 0.03
0 0.821 0.608 0.034 0.04
0 0.937 0.629 0.022 0.034
0 0.931 0.614 0.018 0.024
0 0.702 0.571 0.044 0.038
0 0.641 0.592 0.042 0.048
0 0.83 0.554 0.032 0.04
0 0.681 0.668 0.05 0.048
0 0.587 0.665 0.038 0.038
0 0.579 0.694 0.034 0.044
0 0.749 0.712 0.014 0.028
0 0.743 0.623 0.014 0.022
0 0.514 0.63 0.028 0.04
0 0.483 0.692 0.05 0.044
0 0.431 0.651 0.034 0.034
0 0.494 0.64 0.024 0.032
0 0.627 0.738 0.03 0.04
0 0.517 0.812 0.022 0.028
0 0.502 0.804 0.028 0.024
0 0.464 0.826 0.052 0.052
0 0.378 0.782 0.036 0.036
0 0.374 0.754 0.036 0.032
0 0.442 0.766 0.052 0.024
0 0.473 0.882 0.038 0.032
0 0.403 0.863 0.042 0.034
0 0.276 0.784 0.024 0.028
0 0.218 0.845 0.024 0.034
0 0.197 0.842 0.018 0.024
0 0.183 0.883 0.03 0.034
0 0.158 0.877 0.02 0.03
0 0.343 0.886 0.038 0.032
0 0.263 0.923 0.026 0.038
0 0.245 0.926 0.026 0.024
0 0.204 0.909 0.024 0.034
0 0.119 0.843 0.05 0.034
0 0.091 0.815 0.05 0.034
0 0.06 0.9 0.048 0.032
0 0.059 0.844 0.05 0.028
0 0.083 0.782 0.03 0.036
0 0.063 0.781 0.022 0.022
0 0.029 0.89 0.022 0.02
0 0.018 0.923 0.02 0.042
0 0.007 0.923 0.01 0.034
0 0.025 0.992 0.046 0.012
0 0.14 0.988 0.024 0.02
0 0.126 0.99 0.016 0.016
0 0.093 0.938 0.03 0.02
0 0.063 0.952 0.022 0.02
0 0.082 0.962 0.04 0.052
0 0.402 0.957 0.032 0.022
0 0.389 0.917 0.014 0.03
0 0.366 0.968 0.032 0.024
0 0.55 0.984 0.028 0.028
0 0.574 0.938 0.024 0.02
0 0.719 0.833 0.038 0.046
0 0.625 0.822 0.042 0.036
0 0.77 0.785 0.044 0.054
0 0.979 0.937 0.034 0.054
0 0.956 0.925 0.02 0.042
0 0.803 0.978 0.054 0.032
0 0.862 0.9 0.036 0.036
0 0.93 0.992 0.04 0.012
0 0.723 0.897 0.034 0.042
0 0.691 0.956 0.038 0.04
0 0.891 0.817 0.026 0.03
0 0.833 0.785 0.058 0.058
0 0.791 0.82 0.026 0.024
0 0.987 0.825 0.022 0.042
0 0.212 0.576 0.012 0.032
0 0.202 0.59 0.048 0.032
0 0.404 0.724 0.024 0.028
0 0.383 0.722 0.018 0.02
0 0.423 0.726 0.014 0.024
0 0.504 0.522 0.036 0.032
0 0.512 0.501 0.04 0.022
0 0.348 0.48 0.036 0.032
0 0.007 0.769 0.01 0.022
0 0.015 0.538 0.022 0.02
0 0.163 0.488 0.022 0.024
1 0.079 0.161 0.01 0.014
1 0.679 0.342 0.018 0.016
1 0.151 0.426 0.014 0.012
1 0.301 0.531 0.018 0.014
1 0.426 0.803 0.024 0.018
1 0.272 0.864 0.024 0.02
1 0.52 0.988 0.016 0.02
1 0.68 0.885 0.02 0.03
1 0.889 0.943 0.01 0.018
1 0.858 0.837 0.02 0.018
2 0.921 0.09 0.026 0.024
2 0.942 0.081 0.016 0.022
2 0.936 0.121 0.012 0.018
2 0.962 0.231 0.024 0.018
2 0.933 0.236 0.022 0.016
2 0.828 0.129 0.02 0.03
2 0.806 0.112 0.02 0.036
2 0.73 0.086 0.02 0.02
2 0.652 0.025 0.036 0.046
2 0.703 0.279 0.018 0.026
2 0.681 0.272 0.014 0.016
2 0.686 0.208 0.02 0.016
2 0.712 0.238 0.016 0.012
2 0.6 0.196 0.012 0.012
2 0.539 0.219 0.026 0.022
2 0.479 0.224 0.038 0.024
2 0.376 0.192 0.024 0.012
2 0.363 0.177 0.022 0.034
2 0.493 0.059 0.014 0.018
2 0.477 0.044 0.022 0.012
2 0.285 0.15 0.046 0.036
2 0.109 0.051 0.038 0.03
2 0.057 0.154 0.034 0.028
2 0.251 0.165 0.018 0.018
2 0.857 0.374 0.042 0.028
2 0.974 0.433 0.028 0.034
2 0.643 0.505 0.018 0.018
2 0.56 0.427 0.016 0.026
2 0.547 0.419 0.018 0.022
2 0.669 0.445 0.014 0.014
2 0.705 0.459 0.022 0.018
2 0.404 0.372 0.028 0.036
2 0.434 0.291 0.028 0.026
2 0.381 0.274 0.038 0.02
2 0.195 0.393 0.03 0.018
2 0.036 0.503 0.024 0.014
2 0.074 0.457 0.032 0.022
2 0.817 0.664 0.022 0.024
2 0.836 0.646 0.02 0.016
2 0.988 0.581 0.02 0.046
2 0.727 0.639 0.038 0.046
2 0.491 0.583 0.014 0.018
2 0.487 0.619 0.022 0.018
2 0.519 0.697 0.018 0.018
2 0.187 0.907 0.026 0.03
2 0.266 0.848 0.028 0.024
2 0.056 0.872 0.048 0.024
2 0.05 0.81 0.036 0.024
2 0.032 0.848 0.032 0.028
2 0.014 0.974 0.024 0.016
2 0.179 0.962 0.038 0.02
2 0.301 0.955 0.026 0.014
2 0.477 0.987 0.03 0.022
2 0.595 0.846 0.034 0.032
2 0.839 0.983 0.022 0.014
2 0.927 0.94 0.038 0.032
2 0.644 0.967 0.024 0.034
2 0.658 0.953 0.044 0.05
2 0.302 0.581 0.04 0.018
2 0.273 0.554 0.03 0.02
2 0.119 0.757 0.042 0.022
2 0.219 0.782 0.014 0.024
2 0.479 0.498 0.03 0.024
2 0.466 0.426 0.024 0.028
2 0.092 0.683 0.02 0.026
2 0.503 0.926 0.05 0.028
2 0.732 0.99 0.048 0.016
2 0.536 0.773 0.028 0.018
2 0.309 0.739 0.03 0.03
2 0.282 0.76 0.02 0.028
2 0.076 0.637 0.024 0.014
2 0.104 0.377 0.024 0.022
0 0.789 0.217 0.054 0.034
0 0.632 0.234 0.076 0.04
0 0.591 0.138 0.046 0.044
0 0.563 0.113 0.054 0.038
0 0.475 0.142 0.046 0.044
0 0.409 0.135 0.046 0.046
0 0.334 0.1 0.056 0.036
0 0.266 0.065 0.04 0.038
0 0.333 0.018 0.042 0.036
0 0.173 0.062 0.038 0.04
0 0.108 0.05 0.04 0.032
0 0.086 0.081 0.036 0.034
0 0.034 0.066 0.048 0.036
0 0.187 0.101 0.046 0.034
0 0.19 0.136 0.044 0.044
0 0.159 0.14 0.038 0.048
0 0.146 0.173 0.048 0.03
0 0.177 0.242 0.042 0.032
0 0.161 0.28 0.05 0.04
0 0.209 0.273 0.046 0.034
0 0.259 0.256 0.05 0.036
0 0.256 0.217 0.04 0.03
0 0.293 0.21 0.034 0.032
0 0.286 0.15 0.044 0.04
0 0.054 0.155 0.06 0.038
0 0.014 0.237 0.024 0.046
0 0.047 0.27 0.054 0.044
0 0.087 0.272 0.038 0.036
0 0.017 0.307 0.03 0.046
0 0.108 0.319 0.04 0.034
0 0.039 0.366 0.046 0.044
0 0.08 0.362 0.044 0.04
0 0.129 0.479 0.042 0.046
0 0.085 0.554 0.058 0.04
0 0.011 0.575 0.018 0.038
0 0.071 0.61 0.046 0.032
0 0.157 0.592 0.05 0.032
0 0.136 0.625 0.04 0.026
0 0.131 0.654 0.046 0.032
0 0.184 0.691 0.052 0.042
0 0.166 0.65 0.032 0.024
0 0.082 0.713 0.052 0.042
0 0.035 0.742 0.054 0.036
0 0.063 0.783 0.03 0.026
0 0.088 0.783 0.024 0.038
0 0.091 0.816 0.054 0.044
0 0.118 0.844 0.056 0.036
0 0.175 0.882 0.054 0.04
0 0.198 0.909 0.044 0.038
0 0.177 0.96 0.046 0.036
0 0.131 0.988 0.05 0.02
0 0.079 0.953 0.058 0.062
0 0.016 0.927 0.028 0.05
0 0.014 0.97 0.024 0.032
0 0.028 0.991 0.052 0.014
0 0.063 0.9 0.042 0.032
0 0.057 0.873 0.05 0.022
0 0.043 0.846 0.078 0.036
0 0.007 0.769 0.01 0.034
0 0.116 0.758 0.048 0.032
0 0.211 0.846 0.05 0.04
0 0.253 0.925 0.054 0.042
0 0.342 0.886 0.044 0.036
0 0.271 0.784 0.038 0.032
0 0.373 0.758 0.038 0.032
0 0.405 0.723 0.07 0.038
0 0.441 0.767 0.058 0.03
0 0.381 0.788 0.034 0.032
0 0.402 0.862 0.044 0.036
0 0.473 0.883 0.038 0.034
0 0.464 0.827 0.052 0.05
0 0.508 0.81 0.04 0.036
0 0.365 0.969 0.034 0.038
0 0.403 0.962 0.034 0.032
0 0.467 0.985 0.074 0.026
0 0.547 0.979 0.042 0.038
0 0.519 0.987 0.022 0.022
0 0.292 0.96 0.048 0.028
0 0.676 0.961 0.08 0.066
0 0.796 0.977 0.072 0.038
0 0.928 0.987 0.044 0.022
0 0.965 0.933 0.066 0.062
0 0.855 0.896 0.058 0.048
0 0.723 0.897 0.042 0.05
0 0.72 0.835 0.048 0.046
0 0.891 0.819 0.03 0.034
0 0.832 0.786 0.068 0.064
0 0.771 0.785 0.042 0.054
0 0.789 0.82 0.034 0.032
0 0.625 0.823 0.046 0.038
0 0.628 0.739 0.032 0.042
0 0.586 0.665 0.044 0.038
0 0.578 0.697 0.036 0.046
0 0.516 0.632 0.032 0.044
0 0.487 0.633 0.034 0.046
0 0.437 0.581 0.038 0.046
0 0.362 0.542 0.04 0.032
0 0.382 0.49 0.036 0.048
0 0.347 0.479 0.038 0.034
0 0.313 0.481 0.034 0.034
0 0.261 0.466 0.042 0.036
0 0.263 0.437 0.046 0.03
0 0.469 0.525 0.046 0.038
0 0.492 0.514 0.08 0.06
0 0.514 0.448 0.056 0.044
0 0.521 0.394 0.046 0.056
0 0.551 0.423 0.038 0.042
0 0.577 0.444 0.026 0.028
0 0.613 0.467 0.042 0.046
0 0.584 0.393 0.04 0.038
0 0.574 0.332 0.04 0.048
0 0.548 0.323 0.02 0.038
0 0.486 0.333 0.04 0.038
0 0.473 0.291 0.046 0.034
0 0.512 0.253 0.048 0.03
0 0.378 0.215 0.04 0.03
0 0.37 0.178 0.04 0.04
0 0.478 0.223 0.044 0.03
0 0.604 0.241 0.048 0.046
0 0.625 0.085 0.046 0.046
0 0.673 0.106 0.046 0.048
0 0.77 0.117 0.068 0.046
0 0.789 0.164 0.046 0.036
0 0.806 0.191 0.036 0.026
0 0.774 0.019 0.052 0.038
0 0.759 0.059 0.038 0.026
0 0.649 0.027 0.042 0.05
0 0.715 0.394 0.05 0.048
0 0.777 0.476 0.062 0.052
0 0.861 0.458 0.05 0.056
0 0.903 0.402 0.042 0.048
0 0.859 0.368 0.054 0.052
0 0.843 0.332 0.026 0.044
0 0.817 0.344 0.026 0.036
0 0.717 0.525 0.058 0.05
0 0.702 0.568 0.052 0.048
0 0.642 0.593 0.044 0.05
0 0.679 0.667 0.05 0.05
0 0.784 0.604 0.036 0.036
0 0.821 0.607 0.038 0.05
0 0.871 0.653 0.054 0.062
0 0.945 0.507 0.034 0.046
0 0.985 0.583 0.026 0.058
0 0.983 0.662 0.03 0.064
0 0.938 0.727 0.024 0.05
0 0.986 0.826 0.024 0.052
0 0.736 0.987 0.056 0.022
0 0.594 0.847 0.036 0.038
0 0.481 0.693 0.058 0.046
0 0.433 0.652 0.038 0.036
0 0.332 0.622 0.048 0.036
0 0.282 0.558 0.048 0.044
0 0.205 0.591 0.05 0.038
0 0.161 0.447 0.046 0.03
0 0.195 0.393 0.034 0.026
0 0.154 0.346 0.04 0.04
0 0.301 0.392 0.05 0.04
0 0.316 0.344 0.044 0.044
0 0.387 0.288 0.054 0.048
0 0.469 0.425 0.034 0.03
0 0.048 0.107 0.048 0.038
0 0.017 0.092 0.03 0.028
0 0.014 0.13 0.024 0.04
0 0.009 0.166 0.014 0.028
0 0.007 0.482 0.01 0.04
0 0.924 0.324 0.072 0.056
0 0.916 0.259 0.052 0.042
0 0.983 0.285 0.03 0.034
0 0.978 0.196 0.04 0.044
0 0.979 0.162 0.038 0.044
0 0.8 0.111 0.036 0.042
0 0.493 0.055 0.05 0.038
0 0.484 0.026 0.036 0.032
0 0.46 0.009 0.044 0.018
0 0.42 0.007 0.028 0.014
0 0.526 0.006 0.028 0.012
0 0.258 0.003 0.02 0.006
0 0.18 0.004 0.02 0.008
0 0.017 0.035 0.03 0.038
0 0.007 0.009 0.01 0.018
1 0.029 0.891 0.026 0.022
1 0.273 0.866 0.026 0.02
1 0.269 0.848 0.034 0.024
1 0.284 0.76 0.028 0.028
1 0.22 0.785 0.02 0.03
1 0.425 0.806 0.026 0.024
1 0.389 0.919 0.018 0.03
1 0.572 0.936 0.028 0.024
1 0.843 0.984 0.022 0.024
1 0.888 0.944 0.016 0.024
1 0.993 0.965 0.01 0.026
1 0.68 0.884 0.024 0.032
1 0.858 0.836 0.028 0.028
1 0.796 0.779 0.024 0.018
1 0.675 0.031 0.018 0.03
1 0.575 0.06 0.026 0.028
1 0.534 0.16 0.012 0.04
1 0.698 0.219 0.048 0.034
1 0.743 0.25 0.018 0.028
1 0.703 0.282 0.022 0.024
1 0.679 0.344 0.022 0.024
1 0.836 0.646 0.024 0.02
1 0.818 0.666 0.028 0.028
1 0.749 0.711 0.018 0.03
1 0.849 0.694 0.018 0.028
1 0.829 0.557 0.034 0.042
1 0.93 0.614 0.02 0.024
1 0.938 0.633 0.024 0.038
1 0.906 0.512 0.032 0.02
1 0.985 0.5 0.022 0.04
1 0.974 0.435 0.028 0.034
1 0.302 0.532 0.02 0.016
1 0.212 0.575 0.012 0.03
1 0.163 0.487 0.026 0.03
1 0.151 0.425 0.018 0.018
1 0.177 0.327 0.026 0.018
1 0.422 0.424 0.028 0.024
1 0.396 0.344 0.02 0.02
1 0.329 0.269 0.018 0.018
1 0.531 0.314 0.014 0.028
1 0.25 0.163 0.02 0.018
1 0.133 0.145 0.026 0.03
1 0.01 0.275 0.016 0.026
1 0.036 0.504 0.024 0.02
1 0.017 0.537 0.026 0.026
1 0.09 0.684 0.024 0.028
1 0.08 0.637 0.032 0.018
1 0.636 0.505 0.032 0.03
1 0.651 0.486 0.018 0.028
1 0.704 0.457 0.032 0.022
1 0.672 0.446 0.024 0.028
1 0.637 0.404 0.022 0.024
1 0.923 0.091 0.034 0.03
1 0.935 0.121 0.014 0.018
1 0.942 0.082 0.02 0.024
1 0.883 0.18 0.022 0.032
1 0.833 0.176 0.022 0.036
1 0.828 0.13 0.02 0.028
1 0.732 0.086 0.032 0.028
1 0.814 0.261 0.02 0.026
1 0.866 0.311 0.04 0.034
1 0.933 0.235 0.026 0.014
1 0.956 0.226 0.036 0.024
1 0.994 0.33 0.008 0.036
1 0.598 0.195 0.016 0.018
1 0.492 0.584 0.024 0.028
1 0.546 0.608 0.024 0.02
2 0.039 0.809 0.062 0.042
2 0.007 0.815 0.01 0.038
2 0.249 0.727 0.026 0.03
2 0.227 0.736 0.022 0.024
2 0.309 0.737 0.042 0.03
2 0.504 0.925 0.052 0.03
2 0.539 0.944 0.026 0.02
2 0.928 0.939 0.044 0.042
2 0.532 0.219 0.048 0.026
2 0.674 0.269 0.028 0.026
2 0.729 0.638 0.046 0.056
2 0.644 0.967 0.028 0.054
2 0.539 0.774 0.034 0.028
2 0.475 0.782 0.046 0.028
2 0.521 0.703 0.026 0.034
2 0.529 0.667 0.03 0.03
2 0.3 0.582 0.04 0.028
2 0.404 0.373 0.032 0.046
2 0.434 0.291 0.028 0.03
2 0.374 0.254 0.024 0.032
2 0.091 0.178 0.03 0.032
2 0.102 0.379 0.032 0.03
2 0.075 0.459 0.038 0.026
2 0.454 0.07 0.028 0.024
2 0.371 0.066 0.03 0.024
2 0.286 0.093 0.024 0.022
2 0.641 0.178 0.026 0.036
2 0.767 0.246 0.026 0.02
2 0.339 0.68 0.038 0.028