0 0.164 0.923 0.072 0.046
0 0.032 0.984 0.052 0.028
0 0.161 0.971 0.042 0.034
0 0.177 0.98 0.026 0.032
0 0.024 0.924 0.036 0.036
0 0.021 0.887 0.042 0.03
0 0.088 0.824 0.04 0.04
0 0.116 0.854 0.044 0.032
0 0.257 0.933 0.066 0.034
0 0.357 0.979 0.038 0.038
0 0.394 0.964 0.044 0.028
0 0.264 0.881 0.04 0.018
0 0.015 0.784 0.03 0.032
0 0.043 0.762 0.054 0.028
0 0.093 0.694 0.05 0.036
0 0.146 0.659 0.044 0.038
0 0.162 0.666 0.02 0.02
0 0.192 0.668 0.048 0.032
0 0.149 0.721 0.046 0.034
0 0.247 0.807 0.038 0.034
0 0.292 0.811 0.04 0.038
0 0.41 0.831 0.04 0.038
0 0.499 0.968 0.042 0.028
0 0.513 0.984 0.026 0.02
0 0.605 0.982 0.022 0.02
0 0.703 0.962 0.042 0.032
0 0.666 0.932 0.044 0.032
0 0.647 0.916 0.034 0.024
0 0.614 0.895 0.036 0.03
0 0.556 0.832 0.056 0.044
0 0.603 0.835 0.042 0.03
0 0.566 0.784 0.048 0.032
0 0.507 0.782 0.026 0.04
0 0.533 0.78 0.03 0.032
0 0.455 0.815 0.026 0.026
0 0.35 0.78 0.072 0.04
0 0.863 0.979 0.034 0.03
0 0.895 0.99 0.03 0.016
0 0.771 0.938 0.042 0.032
0 0.793 0.944 0.022 0.024
0 0.843 0.94 0.042 0.028
0 0.026 0.224 0.052 0.04
0 0.054 0.147 0.048 0.03
0 0.117 0.111 0.054 0.042
0 0.103 0.14 0.046 0.024
0 0.183 0.114 0.046 0.036
0 0.198 0.15 0.064 0.028
0 0.215 0.198 0.038 0.028
0 0.272 0.186 0.052 0.032
0 0.319 0.221 0.058 0.03
0 0.377 0.165 0.066 0.042
0 0.43 0.208 0.06 0.028
0 0.018 0.042 0.036 0.06
0 0.086 0.044 0.06 0.036
0 0.209 0.019 0.054 0.034
0 0.3 0.108 0.044 0.028
0 0.459 0.159 0.05 0.026
0 0.519 0.107 0.046 0.034
0 0.487 0.071 0.046 0.042
0 0.395 0.057 0.042 0.034
0 0.212 0.26 0.048 0.052
0 0.143 0.301 0.03 0.026
0 0.184 0.428 0.048 0.044
0 0.158 0.401 0.064 0.034
0 0.208 0.359 0.048 0.03
0 0.02 0.594 0.04 0.032
0 0.131 0.529 0.05 0.03
0 0.201 0.56 0.042 0.036
0 0.251 0.493 0.042 0.034
0 0.268 0.612 0.044 0.024
0 0.328 0.597 0.064 0.034
0 0.374 0.549 0.048 0.026
0 0.307 0.405 0.05 0.038
0 0.396 0.425 0.056 0.03
0 0.429 0.408 0.046 0.032
0 0.436 0.372 0.044 0.032
0 0.385 0.305 0.046 0.034
0 0.543 0.265 0.062 0.058
0 0.443 0.737 0.054 0.034
0 0.38 0.67 0.04 0.036
0 0.413 0.676 0.03 0.028
0 0.163 0.786 0.046 0.036
0 0.348 0.516 0.036 0.036
0 0.371 0.507 0.042 0.03
0 0.434 0.58 0.04 0.036
0 0.439 0.525 0.03 0.026
0 0.507 0.561 0.054 0.034
0 0.527 0.359 0.042 0.03
0 0.591 0.477 0.05 0.03
0 0.588 0.435 0.036 0.03
0 0.576 0.401 0.048 0.026
0 0.923 0.647 0.054 0.062
0 0.929 0.297 0.078 0.046
0 0.909 0.252 0.062 0.036
0 0.901 0.186 0.078 0.044
0 0.876 0.405 0.044 0.05
0 0.884 0.364 0.048 0.04
0 0.927 0.377 0.034 0.03
0 0.659 0.072 0.042 0.044
0 0.681 0.057 0.066 0.042
0 0.761 0.031 0.038 0.042
0 0.731 0.068 0.046 0.072
0 0.699 0.133 0.082 0.046
0 0.772 0.239 0.072 0.058
0 0.801 0.211 0.05 0.042
0 0.776 0.119 0.036 0.018
0 0.841 0.091 0.038 0.038
0 0.63 0.317 0.088 0.042
0 0.638 0.357 0.048 0.038
0 0.696 0.438 0.056 0.04
0 0.723 0.4 0.062 0.044
0 0.789 0.883 0.062 0.03
0 0.75 0.864 0.052 0.032
0 0.703 0.803 0.066 0.038
0 0.721 0.607 0.038 0.038
0 0.743 0.582 0.062 0.032
0 0.513 0.649 0.046 0.034
0 0.53 0.637 0.044 0.05
0 0.593 0.574 0.074 0.044
0 0.531 0.743 0.046 0.022
0 0.562 0.742 0.032 0.032
0 0.646 0.521 0.044 0.034
0 0.59 0.712 0.052 0.036
0 0.674 0.682 0.044 0.028
0 0.709 0.695 0.034 0.026
0 0.712 0.752 0.044 0.032
0 0.767 0.784 0.038 0.04
0 0.647 0.63 0.038 0.032
0 0.907 0.834 0.05 0.032
0 0.842 0.609 0.052 0.042
0 0.721 0.342 0.03 0.048
1 0.082 0.962 0.016 0.016
1 0.144 0.85 0.016 0.016
1 0.306 0.884 0.008 0.02
1 0.317 0.876 0.014 0.024
1 0.451 0.992 0.038 0.012
1 0.391 0.775 0.014 0.022
1 0.368 0.796 0.02 0.016
1 0.116 0.157 0.02 0.018
1 0.315 0.152 0.022 0.04
1 0.078 0.241 0.028 0.018
1 0.305 0.013 0.042 0.022
1 0.095 0.158 0.022 0.012
1 0.129 0.168 0.022 0.02
1 0.135 0.176 0.014 0.012
1 0.146 0.186 0.036 0.016
1 0.106 0.345 0.048 0.038
1 0.169 0.27 0.022 0.028
1 0.137 0.368 0.034 0.028
1 0.185 0.344 0.026 0.02
1 0.029 0.467 0.026 0.026
1 0.041 0.434 0.026 0.036
1 0.157 0.586 0.014 0.024
1 0.279 0.479 0.022 0.018
1 0.324 0.487 0.02 0.026
1 0.347 0.482 0.03 0.024
1 0.233 0.418 0.034 0.028
1 0.269 0.243 0.014 0.014
1 0.3 0.325 0.028 0.03
1 0.333 0.303 0.026 0.018
1 0.331 0.318 0.01 0.008
1 0.349 0.311 0.014 0.022
1 0.351 0.407 0.026 0.026
1 0.49 0.362 0.016 0.02
1 0.452 0.283 0.024 0.022
1 0.496 0.551 0.02 0.014
1 0.494 0.536 0.016 0.016
1 0.558 0.366 0.028 0.024
1 0.58 0.359 0.036 0.034
1 0.863 0.328 0.022 0.02
1 0.911 0.278 0.022 0.02
1 0.969 0.322 0.022 0.024
1 0.608 0.092 0.024 0.024
1 0.786 0.056 0.024 0.024
1 0.842 0.054 0.028 0.028
1 0.757 0.421 0.022 0.022
1 0.659 0.183 0.026 0.026
1 0.723 0.228 0.022 0.028
1 0.701 0.26 0.026 0.028
1 0.741 0.265 0.046 0.026
1 0.733 0.91 0.014 0.02
1 0.763 0.83 0.042 0.024
1 0.556 0.623 0.02 0.022
1 0.499 0.617 0.018 0.014
1 0.742 0.76 0.02 0.024
1 0.728 0.725 0.028 0.026
1 0.804 0.77 0.016 0.024
1 0.839 0.795 0.03 0.038
1 0.737 0.499 0.022 0.022
1 0.806 0.502 0.02 0.028
1 0.813 0.48 0.034 0.02
1 0.843 0.428 0.03 0.032
1 0.822 0.577 0.032 0.03
1 0.945 0.916 0.026 0.016
1 0.958 0.896 0.024 0.032
1 0.988 0.791 0.02 0.026
1 0.969 0.792 0.03 0.028
1 0.473 0.486 0.026 0.02
1 0.693 0.349 0.014 0.018
1 0.7 0.339 0.016 0.01
1 0.781 0.324 0.018 0.028
1 0.948 0.445 0.028 0.026
1 0.68 0.211 0.02 0.03
1 0.696 0.213 0.016 0.018
1 0.779 0.15 0.034 0.024
1 0.876 0.095 0.008 0.01
1 0.979 0.024 0.018 0.028
2 0.009 0.436 0.018 0.024
2 0.196 0.728 0.024 0.024
2 0.286 0.528 0.02 0.02
2 0.575 0.586 0.014 0.016
2 0.624 0.713 0.012 0.014
2 0.657 0.71 0.018 0.016
2 0.958 0.882 0.012 0.016
2 0.452 0.874 0.028 0.016
2 0.448 0.481 0.032 0.03
2 0.419 0.453 0.014 0.018
2 0.408 0.452 0.008 0.012