0 0.077 0.351 0.034 0.038
0 0.017 0.379 0.034 0.038
0 0.02 0.459 0.032 0.038
0 0.016 0.406 0.032 0.04
0 0.075 0.549 0.034 0.046
0 0.19 0.579 0.032 0.042
0 0.242 0.535 0.036 0.046
0 0.277 0.749 0.03 0.038
0 0.35 0.669 0.04 0.038
0 0.431 0.562 0.038 0.048
0 0.448 0.446 0.04 0.04
0 0.473 0.411 0.03 0.034
0 0.409 0.724 0.03 0.04
0 0.45 0.727 0.028 0.042
0 0.485 0.725 0.03 0.038
0 0.372 0.882 0.036 0.052
0 0.356 0.941 0.052 0.058
0 0.25 0.862 0.032 0.048
0 0.554 0.5 0.036 0.048
0 0.593 0.491 0.026 0.038
0 0.518 0.523 0.036 0.054
0 0.563 0.531 0.034 0.018
0 0.616 0.564 0.036 0.052
0 0.68 0.607 0.036 0.042
0 0.648 0.614 0.036 0.052
0 0.737 0.603 0.034 0.05
0 0.711 0.688 0.042 0.056
0 0.619 0.662 0.038 0.052
0 0.686 0.648 0.024 0.028
0 0.844 0.659 0.048 0.05
0 0.805 0.67 0.034 0.052
0 0.9 0.686 0.052 0.052
0 0.971 0.677 0.026 0.026
0 0.957 0.716 0.018 0.02
0 0.86 0.741 0.036 0.058
0 0.799 0.737 0.034 0.042
0 0.778 0.774 0.036 0.048
0 0.72 0.754 0.04 0.056
0 0.68 0.749 0.036 0.046
0 0.653 0.845 0.03 0.046
0 0.585 0.798 0.038 0.06
0 0.518 0.784 0.036 0.048
0 0.481 0.752 0.038 0.048
0 0.441 0.814 0.026 0.024
0 0.44 0.798 0.02 0.016
0 0.36 0.816 0.036 0.04
0 0.37 0.783 0.024 0.026
0 0.115 0.65 0.034 0.04
0 0.206 0.641 0.036 0.042
0 0.072 0.685 0.036 0.038
0 0.131 0.565 0.038 0.05
0 0.038 0.54 0.032 0.044
0 0.186 0.467 0.032 0.042
0 0.105 0.437 0.042 0.046
0 0.052 0.416 0.02 0.028
0 0.203 0.327 0.05 0.042
0 0.168 0.369 0.04 0.038
0 0.371 0.259 0.038 0.038
0 0.439 0.289 0.034 0.042
0 0.333 0.279 0.034 0.038
0 0.322 0.197 0.044 0.038
0 0.296 0.137 0.028 0.026
0 0.464 0.121 0.032 0.022
0 0.378 0.411 0.032 0.046
0 0.768 0.35 0.04 0.04
0 0.694 0.351 0.032 0.03
0 0.617 0.413 0.042 0.054
0 0.529 0.334 0.042 0.056
0 0.465 0.223 0.046 0.034
0 0.483 0.144 0.038 0.028
0 0.506 0.438 0.028 0.044
0 0.308 0.576 0.04 0.048
0 0.261 0.707 0.03 0.038
0 0.298 0.674 0.036 0.04
0 0.195 0.681 0.042 0.05
0 0.253 0.817 0.042 0.05
0 0.207 0.869 0.038 0.042
0 0.04 0.765 0.036 0.05
0 0.097 0.752 0.042 0.052
0 0.167 0.736 0.046 0.068
0 0.052 0.911 0.04 0.038
0 0.137 0.984 0.034 0.028
0 0.22 0.967 0.04 0.062
0 0.43 0.919 0.032 0.046
0 0.492 0.89 0.024 0.04
0 0.585 0.867 0.038 0.054
0 0.488 0.661 0.044 0.046
0 0.816 0.855 0.04 0.07
0 0.88 0.857 0.028 0.046
0 0.977 0.833 0.034 0.058
0 0.893 0.966 0.042 0.06
0 0.927 0.934 0.03 0.036
0 0.978 0.971 0.04 0.054
0 0.679 0.967 0.038 0.05
0 0.714 0.976 0.028 0.044
0 0.196 0.913 0.036 0.038
0 0.291 0.977 0.042 0.042
0 0.069 0.607 0.034 0.042
0 0.192 0.244 0.052 0.044
0 0.024 0.077 0.028 0.026
0 0.105 0.083 0.038 0.042
0 0.761 0.552 0.026 0.044
0 0.795 0.582 0.022 0.04
0 0.855 0.504 0.038 0.04
0 0.924 0.602 0.036 0.036
0 0.823 0.38 0.038 0.048
0 0.861 0.401 0.03 0.058
0 0.956 0.354 0.04 0.056
0 0.981 0.261 0.034 0.05
0 0.924 0.243 0.036 0.046
0 0.901 0.274 0.038 0.032
0 0.838 0.19 0.036 0.044
0 0.87 0.152 0.032 0.032
0 0.918 0.172 0.028 0.036
0 0.896 0.129 0.032 0.03
0 0.971 0.141 0.03 0.054
0 0.994 0.087 0.008 0.038
0 0.842 0.098 0.036 0.04
0 0.905 0.061 0.034 0.034
0 0.788 0.113 0.036 0.038
0 0.743 0.036 0.042 0.044
0 0.673 0.12 0.042 0.04
0 0.704 0.232 0.04 0.036
0 0.682 0.27 0.028 0.032
0 0.723 0.116 0.022 0.044
0 0.503 0.216 0.034 0.04
0 0.586 0.255 0.028 0.034
0 0.539 0.268 0.034 0.032
0 0.755 0.981 0.046 0.034
0 0.842 0.966 0.04 0.04
0 0.791 0.976 0.022 0.04
0 0.914 0.819 0.032 0.042
0 0.925 0.877 0.034 0.038
0 0.703 0.87 0.034 0.04
0 0.674 0.465 0.04 0.046
0 0.763 0.265 0.03 0.034
0 0.359 0.146 0.042 0.044
0 0.21 0.518 0.024 0.044
0 0.04 0.649 0.036 0.038
0 0.004 0.72 0.008 0.024
0 0.017 0.302 0.03 0.028
0 0.075 0.039 0.018 0.03
0 0.073 0.006 0.01 0.012
0 0.406 0.008 0.032 0.016
0 0.409 0.181 0.034 0.042
0 0.405 0.356 0.022 0.028
0 0.462 0.311 0.028 0.038
0 0.28 0.31 0.04 0.036
0 0.643 0.236 0.03 0.04
0 0.854 0.066 0.044 0.028
0 0.866 0.086 0.032 0.02
0 0.99 0.796 0.016 0.04
1 0.25 0.68 0.02 0.024
1 0.34 0.244 0.02 0.024
1 0.294 0.212 0.02 0.02
1 0.272 0.154 0.02 0.024
1 0.45 0.08 0.024 0.02
1 0.491 0.635 0.046 0.03
1 0.388 0.022 0.02 0.012
1 0.467 0.075 0.022 0.01
1 0.494 0.338 0.016 0.016
1 0.596 0.038 0.012 0.008
1 0.696 0.81 0.016 0.016
1 0.737 0.932 0.018 0.016
1 0.341 0.731 0.014 0.018
1 0.43 0.664 0.012 0.024
2 0.532 0.313 0.052 0.042
2 0.555 0.559 0.022 0.026
2 0.891 0.658 0.026 0.024
2 0.941 0.714 0.022 0.028
2 0.814 0.777 0.028 0.026
2 0.065 0.488 0.034 0.036
2 0.321 0.26 0.034 0.032
2 0.175 0.558 0.022 0.036
2 0.031 0.259 0.038 0.03
2 0.138 0.129 0.024 0.022
2 0.17 0.118 0.016 0.02
2 0.006 0.16 0.012 0.024
2 0.139 0.216 0.022 0.028
2 0.082 0.236 0.036 0.024
2 0.138 0.192 0.04 0.008
2 0.331 0.08 0.026 0.024
2 0.292 0.09 0.032 0.024
2 0.337 0.044 0.014 0.024
2 0.491 0.044 0.026 0.02
2 0.252 0.443 0.036 0.042
2 0.343 0.421 0.018 0.03
2 0.336 0.39 0.036 0.04
2 0.198 0.291 0.02 0.022
2 0.276 0.517 0.02 0.018
2 0.167 0.41 0.026 0.028
2 0.267 0.346 0.026 0.028
2 0.439 0.359 0.03 0.042
2 0.754 0.232 0.024 0.028
2 0.7 0.19 0.032 0.02
2 0.66 0.169 0.04 0.03
2 0.613 0.071 0.038 0.026
2 0.687 0.034 0.014 0.016
2 0.677 0.012 0.014 0.016
2 0.792 0.046 0.02 0.032
2 0.93 0.062 0.028 0.036
2 0.781 0.164 0.014 0.016
2 0.749 0.14 0.022 0.032
2 0.954 0.476 0.028 0.04
2 0.991 0.492 0.014 0.024
2 0.858 0.565 0.028 0.042
2 0.955 0.791 0.018 0.026
2 0.812 0.915 0.024 0.018
2 0.562 0.92 0.028 0.032
2 0.621 0.864 0.038 0.04
2 0.307 0.807 0.018 0.022
2 0.571 0.709 0.022 0.03
2 0.457 0.843 0.018 0.034
2 0.34 0.887 0.02 0.034
2 0.041 0.861 0.046 0.046
2 0.669 0.528 0.026 0.036
2 0.653 0.504 0.026 0.028
2 0.892 0.38 0.028 0.028
2 0.833 0.277 0.03 0.022
2 0.774 0.3 0.02 0.016
2 0.516 0.457 0.024 0.026