0 0.726 0.663 0.044 0.058
0 0.911 0.764 0.038 0.064
0 0.962 0.836 0.036 0.048
0 0.766 0.863 0.04 0.058
0 0.844 0.84 0.04 0.08
0 0.934 0.61 0.044 0.048
0 0.982 0.673 0.032 0.078
0 0.935 0.682 0.046 0.068
0 0.869 0.753 0.026 0.046
0 0.879 0.896 0.038 0.052
0 0.635 0.83 0.042 0.04
0 0.583 0.777 0.042 0.054
0 0.513 0.759 0.042 0.042
0 0.46 0.763 0.04 0.054
0 0.426 0.752 0.044 0.04
0 0.454 0.826 0.032 0.04
0 0.42 0.854 0.032 0.04
0 0.573 0.871 0.038 0.042
0 0.534 0.933 0.044 0.066
0 0.594 0.962 0.028 0.04
0 0.424 0.955 0.036 0.062
0 0.438 0.892 0.04 0.044
0 0.334 0.948 0.032 0.052
0 0.309 0.915 0.038 0.042
0 0.24 0.97 0.04 0.036
0 0.236 0.889 0.032 0.034
0 0.234 0.839 0.04 0.034
0 0.114 0.833 0.044 0.038
0 0.037 0.831 0.042 0.046
0 0.162 0.757 0.044 0.046
0 0.158 0.686 0.04 0.048
0 0.12 0.646 0.048 0.052
0 0.027 0.679 0.038 0.042
0 0.051 0.597 0.038 0.054
0 0.034 0.578 0.032 0.056
0 0.3 0.67 0.048 0.064
0 0.169 0.553 0.038 0.054
0 0.139 0.52 0.042 0.052
0 0.199 0.498 0.042 0.052
0 0.249 0.453 0.042 0.054
0 0.188 0.319 0.044 0.054
0 0.089 0.358 0.042 0.076
0 0.016 0.331 0.028 0.058
0 0.296 0.247 0.048 0.062
0 0.452 0.224 0.056 0.08
0 0.39 0.357 0.048 0.078
0 0.84 0.153 0.04 0.042
0 0.81 0.243 0.052 0.086
0 0.975 0.184 0.034 0.064
0 0.945 0.124 0.034 0.036
0 0.962 0.02 0.04 0.036
0 0.855 0.026 0.054 0.048
0 0.734 0.561 0.044 0.07
0 0.699 0.531 0.058 0.078
0 0.648 0.519 0.036 0.09
0 0.724 0.406 0.052 0.076
0 0.807 0.374 0.03 0.048
0 0.945 0.377 0.042 0.054
0 0.861 0.416 0.05 0.048
0 0.855 0.484 0.042 0.064
0 0.917 0.549 0.046 0.074
0 0.93 0.483 0.052 0.054
0 0.565 0.385 0.05 0.066
0 0.567 0.446 0.038 0.06
0 0.574 0.536 0.048 0.064
0 0.57 0.486 0.04 0.056
0 0.474 0.445 0.036 0.058
0 0.43 0.406 0.06 0.076
0 0.318 0.366 0.04 0.064
0 0.427 0.617 0.042 0.07
0 0.543 0.597 0.042 0.054
0 0.825 0.971 0.038 0.054
0 0.797 0.986 0.03 0.024
0 0.757 0.973 0.038 0.05
0 0.711 0.987 0.03 0.022
0 0.683 0.987 0.026 0.022
0 0.638 0.987 0.036 0.022
0 0.662 0.902 0.04 0.048
0 0.546 0.97 0.048 0.044
0 0.305 0.854 0.038 0.04
0 0.293 0.961 0.03 0.034
0 0.269 0.989 0.026 0.018
0 0.353 0.981 0.03 0.034
0 0.369 0.965 0.034 0.034
0 0.168 0.907 0.028 0.038
0 0.168 0.94 0.036 0.024
0 0.134 0.922 0.036 0.036
0 0.105 0.979 0.03 0.038
0 0.074 0.985 0.044 0.026
0 0.043 0.951 0.034 0.042
0 0.066 0.927 0.04 0.042
0 0.258 0.935 0.04 0.042
0 0.516 0.855 0.028 0.03
0 0.482 0.891 0.036 0.038
0 0.527 0.884 0.038 0.04
0 0.503 0.898 0.022 0.032
0 0.399 0.767 0.046 0.042
0 0.368 0.745 0.032 0.042
0 0.337 0.766 0.034 0.036
0 0.374 0.591 0.052 0.054
0 0.405 0.572 0.042 0.044
0 0.796 0.917 0.06 0.042
0 0.976 0.905 0.04 0.038
0 0.978 0.877 0.04 0.062
0 0.596 0.725 0.044 0.062
0 0.588 0.706 0.036 0.044
0 0.554 0.637 0.036 0.042
0 0.966 0.984 0.024 0.028
0 0.942 0.982 0.028 0.032
0 0.786 0.958 0.032 0.036
0 0.719 0.817 0.038 0.062
0 0.775 0.49 0.034 0.032
0 0.77 0.462 0.036 0.032
0 0.432 0.679 0.052 0.054
0 0.406 0.704 0.032 0.04
0 0.365 0.701 0.03 0.038
0 0.235 0.619 0.034 0.042
0 0.222 0.596 0.044 0.064
0 0.199 0.841 0.034 0.026
0 0.202 0.862 0.032 0.036
0 0.152 0.835 0.028 0.034
0 0.162 0.801 0.044 0.038
0 0.12 0.79 0.044 0.044
0 0.226 0.764 0.044 0.052
0 0.058 0.726 0.032 0.04
0 0.048 0.748 0.036 0.016
0 0.052 0.763 0.036 0.026
0 0.024 0.763 0.032 0.042
0 0.015 0.635 0.026 0.042
0 0.252 0.785 0.048 0.046
0 0.634 0.323 0.04 0.038
0 0.68 0.308 0.052 0.068
0 0.63 0.238 0.036 0.044
0 0.607 0.278 0.034 0.056
0 0.581 0.303 0.03 0.062
0 0.563 0.267 0.034 0.034
0 0.601 0.182 0.038 0.056
0 0.539 0.205 0.042 0.054
0 0.542 0.132 0.06 0.092
0 0.498 0.18 0.032 0.052
0 0.571 0.07 0.042 0.064
0 0.741 0.17 0.026 0.052
0 0.703 0.154 0.038 0.048
0 0.658 0.153 0.032 0.05
0 0.642 0.093 0.04 0.05
0 0.626 0.133 0.048 0.07
0 0.376 0.156 0.04 0.056
0 0.39 0.077 0.044 0.07
0 0.403 0.042 0.042 0.04
0 0.424 0.018 0.044 0.032
0 0.537 0.031 0.07 0.058
0 0.496 0.057 0.048 0.07
0 0.486 0.018 0.04 0.032
0 0.218 0.367 0.024 0.042
0 0.196 0.374 0.028 0.04
0 0.129 0.338 0.038 0.04
0 0.147 0.4 0.038 0.048
0 0.179 0.267 0.042 0.042
0 0.177 0.25 0.042 0.032
0 0.061 0.438 0.046 0.056
0 0.186 0.523 0.036 0.042
0 0.636 0.42 0.048 0.068
0 0.607 0.438 0.038 0.032
0 0.447 0.324 0.022 0.06
0 0.793 0.036 0.078 0.068
0 0.811 0.082 0.046 0.044
0 0.926 0.287 0.052 0.078
0 0.905 0.295 0.066 0.166
0 0.772 0.316 0.028 0.04
0 0.327 0.112 0.03 0.052
0 0.302 0.134 0.044 0.044
0 0.298 0.097 0.028 0.034
0 0.213 0.069 0.026 0.054
0 0.133 0.023 0.054 0.042
0 0.128 0.098 0.052 0.068
0 0.072 0.082 0.032 0.04
0 0.105 0.065 0.05 0.062
0 0.039 0.041 0.066 0.074
0 0.481 0.145 0.026 0.05
0 0.983 0.786 0.03 0.036
0 0.63 0.934 0.036 0.04
0 0.416 0.989 0.044 0.018
0 0.191 0.985 0.034 0.026
0 0.134 0.975 0.032 0.042
0 0.013 0.992 0.022 0.012
0 0.014 0.979 0.024 0.026
0 0.008 0.958 0.012 0.052
0 0.104 0.896 0.036 0.048
0 0.013 0.815 0.022 0.054
0 0.144 0.951 0.028 0.03
0 0.274 0.914 0.028 0.04
0 0.101 0.728 0.05 0.06
0 0.034 0.449 0.024 0.038
0 0.294 0.186 0.04 0.044
0 0.437 0.539 0.03 0.022
0 0.413 0.536 0.018 0.024
0 0.305 0.513 0.026 0.026
0 0.331 0.021 0.05 0.038
0 0.392 0.461 0.024 0.034
0 0.292 0.607 0.04 0.058
0 0.596 0.991 0.04 0.014
0 0.038 0.637 0.036 0.054
0 0.994 0.122 0.008 0.036
0 0.995 0.094 0.006 0.028
0 0.995 0.249 0.006 0.038
0 0.491 0.995 0.03 0.006
0 0.316 0.993 0.028 0.01
0 0.231 0.993 0.018 0.01
0 0.04 0.897 0.036 0.026
0 0.011 0.915 0.018 0.038
0 0.008 0.866 0.012 0.044
0 0.006 0.736 0.008 0.036
0 0.082 0.217 0.032 0.046
1 0.858 0.589 0.028 0.034
1 0.964 0.077 0.032 0.026
1 0.403 0.893 0.03 0.026
1 0.782 0.637 0.024 0.038
1 0.788 0.615 0.028 0.034
1 0.486 0.506 0.032 0.028
1 0.591 0.236 0.018 0.032
1 0.686 0.133 0.032 0.026
1 0.693 0.113 0.038 0.026
1 0.487 0.105 0.03 0.026
1 0.201 0.157 0.026 0.042
1 0.952 0.561 0.024 0.038
1 0.398 0.248 0.02 0.028
1 0.245 0.234 0.018 0.02
1 0.187 0.081 0.018 0.026
1 0.193 0.028 0.03 0.016
1 0.062 0.254 0.024 0.024
1 0.794 0.823 0.024 0.03
1 0.763 0.765 0.022 0.022
1 0.729 0.796 0.026 0.028
1 0.742 0.829 0.016 0.034
1 0.697 0.941 0.022 0.026
1 0.31 0.804 0.02 0.024
1 0.29 0.791 0.02 0.022
1 0.269 0.795 0.022 0.042
1 0.167 0.642 0.018 0.024
1 0.123 0.495 0.022 0.018
1 0.012 0.41 0.016 0.02
1 0.097 0.198 0.022 0.024
1 0.314 0.171 0.028 0.022
1 0.306 0.458 0.024 0.032
1 0.674 0.451 0.024 0.034
1 0.756 0.302 0.016 0.044
1 0.672 0.224 0.028 0.02
1 0.669 0.252 0.022 0.016
1 0.858 0.305 0.016 0.01
1 0.628 0.376 0.04 0.02
1 0.834 0.602 0.02 0.016
1 0.824 0.627 0.024 0.026
1 0.847 0.639 0.026 0.018
1 0.324 0.56 0.024 0.024
1 0.541 0.692 0.018 0.02
1 0.345 0.273 0.018 0.022
1 0.422 0.084 0.02 0.024
1 0.57 0.613 0.016 0.018
1 0.855 0.376 0.018 0.024
1 0.165 0.379 0.026 0.018
1 0.512 0.809 0.02 0.03
1 0.487 0.942 0.022 0.028
1 0.729 0.724 0.018 0.028
1 0.944 0.437 0.036 0.038
1 0.763 0.264 0.022 0.028
1 0.78 0.216 0.02 0.032
1 0.937 0.057 0.026 0.022
1 0.779 0.096 0.03 0.028
1 0.755 0.016 0.018 0.024
1 0.651 0.051 0.022 0.018
1 0.321 0.198 0.022 0.02
1 0.023 0.167 0.018 0.034
1 0.041 0.341 0.014 0.03
1 0.384 0.716 0.024 0.024
1 0.988 0.368 0.02 0.028
1 0.433 0.364 0.018 0.012
1 0.752 0.517 0.028 0.022
1 0.815 0.733 0.022 0.01
1 0.221 0.807 0.01 0.022
1 0.03 0.227 0.016 0.018
1 0.285 0.535 0.014 0.022
1 0.276 0.553 0.016 0.01
2 0.099 0.94 0.022 0.032
2 0.288 0.823 0.024 0.026
2 0.269 0.871 0.03 0.034
2 0.253 0.385 0.05 0.058
2 0.448 0.566 0.04 0.028
2 0.139 0.281 0.062 0.062
2 0.665 0.83 0.034 0.052
2 0.003 0.452 0.002 0.024
2 0.918 0.918 0.028 0.052
2 0.712 0.959 0.016 0.014
2 0.721 0.902 0.01 0.012
2 0.883 0.867 0.018 0.03
2 0.556 0.734 0.012 0.012
2 0.56 0.685 0.012 0.03
2 0.326 0.533 0.012 0.014
2 0.494 0.314 0.024 0.04
2 0.93 0.189 0.012 0.014
2 0.945 0.163 0.014 0.034
2 0.525 0.077 0.018 0.014
2 0.214 0.004 0.024 0.004
2 0.005 0.246 0.006 0.016
2 0.02 0.224 0.012 0.012
2 0.014 0.208 0.024 0.02
2 0.235 0.731 0.022 0.014
2 0.2 0.807 0.02 0.022
2 0.885 0.97 0.01 0.02
2 0.996 0.996 0.004 0.004
2 0.772 0.148 0.012 0.04
2 0.026 0.409 0.012 0.01
2 0.681 0.495 0.014 0.018
2 0.759 0.676 0.006 0.016
2 0.726 0.704 0.008 0.008
2 0.713 0.704 0.01 0.012
2 0.572 0.244 0.012 0.012
2 0.523 0.244 0.006 0.016
2 0.426 0.291 0.016 0.042
2 0.392 0.423 0.012 0.026
2 0.386 0.52 0.012 0.016