0 0.937 0.949 0.046 0.038
0 0.877 0.976 0.03 0.032
0 0.945 0.806 0.058 0.032
0 0.925 0.772 0.062 0.044
0 0.926 0.85 0.048 0.048
0 0.881 0.874 0.05 0.04
0 0.97 0.677 0.056 0.05
0 0.915 0.679 0.046 0.054
0 0.882 0.699 0.044 0.038
0 0.955 0.601 0.038 0.042
0 0.888 0.593 0.056 0.058
0 0.822 0.597 0.06 0.054
0 0.826 0.63 0.064 0.04
0 0.805 0.534 0.05 0.048
0 0.833 0.551 0.042 0.03
0 0.924 0.46 0.06 0.036
0 0.918 0.427 0.076 0.042
0 0.836 0.376 0.064 0.04
0 0.875 0.528 0.07 0.068
0 0.876 0.369 0.06 0.054
0 0.812 0.354 0.044 0.032
0 0.75 0.444 0.036 0.036
0 0.71 0.434 0.032 0.036
0 0.7 0.451 0.036 0.046
0 0.748 0.466 0.028 0.02
0 0.963 0.392 0.054 0.028
0 0.963 0.376 0.07 0.044
0 0.968 0.35 0.04 0.024
0 0.988 0.236 0.02 0.048
0 0.957 0.214 0.05 0.04
0 0.923 0.245 0.05 0.034
0 0.906 0.19 0.044 0.044
0 0.821 0.206 0.054 0.044
0 0.828 0.17 0.048 0.036
0 0.87 0.21 0.044 0.044
0 0.85 0.228 0.048 0.036
0 0.993 0.781 0.01 0.038
0 0.962 0.837 0.056 0.038
0 0.862 0.792 0.016 0.02
0 0.893 0.841 0.042 0.03
0 0.801 0.811 0.062 0.042
0 0.799 0.865 0.05 0.038
0 0.803 0.846 0.062 0.036
0 0.81 0.955 0.064 0.042
0 0.779 0.911 0.046 0.034
0 0.805 0.911 0.042 0.038
0 0.731 0.973 0.042 0.042
0 0.767 0.923 0.05 0.042
0 0.673 0.965 0.062 0.046
0 0.686 0.925 0.068 0.042
0 0.735 0.871 0.05 0.042
0 0.754 0.858 0.04 0.048
0 0.67 0.833 0.044 0.046
0 0.654 0.904 0.036 0.04
0 0.836 0.918 0.032 0.056
0 0.726 0.749 0.056 0.046
0 0.729 0.774 0.054 0.032
0 0.758 0.705 0.056 0.026
0 0.71 0.62 0.056 0.052
0 0.734 0.638 0.032 0.048
0 0.853 0.597 0.034 0.066
0 0.724 0.529 0.048 0.058
0 0.631 0.517 0.046 0.046
0 0.599 0.566 0.046 0.052
0 0.541 0.599 0.066 0.062
0 0.586 0.439 0.036 0.038
0 0.578 0.457 0.044 0.03
0 0.571 0.928 0.042 0.04
0 0.597 0.917 0.034 0.038
0 0.6 0.89 0.04 0.04
0 0.528 0.826 0.06 0.056
0 0.561 0.832 0.038 0.056
0 0.587 0.85 0.038 0.044
0 0.592 0.798 0.052 0.036
0 0.554 0.777 0.044 0.042
0 0.612 0.789 0.052 0.062
0 0.662 0.781 0.052 0.054
0 0.647 0.762 0.05 0.032
0 0.708 0.679 0.068 0.026
0 0.658 0.692 0.052 0.044
0 0.527 0.48 0.046 0.064
0 0.549 0.518 0.042 0.044
0 0.47 0.595 0.048 0.042
0 0.428 0.568 0.04 0.036
0 0.446 0.585 0.048 0.046
0 0.608 0.697 0.036 0.026
0 0.573 0.67 0.046 0.024
0 0.501 0.732 0.03 0.032
0 0.512 0.685 0.06 0.038
0 0.491 0.662 0.054 0.024
0 0.521 0.862 0.054 0.052
0 0.501 0.916 0.062 0.064
0 0.555 0.977 0.046 0.042
0 0.582 0.956 0.024 0.028
0 0.527 0.984 0.054 0.028
0 0.472 0.971 0.052 0.046
0 0.491 0.96 0.042 0.044
0 0.442 0.955 0.048 0.046
0 0.457 0.92 0.03 0.02
0 0.431 0.856 0.046 0.048
0 0.468 0.862 0.036 0.044
0 0.388 0.913 0.056 0.062
0 0.385 0.976 0.054 0.044
0 0.466 0.757 0.048 0.058
0 0.391 0.723 0.058 0.046
0 0.382 0.793 0.04 0.042
0 0.367 0.815 0.062 0.054
0 0.413 0.758 0.05 0.048
0 0.362 0.678 0.052 0.044
0 0.402 0.522 0.052 0.044
0 0.444 0.438 0.052 0.052
0 0.482 0.432 0.028 0.036
0 0.699 0.382 0.05 0.032
0 0.698 0.341 0.044 0.042
0 0.723 0.271 0.046 0.05
0 0.751 0.204 0.054 0.036
0 0.768 0.136 0.048 0.064
0 0.932 0.088 0.056 0.056
0 0.958 0.13 0.048 0.04
0 0.967 0.062 0.058 0.044
0 0.989 0.047 0.018 0.046
0 0.736 0.028 0.052 0.048
0 0.644 0.357 0.048 0.046
0 0.666 0.225 0.056 0.046
0 0.597 0.171 0.05 0.05
0 0.697 0.07 0.042 0.028
0 0.622 0.109 0.056 0.046
0 0.683 0.022 0.05 0.04
0 0.524 0.065 0.076 0.054
0 0.591 0.193 0.054 0.046
0 0.522 0.383 0.036 0.038
0 0.536 0.369 0.044 0.038
0 0.481 0.39 0.042 0.036
0 0.572 0.227 0.052 0.046
0 0.482 0.268 0.044 0.04
0 0.463 0.283 0.058 0.054
0 0.462 0.184 0.064 0.068
0 0.476 0.182 0.032 0.036
0 0.442 0.078 0.056 0.06
0 0.39 0.072 0.044 0.044
0 0.444 0.026 0.08 0.048
0 0.387 0.147 0.054 0.042
0 0.392 0.139 0.084 0.058
0 0.371 0.102 0.058 0.032
0 0.308 0.065 0.044 0.046
0 0.323 0.042 0.058 0.048
0 0.24 0.04 0.036 0.032
0 0.448 0.379 0.048 0.046
0 0.181 0.011 0.054 0.018
0 0.199 0.045 0.034 0.034
0 0.256 0.145 0.056 0.058
0 0.35 0.269 0.04 0.034
0 0.391 0.384 0.038 0.052
0 0.288 0.128 0.068 0.06
0 0.317 0.449 0.05 0.046
0 0.285 0.434 0.05 0.048
0 0.334 0.502 0.052 0.052
0 0.3 0.637 0.052 0.05
0 0.306 0.77 0.048 0.068
0 0.233 0.824 0.05 0.052
0 0.24 0.805 0.052 0.05
0 0.253 0.765 0.05 0.066
0 0.246 0.71 0.06 0.048
0 0.221 0.497 0.054 0.054
0 0.172 0.5 0.044 0.064
0 0.199 0.54 0.046 0.048
0 0.158 0.461 0.048 0.038
0 0.255 0.281 0.058 0.062
0 0.316 0.197 0.036 0.038
0 0.25 0.199 0.056 0.046
0 0.052 0.01 0.06 0.016
0 0.11 0.019 0.056 0.034
0 0.164 0.536 0.032 0.04
0 0.289 0.85 0.054 0.064
0 0.079 0.179 0.058 0.054
0 0.154 0.27 0.052 0.044
0 0.236 0.374 0.064 0.052
0 0.093 0.222 0.05 0.048
0 0.104 0.32 0.044 0.036
0 0.176 0.327 0.048 0.046
0 0.139 0.333 0.042 0.05
0 0.114 0.405 0.048 0.05
0 0.047 0.387 0.058 0.058
0 0.064 0.412 0.04 0.044
0 0.041 0.326 0.05 0.06
0 0.048 0.464 0.052 0.044
0 0.091 0.466 0.046 0.048
0 0.039 0.496 0.054 0.044
0 0.011 0.405 0.018 0.05
0 0.158 0.582 0.06 0.056
0 0.162 0.653 0.072 0.058
0 0.091 0.611 0.054 0.054
0 0.045 0.634 0.054 0.048
0 0.054 0.687 0.056 0.042
0 0.06 0.714 0.052 0.04
0 0.019 0.692 0.034 0.06
0 0.086 0.661 0.048 0.05
0 0.112 0.689 0.056 0.066
0 0.18 0.889 0.048 0.062
0 0.193 0.847 0.058 0.058
0 0.234 0.907 0.064 0.058
0 0.061 0.803 0.054 0.046
0 0.019 0.791 0.034 0.05
0 0.071 0.781 0.038 0.026
0 0.087 0.778 0.054 0.056
0 0.094 0.861 0.056 0.042
0 0.088 0.901 0.052 0.05
0 0.122 0.932 0.048 0.04
0 0.293 0.975 0.042 0.042
0 0.222 0.97 0.052 0.036
0 0.214 0.987 0.052 0.022
0 0.201 0.931 0.034 0.034
0 0.073 0.949 0.054 0.05
0 0.083 0.985 0.046 0.026
0 0.118 0.985 0.04 0.026
0 0.815 0.495 0.054 0.038
0 0.65 0.328 0.048 0.04
1 0.939 0.738 0.026 0.024
1 0.992 0.705 0.012 0.034
1 0.928 0.481 0.048 0.018
1 0.956 0.47 0.028 0.024
1 0.814 0.24 0.036 0.028
1 0.891 0.811 0.018 0.026
1 0.844 0.887 0.024 0.026
1 0.845 0.861 0.022 0.022
1 0.858 0.834 0.024 0.032
1 0.758 0.965 0.02 0.03
1 0.753 0.941 0.03 0.022
1 0.547 0.744 0.026 0.024
1 0.672 0.669 0.044 0.026
1 0.639 0.704 0.038 0.024
1 0.473 0.688 0.034 0.028
1 0.438 0.917 0.028 0.026
1 0.406 0.954 0.02 0.032
1 0.352 0.911 0.024 0.03
1 0.499 0.767 0.018 0.042
1 0.407 0.786 0.014 0.02
1 0.381 0.763 0.034 0.026
1 0.398 0.676 0.028 0.028
1 0.614 0.354 0.024 0.032
1 0.451 0.13 0.03 0.02
1 0.422 0.119 0.028 0.026
1 0.445 0.139 0.066 0.022
1 0.319 0.093 0.026 0.03
1 0.292 0.05 0.02 0.02
1 0.293 0.013 0.038 0.022
1 0.201 0.504 0.022 0.024
1 0.072 0.023 0.032 0.03
1 0.163 0.077 0.026 0.022
1 0.03 0.424 0.024 0.028
1 0.036 0.594 0.02 0.036
1 0.241 0.937 0.03 0.022
1 0.12 0.848 0.028 0.028
1 0.056 0.921 0.036 0.026
1 0.1 0.761 0.036 0.034
1 0.581 0.733 0.03 0.03
1 0.387 0.586 0.03 0.032
2 0.987 0.873 0.022 0.05
2 0.788 0.433 0.024 0.034
2 0.985 0.435 0.026 0.042
2 0.989 0.34 0.018 0.032
2 0.793 0.675 0.026 0.014
2 0.56 0.475 0.028 0.026
2 0.523 0.528 0.018 0.028
2 0.503 0.519 0.03 0.038
2 0.849 0.07 0.054 0.048
2 0.855 0.139 0.054 0.062
2 0.855 0.017 0.062 0.03
2 0.566 0.034 0.068 0.064
2 0.441 0.209 0.054 0.062
2 0.404 0.332 0.044 0.044
2 0.362 0.294 0.052 0.048
2 0.33 0.367 0.06 0.078
2 0.275 0.328 0.05 0.048
2 0.157 0.241 0.058 0.054
2 0.024 0.273 0.036 0.042
2 0.923 0.984 0.046 0.028
2 0.975 0.506 0.046 0.056
2 0.986 0.546 0.024 0.028
2 0.877 0.455 0.062 0.034
2 0.935 0.619 0.03 0.034
2 0.927 0.327 0.05 0.034
2 0.99 0.83 0.016 0.032
2 0.879 0.773 0.054 0.05
2 0.855 0.706 0.054 0.04
2 0.87 0.737 0.032 0.022
2 0.888 0.738 0.02 0.024
2 0.839 0.797 0.054 0.042
2 0.913 0.891 0.05 0.034
2 0.725 0.926 0.034 0.044
2 0.709 0.887 0.042 0.034
2 0.69 0.867 0.052 0.042
2 0.746 0.827 0.04 0.034
2 0.733 0.722 0.058 0.044
2 0.802 0.719 0.06 0.062
2 0.772 0.574 0.052 0.036
2 0.624 0.746 0.044 0.032
2 0.502 0.606 0.036 0.048
2 0.531 0.904 0.042 0.032
2 0.607 0.831 0.022 0.042
2 0.4 0.698 0.036 0.02
2 0.426 0.496 0.036 0.032
2 0.744 0.391 0.048 0.046
2 0.751 0.3 0.026 0.028
2 0.778 0.285 0.044 0.05
2 0.79 0.254 0.036 0.032
2 0.856 0.107 0.064 0.038
2 0.647 0.18 0.046 0.04
2 0.702 0.181 0.056 0.046
2 0.681 0.143 0.034 0.038
2 0.774 0.044 0.032 0.044
2 0.524 0.025 0.016 0.038
2 0.542 0.006 0.036 0.008
2 0.601 0.083 0.034 0.026
2 0.532 0.122 0.04 0.028
2 0.565 0.108 0.034 0.036
2 0.627 0.282 0.05 0.04
2 0.605 0.388 0.038 0.028
2 0.539 0.301 0.034 0.026
2 0.585 0.273 0.046 0.03
2 0.56 0.247 0.036 0.03
2 0.507 0.3 0.03 0.044
2 0.518 0.242 0.056 0.048
2 0.357 0.014 0.046 0.024
2 0.397 0.041 0.046 0.05
2 0.478 0.138 0.028 0.02
2 0.376 0.171 0.036 0.042
2 0.268 0.028 0.044 0.052
2 0.226 0.024 0.028 0.028
2 0.427 0.421 0.042 0.042
2 0.436 0.469 0.036 0.034
2 0.361 0.421 0.034 0.038
2 0.301 0.507 0.026 0.03
2 0.311 0.536 0.042 0.032
2 0.273 0.519 0.038 0.038
2 0.384 0.638 0.048 0.032
2 0.313 0.589 0.05 0.05
2 0.281 0.667 0.046 0.05
2 0.378 0.861 0.052 0.034
2 0.237 0.536 0.034 0.04
2 0.358 0.208 0.048 0.032
2 0.282 0.184 0.032 0.032
2 0.097 0.043 0.054 0.022
2 0.025 0.05 0.042 0.032
2 0.161 0.052 0.038 0.024
2 0.244 0.088 0.032 0.032
2 0.258 0.609 0.04 0.046
2 0.062 0.085 0.036 0.03
2 0.027 0.132 0.042 0.032
2 0.182 0.747 0.024 0.038
2 0.138 0.122 0.068 0.032
2 0.156 0.168 0.036 0.036
2 0.284 0.26 0.028 0.036
2 0.306 0.265 0.02 0.026
2 0.195 0.066 0.062 0.028
2 0.99 0.132 0.016 0.04
2 0.138 0.3 0.044 0.036
2 0.113 0.359 0.042 0.038
2 0.088 0.579 0.028 0.018
2 0.055 0.578 0.026 0.032
2 0.018 0.603 0.028 0.03
2 0.15 0.786 0.044 0.036
2 0.132 0.964 0.024 0.028
2 0.642 0.441 0.052 0.05
2 0.763 0.373 0.058 0.054
2 0.818 0.126 0.02 0.032
2 0.324 0.879 0.028 0.03
2 0.555 0.869 0.034 0.03
2 0.995 0.737 0.006 0.026
2 0.995 0.637 0.006 0.022
2 0.916 0.629 0.028 0.034
2 0.819 0.887 0.022 0.018
2 0.857 0.948 0.018 0.02
2 0.979 0.811 0.022 0.014
2 0.971 0.79 0.034 0.02
2 0.966 0.45 0.028 0.02
2 0.538 0.658 0.052 0.02