0 0.329 0.286 0.05 0.056
0 0.106 0.625 0.04 0.07
0 0.169 0.568 0.05 0.072
0 0.28 0.564 0.056 0.064
0 0.324 0.65 0.044 0.052
0 0.398 0.655 0.044 0.046
0 0.461 0.52 0.054 0.088
0 0.439 0.484 0.066 0.088
0 0.377 0.474 0.038 0.056
0 0.186 0.415 0.036 0.058
0 0.243 0.406 0.026 0.036
0 0.292 0.344 0.04 0.044
0 0.449 0.31 0.03 0.044
0 0.45 0.271 0.04 0.046
0 0.496 0.23 0.04 0.044
0 0.041 0.072 0.038 0.06
0 0.105 0.06 0.034 0.048
0 0.185 0.037 0.042 0.042
0 0.226 0.02 0.032 0.04
0 0.279 0.01 0.034 0.02
0 0.349 0.042 0.03 0.04
0 0.313 0.05 0.042 0.06
0 0.273 0.068 0.046 0.06
0 0.425 0.009 0.038 0.018
0 0.418 0.062 0.036 0.044
0 0.445 0.088 0.046 0.052
0 0.501 0.051 0.042 0.054
0 0.5 0.088 0.04 0.044
0 0.567 0.059 0.038 0.046
0 0.686 0.017 0.024 0.03
0 0.65 0.042 0.04 0.048
0 0.766 0.095 0.044 0.05
0 0.634 0.071 0.052 0.066
0 0.79 0.007 0.04 0.014
0 0.889 0.046 0.038 0.048
0 0.945 0.021 0.046 0.042
0 0.915 0.056 0.034 0.028
0 0.911 0.108 0.054 0.06
0 0.995 0.056 0.006 0.02
0 0.747 0.198 0.046 0.056
0 0.636 0.188 0.04 0.044
0 0.658 0.207 0.032 0.042
0 0.181 0.081 0.038 0.046
0 0.143 0.109 0.046 0.086
0 0.234 0.171 0.052 0.062
0 0.27 0.176 0.036 0.064
0 0.352 0.136 0.044 0.076
0 0.439 0.174 0.038 0.052
0 0.08 0.155 0.036 0.058
0 0.139 0.228 0.066 0.08
0 0.7 0.33 0.04 0.096
0 0.791 0.293 0.05 0.054
0 0.582 0.306 0.04 0.052
0 0.636 0.361 0.04 0.07
0 0.344 0.39 0.032 0.04
0 0.25 0.45 0.028 0.048
0 0.034 0.389 0.052 0.066
0 0.019 0.662 0.038 0.06
0 0.495 0.31 0.03 0.048
0 0.834 0.268 0.032 0.04
0 0.974 0.361 0.048 0.05
0 0.877 0.334 0.046 0.064
0 0.482 0.618 0.04 0.06
0 0.585 0.557 0.038 0.038
0 0.557 0.339 0.034 0.058
0 0.86 0.485 0.044 0.066
0 0.957 0.457 0.046 0.046
0 0.964 0.513 0.064 0.074
0 0.898 0.243 0.036 0.058
0 0.992 0.227 0.012 0.042
0 0.707 0.587 0.038 0.042
0 0.793 0.602 0.046 0.052
0 0.82 0.567 0.028 0.03
0 0.75 0.525 0.036 0.042
0 0.658 0.518 0.048 0.068
0 0.692 0.499 0.028 0.05
0 0.964 0.408 0.032 0.032
0 0.828 0.301 0.016 0.026
0 0.547 0.405 0.038 0.054
0 0.169 0.76 0.054 0.092
0 0.183 0.869 0.042 0.05
0 0.216 0.861 0.036 0.058
0 0.161 0.837 0.038 0.042
0 0.38 0.733 0.032 0.058
0 0.524 0.748 0.04 0.056
0 0.485 0.757 0.062 0.058
0 0.63 0.621 0.032 0.054
0 0.652 0.614 0.02 0.04
0 0.587 0.642 0.03 0.04
0 0.579 0.678 0.03 0.032
0 0.66 0.687 0.032 0.038
0 0.647 0.714 0.026 0.028
0 0.633 0.685 0.026 0.05
0 0.813 0.651 0.042 0.046
0 0.77 0.725 0.044 0.046
0 0.855 0.699 0.046 0.066
0 0.946 0.677 0.048 0.046
0 0.945 0.713 0.03 0.038
0 0.985 0.595 0.026 0.038
0 0.961 0.607 0.046 0.058
0 0.656 0.407 0.032 0.038
0 0.595 0.722 0.034 0.04
0 0.585 0.759 0.026 0.03
0 0.68 0.852 0.028 0.04
0 0.619 0.892 0.046 0.048
0 0.875 0.836 0.07 0.056
0 0.919 0.745 0.034 0.03
0 0.915 0.907 0.038 0.042
0 0.977 0.959 0.042 0.046
0 0.861 0.962 0.034 0.048
0 0.784 0.903 0.036 0.05
0 0.74 0.876 0.024 0.028
0 0.713 0.892 0.038 0.036
0 0.685 0.958 0.066 0.08
0 0.532 0.932 0.044 0.048
0 0.476 0.965 0.044 0.046
0 0.466 0.887 0.036 0.046
0 0.356 0.774 0.048 0.064
0 0.095 0.682 0.046 0.056
0 0.067 0.834 0.034 0.048
0 0.086 0.879 0.044 0.05
0 0.064 0.932 0.04 0.048
0 0.167 0.975 0.042 0.046
0 0.945 0.23 0.038 0.032
0 0.934 0.926 0.044 0.056
0 0.092 0.104 0.032 0.036
0 0.015 0.292 0.03 0.068
0 0.349 0.319 0.034 0.038
0 0.311 0.469 0.042 0.074
0 0.015 0.568 0.03 0.068
0 0.298 0.746 0.04 0.048
0 0.428 0.741 0.04 0.054
0 0.056 0.727 0.044 0.05
0 0.13 0.742 0.036 0.06
0 0.314 0.708 0.032 0.028
0 0.959 0.789 0.062 0.046
0 0.983 0.82 0.03 0.056
0 0.727 0.963 0.038 0.038
0 0.026 0.972 0.04 0.04
1 0.725 0.136 0.026 0.036
1 0.389 0.372 0.022 0.04
1 0.264 0.435 0.016 0.026
1 0.686 0.132 0.024 0.036
1 0.561 0.473 0.018 0.03
1 0.866 0.519 0.028 0.026
1 0.766 0.563 0.024 0.022
1 0.725 0.477 0.026 0.03
1 0.814 0.422 0.016 0.024
1 0.621 0.401 0.022 0.022
1 0.949 0.866 0.018 0.02
1 0.651 0.927 0.022 0.042
1 0.353 0.967 0.018 0.034
1 0.256 0.952 0.02 0.024
1 0.578 0.173 0.02 0.026
1 0.679 0.217 0.018 0.022
1 0.703 0.223 0.022 0.026
1 0.779 0.027 0.014 0.014
1 0.766 0.033 0.02 0.022
1 0.748 0.071 0.024 0.03
1 0.86 0.1 0.024 0.024
1 0.805 0.126 0.026 0.032
1 0.375 0.227 0.022 0.026
1 0.398 0.191 0.028 0.034
1 0.178 0.204 0.024 0.024
1 0.217 0.218 0.022 0.012
1 0.803 0.204 0.022 0.024
1 0.945 0.113 0.018 0.026
1 0.062 0.132 0.02 0.032
1 0.014 0.192 0.024 0.024
1 0.058 0.206 0.048 0.028
1 0.19 0.136 0.02 0.036
1 0.126 0.372 0.02 0.028
1 0.515 0.429 0.026 0.03
1 0.559 0.44 0.026 0.02
1 0.617 0.459 0.026 0.042
1 0.055 0.517 0.022 0.03
1 0.088 0.528 0.024 0.028
1 0.133 0.494 0.014 0.024
1 0.169 0.488 0.018 0.024
1 0.203 0.475 0.022 0.034
1 0.362 0.517 0.024 0.018
1 0.235 0.525 0.026 0.034
1 0.04 0.541 0.024 0.026
1 0.787 0.462 0.026 0.036
1 0.776 0.483 0.028 0.018
1 0.745 0.608 0.026 0.02
1 0.725 0.634 0.03 0.02
1 0.914 0.584 0.024 0.028
1 0.921 0.64 0.026 0.028
1 0.936 0.377 0.02 0.026
1 0.928 0.456 0.024 0.036
1 0.702 0.542 0.02 0.02
1 0.288 0.622 0.032 0.036
1 0.356 0.618 0.024 0.024
1 0.404 0.594 0.028 0.028
1 0.502 0.589 0.016 0.022
1 0.582 0.611 0.028 0.026
1 0.438 0.785 0.024 0.03
1 0.422 0.8 0.02 0.024
1 0.149 0.62 0.022 0.024
1 0.093 0.751 0.03 0.018
1 0.116 0.782 0.036 0.016
1 0.146 0.694 0.024 0.032
1 0.121 0.811 0.022 0.038
1 0.256 0.849 0.02 0.022
1 0.253 0.875 0.018 0.018
1 0.309 0.888 0.038 0.028
1 0.418 0.842 0.028 0.024
1 0.362 0.82 0.036 0.024
1 0.278 0.754 0.016 0.028
1 0.264 0.777 0.012 0.022
1 0.671 0.734 0.022 0.016
1 0.688 0.784 0.02 0.02
1 0.625 0.818 0.038 0.02
1 0.834 0.602 0.02 0.032
1 0.811 0.68 0.026 0.016
1 0.847 0.736 0.022 0.016
1 0.758 0.756 0.024 0.02
1 0.568 0.991 0.008 0.014
1 0.566 0.859 0.024 0.022
1 0.558 0.876 0.02 0.016
1 0.248 0.828 0.024 0.028
2 0.279 0.254 0.034 0.056
2 0.899 0.182 0.03 0.032
2 0.071 0.329 0.018 0.026
2 0.18 0.324 0.036 0.02
2 0.223 0.296 0.026 0.024
2 0.242 0.252 0.024 0.024
2 0.254 0.265 0.012 0.034
2 0.581 0.38 0.022 0.056
2 0.621 0.34 0.042 0.048
2 0.416 0.373 0.032 0.026
2 0.422 0.4 0.024 0.028
2 0.47 0.375 0.02 0.03
2 0.283 0.458 0.022 0.02
2 0.294 0.415 0.024 0.042
2 0.744 0.325 0.016 0.026
2 0.807 0.339 0.018 0.018
2 0.062 0.599 0.036 0.05
2 0.076 0.456 0.024 0.024
2 0.056 0.435 0.012 0.018
2 0.043 0.446 0.014 0.012
2 0.043 0.431 0.014 0.018
2 0.356 0.718 0.016 0.02
2 0.44 0.69 0.02 0.024
2 0.556 0.942 0.032 0.04
2 0.58 0.952 0.024 0.044
2 0.521 0.98 0.038 0.036
2 0.344 0.937 0.032 0.034
2 0.428 0.896 0.012 0.028
2 0.359 0.895 0.018 0.022
2 0.619 0.839 0.03 0.022