0 0.071 0.716 0.066 0.056
0 0.218 0.761 0.02 0.03
0 0.631 0.873 0.034 0.042
0 0.05 0.937 0.032 0.042
0 0.105 0.856 0.042 0.048
0 0.21 0.845 0.048 0.038
0 0.078 0.817 0.036 0.038
0 0.083 0.784 0.038 0.04
0 0.168 0.779 0.036 0.038
0 0.245 0.708 0.05 0.036
0 0.305 0.683 0.038 0.042
0 0.342 0.764 0.048 0.04
0 0.194 0.913 0.056 0.066
0 0.2 0.964 0.04 0.04
0 0.325 0.888 0.054 0.036
0 0.31 0.869 0.06 0.046
0 0.342 0.822 0.056 0.028
0 0.127 0.955 0.03 0.034
0 0.012 0.934 0.02 0.052
0 0.058 0.669 0.032 0.042
0 0.44 0.932 0.044 0.032
0 0.583 0.903 0.022 0.034
0 0.642 0.925 0.032 0.038
0 0.73 0.965 0.024 0.038
0 0.603 0.972 0.026 0.028
0 0.651 0.961 0.03 0.018
0 0.724 0.938 0.024 0.024
0 0.711 0.916 0.034 0.032
0 0.791 0.901 0.042 0.042
0 0.868 0.885 0.036 0.038
0 0.799 0.987 0.03 0.022
0 0.821 0.962 0.034 0.036
0 0.885 0.979 0.03 0.038
0 0.986 0.932 0.024 0.04
0 0.981 0.861 0.034 0.038
0 0.941 0.874 0.034 0.036
0 0.926 0.84 0.028 0.044
0 0.877 0.76 0.034 0.04
0 0.927 0.751 0.03 0.042
0 0.903 0.729 0.05 0.054
0 0.955 0.684 0.042 0.052
0 0.92 0.643 0.04 0.042
0 0.925 0.593 0.042 0.042
0 0.898 0.577 0.024 0.026
0 0.961 0.524 0.038 0.044
0 0.924 0.539 0.028 0.054
0 0.968 0.462 0.036 0.048
0 0.928 0.362 0.036 0.084
0 0.779 0.772 0.038 0.04
0 0.757 0.769 0.018 0.022
0 0.787 0.724 0.054 0.048
0 0.824 0.815 0.032 0.042
0 0.718 0.783 0.036 0.042
0 0.77 0.667 0.028 0.046
0 0.813 0.631 0.034 0.05
0 0.821 0.672 0.034 0.048
0 0.683 0.693 0.034 0.042
0 0.673 0.738 0.03 0.052
0 0.643 0.696 0.034 0.052
0 0.621 0.714 0.026 0.044
0 0.579 0.749 0.038 0.05
0 0.641 0.76 0.034 0.04
0 0.67 0.781 0.028 0.038
0 0.685 0.624 0.042 0.036
0 0.729 0.571 0.026 0.034
0 0.504 0.909 0.032 0.058
0 0.495 0.859 0.03 0.042
0 0.49 0.815 0.04 0.05
0 0.42 0.855 0.036 0.038
0 0.396 0.826 0.036 0.04
0 0.261 0.917 0.042 0.034
0 0.526 0.663 0.036 0.038
0 0.408 0.676 0.036 0.048
0 0.461 0.623 0.034 0.042
0 0.32 0.619 0.036 0.042
0 0.358 0.641 0.028 0.042
0 0.372 0.575 0.036 0.046
0 0.381 0.62 0.022 0.036
0 0.458 0.585 0.032 0.038
0 0.19 0.594 0.028 0.044
0 0.042 0.59 0.032 0.032
0 0.021 0.533 0.03 0.038
0 0.022 0.492 0.04 0.032
0 0.175 0.556 0.03 0.04
0 0.134 0.516 0.036 0.044
0 0.128 0.56 0.032 0.036
0 0.254 0.51 0.036 0.04
0 0.281 0.552 0.03 0.052
0 0.28 0.614 0.028 0.02
0 0.213 0.504 0.034 0.04
0 0.315 0.458 0.038 0.04
0 0.252 0.432 0.04 0.04
0 0.148 0.439 0.036 0.038
0 0.177 0.444 0.038 0.04
0 0.203 0.42 0.03 0.028
0 0.114 0.387 0.028 0.03
0 0.075 0.37 0.03 0.028
0 0.107 0.349 0.018 0.018
0 0.174 0.38 0.04 0.044
0 0.287 0.366 0.038 0.052
0 0.375 0.376 0.03 0.036
0 0.368 0.341 0.036 0.034
0 0.416 0.312 0.032 0.04
0 0.461 0.321 0.026 0.034
0 0.411 0.35 0.03 0.036
0 0.341 0.496 0.03 0.036
0 0.342 0.411 0.024 0.034
0 0.38 0.427 0.04 0.034
0 0.414 0.417 0.02 0.022
0 0.442 0.434 0.024 0.028
0 0.496 0.424 0.04 0.036
0 0.41 0.514 0.028 0.044
0 0.437 0.527 0.038 0.038
0 0.415 0.471 0.034 0.034
0 0.443 0.473 0.034 0.026
0 0.497 0.385 0.038 0.034
0 0.469 0.366 0.038 0.044
0 0.574 0.385 0.028 0.042
0 0.576 0.342 0.036 0.044
0 0.509 0.597 0.034 0.034
0 0.537 0.587 0.03 0.05
0 0.579 0.603 0.038 0.046
0 0.601 0.617 0.042 0.05
0 0.57 0.571 0.028 0.054
0 0.666 0.565 0.036 0.042
0 0.697 0.517 0.038 0.046
0 0.785 0.54 0.034 0.044
0 0.81 0.499 0.036 0.038
0 0.846 0.445 0.032 0.034
0 0.854 0.407 0.044 0.046
0 0.865 0.38 0.034 0.036
0 0.622 0.461 0.044 0.042
0 0.646 0.416 0.04 0.048
0 0.609 0.392 0.03 0.048
0 0.71 0.359 0.032 0.054
0 0.732 0.331 0.024 0.034
0 0.777 0.326 0.034 0.032
0 0.63 0.338 0.036 0.032
0 0.654 0.363 0.044 0.054
0 0.643 0.29 0.034 0.04
0 0.609 0.285 0.034 0.034
0 0.598 0.251 0.048 0.054
0 0.513 0.267 0.026 0.03
0 0.507 0.293 0.026 0.022
0 0.011 0.311 0.018 0.038
0 0.024 0.332 0.032 0.04
0 0.048 0.333 0.028 0.026
0 0.015 0.271 0.026 0.03
0 0.091 0.314 0.03 0.024
0 0.085 0.291 0.034 0.03
0 0.193 0.305 0.026 0.026
0 0.217 0.296 0.034 0.032
0 0.02 0.211 0.036 0.038
0 0.057 0.218 0.034 0.032
0 0.039 0.239 0.03 0.038
0 0.101 0.203 0.034 0.03
0 0.087 0.237 0.022 0.03
0 0.106 0.161 0.036 0.03
0 0.242 0.264 0.028 0.032
0 0.209 0.235 0.03 0.034
0 0.222 0.195 0.028 0.038
0 0.205 0.14 0.03 0.028
0 0.19 0.185 0.028 0.03
0 0.167 0.186 0.026 0.044
0 0.134 0.237 0.02 0.034
0 0.27 0.238 0.04 0.048
0 0.322 0.204 0.028 0.036
0 0.33 0.23 0.032 0.024
0 0.301 0.167 0.034 0.026
0 0.282 0.14 0.028 0.032
0 0.316 0.114 0.036 0.032
0 0.248 0.154 0.024 0.036
0 0.208 0.084 0.036 0.048
0 0.121 0.081 0.022 0.034
0 0.092 0.054 0.04 0.052
0 0.241 0.053 0.022 0.026
0 0.298 0.053 0.04 0.046
0 0.341 0.048 0.038 0.044
0 0.403 0.014 0.026 0.024
0 0.18 0.013 0.036 0.022
0 0.359 0.107 0.03 0.026
0 0.405 0.117 0.034 0.03
0 0.427 0.132 0.034 0.044
0 0.465 0.132 0.038 0.036
0 0.452 0.114 0.032 0.032
0 0.37 0.065 0.02 0.03
0 0.348 0.154 0.028 0.032
0 0.425 0.177 0.042 0.026
0 0.438 0.219 0.036 0.03
0 0.366 0.209 0.02 0.018
0 0.543 0.198 0.03 0.032
0 0.629 0.19 0.03 0.028
0 0.657 0.189 0.042 0.03
0 0.674 0.149 0.028 0.034
0 0.658 0.118 0.028 0.032
0 0.611 0.155 0.022 0.03
0 0.563 0.142 0.026 0.028
0 0.599 0.093 0.042 0.054
0 0.604 0.05 0.04 0.044
0 0.625 0.032 0.03 0.032
0 0.652 0.043 0.032 0.046
0 0.674 0.027 0.028 0.034
0 0.599 0.011 0.034 0.018
0 0.564 0.015 0.032 0.026
0 0.705 0.058 0.03 0.024
0 0.761 0.041 0.03 0.034
0 0.764 0.065 0.024 0.034
0 0.806 0.054 0.032 0.036
0 0.842 0.028 0.032 0.028
0 0.886 0.031 0.04 0.03
0 0.939 0.065 0.026 0.026
0 0.734 0.127 0.02 0.034
0 0.888 0.084 0.028 0.032
0 0.857 0.086 0.026 0.032
0 0.838 0.14 0.024 0.024
0 0.852 0.127 0.028 0.03
0 0.993 0.153 0.01 0.026
0 0.851 0.176 0.03 0.036
0 0.821 0.185 0.034 0.042
0 0.779 0.234 0.03 0.04
0 0.743 0.222 0.026 0.032
0 0.696 0.249 0.04 0.034
0 0.957 0.149 0.034 0.03
0 0.947 0.132 0.03 0.028
0 0.948 0.182 0.024 0.024
0 0.955 0.228 0.034 0.032
0 0.896 0.27 0.028 0.036
0 0.787 0.28 0.022 0.024
0 0.988 0.273 0.02 0.038
0 0.989 0.239 0.018 0.042
0 0.572 0.288 0.032 0.032
0 0.651 0.153 0.022 0.022
0 0.585 0.181 0.01 0.026
0 0.492 0.021 0.024 0.022
0 0.501 0.154 0.018 0.024
0 0.301 0.323 0.03 0.034
0 0.029 0.071 0.034 0.038
0 0.062 0.092 0.028 0.036
0 0.058 0.053 0.028 0.042
0 0.144 0.151 0.032 0.034
0 0.126 0.132 0.032 0.032
0 0.259 0.015 0.046 0.026
0 0.427 0.809 0.026 0.042
0 0.437 0.837 0.018 0.03
0 0.505 0.991 0.026 0.014
0 0.497 0.978 0.022 0.024
0 0.82 0.274 0.036 0.048
0 0.906 0.313 0.028 0.026
0 0.971 0.114 0.034 0.028
0 0.884 0.242 0.02 0.02
0 0.551 0.495 0.026 0.022
0 0.124 0.355 0.02 0.018
0 0.308 0.085 0.036 0.03
0 0.955 0.973 0.01 0.018
0 0.824 0.551 0.032 0.03
0 0.987 0.312 0.022 0.036
0 0.966 0.035 0.024 0.022
0 0.195 0.804 0.03 0.02
0 0.101 0.736 0.022 0.028
0 0.851 0.293 0.018 0.03
0 0.831 0.006 0.022 0.008
0 0.706 0.005 0.016 0.006
0 0.48 0.061 0.032 0.03
0 0.355 0.01 0.03 0.016
0 0.994 0.581 0.008 0.034
0 0.592 0.918 0.02 0.032
0 0.476 0.661 0.024 0.014
1 0.72 0.725 0.02 0.022
1 0.54 0.924 0.02 0.024
1 0.031 0.568 0.018 0.016
1 0.271 0.593 0.022 0.014
1 0.632 0.551 0.024 0.018
1 0.702 0.162 0.016 0.012
1 0.126 0.921 0.024 0.018
1 0.893 0.114 0.018 0.016
1 0.844 0.831 0.024 0.018
1 0.797 0.563 0.026 0.018
1 0.919 0.62 0.026 0.012
1 0.023 0.856 0.014 0.016
1 0.522 0.746 0.016 0.02
2 0.383 0.924 0.05 0.036
2 0.18 0.644 0.036 0.036
2 0.097 0.577 0.034 0.034
2 0.11 0.606 0.032 0.036
2 0.274 0.401 0.036 0.03
2 0.428 0.507 0.012 0.014
2 0.045 0.191 0.022 0.018
2 0.17 0.272 0.04 0.032
2 0.203 0.37 0.03 0.036
2 0.197 0.051 0.026 0.026
2 0.683 0.426 0.038 0.044
2 0.56 0.063 0.02 0.03
2 0.28 0.312 0.02 0.024
2 0.224 0.164 0.024 0.028
2 0.254 0.107 0.02 0.022
2 0.431 0.955 0.018 0.026
2 0.492 0.348 0.032 0.028
2 0.386 0.279 0.028 0.022
2 0.906 0.813 0.036 0.042
2 0.853 0.856 0.022 0.02
2 0.896 0.945 0.02 0.022
2 0.889 0.669 0.018 0.022
2 0.864 0.657 0.024 0.026
2 0.406 0.903 0.024 0.034
2 0.399 0.953 0.034 0.026
2 0.247 0.89 0.038 0.032
2 0.429 0.97 0.026 0.024
2 0.077 0.961 0.026 0.022
2 0.01 0.815 0.016 0.03
2 0.029 0.873 0.034 0.034
2 0.207 0.755 0.034 0.03
2 0.144 0.654 0.024 0.024
2 0.388 0.517 0.024 0.034
2 0.387 0.542 0.05 0.028
2 0.348 0.535 0.028 0.046
2 0.251 0.619 0.03 0.026
2 0.927 0.302 0.022 0.028
2 0.957 0.353 0.018 0.026
2 0.972 0.391 0.02 0.038
2 0.728 0.293 0.02 0.022
2 0.724 0.307 0.028 0.022
2 0.534 0.387 0.02 0.022
2 0.54 0.407 0.024 0.014
2 0.547 0.448 0.01 0.02
2 0.964 0.072 0.028 0.024
2 0.977 0.01 0.026 0.016
2 0.799 0.013 0.014 0.014
2 0.683 0.073 0.022 0.026
2 0.457 0.088 0.026 0.016
2 0.513 0.11 0.022 0.032
2 0.173 0.082 0.022 0.032
2 0.135 0.258 0.022 0.02
2 0.239 0.299 0.018 0.03
2 0.331 0.274 0.022 0.02
2 0.365 0.307 0.022 0.018
2 0.261 0.314 0.022 0.032
2 0.061 0.31 0.026 0.032
2 0.069 0.447 0.018 0.022
2 0.078 0.469 0.02 0.018
2 0.421 0.454 0.014 0.012
2 0.374 0.465 0.024 0.01
2 0.99 0.556 0.016 0.032
2 0.723 0.539 0.026 0.01
2 0.885 0.465 0.026 0.026
2 0.618 0.922 0.02 0.04
2 0.981 0.985 0.034 0.026
2 0.797 0.88 0.038 0.02
2 0.732 0.991 0.024 0.014
2 0.649 0.946 0.03 0.016
2 0.545 0.773 0.026 0.026
2 0.561 0.782 0.022 0.024
2 0.48 0.676 0.032 0.028
2 0.402 0.627 0.02 0.038
2 0.62 0.531 0.032 0.038