0 0.023 0.014 0.046 0.028
0 0.043 0.182 0.038 0.068
0 0.114 0.165 0.052 0.07
0 0.023 0.282 0.046 0.064
0 0.14 0.245 0.052 0.054
0 0.137 0.318 0.038 0.056
0 0.18 0.333 0.036 0.034
0 0.01 0.381 0.02 0.042
0 0.056 0.4 0.04 0.044
0 0.012 0.453 0.024 0.034
0 0.059 0.456 0.034 0.036
0 0.071 0.48 0.022 0.024
0 0.016 0.549 0.032 0.046
0 0.013 0.805 0.026 0.034
0 0.006 0.924 0.012 0.028
0 0.061 0.909 0.042 0.022
0 0.013 0.975 0.026 0.034
0 0.05 0.977 0.024 0.03
0 0.063 0.993 0.03 0.01
0 0.097 0.858 0.038 0.036
0 0.18 0.924 0.04 0.028
0 0.205 0.849 0.046 0.038
0 0.298 0.81 0.04 0.04
0 0.269 0.896 0.034 0.028
0 0.381 0.933 0.042 0.03
0 0.471 0.994 0.026 0.008
0 0.539 0.987 0.014 0.018
0 0.631 0.973 0.042 0.046
0 0.713 0.976 0.062 0.044
0 0.702 0.936 0.036 0.032
0 0.893 0.939 0.034 0.034
0 0.996 0.901 0.004 0.026
0 0.937 0.893 0.042 0.03
0 0.896 0.871 0.04 0.034
0 0.784 0.932 0.032 0.032
0 0.893 0.779 0.03 0.026
0 0.916 0.788 0.028 0.02
0 0.517 0.882 0.038 0.024
0 0.507 0.857 0.038 0.03
0 0.461 0.844 0.038 0.032
0 0.421 0.862 0.038 0.032
0 0.424 0.896 0.036 0.02
0 0.616 0.839 0.036 0.038
0 0.661 0.844 0.042 0.032
0 0.726 0.825 0.04 0.03
0 0.9 0.712 0.04 0.032
0 0.976 0.718 0.02 0.016
0 0.996 0.707 0.004 0.014
0 0.991 0.612 0.014 0.02
0 0.963 0.563 0.042 0.038
0 0.894 0.618 0.04 0.044
0 0.788 0.625 0.036 0.038
0 0.717 0.624 0.05 0.044
0 0.695 0.659 0.038 0.034
0 0.643 0.708 0.034 0.04
0 0.545 0.785 0.042 0.038
0 0.477 0.802 0.034 0.032
0 0.425 0.716 0.046 0.028
0 0.387 0.69 0.034 0.032
0 0.374 0.716 0.032 0.036
0 0.337 0.745 0.034 0.038
0 0.32 0.701 0.036 0.046
0 0.123 0.726 0.034 0.036
0 0.106 0.781 0.028 0.022
0 0.035 0.712 0.034 0.036
0 0.064 0.699 0.044 0.046
0 0.072 0.646 0.032 0.04
0 0.049 0.62 0.022 0.016
0 0.072 0.605 0.02 0.042
0 0.106 0.614 0.016 0.024
0 0.127 0.543 0.042 0.034
0 0.345 0.617 0.03 0.042
0 0.361 0.533 0.042 0.03
0 0.471 0.549 0.034 0.038
0 0.525 0.618 0.038 0.052
0 0.5 0.63 0.032 0.036
0 0.577 0.606 0.034 0.04
0 0.565 0.566 0.026 0.032
0 0.723 0.573 0.026 0.014
0 0.645 0.579 0.034 0.026
0 0.631 0.564 0.038 0.024
0 0.628 0.538 0.024 0.028
0 0.937 0.502 0.03 0.044
0 0.976 0.434 0.032 0.036
0 0.996 0.401 0.004 0.03
0 0.17 0.493 0.04 0.038
0 0.235 0.44 0.046 0.044
0 0.191 0.424 0.042 0.048
0 0.252 0.404 0.032 0.04
0 0.307 0.131 0.034 0.046
0 0.321 0.179 0.03 0.038
0 0.305 0.057 0.018 0.022
0 0.361 0.041 0.026 0.018
0 0.277 0.237 0.01 0.014
0 0.295 0.247 0.026 0.026
0 0.398 0.192 0.032 0.048
0 0.436 0.141 0.056 0.082
0 0.491 0.061 0.026 0.022
0 0.506 0.076 0.028 0.016
0 0.534 0.137 0.032 0.046
0 0.561 0.21 0.03 0.028
0 0.58 0.166 0.012 0.016
0 0.6 0.208 0.044 0.072
0 0.641 0.149 0.046 0.046
0 0.634 0.1 0.028 0.044
0 0.869 0.506 0.046 0.052
0 0.882 0.425 0.04 0.038
0 0.821 0.461 0.038 0.038
0 0.794 0.519 0.036 0.046
0 0.753 0.495 0.038 0.042
0 0.949 0.358 0.046 0.032
0 0.978 0.331 0.036 0.038
0 0.96 0.286 0.04 0.044
0 0.908 0.357 0.028 0.046
0 0.807 0.404 0.042 0.044
0 0.642 0.448 0.04 0.048
0 0.648 0.415 0.032 0.038
0 0.674 0.377 0.036 0.042
0 0.743 0.317 0.034 0.038
0 0.797 0.254 0.046 0.036
0 0.694 0.231 0.028 0.038
0 0.513 0.481 0.026 0.026
0 0.486 0.469 0.032 0.038
0 0.529 0.447 0.018 0.026
0 0.557 0.438 0.034 0.064
0 0.506 0.406 0.028 0.048
0 0.473 0.352 0.042 0.048
0 0.502 0.303 0.024 0.03
0 0.543 0.327 0.038 0.054
0 0.36 0.371 0.032 0.034
0 0.303 0.36 0.026 0.028
0 0.174 0.005 0.02 0.01
0 0.911 0.168 0.034 0.044
0 0.986 0.082 0.02 0.028
0 0.983 0.047 0.018 0.03
0 0.917 0.012 0.034 0.024
0 0.85 0.122 0.036 0.068
0 0.695 0.164 0.026 0.028
1 0.033 0.028 0.026 0.016
1 0.002 0.176 0.004 0.028
1 0.041 0.263 0.022 0.014
1 0.077 0.223 0.022 0.014
1 0.168 0.1 0.028 0.024
1 0.031 0.918 0.018 0.016
1 0.14 0.898 0.02 0.02
1 0.23 0.955 0.02 0.034
1 0.209 0.891 0.014 0.018
1 0.372 0.99 0.028 0.016
1 0.966 0.97 0.024 0.02
1 0.918 0.911 0.028 0.018
1 0.822 0.921 0.016 0.022
1 0.83 0.905 0.008 0.018
1 0.936 0.794 0.016 0.012
1 0.556 0.911 0.028 0.018
1 0.686 0.751 0.016 0.022
1 0.96 0.693 0.02 0.026
1 0.988 0.698 0.008 0.012
1 0.93 0.688 0.032 0.02
1 0.819 0.623 0.01 0.014
1 0.82 0.598 0.016 0.012
1 0.815 0.636 0.01 0.012
1 0.515 0.801 0.014 0.022
1 0.053 0.602 0.014 0.02
1 0.14 0.631 0.024 0.018
1 0.212 0.574 0.02 0.012
1 0.233 0.572 0.022 0.02
1 0.412 0.587 0.02 0.026
1 0.523 0.673 0.026 0.026
1 0.733 0.552 0.03 0.016
1 0.61 0.525 0.016 0.018
1 0.229 0.48 0.018 0.012
1 0.213 0.408 0.014 0.028
1 0.165 0.392 0.018 0.012
1 0.239 0.253 0.03 0.026
1 0.257 0.255 0.014 0.018
1 0.396 0.121 0.028 0.026
1 0.555 0.093 0.018 0.014
1 0.754 0.208 0.012 0.02
1 0.557 0.512 0.014 0.024
1 0.51 0.336 0.016 0.02
1 0.645 0.3 0.022 0.028
1 0.362 0.489 0.032 0.038
1 0.325 0.419 0.034 0.054
1 0.357 0.419 0.026 0.018
1 0.219 0.086 0.014 0.008
1 0.991 0.155 0.014 0.018
1 0.774 0.171 0.028 0.018
1 0.739 0.171 0.018 0.014
2 0.074 0.243 0.024 0.022
2 0.077 0.928 0.022 0.02
2 0.077 0.855 0.022 0.018
2 0.155 0.838 0.022 0.02
2 0.224 0.803 0.036 0.042
2 0.168 0.789 0.036 0.022
2 0.328 0.907 0.028 0.018
2 0.299 0.956 0.014 0.02
2 0.27 0.936 0.012 0.016
2 0.244 0.985 0.028 0.026
2 0.51 0.98 0.024 0.02
2 0.529 0.978 0.014 0.02
2 0.861 0.989 0.034 0.018
2 0.844 0.911 0.02 0.026
2 0.521 0.951 0.038 0.026
2 0.531 0.924 0.022 0.012
2 0.684 0.822 0.02 0.028
2 0.758 0.787 0.04 0.03
2 0.821 0.776 0.03 0.032
2 0.944 0.601 0.032 0.026
2 0.742 0.706 0.044 0.04
2 0.285 0.762 0.034 0.02
2 0.245 0.682 0.03 0.04
2 0.132 0.596 0.044 0.032
2 0.407 0.547 0.034 0.046
2 0.981 0.496 0.026 0.028
2 0.117 0.474 0.022 0.024
2 0.097 0.408 0.034 0.028
2 0.059 0.358 0.03 0.024
2 0.61 0.657 0.028 0.03
2 0.497 0.69 0.018 0.016
2 0.302 0.838 0.028 0.016
2 0.201 0.138 0.034 0.04
2 0.248 0.14 0.036 0.04
2 0.281 0.052 0.022 0.032
2 0.699 0.44 0.022 0.028
2 0.538 0.284 0.016 0.028
2 0.991 0.196 0.014 0.016
2 0.979 0.143 0.01 0.018
2 0.995 0.104 0.006 0.032
2 0.705 0.108 0.026 0.036
2 0.749 0.019 0.03 0.038
2 0.775 0.062 0.026 0.02
2 0.743 0.132 0.018 0.024
2 0.035 0.876 0.018 0.016
2 0.075 0.893 0.018 0.018
2 0.248 0.832 0.016 0.016
2 0.225 0.924 0.03 0.016
2 0.862 0.917 0.012 0.018
2 0.855 0.79 0.022 0.008
2 0.977 0.778 0.018 0.016
2 0.568 0.721 0.016 0.022
2 0.895 0.458 0.03 0.02
2 0.797 0.102 0.018 0.024
2 0.539 0.173 0.014 0.018
2 0.606 0.135 0.02 0.026
2 0.749 0.054 0.022 0.024