0 0.117 0.423 0.062 0.05
0 0.155 0.985 0.058 0.026
0 0.258 0.973 0.064 0.05
0 0.345 0.975 0.062 0.046
0 0.307 0.847 0.054 0.038
0 0.171 0.797 0.066 0.05
0 0.094 0.886 0.056 0.048
0 0.041 0.833 0.062 0.042
0 0.046 0.794 0.056 0.044
0 0.027 0.566 0.054 0.032
0 0.071 0.659 0.062 0.05
0 0.03 0.635 0.06 0.062
0 0.21 0.725 0.08 0.05
0 0.092 0.309 0.064 0.038
0 0.175 0.297 0.062 0.038
0 0.223 0.323 0.074 0.038
0 0.204 0.425 0.048 0.042
0 0.234 0.193 0.056 0.034
0 0.164 0.374 0.076 0.052
0 0.175 0.943 0.058 0.054
0 0.327 0.438 0.062 0.052
0 0.425 0.465 0.078 0.05
0 0.386 0.446 0.044 0.032
0 0.486 0.445 0.056 0.046
0 0.469 0.415 0.078 0.042
0 0.257 0.262 0.062 0.048
0 0.527 0.33 0.066 0.048
0 0.45 0.347 0.072 0.038
0 0.575 0.401 0.066 0.054
0 0.357 0.183 0.078 0.046
0 0.428 0.203 0.072 0.046
0 0.534 0.053 0.076 0.054
0 0.551 0.196 0.058 0.048
0 0.611 0.181 0.062 0.038
0 0.251 0.135 0.07 0.058
0 0.449 0.598 0.074 0.048
0 0.195 0.025 0.07 0.046
0 0.143 0.135 0.054 0.038
0 0.749 0.059 0.038 0.058
0 0.735 0.118 0.042 0.04
0 0.714 0.248 0.064 0.064
0 0.568 0.118 0.04 0.044
0 0.398 0.294 0.052 0.04
0 0.386 0.348 0.056 0.032
0 0.672 0.306 0.06 0.052
0 0.771 0.235 0.058 0.054
0 0.755 0.315 0.05 0.05
0 0.891 0.112 0.034 0.032
0 0.861 0.106 0.022 0.036
0 0.974 0.141 0.036 0.038
0 0.821 0.177 0.05 0.054
0 0.878 0.17 0.036 0.04
0 0.922 0.175 0.052 0.038
0 0.945 0.237 0.038 0.054
0 0.889 0.276 0.042 0.036
0 0.876 0.229 0.044 0.038
0 0.972 0.26 0.044 0.036
0 0.975 0.306 0.034 0.052
0 0.802 0.405 0.036 0.058
0 0.857 0.394 0.05 0.044
0 0.965 0.353 0.042 0.046
0 0.757 0.469 0.046 0.042
0 0.84 0.463 0.04 0.042
0 0.783 0.47 0.042 0.044
0 0.562 0.475 0.076 0.046
0 0.552 0.524 0.072 0.056
0 0.808 0.524 0.044 0.052
0 0.899 0.542 0.042 0.044
0 0.934 0.495 0.056 0.042
0 0.369 0.058 0.058 0.044
0 0.505 0.808 0.082 0.056
0 0.883 0.606 0.058 0.052
0 0.678 0.63 0.064 0.048
0 0.741 0.654 0.05 0.048
0 0.815 0.696 0.042 0.032
0 0.843 0.684 0.038 0.052
0 0.91 0.723 0.044 0.054
0 0.942 0.698 0.036 0.06
0 0.25 0.911 0.06 0.05
0 0.468 0.718 0.08 0.048
0 0.416 0.694 0.044 0.036
0 0.501 0.625 0.062 0.03
0 0.458 0.659 0.048 0.03
0 0.601 0.838 0.07 0.048
0 0.562 0.883 0.084 0.046
0 0.389 0.907 0.038 0.042
0 0.504 0.94 0.068 0.06
0 0.581 0.937 0.058 0.05
0 0.619 0.978 0.066 0.04
0 0.657 0.759 0.046 0.034
0 0.758 0.885 0.056 0.058
0 0.751 0.831 0.05 0.042
0 0.801 0.746 0.058 0.06
0 0.97 0.618 0.056 0.068
0 0.798 0.824 0.04 0.032
0 0.804 0.804 0.052 0.032
0 0.672 0.809 0.06 0.042
0 0.757 0.961 0.062 0.042
0 0.827 0.981 0.058 0.034
0 0.817 0.931 0.054 0.042
0 0.964 0.778 0.044 0.04
0 0.988 0.759 0.02 0.03
0 0.458 0.752 0.04 0.036
0 0.423 0.74 0.042 0.04
0 0.039 0.111 0.078 0.042
0 0.129 0.247 0.07 0.062
0 0.036 0.4 0.064 0.068
0 0.602 0.138 0.076 0.048
0 0.481 0.326 0.038 0.04
0 0.309 0.468 0.062 0.036
0 0.268 0.476 0.028 0.032
0 0.306 0.612 0.052 0.048
0 0.478 0.9 0.048 0.044
0 0.133 0.901 0.034 0.038
0 0.097 0.736 0.058 0.056
1 0.095 0.833 0.026 0.026
1 0.228 0.792 0.032 0.024
1 0.144 0.672 0.028 0.024
1 0.236 0.688 0.028 0.024
1 0.362 0.661 0.024 0.03
1 0.36 0.726 0.016 0.016
1 0.109 0.585 0.022 0.03
1 0.123 0.569 0.014 0.022
1 0.106 0.63 0.036 0.02
1 0.101 0.328 0.018 0.024
1 0.215 0.36 0.03 0.02
1 0.115 0.378 0.034 0.024
1 0.14 0.396 0.024 0.024
1 0.173 0.405 0.014 0.018
1 0.319 0.348 0.03 0.02
1 0.221 0.239 0.022 0.026
1 0.5 0.156 0.048 0.024
1 0.163 0.107 0.03 0.026
1 0.628 0.23 0.02 0.032
1 0.666 0.234 0.016 0.028
1 0.667 0.082 0.03 0.028
1 0.738 0.016 0.028 0.024
1 0.794 0.04 0.032 0.028
1 0.818 0.043 0.016 0.022
1 0.815 0.07 0.014 0.032
1 0.8 0.109 0.016 0.022
1 0.699 0.118 0.03 0.036
1 0.72 0.16 0.036 0.024
1 0.86 0.026 0.04 0.024
1 0.907 0.025 0.038 0.014
1 0.848 0.06 0.044 0.036
1 0.946 0.106 0.024 0.028
1 0.946 0.035 0.02 0.026
1 0.863 0.198 0.022 0.024
1 0.848 0.251 0.024 0.046
1 0.671 0.355 0.022 0.03
1 0.738 0.385 0.02 0.03
1 0.562 0.317 0.028 0.03
1 0.965 0.199 0.034 0.022
1 0.913 0.37 0.022 0.032
1 0.933 0.352 0.03 0.028
1 0.988 0.352 0.02 0.028
1 0.839 0.283 0.042 0.07
1 0.868 0.315 0.02 0.026
1 0.863 0.359 0.018 0.018
1 0.788 0.595 0.016 0.034
1 0.842 0.569 0.024 0.03
1 0.886 0.514 0.036 0.032
1 0.935 0.459 0.034 0.026
1 0.861 0.689 0.01 0.022
1 0.622 0.127 0.02 0.034
1 0.423 0.644 0.026 0.036
1 0.326 0.062 0.028 0.024
1 0.334 0.084 0.036 0.016
1 0.641 0.876 0.034 0.012
1 0.64 0.886 0.024 0.008
1 0.73 0.707 0.024 0.034
1 0.777 0.724 0.018 0.028
1 0.718 0.963 0.028 0.03
1 0.93 0.874 0.032 0.028
1 0.955 0.949 0.026 0.022
1 0.926 0.986 0.012 0.024
1 0.966 0.802 0.028 0.02
1 0.873 0.649 0.034 0.03
1 0.987 0.708 0.022 0.028
1 0.073 0.127 0.03 0.03
1 0.08 0.187 0.02 0.034
1 0.091 0.199 0.022 0.022
1 0.125 0.207 0.05 0.014
1 0.168 0.238 0.024 0.036
1 0.3 0.079 0.028 0.026
1 0.975 0.082 0.026 0.028
1 0.99 0.094 0.016 0.036
1 0.237 0.48 0.026 0.032
1 0.14 0.495 0.04 0.042
1 0.115 0.727 0.03 0.034
1 0.051 0.905 0.018 0.01
1 0.162 0.563 0.012 0.014
1 0.162 0.563 0.04 0.038
1 0.405 0.509 0.022 0.014
1 0.43 0.532 0.028 0.024
2 0.406 0.624 0.016 0.012
2 0.375 0.652 0.01 0.012
2 0.216 0.155 0.044 0.03
2 0.184 0.193 0.044 0.03
2 0.838 0.215 0.036 0.03
2 0.588 0.639 0.048 0.038
2 0.55 0.664 0.024 0.02
2 0.525 0.583 0.034 0.018
2 0.569 0.567 0.022 0.03
2 0.622 0.546 0.016 0.02
2 0.535 0.777 0.058 0.054
2 0.449 0.837 0.034 0.03
2 0.459 0.52 0.026 0.024
2 0.319 0.571 0.042 0.018
2 0.311 0.646 0.022 0.02
2 0.266 0.648 0.04 0.028
2 0.664 0.589 0.048 0.042
2 0.699 0.586 0.018 0.028
2 0.71 0.606 0.016 0.016
2 0.812 0.642 0.028 0.04
2 0.817 0.606 0.006 0.016