0 0.929 0.716 0.066 0.056
0 0.782 0.761 0.02 0.03
0 0.369 0.873 0.034 0.042
0 0.95 0.937 0.032 0.042
0 0.895 0.856 0.042 0.048
0 0.79 0.845 0.048 0.038
0 0.922 0.817 0.036 0.038
0 0.917 0.784 0.038 0.04
0 0.832 0.779 0.036 0.038
0 0.755 0.708 0.05 0.036
0 0.695 0.683 0.038 0.042
0 0.658 0.764 0.048 0.04
0 0.806 0.913 0.056 0.066
0 0.8 0.964 0.04 0.04
0 0.675 0.888 0.054 0.036
0 0.69 0.869 0.06 0.046
0 0.658 0.822 0.056 0.028
0 0.873 0.955 0.03 0.034
0 0.988 0.934 0.02 0.052
0 0.942 0.669 0.032 0.042
0 0.56 0.932 0.044 0.032
0 0.417 0.903 0.022 0.034
0 0.358 0.925 0.032 0.038
0 0.27 0.965 0.024 0.038
0 0.397 0.972 0.026 0.028
0 0.349 0.961 0.03 0.018
0 0.276 0.938 0.024 0.024
0 0.289 0.916 0.034 0.032
0 0.209 0.901 0.042 0.042
0 0.132 0.885 0.036 0.038
0 0.203 0.987 0.03 0.022
0 0.179 0.962 0.034 0.036
0 0.117 0.979 0.03 0.038
0 0.013 0.931 0.026 0.038
0 0.018 0.86 0.036 0.036
0 0.059 0.874 0.034 0.036
0 0.074 0.84 0.028 0.044
0 0.123 0.76 0.034 0.04
0 0.073 0.751 0.03 0.042
0 0.097 0.729 0.05 0.054
0 0.045 0.684 0.042 0.052
0 0.08 0.643 0.04 0.042
0 0.075 0.593 0.042 0.042
0 0.102 0.577 0.024 0.026
0 0.039 0.524 0.038 0.044
0 0.076 0.539 0.028 0.054
0 0.032 0.462 0.036 0.048
0 0.072 0.362 0.036 0.084
0 0.221 0.772 0.038 0.04
0 0.243 0.769 0.018 0.022
0 0.213 0.724 0.054 0.048
0 0.176 0.815 0.032 0.042
0 0.282 0.783 0.036 0.042
0 0.23 0.667 0.028 0.046
0 0.187 0.631 0.034 0.05
0 0.179 0.672 0.034 0.048
0 0.317 0.693 0.034 0.042
0 0.327 0.738 0.03 0.052
0 0.357 0.696 0.034 0.052
0 0.379 0.714 0.026 0.044
0 0.421 0.749 0.038 0.05
0 0.359 0.76 0.034 0.04
0 0.33 0.781 0.028 0.038
0 0.315 0.624 0.042 0.036
0 0.271 0.571 0.026 0.034
0 0.496 0.909 0.032 0.058
0 0.505 0.859 0.03 0.042
0 0.51 0.815 0.04 0.05
0 0.58 0.855 0.036 0.038
0 0.604 0.826 0.036 0.04
0 0.739 0.917 0.042 0.034
0 0.474 0.663 0.036 0.038
0 0.592 0.676 0.036 0.048
0 0.539 0.623 0.034 0.042
0 0.68 0.619 0.036 0.042
0 0.642 0.641 0.028 0.042
0 0.628 0.575 0.036 0.046
0 0.619 0.62 0.022 0.036
0 0.542 0.585 0.032 0.038
0 0.81 0.594 0.028 0.044
0 0.958 0.59 0.032 0.032
0 0.979 0.533 0.03 0.038
0 0.978 0.492 0.04 0.032
0 0.825 0.556 0.03 0.04
0 0.866 0.516 0.036 0.044
0 0.872 0.56 0.032 0.036
0 0.746 0.51 0.036 0.04
0 0.719 0.552 0.03 0.052
0 0.72 0.614 0.028 0.02
0 0.787 0.504 0.034 0.04
0 0.685 0.458 0.038 0.04
0 0.748 0.432 0.04 0.04
0 0.852 0.439 0.036 0.038
0 0.823 0.444 0.038 0.04
0 0.797 0.42 0.03 0.028
0 0.886 0.387 0.028 0.03
0 0.925 0.37 0.03 0.028
0 0.893 0.349 0.018 0.018
0 0.826 0.38 0.04 0.044
0 0.713 0.366 0.038 0.052
0 0.625 0.376 0.03 0.036
0 0.632 0.341 0.036 0.034
0 0.584 0.312 0.032 0.04
0 0.539 0.321 0.026 0.034
0 0.589 0.35 0.03 0.036
0 0.659 0.496 0.03 0.036
0 0.658 0.411 0.024 0.034
0 0.62 0.427 0.04 0.034
0 0.586 0.417 0.02 0.022
0 0.558 0.434 0.024 0.028
0 0.504 0.424 0.04 0.036
0 0.59 0.514 0.028 0.044
0 0.563 0.527 0.038 0.038
0 0.585 0.471 0.034 0.034
0 0.557 0.473 0.034 0.026
0 0.503 0.385 0.038 0.034
0 0.531 0.366 0.038 0.044
0 0.426 0.385 0.028 0.042
0 0.424 0.342 0.036 0.044
0 0.491 0.597 0.034 0.034
0 0.463 0.587 0.03 0.05
0 0.421 0.603 0.038 0.046
0 0.399 0.617 0.042 0.05
0 0.43 0.571 0.028 0.054
0 0.334 0.565 0.036 0.042
0 0.303 0.517 0.038 0.046
0 0.215 0.54 0.034 0.044
0 0.19 0.499 0.036 0.038
0 0.154 0.445 0.032 0.034
0 0.146 0.407 0.044 0.046
0 0.135 0.38 0.034 0.036
0 0.378 0.461 0.044 0.042
0 0.354 0.416 0.04 0.048
0 0.391 0.392 0.03 0.048
0 0.29 0.359 0.032 0.054
0 0.268 0.331 0.024 0.034
0 0.223 0.326 0.034 0.032
0 0.37 0.338 0.036 0.032
0 0.346 0.363 0.044 0.054
0 0.357 0.29 0.034 0.04
0 0.391 0.285 0.034 0.034
0 0.402 0.251 0.048 0.054
0 0.487 0.267 0.026 0.03
0 0.493 0.293 0.026 0.022
0 0.989 0.311 0.018 0.038
0 0.976 0.332 0.032 0.04
0 0.952 0.333 0.028 0.026
0 0.985 0.271 0.026 0.03
0 0.909 0.314 0.03 0.024
0 0.915 0.291 0.034 0.03
0 0.807 0.305 0.026 0.026
0 0.783 0.296 0.034 0.032
0 0.98 0.211 0.036 0.038
0 0.943 0.218 0.034 0.032
0 0.961 0.239 0.03 0.038
0 0.899 0.203 0.034 0.03
0 0.913 0.237 0.022 0.03
0 0.894 0.161 0.036 0.03
0 0.758 0.264 0.028 0.032
0 0.791 0.235 0.03 0.034
0 0.778 0.195 0.028 0.038
0 0.795 0.14 0.03 0.028
0 0.81 0.185 0.028 0.03
0 0.833 0.186 0.026 0.044
0 0.866 0.237 0.02 0.034
0 0.73 0.238 0.04 0.048
0 0.678 0.204 0.028 0.036
0 0.67 0.23 0.032 0.024
0 0.699 0.167 0.034 0.026
0 0.718 0.14 0.028 0.032
0 0.684 0.114 0.036 0.032
0 0.752 0.154 0.024 0.036
0 0.792 0.084 0.036 0.048
0 0.879 0.081 0.022 0.034
0 0.908 0.054 0.04 0.052
0 0.759 0.053 0.022 0.026
0 0.702 0.053 0.04 0.046
0 0.659 0.048 0.038 0.044
0 0.597 0.014 0.026 0.024
0 0.82 0.013 0.036 0.022
0 0.641 0.107 0.03 0.026
0 0.595 0.117 0.034 0.03
0 0.573 0.132 0.034 0.044
0 0.535 0.132 0.038 0.036
0 0.548 0.114 0.032 0.032
0 0.63 0.065 0.02 0.03
0 0.652 0.154 0.028 0.032
0 0.575 0.177 0.042 0.026
0 0.562 0.219 0.036 0.03
0 0.634 0.209 0.02 0.018
0 0.457 0.198 0.03 0.032
0 0.371 0.19 0.03 0.028
0 0.343 0.189 0.042 0.03
0 0.326 0.149 0.028 0.034
0 0.342 0.118 0.028 0.032
0 0.389 0.155 0.022 0.03
0 0.437 0.142 0.026 0.028
0 0.401 0.093 0.042 0.054
0 0.396 0.05 0.04 0.044
0 0.375 0.032 0.03 0.032
0 0.348 0.043 0.032 0.046
0 0.326 0.027 0.028 0.034
0 0.401 0.011 0.034 0.018
0 0.436 0.015 0.032 0.026
0 0.295 0.058 0.03 0.024
0 0.239 0.041 0.03 0.034
0 0.236 0.065 0.024 0.034
0 0.194 0.054 0.032 0.036
0 0.158 0.028 0.032 0.028
0 0.114 0.031 0.04 0.03
0 0.061 0.065 0.026 0.026
0 0.266 0.127 0.02 0.034
0 0.112 0.084 0.028 0.032
0 0.143 0.086 0.026 0.032
0 0.162 0.14 0.024 0.024
0 0.148 0.127 0.028 0.03
0 0.006 0.152 0.012 0.024
0 0.149 0.176 0.03 0.036
0 0.179 0.185 0.034 0.042
0 0.221 0.234 0.03 0.04
0 0.257 0.222 0.026 0.032
0 0.304 0.249 0.04 0.034
0 0.043 0.149 0.034 0.03
0 0.053 0.132 0.03 0.028
0 0.052 0.182 0.024 0.024
0 0.045 0.228 0.034 0.032
0 0.104 0.27 0.028 0.036
0 0.213 0.28 0.022 0.024
0 0.011 0.272 0.022 0.036
0 0.01 0.238 0.02 0.04
0 0.428 0.288 0.032 0.032
0 0.349 0.153 0.022 0.022
0 0.415 0.181 0.01 0.026
0 0.508 0.021 0.024 0.022
0 0.499 0.154 0.018 0.024
0 0.699 0.323 0.03 0.034
0 0.971 0.071 0.034 0.038
0 0.938 0.092 0.028 0.036
0 0.942 0.053 0.028 0.042
0 0.856 0.151 0.032 0.034
0 0.874 0.132 0.032 0.032
0 0.741 0.015 0.046 0.026
0 0.573 0.809 0.026 0.042
0 0.563 0.837 0.018 0.03
0 0.497 0.991 0.026 0.014
0 0.503 0.978 0.022 0.024
0 0.18 0.274 0.036 0.048
0 0.094 0.313 0.028 0.026
0 0.029 0.114 0.034 0.028
0 0.116 0.242 0.02 0.02
0 0.449 0.495 0.026 0.022
0 0.876 0.355 0.02 0.018
0 0.692 0.085 0.036 0.03
0 0.045 0.973 0.01 0.018
0 0.176 0.551 0.032 0.03
0 0.012 0.311 0.024 0.034
0 0.034 0.035 0.024 0.022
0 0.805 0.804 0.03 0.02
0 0.899 0.736 0.022 0.028
0 0.149 0.293 0.018 0.03
0 0.169 0.006 0.022 0.008
0 0.294 0.005 0.016 0.006
0 0.52 0.061 0.032 0.03
0 0.645 0.01 0.03 0.016
0 0.005 0.58 0.01 0.032
0 0.408 0.918 0.02 0.032
0 0.524 0.661 0.024 0.014
1 0.28 0.725 0.02 0.022
1 0.46 0.924 0.02 0.024
1 0.969 0.568 0.018 0.016
1 0.729 0.593 0.022 0.014
1 0.368 0.551 0.024 0.018
1 0.298 0.162 0.016 0.012
1 0.874 0.921 0.024 0.018
1 0.107 0.114 0.018 0.016
1 0.156 0.831 0.024 0.018
1 0.203 0.563 0.026 0.018
1 0.081 0.62 0.026 0.012
1 0.977 0.856 0.014 0.016
1 0.478 0.746 0.016 0.02
2 0.617 0.924 0.05 0.036
2 0.82 0.644 0.036 0.036
2 0.903 0.577 0.034 0.034
2 0.89 0.606 0.032 0.036
2 0.726 0.401 0.036 0.03
2 0.572 0.507 0.012 0.014
2 0.955 0.191 0.022 0.018
2 0.83 0.272 0.04 0.032
2 0.797 0.37 0.03 0.036
2 0.803 0.051 0.026 0.026
2 0.317 0.426 0.038 0.044
2 0.44 0.063 0.02 0.03
2 0.72 0.312 0.02 0.024
2 0.776 0.164 0.024 0.028
2 0.746 0.107 0.02 0.022
2 0.569 0.955 0.018 0.026
2 0.508 0.348 0.032 0.028
2 0.614 0.279 0.028 0.022
2 0.094 0.813 0.036 0.042
2 0.147 0.856 0.022 0.02
2 0.104 0.945 0.02 0.022
2 0.111 0.669 0.018 0.022
2 0.136 0.657 0.024 0.026
2 0.594 0.903 0.024 0.034
2 0.601 0.953 0.034 0.026
2 0.753 0.89 0.038 0.032
2 0.571 0.97 0.026 0.024
2 0.923 0.961 0.026 0.022
2 0.99 0.815 0.016 0.03
2 0.971 0.873 0.034 0.034
2 0.793 0.755 0.034 0.03
2 0.856 0.654 0.024 0.024
2 0.612 0.517 0.024 0.034
2 0.613 0.542 0.05 0.028
2 0.652 0.535 0.028 0.046
2 0.749 0.619 0.03 0.026
2 0.073 0.302 0.022 0.028
2 0.043 0.353 0.018 0.026
2 0.028 0.391 0.02 0.038
2 0.272 0.293 0.02 0.022
2 0.276 0.307 0.028 0.022
2 0.466 0.387 0.02 0.022
2 0.46 0.407 0.024 0.014
2 0.453 0.448 0.01 0.02
2 0.036 0.072 0.028 0.024
2 0.023 0.01 0.026 0.016
2 0.201 0.013 0.014 0.014
2 0.317 0.073 0.022 0.026
2 0.543 0.088 0.026 0.016
2 0.487 0.11 0.022 0.032
2 0.827 0.082 0.022 0.032
2 0.865 0.258 0.022 0.02
2 0.761 0.299 0.018 0.03
2 0.669 0.274 0.022 0.02
2 0.635 0.307 0.022 0.018
2 0.739 0.314 0.022 0.032
2 0.939 0.31 0.026 0.032
2 0.931 0.447 0.018 0.022
2 0.922 0.469 0.02 0.018
2 0.579 0.454 0.014 0.012
2 0.626 0.465 0.024 0.01
2 0.009 0.555 0.018 0.03
2 0.277 0.539 0.026 0.01
2 0.115 0.465 0.026 0.026
2 0.382 0.922 0.02 0.04
2 0.019 0.985 0.034 0.026
2 0.203 0.88 0.038 0.02
2 0.27 0.991 0.024 0.014
2 0.351 0.946 0.03 0.016
2 0.455 0.773 0.026 0.026
2 0.439 0.782 0.022 0.024
2 0.52 0.676 0.032 0.028
2 0.598 0.627 0.02 0.038
2 0.38 0.531 0.032 0.038