0 0.107 0.965 0.042 0.038
0 0.195 0.897 0.026 0.05
0 0.052 0.909 0.044 0.026
0 0.153 0.881 0.046 0.042
0 0.248 0.878 0.036 0.032
0 0.369 0.924 0.054 0.024
0 0.041 0.837 0.03 0.034
0 0.068 0.817 0.036 0.038
0 0.287 0.836 0.062 0.044
0 0.016 0.775 0.032 0.03
0 0.051 0.728 0.046 0.044
0 0.277 0.777 0.054 0.042
0 0.328 0.736 0.036 0.036
0 0.411 0.972 0.058 0.052
0 0.53 0.844 0.096 0.08
0 0.398 0.749 0.048 0.046
0 0.148 0.699 0.048 0.03
0 0.162 0.658 0.056 0.056
0 0.548 0.915 0.056 0.042
0 0.292 0.685 0.048 0.03
0 0.285 0.656 0.05 0.044
0 0.09 0.606 0.044 0.04
0 0.036 0.587 0.052 0.046
0 0.36 0.708 0.044 0.04
0 0.635 0.956 0.062 0.072
0 0.721 0.923 0.042 0.038
0 0.823 0.943 0.074 0.066
0 0.713 0.816 0.074 0.068
0 0.743 0.794 0.054 0.04
0 0.752 0.825 0.02 0.022
0 0.799 0.723 0.066 0.054
0 0.848 0.716 0.048 0.056
0 0.84 0.772 0.056 0.056
0 0.869 0.64 0.038 0.032
0 0.934 0.647 0.048 0.042
0 0.816 0.589 0.056 0.054
0 0.921 0.552 0.054 0.052
0 0.957 0.53 0.03 0.024
0 0.988 0.544 0.02 0.028
0 0.779 0.476 0.094 0.064
0 0.68 0.472 0.036 0.04
0 0.662 0.435 0.06 0.046
0 0.742 0.422 0.068 0.036
0 0.815 0.455 0.038 0.03
0 0.917 0.386 0.066 0.056
0 0.92 0.34 0.04 0.028
0 0.982 0.408 0.032 0.048
0 0.651 0.725 0.05 0.034
0 0.638 0.657 0.04 0.042
0 0.58 0.676 0.064 0.044
0 0.606 0.599 0.084 0.054
0 0.492 0.662 0.048 0.032
0 0.483 0.62 0.05 0.052
0 0.658 0.356 0.04 0.04
0 0.718 0.285 0.06 0.05
0 0.379 0.573 0.05 0.05
0 0.332 0.619 0.052 0.062
0 0.648 0.25 0.064 0.048
0 0.646 0.216 0.048 0.032
0 0.909 0.088 0.038 0.052
0 0.887 0.087 0.026 0.038
0 0.907 0.028 0.046 0.028
0 0.769 0.135 0.054 0.046
0 0.747 0.026 0.038 0.036
0 0.572 0.065 0.06 0.038
0 0.572 0.104 0.052 0.032
0 0.573 0.178 0.042 0.044
0 0.703 0.364 0.054 0.036
0 0.522 0.367 0.048 0.054
0 0.424 0.392 0.052 0.052
0 0.362 0.483 0.056 0.042
0 0.346 0.412 0.056 0.04
0 0.301 0.484 0.03 0.032
0 0.323 0.364 0.058 0.052
0 0.279 0.385 0.054 0.046
0 0.285 0.455 0.046 0.042
0 0.251 0.472 0.046 0.04
0 0.382 0.166 0.044 0.044
0 0.143 0.378 0.054 0.036
0 0.137 0.332 0.058 0.048
0 0.059 0.326 0.046 0.044
0 0.092 0.521 0.056 0.046
0 0.025 0.532 0.05 0.052
0 0.177 0.471 0.038 0.046
0 0.139 0.149 0.062 0.05
0 0.381 0.038 0.058 0.048
0 0.326 0.024 0.052 0.044
0 0.205 0.115 0.05 0.038
0 0.152 0.065 0.056 0.026
0 0.168 0.221 0.06 0.05
0 0.197 0.199 0.054 0.038
0 0.201 0.474 0.038 0.04
0 0.052 0.168 0.04 0.032
0 0.016 0.228 0.032 0.04
0 0.06 0.15 0.048 0.036
0 0.004 0.02 0.008 0.032
0 0.636 0.011 0.052 0.018
0 0.017 0.399 0.034 0.042
0 0.013 0.66 0.026 0.04
0 0.615 0.983 0.046 0.03
0 0.559 0.987 0.046 0.022
0 0.317 0.199 0.038 0.038
0 0.142 0.43 0.048 0.036
0 0.25 0.11 0.04 0.036
0 0.207 0.416 0.05 0.028
0 0.925 0.183 0.046 0.046
0 0.911 0.928 0.05 0.036
0 0.074 0.463 0.036 0.05
0 0.953 0.556 0.034 0.028
0 0.929 0.579 0.038 0.026
1 0.159 0.989 0.03 0.018
1 0.189 0.941 0.018 0.034
1 0.129 0.982 0.022 0.032
1 0.426 0.275 0.032 0.03
1 0.016 0.154 0.024 0.04
1 0.054 0.828 0.016 0.024
1 0.216 0.782 0.028 0.036
1 0.312 0.78 0.032 0.024
1 0.303 0.968 0.026 0.028
1 0.335 0.965 0.03 0.026
1 0.415 0.829 0.022 0.022
1 0.622 0.842 0.024 0.036
1 0.64 0.837 0.024 0.042
1 0.458 0.86 0.036 0.044
1 0.048 0.646 0.036 0.032
1 0.207 0.617 0.034 0.03
1 0.507 0.752 0.026 0.036
1 0.553 0.778 0.03 0.032
1 0.746 0.965 0.036 0.034
1 0.864 0.944 0.024 0.028
1 0.654 0.777 0.028 0.034
1 0.922 0.783 0.032 0.022
1 0.815 0.395 0.026 0.034
1 0.692 0.696 0.02 0.036
1 0.532 0.643 0.024 0.022
1 0.513 0.614 0.026 0.044
1 0.577 0.479 0.026 0.03
1 0.608 0.46 0.024 0.028
1 0.625 0.388 0.034 0.028
1 0.583 0.364 0.026 0.024
1 0.369 0.692 0.03 0.02
1 0.398 0.626 0.032 0.032
1 0.451 0.533 0.042 0.034
1 0.813 0.27 0.03 0.032
1 0.837 0.258 0.03 0.028
1 0.981 0.22 0.022 0.02
1 0.888 0.115 0.02 0.014
1 0.784 0.108 0.028 0.024
1 0.703 0.054 0.038 0.024
1 0.658 0.056 0.036 0.024
1 0.61 0.049 0.024 0.026
1 0.751 0.927 0.018 0.026
1 0.932 0.96 0.04 0.028
1 0.471 0.257 0.03 0.03
1 0.453 0.231 0.03 0.03
1 0.48 0.145 0.032 0.034
1 0.479 0.109 0.018 0.034
1 0.322 0.391 0.028 0.026
1 0.018 0.494 0.024 0.024
1 0.378 0.111 0.028 0.03
1 0.356 0.012 0.04 0.02
1 0.138 0.049 0.032 0.022
1 0.087 0.076 0.054 0.024
1 0.041 0.009 0.054 0.014
1 0.364 0.13 0.016 0.024
1 0.088 0.259 0.032 0.03
1 0.084 0.143 0.02 0.018
1 0.131 0.196 0.018 0.02
1 0.499 0.078 0.014 0.024
1 0.776 0.011 0.024 0.018
1 0.432 0.005 0.02 0.006
1 0.695 0.995 0.022 0.006
1 0.526 0.99 0.024 0.016
1 0.992 0.992 0.012 0.016
1 0.221 0.858 0.022 0.016
1 0.537 0.535 0.038 0.038
1 0.282 0.602 0.032 0.036
1 0.166 0.11 0.02 0.06
1 0.215 0.867 0.018 0.01
2 0.024 0.953 0.028 0.03
2 0.218 0.648 0.028 0.04
2 0.13 0.667 0.032 0.014
2 0.381 0.822 0.022 0.032
2 0.828 0.854 0.024 0.024
2 0.786 0.831 0.024 0.022
2 0.845 0.677 0.014 0.014
2 0.843 0.539 0.018 0.014
2 0.846 0.382 0.116 0.072
2 0.977 0.297 0.026 0.022
2 0.739 0.727 0.03 0.034
2 0.528 0.453 0.052 0.03
2 0.52 0.439 0.036 0.042
2 0.683 0.523 0.022 0.022
2 0.764 0.339 0.036 0.022
2 0.735 0.223 0.086 0.058
2 0.897 0.201 0.046 0.046
2 0.864 0.205 0.02 0.034
2 0.965 0.207 0.026 0.038
2 0.951 0.044 0.026 0.032
2 0.763 0.094 0.054 0.036
2 0.731 0.116 0.026 0.028
2 0.779 0.052 0.038 0.036
2 0.807 0.028 0.034 0.036
2 0.595 0.243 0.03 0.034
2 0.573 0.239 0.022 0.034
2 0.518 0.295 0.02 0.018
2 0.894 0.906 0.028 0.024
2 0.459 0.196 0.026 0.02
2 0.406 0.016 0.064 0.028
2 0.306 0.033 0.016 0.014
2 0.299 0.024 0.014 0.012
2 0.07 0.008 0.032 0.012
2 0.339 0.129 0.034 0.034
2 0.335 0.224 0.018 0.016
2 0.22 0.474 0.016 0.032
2 0.193 0.49 0.022 0.016
2 0.117 0.196 0.01 0.02
2 0.022 0.036 0.04 0.016
2 0.261 0.006 0.042 0.008
2 0.302 0.1 0.032 0.028
2 0.012 0.308 0.024 0.044
2 0.227 0.242 0.018 0.02
2 0.202 0.25 0.032 0.028
2 0.202 0.228 0.016 0.02
2 0.022 0.679 0.02 0.018
2 0.005 0.6 0.01 0.02
2 0.009 0.571 0.01 0.026
2 0.013 0.267 0.026 0.034
2 0.018 0.358 0.024 0.016
2 0.51 0.992 0.02 0.012
2 0.916 0.951 0.012 0.01
2 0.609 0.884 0.062 0.024
2 0.765 0.857 0.034 0.014
2 0.459 0.419 0.014 0.01
2 0.401 0.509 0.014 0.01
2 0.077 0.236 0.018 0.024
2 0.056 0.26 0.028 0.028
2 0.217 0.28 0.03 0.036
2 0.857 0.505 0.022 0.018
2 0.414 0.594 0.02 0.02
2 0.556 0.519 0.024 0.026