0 0.7 0.314 0.056 0.056
0 0.951 0.98 0.034 0.036
0 0.988 0.977 0.02 0.042
0 0.839 0.952 0.046 0.06
0 0.78 0.981 0.04 0.034
0 0.735 0.93 0.038 0.052
0 0.619 0.962 0.034 0.036
0 0.585 0.977 0.022 0.022
0 0.561 0.957 0.05 0.054
0 0.567 0.975 0.022 0.022
0 0.519 0.897 0.03 0.058
0 0.364 0.966 0.032 0.04
0 0.223 0.978 0.038 0.04
0 0.109 0.895 0.042 0.066
0 0.2 0.836 0.048 0.072
0 0.237 0.817 0.03 0.054
0 0.117 0.662 0.054 0.06
0 0.097 0.84 0.038 0.036
0 0.022 0.773 0.036 0.05
0 0.041 0.87 0.038 0.08
0 0.062 0.839 0.024 0.046
0 0.032 0.971 0.04 0.05
0 0.426 0.686 0.036 0.06
0 0.444 0.74 0.04 0.068
0 0.477 0.732 0.026 0.052
0 0.486 0.78 0.04 0.064
0 0.374 0.746 0.04 0.064
0 0.399 0.723 0.038 0.046
0 0.301 0.742 0.034 0.06
0 0.358 0.656 0.028 0.052
0 0.371 0.652 0.022 0.052
0 0.848 0.664 0.04 0.052
0 0.864 0.698 0.04 0.036
0 0.899 0.833 0.038 0.034
0 0.902 0.782 0.036 0.056
0 0.882 0.777 0.036 0.054
0 0.782 0.877 0.036 0.05
0 0.788 0.847 0.032 0.03
0 0.527 0.82 0.038 0.036
0 0.593 0.668 0.042 0.06
0 0.706 0.591 0.056 0.058
0 0.514 0.337 0.048 0.066
0 0.488 0.401 0.032 0.038
0 0.41 0.432 0.036 0.032
0 0.327 0.46 0.034 0.044
0 0.258 0.465 0.036 0.042
0 0.214 0.447 0.032 0.038
0 0.248 0.404 0.024 0.04
0 0.16 0.555 0.036 0.054
0 0.204 0.548 0.04 0.06
0 0.199 0.512 0.03 0.02
0 0.204 0.649 0.044 0.058
0 0.162 0.759 0.048 0.05
0 0.134 0.748 0.044 0.052
0 0.264 0.723 0.044 0.05
0 0.073 0.605 0.054 0.062
0 0.07 0.514 0.044 0.04
0 0.252 0.568 0.048 0.052
0 0.335 0.577 0.038 0.05
0 0.442 0.605 0.04 0.05
0 0.267 0.352 0.046 0.056
0 0.126 0.295 0.048 0.062
0 0.157 0.344 0.046 0.06
0 0.186 0.33 0.048 0.052
0 0.387 0.022 0.038 0.04
0 0.236 0.022 0.036 0.04
0 0.203 0.045 0.042 0.066
0 0.23 0.1 0.032 0.052
0 0.254 0.152 0.052 0.08
0 0.259 0.216 0.034 0.068
0 0.118 0.233 0.04 0.042
0 0.106 0.255 0.024 0.018
0 0.059 0.244 0.026 0.052
0 0.011 0.251 0.018 0.046
0 0.115 0.171 0.034 0.046
0 0.058 0.151 0.036 0.05
0 0.065 0.127 0.038 0.034
0 0.052 0.08 0.024 0.04
0 0.108 0.068 0.044 0.076
0 0.021 0.108 0.026 0.052
0 0.785 0.065 0.038 0.066
0 0.693 0.05 0.054 0.064
0 0.878 0.26 0.052 0.052
0 0.69 0.243 0.036 0.046
0 0.828 0.45 0.036 0.048
0 0.819 0.506 0.038 0.06
0 0.868 0.321 0.028 0.046
0 0.864 0.304 0.036 0.036
0 0.558 0.433 0.052 0.066
0 0.613 0.562 0.042 0.064
0 0.565 0.544 0.054 0.06
0 0.937 0.841 0.034 0.05
0 0.725 0.795 0.042 0.05
0 0.956 0.904 0.044 0.044
0 0.986 0.849 0.024 0.042
0 0.968 0.857 0.032 0.05
0 0.727 0.419 0.05 0.062
0 0.791 0.677 0.042 0.054
0 0.696 0.673 0.04 0.046
0 0.729 0.709 0.042 0.05
0 0.974 0.243 0.048 0.054
0 0.662 0.195 0.032 0.046
0 0.586 0.171 0.036 0.042
0 0.572 0.235 0.032 0.034
0 0.4 0.176 0.048 0.108
0 0.323 0.097 0.042 0.058
0 0.203 0.186 0.038 0.056
0 0.031 0.214 0.034 0.044
0 0.748 0.162 0.044 0.044
0 0.742 0.229 0.036 0.042
0 0.614 0.248 0.04 0.056
0 0.982 0.161 0.032 0.07
0 0.978 0.085 0.04 0.074
0 0.761 0.342 0.026 0.068
0 0.655 0.034 0.034 0.048
0 0.581 0.35 0.054 0.06
0 0.622 0.011 0.024 0.018
0 0.934 0.648 0.036 0.044
0 0.98 0.643 0.036 0.046
0 0.894 0.608 0.048 0.052
0 0.925 0.56 0.038 0.056
0 0.947 0.566 0.034 0.052
0 0.863 0.519 0.054 0.058
0 0.892 0.48 0.028 0.036
0 0.911 0.457 0.058 0.05
0 0.92 0.404 0.044 0.052
0 0.811 0.598 0.042 0.068
0 0.791 0.615 0.022 0.03
0 0.974 0.308 0.044 0.06
0 0.832 0.907 0.052 0.046
0 0.807 0.8 0.054 0.052
0 0.425 0.942 0.03 0.048
0 0.391 0.953 0.03 0.046
0 0.276 0.955 0.048 0.066
0 0.299 0.931 0.03 0.042
0 0.197 0.921 0.046 0.058
0 0.204 0.958 0.028 0.044
0 0.459 0.904 0.034 0.052
0 0.353 0.918 0.026 0.044
0 0.27 0.775 0.032 0.058
0 0.673 0.838 0.038 0.072
0 0.678 0.779 0.04 0.054
0 0.692 0.736 0.052 0.052
0 0.538 0.861 0.04 0.042
0 0.518 0.746 0.032 0.04
0 0.606 0.766 0.04 0.044
0 0.655 0.644 0.03 0.044
0 0.642 0.62 0.024 0.036
0 0.521 0.673 0.042 0.062
0 0.55 0.666 0.024 0.052
0 0.257 0.629 0.038 0.062
0 0.297 0.625 0.042 0.042
0 0.3 0.596 0.032 0.032
0 0.531 0.609 0.042 0.054
0 0.522 0.546 0.044 0.072
0 0.788 0.467 0.028 0.062
0 0.773 0.465 0.026 0.05
0 0.803 0.201 0.03 0.042
0 0.88 0.202 0.028 0.064
0 0.663 0.115 0.042 0.062
0 0.882 0.094 0.04 0.056
0 0.824 0.235 0.036 0.042
0 0.845 0.207 0.034 0.046
0 0.807 0.026 0.05 0.04
0 0.577 0.287 0.054 0.07
0 0.392 0.574 0.036 0.064
0 0.419 0.392 0.046 0.04
0 0.45 0.405 0.028 0.046
0 0.077 0.982 0.046 0.032
0 0.011 0.969 0.018 0.058
0 0.065 0.737 0.034 0.05
0 0.013 0.681 0.022 0.058
0 0.047 0.575 0.034 0.038
0 0.397 0.479 0.042 0.034
0 0.273 0.51 0.038 0.06
0 0.085 0.476 0.042 0.036
0 0.093 0.527 0.026 0.014
0 0.019 0.416 0.034 0.064
0 0.031 0.383 0.03 0.058
0 0.515 0.226 0.042 0.08
0 0.423 0.264 0.062 0.052
0 0.437 0.298 0.046 0.056
0 0.173 0.26 0.03 0.028
0 0.197 0.241 0.03 0.034
0 0.376 0.245 0.024 0.042
0 0.314 0.035 0.048 0.054
0 0.01 0.072 0.016 0.06
0 0.587 0.113 0.03 0.054
0 0.529 0.147 0.022 0.038
0 0.647 0.236 0.026 0.028
0 0.683 0.21 0.022 0.032
1 0.725 0.183 0.018 0.022
1 0.983 0.713 0.03 0.022
1 0.9 0.719 0.024 0.018
1 0.823 0.702 0.014 0.044
1 0.986 0.684 0.024 0.024
1 0.988 0.558 0.02 0.02
1 0.99 0.429 0.016 0.022
1 0.955 0.946 0.018 0.02
1 0.9 0.86 0.02 0.016
1 0.401 0.904 0.014 0.016
1 0.345 0.866 0.026 0.016
1 0.605 0.735 0.022 0.022
1 0.511 0.649 0.022 0.022
1 0.462 0.658 0.024 0.02
1 0.269 0.599 0.018 0.014
1 0.77 0.946 0.016 0.02
1 0.788 0.939 0.02 0.022
1 0.806 0.337 0.016 0.03
1 0.805 0.299 0.014 0.03
1 0.781 0.273 0.022 0.014
1 0.634 0.12 0.016 0.024
1 0.831 0.138 0.014 0.036
1 0.837 0.1 0.022 0.02
1 0.842 0.087 0.024 0.01
1 0.901 0.192 0.026 0.028
1 0.717 0.015 0.018 0.022
1 0.748 0.197 0.036 0.026
1 0.725 0.21 0.022 0.02
1 0.895 0.362 0.026 0.016
1 0.974 0.193 0.016 0.018
1 0.682 0.163 0.024 0.014
1 0.644 0.147 0.016 0.018
1 0.457 0.501 0.022 0.018
1 0.514 0.397 0.02 0.018
1 0.641 0.923 0.03 0.034
1 0.343 0.683 0.022 0.038
1 0.3 0.711 0.012 0.01
1 0.574 0.864 0.012 0.016
1 0.58 0.858 0.012 0.036
1 0.038 0.734 0.016 0.024
1 0.063 0.67 0.014 0.016
1 0.079 0.646 0.014 0.02
1 0.026 0.621 0.02 0.026
1 0.19 0.721 0.028 0.022
1 0.13 0.415 0.024 0.014
1 0.161 0.439 0.018 0.034
1 0.228 0.417 0.02 0.018
1 0.086 0.381 0.028 0.042
1 0.345 0.21 0.038 0.024
1 0.328 0.178 0.028 0.02
1 0.488 0.198 0.032 0.02
1 0.531 0.185 0.018 0.042
1 0.557 0.141 0.014 0.026
1 0.265 0.273 0.018 0.05
1 0.298 0.212 0.04 0.028
1 0.342 0.363 0.02 0.018
1 0.407 0.099 0.026 0.03
1 0.152 0.134 0.028 0.02
1 0.073 0.064 0.018 0.024
1 0.102 0.342 0.02 0.024
1 0.466 0.231 0.024 0.026
1 0.472 0.208 0.044 0.024
1 0.661 0.378 0.014 0.024
1 0.715 0.227 0.01 0.014
2 0.949 0.51 0.022 0.024
2 0.905 0.511 0.022 0.022
2 0.973 0.485 0.022 0.034
2 0.989 0.457 0.018 0.026
2 0.895 0.913 0.018 0.034
2 0.845 0.767 0.026 0.026
2 0.461 0.949 0.022 0.026
2 0.641 0.704 0.026 0.032
2 0.666 0.551 0.036 0.058
2 0.819 0.113 0.034 0.038
2 0.466 0.158 0.036 0.02
2 0.444 0.124 0.016 0.036
2 0.489 0.121 0.022 0.034
2 0.836 0.377 0.02 0.022
2 0.815 0.373 0.022 0.022
2 0.962 0.153 0.024 0.042
2 0.948 0.134 0.02 0.028
2 0.712 0.137 0.028 0.038
2 0.858 0.445 0.016 0.03
2 0.741 0.5 0.022 0.036
2 0.586 0.5 0.04 0.032
2 0.433 0.531 0.034 0.034
2 0.717 0.848 0.022 0.02
2 0.755 0.908 0.026 0.028
2 0.602 0.92 0.032 0.044
2 0.11 0.809 0.024 0.026
2 0.115 0.785 0.022 0.018
2 0.043 0.81 0.03 0.04
2 0.417 0.556 0.018 0.028
2 0.546 0.172 0.016 0.016
2 0.122 0.136 0.02 0.02
2 0.032 0.04 0.024 0.056
2 0.123 0.353 0.006 0.022
2 0.045 0.43 0.03 0.048
2 0.484 0.052 0.044 0.036
2 0.572 0.149 0.012 0.03
2 0.716 0.457 0.008 0.01
2 0.687 0.443 0.022 0.014
2 0.558 0.629 0.036 0.03
2 0.58 0.577 0.016 0.022