0 0.784 0.21 0.064 0.072
0 0.145 0.52 0.054 0.092
0 0.143 0.449 0.046 0.066
0 0.2 0.417 0.044 0.058
0 0.273 0.408 0.03 0.036
0 0.324 0.392 0.044 0.068
0 0.366 0.408 0.044 0.06
0 0.229 0.517 0.038 0.07
0 0.288 0.525 0.028 0.054
0 0.319 0.495 0.034 0.066
0 0.342 0.519 0.048 0.082
0 0.404 0.516 0.044 0.068
0 0.36 0.555 0.048 0.082
0 0.382 0.618 0.04 0.072
0 0.181 0.073 0.042 0.062
0 0.213 0.079 0.038 0.078
0 0.17 0.126 0.044 0.06
0 0.255 0.106 0.038 0.056
0 0.294 0.074 0.036 0.06
0 0.115 0.191 0.054 0.066
0 0.102 0.232 0.04 0.072
0 0.128 0.248 0.04 0.056
0 0.049 0.115 0.05 0.086
0 0.063 0.189 0.042 0.05
0 0.292 0.172 0.048 0.064
0 0.267 0.211 0.038 0.054
0 0.074 0.454 0.04 0.064
0 0.023 0.459 0.042 0.062
0 0.096 0.408 0.06 0.048
0 0.179 0.32 0.042 0.06
0 0.3 0.345 0.04 0.05
0 0.294 0.32 0.04 0.036
0 0.301 0.117 0.038 0.054
0 0.27 0.058 0.028 0.028
0 0.333 0.056 0.042 0.076
0 0.358 0.056 0.032 0.04
0 0.401 0.088 0.038 0.06
0 0.466 0.072 0.04 0.064
0 0.357 0.172 0.054 0.072
0 0.498 0.141 0.064 0.066
0 0.587 0.094 0.042 0.064
0 0.566 0.065 0.052 0.07
0 0.312 0.242 0.04 0.028
0 0.373 0.265 0.042 0.054
0 0.398 0.247 0.036 0.034
0 0.485 0.213 0.042 0.07
0 0.608 0.146 0.04 0.068
0 0.654 0.121 0.032 0.034
0 0.67 0.163 0.036 0.05
0 0.736 0.099 0.044 0.058
0 0.698 0.031 0.044 0.062
0 0.737 0.053 0.058 0.07
0 0.543 0.272 0.05 0.076
0 0.6 0.246 0.04 0.06
0 0.789 0.064 0.026 0.06
0 0.807 0.052 0.034 0.06
0 0.811 0.112 0.05 0.068
0 0.76 0.147 0.056 0.074
0 0.745 0.136 0.038 0.072
0 0.875 0.124 0.038 0.052
0 0.86 0.166 0.04 0.044
0 0.912 0.113 0.036 0.054
0 0.931 0.133 0.026 0.042
0 0.92 0.157 0.028 0.03
0 0.981 0.098 0.034 0.068
0 0.467 0.327 0.046 0.078
0 0.426 0.367 0.036 0.07
0 0.805 0.269 0.046 0.086
0 0.827 0.319 0.058 0.07
0 0.635 0.366 0.046 0.06
0 0.686 0.328 0.056 0.076
0 0.508 0.464 0.04 0.052
0 0.598 0.452 0.044 0.044
0 0.7 0.406 0.044 0.052
0 0.683 0.453 0.042 0.046
0 0.839 0.382 0.058 0.072
0 0.865 0.348 0.026 0.04
0 0.921 0.334 0.054 0.06
0 0.197 0.49 0.026 0.032
0 0.489 0.561 0.054 0.074
0 0.513 0.626 0.046 0.072
0 0.554 0.588 0.04 0.064
0 0.599 0.558 0.034 0.032
0 0.607 0.526 0.046 0.032
0 0.901 0.421 0.042 0.066
0 0.94 0.415 0.04 0.07
0 0.973 0.417 0.05 0.074
0 0.815 0.495 0.05 0.058
0 0.819 0.556 0.046 0.068
0 0.888 0.566 0.036 0.064
0 0.903 0.545 0.034 0.062
0 0.732 0.596 0.048 0.068
0 0.69 0.609 0.04 0.05
0 0.641 0.682 0.046 0.056
0 0.684 0.758 0.044 0.068
0 0.732 0.711 0.04 0.07
0 0.813 0.688 0.054 0.068
0 0.868 0.698 0.052 0.084
0 0.886 0.478 0.044 0.048
0 0.674 0.501 0.044 0.05
0 0.172 0.582 0.036 0.072
0 0.112 0.671 0.056 0.062
0 0.168 0.673 0.044 0.066
0 0.187 0.692 0.042 0.052
0 0.174 0.742 0.044 0.048
0 0.176 0.792 0.036 0.052
0 0.215 0.74 0.026 0.036
0 0.319 0.78 0.054 0.06
0 0.25 0.763 0.04 0.062
0 0.291 0.75 0.042 0.06
0 0.509 0.749 0.046 0.058
0 0.56 0.734 0.036 0.052
0 0.582 0.791 0.048 0.054
0 0.606 0.833 0.052 0.058
0 0.834 0.813 0.044 0.05
0 0.876 0.811 0.04 0.038
0 0.879 0.775 0.05 0.05
0 0.972 0.829 0.052 0.078
0 0.398 0.701 0.036 0.054
0 0.423 0.69 0.022 0.052
0 0.447 0.682 0.034 0.064
0 0.299 0.678 0.058 0.068
0 0.356 0.808 0.044 0.04
0 0.372 0.808 0.044 0.064
0 0.959 0.673 0.046 0.05
0 0.939 0.657 0.046 0.058
0 0.957 0.735 0.054 0.074
0 0.935 0.71 0.046 0.052
0 0.76 0.893 0.044 0.066
0 0.804 0.888 0.048 0.068
0 0.813 0.94 0.054 0.06
0 0.829 0.972 0.05 0.052
0 0.958 0.916 0.044 0.068
0 0.446 0.732 0.048 0.036
0 0.455 0.782 0.054 0.06
0 0.481 0.82 0.038 0.044
0 0.545 0.799 0.042 0.05
0 0.067 0.913 0.046 0.054
0 0.105 0.9 0.03 0.048
0 0.138 0.881 0.032 0.066
0 0.194 0.863 0.044 0.046
0 0.183 0.914 0.042 0.052
0 0.147 0.933 0.026 0.038
0 0.275 0.915 0.034 0.046
0 0.078 0.764 0.048 0.052
0 0.101 0.726 0.046 0.04
0 0.026 0.802 0.044 0.056
0 0.34 0.897 0.04 0.058
0 0.344 0.935 0.032 0.034
0 0.382 0.942 0.036 0.028
0 0.416 0.908 0.048 0.06
0 0.458 0.923 0.04 0.054
0 0.448 0.887 0.032 0.034
0 0.727 0.8 0.05 0.056
0 0.658 0.94 0.032 0.044
0 0.679 0.907 0.034 0.058
0 0.71 0.958 0.044 0.048
0 0.715 0.891 0.038 0.058
0 0.654 0.866 0.024 0.04
0 0.549 0.922 0.026 0.036
0 0.537 0.957 0.026 0.03
0 0.683 0.091 0.042 0.038
1 0.435 0.549 0.018 0.03
1 0.384 0.567 0.016 0.034
1 0.264 0.358 0.024 0.016
1 0.085 0.093 0.022 0.022
1 0.086 0.14 0.02 0.028
1 0.175 0.187 0.034 0.026
1 0.218 0.177 0.02 0.026
1 0.217 0.151 0.022 0.022
1 0.092 0.03 0.028 0.02
1 0.083 0.32 0.026 0.032
1 0.04 0.396 0.032 0.016
1 0.108 0.379 0.036 0.026
1 0.365 0.293 0.026 0.018
1 0.411 0.043 0.018 0.022
1 0.408 0.159 0.02 0.038
1 0.582 0.183 0.04 0.03
1 0.82 0.018 0.012 0.028
1 0.899 0.143 0.018 0.018
1 0.853 0.205 0.022 0.03
1 0.866 0.219 0.024 0.03
1 0.946 0.231 0.032 0.034
1 0.638 0.211 0.028 0.03
1 0.481 0.37 0.022 0.024
1 0.474 0.389 0.02 0.022
1 0.832 0.273 0.008 0.026
1 0.714 0.367 0.02 0.018
1 0.751 0.495 0.03 0.026
1 0.864 0.597 0.02 0.026
1 0.648 0.735 0.032 0.054
1 0.696 0.517 0.024 0.05
1 0.641 0.563 0.034 0.034
1 0.67 0.546 0.024 0.024
1 0.35 0.36 0.016 0.024
1 0.34 0.349 0.012 0.022
1 0.622 0.303 0.02 0.018
1 0.789 0.408 0.014 0.012
1 0.782 0.419 0.016 0.022
1 0.779 0.437 0.014 0.014
1 0.983 0.518 0.022 0.024
1 0.156 0.626 0.028 0.032
1 0.427 0.638 0.026 0.032
1 0.773 0.664 0.034 0.024
1 0.772 0.682 0.016 0.016
1 0.344 0.685 0.024 0.022
1 0.485 0.781 0.022 0.034
1 0.463 0.847 0.018 0.042
1 0.121 0.96 0.026 0.024
1 0.221 0.884 0.018 0.016
1 0.248 0.919 0.02 0.034
1 0.085 0.796 0.022 0.028
1 0.013 0.855 0.022 0.026
1 0.03 0.87 0.024 0.016
1 0.047 0.858 0.018 0.016
1 0.064 0.86 0.016 0.024
1 0.089 0.846 0.026 0.024
1 0.299 0.81 0.018 0.02
1 0.368 0.706 0.028 0.036
1 0.692 0.814 0.02 0.024
1 0.795 0.837 0.018 0.03
1 0.664 0.625 0.024 0.026
1 0.675 0.645 0.018 0.026
1 0.692 0.648 0.016 0.024
1 0.638 0.841 0.016 0.022
1 0.58 0.93 0.016 0.02
1 0.538 0.981 0.012 0.014
1 0.207 0.654 0.026 0.02
1 0.285 0.658 0.014 0.016
1 0.102 0.071 0.028 0.022
1 0.12 0.066 0.024 0.016
1 0.397 0.035 0.022 0.018
1 0.613 0.044 0.026 0.036
2 0.03 0.368 0.024 0.036
2 0.519 0.37 0.034 0.056
2 0.761 0.276 0.03 0.04
2 0.964 0.27 0.028 0.024
2 0.718 0.272 0.02 0.032
2 0.665 0.224 0.03 0.04
2 0.636 0.254 0.012 0.036
2 0.411 0.447 0.042 0.042
2 0.2 0.46 0.056 0.036
2 0.568 0.342 0.016 0.016
2 0.985 0.458 0.026 0.028
2 0.275 0.591 0.026 0.042
2 0.099 0.554 0.026 0.032
2 0.947 0.793 0.026 0.042
2 0.246 0.841 0.052 0.058
2 0.558 0.165 0.024 0.026
2 0.771 0.842 0.022 0.028
2 0.136 0.837 0.032 0.018
2 0.254 0.677 0.02 0.022
2 0.371 0.732 0.014 0.012
2 0.659 0.581 0.026 0.046
2 0.129 0.043 0.046 0.034
2 0.384 0.065 0.032 0.034