0 0.961 0.195 0.038 0.042
0 0.878 0.099 0.048 0.046
0 0.942 0.091 0.032 0.042
0 0.771 0.068 0.026 0.048
0 0.718 0.07 0.036 0.056
0 0.657 0.126 0.038 0.028
0 0.549 0.032 0.034 0.044
0 0.491 0.074 0.042 0.048
0 0.406 0.112 0.048 0.032
0 0.146 0.097 0.048 0.042
0 0.093 0.169 0.038 0.042
0 0.062 0.02 0.036 0.032
0 0.289 0.022 0.046 0.036
0 0.339 0.026 0.034 0.036
0 0.394 0.018 0.036 0.032
0 0.411 0.087 0.034 0.022
0 0.642 0.067 0.032 0.026
0 0.654 0.23 0.06 0.036
0 0.957 0.021 0.062 0.038
0 0.781 0.302 0.054 0.044
0 0.984 0.269 0.028 0.066
0 0.851 0.254 0.03 0.04
0 0.766 0.448 0.032 0.048
0 0.925 0.671 0.042 0.03
0 0.942 0.703 0.036 0.034
0 0.87 0.627 0.036 0.042
0 0.836 0.647 0.036 0.026
0 0.847 0.688 0.022 0.024
0 0.797 0.625 0.046 0.042
0 0.769 0.655 0.038 0.034
0 0.78 0.708 0.032 0.032
0 0.785 0.741 0.054 0.03
0 0.828 0.501 0.036 0.034
0 0.846 0.535 0.04 0.046
0 0.969 0.482 0.03 0.028
0 0.986 0.529 0.024 0.03
0 0.988 0.694 0.02 0.056
0 0.968 0.789 0.048 0.03
0 0.88 0.743 0.052 0.042
0 0.983 0.9 0.03 0.044
0 0.986 0.95 0.024 0.04
0 0.907 0.964 0.042 0.024
0 0.868 0.946 0.06 0.036
0 0.839 0.888 0.046 0.044
0 0.72 0.877 0.052 0.054
0 0.5 0.197 0.044 0.038
0 0.58 0.499 0.044 0.05
0 0.554 0.552 0.04 0.032
0 0.584 0.375 0.032 0.046
0 0.489 0.485 0.042 0.05
0 0.536 0.472 0.04 0.032
0 0.021 0.272 0.038 0.064
0 0.015 0.111 0.026 0.054
0 0.461 0.309 0.042 0.042
0 0.452 0.907 0.04 0.022
0 0.326 0.867 0.044 0.038
0 0.195 0.848 0.042 0.048
0 0.145 0.839 0.046 0.062
0 0.323 0.984 0.05 0.028
0 0.639 0.984 0.038 0.028
0 0.608 0.979 0.024 0.022
0 0.498 0.795 0.036 0.03
0 0.617 0.61 0.03 0.028
0 0.205 0.549 0.046 0.046
0 0.356 0.568 0.044 0.036
0 0.367 0.613 0.042 0.034
0 0.275 0.589 0.026 0.03
0 0.195 0.693 0.05 0.042
0 0.163 0.598 0.03 0.028
0 0.125 0.6 0.046 0.024
0 0.09 0.572 0.048 0.044
0 0.046 0.556 0.036 0.036
0 0.193 0.489 0.042 0.038
0 0.267 0.334 0.042 0.04
0 0.471 0.843 0.03 0.042
0 0.441 0.782 0.054 0.036
0 0.126 0.789 0.04 0.038
0 0.641 0.461 0.034 0.034
0 0.627 0.421 0.042 0.026
0 0.227 0.127 0.03 0.022
0 0.34 0.263 0.044 0.046
0 0.181 0.285 0.046 0.046
0 0.087 0.277 0.042 0.054
0 0.208 0.368 0.04 0.036
0 0.547 0.639 0.038 0.034
0 0.722 0.729 0.032 0.034
0 0.447 0.484 0.038 0.044
0 0.429 0.193 0.038 0.03
0 0.814 0.992 0.04 0.012
0 0.714 0.164 0.028 0.032
0 0.763 0.609 0.03 0.026
0 0.069 0.35 0.034 0.032
0 0.103 0.388 0.026 0.02
0 0.52 0.245 0.036 0.03
0 0.613 0.944 0.042 0.028
0 0.433 0.7 0.042 0.028
0 0.368 0.649 0.04 0.03
0 0.33 0.52 0.028 0.036
0 0.257 0.517 0.034 0.038
0 0.036 0.586 0.04 0.028
0 0.226 0.602 0.04 0.028
0 0.073 0.791 0.042 0.03
0 0.269 0.108 0.03 0.036
0 0.143 0.471 0.038 0.03
0 0.091 0.471 0.038 0.034
0 0.737 0.333 0.038 0.046
0 0.513 0.273 0.038 0.026
0 0.686 0.929 0.02 0.034
0 0.605 0.825 0.038 0.034
0 0.901 0.905 0.03 0.022
0 0.881 0.9 0.018 0.024
0 0.35 0.785 0.068 0.062
0 0.558 0.786 0.06 0.056
0 0.36 0.721 0.028 0.07
0 0.116 0.63 0.084 0.056
0 0.049 0.733 0.038 0.03
0 0.664 0.737 0.056 0.066
0 0.571 0.718 0.05 0.06
0 0.704 0.616 0.04 0.068
0 0.727 0.421 0.038 0.03
0 0.715 0.441 0.034 0.03
0 0.676 0.426 0.032 0.04
0 0.409 0.504 0.054 0.072
0 0.681 0.556 0.062 0.044
0 0.625 0.573 0.022 0.026
0 0.641 0.605 0.022 0.022
0 0.576 0.602 0.024 0.024
0 0.528 0.352 0.052 0.068
0 0.494 0.41 0.04 0.024
0 0.156 0.358 0.044 0.044
0 0.372 0.194 0.032 0.028
0 0.35 0.192 0.02 0.024
0 0.33 0.18 0.028 0.04
0 0.665 0.345 0.05 0.058
1 0.429 0.055 0.034 0.022
1 0.787 0.83 0.018 0.02
1 0.536 0.118 0.024 0.02
1 0.409 0.166 0.018 0.016
1 0.614 0.139 0.02 0.022
1 0.821 0.065 0.022 0.022
1 0.792 0.119 0.016 0.026
1 0.858 0.302 0.024 0.02
1 0.861 0.357 0.026 0.022
1 0.973 0.346 0.022 0.024
1 0.81 0.421 0.028 0.03
1 0.945 0.548 0.026 0.024
1 0.972 0.576 0.024 0.016
1 0.839 0.781 0.022 0.022
1 0.812 0.721 0.02 0.026
1 0.927 0.992 0.022 0.012
1 0.844 0.974 0.028 0.016
1 0.735 0.825 0.018 0.026
1 0.716 0.82 0.02 0.016
1 0.842 0.851 0.024 0.022
1 0.201 0.085 0.03 0.03
1 0.228 0.289 0.012 0.014
1 0.611 0.5 0.018 0.02
1 0.461 0.4 0.018 0.02
1 0.538 0.973 0.024 0.026
1 0.363 0.886 0.022 0.02
1 0.183 0.936 0.03 0.016
1 0.652 0.889 0.008 0.01
1 0.704 0.969 0.024 0.022
1 0.271 0.629 0.014 0.018
1 0.133 0.534 0.026 0.016
1 0.056 0.421 0.02 0.034
1 0.287 0.454 0.018 0.02
1 0.278 0.382 0.024 0.016
1 0.17 0.808 0.036 0.024
1 0.461 0.646 0.026 0.02
1 0.618 0.542 0.044 0.024
1 0.703 0.376 0.026 0.02
1 0.49 0.764 0.04 0.028
1 0.182 0.193 0.032 0.014
1 0.19 0.409 0.036 0.022
1 0.009 0.727 0.014 0.026
1 0.612 0.741 0.024 0.03
1 0.301 0.39 0.034 0.028
1 0.684 0.99 0.028 0.016
1 0.844 0.144 0.016 0.024
1 0.817 0.114 0.018 0.02
1 0.75 0.15 0.02 0.032
1 0.724 0.215 0.024 0.022
1 0.82 0.324 0.024 0.032
1 0.977 0.418 0.034 0.024
1 0.907 0.406 0.046 0.024
1 0.91 0.358 0.024 0.02
1 0.96 0.295 0.028 0.022
1 0.933 0.488 0.03 0.036
1 0.903 0.779 0.018 0.014
1 0.867 0.778 0.022 0.016
1 0.924 0.76 0.02 0.028
1 0.609 0.108 0.018 0.032
1 0.039 0.136 0.022 0.028
1 0.412 0.894 0.032 0.02
1 0.179 0.958 0.042 0.024
1 0.141 0.911 0.034 0.018
1 0.312 0.548 0.024 0.036
1 0.029 0.436 0.042 0.044
1 0.181 0.424 0.054 0.076
1 0.383 0.378 0.03 0.044
1 0.23 0.802 0.028 0.016
1 0.664 0.668 0.02 0.024
1 0.196 0.147 0.032 0.03
1 0.322 0.359 0.028 0.022
1 0.307 0.435 0.058 0.034
1 0.04 0.685 0.024 0.026
1 0.686 0.654 0.012 0.008
1 0.457 0.372 0.018 0.016
1 0.759 0.993 0.026 0.01
1 0.952 0.612 0.016 0.024
1 0.918 0.584 0.056 0.04
1 0.899 0.592 0.018 0.012
1 0.955 0.588 0.026 0.02
1 0.607 0.275 0.022 0.026
1 0.589 0.286 0.022 0.016
1 0.571 0.286 0.022 0.028
1 0.535 0.7 0.018 0.024
1 0.532 0.677 0.02 0.026
1 0.198 0.752 0.04 0.016
1 0.051 0.828 0.022 0.04
1 0.022 0.901 0.036 0.014
1 0.014 0.916 0.024 0.012
1 0.075 0.824 0.026 0.016
2 0.858 0.73 0.044 0.044
2 0.29 0.084 0.028 0.024
2 0.722 0.918 0.028 0.016
2 0.635 0.849 0.026 0.038
2 0.431 0.934 0.03 0.016
2 0.217 0.932 0.022 0.02
2 0.319 0.902 0.01 0.016
2 0.772 0.795 0.02 0.018
2 0.073 0.519 0.01 0.018
2 0.36 0.347 0.028 0.022
2 0.662 0.79 0.04 0.012
2 0.081 0.683 0.01 0.01
2 0.745 0.49 0.022 0.024
2 0.1 0.09 0.012 0.02
2 0.124 0.163 0.02 0.026
2 0.108 0.122 0.016 0.024
2 0.087 0.112 0.014 0.024
2 0.138 0.177 0.012 0.014
2 0.22 0.739 0.02 0.014
2 0.225 0.761 0.014 0.01
2 0.412 0.272 0.02 0.016
2 0.466 0.984 0.02 0.016
2 0.522 0.993 0.016 0.01
2 0.128 0.273 0.02 0.03