0 0.944 0.608 0.044 0.064
0 0.856 0.832 0.052 0.096
0 0.709 0.841 0.038 0.078
0 0.685 0.925 0.042 0.058
0 0.552 0.912 0.036 0.048
0 0.612 0.783 0.028 0.058
0 0.666 0.685 0.028 0.086
0 0.702 0.715 0.036 0.066
0 0.612 0.692 0.028 0.048
0 0.53 0.719 0.028 0.05
0 0.468 0.719 0.04 0.066
0 0.494 0.629 0.04 0.066
0 0.571 0.604 0.026 0.056
0 0.505 0.529 0.038 0.062
0 0.448 0.571 0.04 0.058
0 0.414 0.525 0.036 0.05
0 0.374 0.568 0.032 0.044
0 0.27 0.632 0.028 0.04
0 0.21 0.695 0.032 0.058
0 0.229 0.752 0.03 0.068
0 0.147 0.829 0.054 0.086
0 0.056 0.869 0.028 0.058
0 0.019 0.839 0.034 0.03
0 0.062 0.695 0.032 0.098
0 0.028 0.728 0.028 0.092
0 0.257 0.55 0.034 0.048
0 0.218 0.553 0.024 0.046
0 0.278 0.527 0.04 0.058
0 0.275 0.433 0.03 0.054
0 0.373 0.382 0.038 0.06
0 0.421 0.374 0.026 0.048
0 0.616 0.414 0.044 0.068
0 0.603 0.363 0.03 0.062
0 0.637 0.319 0.03 0.042
0 0.698 0.256 0.032 0.052
0 0.689 0.326 0.03 0.064
0 0.875 0.773 0.046 0.078
0 0.88 0.721 0.04 0.05
0 0.637 0.86 0.078 0.048
0 0.524 0.813 0.032 0.042
0 0.502 0.834 0.036 0.044
0 0.393 0.724 0.03 0.052
0 0.362 0.773 0.04 0.054
0 0.263 0.721 0.038 0.066
0 0.13 0.746 0.044 0.076
0 0.033 0.574 0.034 0.052
0 0.034 0.535 0.036 0.034
0 0.041 0.489 0.03 0.05
0 0.059 0.452 0.034 0.052
0 0.135 0.497 0.034 0.042
0 0.117 0.479 0.038 0.054
0 0.103 0.407 0.03 0.046
0 0.203 0.343 0.042 0.058
0 0.155 0.367 0.026 0.054
0 0.066 0.323 0.032 0.034
0 0.031 0.358 0.03 0.036
0 0.134 0.417 0.028 0.042
0 0.23 0.421 0.032 0.046
0 0.247 0.303 0.026 0.042
0 0.295 0.274 0.026 0.04
0 0.348 0.335 0.032 0.046
0 0.477 0.321 0.03 0.058
0 0.5 0.287 0.032 0.042
0 0.509 0.199 0.03 0.066
0 0.54 0.162 0.032 0.044
0 0.615 0.171 0.03 0.05
0 0.67 0.112 0.036 0.056
0 0.762 0.135 0.024 0.058
0 0.783 0.128 0.03 0.052
0 0.772 0.072 0.032 0.052
0 0.957 0.058 0.026 0.044
0 0.958 0.019 0.032 0.034
0 0.918 0.015 0.036 0.026
0 0.917 0.056 0.038 0.056
0 0.955 0.139 0.042 0.074
0 0.938 0.187 0.04 0.054
0 0.892 0.252 0.036 0.036
0 0.975 0.358 0.046 0.064
0 0.973 0.263 0.05 0.07
0 0.807 0.314 0.03 0.044
0 0.771 0.311 0.03 0.066
0 0.943 0.475 0.042 0.074
0 0.808 0.606 0.044 0.104
0 0.783 0.583 0.022 0.062
0 0.745 0.593 0.03 0.046
0 0.764 0.442 0.036 0.06
0 0.81 0.461 0.02 0.03
0 0.846 0.436 0.032 0.056
0 0.819 0.391 0.038 0.054
0 0.748 0.381 0.028 0.046
0 0.56 0.491 0.044 0.054
0 0.649 0.448 0.022 0.028
0 0.622 0.47 0.028 0.024
0 0.692 0.555 0.028 0.046
0 0.719 0.553 0.026 0.042
0 0.601 0.263 0.03 0.042
0 0.471 0.259 0.022 0.03
0 0.474 0.226 0.016 0.032
0 0.432 0.209 0.028 0.062
0 0.41 0.149 0.024 0.038
0 0.425 0.093 0.026 0.042
0 0.533 0.1 0.034 0.036
0 0.548 0.078 0.032 0.036
0 0.55 0.043 0.028 0.034
0 0.411 0.023 0.03 0.042
0 0.485 0.083 0.026 0.042
0 0.388 0.095 0.032 0.042
0 0.32 0.126 0.028 0.04
0 0.31 0.093 0.036 0.038
0 0.285 0.054 0.03 0.044
0 0.388 0.015 0.032 0.026
0 0.315 0.2 0.046 0.056
0 0.228 0.201 0.04 0.062
0 0.129 0.115 0.022 0.038
0 0.151 0.054 0.018 0.036
0 0.211 0.026 0.03 0.028
0 0.09 0.066 0.028 0.032
0 0.084 0.1 0.032 0.04
0 0.047 0.107 0.03 0.042
0 0.027 0.158 0.03 0.052
0 0.009 0.195 0.014 0.042
0 0.128 0.198 0.028 0.048
0 0.089 0.14 0.03 0.036
0 0.506 0.742 0.04 0.06
0 0.49 0.937 0.032 0.054
0 0.558 0.988 0.036 0.02
0 0.424 0.923 0.048 0.082
0 0.453 0.904 0.026 0.052
0 0.442 0.875 0.028 0.026
0 0.334 0.968 0.032 0.052
0 0.412 0.988 0.048 0.02
0 0.194 0.979 0.048 0.038
0 0.218 0.953 0.028 0.038
0 0.267 0.866 0.034 0.068
0 0.148 0.89 0.024 0.048
0 0.139 0.981 0.034 0.034
0 0.018 0.937 0.032 0.078
0 0.021 0.875 0.038 0.058
0 0.098 0.614 0.024 0.032
0 0.412 0.606 0.028 0.036
0 0.374 0.691 0.048 0.102
0 0.518 0.413 0.036 0.09
0 0.532 0.365 0.028 0.078
0 0.376 0.289 0.044 0.046
0 0.198 0.244 0.024 0.048
0 0.184 0.23 0.04 0.068
0 0.12 0.238 0.024 0.028
0 0.012 0.286 0.02 0.056
0 0.094 0.386 0.028 0.044
0 0.047 0.389 0.034 0.07
0 0.106 0.314 0.024 0.048
0 0.206 0.595 0.032 0.03
0 0.191 0.568 0.034 0.036
0 0.429 0.42 0.022 0.044
0 0.404 0.415 0.024 0.038
0 0.982 0.966 0.032 0.056
0 0.822 0.973 0.028 0.038
0 0.763 0.887 0.022 0.026
0 0.827 0.487 0.042 0.062
0 0.706 0.106 0.036 0.068
0 0.747 0.009 0.022 0.014
0 0.645 0.015 0.03 0.026
0 0.627 0.021 0.022 0.026
0 0.328 0.027 0.068 0.042
0 0.331 0.054 0.038 0.02
0 0.224 0.163 0.024 0.038
0 0.245 0.007 0.018 0.01
0 0.193 0.007 0.018 0.01
0 0.045 0.053 0.018 0.038
0 0.857 0.488 0.018 0.02
0 0.991 0.727 0.014 0.042
0 0.994 0.679 0.008 0.026
0 0.769 0.746 0.03 0.032
0 0.85 0.671 0.028 0.046
0 0.823 0.653 0.022 0.034
0 0.683 0.617 0.022 0.046
0 0.63 0.64 0.02 0.036
0 0.334 0.544 0.044 0.076
0 0.608 0.327 0.02 0.026
0 0.864 0.289 0.028 0.034
0 0.812 0.127 0.024 0.038
0 0.798 0.23 0.036 0.04
0 0.741 0.338 0.034 0.02
0 0.681 0.986 0.038 0.024
0 0.639 0.966 0.022 0.032
0 0.442 0.773 0.02 0.026
0 0.983 0.823 0.03 0.042
0 0.15 0.758 0.044 0.076
0 0.351 0.079 0.026 0.034
0 0.677 0.151 0.026 0.022
0 0.587 0.304 0.03 0.032
0 0.607 0.287 0.01 0.018
0 0.589 0.245 0.018 0.026
0 0.489 0.203 0.018 0.034
1 0.439 0.148 0.026 0.02
1 0.101 0.929 0.018 0.018
1 0.109 0.932 0.014 0.02
1 0.157 0.665 0.018 0.03
1 0.08 0.174 0.02 0.024
1 0.107 0.22 0.014 0.036
1 0.245 0.128 0.018 0.016
1 0.09 0.01 0.028 0.016
1 0.168 0.047 0.012 0.026
1 0.162 0.105 0.012 0.018
1 0.406 0.198 0.016 0.028
1 0.649 0.094 0.018 0.028
1 0.901 0.116 0.018 0.02
1 0.872 0.09 0.024 0.024
1 0.697 0.181 0.042 0.018
1 0.621 0.143 0.014 0.014
1 0.56 0.262 0.024 0.028
1 0.692 0.372 0.02 0.04
1 0.723 0.41 0.014 0.012
1 0.729 0.419 0.018 0.018
1 0.901 0.37 0.018 0.036
1 0.778 0.516 0.016 0.024
1 0.938 0.72 0.016 0.024
1 0.736 0.81 0.032 0.016
1 0.745 0.775 0.026 0.03
1 0.686 0.75 0.02 0.02
1 0.561 0.72 0.018 0.024
1 0.57 0.678 0.008 0.02
1 0.407 0.495 0.014 0.022
1 0.331 0.471 0.014 0.022
1 0.375 0.496 0.018 0.024
1 0.347 0.701 0.018 0.022
1 0.276 0.687 0.02 0.022
1 0.173 0.606 0.018 0.016
1 0.026 0.65 0.02 0.02
1 0.013 0.606 0.018 0.04
1 0.033 0.431 0.026 0.022
1 0.199 0.437 0.022 0.05
1 0.173 0.439 0.01 0.014
1 0.164 0.463 0.016 0.022
1 0.551 0.289 0.022 0.018
1 0.225 0.383 0.01 0.01
1 0.217 0.382 0.01 0.012
1 0.236 0.377 0.016 0.018
1 0.779 0.236 0.022 0.024
1 0.795 0.378 0.018 0.02
1 0.868 0.923 0.024 0.018
1 0.844 0.911 0.032 0.018
1 0.674 0.966 0.016 0.024
1 0.493 0.857 0.03 0.022
1 0.342 0.829 0.036 0.022
1 0.29 0.94 0.02 0.016
1 0.32 0.902 0.012 0.02
1 0.458 0.778 0.016 0.028
1 0.244 0.855 0.004 0.01
1 0.238 0.855 0.008 0.014
1 0.336 0.851 0.024 0.018
1 0.911 0.698 0.014 0.032
1 0.733 0.121 0.01 0.034
1 0.663 0.062 0.018 0.024
2 0.004 0.104 0.004 0.028
2 0.006 0.025 0.008 0.026
2 0.845 0.306 0.014 0.012
2 0.857 0.078 0.022 0.024
2 0.607 0.937 0.022 0.026
2 0.637 0.994 0.018 0.008
2 0.32 0.796 0.024 0.016
2 0.316 0.815 0.012 0.018
2 0.996 0.582 0.004 0.024
2 0.986 0.482 0.02 0.028
2 0.94 0.406 0.012 0.024
2 0.88 0.433 0.016 0.014
2 0.719 0.434 0.014 0.024
2 0.621 0.525 0.018 0.014
2 0.705 0.642 0.01 0.02
2 0.93 0.948 0.028 0.02
2 0.931 0.969 0.014 0.018
2 0.945 0.994 0.018 0.008
2 0.884 0.991 0.016 0.014
2 0.364 0.893 0.024 0.038
2 0.035 0.985 0.022 0.014
2 0.075 0.633 0.018 0.034
2 0.37 0.244 0.036 0.024
2 0.265 0.232 0.01 0.012
2 0.254 0.238 0.012 0.016
2 0.238 0.245 0.016 0.018
2 0.283 0.134 0.014 0.016
2 0.982 0.006 0.016 0.008
2 0.827 0.004 0.014 0.004
2 0.844 0.013 0.02 0.018
2 0.69 0.004 0.016 0.004
2 0.605 0.003 0.014 0.002
2 0.898 0.906 0.016 0.016
2 0.563 0.561 0.03 0.062
2 0.525 0.555 0.006 0.006