0 0.85 0.321 0.032 0.042
0 0.872 0.385 0.044 0.05
0 0.989 0.093 0.018 0.082
0 0.963 0.075 0.034 0.046
0 0.893 0.057 0.046 0.074
0 0.835 0.053 0.038 0.05
0 0.895 0.182 0.042 0.044
0 0.823 0.187 0.054 0.058
0 0.768 0.182 0.036 0.068
0 0.716 0.204 0.044 0.052
0 0.649 0.239 0.03 0.05
0 0.657 0.189 0.05 0.042
0 0.731 0.12 0.038 0.04
0 0.656 0.093 0.036 0.054
0 0.633 0.028 0.042 0.056
0 0.533 0.022 0.042 0.044
0 0.604 0.101 0.044 0.034
0 0.614 0.164 0.04 0.056
0 0.701 0.064 0.038 0.048
0 0.581 0.146 0.03 0.06
0 0.446 0.201 0.048 0.082
0 0.478 0.112 0.036 0.044
0 0.421 0.179 0.05 0.058
0 0.334 0.204 0.04 0.056
0 0.299 0.197 0.03 0.066
0 0.262 0.123 0.044 0.042
0 0.163 0.168 0.034 0.052
0 0.102 0.167 0.032 0.054
0 0.048 0.154 0.06 0.068
0 0.092 0.064 0.04 0.056
0 0.062 0.021 0.04 0.042
0 0.16 0.019 0.036 0.038
0 0.23 0.037 0.044 0.07
0 0.232 0.09 0.032 0.036
0 0.199 0.032 0.042 0.048
0 0.21 0.004 0.032 0.008
0 0.291 0.023 0.046 0.046
0 0.496 0.033 0.028 0.066
0 0.474 0.063 0.028 0.05
0 0.682 0.281 0.036 0.062
0 0.594 0.338 0.036 0.048
0 0.505 0.297 0.034 0.046
0 0.486 0.339 0.032 0.05
0 0.442 0.352 0.056 0.088
0 0.333 0.355 0.046 0.058
0 0.39 0.29 0.04 0.052
0 0.4 0.32 0.044 0.048
0 0.274 0.296 0.036 0.044
0 0.156 0.267 0.06 0.062
0 0.077 0.216 0.042 0.064
0 0.025 0.214 0.042 0.052
0 0.11 0.292 0.036 0.056
0 0.122 0.409 0.056 0.086
0 0.364 0.561 0.048 0.094
0 0.413 0.562 0.038 0.06
0 0.446 0.501 0.048 0.038
0 0.656 0.518 0.024 0.04
0 0.702 0.482 0.048 0.064
0 0.877 0.496 0.042 0.044
0 0.864 0.466 0.052 0.048
0 0.773 0.43 0.058 0.08
0 0.975 0.413 0.046 0.046
0 0.981 0.333 0.034 0.042
0 0.991 0.278 0.014 0.048
0 0.813 0.253 0.046 0.054
0 0.926 0.344 0.06 0.052
0 0.756 0.357 0.052 0.058
0 0.674 0.369 0.048 0.058
0 0.568 0.393 0.044 0.082
0 0.468 0.418 0.052 0.076
0 0.332 0.513 0.032 0.042
0 0.23 0.465 0.044 0.062
0 0.237 0.434 0.038 0.04
0 0.136 0.526 0.028 0.048
0 0.108 0.572 0.04 0.08
0 0.051 0.559 0.034 0.062
0 0.017 0.649 0.03 0.07
0 0.033 0.693 0.034 0.042
0 0.069 0.753 0.038 0.05
0 0.173 0.706 0.034 0.048
0 0.252 0.69 0.048 0.068
0 0.237 0.801 0.054 0.09
0 0.345 0.802 0.046 0.064
0 0.386 0.76 0.032 0.064
0 0.294 0.847 0.032 0.066
0 0.187 0.884 0.042 0.064
0 0.12 0.868 0.028 0.044
0 0.122 0.933 0.036 0.038
0 0.103 0.9 0.046 0.072
0 0.019 0.917 0.034 0.078
0 0.212 0.983 0.044 0.03
0 0.115 0.992 0.03 0.012
0 0.374 0.923 0.064 0.082
0 0.544 0.868 0.04 0.088
0 0.605 0.86 0.058 0.064
0 0.681 0.895 0.034 0.078
0 0.784 0.868 0.028 0.056
0 0.833 0.806 0.062 0.076
0 0.933 0.842 0.078 0.056
0 0.919 0.907 0.042 0.058
0 0.972 0.962 0.052 0.064
0 0.878 0.94 0.056 0.06
0 0.828 0.896 0.028 0.064
0 0.984 0.753 0.028 0.062
0 0.919 0.772 0.03 0.036
0 0.984 0.839 0.028 0.046
0 0.99 0.896 0.016 0.028
0 0.887 0.69 0.05 0.08
0 0.973 0.653 0.042 0.058
0 0.926 0.606 0.048 0.052
0 0.778 0.639 0.032 0.074
0 0.731 0.61 0.062 0.108
0 0.709 0.656 0.042 0.044
0 0.704 0.721 0.052 0.086
0 0.622 0.663 0.052 0.066
0 0.596 0.585 0.048 0.074
0 0.571 0.559 0.046 0.054
0 0.535 0.582 0.038 0.052
0 0.488 0.606 0.056 0.076
0 0.477 0.671 0.042 0.066
0 0.393 0.689 0.046 0.066
0 0.226 0.639 0.04 0.058
0 0.708 0.779 0.056 0.05
0 0.535 0.746 0.05 0.068
0 0.598 0.944 0.032 0.056
0 0.555 0.926 0.046 0.084
0 0.547 0.975 0.03 0.046
0 0.775 0.516 0.07 0.064
0 0.944 0.526 0.028 0.032
0 0.91 0.571 0.032 0.042
0 0.971 0.587 0.03 0.046
0 0.946 0.5 0.024 0.016
0 0.989 0.548 0.018 0.02
0 0.872 0.589 0.024 0.018
0 0.971 0.709 0.018 0.022
0 0.551 0.702 0.098 0.096
0 0.303 0.502 0.022 0.032
0 0.207 0.355 0.03 0.038
0 0.361 0.078 0.034 0.048
0 0.379 0.095 0.018 0.03
0 0.371 0.126 0.022 0.036
0 0.298 0.134 0.032 0.052
0 0.27 0.196 0.024 0.036
0 0.239 0.225 0.026 0.022
0 0.52 0.077 0.052 0.066
0 0.655 0.159 0.026 0.022
0 0.879 0.239 0.042 0.03
0 0.957 0.38 0.054 0.064
0 0.707 0.306 0.03 0.028
0 0.668 0.404 0.02 0.024
0 0.419 0.451 0.022 0.022
0 0.553 0.243 0.05 0.042
0 0.586 0.208 0.024 0.024
0 0.528 0.139 0.036 0.034
0 0.55 0.194 0.044 0.044
0 0.403 0.256 0.018 0.016
0 0.441 0.013 0.018 0.026
0 0.389 0.131 0.018 0.03
0 0.015 0.082 0.026 0.056
0 0.237 0.202 0.026 0.028
0 0.06 0.274 0.024 0.048
0 0.092 0.345 0.02 0.042
0 0.04 0.458 0.032 0.064
0 0.019 0.515 0.03 0.034
0 0.025 0.541 0.034 0.018
0 0.23 0.335 0.032 0.046
0 0.491 0.921 0.022 0.038
0 0.474 0.881 0.024 0.03
0 0.393 0.794 0.034 0.052
0 0.436 0.781 0.02 0.03
0 0.983 0.011 0.026 0.018
0 0.921 0.09 0.026 0.028
0 0.993 0.148 0.01 0.024
0 0.214 0.397 0.024 0.034
0 0.019 0.26 0.026 0.032
0 0.017 0.378 0.026 0.052
0 0.737 0.851 0.03 0.022
0 0.808 0.951 0.024 0.018
0 0.809 0.99 0.03 0.016
0 0.724 0.875 0.032 0.038
0 0.964 0.995 0.032 0.006
0 0.896 0.87 0.016 0.024
0 0.902 0.848 0.02 0.02
0 0.852 0.643 0.02 0.03
0 0.991 0.584 0.014 0.036
0 0.951 0.71 0.022 0.056
0 0.618 0.622 0.032 0.024
0 0.492 0.803 0.028 0.026
0 0.5 0.841 0.024 0.038
0 0.037 0.833 0.03 0.038
0 0.006 0.865 0.008 0.042
0 0.014 0.991 0.028 0.014
0 0.402 0.994 0.032 0.008
0 0.196 0.782 0.04 0.052
0 0.241 0.558 0.022 0.04
0 0.162 0.362 0.032 0.044
0 0.136 0.344 0.012 0.016
1 0.599 0.073 0.026 0.014
1 0.499 0.541 0.03 0.01
1 0.574 0.503 0.032 0.018
1 0.702 0.545 0.02 0.022
1 0.91 0.501 0.024 0.022
1 0.368 0.629 0.028 0.03
1 0.776 0.067 0.02 0.03
1 0.802 0.096 0.028 0.012
1 0.923 0.25 0.038 0.016
1 0.845 0.29 0.03 0.016
1 0.627 0.334 0.018 0.02
1 0.369 0.428 0.01 0.02
1 0.835 0.76 0.022 0.016
1 0.796 0.767 0.028 0.014
1 0.441 0.809 0.022 0.01
1 0.457 0.798 0.014 0.016
1 0.841 0.678 0.018 0.024
1 0.81 0.621 0.02 0.014
1 0.809 0.971 0.014 0.01
1 0.799 0.966 0.006 0.012
1 0.124 0.694 0.016 0.024
1 0.572 0.631 0.02 0.018
1 0.718 0.351 0.024 0.034
1 0.635 0.43 0.026 0.024
1 0.505 0.401 0.022 0.022
1 0.44 0.716 0.012 0.012
1 0.465 0.755 0.006 0.01
1 0.462 0.764 0.012 0.012
1 0.064 0.715 0.02 0.018
1 0.272 0.963 0.012 0.022
1 0.159 0.957 0.018 0.026
1 0.328 0.764 0.012 0.016
1 0.3 0.764 0.008 0.012
1 0.291 0.769 0.01 0.022
1 0.107 0.5 0.018 0.016
1 0.193 0.268 0.014 0.016
1 0.743 0.8 0.01 0.012
1 0.467 0.826 0.018 0.012
1 0.742 0.938 0.02 0.028
1 0.157 0.579 0.014 0.018
1 0.305 0.482 0.01 0.008
1 0.291 0.482 0.006 0.008
1 0.644 0.878 0.008 0.012
1 0.425 0.906 0.014 0.02
1 0.314 0.952 0.016 0.016
1 0.336 0.92 0.016 0.02
1 0.416 0.951 0.016 0.014
1 0.41 0.879 0.012 0.014
1 0.331 0.95 0.022 0.016
1 0.113 0.631 0.006 0.01
1 0.383 0.421 0.01 0.014
1 0.17 0.408 0.016 0.024
1 0.114 0.621 0.004 0.01
1 0.137 0.628 0.006 0.012
1 0.125 0.631 0.002 0.006
1 0.121 0.633 0.002 0.01
1 0.425 0.886 0.006 0.016
1 0.755 0.813 0.018 0.022
2 0.939 0.004 0.03 0.008
2 0.828 0.004 0.028 0.008
2 0.902 0.361 0.028 0.034
2 0.954 0.461 0.028 0.018
2 0.565 0.477 0.026 0.018
2 0.321 0.451 0.018 0.014
2 0.356 0.263 0.024 0.042
2 0.296 0.261 0.024 0.022
2 0.583 0.804 0.034 0.02
2 0.817 0.704 0.014 0.02
2 0.807 0.673 0.014 0.014
2 0.318 0.085 0.02 0.026
2 0.148 0.074 0.028 0.024
2 0.022 0.166 0.016 0.036
2 0.958 0.259 0.02 0.022
2 0.925 0.282 0.014 0.012
2 0.73 0.168 0.012 0.008
2 0.705 0.024 0.014 0.02
2 0.833 0.135 0.022 0.026
2 0.68 0.962 0.02 0.016
2 0.645 0.993 0.038 0.01
2 0.326 0.723 0.028 0.034
2 0.309 0.753 0.014 0.018
2 0.051 0.405 0.018 0.022
2 0.255 0.365 0.002 0.014
2 0.431 0.962 0.006 0.008
2 0.411 0.975 0.014 0.022
2 0.049 0.313 0.014 0.026
2 0.12 0.325 0.012 0.026
2 0.2 0.289 0.004 0.006
2 0.384 0.164 0.016 0.044
2 0.564 0.344 0.024 0.028
0 0.962 0.072 0.036 0.052
0 0.989 0.091 0.018 0.078
0 0.894 0.056 0.044 0.068
0 0.824 0.19 0.048 0.064
0 0.893 0.183 0.042 0.046
0 0.77 0.18 0.032 0.064
0 0.834 0.05 0.04 0.044
0 0.703 0.059 0.042 0.054
0 0.656 0.094 0.04 0.052
0 0.633 0.029 0.046 0.058
0 0.603 0.103 0.046 0.034
0 0.583 0.149 0.03 0.058
0 0.656 0.189 0.044 0.042
0 0.714 0.204 0.044 0.056
0 0.73 0.119 0.044 0.042
0 0.814 0.252 0.044 0.052
0 0.684 0.285 0.04 0.054
0 0.652 0.239 0.036 0.05
0 0.614 0.163 0.036 0.054
0 0.448 0.198 0.048 0.08
0 0.425 0.177 0.038 0.058
0 0.478 0.11 0.036 0.048
0 0.397 0.305 0.054 0.078
0 0.332 0.355 0.04 0.054
0 0.275 0.296 0.034 0.044
0 0.335 0.207 0.042 0.05
0 0.297 0.202 0.03 0.08
0 0.296 0.135 0.036 0.046
0 0.265 0.122 0.042 0.04
0 0.233 0.089 0.034 0.038
0 0.231 0.036 0.034 0.064
0 0.199 0.029 0.046 0.05
0 0.208 0.005 0.024 0.01
0 0.161 0.016 0.038 0.032
0 0.065 0.02 0.046 0.036
0 0.293 0.022 0.042 0.044
0 0.474 0.066 0.028 0.048
0 0.494 0.035 0.032 0.07
0 0.533 0.02 0.038 0.04
0 0.523 0.076 0.05 0.064
0 0.484 0.337 0.032 0.05
0 0.507 0.297 0.034 0.042
0 0.441 0.361 0.066 0.07
0 0.163 0.266 0.062 0.06
0 0.163 0.167 0.034 0.054
0 0.102 0.169 0.036 0.05
0 0.045 0.154 0.07 0.056
0 0.024 0.212 0.044 0.052
0 0.074 0.221 0.044 0.058
0 0.111 0.294 0.038 0.06
0 0.124 0.407 0.052 0.086
0 0.23 0.465 0.044 0.054
0 0.238 0.428 0.04 0.06
0 0.209 0.356 0.03 0.04
0 0.23 0.335 0.036 0.046
0 0.041 0.456 0.034 0.06
0 0.135 0.528 0.026 0.044
0 0.053 0.56 0.038 0.06
0 0.109 0.572 0.038 0.08
0 0.362 0.561 0.044 0.09
0 0.414 0.561 0.036 0.058
0 0.446 0.501 0.044 0.038
0 0.47 0.42 0.048 0.076
0 0.592 0.34 0.032 0.048
0 0.674 0.369 0.044 0.054
0 0.774 0.43 0.056 0.076
0 0.873 0.385 0.046 0.054
0 0.852 0.322 0.032 0.044
0 0.925 0.345 0.058 0.05
0 0.98 0.333 0.036 0.042
0 0.991 0.277 0.014 0.05
0 0.701 0.481 0.042 0.058
0 0.862 0.467 0.052 0.05
0 0.877 0.496 0.042 0.048
0 0.774 0.52 0.068 0.064
0 0.975 0.414 0.046 0.052
0 0.958 0.383 0.052 0.062
0 0.927 0.606 0.042 0.052
0 0.973 0.656 0.042 0.052
0 0.972 0.582 0.028 0.036
0 0.943 0.525 0.03 0.03
0 0.91 0.57 0.028 0.04
0 0.778 0.64 0.032 0.068
0 0.887 0.688 0.054 0.08
0 0.835 0.807 0.058 0.07
0 0.784 0.869 0.028 0.054
0 0.68 0.895 0.036 0.07
0 0.828 0.899 0.032 0.066
0 0.88 0.941 0.056 0.062
0 0.919 0.906 0.046 0.056
0 0.971 0.962 0.05 0.064
0 0.933 0.846 0.078 0.056
0 0.983 0.839 0.03 0.046
0 0.982 0.753 0.032 0.062
0 0.904 0.863 0.032 0.046
0 0.703 0.722 0.05 0.084
0 0.706 0.781 0.056 0.054
0 0.61 0.86 0.048 0.056
0 0.545 0.865 0.038 0.078
0 0.624 0.654 0.052 0.084
0 0.73 0.607 0.064 0.106
0 0.571 0.561 0.046 0.058
0 0.598 0.585 0.044 0.074
0 0.534 0.585 0.04 0.054
0 0.49 0.614 0.048 0.064
0 0.477 0.668 0.038 0.068
0 0.39 0.688 0.044 0.06
0 0.534 0.746 0.052 0.068
0 0.547 0.704 0.086 0.096
0 0.386 0.765 0.032 0.062
0 0.346 0.802 0.048 0.06
0 0.294 0.85 0.036 0.064
0 0.374 0.925 0.06 0.078
0 0.553 0.924 0.046 0.08
0 0.6 0.945 0.032 0.054
0 0.71 0.658 0.052 0.044
0 0.07 0.752 0.036 0.048
0 0.033 0.693 0.038 0.042
0 0.018 0.649 0.032 0.066
0 0.256 0.687 0.044 0.062
0 0.567 0.396 0.042 0.08
0 0.656 0.518 0.028 0.04
0 0.755 0.359 0.05 0.062
0 0.363 0.079 0.034 0.046
0 0.093 0.069 0.042 0.058
0 0.011 0.08 0.018 0.056
0 0.98 0.01 0.028 0.02
0 0.94 0.005 0.028 0.006
0 0.237 0.802 0.058 0.088
0 0.12 0.869 0.028 0.046
0 0.188 0.884 0.04 0.064
0 0.105 0.897 0.042 0.066
0 0.12 0.933 0.04 0.042
0 0.019 0.917 0.034 0.082
0 0.014 0.992 0.028 0.012
0 0.116 0.991 0.028 0.014
0 0.212 0.981 0.044 0.034
0 0.395 0.794 0.034 0.056
0 0.225 0.639 0.038 0.054
0 0.06 0.274 0.024 0.044
1 0.707 0.305 0.03 0.03
1 0.656 0.157 0.028 0.026
1 0.546 0.977 0.032 0.038
1 0.489 0.921 0.022 0.042
1 0.475 0.88 0.03 0.028
1 0.502 0.841 0.02 0.034
1 0.582 0.802 0.04 0.02
1 0.738 0.85 0.032 0.024
1 0.721 0.877 0.026 0.038
1 0.808 0.95 0.024 0.02
1 0.81 0.99 0.024 0.016
1 0.805 0.969 0.026 0.018
1 0.834 0.759 0.028 0.018
1 0.798 0.767 0.028 0.018
1 0.915 0.773 0.026 0.034
1 0.97 0.709 0.028 0.022
1 0.953 0.705 0.022 0.042
1 0.99 0.896 0.016 0.028
1 0.853 0.644 0.026 0.028
1 0.81 0.622 0.024 0.024
1 0.872 0.59 0.024 0.016
1 0.988 0.547 0.02 0.018
1 0.991 0.585 0.014 0.038
1 0.944 0.498 0.024 0.016
1 0.91 0.5 0.024 0.024
1 0.954 0.462 0.028 0.016
1 0.703 0.544 0.022 0.024
1 0.838 0.679 0.02 0.026
1 0.434 0.782 0.024 0.028
1 0.446 0.803 0.036 0.026
1 0.174 0.709 0.032 0.042
1 0.124 0.693 0.02 0.018
1 0.063 0.716 0.026 0.024
1 0.302 0.498 0.024 0.036
1 0.57 0.502 0.032 0.02
1 0.562 0.478 0.032 0.02
1 0.498 0.541 0.028 0.014
1 0.367 0.428 0.014 0.024
1 0.416 0.45 0.024 0.024
1 0.629 0.335 0.022 0.026
1 0.669 0.404 0.022 0.02
1 0.844 0.29 0.032 0.02
1 0.92 0.25 0.036 0.02
1 0.879 0.239 0.042 0.034
1 0.902 0.361 0.028 0.034
1 0.599 0.072 0.03 0.012
1 0.378 0.096 0.02 0.028
1 0.439 0.012 0.022 0.024
1 0.371 0.125 0.018 0.03
1 0.269 0.193 0.026 0.034
1 0.24 0.225 0.024 0.022
1 0.404 0.255 0.024 0.018
1 0.775 0.07 0.022 0.028
1 0.801 0.097 0.03 0.018
1 0.295 0.767 0.018 0.026
1 0.106 0.5 0.02 0.016
1 0.02 0.513 0.032 0.038
1 0.023 0.541 0.038 0.022
1 0.572 0.63 0.024 0.02
1 0.366 0.627 0.028 0.03
1 0.743 0.805 0.026 0.03
1 0.463 0.76 0.018 0.024
2 0.33 0.513 0.032 0.046
2 0.168 0.383 0.028 0.094
2 0.212 0.4 0.032 0.04
2 0.635 0.433 0.034 0.026
2 0.715 0.354 0.03 0.04
2 0.955 0.258 0.026 0.028
2 0.553 0.243 0.05 0.046
2 0.548 0.194 0.044 0.04
2 0.587 0.209 0.03 0.026
2 0.528 0.142 0.044 0.036
2 0.388 0.146 0.028 0.06
2 0.321 0.085 0.026 0.026
2 0.233 0.202 0.022 0.028
2 0.295 0.26 0.026 0.028
2 0.355 0.263 0.026 0.042
2 0.021 0.1 0.022 0.032
2 0.145 0.073 0.038 0.03
2 0.923 0.091 0.03 0.03
2 0.992 0.145 0.012 0.03
2 0.199 0.781 0.038 0.062
2 0.157 0.957 0.022 0.03
2 0.271 0.961 0.018 0.026
2 0.458 0.827 0.044 0.034
2 0.42 0.892 0.032 0.048
2 0.407 0.97 0.054 0.056
2 0.326 0.958 0.044 0.04
2 0.335 0.92 0.018 0.024
2 0.32 0.739 0.044 0.066
2 0.243 0.558 0.026 0.048
2 0.16 0.574 0.02 0.028
2 0.016 0.375 0.024 0.058
2 0.051 0.404 0.018 0.02
2 0.089 0.345 0.026 0.05
2 0.022 0.262 0.032 0.036
2 0.048 0.31 0.028 0.036
2 0.131 0.329 0.042 0.058
2 0.119 0.632 0.046 0.036
2 0.505 0.401 0.022 0.026
2 0.442 0.313 0.028 0.022
2 0.562 0.34 0.02 0.04
2 0.034 0.83 0.044 0.052
2 0.437 0.718 0.018 0.02
2 0.813 0.691 0.022 0.05
2 0.743 0.929 0.042 0.038