0 0.645 0.488 0.046 0.056
0 0.858 0.938 0.052 0.068
0 0.723 0.909 0.046 0.05
0 0.893 0.887 0.022 0.026
0 0.734 0.849 0.028 0.022
0 0.937 0.945 0.03 0.05
0 0.973 0.944 0.05 0.08
0 0.762 0.912 0.028 0.04
0 0.754 0.882 0.016 0.032
0 0.806 0.862 0.024 0.036
0 0.916 0.821 0.048 0.042
0 0.85 0.741 0.044 0.05
0 0.951 0.756 0.05 0.072
0 0.971 0.742 0.054 0.064
0 0.976 0.696 0.04 0.032
0 0.77 0.76 0.06 0.056
0 0.715 0.639 0.03 0.058
0 0.805 0.675 0.046 0.05
0 0.885 0.651 0.046 0.054
0 0.946 0.688 0.028 0.032
0 0.781 0.617 0.054 0.066
0 0.695 0.737 0.046 0.074
0 0.64 0.823 0.016 0.03
0 0.548 0.959 0.036 0.042
0 0.598 0.917 0.044 0.07
0 0.612 0.886 0.028 0.044
0 0.943 0.596 0.038 0.084
0 0.852 0.509 0.032 0.042
0 0.89 0.523 0.048 0.062
0 0.881 0.551 0.03 0.022
0 0.948 0.437 0.052 0.062
0 0.842 0.442 0.04 0.044
0 0.939 0.374 0.042 0.056
0 0.876 0.333 0.02 0.03
0 0.962 0.326 0.06 0.084
0 0.942 0.215 0.044 0.062
0 0.88 0.225 0.036 0.042
0 0.861 0.242 0.034 0.036
0 0.818 0.259 0.036 0.026
0 0.932 0.113 0.024 0.03
0 0.959 0.084 0.034 0.04
0 0.983 0.03 0.03 0.04
0 0.954 0.013 0.052 0.022
0 0.904 0.016 0.036 0.028
0 0.824 0.056 0.036 0.016
0 0.837 0.068 0.034 0.02
0 0.804 0.011 0.036 0.018
0 0.722 0.036 0.032 0.044
0 0.679 0.036 0.026 0.024
0 0.671 0.016 0.034 0.028
0 0.611 0.018 0.038 0.032
0 0.65 0.08 0.024 0.036
0 0.614 0.102 0.032 0.064
0 0.807 0.158 0.03 0.04
0 0.727 0.152 0.054 0.088
0 0.669 0.168 0.042 0.036
0 0.691 0.185 0.034 0.026
0 0.725 0.235 0.042 0.038
0 0.649 0.217 0.038 0.062
0 0.619 0.186 0.018 0.024
0 0.56 0.198 0.056 0.064
0 0.44 0.13 0.044 0.076
0 0.503 0.211 0.026 0.05
0 0.454 0.215 0.032 0.058
0 0.483 0.081 0.034 0.042
0 0.547 0.046 0.046 0.068
0 0.564 0.019 0.048 0.034
0 0.432 0.035 0.06 0.05
0 0.339 0.124 0.034 0.056
0 0.279 0.134 0.034 0.052
0 0.291 0.032 0.03 0.044
0 0.261 0.042 0.038 0.052
0 0.249 0.019 0.034 0.034
0 0.619 0.261 0.03 0.034
0 0.729 0.363 0.038 0.078
0 0.815 0.405 0.038 0.066
0 0.75 0.448 0.028 0.04
0 0.785 0.479 0.05 0.062
0 0.737 0.535 0.018 0.026
0 0.667 0.348 0.054 0.092
0 0.577 0.298 0.022 0.024
0 0.497 0.325 0.034 0.05
0 0.523 0.386 0.034 0.032
0 0.551 0.413 0.026 0.038
0 0.663 0.522 0.038 0.028
0 0.663 0.554 0.042 0.056
0 0.604 0.622 0.052 0.08
0 0.582 0.574 0.032 0.04
0 0.599 0.705 0.058 0.062
0 0.566 0.721 0.036 0.054
0 0.518 0.649 0.016 0.03
0 0.521 0.669 0.034 0.014
0 0.549 0.652 0.038 0.016
0 0.511 0.714 0.046 0.044
0 0.416 0.644 0.04 0.08
0 0.448 0.678 0.048 0.068
0 0.475 0.694 0.038 0.052
0 0.511 0.783 0.054 0.082
0 0.537 0.799 0.026 0.034
0 0.44 0.769 0.04 0.054
0 0.496 0.556 0.032 0.044
0 0.468 0.549 0.02 0.038
0 0.313 0.682 0.046 0.084
0 0.356 0.623 0.044 0.082
0 0.317 0.791 0.05 0.074
0 0.433 0.952 0.042 0.06
0 0.411 0.529 0.038 0.066
0 0.422 0.454 0.028 0.06
0 0.404 0.31 0.048 0.056
0 0.432 0.215 0.024 0.022
0 0.435 0.241 0.034 0.034
0 0.313 0.286 0.042 0.052
0 0.289 0.256 0.042 0.032
0 0.385 0.355 0.026 0.046
0 0.401 0.385 0.046 0.05
0 0.26 0.488 0.028 0.036
0 0.309 0.511 0.034 0.054
0 0.334 0.534 0.02 0.024
0 0.322 0.465 0.028 0.018
0 0.251 0.42 0.034 0.032
0 0.226 0.412 0.036 0.052
0 0.186 0.447 0.032 0.058
0 0.155 0.369 0.034 0.05
0 0.251 0.539 0.038 0.038
0 0.225 0.565 0.038 0.054
0 0.17 0.528 0.028 0.052
0 0.151 0.593 0.03 0.038
0 0.131 0.535 0.054 0.078
0 0.148 0.463 0.036 0.05
0 0.148 0.433 0.032 0.022
0 0.085 0.547 0.034 0.062
0 0.104 0.613 0.056 0.074
0 0.094 0.683 0.036 0.058
0 0.196 0.788 0.036 0.036
0 0.181 0.819 0.042 0.062
0 0.294 0.835 0.032 0.042
0 0.279 0.796 0.022 0.028
0 0.271 0.822 0.03 0.036
0 0.228 0.831 0.04 0.082
0 0.259 0.925 0.058 0.07
0 0.377 0.862 0.034 0.04
0 0.175 0.681 0.03 0.026
0 0.148 0.817 0.016 0.026
0 0.226 0.967 0.032 0.03
0 0.215 0.987 0.046 0.022
0 0.066 0.947 0.032 0.054
0 0.112 0.965 0.056 0.066
0 0.334 0.604 0.024 0.024
0 0.061 0.763 0.038 0.05
0 0.062 0.713 0.044 0.058
0 0.012 0.725 0.02 0.054
0 0.016 0.582 0.028 0.036
0 0.022 0.526 0.032 0.056
0 0.06 0.817 0.04 0.062
0 0.239 0.276 0.034 0.06
0 0.218 0.239 0.028 0.038
0 0.223 0.155 0.042 0.058
0 0.208 0.09 0.024 0.028
0 0.175 0.053 0.022 0.022
0 0.138 0.077 0.02 0.022
0 0.167 0.239 0.034 0.042
0 0.172 0.286 0.032 0.048
0 0.061 0.164 0.034 0.068
0 0.036 0.181 0.02 0.026
0 0.031 0.323 0.022 0.026
0 0.034 0.248 0.036 0.064
0 0.054 0.232 0.02 0.028
0 0.094 0.322 0.024 0.036
0 0.091 0.287 0.03 0.05
0 0.092 0.252 0.036 0.036
0 0.107 0.025 0.03 0.042
0 0.774 0.656 0.028 0.024
0 0.598 0.808 0.04 0.064
0 0.903 0.4 0.046 0.048
0 0.845 0.156 0.026 0.028
0 0.532 0.062 0.032 0.036
0 0.474 0.032 0.036 0.044
0 0.628 0.559 0.032 0.038
0 0.316 0.431 0.032 0.05
0 0.238 0.347 0.036 0.046
0 0.98 0.824 0.036 0.08
0 0.483 0.888 0.05 0.056
0 0.639 0.871 0.046 0.074
0 0.651 0.979 0.042 0.038
0 0.812 0.989 0.032 0.018
0 0.991 0.469 0.014 0.058
0 0.99 0.222 0.016 0.044
0 0.983 0.112 0.03 0.028
0 0.626 0.321 0.024 0.03
0 0.541 0.393 0.018 0.026
0 0.513 0.245 0.022 0.018
0 0.317 0.016 0.042 0.028
0 0.169 0.014 0.022 0.024
0 0.461 0.413 0.018 0.034
0 0.467 0.437 0.03 0.022
0 0.019 0.981 0.034 0.034
0 0.403 0.985 0.042 0.026
1 0.707 0.453 0.018 0.026
1 0.338 0.33 0.02 0.024
1 0.139 0.716 0.018 0.024
1 0.007 0.677 0.01 0.026
1 0.785 0.704 0.022 0.02
1 0.242 0.058 0.02 0.02
1 0.968 0.994 0.032 0.008
1 0.996 0.4 0.004 0.028
1 0.997 0.557 0.002 0.018
1 0.645 0.343 0.018 0.018
1 0.132 0.006 0.024 0.008
1 0.006 0.959 0.008 0.038
1 0.368 0.989 0.02 0.018
2 0.37 0.92 0.028 0.032
2 0.91 0.974 0.02 0.04
2 0.876 0.777 0.02 0.042
2 0.727 0.872 0.026 0.02
2 0.697 0.96 0.062 0.028
2 0.751 0.587 0.018 0.034
2 0.851 0.554 0.022 0.04
2 0.912 0.461 0.024 0.034
2 0.923 0.489 0.038 0.03
2 0.923 0.276 0.042 0.036
2 0.792 0.253 0.016 0.018
2 0.957 0.16 0.042 0.04
2 0.933 0.174 0.01 0.02
2 0.823 0.014 0.026 0.024
2 0.774 0.026 0.028 0.032
2 0.703 0.073 0.034 0.026
2 0.56 0.144 0.028 0.028
2 0.537 0.168 0.03 0.036
2 0.236 0.007 0.024 0.01
2 0.491 0.475 0.034 0.058
2 0.795 0.359 0.038 0.046
2 0.619 0.726 0.022 0.024
2 0.459 0.615 0.034 0.034
2 0.364 0.677 0.036 0.05
2 0.379 0.287 0.026 0.034
2 0.375 0.563 0.038 0.026
2 0.378 0.467 0.032 0.03
2 0.343 0.441 0.03 0.022
2 0.27 0.446 0.02 0.016
2 0.307 0.744 0.03 0.044
2 0.234 0.752 0.032 0.016
2 0.129 0.658 0.026 0.032
2 0.163 0.916 0.03 0.02
2 0.15 0.892 0.016 0.02
2 0.356 0.829 0.024 0.046
2 0.397 0.809 0.038 0.038
2 0.398 0.722 0.028 0.028
2 0.032 0.64 0.032 0.06
2 0.024 0.704 0.032 0.032
2 0.038 0.551 0.028 0.022
2 0.046 0.529 0.02 0.022
2 0.117 0.819 0.03 0.038
2 0.125 0.793 0.022 0.022
2 0.122 0.442 0.02 0.048
2 0.143 0.403 0.026 0.034
2 0.244 0.203 0.036 0.042
2 0.203 0.279 0.034 0.034
2 0.598 0.328 0.024 0.024
2 0.588 0.334 0.024 0.028
2 0.613 0.304 0.014 0.02
2 0.631 0.194 0.018 0.02
2 0.309 0.198 0.026 0.028
2 0.271 0.212 0.018 0.044
2 0.022 0.029 0.024 0.018
2 0.021 0.075 0.022 0.026
2 0.301 0.171 0.022 0.018
2 0.299 0.55 0.018 0.028
2 0.487 0.735 0.026 0.03
2 0.074 0.865 0.032 0.054
2 0.027 0.885 0.03 0.03
2 0.012 0.941 0.02 0.026
2 0.341 0.979 0.018 0.038
2 0.673 0.861 0.026 0.034
2 0.575 0.276 0.022 0.024
2 0.69 0.307 0.024 0.026
2 0.548 0.235 0.024 0.034
2 0.457 0.538 0.022 0.024
2 0.532 0.45 0.024 0.016
2 0.784 0.841 0.024 0.022