0 0.786 0.972 0.072 0.052
0 0.988 0.936 0.02 0.04
0 0.94 0.938 0.052 0.04
0 0.982 0.886 0.032 0.04
0 0.888 0.874 0.044 0.048
0 0.839 0.871 0.038 0.046
0 0.839 0.829 0.066 0.05
0 0.854 0.811 0.036 0.046
0 0.929 0.803 0.018 0.022
0 0.815 0.702 0.046 0.052
0 0.769 0.772 0.042 0.028
0 0.762 0.846 0.032 0.032
0 0.686 0.953 0.048 0.05
0 0.604 0.996 0.028 0.004
0 0.605 0.924 0.038 0.052
0 0.577 0.882 0.042 0.036
0 0.525 0.892 0.046 0.048
0 0.677 0.871 0.042 0.034
0 0.673 0.844 0.03 0.028
0 0.505 0.853 0.022 0.034
0 0.467 0.908 0.046 0.06
0 0.407 0.989 0.026 0.018
0 0.318 0.982 0.048 0.032
0 0.221 0.972 0.05 0.048
0 0.189 0.995 0.026 0.006
0 0.126 0.988 0.044 0.02
0 0.076 0.969 0.04 0.034
0 0.101 0.924 0.054 0.036
0 0.098 0.877 0.052 0.05
0 0.064 0.839 0.032 0.03
0 0.056 0.823 0.02 0.018
0 0.009 0.824 0.014 0.02
0 0.004 0.801 0.004 0.03
0 0.011 0.752 0.018 0.032
0 0.098 0.753 0.048 0.042
0 0.099 0.717 0.046 0.034
0 0.167 0.722 0.038 0.036
0 0.167 0.775 0.046 0.046
0 0.284 0.842 0.028 0.032
0 0.362 0.857 0.044 0.046
0 0.389 0.85 0.042 0.04
0 0.348 0.926 0.024 0.04
0 0.276 0.947 0.04 0.046
0 0.25 0.901 0.048 0.05
0 0.018 0.067 0.032 0.05
0 0.099 0.055 0.038 0.046
0 0.145 0.058 0.042 0.032
0 0.178 0.081 0.044 0.038
0 0.304 0.065 0.052 0.054
0 0.237 0.147 0.03 0.038
0 0.366 0.102 0.064 0.056
0 0.34 0.168 0.04 0.04
0 0.427 0.027 0.05 0.042
0 0.491 0.02 0.038 0.036
0 0.934 0.012 0.052 0.02
0 0.979 0.042 0.038 0.032
0 0.979 0.075 0.038 0.046
0 0.962 0.111 0.032 0.038
0 0.993 0.136 0.01 0.028
0 0.922 0.117 0.048 0.026
0 0.853 0.1 0.038 0.036
0 0.865 0.161 0.042 0.042
0 0.981 0.211 0.034 0.034
0 0.976 0.259 0.028 0.026
0 0.993 0.598 0.01 0.04
0 0.994 0.56 0.008 0.032
0 0.978 0.558 0.028 0.028
0 0.978 0.497 0.04 0.034
0 0.917 0.475 0.042 0.034
0 0.927 0.4 0.034 0.028
0 0.888 0.441 0.048 0.03
0 0.877 0.533 0.042 0.038
0 0.918 0.543 0.048 0.034
0 0.912 0.529 0.032 0.022
0 0.834 0.527 0.036 0.038
0 0.789 0.539 0.038 0.034
0 0.756 0.573 0.052 0.03
0 0.736 0.508 0.036 0.048
0 0.693 0.474 0.038 0.036
0 0.672 0.541 0.06 0.034
0 0.681 0.603 0.034 0.03
0 0.639 0.638 0.034 0.032
0 0.704 0.725 0.092 0.058
0 0.888 0.623 0.04 0.046
0 0.864 0.642 0.024 0.028
0 0.815 0.61 0.034 0.032
0 0.757 0.625 0.03 0.042
0 0.652 0.771 0.04 0.042
0 0.601 0.768 0.018 0.02
0 0.583 0.779 0.034 0.03
0 0.557 0.723 0.05 0.042
0 0.564 0.676 0.048 0.04
0 0.469 0.654 0.046 0.024
0 0.824 0.194 0.048 0.036
0 0.776 0.181 0.044 0.042
0 0.767 0.086 0.034 0.04
0 0.776 0.046 0.036 0.036
0 0.708 0.051 0.036 0.038
0 0.618 0.07 0.02 0.032
0 0.592 0.068 0.024 0.024
0 0.635 0.07 0.022 0.028
0 0.601 0.157 0.058 0.05
0 0.471 0.162 0.038 0.048
0 0.407 0.181 0.054 0.046
0 0.397 0.22 0.054 0.056
0 0.485 0.234 0.046 0.036
0 0.544 0.248 0.068 0.052
0 0.553 0.216 0.042 0.036
0 0.649 0.208 0.034 0.04
0 0.676 0.244 0.064 0.048
0 0.809 0.239 0.05 0.046
0 0.785 0.283 0.034 0.038
0 0.844 0.291 0.044 0.03
0 0.868 0.27 0.028 0.028
0 0.888 0.253 0.04 0.026
0 0.83 0.369 0.044 0.034
0 0.784 0.343 0.036 0.034
0 0.748 0.343 0.036 0.046
0 0.722 0.351 0.02 0.018
0 0.715 0.326 0.03 0.028
0 0.619 0.392 0.034 0.028
0 0.613 0.356 0.042 0.028
0 0.584 0.357 0.024 0.026
0 0.598 0.305 0.044 0.03
0 0.535 0.331 0.066 0.046
0 0.522 0.42 0.04 0.04
0 0.508 0.465 0.024 0.03
0 0.522 0.457 0.028 0.03
0 0.534 0.511 0.04 0.038
0 0.479 0.555 0.038 0.042
0 0.489 0.594 0.05 0.044
0 0.54 0.6 0.052 0.064
0 0.472 0.799 0.036 0.046
0 0.39 0.769 0.056 0.054
0 0.421 0.699 0.034 0.042
0 0.385 0.711 0.03 0.022
0 0.368 0.669 0.044 0.034
0 0.431 0.444 0.054 0.052
0 0.372 0.45 0.044 0.056
0 0.345 0.413 0.046 0.042
0 0.343 0.385 0.03 0.022
0 0.26 0.378 0.036 0.032
0 0.023 0.161 0.026 0.03
0 0.036 0.154 0.024 0.024
0 0.098 0.159 0.032 0.018
0 0.115 0.171 0.038 0.022
0 0.088 0.225 0.028 0.042
0 0.061 0.236 0.034 0.036
0 0.052 0.271 0.04 0.05
0 0.135 0.272 0.03 0.04
0 0.177 0.289 0.03 0.034
0 0.14 0.37 0.04 0.04
0 0.152 0.418 0.032 0.048
0 0.083 0.428 0.03 0.02
0 0.083 0.443 0.022 0.022
0 0.125 0.468 0.03 0.052
0 0.159 0.467 0.026 0.03
0 0.142 0.469 0.012 0.03
0 0.058 0.465 0.044 0.05
0 0.023 0.497 0.03 0.042
0 0.007 0.544 0.01 0.024
0 0.062 0.557 0.032 0.034
0 0.09 0.58 0.032 0.032
0 0.099 0.544 0.026 0.048
0 0.151 0.521 0.03 0.038
0 0.184 0.525 0.02 0.022
0 0.214 0.46 0.016 0.024
0 0.256 0.459 0.024 0.026
0 0.285 0.488 0.034 0.04
0 0.333 0.525 0.038 0.034
0 0.242 0.572 0.028 0.04
0 0.075 0.619 0.026 0.038
0 0.106 0.625 0.036 0.042
0 0.129 0.584 0.026 0.04
0 0.226 0.648 0.032 0.028
0 0.208 0.675 0.028 0.038
0 0.252 0.729 0.02 0.022
0 0.28 0.75 0.044 0.052
0 0.33 0.782 0.028 0.024
0 0.267 0.009 0.042 0.014
0 0.066 0.004 0.048 0.004
0 0.682 0.192 0.02 0.036
1 0.932 0.921 0.024 0.014
1 0.989 0.863 0.018 0.018
1 0.921 0.734 0.018 0.024
1 0.851 0.703 0.022 0.022
1 0.777 0.864 0.018 0.024
1 0.757 0.903 0.018 0.022
1 0.581 0.971 0.014 0.018
1 0.569 0.956 0.018 0.016
1 0.619 0.833 0.014 0.026
1 0.548 0.81 0.016 0.016
1 0.491 0.991 0.03 0.014
1 0.128 0.968 0.02 0.016
1 0.017 0.93 0.022 0.044
1 0.055 0.932 0.014 0.012
1 0.067 0.94 0.01 0.012
1 0.028 0.75 0.012 0.024
1 0.033 0.696 0.014 0.012
1 0.235 0.788 0.018 0.028
1 0.268 0.819 0.016 0.018
1 0.309 0.843 0.018 0.014
1 0.4 0.886 0.028 0.024
1 0.392 0.917 0.024 0.022
1 0.371 0.933 0.018 0.018
1 0.323 0.941 0.01 0.014
1 0.205 0.919 0.026 0.022
1 0.04 0.093 0.016 0.022
1 0.319 0.152 0.022 0.028
1 0.466 0.048 0.028 0.016
1 0.501 0.039 0.03 0.026
1 0.875 0.029 0.014 0.022
1 0.874 0.007 0.036 0.01
1 0.991 0.033 0.014 0.018
1 0.934 0.06 0.02 0.016
1 0.876 0.096 0.024 0.028
1 0.893 0.171 0.018 0.014
1 0.923 0.176 0.018 0.008
1 0.979 0.644 0.018 0.032
1 0.979 0.414 0.022 0.02
1 0.925 0.374 0.018 0.024
1 0.901 0.36 0.018 0.02
1 0.859 0.42 0.018 0.024
1 0.855 0.468 0.026 0.02
1 0.753 0.466 0.018 0.028
1 0.623 0.574 0.018 0.028
1 0.635 0.685 0.022 0.026
1 0.835 0.593 0.018 0.01
1 0.716 0.646 0.012 0.012
1 0.691 0.65 0.01 0.012
1 0.597 0.738 0.026 0.02
1 0.578 0.704 0.024 0.02
1 0.539 0.707 0.022 0.026
1 0.502 0.667 0.016 0.03
1 0.741 0.169 0.022 0.01
1 0.739 0.155 0.022 0.018
1 0.708 0.139 0.02 0.018
1 0.796 0.084 0.024 0.02
1 0.748 0.006 0.024 0.008
1 0.637 0.018 0.022 0.024
1 0.632 0.108 0.02 0.02
1 0.653 0.114 0.018 0.02
1 0.535 0.118 0.022 0.016
1 0.533 0.183 0.022 0.038
1 0.43 0.271 0.036 0.022
1 0.509 0.291 0.022 0.018
1 0.71 0.24 0.016 0.028
1 0.731 0.243 0.014 0.03
1 0.88 0.282 0.02 0.016
1 0.802 0.367 0.012 0.026
1 0.831 0.325 0.026 0.022
1 0.69 0.327 0.02 0.026
1 0.692 0.345 0.02 0.018
1 0.673 0.414 0.014 0.02
1 0.578 0.345 0.02 0.018
1 0.63 0.32 0.028 0.016
1 0.496 0.423 0.012 0.018
1 0.487 0.503 0.026 0.018
1 0.472 0.498 0.016 0.024
1 0.442 0.561 0.016 0.026
1 0.438 0.769 0.02 0.03
1 0.378 0.624 0.016 0.02
1 0.315 0.43 0.03 0.028
1 0.335 0.356 0.022 0.02
1 0.145 0.22 0.018 0.024
1 0.21 0.298 0.024 0.02
1 0.137 0.317 0.034 0.014
1 0.079 0.332 0.03 0.016
1 0.082 0.317 0.024 0.01
1 0.062 0.323 0.016 0.018
1 0.045 0.336 0.022 0.024
1 0.009 0.377 0.014 0.03
1 0.018 0.406 0.016 0.028
1 0.26 0.327 0.02 0.022
1 0.201 0.434 0.018 0.024
1 0.191 0.42 0.014 0.016
1 0.104 0.489 0.008 0.01
1 0.096 0.483 0.008 0.01
1 0.103 0.48 0.01 0.012
1 0.004 0.558 0.004 0.02
1 0.043 0.565 0.022 0.014
1 0.052 0.585 0.02 0.018
1 0.226 0.473 0.016 0.014
1 0.21 0.491 0.02 0.018
1 0.308 0.577 0.016 0.026
1 0.279 0.59 0.014 0.016
1 0.257 0.674 0.018 0.02
1 0.232 0.716 0.02 0.016
1 0.291 0.782 0.03 0.02
1 0.323 0.683 0.014 0.018
1 0.364 0.6 0.024 0.028
1 0.261 0.254 0.018 0.016
1 0.275 0.259 0.014 0.01
1 0.371 0.311 0.034 0.03
1 0.891 0.794 0.018 0.008
2 0.956 0.723 0.028 0.018
2 0.552 0.85 0.04 0.04
2 0.2 0.901 0.02 0.022
2 0.988 0.255 0.02 0.026
2 0.945 0.377 0.014 0.01
2 0.659 0.574 0.03 0.012
2 0.653 0.657 0.03 0.03
2 0.944 0.644 0.04 0.036
2 0.562 0.151 0.024 0.038
2 0.786 0.38 0.024 0.02
2 0.557 0.325 0.018 0.026