0 0.844 0.979 0.064 0.038
0 0.873 0.94 0.034 0.036
0 0.781 0.981 0.034 0.034
0 0.782 0.923 0.032 0.034
0 0.828 0.919 0.04 0.034
0 0.749 0.963 0.034 0.034
0 0.82 0.961 0.032 0.034
0 0.717 0.953 0.026 0.03
0 0.739 0.989 0.03 0.018
0 0.838 0.883 0.04 0.034
0 0.809 0.887 0.034 0.03
0 0.742 0.913 0.024 0.026
0 0.697 0.985 0.034 0.026
0 0.664 0.984 0.036 0.028
0 0.639 0.969 0.038 0.046
0 0.634 0.903 0.024 0.034
0 0.62 0.917 0.032 0.034
0 0.963 0.939 0.03 0.034
0 0.988 0.896 0.02 0.04
0 0.879 0.855 0.038 0.038
0 0.808 0.831 0.044 0.046
0 0.785 0.773 0.034 0.038
0 0.69 0.828 0.044 0.044
0 0.723 0.844 0.038 0.04
0 0.99 0.921 0.016 0.026
0 0.994 0.961 0.008 0.038
0 0.86 0.807 0.028 0.018
0 0.841 0.785 0.022 0.018
0 0.595 0.889 0.018 0.022
0 0.559 0.902 0.034 0.044
0 0.482 0.848 0.02 0.028
0 0.451 0.903 0.03 0.034
0 0.421 0.908 0.026 0.016
0 0.454 0.989 0.016 0.018
0 0.46 0.976 0.008 0.02
0 0.415 0.995 0.03 0.006
0 0.348 0.906 0.016 0.024
0 0.323 0.897 0.03 0.034
0 0.301 0.893 0.034 0.038
0 0.259 0.952 0.05 0.052
0 0.168 0.89 0.052 0.052
0 0.368 0.942 0.024 0.02
0 0.441 0.781 0.05 0.042
0 0.508 0.809 0.028 0.026
0 0.514 0.711 0.048 0.058
0 0.601 0.744 0.022 0.028
0 0.585 0.747 0.026 0.046
0 0.377 0.778 0.038 0.036
0 0.357 0.754 0.03 0.024
0 0.212 0.89 0.028 0.04
0 0.206 0.839 0.024 0.018
0 0.111 0.889 0.022 0.026
0 0.055 0.885 0.05 0.058
0 0.095 0.953 0.038 0.014
0 0.029 0.949 0.026 0.042
0 0.12 0.991 0.02 0.014
0 0.983 0.607 0.03 0.058
0 0.95 0.645 0.024 0.05
0 0.922 0.568 0.04 0.044
0 0.945 0.524 0.022 0.028
0 0.871 0.535 0.03 0.038
0 0.986 0.786 0.024 0.032
0 0.92 0.756 0.044 0.036
0 0.876 0.688 0.02 0.028
0 0.839 0.66 0.022 0.028
0 0.834 0.693 0.016 0.026
0 0.805 0.604 0.034 0.048
0 0.757 0.65 0.034 0.06
0 0.781 0.66 0.018 0.052
0 0.712 0.589 0.044 0.042
0 0.655 0.608 0.034 0.032
0 0.262 0.704 0.048 0.052
0 0.188 0.697 0.044 0.058
0 0.455 0.641 0.026 0.022
0 0.431 0.696 0.014 0.032
0 0.397 0.693 0.022 0.03
0 0.331 0.722 0.03 0.028
0 0.306 0.717 0.024 0.026
0 0.339 0.698 0.018 0.02
0 0.229 0.722 0.03 0.048
0 0.194 0.771 0.036 0.018
0 0.187 0.755 0.03 0.026
0 0.27 0.741 0.036 0.026
0 0.25 0.74 0.016 0.016
0 0.108 0.727 0.02 0.038
0 0.036 0.626 0.06 0.06
0 0.027 0.673 0.046 0.062
0 0.053 0.697 0.05 0.062
0 0.125 0.807 0.022 0.03
0 0.005 0.719 0.006 0.018
0 0.121 0.553 0.05 0.046
0 0.122 0.502 0.044 0.044
0 0.182 0.485 0.052 0.042
0 0.164 0.517 0.036 0.038
0 0.027 0.497 0.042 0.042
0 0.625 0.541 0.042 0.038
0 0.645 0.503 0.034 0.03
0 0.537 0.531 0.03 0.038
0 0.523 0.518 0.03 0.028
0 0.494 0.546 0.044 0.04
0 0.534 0.42 0.04 0.036
0 0.487 0.474 0.038 0.04
0 0.387 0.478 0.046 0.04
0 0.414 0.511 0.024 0.046
0 0.468 0.551 0.028 0.038
0 0.376 0.61 0.056 0.064
0 0.513 0.598 0.03 0.024
0 0.493 0.59 0.054 0.044
0 0.442 0.613 0.02 0.022
0 0.953 0.024 0.046 0.044
0 0.972 0.011 0.024 0.018
0 0.937 0.045 0.046 0.05
0 0.89 0.052 0.04 0.048
0 0.865 0.088 0.034 0.052
0 0.823 0.077 0.038 0.042
0 0.774 0.09 0.032 0.032
0 0.796 0.073 0.024 0.026
0 0.733 0.015 0.038 0.026
0 0.745 0.034 0.03 0.024
0 0.679 0.016 0.046 0.028
0 0.646 0.032 0.032 0.04
0 0.57 0.083 0.052 0.086
0 0.616 0.047 0.024 0.034
0 0.696 0.091 0.052 0.05
0 0.671 0.145 0.038 0.042
0 0.482 0.027 0.06 0.05
0 0.456 0.076 0.04 0.04
0 0.402 0.089 0.036 0.038
0 0.511 0.119 0.038 0.038
0 0.494 0.157 0.052 0.042
0 0.43 0.033 0.032 0.03
0 0.323 0.016 0.03 0.028
0 0.271 0.035 0.038 0.046
0 0.267 0.008 0.042 0.012
0 0.338 0.114 0.044 0.028
0 0.345 0.079 0.038 0.03
0 0.224 0.083 0.024 0.022
0 0.174 0.154 0.032 0.036
0 0.122 0.02 0.044 0.036
0 0.02 0.118 0.012 0.032
0 0.088 0.197 0.048 0.054
0 0.048 0.193 0.032 0.042
0 0.031 0.195 0.014 0.026
0 0.014 0.214 0.024 0.024
0 0.085 0.236 0.042 0.028
0 0.165 0.277 0.038 0.042
0 0.14 0.236 0.036 0.04
0 0.129 0.207 0.03 0.03
0 0.944 0.156 0.056 0.048
0 0.993 0.138 0.01 0.02
0 0.946 0.218 0.036 0.032
0 0.86 0.168 0.048 0.044
0 0.807 0.243 0.042 0.046
0 0.795 0.157 0.046 0.034
0 0.984 0.312 0.028 0.048
0 0.945 0.372 0.046 0.048
0 0.884 0.4 0.048 0.052
0 0.938 0.318 0.032 0.036
0 0.916 0.342 0.012 0.032
0 0.747 0.458 0.062 0.052
0 0.746 0.502 0.036 0.032
0 0.797 0.517 0.05 0.03
0 0.79 0.541 0.044 0.022
0 0.753 0.535 0.038 0.026
0 0.714 0.396 0.056 0.028
0 0.68 0.249 0.036 0.03
0 0.703 0.234 0.03 0.032
0 0.728 0.23 0.024 0.04
0 0.606 0.202 0.032 0.028
0 0.588 0.417 0.056 0.062
0 0.555 0.352 0.066 0.044
0 0.545 0.291 0.05 0.054
0 0.413 0.413 0.046 0.022
0 0.427 0.385 0.034 0.026
0 0.431 0.304 0.034 0.052
0 0.38 0.209 0.032 0.034
0 0.26 0.335 0.068 0.058
0 0.209 0.437 0.054 0.034
0 0.147 0.356 0.034 0.044
0 0.099 0.386 0.046 0.048
0 0.125 0.369 0.042 0.046
0 0.06 0.318 0.044 0.056
0 0.008 0.371 0.012 0.022
0 0.45 0.192 0.024 0.024
0 0.447 0.243 0.05 0.05
0 0.278 0.183 0.044 0.046
0 0.502 0.381 0.036 0.03
0 0.21 0.408 0.028 0.028
0 0.545 0.17 0.022 0.036
0 0.56 0.485 0.02 0.022
0 0.702 0.283 0.016 0.034
1 0.495 0.896 0.018 0.016
1 0.311 0.856 0.018 0.016
1 0.256 0.832 0.02 0.02
1 0.162 0.796 0.016 0.016
1 0.427 0.94 0.01 0.012
1 0.537 0.805 0.022 0.014
1 0.027 0.865 0.018 0.026
1 0.948 0.546 0.016 0.016
1 0.96 0.768 0.016 0.024
1 0.717 0.712 0.018 0.012
1 0.197 0.597 0.034 0.026
1 0.477 0.054 0.018 0.016
1 0.285 0.137 0.018 0.03
1 0.142 0.016 0.02 0.02
1 0.17 0.245 0.016 0.022
1 0.14 0.269 0.02 0.022
1 0.819 0.273 0.018 0.018
1 0.785 0.304 0.026 0.02
1 0.85 0.576 0.016 0.028
1 0.831 0.572 0.026 0.016
1 0.583 0.482 0.018 0.024
1 0.672 0.338 0.024 0.016
1 0.673 0.219 0.022 0.014
1 0.722 0.193 0.02 0.014
1 0.548 0.258 0.016 0.024
1 0.376 0.359 0.024 0.022
1 0.329 0.325 0.018 0.026
1 0.383 0.441 0.026 0.022
1 0.761 0.366 0.018 0.016
2 0.801 0.941 0.034 0.03
2 0.765 0.821 0.022 0.05
2 0.99 0.835 0.016 0.038
2 0.956 0.898 0.024 0.028
2 0.72 0.915 0.016 0.026
2 0.731 0.934 0.018 0.012
2 0.528 0.87 0.02 0.012
2 0.134 0.832 0.024 0.024
2 0.532 0.731 0.032 0.018
2 0.569 0.784 0.022 0.016
2 0.471 0.801 0.022 0.038
2 0.341 0.843 0.014 0.022
2 0.396 0.798 0.016 0.016
2 0.404 0.808 0.016 0.012
2 0.35 0.81 0.02 0.016
2 0.227 0.897 0.022 0.046
2 0.267 0.795 0.022 0.026
2 0.192 0.863 0.02 0.014
2 0.095 0.983 0.038 0.03
2 0.189 0.992 0.034 0.012
2 0.021 0.979 0.018 0.014
2 0.968 0.649 0.016 0.03
2 0.973 0.704 0.022 0.016
2 0.883 0.715 0.026 0.026
2 0.769 0.617 0.022 0.022
2 0.623 0.763 0.018 0.026
2 0.389 0.708 0.046 0.04
2 0.28 0.76 0.024 0.02
2 0.056 0.745 0.04 0.038
2 0.098 0.769 0.028 0.022
2 0.129 0.72 0.018 0.04
2 0.086 0.615 0.028 0.026
2 0.19 0.622 0.024 0.028
2 0.035 0.463 0.022 0.026
2 0.336 0.052 0.036 0.02
2 0.307 0.062 0.022 0.024
2 0.182 0.079 0.02 0.026
2 0.92 0.253 0.024 0.03
2 0.904 0.209 0.016 0.014
2 0.785 0.181 0.022 0.022
2 0.839 0.267 0.026 0.042
2 0.921 0.416 0.034 0.044
2 0.659 0.515 0.026 0.022
2 0.747 0.237 0.026 0.042
2 0.705 0.165 0.03 0.026
2 0.021 0.404 0.018 0.032
2 0.359 0.239 0.026 0.026
2 0.374 0.175 0.04 0.038
2 0.274 0.213 0.024 0.018
2 0.31 0.17 0.024 0.024
2 0.354 0.213 0.028 0.026
2 0.393 0.329 0.022 0.022
2 0.261 0.411 0.026 0.026
2 0.564 0.234 0.024 0.016
2 0.592 0.319 0.028 0.034
2 0.6 0.369 0.028 0.03
2 0.737 0.356 0.042 0.044
2 0.975 0.114 0.03 0.032
2 0.091 0.29 0.034 0.024
2 0.019 0.142 0.034 0.028
2 0.141 0.115 0.03 0.03
2 0.347 0.154 0.034 0.016