0 0.163 0.928 0.046 0.048
0 0.02 0.904 0.04 0.044
0 0.107 0.852 0.034 0.048
0 0.122 0.886 0.04 0.032
0 0.118 0.911 0.04 0.038
0 0.083 0.932 0.042 0.056
0 0.112 0.939 0.032 0.034
0 0.02 0.773 0.04 0.058
0 0.053 0.77 0.042 0.052
0 0.083 0.787 0.046 0.038
0 0.135 0.743 0.05 0.066
0 0.11 0.683 0.056 0.054
0 0.039 0.688 0.042 0.04
0 0.012 0.675 0.024 0.05
0 0.165 0.769 0.066 0.05
0 0.12 0.615 0.048 0.058
0 0.121 0.57 0.042 0.044
0 0.093 0.553 0.05 0.058
0 0.045 0.547 0.042 0.05
0 0.002 0.547 0.004 0.03
0 0.148 0.536 0.04 0.04
0 0.077 0.484 0.042 0.048
0 0.163 0.403 0.046 0.042
0 0.038 0.428 0.048 0.056
0 0.008 0.366 0.016 0.044
0 0.096 0.306 0.036 0.052
0 0.045 0.292 0.042 0.048
0 0.014 0.242 0.028 0.064
0 0.045 0.243 0.05 0.046
0 0.065 0.184 0.05 0.04
0 0.075 0.107 0.046 0.046
0 0.077 0.081 0.034 0.03
0 0.117 0.052 0.038 0.056
0 0.053 0.057 0.054 0.062
0 0.029 0.016 0.038 0.028
0 0.153 0.016 0.046 0.028
0 0.149 0.037 0.034 0.042
0 0.128 0.184 0.048 0.048
0 0.105 0.198 0.03 0.04
0 0.184 0.232 0.032 0.032
0 0.211 0.288 0.038 0.052
0 0.194 0.469 0.044 0.054
0 0.206 0.515 0.044 0.046
0 0.273 0.439 0.046 0.038
0 0.323 0.47 0.038 0.036
0 0.256 0.251 0.044 0.054
0 0.249 0.01 0.026 0.016
0 0.304 0.106 0.056 0.068
0 0.316 0.072 0.04 0.036
0 0.277 0.072 0.046 0.056
0 0.333 0.188 0.038 0.052
0 0.38 0.138 0.044 0.056
0 0.373 0.178 0.03 0.032
0 0.356 0.182 0.012 0.02
0 0.388 0.115 0.036 0.03
0 0.419 0.046 0.034 0.048
0 0.362 0.303 0.028 0.026
0 0.358 0.378 0.04 0.048
0 0.351 0.424 0.046 0.044
0 0.229 0.567 0.042 0.054
0 0.244 0.534 0.04 0.028
0 0.309 0.525 0.05 0.042
0 0.318 0.564 0.036 0.052
0 0.345 0.542 0.034 0.044
0 0.187 0.622 0.038 0.048
0 0.199 0.695 0.03 0.03
0 0.256 0.685 0.044 0.074
0 0.269 0.772 0.042 0.072
0 0.295 0.833 0.042 0.074
0 0.272 0.724 0.048 0.044
0 0.29 0.8 0.048 0.044
0 0.347 0.753 0.054 0.062
0 0.447 0.754 0.058 0.064
0 0.189 0.819 0.046 0.042
0 0.336 0.857 0.048 0.054
0 0.338 0.823 0.032 0.022
0 0.38 0.609 0.04 0.05
0 0.467 0.576 0.046 0.06
0 0.558 0.593 0.04 0.042
0 0.614 0.553 0.052 0.058
0 0.389 0.578 0.05 0.048
0 0.412 0.546 0.036 0.032
0 0.392 0.46 0.04 0.044
0 0.501 0.499 0.042 0.062
0 0.511 0.539 0.038 0.054
0 0.43 0.601 0.04 0.046
0 0.444 0.636 0.048 0.044
0 0.37 0.794 0.056 0.068
0 0.214 0.97 0.052 0.056
0 0.313 0.987 0.054 0.022
0 0.377 0.971 0.054 0.054
0 0.429 0.916 0.054 0.056
0 0.431 0.867 0.046 0.05
0 0.524 0.932 0.044 0.044
0 0.526 0.883 0.044 0.054
0 0.561 0.946 0.042 0.06
0 0.592 0.921 0.044 0.05
0 0.594 0.986 0.048 0.024
0 0.521 0.97 0.026 0.04
0 0.419 0.33 0.03 0.044
0 0.452 0.346 0.048 0.04
0 0.447 0.315 0.042 0.042
0 0.447 0.369 0.046 0.03
0 0.467 0.25 0.038 0.036
0 0.479 0.258 0.038 0.048
0 0.447 0.261 0.026 0.034
0 0.481 0.204 0.034 0.036
0 0.496 0.154 0.044 0.06
0 0.515 0.238 0.05 0.052
0 0.481 0.08 0.046 0.064
0 0.498 0.043 0.044 0.05
0 0.577 0.178 0.034 0.032
0 0.636 0.202 0.052 0.044
0 0.629 0.169 0.05 0.054
0 0.634 0.136 0.036 0.032
0 0.612 0.237 0.04 0.046
0 0.511 0.338 0.054 0.06
0 0.506 0.398 0.044 0.044
0 0.523 0.44 0.05 0.04
0 0.655 0.285 0.038 0.038
0 0.691 0.2 0.022 0.02
0 0.621 0.336 0.042 0.048
0 0.602 0.365 0.028 0.034
0 0.684 0.317 0.04 0.05
0 0.66 0.339 0.036 0.042
0 0.647 0.381 0.046 0.05
0 0.681 0.049 0.038 0.042
0 0.672 0.079 0.044 0.042
0 0.706 0.094 0.04 0.052
0 0.745 0.162 0.046 0.052
0 0.73 0.139 0.04 0.054
0 0.815 0.139 0.046 0.046
0 0.708 0.303 0.02 0.034
0 0.727 0.3 0.026 0.036
0 0.781 0.144 0.034 0.044
0 0.787 0.255 0.042 0.058
0 0.861 0.162 0.042 0.044
0 0.927 0.133 0.05 0.042
0 0.884 0.066 0.056 0.052
0 0.862 0.09 0.044 0.044
0 0.88 0.017 0.036 0.03
0 0.853 0.011 0.03 0.018
0 0.921 0.029 0.046 0.046
0 0.993 0.028 0.01 0.044
0 0.903 0.228 0.046 0.064
0 0.955 0.226 0.038 0.036
0 0.973 0.264 0.042 0.052
0 0.859 0.314 0.042 0.044
0 0.573 0.438 0.038 0.036
0 0.635 0.496 0.042 0.048
0 0.592 0.458 0.04 0.044
0 0.611 0.471 0.026 0.026
0 0.602 0.43 0.02 0.016
0 0.696 0.346 0.044 0.044
0 0.813 0.372 0.046 0.048
0 0.928 0.366 0.04 0.048
0 0.922 0.336 0.04 0.036
0 0.701 0.512 0.038 0.044
0 0.7 0.602 0.04 0.052
0 0.678 0.654 0.048 0.072
0 0.917 0.401 0.03 0.03
0 0.983 0.343 0.03 0.042
0 0.859 0.442 0.038 0.044
0 0.948 0.498 0.036 0.076
0 0.98 0.515 0.036 0.054
0 0.887 0.544 0.034 0.052
0 0.807 0.546 0.034 0.052
0 0.795 0.566 0.03 0.04
0 0.818 0.598 0.028 0.056
0 0.848 0.577 0.036 0.05
0 0.931 0.578 0.046 0.064
0 0.948 0.624 0.056 0.052
0 0.984 0.628 0.028 0.056
0 0.576 0.679 0.044 0.054
0 0.522 0.721 0.044 0.062
0 0.725 0.683 0.026 0.03
0 0.709 0.699 0.038 0.062
0 0.811 0.718 0.042 0.056
0 0.973 0.713 0.05 0.062
0 0.767 0.682 0.054 0.052
0 0.743 0.648 0.042 0.044
0 0.653 0.601 0.034 0.054
0 0.597 0.604 0.034 0.056
0 0.571 0.556 0.034 0.028
0 0.667 0.58 0.022 0.028
0 0.539 0.637 0.038 0.05
0 0.521 0.592 0.03 0.028
0 0.624 0.702 0.048 0.052
0 0.642 0.681 0.032 0.034
0 0.591 0.727 0.042 0.07
0 0.602 0.773 0.028 0.046
0 0.795 0.654 0.042 0.052
0 0.9 0.595 0.04 0.042
0 0.897 0.621 0.042 0.046
0 0.69 0.844 0.044 0.068
0 0.723 0.859 0.046 0.058
0 0.605 0.859 0.05 0.066
0 0.765 0.876 0.046 0.052
0 0.862 0.869 0.052 0.058
0 0.849 0.914 0.058 0.056
0 0.818 0.892 0.044 0.052
0 0.83 0.851 0.036 0.038
0 0.885 0.854 0.026 0.04
0 0.69 0.99 0.044 0.016
0 0.846 0.794 0.052 0.076
0 0.76 0.972 0.04 0.052
0 0.81 0.97 0.048 0.048
0 0.749 0.912 0.03 0.032
0 0.957 0.841 0.054 0.062
0 0.914 0.924 0.048 0.06
0 0.872 0.949 0.04 0.042
0 0.979 0.784 0.038 0.032
0 0.994 0.786 0.008 0.04
0 0.894 0.982 0.036 0.032
0 0.799 0.757 0.034 0.026
0 0.785 0.788 0.042 0.04
0 0.99 0.95 0.016 0.024
0 0.027 0.868 0.026 0.036
0 0.239 0.485 0.042 0.05
0 0.856 0.256 0.044 0.048
1 0.028 0.471 0.024 0.03
1 0.15 0.364 0.024 0.024
1 0.037 0.271 0.022 0.022
1 0.194 0.175 0.032 0.022
1 0.202 0.332 0.028 0.024
1 0.285 0.498 0.022 0.028
1 0.364 0.195 0.024 0.026
1 0.308 0.634 0.024 0.036
1 0.433 0.241 0.022 0.026
1 0.697 0.491 0.022 0.018
1 0.548 0.662 0.028 0.02
1 0.537 0.767 0.018 0.034
1 0.663 0.959 0.026 0.038
1 0.957 0.889 0.026 0.038
1 0.039 0.922 0.022 0.028
1 0.067 0.995 0.026 0.006
1 0.792 0.992 0.036 0.012
1 0.545 0.014 0.034 0.024
1 0.613 0.283 0.026 0.026
1 0.816 0.211 0.032 0.026
1 0.818 0.676 0.032 0.024
1 0.893 0.827 0.026 0.022
2 0.068 0.714 0.052 0.052
2 0.107 0.135 0.046 0.062
2 0.013 0.961 0.026 0.026
2 0.086 0.815 0.02 0.026
2 0.078 0.886 0.032 0.032
2 0.05 0.618 0.056 0.064
2 0.16 0.452 0.036 0.056
2 0.059 0.458 0.042 0.044
2 0.124 0.332 0.028 0.032
2 0.026 0.198 0.028 0.028
2 0.144 0.128 0.028 0.04
2 0.09 0.034 0.032 0.028
2 0.268 0.384 0.032 0.036
2 0.275 0.413 0.042 0.022
2 0.305 0.457 0.042 0.058
2 0.253 0.291 0.042 0.054
2 0.224 0.214 0.028 0.028
2 0.25 0.18 0.036 0.032
2 0.196 0.135 0.028 0.026
2 0.216 0.13 0.016 0.016
2 0.211 0.031 0.05 0.058
2 0.291 0.226 0.05 0.06
2 0.347 0.099 0.026 0.038
2 0.367 0.034 0.054 0.064
2 0.392 0.046 0.024 0.028
2 0.41 0.098 0.04 0.024
2 0.361 0.222 0.03 0.028
2 0.35 0.28 0.048 0.048
2 0.344 0.329 0.048 0.038
2 0.377 0.344 0.034 0.036
2 0.127 0.423 0.03 0.022
2 0.093 0.404 0.026 0.024
2 0.257 0.549 0.018 0.018
2 0.238 0.618 0.036 0.04
2 0.23 0.658 0.032 0.036
2 0.254 0.856 0.04 0.032
2 0.37 0.57 0.032 0.06
2 0.212 0.778 0.028 0.036
2 0.436 0.428 0.032 0.032
2 0.467 0.442 0.026 0.032
2 0.334 0.702 0.02 0.016
2 0.407 0.701 0.022 0.046
2 0.431 0.701 0.026 0.038
2 0.242 0.834 0.028 0.04
2 0.23 0.803 0.032 0.026
2 0.164 0.833 0.02 0.042
2 0.136 0.932 0.024 0.04
2 0.301 0.967 0.046 0.05
2 0.486 0.969 0.028 0.038
2 0.446 0.207 0.044 0.054
2 0.62 0.081 0.028 0.046
2 0.575 0.145 0.034 0.034
2 0.572 0.201 0.048 0.03
2 0.507 0.295 0.042 0.046
2 0.539 0.378 0.034 0.032
2 0.564 0.306 0.024 0.04
2 0.718 0.236 0.028 0.02
2 0.687 0.231 0.038 0.038
2 0.712 0.058 0.032 0.028
2 0.909 0.088 0.046 0.04
2 0.788 0.055 0.028 0.038
2 0.784 0.11 0.024 0.032
2 0.921 0.007 0.026 0.01
2 0.933 0.06 0.022 0.036
2 0.974 0.138 0.048 0.048
2 0.983 0.131 0.03 0.03
2 0.845 0.226 0.042 0.032
2 0.92 0.27 0.016 0.016
2 0.954 0.291 0.032 0.026
2 0.617 0.428 0.018 0.028
2 0.722 0.372 0.032 0.036
2 0.787 0.339 0.046 0.054
2 0.801 0.409 0.038 0.05
2 0.834 0.34 0.04 0.056
2 0.81 0.491 0.032 0.026
2 0.979 0.309 0.038 0.038
2 0.497 0.669 0.03 0.026
2 0.586 0.782 0.024 0.028
2 0.561 0.764 0.022 0.024
2 0.726 0.819 0.024 0.026
2 0.64 0.876 0.044 0.064
2 0.773 0.845 0.03 0.038
2 0.516 0.843 0.06 0.054
2 0.568 0.884 0.04 0.064
2 0.644 0.768 0.056 0.052
2 0.626 0.949 0.036 0.038
2 0.889 0.679 0.022 0.022
2 0.877 0.704 0.026 0.028
2 0.929 0.941 0.022 0.018
2 0.052 0.864 0.04 0.056
2 0.009 0.875 0.018 0.018
2 0.122 0.521 0.032 0.03
2 0.162 0.492 0.012 0.016
2 0.556 0.257 0.048 0.062
2 0.566 0.49 0.04 0.04