0 0.045 0.984 0.05 0.028
0 0.008 0.907 0.016 0.046
0 0.033 0.913 0.014 0.034
0 0.066 0.894 0.028 0.028
0 0.059 0.821 0.034 0.022
0 0.194 0.817 0.056 0.05
0 0.237 0.898 0.046 0.032
0 0.284 0.906 0.06 0.052
0 0.064 0.668 0.064 0.052
0 0.011 0.586 0.022 0.044
0 0.02 0.496 0.04 0.028
0 0.029 0.516 0.042 0.028
0 0.057 0.492 0.018 0.024
0 0.123 0.421 0.038 0.042
0 0.007 0.177 0.014 0.038
0 0.025 0.112 0.05 0.04
0 0.005 0.058 0.01 0.032
0 0.135 0.047 0.034 0.038
0 0.187 0.034 0.05 0.032
0 0.122 0.117 0.064 0.042
0 0.361 0.019 0.054 0.03
0 0.481 0.008 0.042 0.012
0 0.378 0.094 0.036 0.048
0 0.342 0.153 0.032 0.026
0 0.415 0.149 0.042 0.05
0 0.585 0.069 0.034 0.042
0 0.64 0.056 0.052 0.044
0 0.685 0.022 0.038 0.04
0 0.744 0.024 0.048 0.044
0 0.885 0.014 0.046 0.024
0 0.957 0.004 0.05 0.004
0 0.981 0.018 0.034 0.032
0 0.897 0.068 0.042 0.036
0 0.851 0.095 0.042 0.03
0 0.945 0.082 0.042 0.024
0 0.957 0.097 0.05 0.03
0 0.99 0.148 0.016 0.028
0 0.901 0.172 0.046 0.032
0 0.923 0.196 0.038 0.036
0 0.848 0.201 0.036 0.034
0 0.864 0.205 0.024 0.034
0 0.968 0.223 0.036 0.034
0 0.931 0.235 0.054 0.034
0 0.671 0.102 0.038 0.028
0 0.725 0.152 0.05 0.032
0 0.773 0.201 0.038 0.026
0 0.651 0.251 0.034 0.022
0 0.618 0.284 0.036 0.04
0 0.562 0.284 0.04 0.052
0 0.501 0.186 0.038 0.04
0 0.183 0.194 0.086 0.056
0 0.233 0.186 0.018 0.032
0 0.258 0.25 0.016 0.036
0 0.126 0.239 0.032 0.042
0 0.083 0.295 0.038 0.038
0 0.139 0.302 0.066 0.048
0 0.089 0.311 0.054 0.022
0 0.376 0.251 0.032 0.042
0 0.384 0.274 0.024 0.024
0 0.43 0.261 0.036 0.034
0 0.384 0.372 0.02 0.024
0 0.352 0.383 0.024 0.022
0 0.855 0.34 0.046 0.044
0 0.882 0.378 0.048 0.036
0 0.768 0.321 0.02 0.026
0 0.712 0.331 0.028 0.038
0 0.736 0.329 0.028 0.038
0 0.805 0.413 0.022 0.026
0 0.827 0.39 0.034 0.036
0 0.764 0.389 0.032 0.034
0 0.736 0.376 0.048 0.028
0 0.648 0.354 0.036 0.04
0 0.596 0.365 0.032 0.026
0 0.514 0.394 0.02 0.028
0 0.56 0.422 0.04 0.036
0 0.491 0.458 0.03 0.036
0 0.423 0.417 0.058 0.054
0 0.367 0.464 0.082 0.064
0 0.395 0.507 0.038 0.046
0 0.295 0.457 0.05 0.042
0 0.154 0.486 0.052 0.048
0 0.174 0.532 0.04 0.036
0 0.216 0.522 0.04 0.04
0 0.98 0.439 0.036 0.058
0 0.967 0.504 0.062 0.06
0 0.963 0.574 0.022 0.032
0 0.842 0.579 0.064 0.03
0 0.855 0.477 0.022 0.026
0 0.754 0.512 0.04 0.044
0 0.63 0.557 0.052 0.046
0 0.547 0.547 0.042 0.042
0 0.489 0.642 0.038 0.044
0 0.352 0.603 0.052 0.034
0 0.306 0.628 0.032 0.036
0 0.239 0.638 0.07 0.048
0 0.192 0.695 0.08 0.054
0 0.143 0.723 0.026 0.03
0 0.99 0.689 0.016 0.03
0 0.828 0.631 0.052 0.038
0 0.744 0.641 0.044 0.042
0 0.635 0.651 0.078 0.07
0 0.432 0.681 0.044 0.062
0 0.415 0.677 0.034 0.058
0 0.369 0.688 0.05 0.06
0 0.319 0.738 0.038 0.044
0 0.564 0.725 0.056 0.042
0 0.597 0.742 0.03 0.036
0 0.855 0.686 0.046 0.032
0 0.877 0.728 0.046 0.04
0 0.93 0.795 0.044 0.038
0 0.938 0.856 0.04 0.036
0 0.881 0.858 0.05 0.04
0 0.698 0.793 0.044 0.038
0 0.646 0.786 0.056 0.04
0 0.484 0.818 0.056 0.036
0 0.491 0.883 0.05 0.026
0 0.413 0.935 0.05 0.038
0 0.484 0.992 0.036 0.012
0 0.533 0.975 0.05 0.042
0 0.957 0.94 0.038 0.044
0 0.843 0.978 0.054 0.032
0 0.845 0.935 0.034 0.026
0 0.836 0.914 0.028 0.024
0 0.789 0.892 0.022 0.02
0 0.738 0.868 0.044 0.036
0 0.762 0.909 0.032 0.046
0 0.774 0.949 0.04 0.034
0 0.687 0.987 0.054 0.022
0 0.634 0.945 0.048 0.042
0 0.603 0.93 0.014 0.012
0 0.338 0.893 0.02 0.018
1 0.138 0.845 0.052 0.026
1 0.165 0.859 0.014 0.01
1 0.304 0.964 0.016 0.02
1 0.04 0.714 0.032 0.024
1 0.035 0.538 0.03 0.012
1 0.082 0.562 0.028 0.02
1 0.091 0.416 0.022 0.024
1 0.037 0.275 0.014 0.026
1 0.021 0.059 0.022 0.022
1 0.286 0.025 0.028 0.03
1 0.422 0.048 0.016 0.012
1 0.485 0.125 0.022 0.022
1 0.714 0.026 0.012 0.024
1 0.871 0.246 0.034 0.016
1 0.601 0.303 0.014 0.014
1 0.526 0.245 0.028 0.022
1 0.528 0.184 0.024 0.028
1 0.28 0.204 0.016 0.02
1 0.334 0.19 0.024 0.028
1 0.097 0.244 0.018 0.032
1 0.319 0.286 0.022 0.024
1 0.361 0.309 0.022 0.038
1 0.319 0.326 0.026 0.02
1 0.279 0.344 0.022 0.024
1 0.385 0.337 0.014 0.018
1 0.384 0.351 0.012 0.014
1 0.112 0.361 0.024 0.014
1 0.624 0.379 0.016 0.026
1 0.446 0.324 0.012 0.028
1 0.274 0.451 0.016 0.018
1 0.273 0.437 0.01 0.014
1 0.233 0.555 0.018 0.014
1 0.912 0.47 0.02 0.02
1 0.895 0.481 0.022 0.034
1 0.921 0.51 0.022 0.02
1 0.988 0.561 0.02 0.026
1 0.805 0.508 0.018 0.016
1 0.711 0.533 0.022 0.026
1 0.6 0.524 0.024 0.028
1 0.564 0.529 0.016 0.026
1 0.561 0.619 0.01 0.01
1 0.734 0.723 0.016 0.022
1 0.291 0.758 0.018 0.024
1 0.341 0.768 0.022 0.024
1 0.26 0.806 0.02 0.02
1 0.497 0.73 0.022 0.024
1 0.633 0.734 0.022 0.028
1 0.667 0.752 0.026 0.028
1 0.848 0.729 0.016 0.01
1 0.866 0.761 0.028 0.014
1 0.984 0.767 0.02 0.026
1 0.881 0.795 0.014 0.01
1 0.822 0.841 0.016 0.034
1 0.774 0.827 0.02 0.022
1 0.608 0.815 0.024 0.022
1 0.434 0.922 0.016 0.02
1 0.433 0.966 0.022 0.028
1 0.448 0.992 0.036 0.012
1 0.901 0.965 0.018 0.022
1 0.894 0.911 0.016 0.022
1 0.873 0.912 0.006 0.008
2 0.06 0.914 0.02 0.04
2 0.844 0.066 0.032 0.024
2 0.882 0.145 0.032 0.022
2 0.77 0.226 0.02 0.012
2 0.767 0.241 0.014 0.018
2 0.076 0.252 0.02 0.016
2 0.553 0.17 0.022 0.016
2 0.838 0.32 0.032 0.02
2 0.941 0.438 0.026 0.02
2 0.573 0.594 0.026 0.02
2 0.317 0.498 0.018 0.028
2 0.448 0.509 0.012 0.01
2 0.545 0.841 0.03 0.026
2 0.574 0.942 0.016 0.012
2 0.85 0.886 0.032 0.028
2 0.804 0.911 0.016 0.026
2 0.415 0.968 0.018 0.024
2 0.147 0.693 0.014 0.022
2 0.401 0.649 0.042 0.03
2 0.126 0.7 0.02 0.012