0 0.871 0.964 0.062 0.068
0 0.965 0.993 0.038 0.01
0 0.591 0.986 0.034 0.024
0 0.739 0.849 0.07 0.078
0 0.841 0.792 0.058 0.052
0 0.99 0.723 0.016 0.062
0 0.97 0.709 0.032 0.042
0 0.854 0.735 0.04 0.046
0 0.655 0.906 0.03 0.04
0 0.677 0.9 0.034 0.056
0 0.89 0.659 0.036 0.042
0 0.963 0.594 0.034 0.04
0 0.891 0.572 0.026 0.036
0 0.961 0.512 0.034 0.036
0 0.941 0.491 0.03 0.046
0 0.92 0.393 0.052 0.062
0 0.995 0.3 0.006 0.044
0 0.937 0.295 0.038 0.042
0 0.956 0.265 0.04 0.03
0 0.954 0.224 0.036 0.04
0 0.972 0.178 0.052 0.056
0 0.892 0.236 0.044 0.052
0 0.96 0.082 0.02 0.024
0 0.937 0.087 0.022 0.038
0 0.954 0.044 0.036 0.028
0 0.849 0.091 0.034 0.046
0 0.834 0.167 0.044 0.054
0 0.747 0.093 0.034 0.058
0 0.723 0.099 0.026 0.046
0 0.694 0.044 0.02 0.032
0 0.661 0.004 0.022 0.004
0 0.666 0.106 0.012 0.028
0 0.6 0.075 0.032 0.03
0 0.582 0.165 0.036 0.042
0 0.549 0.148 0.046 0.064
0 0.478 0.073 0.04 0.042
0 0.442 0.025 0.028 0.046
0 0.366 0.027 0.044 0.05
0 0.328 0.058 0.036 0.044
0 0.193 0.009 0.042 0.014
0 0.182 0.053 0.044 0.05
0 0.096 0.034 0.036 0.036
0 0.026 0.012 0.048 0.02
0 0.175 0.105 0.03 0.03
0 0.191 0.116 0.026 0.036
0 0.231 0.127 0.034 0.038
0 0.26 0.138 0.044 0.052
0 0.166 0.156 0.028 0.044
0 0.146 0.146 0.024 0.028
0 0.158 0.213 0.04 0.05
0 0.118 0.23 0.044 0.052
0 0.054 0.233 0.032 0.03
0 0.035 0.32 0.05 0.056
0 0.186 0.323 0.06 0.062
0 0.299 0.21 0.042 0.036
0 0.324 0.19 0.036 0.032
0 0.33 0.243 0.044 0.05
0 0.745 0.223 0.03 0.046
0 0.856 0.356 0.032 0.04
0 0.842 0.424 0.036 0.06
0 0.77 0.356 0.032 0.048
0 0.86 0.514 0.024 0.044
0 0.821 0.529 0.026 0.038
0 0.825 0.611 0.046 0.062
0 0.778 0.7 0.048 0.044
0 0.747 0.656 0.046 0.04
0 0.699 0.717 0.066 0.074
0 0.741 0.582 0.046 0.04
0 0.765 0.492 0.034 0.04
0 0.661 0.572 0.046 0.056
0 0.578 0.604 0.032 0.048
0 0.625 0.438 0.038 0.04
0 0.635 0.399 0.034 0.046
0 0.608 0.362 0.04 0.068
0 0.566 0.392 0.048 0.06
0 0.503 0.964 0.054 0.068
0 0.558 0.847 0.036 0.046
0 0.581 0.796 0.022 0.02
0 0.532 0.804 0.048 0.044
0 0.422 0.968 0.064 0.06
0 0.419 0.907 0.07 0.094
0 0.327 0.935 0.03 0.05
0 0.349 0.889 0.022 0.03
0 0.311 0.839 0.07 0.062
0 0.461 0.731 0.054 0.062
0 0.252 0.863 0.028 0.046
0 0.115 0.944 0.026 0.064
0 0.164 0.854 0.032 0.06
0 0.131 0.858 0.022 0.036
0 0.328 0.716 0.064 0.084
0 0.244 0.737 0.04 0.058
0 0.061 0.931 0.038 0.066
0 0.033 0.761 0.026 0.042
0 0.114 0.728 0.036 0.032
0 0.014 0.712 0.024 0.032
0 0.574 0.509 0.048 0.03
0 0.492 0.585 0.064 0.078
0 0.422 0.63 0.02 0.024
0 0.482 0.43 0.036 0.04
0 0.425 0.464 0.034 0.044
0 0.385 0.55 0.062 0.072
0 0.427 0.313 0.046 0.078
0 0.408 0.376 0.056 0.032
0 0.406 0.406 0.028 0.048
0 0.373 0.401 0.03 0.03
0 0.335 0.336 0.03 0.044
0 0.245 0.349 0.03 0.046
0 0.162 0.393 0.06 0.054
0 0.183 0.431 0.058 0.058
0 0.074 0.445 0.052 0.07
0 0.024 0.408 0.044 0.06
0 0.112 0.529 0.04 0.058
0 0.059 0.54 0.066 0.064
0 0.013 0.574 0.022 0.044
0 0.084 0.655 0.04 0.038
0 0.077 0.63 0.038 0.04
0 0.257 0.642 0.034 0.08
1 0.955 0.948 0.022 0.012
1 0.996 0.954 0.004 0.016
1 0.716 0.986 0.028 0.024
1 0.729 0.934 0.018 0.02
1 0.893 0.831 0.026 0.026
1 0.979 0.771 0.034 0.018
1 0.918 0.631 0.028 0.022
1 0.898 0.612 0.012 0.028
1 0.909 0.482 0.022 0.016
1 0.935 0.427 0.03 0.042
1 0.916 0.151 0.032 0.018
1 0.888 0.165 0.02 0.022
1 0.895 0.102 0.026 0.02
1 0.996 0.01 0.004 0.016
1 0.676 0.062 0.028 0.036
1 0.672 0.029 0.016 0.014
1 0.629 0.044 0.01 0.024
1 0.644 0.051 0.016 0.03
1 0.311 0.006 0.03 0.008
1 0.374 0.071 0.02 0.014
1 0.036 0.139 0.028 0.022
1 0.081 0.246 0.018 0.024
1 0.04 0.22 0.016 0.016
1 0.077 0.275 0.03 0.026
1 0.19 0.288 0.032 0.016
1 0.16 0.299 0.02 0.018
1 0.24 0.234 0.02 0.02
1 0.581 0.269 0.022 0.022
1 0.677 0.263 0.018 0.03
1 0.733 0.257 0.022 0.022
1 0.81 0.283 0.016 0.022
1 0.753 0.408 0.014 0.016
1 0.741 0.404 0.018 0.024
1 0.704 0.374 0.028 0.024
1 0.826 0.659 0.028 0.022
1 0.763 0.569 0.034 0.034
1 0.753 0.523 0.022 0.022
1 0.632 0.488 0.016 0.012
1 0.476 0.324 0.02 0.032
1 0.558 0.88 0.032 0.02
1 0.377 0.921 0.01 0.034
1 0.404 0.834 0.02 0.02
1 0.384 0.784 0.016 0.04
1 0.236 0.955 0.032 0.034
1 0.125 0.904 0.022 0.024
1 0.091 0.838 0.022 0.02
1 0.448 0.642 0.02 0.048
1 0.414 0.525 0.02 0.026
1 0.378 0.439 0.024 0.022
1 0.304 0.383 0.016 0.018
1 0.261 0.385 0.014 0.022
1 0.128 0.476 0.024 0.024
1 0.16 0.508 0.024 0.028
1 0.071 0.505 0.022 0.014
1 0.334 0.541 0.028 0.034
1 0.279 0.566 0.026 0.016
1 0.292 0.601 0.024 0.026
1 0.33 0.442 0.028 0.032
1 0.218 0.765 0.012 0.014
1 0.258 0.824 0.016 0.02
2 0.972 0.922 0.044 0.032
2 0.786 0.987 0.044 0.022
2 0.669 0.955 0.034 0.03
2 0.775 0.765 0.058 0.07
2 0.267 0.015 0.034 0.026
2 0.225 0.032 0.03 0.036
2 0.439 0.229 0.03 0.05
2 0.595 0.293 0.038 0.034
2 0.495 0.739 0.038 0.062
2 0.114 0.779 0.064 0.086
2 0.295 0.675 0.058 0.066
2 0.802 0.039 0.012 0.014
2 0.649 0.103 0.014 0.018
2 0.536 0.014 0.008 0.02
2 0.492 0.095 0.016 0.01
2 0.312 0.088 0.012 0.016
2 0.373 0.06 0.038 0.024
2 0.201 0.514 0.018 0.028
2 0.447 0.774 0.026 0.028
2 0.962 0.837 0.012 0.014
2 0.185 0.892 0.014 0.024
2 0.899 0.741 0.01 0.018
2 0.916 0.762 0.012 0.012
2 0.884 0.742 0.012 0.028
2 0.881 0.709 0.014 0.01
2 0.899 0.718 0.006 0.008
2 0.361 0.755 0.034 0.026
2 0.347 0.787 0.014 0.038
2 0.329 0.988 0.01 0.02
2 0.398 0.1 0.02 0.02
2 0.373 0.115 0.018 0.01
2 0.408 0.07 0.008 0.008
2 0.454 0.274 0.012 0.016
2 0.431 0.283 0.018 0.014