0 0.032 0.864 0.04 0.048
0 0.038 0.95 0.036 0.032
0 0.004 0.977 0.008 0.034
0 0.238 0.987 0.036 0.022
0 0.257 0.97 0.034 0.04
0 0.226 0.947 0.028 0.042
0 0.1 0.847 0.032 0.038
0 0.141 0.835 0.03 0.03
0 0.183 0.824 0.046 0.036
0 0.107 0.787 0.03 0.05
0 0.16 0.758 0.028 0.028
0 0.027 0.818 0.01 0.012
0 0.041 0.812 0.018 0.028
0 0.025 0.794 0.014 0.012
0 0.034 0.66 0.036 0.036
0 0.036 0.547 0.064 0.074
0 0.061 0.623 0.046 0.038
0 0.09 0.606 0.056 0.064
0 0.298 0.82 0.044 0.048
0 0.307 0.741 0.054 0.066
0 0.259 0.717 0.038 0.046
0 0.326 0.671 0.04 0.05
0 0.292 0.684 0.04 0.036
0 0.224 0.647 0.04 0.038
0 0.484 0.946 0.04 0.044
0 0.499 0.993 0.046 0.01
0 0.379 0.83 0.026 0.028
0 0.397 0.82 0.026 0.032
0 0.364 0.75 0.044 0.048
0 0.443 0.767 0.046 0.046
0 0.545 0.897 0.046 0.034
0 0.62 0.91 0.028 0.024
0 0.738 0.956 0.044 0.036
0 0.725 0.935 0.034 0.022
0 0.87 0.989 0.064 0.018
0 0.884 0.969 0.024 0.026
0 0.862 0.953 0.04 0.042
0 0.935 0.892 0.042 0.052
0 0.884 0.919 0.044 0.042
0 0.833 0.911 0.042 0.042
0 0.727 0.887 0.034 0.03
0 0.863 0.786 0.046 0.052
0 0.95 0.777 0.032 0.038
0 0.969 0.697 0.042 0.054
0 0.896 0.673 0.036 0.03
0 0.913 0.652 0.046 0.024
0 0.971 0.529 0.038 0.042
0 0.908 0.514 0.036 0.036
0 0.868 0.531 0.032 0.038
0 0.985 0.433 0.026 0.038
0 0.964 0.388 0.04 0.044
0 0.988 0.013 0.02 0.022
0 0.818 0.012 0.044 0.02
0 0.838 0.054 0.04 0.04
0 0.777 0.059 0.038 0.034
0 0.753 0.101 0.046 0.034
0 0.708 0.047 0.032 0.03
0 0.531 0.019 0.062 0.034
0 0.908 0.124 0.044 0.044
0 0.866 0.155 0.032 0.038
0 0.905 0.207 0.05 0.054
0 0.866 0.191 0.024 0.038
0 0.86 0.245 0.024 0.022
0 0.88 0.291 0.028 0.034
0 0.823 0.21 0.058 0.06
0 0.801 0.146 0.058 0.056
0 0.773 0.177 0.046 0.078
0 0.751 0.225 0.026 0.042
0 0.703 0.183 0.054 0.066
0 0.787 0.328 0.042 0.04
0 0.872 0.354 0.04 0.048
0 0.82 0.362 0.032 0.04
0 0.792 0.378 0.032 0.028
0 0.756 0.48 0.064 0.1
0 0.666 0.927 0.04 0.062
0 0.527 0.841 0.038 0.046
0 0.521 0.767 0.034 0.038
0 0.501 0.741 0.034 0.042
0 0.488 0.717 0.036 0.026
0 0.486 0.657 0.044 0.042
0 0.427 0.657 0.038 0.05
0 0.377 0.666 0.026 0.032
0 0.463 0.578 0.034 0.044
0 0.504 0.587 0.044 0.058
0 0.502 0.536 0.044 0.052
0 0.554 0.573 0.04 0.07
0 0.602 0.572 0.04 0.048
0 0.641 0.579 0.038 0.046
0 0.377 0.015 0.05 0.026
0 0.321 0.012 0.054 0.02
0 0.372 0.065 0.04 0.034
0 0.076 0.012 0.048 0.02
0 0.024 0.037 0.036 0.03
0 0.011 0.012 0.022 0.02
0 0.029 0.098 0.042 0.048
0 0.139 0.065 0.054 0.054
0 0.207 0.091 0.034 0.034
0 0.174 0.143 0.012 0.03
0 0.1 0.197 0.04 0.03
0 0.062 0.262 0.032 0.06
0 0.162 0.239 0.02 0.034
0 0.148 0.217 0.032 0.05
0 0.257 0.161 0.038 0.05
0 0.312 0.102 0.032 0.044
0 0.35 0.105 0.04 0.05
0 0.325 0.063 0.018 0.026
0 0.421 0.056 0.03 0.04
0 0.467 0.088 0.018 0.024
0 0.482 0.1 0.012 0.032
0 0.497 0.199 0.054 0.054
0 0.41 0.116 0.048 0.056
0 0.406 0.231 0.04 0.046
0 0.542 0.257 0.052 0.046
0 0.612 0.238 0.032 0.04
0 0.619 0.293 0.03 0.038
0 0.559 0.294 0.038 0.032
0 0.587 0.306 0.022 0.036
0 0.64 0.463 0.044 0.042
0 0.603 0.49 0.03 0.044
0 0.543 0.448 0.038 0.04
0 0.509 0.466 0.034 0.028
0 0.203 0.292 0.022 0.028
0 0.202 0.325 0.052 0.046
0 0.27 0.336 0.04 0.028
0 0.3 0.301 0.028 0.026
0 0.419 0.346 0.042 0.04
0 0.507 0.387 0.042 0.05
0 0.01 0.445 0.02 0.046
0 0.006 0.506 0.012 0.024
0 0.149 0.472 0.042 0.032
0 0.137 0.677 0.066 0.046
0 0.148 0.703 0.028 0.018
0 0.207 0.595 0.034 0.042
0 0.134 0.537 0.02 0.026
0 0.168 0.513 0.04 0.03
0 0.289 0.575 0.038 0.034
0 0.277 0.599 0.062 0.058
0 0.138 0.406 0.036 0.036
0 0.187 0.392 0.034 0.056
0 0.2 0.441 0.036 0.026
0 0.214 0.426 0.032 0.036
0 0.235 0.39 0.038 0.04
0 0.2 0.355 0.028 0.026
0 0.209 0.377 0.03 0.018
0 0.31 0.385 0.036 0.046
0 0.361 0.483 0.042 0.058
0 0.456 0.516 0.04 0.044
0 0.409 0.51 0.03 0.04
0 0.449 0.461 0.03 0.03
0 0.429 0.441 0.026 0.034
0 0.734 0.588 0.052 0.06
0 0.765 0.618 0.038 0.052
0 0.749 0.667 0.034 0.038
0 0.674 0.641 0.036 0.034
0 0.695 0.688 0.046 0.036
0 0.568 0.693 0.052 0.042
0 0.635 0.72 0.026 0.048
0 0.691 0.728 0.05 0.056
0 0.7 0.773 0.024 0.038
0 0.734 0.733 0.04 0.046
1 0.009 0.845 0.018 0.026
1 0.017 0.906 0.018 0.024
1 0.12 0.994 0.056 0.008
1 0.193 0.964 0.034 0.016
1 0.319 0.99 0.03 0.016
1 0.187 0.904 0.018 0.024
1 0.215 0.822 0.018 0.032
1 0.036 0.733 0.024 0.022
1 0.014 0.781 0.016 0.03
1 0.009 0.814 0.018 0.012
1 0.018 0.535 0.036 0.038
1 0.212 0.714 0.02 0.016
1 0.2 0.689 0.028 0.022
1 0.325 0.886 0.022 0.024
1 0.402 0.862 0.024 0.02
1 0.343 0.772 0.006 0.016
1 0.454 0.733 0.02 0.022
1 0.635 0.932 0.01 0.016
1 0.713 0.953 0.018 0.014
1 0.786 0.994 0.024 0.008
1 0.744 0.918 0.024 0.016
1 0.796 0.871 0.008 0.018
1 0.836 0.844 0.024 0.016
1 0.877 0.828 0.018 0.032
1 0.966 0.752 0.028 0.02
1 0.941 0.733 0.018 0.034
1 0.954 0.62 0.008 0.032
1 0.974 0.614 0.016 0.02
1 0.994 0.271 0.008 0.026
1 0.977 0.268 0.022 0.02
1 0.995 0.04 0.006 0.036
1 0.869 0.07 0.014 0.024
1 0.828 0.078 0.02 0.02
1 0.688 0.018 0.024 0.02
1 0.64 0.046 0.024 0.02
1 0.633 0.075 0.026 0.018
1 0.92 0.145 0.024 0.022
1 0.892 0.264 0.028 0.02
1 0.849 0.293 0.026 0.022
1 0.781 0.297 0.026 0.014
1 0.825 0.386 0.018 0.012
1 0.805 0.407 0.03 0.014
1 0.809 0.538 0.01 0.012
1 0.816 0.519 0.008 0.006
1 0.819 0.601 0.018 0.026
1 0.801 0.621 0.022 0.022
1 0.599 0.852 0.022 0.02
1 0.538 0.806 0.028 0.02
1 0.613 0.805 0.022 0.018
1 0.482 0.689 0.016 0.014
1 0.395 0.608 0.026 0.024
1 0.402 0.597 0.012 0.026
1 0.21 0.142 0.032 0.024
1 0.08 0.298 0.02 0.024
1 0.144 0.304 0.012 0.024
1 0.115 0.274 0.026 0.028
1 0.159 0.285 0.018 0.014
1 0.277 0.122 0.018 0.024
1 0.338 0.046 0.032 0.012
1 0.525 0.09 0.018 0.024
1 0.465 0.038 0.018 0.02
1 0.461 0.14 0.026 0.02
1 0.45 0.117 0.024 0.014
1 0.414 0.2 0.028 0.02
1 0.353 0.232 0.026 0.032
1 0.66 0.282 0.024 0.012
1 0.634 0.342 0.02 0.032
1 0.544 0.34 0.024 0.016
1 0.542 0.334 0.012 0.012
1 0.643 0.508 0.022 0.028
1 0.282 0.252 0.02 0.028
1 0.35 0.289 0.02 0.014
1 0.424 0.305 0.02 0.026
1 0.446 0.374 0.012 0.024
1 0.463 0.407 0.014 0.01
1 0.019 0.459 0.022 0.026
1 0.122 0.478 0.008 0.016
1 0.152 0.631 0.02 0.018
1 0.186 0.595 0.028 0.018
1 0.251 0.529 0.018 0.022
1 0.111 0.384 0.026 0.02
1 0.34 0.466 0.016 0.024
1 0.437 0.485 0.026 0.018
1 0.713 0.516 0.026 0.028
1 0.624 0.677 0.028 0.018
1 0.586 0.718 0.024 0.02
1 0.715 0.765 0.018 0.018
1 0.877 0.584 0.018 0.02
1 0.895 0.605 0.018 0.018
1 0.578 0.168 0.02 0.012
1 0.826 0.425 0.016 0.022
1 0.833 0.44 0.014 0.008
1 0.951 0.185 0.022 0.018
1 0.931 0.256 0.006 0.012
1 0.242 0.02 0.02 0.028
1 0.615 0.006 0.018 0.008
2 0.132 0.912 0.036 0.032
2 0.067 0.752 0.022 0.02
2 0.465 0.959 0.026 0.026
2 0.409 0.726 0.026 0.028
2 0.786 0.846 0.02 0.024
2 0.939 0.678 0.042 0.04
2 0.978 0.586 0.04 0.04
2 0.613 0.88 0.026 0.02
2 0.498 0.807 0.032 0.022
2 0.257 0.111 0.014 0.022
2 0.523 0.122 0.026 0.024
2 0.652 0.396 0.04 0.048
2 0.456 0.407 0.024 0.05
2 0.193 0.652 0.026 0.028
2 0.78 0.774 0.032 0.036
2 0.856 0.58 0.012 0.04
2 0.265 0.837 0.026 0.022
2 0.259 0.81 0.026 0.028
2 0.279 0.854 0.014 0.032
2 0.192 0.762 0.008 0.008
2 0.162 0.448 0.02 0.024
2 0.325 0.436 0.014 0.02
2 0.613 0.641 0.014 0.022