0 0.171 0.696 0.042 0.052
0 0.124 0.623 0.044 0.046
0 0.138 0.728 0.036 0.048
0 0.182 0.768 0.036 0.036
0 0.145 0.949 0.046 0.062
0 0.21 0.94 0.044 0.056
0 0.087 0.921 0.046 0.046
0 0.097 0.848 0.042 0.044
0 0.435 0.92 0.05 0.044
0 0.515 0.937 0.038 0.034
0 0.545 0.913 0.07 0.038
0 0.65 0.931 0.064 0.054
0 0.807 0.961 0.054 0.042
0 0.885 0.949 0.05 0.054
0 0.794 0.871 0.04 0.058
0 0.917 0.844 0.05 0.052
0 0.586 0.847 0.052 0.046
0 0.645 0.818 0.054 0.052
0 0.094 0.428 0.044 0.032
0 0.098 0.35 0.032 0.044
0 0.049 0.352 0.046 0.04
0 0.253 0.358 0.046 0.04
0 0.309 0.356 0.038 0.048
0 0.444 0.344 0.064 0.048
0 0.366 0.257 0.04 0.034
0 0.226 0.304 0.036 0.036
0 0.123 0.242 0.034 0.032
0 0.732 0.424 0.052 0.052
0 0.594 0.398 0.044 0.052
0 0.723 0.337 0.042 0.058
0 0.278 0.606 0.044 0.04
0 0.368 0.609 0.04 0.046
0 0.452 0.561 0.048 0.046
0 0.45 0.507 0.044 0.042
0 0.734 0.54 0.06 0.056
0 0.2 0.524 0.04 0.044
0 0.1 0.494 0.036 0.048
0 0.218 0.153 0.04 0.042
0 0.119 0.098 0.054 0.048
0 0.182 0.062 0.032 0.032
0 0.181 0.107 0.03 0.046
0 0.199 0.224 0.026 0.04
0 0.528 0.287 0.056 0.082
0 0.655 0.619 0.042 0.046
0 0.673 0.582 0.046 0.064
0 0.618 0.448 0.036 0.036
0 0.728 0.203 0.048 0.038
0 0.958 0.316 0.044 0.048
0 0.758 0.286 0.036 0.056
0 0.963 0.21 0.062 0.052
0 0.267 0.275 0.066 0.042
0 0.431 0.64 0.038 0.052
0 0.555 0.592 0.042 0.04
0 0.494 0.457 0.04 0.038
0 0.524 0.435 0.04 0.05
0 0.508 0.402 0.04 0.044
0 0.77 0.499 0.056 0.042
0 0.691 0.489 0.062 0.054
0 0.537 0.543 0.046 0.042
0 0.439 0.451 0.05 0.05
0 0.819 0.614 0.07 0.044
0 0.858 0.549 0.052 0.058
0 0.922 0.456 0.052 0.048
0 0.938 0.368 0.044 0.056
0 0.668 0.268 0.068 0.056
0 0.27 0.145 0.052 0.066
0 0.237 0.221 0.05 0.034
0 0.094 0.138 0.044 0.04
0 0.04 0.179 0.028 0.038
0 0.052 0.23 0.028 0.024
0 0.018 0.228 0.036 0.036
0 0.007 0.198 0.014 0.028
0 0.081 0.293 0.026 0.034
0 0.096 0.272 0.044 0.052
0 0.162 0.257 0.04 0.038
0 0.192 0.605 0.036 0.042
0 0.064 0.618 0.028 0.048
0 0.075 0.583 0.034 0.034
0 0.426 0.777 0.044 0.062
0 0.359 0.662 0.058 0.048
0 0.45 0.686 0.04 0.04
0 0.684 0.547 0.04 0.046
0 0.312 0.862 0.048 0.056
0 0.218 0.987 0.06 0.022
0 0.022 0.982 0.04 0.032
0 0.05 0.94 0.056 0.044
0 0.014 0.823 0.028 0.038
0 0.009 0.769 0.018 0.026
0 0.014 0.721 0.024 0.022
0 0.062 0.714 0.036 0.044
0 0.12 0.76 0.036 0.04
0 0.287 0.561 0.038 0.054
0 0.304 0.525 0.044 0.046
0 0.878 0.774 0.092 0.068
0 0.696 0.758 0.048 0.052
0 0.735 0.746 0.046 0.044
0 0.731 0.04 0.054 0.056
0 0.616 0.071 0.04 0.05
0 0.532 0.08 0.04 0.044
0 0.518 0.237 0.036 0.038
0 0.83 0.317 0.036 0.046
0 0.839 0.353 0.046 0.034
0 0.744 0.17 0.036 0.036
0 0.961 0.08 0.042 0.044
0 0.855 0.112 0.054 0.04
0 0.277 0.071 0.038 0.038
0 0.235 0.525 0.026 0.034
0 0.155 0.403 0.046 0.026
0 0.159 0.379 0.042 0.042
0 0.301 0.477 0.062 0.05
0 0.426 0.216 0.06 0.04
0 0.553 0.65 0.046 0.06
0 0.539 0.676 0.038 0.06
0 0.578 0.692 0.056 0.06
0 0.311 0.836 0.062 0.064
0 0.146 0.305 0.028 0.042
0 0.125 0.303 0.03 0.038
0 0.182 0.29 0.02 0.048
0 0.395 0.448 0.038 0.036
0 0.029 0.68 0.022 0.02
0 0.431 0.033 0.058 0.05
0 0.454 0.016 0.04 0.028
0 0.463 0.073 0.05 0.038
0 0.763 0.086 0.046 0.052
0 0.971 0.68 0.042 0.04
0 0.97 0.615 0.048 0.046
0 0.815 0.673 0.07 0.07
0 0.785 0.697 0.038 0.054
0 0.863 0.499 0.066 0.058
0 0.84 0.453 0.048 0.05
0 0.561 0.945 0.054 0.038
0 0.481 0.989 0.05 0.018
0 0.624 0.989 0.052 0.018
0 0.966 0.982 0.048 0.032
0 0.978 0.859 0.04 0.066
0 0.32 0.682 0.024 0.028
0 0.526 0.57 0.02 0.028
0 0.265 0.976 0.046 0.044
0 0.333 0.986 0.042 0.024
0 0.522 0.834 0.048 0.048
0 0.713 0.866 0.046 0.044
0 0.011 0.537 0.022 0.038
0 0.008 0.441 0.016 0.046
0 0.964 0.465 0.04 0.05
0 0.941 0.128 0.058 0.048
0 0.985 0.127 0.026 0.038
0 0.988 0.015 0.02 0.026
0 0.96 0.265 0.032 0.038
0 0.825 0.023 0.03 0.03
0 0.087 0.745 0.03 0.026
0 0.066 0.754 0.028 0.024
0 0.275 0.206 0.034 0.036
0 0.334 0.467 0.024 0.022
0 0.73 0.698 0.036 0.028
0 0.388 0.416 0.024 0.02
0 0.377 0.438 0.026 0.036
0 0.412 0.193 0.028 0.03
0 0.587 0.193 0.062 0.062
0 0.554 0.156 0.048 0.056
0 0.471 0.117 0.046 0.026
0 0.474 0.158 0.044 0.044
0 0.445 0.16 0.038 0.036
0 0.422 0.133 0.028 0.034
0 0.396 0.129 0.036 0.034
0 0.363 0.064 0.042 0.04
0 0.282 0.032 0.032 0.024
0 0.89 0.4 0.048 0.036
0 0.814 0.722 0.024 0.04
0 0.077 0.789 0.046 0.038
0 0.153 0.595 0.042 0.046
0 0.007 0.634 0.01 0.032
0 0.408 0.498 0.032 0.028
0 0.5 0.008 0.032 0.012
0 0.213 0.009 0.03 0.014
0 0.126 0.006 0.036 0.008
0 0.122 0.577 0.016 0.022
0 0.131 0.563 0.038 0.03
0 0.124 0.44 0.028 0.036
0 0.02 0.953 0.036 0.034
0 0.1 0.984 0.048 0.028
1 0.357 0.626 0.026 0.024
1 0.261 0.682 0.022 0.024
1 0.497 0.626 0.01 0.016
1 0.213 0.407 0.018 0.022
1 0.681 0.137 0.03 0.018
1 0.148 0.82 0.048 0.02
1 0.763 0.38 0.006 0.012
1 0.773 0.393 0.014 0.014
1 0.785 0.406 0.01 0.012
1 0.646 0.04 0.02 0.036
1 0.082 0.179 0.016 0.022
1 0.392 0.369 0.036 0.018
1 0.546 0.391 0.02 0.022
1 0.78 0.788 0.024 0.024
1 0.435 0.263 0.03 0.022
1 0.526 0.211 0.028 0.026
1 0.83 0.488 0.02 0.024
1 0.924 0.559 0.032 0.03
1 0.922 0.653 0.032 0.018
1 0.917 0.682 0.018 0.016
1 0.312 0.973 0.024 0.022
1 0.703 0.922 0.018 0.028
1 0.16 0.513 0.02 0.014
1 0.162 0.531 0.016 0.006
1 0.984 0.343 0.028 0.022
1 0.911 0.046 0.026 0.024
1 0.987 0.256 0.018 0.02
1 0.908 0.205 0.016 0.01
1 0.788 0.076 0.028 0.028
1 0.324 0.926 0.036 0.02
1 0.138 0.168 0.028 0.024
1 0.08 0.083 0.02 0.022
1 0.085 0.045 0.022 0.026
1 0.19 0.357 0.016 0.026
1 0.892 0.661 0.036 0.022
1 0.309 0.253 0.022 0.03
1 0.291 0.189 0.022 0.03
1 0.342 0.079 0.016 0.014
1 0.324 0.074 0.012 0.02
1 0.337 0.026 0.022 0.02
1 0.678 0.981 0.02 0.026
1 0.222 0.837 0.024 0.018
1 0.231 0.825 0.038 0.026
1 0.006 0.684 0.012 0.016
1 0.035 0.549 0.022 0.034
1 0.017 0.467 0.018 0.038
1 0.992 0.549 0.012 0.026
1 0.989 0.592 0.018 0.02
1 0.993 0.161 0.01 0.03
1 0.09 0.814 0.024 0.02
1 0.053 0.771 0.022 0.03
1 0.359 0.756 0.022 0.016
2 0.026 0.848 0.008 0.008
2 0.703 0.126 0.018 0.028
2 0.91 0.215 0.008 0.01
2 0.569 0.038 0.014 0.016
2 0.572 0.066 0.024 0.024
2 0.16 0.035 0.016 0.03
2 0.221 0.055 0.026 0.034
2 0.27 0.779 0.024 0.026
2 0.172 0.554 0.016 0.016
2 0.326 0.425 0.012 0.01
2 0.335 0.392 0.01 0.016
2 0.301 0.43 0.006 0.016
2 0.289 0.419 0.006 0.01
2 0.659 0.654 0.01 0.016
2 0.986 0.798 0.016 0.02
2 0.562 0.781 0.032 0.022
2 0.319 0.042 0.01 0.008
2 0.315 0.031 0.01 0.01
2 0.412 0.301 0.008 0.014
2 0.403 0.302 0.01 0.016
2 0.031 0.073 0.022 0.01
2 0.003 0.013 0.006 0.022
2 0.007 0.355 0.01 0.03
2 0.009 0.329 0.01 0.014
2 0.076 0.531 0.016 0.014
2 0.35 0.937 0.02 0.022
2 0.521 0.995 0.026 0.006
2 0.975 0.951 0.022 0.03
2 0.429 0.823 0.018 0.022
2 0.492 0.856 0.016 0.02
2 0.374 0.786 0.04 0.056
2 0.794 0.249 0.032 0.022
2 0.802 0.006 0.032 0.008
2 0.041 0.973 0.01 0.01
2 0.583 0.341 0.014 0.022
2 0.586 0.044 0.02 0.016
2 0.586 0.079 0.02 0.018
2 0.275 0.008 0.026 0.012