0 0.063 0.057 0.05 0.066
0 0.042 0.125 0.048 0.038
0 0.168 0.005 0.04 0.01
0 0.118 0.082 0.036 0.02
0 0.064 0.004 0.02 0.008
0 0.245 0.065 0.054 0.05
0 0.316 0.122 0.048 0.044
0 0.387 0.025 0.046 0.05
0 0.389 0.071 0.038 0.042
0 0.443 0.094 0.042 0.04
0 0.291 0.198 0.042 0.044
0 0.381 0.151 0.05 0.054
0 0.336 0.159 0.02 0.03
0 0.604 0.013 0.032 0.026
0 0.643 0.026 0.046 0.052
0 0.697 0.118 0.046 0.056
0 0.821 0.062 0.034 0.044
0 0.818 0.096 0.044 0.052
0 0.806 0.011 0.028 0.022
0 0.891 0.037 0.046 0.034
0 0.864 0.078 0.032 0.032
0 0.887 0.073 0.026 0.034
0 0.927 0.012 0.03 0.024
0 0.957 0.032 0.026 0.032
0 0.984 0.017 0.028 0.034
0 0.985 0.063 0.026 0.038
0 0.859 0.007 0.022 0.014
0 0.996 0.035 0.004 0.026
0 0.597 0.1 0.03 0.036
0 0.691 0.004 0.03 0.008
0 0.766 0.016 0.02 0.032
0 0.834 0.168 0.044 0.04
0 0.923 0.228 0.046 0.052
0 0.911 0.196 0.054 0.044
0 0.876 0.236 0.048 0.048
0 0.989 0.127 0.018 0.038
0 0.98 0.319 0.036 0.046
0 0.783 0.29 0.038 0.056
0 0.827 0.339 0.05 0.046
0 0.946 0.331 0.028 0.05
0 0.876 0.275 0.024 0.038
0 0.705 0.218 0.03 0.056
0 0.725 0.206 0.026 0.036
0 0.642 0.288 0.04 0.04
0 0.591 0.237 0.038 0.046
0 0.601 0.26 0.038 0.02
0 0.516 0.146 0.032 0.04
0 0.535 0.148 0.018 0.028
0 0.522 0.248 0.02 0.032
0 0.506 0.277 0.024 0.022
0 0.541 0.252 0.038 0.04
0 0.441 0.341 0.046 0.046
0 0.336 0.373 0.036 0.058
0 0.426 0.363 0.04 0.018
0 0.424 0.384 0.036 0.02
0 0.573 0.344 0.038 0.044
0 0.457 0.371 0.026 0.026
0 0.617 0.409 0.046 0.046
0 0.674 0.4 0.04 0.048
0 0.715 0.351 0.022 0.03
0 0.674 0.478 0.04 0.048
0 0.791 0.45 0.058 0.036
0 0.878 0.405 0.036 0.03
0 0.889 0.448 0.03 0.024
0 0.973 0.461 0.03 0.05
0 0.982 0.432 0.032 0.02
0 0.994 0.394 0.008 0.028
0 0.674 0.599 0.04 0.058
0 0.7 0.588 0.036 0.06
0 0.742 0.578 0.052 0.056
0 0.73 0.669 0.044 0.05
0 0.763 0.541 0.034 0.042
0 0.919 0.546 0.054 0.052
0 0.921 0.613 0.042 0.05
0 0.61 0.629 0.056 0.078
0 0.633 0.665 0.038 0.034
0 0.862 0.708 0.032 0.044
0 0.823 0.643 0.034 0.042
0 0.789 0.566 0.03 0.028
0 0.055 0.252 0.042 0.068
0 0.018 0.219 0.036 0.054
0 0.243 0.246 0.022 0.024
0 0.246 0.271 0.032 0.022
0 0.253 0.221 0.046 0.038
0 0.271 0.339 0.042 0.054
0 0.22 0.309 0.044 0.034
0 0.17 0.278 0.024 0.032
0 0.013 0.356 0.018 0.028
0 0.032 0.322 0.028 0.028
0 0.006 0.271 0.012 0.042
0 0.146 0.429 0.052 0.038
0 0.25 0.472 0.048 0.048
0 0.198 0.391 0.04 0.038
0 0.197 0.363 0.058 0.03
0 0.224 0.369 0.024 0.054
0 0.024 0.602 0.048 0.068
0 0.141 0.601 0.026 0.03
0 0.241 0.558 0.026 0.036
0 0.141 0.497 0.034 0.026
0 0.311 0.417 0.038 0.046
0 0.393 0.488 0.042 0.04
0 0.437 0.463 0.046 0.054
0 0.462 0.445 0.028 0.034
0 0.389 0.568 0.054 0.044
0 0.412 0.547 0.048 0.034
0 0.411 0.604 0.042 0.036
0 0.52 0.515 0.016 0.03
0 0.494 0.526 0.024 0.028
0 0.562 0.533 0.024 0.03
0 0.59 0.535 0.02 0.026
0 0.446 0.597 0.044 0.046
0 0.183 0.716 0.026 0.028
0 0.175 0.725 0.03 0.03
0 0.134 0.69 0.032 0.036
0 0.23 0.678 0.048 0.056
0 0.252 0.638 0.044 0.04
0 0.323 0.663 0.05 0.07
0 0.34 0.653 0.04 0.05
0 0.412 0.675 0.064 0.042
0 0.249 0.782 0.046 0.032
0 0.204 0.777 0.044 0.046
0 0.179 0.803 0.05 0.05
0 0.131 0.874 0.034 0.056
0 0.033 0.821 0.018 0.022
0 0.199 0.88 0.022 0.024
0 0.331 0.881 0.058 0.038
0 0.426 0.866 0.044 0.036
0 0.408 0.92 0.032 0.032
0 0.341 0.922 0.034 0.056
0 0.319 0.934 0.034 0.048
0 0.386 0.969 0.028 0.046
0 0.42 0.968 0.048 0.048
0 0.511 0.916 0.042 0.036
0 0.489 0.983 0.03 0.03
0 0.517 0.967 0.042 0.042
0 0.483 0.923 0.046 0.038
0 0.345 0.796 0.062 0.064
0 0.389 0.807 0.034 0.05
0 0.538 0.862 0.056 0.028
0 0.655 0.823 0.046 0.046
0 0.627 0.794 0.03 0.036
0 0.679 0.957 0.046 0.062
0 0.633 0.984 0.058 0.028
0 0.838 0.922 0.048 0.056
0 0.752 0.953 0.028 0.042
0 0.801 0.954 0.042 0.04
0 0.936 0.818 0.048 0.04
0 0.967 0.872 0.054 0.052
0 0.884 0.98 0.032 0.032
0 0.965 0.968 0.022 0.02
0 0.812 0.883 0.02 0.03
0 0.71 0.899 0.016 0.042
0 0.976 0.747 0.04 0.038
0 0.882 0.813 0.02 0.026
0 0.895 0.788 0.018 0.024
0 0.806 0.716 0.02 0.032
0 0.683 0.75 0.03 0.028
0 0.707 0.757 0.026 0.03
0 0.502 0.715 0.044 0.038
0 0.5 0.772 0.04 0.04
0 0.483 0.815 0.03 0.026
0 0.283 0.783 0.022 0.022
0 0.228 0.871 0.04 0.026
0 0.184 0.914 0.024 0.024
0 0.184 0.979 0.02 0.022
0 0.068 0.837 0.036 0.026
0 0.307 0.572 0.018 0.052
0 0.891 0.626 0.018 0.032
0 0.992 0.577 0.012 0.042
0 0.92 0.514 0.032 0.012
1 0.259 0.172 0.022 0.02
1 0.499 0.229 0.01 0.022
1 0.404 0.218 0.02 0.028
1 0.475 0.269 0.022 0.018
1 0.506 0.26 0.016 0.016
1 0.737 0.389 0.014 0.018
1 0.822 0.565 0.016 0.022
1 0.041 0.173 0.014 0.026
1 0.193 0.252 0.022 0.024
1 0.071 0.362 0.022 0.016
1 0.11 0.355 0.016 0.018
1 0.007 0.321 0.014 0.014
1 0.221 0.456 0.018 0.016
1 0.054 0.551 0.02 0.022
1 0.177 0.584 0.01 0.02
1 0.55 0.56 0.028 0.02
1 0.445 0.811 0.022 0.018
1 0.601 0.839 0.026 0.022
1 0.614 0.834 0.016 0.016
1 0.679 0.99 0.022 0.016
1 0.758 0.85 0.016 0.02
1 0.944 0.692 0.02 0.02
1 0.477 0.761 0.022 0.018
1 0.576 0.751 0.024 0.022
1 0.363 0.74 0.022 0.02
1 0.008 0.977 0.016 0.018
1 0.108 0.745 0.024 0.022
2 0.012 0.04 0.02 0.048
2 0.005 0.106 0.01 0.052
2 0.292 0.084 0.044 0.036
2 0.63 0.084 0.028 0.04
2 0.701 0.05 0.03 0.044
2 0.747 0.098 0.03 0.024
2 0.777 0.073 0.03 0.026
2 0.643 0.152 0.026 0.04
2 0.669 0.115 0.014 0.038
2 0.733 0.041 0.034 0.03
2 0.961 0.06 0.018 0.016
2 0.882 0.006 0.024 0.012
2 0.951 0.011 0.014 0.014
2 0.673 0.08 0.03 0.032
2 0.675 0.03 0.026 0.028
2 0.687 0.157 0.03 0.038
2 0.641 0.197 0.038 0.042
2 0.618 0.225 0.024 0.018
2 0.744 0.185 0.016 0.022
2 0.494 0.169 0.024 0.034
2 0.549 0.215 0.026 0.034
2 0.518 0.204 0.02 0.024
2 0.544 0.173 0.012 0.022
2 0.468 0.318 0.056 0.052
2 0.55 0.422 0.028 0.04
2 0.629 0.34 0.026 0.032
2 0.616 0.466 0.044 0.06
2 0.747 0.421 0.018 0.03
2 0.737 0.495 0.03 0.018
2 0.908 0.348 0.028 0.02
2 0.814 0.415 0.024 0.022
2 0.065 0.163 0.022 0.026
2 0.145 0.211 0.034 0.042
2 0.174 0.191 0.028 0.026
2 0.25 0.249 0.028 0.03
2 0.311 0.242 0.046 0.036
2 0.034 0.348 0.036 0.04
2 0.017 0.517 0.034 0.03
2 0.178 0.547 0.024 0.034
2 0.166 0.412 0.02 0.028
2 0.485 0.449 0.018 0.03
2 0.288 0.648 0.024 0.036
2 0.937 0.923 0.022 0.034
2 0.935 0.893 0.018 0.03
2 0.848 0.993 0.044 0.01
2 0.887 0.957 0.046 0.026
2 0.779 0.888 0.018 0.024
2 0.774 0.936 0.036 0.012
2 0.775 0.768 0.03 0.024
2 0.726 0.797 0.024 0.038
2 0.689 0.803 0.014 0.022
2 0.537 0.719 0.034 0.03
2 0.333 0.753 0.038 0.03
2 0.361 0.763 0.046 0.03
2 0.261 0.735 0.046 0.034
2 0.197 0.855 0.034 0.03
2 0.271 0.963 0.042 0.058
2 0.059 0.946 0.03 0.028
2 0.06 0.973 0.02 0.022
2 0.074 0.802 0.024 0.028
2 0.061 0.781 0.018 0.014
2 0.225 0.575 0.026 0.034
2 0.374 0.447 0.024 0.018
2 0.223 0.419 0.03 0.026