0 0.272 0.27 0.04 0.072
0 0.249 0.238 0.046 0.064
0 0.298 0.202 0.048 0.068
0 0.319 0.243 0.038 0.066
0 0.365 0.259 0.038 0.062
0 0.415 0.18 0.042 0.06
0 0.44 0.135 0.04 0.046
0 0.482 0.137 0.04 0.07
0 0.152 0.101 0.044 0.058
0 0.009 0.01 0.018 0.02
0 0.048 0.213 0.04 0.07
0 0.075 0.261 0.038 0.058
0 0.097 0.192 0.058 0.084
0 0.054 0.395 0.036 0.062
0 0.076 0.349 0.028 0.066
0 0.094 0.453 0.036 0.034
0 0.02 0.563 0.04 0.038
0 0.038 0.535 0.036 0.038
0 0.112 0.546 0.044 0.048
0 0.13 0.477 0.064 0.046
0 0.19 0.557 0.036 0.058
0 0.161 0.61 0.054 0.064
0 0.026 0.666 0.052 0.056
0 0.013 0.732 0.026 0.072
0 0.06 0.913 0.032 0.05
0 0.105 0.829 0.058 0.054
0 0.044 0.817 0.044 0.058
0 0.056 0.758 0.024 0.036
0 0.129 0.68 0.03 0.044
0 0.016 0.602 0.032 0.048
0 0.07 0.69 0.036 0.04
0 0.198 0.809 0.044 0.046
0 0.219 0.856 0.046 0.044
0 0.189 0.924 0.038 0.056
0 0.243 0.933 0.034 0.042
0 0.301 0.909 0.034 0.042
0 0.294 0.952 0.032 0.04
0 0.011 0.858 0.022 0.048
0 0.34 0.768 0.04 0.04
0 0.403 0.747 0.03 0.038
0 0.42 0.778 0.032 0.04
0 0.437 0.809 0.034 0.042
0 0.489 0.755 0.038 0.034
0 0.482 0.83 0.04 0.036
0 0.451 0.846 0.03 0.04
0 0.431 0.912 0.046 0.068
0 0.432 0.978 0.04 0.04
0 0.368 0.98 0.032 0.036
0 0.363 0.946 0.03 0.04
0 0.367 0.906 0.038 0.048
0 0.352 0.883 0.04 0.062
0 0.34 0.824 0.036 0.044
0 0.312 0.82 0.028 0.04
0 0.287 0.74 0.046 0.06
0 0.262 0.641 0.032 0.038
0 0.333 0.655 0.042 0.054
0 0.329 0.611 0.03 0.03
0 0.367 0.6 0.046 0.036
0 0.377 0.645 0.03 0.058
0 0.463 0.577 0.034 0.042
0 0.466 0.53 0.028 0.044
0 0.605 0.452 0.05 0.052
0 0.675 0.433 0.026 0.038
0 0.705 0.43 0.034 0.068
0 0.755 0.43 0.038 0.048
0 0.703 0.357 0.034 0.042
0 0.659 0.352 0.046 0.096
0 0.689 0.294 0.038 0.052
0 0.622 0.246 0.044 0.056
0 0.649 0.215 0.038 0.042
0 0.586 0.3 0.048 0.048
0 0.566 0.34 0.036 0.048
0 0.624 0.35 0.028 0.044
0 0.498 0.389 0.036 0.058
0 0.479 0.327 0.034 0.062
0 0.407 0.387 0.034 0.054
0 0.442 0.378 0.044 0.056
0 0.433 0.218 0.038 0.076
0 0.491 0.256 0.03 0.076
0 0.544 0.206 0.044 0.056
0 0.534 0.08 0.04 0.06
0 0.568 0.029 0.044 0.058
0 0.589 0.073 0.034 0.054
0 0.697 0.008 0.038 0.016
0 0.674 0.084 0.032 0.056
0 0.672 0.121 0.04 0.054
0 0.615 0.12 0.046 0.064
0 0.723 0.098 0.05 0.076
0 0.788 0.021 0.04 0.042
0 0.84 0.011 0.036 0.022
0 0.898 0.047 0.044 0.066
0 0.854 0.051 0.036 0.054
0 0.818 0.059 0.036 0.066
0 0.975 0.027 0.038 0.054
0 0.993 0.101 0.01 0.054
0 0.82 0.174 0.044 0.06
0 0.846 0.196 0.036 0.06
0 0.781 0.244 0.042 0.052
0 0.902 0.241 0.036 0.058
0 0.878 0.212 0.028 0.04
0 0.903 0.189 0.054 0.058
0 0.976 0.311 0.04 0.046
0 0.878 0.332 0.056 0.064
0 0.811 0.311 0.038 0.054
0 0.819 0.37 0.046 0.052
0 0.506 0.041 0.036 0.03
0 0.517 0.008 0.03 0.016
0 0.477 0.048 0.038 0.056
0 0.431 0.047 0.05 0.086
0 0.391 0.046 0.038 0.064
0 0.35 0.057 0.052 0.07
0 0.338 0.031 0.064 0.058
0 0.287 0.041 0.034 0.058
0 0.232 0.027 0.052 0.054
0 0.186 0.029 0.036 0.046
0 0.165 0.011 0.03 0.022
0 0.278 0.129 0.04 0.078
0 0.241 0.149 0.038 0.058
0 0.343 0.348 0.038 0.052
0 0.323 0.47 0.042 0.048
0 0.375 0.492 0.042 0.048
0 0.386 0.553 0.024 0.042
0 0.245 0.363 0.038 0.062
0 0.238 0.429 0.032 0.054
0 0.198 0.337 0.032 0.038
0 0.138 0.361 0.028 0.054
0 0.138 0.278 0.028 0.048
0 0.176 0.209 0.032 0.054
0 0.011 0.242 0.022 0.048
0 0.045 0.161 0.034 0.058
0 0.279 0.542 0.046 0.048
0 0.283 0.686 0.038 0.056
0 0.432 0.658 0.04 0.048
0 0.47 0.684 0.048 0.06
0 0.489 0.689 0.038 0.042
0 0.51 0.645 0.04 0.054
0 0.601 0.61 0.038 0.044
0 0.639 0.667 0.03 0.038
0 0.619 0.698 0.038 0.064
0 0.537 0.735 0.038 0.038
0 0.538 0.788 0.032 0.04
0 0.608 0.805 0.04 0.046
0 0.65 0.865 0.044 0.058
0 0.514 0.968 0.04 0.06
0 0.587 0.937 0.046 0.038
0 0.558 0.979 0.044 0.038
0 0.642 0.965 0.028 0.038
0 0.68 0.962 0.032 0.044
0 0.724 0.957 0.048 0.046
0 0.815 0.925 0.054 0.07
0 0.861 0.872 0.042 0.056
0 0.93 0.793 0.036 0.054
0 0.922 0.836 0.044 0.04
0 0.906 0.861 0.032 0.026
0 0.983 0.857 0.03 0.046
0 0.901 0.756 0.03 0.036
0 0.886 0.719 0.04 0.03
0 0.908 0.728 0.02 0.024
0 0.907 0.651 0.034 0.042
0 0.819 0.648 0.038 0.056
0 0.808 0.691 0.036 0.042
0 0.798 0.728 0.032 0.052
0 0.748 0.751 0.044 0.042
0 0.715 0.807 0.066 0.05
0 0.778 0.844 0.036 0.04
0 0.749 0.861 0.034 0.054
0 0.703 0.868 0.042 0.052
0 0.833 0.796 0.042 0.048
0 0.675 0.694 0.034 0.044
0 0.743 0.65 0.034 0.036
0 0.737 0.621 0.05 0.05
0 0.723 0.672 0.038 0.056
0 0.683 0.569 0.042 0.058
0 0.635 0.559 0.034 0.05
0 0.751 0.535 0.03 0.038
0 0.605 0.516 0.042 0.056
0 0.667 0.511 0.054 0.042
0 0.564 0.431 0.048 0.054
0 0.518 0.449 0.04 0.058
0 0.494 0.485 0.052 0.042
0 0.79 0.608 0.036 0.052
0 0.808 0.51 0.04 0.044
0 0.868 0.448 0.032 0.04
0 0.885 0.493 0.05 0.058
0 0.933 0.461 0.034 0.062
0 0.963 0.389 0.046 0.058
0 0.86 0.564 0.032 0.04
0 0.906 0.568 0.04 0.044
0 0.944 0.534 0.032 0.04
0 0.979 0.516 0.038 0.06
0 0.987 0.621 0.022 0.038
0 0.953 0.983 0.042 0.03
1 0.463 0.113 0.03 0.018
1 0.078 0.756 0.016 0.036
1 0.648 0.17 0.044 0.024
1 0.687 0.239 0.018 0.026
1 0.756 0.163 0.032 0.018
1 0.81 0.099 0.02 0.022
1 0.766 0.21 0.024 0.032
1 0.873 0.252 0.018 0.02
1 0.949 0.195 0.034 0.038
1 0.984 0.18 0.028 0.02
1 0.773 0.356 0.03 0.024
1 0.746 0.33 0.06 0.024
1 0.722 0.285 0.016 0.014
1 0.53 0.157 0.032 0.026
1 0.318 0.14 0.02 0.024
1 0.339 0.128 0.026 0.024
1 0.219 0.077 0.026 0.03
1 0.395 0.525 0.018 0.054
1 0.19 0.301 0.012 0.03
1 0.212 0.362 0.016 0.02
1 0.177 0.367 0.014 0.022
1 0.159 0.361 0.014 0.022
1 0.051 0.309 0.03 0.03
1 0.113 0.269 0.034 0.018
1 0.204 0.209 0.02 0.026
1 0.08 0.093 0.032 0.03
1 0.256 0.509 0.02 0.014
1 0.279 0.508 0.014 0.016
1 0.317 0.513 0.026 0.026
1 0.345 0.586 0.022 0.02
1 0.261 0.685 0.018 0.022
1 0.539 0.76 0.026 0.016
1 0.531 0.81 0.026 0.016
1 0.563 0.696 0.018 0.02
1 0.606 0.84 0.02 0.02
1 0.653 0.826 0.034 0.032
1 0.601 0.88 0.022 0.024
1 0.602 0.909 0.024 0.022
1 0.845 0.741 0.034 0.018
1 0.84 0.701 0.032 0.022
1 0.527 0.512 0.018 0.02
1 0.598 0.381 0.036 0.022
1 0.765 0.482 0.03 0.032
1 0.8 0.558 0.024 0.02
1 0.979 0.416 0.018 0.028
1 0.993 0.412 0.01 0.044
1 0.991 0.35 0.014 0.028
1 0.804 0.41 0.032 0.02
1 0.95 0.569 0.024 0.022
1 0.98 0.906 0.02 0.036
1 0.161 0.682 0.014 0.024
1 0.142 0.848 0.024 0.024
1 0.141 0.884 0.022 0.028
1 0.169 0.96 0.022 0.024
1 0.141 0.965 0.026 0.038
1 0.022 0.894 0.024 0.02
1 0.004 0.827 0.008 0.03
1 0.004 0.954 0.008 0.028
2 0.779 0.124 0.03 0.064
2 0.961 0.163 0.042 0.03
2 0.957 0.329 0.034 0.046
2 0.476 0.204 0.032 0.052
2 0.567 0.114 0.034 0.044
2 0.638 0.094 0.032 0.044
2 0.36 0.103 0.04 0.042
2 0.309 0.683 0.022 0.042
2 0.544 0.611 0.028 0.038
2 0.99 0.573 0.016 0.046
2 0.993 0.707 0.01 0.05
2 0.752 0.692 0.032 0.044
2 0.923 0.934 0.042 0.036
2 0.869 0.947 0.026 0.03
2 0.46 0.782 0.04 0.04
2 0.426 0.838 0.032 0.036
2 0.695 0.532 0.022 0.04
2 0.551 0.284 0.026 0.036
2 0.287 0.458 0.03 0.044
2 0.03 0.497 0.036 0.042
2 0.123 0.584 0.03 0.028
2 0.204 0.726 0.036 0.024
2 0.189 0.63 0.034 0.044
2 0.27 0.79 0.024 0.032
2 0.114 0.987 0.028 0.022
2 0.047 0.977 0.038 0.042
2 0.036 0.091 0.032 0.05
2 0.114 0.299 0.024 0.042
2 0.09 0.315 0.02 0.038
2 0.16 0.287 0.024 0.03