0 0.021 0.899 0.042 0.082
0 0.094 0.977 0.036 0.042
0 0.157 0.984 0.042 0.028
0 0.204 0.976 0.04 0.044
0 0.284 0.955 0.048 0.062
0 0.354 0.988 0.04 0.02
0 0.394 0.988 0.028 0.02
0 0.384 0.97 0.044 0.052
0 0.36 0.955 0.036 0.046
0 0.436 0.947 0.052 0.066
0 0.53 0.977 0.048 0.042
0 0.567 0.977 0.046 0.042
0 0.637 0.973 0.046 0.05
0 0.649 0.945 0.038 0.066
0 0.685 0.945 0.05 0.062
0 0.707 0.928 0.042 0.064
0 0.741 0.954 0.042 0.076
0 0.797 0.971 0.058 0.054
0 0.806 0.942 0.04 0.048
0 0.828 0.985 0.052 0.026
0 0.878 0.981 0.052 0.034
0 0.866 0.958 0.052 0.056
0 0.926 0.952 0.036 0.056
0 0.967 0.992 0.042 0.012
0 0.957 0.965 0.042 0.054
0 0.917 0.894 0.05 0.056
0 0.984 0.899 0.028 0.062
0 0.976 0.945 0.028 0.042
0 0.969 0.917 0.05 0.042
0 0.128 0.86 0.048 0.056
0 0.085 0.835 0.058 0.078
0 0.068 0.758 0.044 0.052
0 0.03 0.705 0.06 0.07
0 0.064 0.692 0.04 0.044
0 0.052 0.674 0.024 0.036
0 0.134 0.785 0.032 0.054
0 0.105 0.778 0.046 0.06
0 0.236 0.827 0.048 0.062
0 0.322 0.87 0.048 0.064
0 0.285 0.863 0.062 0.094
0 0.173 0.658 0.046 0.048
0 0.144 0.639 0.048 0.05
0 0.194 0.71 0.052 0.048
0 0.205 0.748 0.05 0.032
0 0.388 0.85 0.04 0.052
0 0.466 0.865 0.056 0.082
0 0.364 0.784 0.04 0.072
0 0.414 0.808 0.036 0.056
0 0.518 0.916 0.052 0.064
0 0.595 0.888 0.042 0.076
0 0.71 0.863 0.044 0.078
0 0.776 0.902 0.052 0.068
0 0.761 0.855 0.05 0.038
0 0.933 0.789 0.05 0.054
0 0.947 0.764 0.038 0.032
0 0.991 0.719 0.014 0.054
0 0.966 0.682 0.044 0.068
0 0.91 0.693 0.036 0.054
0 0.869 0.773 0.042 0.058
0 0.839 0.759 0.03 0.05
0 0.817 0.789 0.034 0.058
0 0.8 0.77 0.036 0.036
0 0.76 0.768 0.064 0.076
0 0.78 0.729 0.06 0.062
0 0.677 0.75 0.038 0.036
0 0.675 0.723 0.038 0.054
0 0.634 0.785 0.032 0.054
0 0.682 0.794 0.044 0.056
0 0.673 0.765 0.042 0.042
0 0.646 0.77 0.032 0.06
0 0.568 0.736 0.04 0.056
0 0.526 0.78 0.036 0.036
0 0.013 0.601 0.026 0.062
0 0.048 0.59 0.04 0.076
0 0.102 0.581 0.048 0.058
0 0.09 0.537 0.036 0.05
0 0.12 0.562 0.028 0.036
0 0.141 0.518 0.042 0.048
0 0.193 0.565 0.046 0.05
0 0.206 0.629 0.048 0.05
0 0.219 0.598 0.062 0.072
0 0.286 0.699 0.044 0.062
0 0.338 0.723 0.056 0.062
0 0.328 0.65 0.044 0.052
0 0.286 0.58 0.036 0.048
0 0.457 0.73 0.034 0.052
0 0.42 0.716 0.052 0.072
0 0.53 0.74 0.024 0.032
0 0.543 0.747 0.022 0.034
0 0.476 0.683 0.048 0.054
0 0.44 0.656 0.048 0.076
0 0.31 0.505 0.036 0.05
0 0.344 0.526 0.032 0.072
0 0.37 0.535 0.032 0.046
0 0.366 0.633 0.052 0.066
0 0.354 0.591 0.04 0.042
0 0.423 0.589 0.034 0.05
0 0.395 0.597 0.046 0.058
0 0.493 0.602 0.05 0.056
0 0.524 0.649 0.048 0.054
0 0.556 0.667 0.036 0.046
0 0.603 0.661 0.042 0.046
0 0.58 0.625 0.044 0.058
0 0.63 0.646 0.056 0.028
0 0.507 0.557 0.042 0.046
0 0.534 0.582 0.044 0.048
0 0.513 0.515 0.034 0.042
0 0.581 0.565 0.034 0.05
0 0.616 0.588 0.032 0.048
0 0.648 0.59 0.04 0.052
0 0.672 0.562 0.044 0.048
0 0.572 0.486 0.04 0.044
0 0.607 0.491 0.038 0.042
0 0.665 0.513 0.038 0.038
0 0.684 0.499 0.04 0.046
0 0.699 0.559 0.03 0.05
0 0.706 0.526 0.04 0.044
0 0.74 0.642 0.044 0.06
0 0.798 0.62 0.064 0.068
0 0.762 0.577 0.04 0.05
0 0.812 0.559 0.056 0.05
0 0.834 0.611 0.048 0.058
0 0.91 0.581 0.04 0.054
0 0.897 0.546 0.05 0.04
0 0.96 0.52 0.044 0.036
0 0.975 0.496 0.038 0.048
0 0.958 0.47 0.04 0.04
0 0.987 0.454 0.022 0.036
0 0.973 0.426 0.046 0.048
0 0.011 0.381 0.022 0.042
0 0.018 0.441 0.036 0.07
0 0.053 0.41 0.042 0.056
0 0.032 0.365 0.044 0.042
0 0.085 0.459 0.034 0.046
0 0.111 0.406 0.03 0.036
0 0.231 0.478 0.042 0.052
0 0.154 0.39 0.036 0.04
0 0.22 0.403 0.044 0.054
0 0.181 0.368 0.05 0.044
0 0.161 0.333 0.038 0.038
0 0.279 0.392 0.038 0.036
0 0.233 0.343 0.042 0.054
0 0.201 0.324 0.034 0.044
0 0.191 0.292 0.05 0.044
0 0.404 0.466 0.036 0.048
0 0.307 0.421 0.03 0.026
0 0.363 0.456 0.046 0.048
0 0.342 0.431 0.04 0.046
0 0.311 0.357 0.046 0.046
0 0.339 0.377 0.03 0.03
0 0.341 0.394 0.03 0.024
0 0.368 0.354 0.036 0.048
0 0.477 0.449 0.042 0.046
0 0.572 0.447 0.036 0.038
0 0.544 0.438 0.04 0.036
0 0.539 0.427 0.026 0.026
0 0.533 0.409 0.03 0.03
0 0.643 0.451 0.046 0.054
0 0.745 0.473 0.038 0.058
0 0.795 0.477 0.042 0.034
0 0.774 0.43 0.052 0.044
0 0.991 0.367 0.014 0.034
0 0.939 0.36 0.046 0.036
0 0.884 0.384 0.032 0.024
0 0.863 0.4 0.038 0.048
0 0.83 0.369 0.04 0.042
0 0.785 0.359 0.034 0.046
0 0.018 0.3 0.036 0.048
0 0.044 0.257 0.048 0.054
0 0.074 0.291 0.04 0.05
0 0.082 0.047 0.052 0.066
0 0.1 0.323 0.04 0.042
0 0.087 0.336 0.022 0.024
0 0.049 0.223 0.034 0.038
0 0.055 0.164 0.034 0.04
0 0.076 0.192 0.04 0.056
0 0.136 0.219 0.048 0.058
0 0.135 0.056 0.05 0.048
0 0.137 0.095 0.042 0.038
0 0.121 0.094 0.038 0.048
0 0.127 0.156 0.046 0.056
0 0.196 0.245 0.048 0.03
0 0.203 0.097 0.058 0.066
0 0.192 0.054 0.052 0.04
0 0.185 0.024 0.054 0.04
0 0.258 0.244 0.052 0.068
0 0.235 0.173 0.058 0.054
0 0.282 0.02 0.044 0.036
0 0.277 0.208 0.038 0.052
0 0.331 0.285 0.042 0.054
0 0.353 0.309 0.038 0.046
0 0.309 0.28 0.03 0.036
0 0.484 0.354 0.032 0.04
0 0.507 0.357 0.046 0.066
0 0.463 0.326 0.05 0.056
0 0.421 0.317 0.042 0.066
0 0.38 0.264 0.036 0.048
0 0.34 0.181 0.04 0.046
0 0.345 0.117 0.066 0.05
0 0.363 0.161 0.05 0.062
0 0.411 0.202 0.046 0.056
0 0.442 0.217 0.032 0.042
0 0.465 0.211 0.042 0.074
0 0.495 0.263 0.046 0.07
0 0.439 0.029 0.054 0.054
0 0.433 0.102 0.07 0.084
0 0.701 0.359 0.038 0.03
0 0.713 0.339 0.042 0.042
0 0.641 0.324 0.046 0.048
0 0.625 0.292 0.042 0.044
0 0.581 0.238 0.058 0.068
0 0.583 0.189 0.054 0.038
0 0.486 0.148 0.036 0.048
0 0.515 0.117 0.054 0.05
0 0.582 0.104 0.048 0.056
0 0.551 0.068 0.042 0.044
0 0.629 0.165 0.046 0.058
0 0.594 0.018 0.048 0.032
0 0.676 0.036 0.044 0.036
0 0.747 0.303 0.034 0.038
0 0.708 0.186 0.052 0.048
0 0.717 0.139 0.05 0.046
0 0.719 0.067 0.05 0.078
0 0.692 0.006 0.024 0.008
0 0.768 0.131 0.044 0.054
0 0.817 0.239 0.042 0.034
0 0.905 0.309 0.042 0.038
0 0.833 0.279 0.042 0.042
0 0.931 0.285 0.042 0.038
0 0.969 0.256 0.042 0.036
0 0.979 0.28 0.038 0.024
0 0.97 0.217 0.052 0.042
0 0.907 0.212 0.034 0.044
0 0.861 0.192 0.042 0.044
0 0.961 0.013 0.03 0.022
0 0.791 0.026 0.058 0.048
0 0.904 0.04 0.048 0.04
0 0.914 0.022 0.06 0.04
0 0.84 0.061 0.056 0.062
0 0.885 0.089 0.042 0.05
0 0.94 0.085 0.056 0.062
1 0.125 0.983 0.022 0.026
1 0.263 0.988 0.03 0.02
1 0.768 0.984 0.028 0.028
1 0.957 0.851 0.034 0.022
1 0.005 0.82 0.01 0.016
1 0.058 0.837 0.016 0.026
1 0.084 0.804 0.02 0.024
1 0.061 0.805 0.026 0.022
1 0.142 0.677 0.04 0.022
1 0.529 0.863 0.026 0.022
1 0.619 0.849 0.022 0.038
1 0.636 0.835 0.032 0.026
1 0.644 0.873 0.024 0.022
1 0.47 0.51 0.02 0.016
1 0.613 0.562 0.018 0.016
1 0.891 0.52 0.03 0.02
1 0.03 0.415 0.028 0.018
1 0.044 0.43 0.024 0.032
1 0.161 0.47 0.026 0.02
1 0.435 0.467 0.022 0.026
1 0.392 0.38 0.016 0.024
1 0.072 0.233 0.024 0.018
1 0.16 0.172 0.02 0.024
1 0.195 0.219 0.034 0.018
1 0.208 0.262 0.032 0.02
1 0.238 0.077 0.012 0.018
1 0.23 0.005 0.028 0.006
1 0.34 0.018 0.02 0.032
1 0.356 0.051 0.024 0.026
1 0.522 0.291 0.016 0.018
1 0.546 0.266 0.028 0.028
1 0.751 0.384 0.022 0.024
1 0.534 0.168 0.02 0.052
1 0.498 0.059 0.024 0.022
1 0.515 0.049 0.022 0.022
1 0.816 0.308 0.024 0.028
1 0.845 0.141 0.026 0.022
1 0.851 0.097 0.038 0.018
1 0.937 0.137 0.03 0.03
1 0.94 0.156 0.032 0.02
1 0.951 0.151 0.006 0.014
1 0.959 0.154 0.014 0.032
2 0.064 0.905 0.048 0.07
2 0.269 0.997 0.022 0.002
2 0.932 0.986 0.016 0.012
2 0.166 0.914 0.024 0.044
2 0.179 0.877 0.014 0.014
2 0.153 0.817 0.03 0.038
2 0.047 0.773 0.018 0.018
2 0.079 0.735 0.034 0.034
2 0.039 0.645 0.018 0.03
2 0.009 0.644 0.018 0.032
2 0.198 0.803 0.04 0.066
2 0.351 0.894 0.054 0.08
2 0.266 0.904 0.06 0.032
2 0.305 0.8 0.042 0.024
2 0.392 0.787 0.032 0.062
2 0.578 0.937 0.028 0.038
2 0.557 0.819 0.034 0.038
2 0.835 0.876 0.022 0.028
2 0.879 0.826 0.022 0.024
2 0.876 0.846 0.04 0.02
2 0.816 0.871 0.016 0.026
2 0.823 0.851 0.026 0.022
2 0.979 0.806 0.014 0.012
2 0.771 0.694 0.022 0.012
2 0.075 0.61 0.038 0.052
2 0.16 0.551 0.04 0.058
2 0.225 0.549 0.018 0.018
2 0.233 0.566 0.022 0.016
2 0.32 0.68 0.028 0.024
2 0.347 0.682 0.046 0.036
2 0.316 0.613 0.02 0.022
2 0.266 0.625 0.04 0.05
2 0.272 0.597 0.028 0.022
2 0.397 0.733 0.03 0.026
2 0.503 0.752 0.03 0.052
2 0.487 0.719 0.034 0.018
2 0.287 0.537 0.05 0.058
2 0.613 0.694 0.01 0.012
2 0.436 0.528 0.04 0.056
2 0.47 0.541 0.04 0.026
2 0.741 0.522 0.022 0.02
2 0.748 0.549 0.036 0.026
2 0.779 0.536 0.022 0.028
2 0.882 0.575 0.02 0.022
2 0.857 0.57 0.034 0.04
2 0.115 0.464 0.01 0.008
2 0.247 0.456 0.01 0.008
2 0.275 0.483 0.01 0.014
2 0.168 0.429 0.032 0.018
2 0.17 0.409 0.024 0.03
2 0.335 0.341 0.034 0.026
2 0.305 0.389 0.038 0.05
2 0.409 0.423 0.038 0.038
2 0.418 0.366 0.02 0.016
2 0.413 0.382 0.022 0.016
2 0.411 0.395 0.03 0.018
2 0.399 0.369 0.018 0.01
2 0.39 0.364 0.012 0.02
2 0.905 0.42 0.038 0.052
2 0.829 0.333 0.03 0.03
2 0.025 0.327 0.034 0.03
2 0.105 0.294 0.026 0.032
2 0.083 0.26 0.026 0.024
2 0.128 0.337 0.032 0.034
2 0.084 0.121 0.056 0.074
2 0.112 0.008 0.028 0.012
2 0.164 0.24 0.024 0.032
2 0.262 0.025 0.024 0.022
2 0.39 0.31 0.024 0.028
2 0.398 0.28 0.032 0.032
2 0.409 0.227 0.01 0.01
2 0.756 0.368 0.028 0.024
2 0.719 0.369 0.034 0.05
2 0.651 0.286 0.014 0.012
2 0.527 0.202 0.05 0.064
2 0.573 0.154 0.026 0.036
2 0.551 0.132 0.034 0.044
2 0.669 0.089 0.046 0.05
2 0.638 0.104 0.02 0.024
2 0.7 0.209 0.036 0.046
2 0.751 0.177 0.022 0.022
2 0.733 0.12 0.01 0.012
2 0.779 0.151 0.05 0.038
2 0.984 0.249 0.028 0.05
2 0.943 0.193 0.046 0.038
2 0.909 0.238 0.05 0.028
2 0.988 0.138 0.02 0.048
2 0.855 0.111 0.022 0.014