0 0.649 0.633 0.058 0.074
0 0.875 0.645 0.046 0.058
0 0.787 0.751 0.058 0.046
0 0.935 0.846 0.054 0.048
0 0.981 0.897 0.034 0.062
0 0.979 0.981 0.038 0.038
0 0.87 0.836 0.044 0.052
0 0.952 0.768 0.048 0.048
0 0.838 0.818 0.044 0.06
0 0.782 0.826 0.048 0.044
0 0.66 0.732 0.06 0.072
0 0.732 0.946 0.044 0.032
0 0.671 0.911 0.058 0.054
0 0.655 0.944 0.042 0.04
0 0.619 0.972 0.042 0.036
0 0.692 0.991 0.04 0.014
0 0.727 0.92 0.042 0.04
0 0.784 0.656 0.048 0.056
0 0.771 0.707 0.058 0.054
0 0.778 0.585 0.02 0.026
0 0.818 0.547 0.032 0.054
0 0.902 0.534 0.04 0.048
0 0.55 0.81 0.056 0.06
0 0.525 0.753 0.058 0.086
0 0.489 0.71 0.046 0.064
0 0.435 0.727 0.054 0.066
0 0.53 0.525 0.06 0.05
0 0.763 0.28 0.078 0.08
0 0.744 0.349 0.068 0.05
0 0.659 0.317 0.026 0.026
0 0.556 0.282 0.048 0.06
0 0.49 0.261 0.044 0.042
0 0.55 0.233 0.052 0.042
0 0.373 0.889 0.042 0.05
0 0.336 0.922 0.044 0.052
0 0.407 0.977 0.034 0.042
0 0.495 0.96 0.046 0.032
0 0.428 0.909 0.044 0.054
0 0.349 0.858 0.038 0.04
0 0.36 0.824 0.036 0.044
0 0.341 0.804 0.05 0.052
0 0.292 0.774 0.04 0.052
0 0.296 0.834 0.044 0.044
0 0.272 0.893 0.044 0.038
0 0.207 0.869 0.034 0.042
0 0.072 0.916 0.044 0.044
0 0.049 0.809 0.046 0.042
0 0.009 0.758 0.014 0.052
0 0.026 0.722 0.048 0.06
0 0.196 0.583 0.048 0.05
0 0.162 0.6 0.036 0.04
0 0.139 0.548 0.046 0.068
0 0.097 0.548 0.046 0.06
0 0.206 0.485 0.036 0.042
0 0.194 0.454 0.056 0.048
0 0.17 0.422 0.056 0.048
0 0.161 0.352 0.066 0.108
0 0.091 0.419 0.05 0.05
0 0.365 0.639 0.046 0.054
0 0.453 0.668 0.058 0.052
0 0.525 0.653 0.046 0.05
0 0.446 0.55 0.036 0.052
0 0.38 0.512 0.068 0.068
0 0.334 0.499 0.036 0.058
0 0.258 0.321 0.044 0.058
0 0.376 0.347 0.048 0.058
0 0.357 0.29 0.046 0.04
0 0.286 0.206 0.044 0.052
0 0.247 0.19 0.05 0.048
0 0.291 0.123 0.038 0.054
0 0.207 0.133 0.058 0.074
0 0.177 0.172 0.046 0.032
0 0.17 0.142 0.028 0.028
0 0.149 0.16 0.03 0.044
0 0.021 0.049 0.038 0.042
0 0.063 0.088 0.05 0.06
0 0.758 0.097 0.048 0.074
0 0.79 0.043 0.08 0.07
0 0.867 0.23 0.05 0.052
0 0.85 0.314 0.044 0.048
0 0.982 0.222 0.032 0.044
0 0.964 0.151 0.068 0.094
0 0.734 0.098 0.052 0.068
0 0.678 0.201 0.072 0.066
0 0.648 0.092 0.052 0.036
0 0.845 0.396 0.05 0.056
0 0.936 0.406 0.036 0.052
0 0.981 0.422 0.034 0.032
0 0.973 0.39 0.042 0.036
0 0.964 0.508 0.036 0.052
0 0.974 0.688 0.048 0.064
0 0.929 0.738 0.046 0.032
0 0.933 0.701 0.034 0.046
0 0.89 0.986 0.04 0.024
0 0.785 0.525 0.054 0.082
0 0.734 0.48 0.036 0.056
0 0.802 0.464 0.024 0.024
0 0.785 0.478 0.022 0.024
0 0.671 0.559 0.038 0.046
0 0.575 0.557 0.05 0.05
0 0.618 0.805 0.048 0.034
0 0.597 0.83 0.05 0.052
0 0.59 0.895 0.036 0.034
0 0.552 0.912 0.032 0.032
0 0.515 0.915 0.042 0.05
0 0.553 0.893 0.03 0.018
0 0.338 0.988 0.032 0.02
0 0.214 0.986 0.028 0.024
0 0.206 0.94 0.028 0.036
0 0.168 0.961 0.032 0.03
0 0.159 0.934 0.026 0.036
0 0.143 0.882 0.03 0.032
0 0.29 0.864 0.028 0.024
0 0.266 0.841 0.036 0.046
0 0.238 0.82 0.048 0.036
0 0.231 0.791 0.022 0.022
0 0.297 0.7 0.05 0.048
0 0.231 0.681 0.046 0.034
0 0.177 0.65 0.046 0.032
0 0.201 0.635 0.022 0.022
0 0.037 0.579 0.042 0.058
0 0.04 0.372 0.04 0.028
0 0.118 0.264 0.092 0.052
0 0.124 0.199 0.04 0.038
0 0.192 0.044 0.036 0.028
0 0.422 0.023 0.048 0.042
0 0.38 0.094 0.052 0.064
0 0.437 0.146 0.054 0.048
0 0.404 0.225 0.04 0.038
0 0.316 0.242 0.032 0.052
0 0.342 0.245 0.032 0.042
0 0.491 0.208 0.034 0.036
0 0.609 0.147 0.042 0.038
0 0.57 0.017 0.048 0.03
0 0.951 0.102 0.042 0.04
0 0.872 0.36 0.06 0.056
0 0.86 0.274 0.032 0.036
0 0.718 0.152 0.052 0.032
0 0.992 0.079 0.012 0.034
0 0.992 0.042 0.012 0.036
0 0.989 0.013 0.018 0.022
0 0.944 0.034 0.024 0.044
0 0.566 0.407 0.052 0.05
0 0.523 0.454 0.042 0.044
0 0.49 0.471 0.02 0.018
0 0.606 0.296 0.016 0.036
0 0.649 0.354 0.034 0.028
0 0.252 0.35 0.02 0.028
0 0.155 0.196 0.022 0.02
0 0.064 0.36 0.028 0.028
0 0.167 0.736 0.022 0.028
0 0.163 0.798 0.046 0.036
0 0.129 0.778 0.034 0.044
0 0.137 0.832 0.058 0.044
0 0.074 0.984 0.028 0.028
0 0.048 0.991 0.032 0.014
0 0.277 0.983 0.05 0.03
0 0.569 0.967 0.038 0.058
0 0.543 0.972 0.038 0.04
0 0.725 0.766 0.026 0.02
0 0.752 0.608 0.028 0.032
0 0.989 0.596 0.018 0.044
0 0.559 0.757 0.026 0.022
0 0.429 0.789 0.046 0.05
0 0.48 0.924 0.024 0.032
0 0.461 0.876 0.018 0.024
0 0.757 0.909 0.018 0.026
0 0.97 0.964 0.032 0.036
0 0.844 0.491 0.016 0.03
0 0.763 0.449 0.018 0.022
0 0.646 0.251 0.036 0.034
0 0.605 0.189 0.022 0.042
0 0.591 0.168 0.022 0.02
0 0.642 0.032 0.016 0.028
0 0.828 0.01 0.04 0.016
0 0.419 0.603 0.026 0.034
0 0.404 0.469 0.052 0.046
0 0.425 0.308 0.034 0.048
0 0.233 0.256 0.042 0.028
0 0.155 0.23 0.03 0.032
0 0.138 0.121 0.02 0.03
0 0.326 0.077 0.024 0.034
0 0.282 0.076 0.024 0.024
0 0.166 0.019 0.06 0.034
0 0.234 0.018 0.024 0.02
0 0.441 0.222 0.022 0.032
0 0.656 0.837 0.04 0.054
0 0.721 0.712 0.054 0.056
0 0.74 0.962 0.048 0.036
0 0.391 0.989 0.03 0.018
0 0.377 0.975 0.018 0.026
0 0.318 0.945 0.032 0.05
0 0.232 0.913 0.028 0.022
0 0.187 0.906 0.026 0.024
0 0.124 0.894 0.016 0.024
0 0.189 0.992 0.014 0.012
0 0.1 0.831 0.024 0.034
0 0.258 0.67 0.024 0.024
0 0.254 0.622 0.036 0.024
0 0.181 0.715 0.038 0.026
0 0.02 0.505 0.036 0.026
0 0.015 0.451 0.026 0.042
0 0.097 0.39 0.03 0.02
0 0.021 0.203 0.034 0.026
0 0.08 0.019 0.052 0.034
0 0.043 0.017 0.054 0.03
0 0.32 0.042 0.032 0.036
0 0.395 0.417 0.03 0.018
0 0.304 0.51 0.036 0.052
0 0.869 0.586 0.038 0.028
0 0.738 0.655 0.056 0.066
0 0.588 0.095 0.028 0.046
0 0.124 0.063 0.04 0.026
0 0.038 0.625 0.04 0.026
0 0.047 0.604 0.026 0.016
0 0.49 0.387 0.024 0.042
0 0.515 0.389 0.026 0.03
0 0.567 0.603 0.026 0.018
0 0.523 0.218 0.034 0.032
0 0.499 0.235 0.034 0.026
0 0.486 0.287 0.032 0.034
0 0.715 0.432 0.03 0.02
0 0.78 0.385 0.048 0.042
0 0.504 0.443 0.024 0.03
0 0.056 0.546 0.02 0.024
0 0.074 0.571 0.028 0.054
0 0.402 0.193 0.048 0.038
0 0.359 0.206 0.03 0.024
0 0.381 0.23 0.03 0.036
0 0.14 0.053 0.048 0.046
0 0.737 0.546 0.062 0.068
0 0.638 0.05 0.044 0.04
1 0.614 0.476 0.036 0.012
1 0.506 0.591 0.016 0.038
1 0.976 0.342 0.016 0.032
1 0.478 0.984 0.016 0.024
1 0.443 0.872 0.018 0.032
1 0.325 0.741 0.034 0.026
1 0.064 0.155 0.02 0.026
1 0.192 0.065 0.036 0.018
1 0.943 0.338 0.026 0.02
1 0.894 0.319 0.028 0.022
1 0.852 0.083 0.02 0.038
1 0.865 0.151 0.022 0.014
1 0.817 0.157 0.014 0.018
1 0.421 0.448 0.046 0.028
1 0.462 0.456 0.02 0.024
1 0.484 0.452 0.016 0.012
1 0.179 0.219 0.022 0.022
1 0.015 0.215 0.022 0.018
1 0.092 0.342 0.012 0.036
1 0.125 0.939 0.018 0.022
1 0.728 0.747 0.02 0.022
1 0.966 0.57 0.02 0.012
1 0.954 0.564 0.02 0.016
1 0.83 0.642 0.016 0.02
1 0.424 0.835 0.008 0.014
1 0.697 0.483 0.006 0.026
1 0.819 0.42 0.03 0.016
1 0.547 0.168 0.018 0.02
1 0.517 0.124 0.018 0.028
1 0.664 0.043 0.02 0.034
1 0.177 0.091 0.018 0.034
1 0.1 0.04 0.024 0.036
1 0.72 0.626 0.02 0.02
1 0.587 0.604 0.018 0.036
1 0.384 0.688 0.02 0.04
1 0.3 0.609 0.028 0.022
1 0.056 0.73 0.024 0.016
1 0.028 0.18 0.02 0.02
1 0.413 0.135 0.022 0.022
1 0.489 0.345 0.026 0.018
1 0.411 0.692 0.034 0.024
1 0.675 0.464 0.014 0.012
1 0.663 0.459 0.018 0.01
1 0.903 0.128 0.018 0.016
1 0.921 0.191 0.014 0.022
1 0.939 0.14 0.014 0.016
1 0.995 0.181 0.006 0.014
1 0.716 0.605 0.02 0.018
1 0.481 0.671 0.006 0.014
1 0.492 0.666 0.012 0.016
1 0.897 0.07 0.01 0.032
1 0.623 0.215 0.018 0.018
1 0.453 0.309 0.01 0.026
1 0.455 0.271 0.01 0.01
1 0.304 0.275 0.008 0.014
1 0.3 0.165 0.016 0.018
1 0.118 0.69 0.012 0.016
1 0.271 0.025 0.006 0.01
1 0.899 0.849 0.018 0.026
2 0.06 0.786 0.02 0.012
2 0.302 0.98 0.04 0.036
2 0.482 0.875 0.024 0.038
2 0.465 0.902 0.01 0.012
2 0.609 0.942 0.014 0.024
2 0.817 0.963 0.066 0.07
2 0.915 0.955 0.018 0.034
2 0.858 0.887 0.028 0.034
2 0.995 0.941 0.006 0.026
2 0.884 0.716 0.024 0.016
2 0.958 0.728 0.016 0.024
2 0.997 0.65 0.002 0.032
2 0.993 0.515 0.01 0.022
2 0.903 0.485 0.01 0.018
2 0.715 0.008 0.03 0.012
2 0.91 0.005 0.024 0.006
2 0.248 0.026 0.024 0.048
2 0.214 0.024 0.024 0.044
2 0.885 0.569 0.034 0.038
2 0.861 0.477 0.018 0.018
2 0.442 0.993 0.04 0.01
2 0.268 0.914 0.02 0.02
2 0.236 0.947 0.016 0.022
2 0.186 0.958 0.016 0.036
2 0.124 0.992 0.044 0.012
2 0.119 0.646 0.018 0.04
2 0.174 0.685 0.008 0.014
2 0.588 0.767 0.012 0.018
2 0.259 0.694 0.022 0.024
2 0.791 0.151 0.022 0.026
2 0.776 0.156 0.008 0.016
2 0.916 0.034 0.032 0.032
2 0.704 0.241 0.008 0.014
2 0.695 0.249 0.014 0.018
2 0.653 0.392 0.018 0.016
2 0.863 0.461 0.01 0.01
2 0.839 0.446 0.01 0.008
2 0.551 0.12 0.018 0.016
2 0.531 0.113 0.006 0.01
2 0.162 0.748 0.016 0.012
2 0.191 0.276 0.006 0.008
2 0.072 0.264 0.012 0.008
2 0.92 0.058 0.012 0.02
2 0.976 0.19 0.016 0.032
0 0.98 0.981 0.036 0.034
0 0.97 0.964 0.032 0.036
0 0.983 0.896 0.03 0.064
0 0.892 0.987 0.036 0.022
0 0.936 0.847 0.048 0.046
0 0.953 0.769 0.046 0.042
0 0.93 0.737 0.044 0.03
0 0.933 0.701 0.026 0.038
0 0.974 0.689 0.048 0.054
0 0.963 0.509 0.034 0.046
0 0.902 0.536 0.04 0.04
0 0.981 0.42 0.034 0.036
0 0.971 0.393 0.042 0.034
0 0.936 0.408 0.028 0.04
0 0.895 0.32 0.026 0.024
0 0.983 0.218 0.03 0.036
0 0.969 0.15 0.058 0.084
0 0.953 0.104 0.034 0.032
0 0.993 0.045 0.01 0.042
0 0.988 0.012 0.02 0.02
0 0.912 0.006 0.024 0.008
0 0.828 0.011 0.04 0.018
0 0.789 0.042 0.074 0.056
0 0.759 0.113 0.042 0.042
0 0.735 0.096 0.042 0.06
0 0.647 0.09 0.042 0.032
0 0.773 0.082 0.014 0.028
0 0.574 0.008 0.032 0.012
0 0.418 0.024 0.032 0.036
0 0.384 0.095 0.04 0.046
0 0.291 0.126 0.034 0.044
0 0.436 0.15 0.052 0.044
0 0.608 0.145 0.04 0.034
0 0.02 0.049 0.036 0.038
0 0.081 0.018 0.05 0.032
0 0.045 0.015 0.042 0.026
0 0.167 0.01 0.042 0.016
0 0.152 0.02 0.024 0.032
0 0.193 0.044 0.034 0.024
0 0.14 0.057 0.04 0.042
0 0.204 0.133 0.052 0.07
0 0.17 0.145 0.024 0.026
0 0.15 0.16 0.028 0.04
0 0.177 0.172 0.038 0.032
0 0.123 0.199 0.038 0.03
0 0.133 0.266 0.062 0.04
0 0.247 0.19 0.046 0.048
0 0.285 0.202 0.042 0.04
0 0.314 0.239 0.028 0.054
0 0.34 0.242 0.028 0.036
0 0.405 0.223 0.038 0.038
0 0.494 0.207 0.028 0.03
0 0.489 0.262 0.042 0.04
0 0.549 0.235 0.05 0.038
0 0.555 0.285 0.046 0.05
0 0.869 0.229 0.046 0.046
0 0.861 0.274 0.026 0.032
0 0.851 0.314 0.038 0.048
0 0.873 0.354 0.038 0.036
0 0.846 0.395 0.044 0.046
0 0.855 0.368 0.014 0.02
0 0.818 0.549 0.024 0.046
0 0.776 0.586 0.016 0.024
0 0.776 0.664 0.032 0.04
0 0.875 0.644 0.042 0.052
0 0.872 0.834 0.04 0.044
0 0.836 0.817 0.04 0.054
0 0.783 0.825 0.046 0.042
0 0.734 0.952 0.04 0.04
0 0.729 0.919 0.034 0.034
0 0.672 0.906 0.052 0.032
0 0.667 0.926 0.038 0.02
0 0.652 0.944 0.028 0.032
0 0.617 0.974 0.034 0.028
0 0.571 0.979 0.026 0.03
0 0.543 0.977 0.026 0.03
0 0.563 0.955 0.034 0.026
0 0.494 0.96 0.04 0.032
0 0.441 0.996 0.038 0.004
0 0.407 0.977 0.034 0.042
0 0.388 0.99 0.024 0.016
0 0.337 0.989 0.034 0.018
0 0.264 0.993 0.028 0.01
0 0.218 0.988 0.024 0.02
0 0.052 0.993 0.028 0.01
0 0.074 0.986 0.028 0.024
0 0.169 0.96 0.03 0.028
0 0.208 0.94 0.028 0.036
0 0.159 0.937 0.026 0.034
0 0.125 0.939 0.014 0.018
0 0.072 0.914 0.04 0.044
0 0.142 0.882 0.028 0.024
0 0.209 0.87 0.026 0.036
0 0.277 0.891 0.034 0.03
0 0.336 0.924 0.04 0.048
0 0.321 0.946 0.026 0.032
0 0.553 0.911 0.03 0.03
0 0.517 0.917 0.038 0.038
0 0.591 0.896 0.03 0.032
0 0.428 0.911 0.04 0.046
0 0.461 0.877 0.018 0.026
0 0.787 0.752 0.054 0.048
0 0.769 0.707 0.046 0.05
0 0.661 0.741 0.054 0.054
0 0.623 0.803 0.03 0.026
0 0.597 0.825 0.046 0.054
0 0.551 0.81 0.054 0.056
0 0.525 0.757 0.05 0.074
0 0.37 0.89 0.036 0.04
0 0.351 0.859 0.034 0.038
0 0.339 0.804 0.038 0.048
0 0.297 0.833 0.042 0.042
0 0.288 0.865 0.028 0.022
0 0.265 0.842 0.026 0.044
0 0.236 0.819 0.04 0.03
0 0.298 0.783 0.028 0.022
0 0.289 0.769 0.03 0.03
0 0.137 0.829 0.05 0.038
0 0.164 0.798 0.044 0.032
0 0.047 0.81 0.038 0.032
0 0.128 0.775 0.024 0.038
0 0.01 0.765 0.016 0.042
0 0.026 0.722 0.048 0.056
0 0.298 0.698 0.044 0.044
0 0.231 0.682 0.042 0.032
0 0.178 0.651 0.044 0.026
0 0.196 0.585 0.044 0.046
0 0.165 0.6 0.03 0.036
0 0.042 0.625 0.032 0.026
0 0.048 0.605 0.024 0.014
0 0.037 0.58 0.038 0.048
0 0.073 0.571 0.022 0.046
0 0.098 0.551 0.04 0.054
0 0.139 0.548 0.046 0.068
0 0.013 0.451 0.022 0.042
0 0.089 0.418 0.046 0.04
0 0.163 0.352 0.062 0.1
0 0.17 0.421 0.052 0.042
0 0.195 0.456 0.05 0.044
0 0.206 0.483 0.032 0.034
0 0.257 0.322 0.038 0.056
0 0.719 0.153 0.05 0.03
0 0.681 0.202 0.066 0.064
0 0.641 0.252 0.022 0.028
0 0.656 0.257 0.016 0.022
0 0.763 0.281 0.074 0.082
0 0.745 0.351 0.066 0.046
0 0.737 0.475 0.038 0.05
0 0.786 0.52 0.052 0.064
0 0.673 0.562 0.034 0.04
0 0.648 0.632 0.052 0.068
0 0.574 0.566 0.04 0.032
0 0.532 0.524 0.052 0.048
0 0.446 0.55 0.036 0.048
0 0.366 0.636 0.048 0.044
0 0.489 0.709 0.042 0.062
0 0.433 0.73 0.054 0.056
0 0.524 0.652 0.044 0.044
0 0.47 0.654 0.016 0.02
0 0.443 0.651 0.022 0.014
0 0.44 0.68 0.02 0.012
0 0.729 0.714 0.03 0.044
0 0.734 0.663 0.036 0.038
0 0.565 0.407 0.042 0.042
0 0.521 0.455 0.038 0.042
0 0.489 0.472 0.018 0.016
0 0.334 0.498 0.032 0.056
0 0.374 0.513 0.06 0.066
0 0.372 0.348 0.044 0.044
0 0.358 0.292 0.044 0.04
1 0.997 0.935 0.002 0.026
1 0.913 0.955 0.018 0.026
1 0.959 0.736 0.01 0.008
1 0.955 0.722 0.01 0.012
1 0.996 0.594 0.004 0.04
1 0.965 0.57 0.018 0.012
1 0.954 0.564 0.016 0.016
1 0.994 0.517 0.008 0.022
1 0.976 0.341 0.016 0.026
1 0.942 0.34 0.02 0.02
1 0.994 0.183 0.008 0.01
1 0.92 0.192 0.012 0.02
1 0.868 0.152 0.016 0.016
1 0.817 0.159 0.014 0.014
1 0.994 0.083 0.008 0.026
1 0.943 0.031 0.022 0.026
1 0.852 0.083 0.02 0.03
1 0.664 0.044 0.02 0.032
1 0.643 0.033 0.022 0.022
1 0.437 0.023 0.014 0.022
1 0.364 0.086 0.016 0.024
1 0.324 0.076 0.02 0.028
1 0.282 0.077 0.02 0.022
1 0.521 0.123 0.026 0.026
1 0.546 0.169 0.016 0.018
1 0.59 0.169 0.02 0.018
1 0.605 0.192 0.018 0.032
1 0.099 0.04 0.018 0.036
1 0.193 0.065 0.034 0.018
1 0.178 0.092 0.016 0.032
1 0.124 0.062 0.036 0.016
1 0.07 0.078 0.028 0.032
1 0.049 0.087 0.018 0.018
1 0.14 0.122 0.02 0.028
1 0.064 0.155 0.02 0.026
1 0.031 0.187 0.026 0.026
1 0.015 0.214 0.022 0.016
1 0.157 0.196 0.022 0.016
1 0.179 0.22 0.018 0.02
1 0.156 0.228 0.024 0.024
1 0.441 0.222 0.018 0.024
1 0.605 0.298 0.018 0.036
1 0.893 0.352 0.014 0.02
1 0.821 0.42 0.026 0.016
1 0.845 0.491 0.014 0.026
1 0.859 0.48 0.014 0.008
1 0.904 0.486 0.008 0.016
1 0.758 0.617 0.012 0.014
1 0.748 0.606 0.012 0.016
1 0.716 0.607 0.02 0.014
1 0.72 0.626 0.02 0.016
1 0.829 0.642 0.01 0.016
1 0.789 0.643 0.026 0.022
1 0.885 0.716 0.026 0.02
1 0.832 0.942 0.032 0.032
1 0.81 0.965 0.02 0.018
1 0.798 0.986 0.016 0.024
1 0.691 0.994 0.042 0.008
1 0.76 0.918 0.012 0.012
1 0.757 0.904 0.018 0.016
1 0.66 0.94 0.016 0.012
1 0.609 0.944 0.014 0.02
1 0.477 0.985 0.01 0.018
1 0.293 0.99 0.022 0.016
1 0.287 0.983 0.026 0.03
1 0.187 0.959 0.018 0.034
1 0.124 0.894 0.016 0.02
1 0.188 0.909 0.016 0.018
1 0.268 0.914 0.016 0.016
1 0.309 0.973 0.022 0.022
1 0.481 0.928 0.018 0.028
1 0.553 0.891 0.026 0.014
1 0.464 0.901 0.008 0.014
1 0.478 0.883 0.02 0.022
1 0.443 0.873 0.014 0.026
1 0.861 0.887 0.022 0.022
1 0.725 0.765 0.022 0.018
1 0.726 0.748 0.02 0.02
1 0.557 0.758 0.026 0.02
1 0.358 0.83 0.024 0.028
1 0.365 0.809 0.014 0.014
1 0.424 0.835 0.008 0.01
1 0.23 0.792 0.02 0.02
1 0.323 0.742 0.03 0.024
1 0.105 0.831 0.026 0.038
1 0.061 0.788 0.014 0.008
1 0.17 0.734 0.02 0.028
1 0.056 0.732 0.028 0.02
1 0.175 0.685 0.006 0.014
1 0.258 0.67 0.02 0.02
1 0.2 0.636 0.02 0.016
1 0.254 0.622 0.032 0.02
1 0.301 0.608 0.022 0.024
1 0.057 0.549 0.014 0.022
1 0.019 0.506 0.034 0.028
1 0.043 0.372 0.034 0.02
1 0.062 0.361 0.02 0.022
1 0.092 0.341 0.008 0.03
1 0.097 0.389 0.026 0.018
1 0.253 0.352 0.018 0.02
1 0.272 0.025 0.008 0.01
1 0.249 0.04 0.01 0.012
1 0.234 0.015 0.024 0.014
1 0.223 0.038 0.006 0.012
1 0.656 0.32 0.028 0.02
1 0.646 0.352 0.028 0.024
1 0.764 0.448 0.016 0.02
1 0.803 0.464 0.022 0.02
1 0.784 0.477 0.02 0.018
1 0.698 0.483 0.008 0.026
1 0.704 0.476 0.008 0.012
1 0.668 0.464 0.02 0.02
1 0.615 0.476 0.034 0.012
1 0.588 0.603 0.012 0.034
1 0.504 0.59 0.016 0.036
1 0.583 0.548 0.03 0.024
1 0.418 0.604 0.02 0.028
1 0.481 0.671 0.006 0.01
1 0.456 0.668 0.012 0.012
1 0.413 0.694 0.038 0.024
1 0.384 0.69 0.016 0.032
1 0.887 0.565 0.018 0.034
1 0.753 0.536 0.03 0.044
1 0.753 0.552 0.01 0.012
1 0.748 0.564 0.008 0.008
1 0.463 0.456 0.018 0.02
1 0.487 0.452 0.026 0.012
1 0.425 0.449 0.038 0.022
1 0.393 0.42 0.03 0.012
1 0.49 0.347 0.024 0.018
1 0.455 0.31 0.006 0.02
1 0.305 0.275 0.006 0.01
1 0.456 0.271 0.008 0.01
1 0.118 0.692 0.012 0.012
1 0.921 0.058 0.01 0.012
2 0.955 0.422 0.022 0.024
2 0.022 0.204 0.024 0.024
2 0.235 0.912 0.018 0.016
2 0.9 0.85 0.02 0.024
2 0.657 0.832 0.03 0.036
2 0.182 0.716 0.028 0.024
2 0.256 0.028 0.008 0.016
2 0.254 0.011 0.012 0.018
2 0.212 0.022 0.008 0.012
2 0.212 0.01 0.008 0.016
2 0.41 0.134 0.02 0.016
2 0.565 0.016 0.018 0.028
2 0.589 0.095 0.022 0.034
2 0.549 0.121 0.01 0.014
2 0.79 0.152 0.024 0.02
2 0.764 0.388 0.016 0.024
2 0.797 0.382 0.01 0.024
2 0.786 0.373 0.012 0.022
2 0.775 0.375 0.01 0.01
2 0.569 0.602 0.026 0.016
2 0.431 0.791 0.034 0.042
2 0.494 0.667 0.012 0.014
2 0.746 0.64 0.028 0.028
2 0.715 0.557 0.014 0.026
2 0.721 0.538 0.01 0.02
2 0.728 0.572 0.012 0.008
2 0.725 0.557 0.01 0.014
2 0.738 0.566 0.008 0.016
2 0.503 0.438 0.018 0.02
2 0.301 0.51 0.03 0.044
2 0.402 0.471 0.036 0.03
2 0.493 0.388 0.018 0.032
2 0.513 0.386 0.014 0.024
2 0.428 0.309 0.024 0.042
2 0.229 0.257 0.038 0.018
2 0.404 0.191 0.044 0.026
2 0.359 0.206 0.026 0.024
2 0.377 0.227 0.018 0.026
2 0.483 0.287 0.014 0.026
2 0.524 0.218 0.02 0.016
2 0.499 0.234 0.026 0.024
2 0.12 0.645 0.016 0.042
2 0.905 0.129 0.014 0.014
2 0.939 0.14 0.014 0.012
2 0.897 0.067 0.01 0.026