0 0.864 0.165 0.044 0.046
0 0.982 0.115 0.032 0.042
0 0.936 0.108 0.032 0.036
0 0.963 0.086 0.034 0.044
0 0.886 0.032 0.052 0.048
0 0.972 0.009 0.052 0.018
0 0.995 0.161 0.006 0.022
0 0.938 0.237 0.052 0.07
0 0.987 0.275 0.022 0.03
0 0.847 0.254 0.042 0.044
0 0.782 0.01 0.036 0.02
0 0.777 0.03 0.022 0.02
0 0.719 0.06 0.038 0.044
0 0.787 0.081 0.03 0.022
0 0.758 0.127 0.044 0.042
0 0.725 0.145 0.026 0.022
0 0.695 0.136 0.038 0.036
0 0.75 0.226 0.024 0.044
0 0.773 0.23 0.03 0.024
0 0.776 0.207 0.032 0.026
0 0.73 0.308 0.036 0.032
0 0.675 0.328 0.038 0.028
0 0.691 0.237 0.038 0.03
0 0.605 0.262 0.054 0.048
0 0.641 0.248 0.046 0.044
0 0.639 0.35 0.038 0.036
0 0.629 0.32 0.034 0.028
0 0.662 0.39 0.036 0.028
0 0.593 0.287 0.034 0.018
0 0.59 0.365 0.048 0.042
0 0.593 0.319 0.026 0.026
0 0.703 0.404 0.018 0.024
0 0.549 0.396 0.042 0.04
0 0.577 0.399 0.034 0.034
0 0.541 0.364 0.038 0.02
0 0.476 0.377 0.032 0.026
0 0.513 0.377 0.018 0.026
0 0.643 0.052 0.038 0.056
0 0.589 0.078 0.042 0.036
0 0.562 0.036 0.032 0.032
0 0.58 0.01 0.056 0.02
0 0.524 0.012 0.036 0.024
0 0.521 0.07 0.062 0.036
0 0.543 0.121 0.042 0.03
0 0.495 0.141 0.034 0.034
0 0.439 0.121 0.038 0.034
0 0.439 0.17 0.058 0.04
0 0.41 0.129 0.024 0.026
0 0.517 0.153 0.026 0.034
0 0.508 0.208 0.024 0.024
0 0.536 0.218 0.024 0.032
0 0.462 0.004 0.024 0.008
0 0.354 0.071 0.024 0.018
0 0.356 0.047 0.024 0.018
0 0.239 0.008 0.034 0.016
0 0.174 0.018 0.028 0.036
0 0.131 0.074 0.042 0.048
0 0.1 0.064 0.036 0.064
0 0.011 0.058 0.018 0.052
0 0.066 0.009 0.028 0.018
0 0.198 0.155 0.028 0.042
0 0.096 0.142 0.032 0.028
0 0.024 0.175 0.044 0.054
0 0.099 0.189 0.046 0.05
0 0.063 0.237 0.03 0.038
0 0.073 0.177 0.038 0.022
0 0.017 0.242 0.03 0.032
0 0.009 0.292 0.014 0.036
0 0.174 0.249 0.036 0.046
0 0.225 0.209 0.034 0.046
0 0.291 0.233 0.05 0.054
0 0.335 0.238 0.034 0.04
0 0.358 0.235 0.028 0.034
0 0.391 0.197 0.03 0.038
0 0.433 0.243 0.034 0.034
0 0.419 0.178 0.042 0.036
0 0.224 0.114 0.024 0.028
0 0.228 0.089 0.036 0.018
0 0.374 0.329 0.04 0.026
0 0.43 0.278 0.028 0.024
0 0.404 0.383 0.052 0.042
0 0.27 0.343 0.04 0.042
0 0.232 0.32 0.04 0.032
0 0.475 0.307 0.034 0.046
0 0.436 0.322 0.04 0.036
0 0.32 0.277 0.036 0.022
0 0.363 0.287 0.054 0.018
0 0.325 0.379 0.026 0.026
0 0.405 0.444 0.05 0.052
0 0.441 0.396 0.034 0.048
0 0.34 0.484 0.048 0.04
0 0.236 0.411 0.044 0.05
0 0.197 0.447 0.042 0.046
0 0.121 0.364 0.018 0.028
0 0.14 0.37 0.024 0.032
0 0.029 0.415 0.042 0.05
0 0.122 0.413 0.04 0.038
0 0.073 0.347 0.054 0.034
0 0.655 0.189 0.038 0.034
0 0.918 0.399 0.044 0.034
0 0.873 0.33 0.03 0.028
0 0.799 0.363 0.038 0.034
0 0.893 0.436 0.038 0.032
0 0.915 0.435 0.022 0.03
0 0.884 0.481 0.036 0.042
0 0.862 0.501 0.048 0.046
0 0.995 0.514 0.006 0.032
0 0.803 0.511 0.046 0.038
0 0.782 0.524 0.02 0.024
0 0.754 0.551 0.04 0.038
0 0.753 0.508 0.03 0.02
0 0.725 0.468 0.034 0.032
0 0.682 0.499 0.028 0.03
0 0.718 0.559 0.036 0.034
0 0.534 0.5 0.036 0.036
0 0.506 0.508 0.04 0.036
0 0.403 0.536 0.042 0.032
0 0.109 0.502 0.038 0.032
0 0.135 0.509 0.03 0.03
0 0.126 0.576 0.048 0.036
0 0.196 0.528 0.052 0.056
0 0.164 0.617 0.068 0.038
0 0.074 0.644 0.04 0.036
0 0.051 0.65 0.034 0.044
0 0.037 0.689 0.054 0.038
0 0.112 0.702 0.032 0.04
0 0.01 0.621 0.016 0.038
0 0.003 0.656 0.002 0.024
0 0.185 0.729 0.038 0.038
0 0.203 0.682 0.046 0.048
0 0.241 0.678 0.042 0.04
0 0.295 0.74 0.042 0.036
0 0.229 0.719 0.034 0.03
0 0.159 0.787 0.054 0.042
0 0.018 0.813 0.032 0.042
0 0.067 0.816 0.026 0.04
0 0.1 0.776 0.04 0.028
0 0.073 0.788 0.018 0.024
0 0.191 0.863 0.046 0.042
0 0.079 0.876 0.062 0.048
0 0.284 0.836 0.088 0.06
0 0.321 0.799 0.05 0.046
0 0.336 0.593 0.028 0.038
0 0.282 0.625 0.028 0.038
0 0.26 0.625 0.024 0.03
0 0.315 0.595 0.022 0.022
0 0.311 0.514 0.026 0.024
0 0.631 0.625 0.038 0.03
0 0.595 0.588 0.046 0.032
0 0.613 0.646 0.046 0.036
0 0.562 0.666 0.048 0.032
0 0.575 0.685 0.034 0.022
0 0.536 0.714 0.036 0.028
0 0.526 0.694 0.028 0.024
0 0.447 0.715 0.018 0.03
0 0.469 0.721 0.03 0.038
0 0.377 0.647 0.03 0.026
0 0.644 0.609 0.04 0.034
0 0.653 0.634 0.026 0.016
0 0.982 0.587 0.032 0.034
0 0.946 0.618 0.032 0.032
0 0.979 0.659 0.038 0.034
0 0.844 0.576 0.028 0.032
0 0.813 0.649 0.058 0.034
0 0.849 0.625 0.05 0.03
0 0.975 0.712 0.042 0.044
0 0.893 0.713 0.05 0.034
0 0.844 0.719 0.052 0.034
0 0.67 0.742 0.04 0.028
0 0.68 0.772 0.032 0.02
0 0.581 0.787 0.05 0.03
0 0.508 0.751 0.032 0.03
0 0.449 0.788 0.026 0.032
0 0.436 0.78 0.024 0.036
0 0.537 0.835 0.038 0.042
0 0.567 0.831 0.018 0.034
0 0.588 0.837 0.02 0.034
0 0.603 0.828 0.03 0.028
0 0.609 0.923 0.034 0.03
0 0.558 0.91 0.032 0.044
0 0.556 0.887 0.012 0.018
0 0.523 0.895 0.03 0.034
0 0.536 0.884 0.024 0.02
0 0.366 0.978 0.044 0.036
0 0.336 0.986 0.048 0.024
0 0.122 0.98 0.04 0.036
0 0.09 0.966 0.044 0.032
0 0.99 0.821 0.016 0.034
0 0.986 0.866 0.024 0.04
0 0.964 0.943 0.048 0.034
0 0.991 0.978 0.014 0.032
0 0.93 0.972 0.04 0.036
0 0.923 0.906 0.046 0.032
0 0.882 0.989 0.044 0.018
0 0.838 0.994 0.036 0.008
0 0.755 0.876 0.038 0.044
0 0.741 0.853 0.05 0.034
0 0.649 0.898 0.022 0.028
0 0.648 0.983 0.036 0.03
0 0.626 0.972 0.024 0.032
0 0.798 0.803 0.04 0.026
0 0.701 0.924 0.05 0.028
0 0.503 0.984 0.038 0.024
0 0.483 0.099 0.038 0.042
1 0.148 0.402 0.016 0.02
1 0.81 0.317 0.02 0.022
1 0.787 0.396 0.026 0.024
1 0.407 0.67 0.022 0.024
1 0.474 0.626 0.016 0.02
1 0.907 0.606 0.022 0.016
1 0.736 0.751 0.016 0.014
1 0.641 0.743 0.018 0.014
1 0.322 0.951 0.024 0.018
1 0.288 0.955 0.016 0.022
1 0.894 0.953 0.012 0.018
1 0.809 0.936 0.026 0.024
1 0.783 0.957 0.018 0.018
1 0.874 0.783 0.028 0.018
2 0.912 0.13 0.032 0.028
2 0.725 0.34 0.022 0.02
2 0.498 0.027 0.032 0.026
2 0.545 0.099 0.022 0.022
2 0.416 0.012 0.036 0.016
2 0.301 0.025 0.026 0.022
2 0.365 0.107 0.026 0.018
2 0.276 0.004 0.024 0.008
2 0.074 0.027 0.028 0.018
2 0.149 0.12 0.026 0.04
2 0.246 0.112 0.016 0.04
2 0.342 0.173 0.024 0.038
2 0.352 0.409 0.024 0.038
2 0.158 0.342 0.028 0.032
2 0.104 0.376 0.032 0.016
2 0.848 0.373 0.032 0.03
2 0.982 0.376 0.028 0.02
2 0.993 0.356 0.01 0.02
2 0.97 0.431 0.016 0.022
2 0.128 0.471 0.024 0.018
2 0.192 0.485 0.032 0.022
2 0.125 0.803 0.026 0.03
2 0.097 0.807 0.026 0.038
2 0.155 0.894 0.042 0.032
2 0.245 0.75 0.034 0.02
2 0.355 0.544 0.034 0.056
2 0.295 0.676 0.022 0.032
2 0.636 0.569 0.032 0.034
2 0.864 0.578 0.016 0.036
2 0.81 0.73 0.016 0.02
2 0.754 0.683 0.02 0.03
2 0.732 0.684 0.02 0.016
2 0.375 0.744 0.026 0.02
2 0.445 0.629 0.018 0.014
2 0.423 0.667 0.014 0.014
2 0.496 0.872 0.02 0.028
2 0.393 0.839 0.034 0.03
2 0.366 0.829 0.028 0.018
2 0.294 0.984 0.032 0.028
2 0.239 0.879 0.034 0.038
2 0.729 0.912 0.022 0.024
2 0.671 0.889 0.026 0.018
2 0.468 0.988 0.036 0.02
2 0.497 0.995 0.026 0.006
2 0.439 0.948 0.018 0.02
2 0.416 0.943 0.028 0.014
2 0.441 0.908 0.018 0.016
2 0.42 0.905 0.02 0.014
2 0.192 0.951 0.016 0.03
2 0.269 0.09 0.038 0.016
2 0.288 0.122 0.028 0.036