0 0.117 0.854 0.042 0.056
0 0.085 0.907 0.046 0.054
0 0.117 0.975 0.042 0.046
0 0.194 0.987 0.036 0.022
0 0.215 0.974 0.038 0.048
0 0.02 0.893 0.04 0.062
0 0.22 0.9 0.048 0.056
0 0.322 0.984 0.032 0.028
0 0.344 0.993 0.044 0.01
0 0.163 0.869 0.03 0.034
0 0.007 0.758 0.014 0.064
0 0.129 0.735 0.042 0.062
0 0.114 0.699 0.044 0.042
0 0.078 0.701 0.04 0.054
0 0.074 0.668 0.012 0.02
0 0.006 0.642 0.012 0.04
0 0.005 0.583 0.01 0.022
0 0.017 0.474 0.034 0.04
0 0.054 0.595 0.028 0.042
0 0.074 0.55 0.036 0.04
0 0.077 0.517 0.042 0.038
0 0.01 0.373 0.02 0.042
0 0.044 0.386 0.04 0.06
0 0.052 0.336 0.032 0.04
0 0.023 0.25 0.034 0.036
0 0.041 0.205 0.03 0.038
0 0.019 0.164 0.022 0.032
0 0.006 0.134 0.012 0.028
0 0.01 0.119 0.02 0.042
0 0.037 0.071 0.022 0.034
0 0.052 0.012 0.024 0.02
0 0.088 0.015 0.028 0.026
0 0.114 0.011 0.016 0.018
0 0.104 0.059 0.028 0.026
0 0.149 0.062 0.03 0.048
0 0.161 0.095 0.026 0.034
0 0.14 0.121 0.036 0.034
0 0.109 0.134 0.026 0.032
0 0.072 0.152 0.024 0.028
0 0.069 0.176 0.022 0.028
0 0.08 0.191 0.024 0.034
0 0.117 0.185 0.026 0.034
0 0.129 0.229 0.03 0.034
0 0.165 0.26 0.03 0.044
0 0.182 0.125 0.028 0.038
0 0.223 0.1 0.018 0.024
0 0.232 0.037 0.036 0.026
0 0.275 0.024 0.026 0.02
0 0.269 0.072 0.034 0.028
0 0.31 0.076 0.032 0.04
0 0.336 0.026 0.028 0.032
0 0.274 0.126 0.044 0.048
0 0.289 0.165 0.05 0.034
0 0.234 0.147 0.024 0.034
0 0.184 0.189 0.032 0.022
0 0.376 0.006 0.048 0.008
0 0.437 0.021 0.03 0.03
0 0.393 0.049 0.034 0.042
0 0.364 0.043 0.016 0.026
0 0.437 0.057 0.03 0.03
0 0.492 0.052 0.028 0.048
0 0.471 0.037 0.022 0.042
0 0.383 0.092 0.026 0.036
0 0.541 0.019 0.034 0.034
0 0.579 0.024 0.018 0.028
0 0.607 0.05 0.034 0.04
0 0.613 0.087 0.03 0.034
0 0.577 0.085 0.03 0.018
0 0.536 0.07 0.02 0.016
0 0.536 0.097 0.032 0.034
0 0.665 0.099 0.042 0.062
0 0.633 0.13 0.05 0.044
0 0.706 0.145 0.032 0.038
0 0.728 0.144 0.02 0.04
0 0.788 0.105 0.044 0.042
0 0.801 0.076 0.03 0.036
0 0.789 0.052 0.03 0.032
0 0.77 0.036 0.036 0.048
0 0.81 0.027 0.04 0.05
0 0.842 0.033 0.028 0.03
0 0.855 0.049 0.026 0.022
0 0.891 0.016 0.026 0.028
0 0.901 0.036 0.022 0.028
0 0.952 0.024 0.04 0.044
0 0.988 0.01 0.02 0.016
0 0.929 0.126 0.038 0.06
0 0.993 0.216 0.01 0.06
0 0.944 0.266 0.036 0.052
0 0.925 0.279 0.034 0.066
0 0.915 0.351 0.046 0.054
0 0.945 0.399 0.03 0.038
0 0.957 0.423 0.03 0.054
0 0.949 0.458 0.038 0.044
0 0.908 0.424 0.036 0.06
0 0.935 0.434 0.026 0.032
0 0.883 0.44 0.03 0.028
0 0.888 0.468 0.032 0.032
0 0.994 0.587 0.008 0.058
0 0.88 0.522 0.04 0.052
0 0.881 0.557 0.018 0.022
0 0.845 0.557 0.03 0.054
0 0.852 0.584 0.024 0.024
0 0.859 0.621 0.034 0.05
0 0.841 0.622 0.022 0.028
0 0.8 0.565 0.032 0.054
0 0.752 0.566 0.04 0.06
0 0.773 0.485 0.026 0.058
0 0.962 0.696 0.036 0.052
0 0.968 0.663 0.024 0.038
0 0.911 0.686 0.038 0.052
0 0.989 0.793 0.018 0.062
0 0.966 0.849 0.04 0.05
0 0.959 0.8 0.038 0.032
0 0.951 0.768 0.038 0.044
0 0.873 0.785 0.034 0.058
0 0.861 0.847 0.038 0.05
0 0.98 0.951 0.036 0.054
0 0.933 0.972 0.022 0.032
0 0.915 0.94 0.058 0.036
0 0.894 0.969 0.024 0.018
0 0.894 0.984 0.036 0.028
0 0.844 0.992 0.052 0.012
0 0.82 0.978 0.024 0.02
0 0.776 0.964 0.036 0.052
0 0.759 0.978 0.038 0.04
0 0.699 0.958 0.038 0.06
0 0.668 0.993 0.032 0.01
0 0.558 0.965 0.036 0.058
0 0.406 0.98 0.04 0.036
0 0.431 0.942 0.042 0.044
0 0.344 0.861 0.048 0.078
0 0.486 0.888 0.052 0.06
0 0.572 0.884 0.028 0.04
0 0.596 0.88 0.024 0.02
0 0.615 0.911 0.054 0.074
0 0.783 0.837 0.038 0.05
0 0.775 0.798 0.034 0.032
0 0.79 0.888 0.04 0.052
0 0.734 0.83 0.028 0.04
0 0.696 0.864 0.04 0.048
0 0.683 0.842 0.038 0.044
0 0.786 0.181 0.036 0.034
0 0.82 0.249 0.036 0.026
0 0.82 0.221 0.04 0.03
0 0.809 0.266 0.042 0.052
0 0.781 0.277 0.026 0.05
0 0.743 0.28 0.042 0.068
0 0.837 0.328 0.034 0.044
0 0.705 0.332 0.038 0.056
0 0.661 0.228 0.03 0.032
0 0.664 0.259 0.02 0.03
0 0.626 0.22 0.032 0.032
0 0.639 0.297 0.042 0.05
0 0.635 0.355 0.03 0.054
0 0.588 0.239 0.04 0.046
0 0.566 0.264 0.044 0.052
0 0.555 0.173 0.034 0.042
0 0.498 0.15 0.028 0.036
0 0.488 0.122 0.02 0.024
0 0.474 0.235 0.04 0.05
0 0.17 0.694 0.04 0.044
0 0.185 0.642 0.038 0.036
0 0.127 0.607 0.022 0.026
0 0.246 0.739 0.036 0.054
0 0.328 0.745 0.048 0.054
0 0.357 0.708 0.038 0.04
0 0.284 0.701 0.028 0.026
0 0.281 0.679 0.03 0.022
0 0.115 0.287 0.018 0.022
0 0.117 0.313 0.038 0.034
0 0.144 0.357 0.04 0.038
0 0.112 0.399 0.036 0.046
0 0.14 0.416 0.024 0.024
0 0.202 0.259 0.036 0.034
0 0.245 0.272 0.034 0.02
0 0.252 0.258 0.032 0.032
0 0.273 0.227 0.022 0.03
0 0.31 0.241 0.032 0.042
0 0.316 0.28 0.032 0.044
0 0.281 0.275 0.018 0.026
0 0.284 0.296 0.024 0.024
0 0.279 0.325 0.034 0.034
0 0.361 0.261 0.026 0.042
0 0.396 0.275 0.028 0.018
0 0.403 0.318 0.034 0.028
0 0.418 0.329 0.016 0.014
0 0.464 0.341 0.028 0.042
0 0.531 0.264 0.022 0.036
0 0.516 0.278 0.04 0.044
0 0.529 0.35 0.03 0.036
0 0.535 0.328 0.034 0.028
0 0.578 0.377 0.036 0.054
0 0.651 0.46 0.038 0.056
0 0.645 0.518 0.034 0.052
0 0.654 0.572 0.032 0.056
0 0.601 0.531 0.034 0.05
0 0.541 0.522 0.03 0.032
0 0.549 0.559 0.03 0.026
0 0.513 0.591 0.03 0.058
0 0.486 0.41 0.036 0.048
0 0.523 0.451 0.03 0.058
0 0.593 0.46 0.038 0.032
0 0.406 0.416 0.032 0.056
0 0.37 0.421 0.032 0.054
0 0.422 0.474 0.048 0.056
0 0.452 0.482 0.04 0.056
0 0.311 0.377 0.03 0.046
0 0.222 0.341 0.024 0.038
0 0.177 0.339 0.03 0.042
0 0.239 0.4 0.03 0.052
0 0.268 0.418 0.04 0.052
0 0.301 0.428 0.034 0.052
0 0.21 0.44 0.024 0.044
0 0.182 0.462 0.036 0.052
0 0.239 0.5 0.042 0.052
0 0.121 0.477 0.046 0.046
0 0.116 0.497 0.016 0.038
0 0.095 0.497 0.034 0.03
0 0.249 0.578 0.038 0.048
0 0.296 0.613 0.036 0.058
0 0.37 0.656 0.036 0.048
0 0.368 0.613 0.036 0.03
0 0.362 0.586 0.04 0.036
0 0.411 0.595 0.038 0.066
0 0.451 0.79 0.042 0.044
0 0.537 0.83 0.038 0.032
0 0.528 0.812 0.016 0.016
0 0.585 0.798 0.022 0.02
0 0.577 0.754 0.03 0.02
0 0.581 0.773 0.03 0.03
0 0.715 0.742 0.022 0.032
0 0.708 0.72 0.032 0.02
0 0.649 0.722 0.046 0.068
0 0.829 0.704 0.03 0.02
0 0.588 0.636 0.032 0.048
0 0.575 0.671 0.03 0.05
0 0.487 0.669 0.042 0.054
0 0.456 0.715 0.02 0.022
0 0.444 0.726 0.044 0.044
0 0.468 0.754 0.024 0.036
0 0.505 0.794 0.026 0.024
0 0.774 0.42 0.036 0.04
0 0.987 0.179 0.022 0.042
0 0.362 0.158 0.028 0.02
0 0.458 0.149 0.02 0.022
0 0.468 0.194 0.028 0.036
1 0.119 0.919 0.014 0.026
1 0.291 0.911 0.018 0.022
1 0.314 0.923 0.02 0.018
1 0.293 0.993 0.026 0.01
1 0.024 0.771 0.016 0.014
1 0.055 0.726 0.022 0.024
1 0.011 0.08 0.018 0.02
1 0.009 0.052 0.018 0.016
1 0.017 0.06 0.01 0.012
1 0.105 0.022 0.01 0.02
1 0.084 0.224 0.024 0.024
1 0.084 0.249 0.032 0.014
1 0.228 0.113 0.024 0.018
1 0.509 0.08 0.022 0.02
1 0.359 0.089 0.018 0.018
1 0.355 0.101 0.01 0.01
1 0.602 0.012 0.036 0.02
1 0.794 0.132 0.016 0.016
1 0.865 0.116 0.018 0.024
1 0.93 0.221 0.032 0.014
1 0.98 0.509 0.016 0.026
1 0.995 0.696 0.006 0.044
1 0.888 0.728 0.024 0.02
1 0.934 0.885 0.016 0.018
1 0.909 0.924 0.018 0.012
1 0.55 0.988 0.032 0.02
1 0.582 0.996 0.028 0.004
1 0.477 0.995 0.034 0.006
1 0.461 0.952 0.018 0.032
1 0.369 0.829 0.018 0.026
1 0.292 0.805 0.024 0.026
1 0.249 0.807 0.018 0.022
1 0.493 0.851 0.022 0.014
1 0.801 0.825 0.014 0.034
1 0.828 0.199 0.016 0.014
1 0.845 0.347 0.026 0.026
1 0.868 0.268 0.016 0.016
1 0.728 0.343 0.016 0.018
1 0.562 0.155 0.016 0.014
1 0.414 0.197 0.02 0.022
1 0.44 0.213 0.032 0.022
1 0.219 0.702 0.01 0.02
1 0.152 0.671 0.024 0.034
1 0.104 0.631 0.024 0.022
1 0.141 0.587 0.03 0.034
1 0.206 0.543 0.036 0.026
1 0.331 0.687 0.018 0.022
1 0.364 0.293 0.012 0.026
1 0.38 0.295 0.02 0.018
1 0.434 0.305 0.016 0.026
1 0.433 0.281 0.01 0.022
1 0.42 0.349 0.008 0.026
1 0.538 0.3 0.02 0.02
1 0.501 0.292 0.018 0.012
1 0.492 0.302 0.016 0.012
1 0.458 0.398 0.016 0.032
1 0.419 0.413 0.018 0.038
1 0.217 0.408 0.022 0.016
1 0.19 0.393 0.032 0.014
1 0.088 0.474 0.016 0.016
1 0.232 0.611 0.02 0.054
1 0.342 0.555 0.028 0.038
1 0.63 0.783 0.016 0.034
1 0.68 0.698 0.02 0.024
1 0.724 0.615 0.012 0.018
1 0.737 0.633 0.014 0.022
1 0.626 0.639 0.02 0.022
1 0.594 0.704 0.02 0.016
1 0.514 0.714 0.02 0.024
1 0.44 0.687 0.012 0.022
1 0.446 0.693 0.012 0.018
1 0.483 0.72 0.014 0.012
1 0.683 0.003 0.018 0.002
1 0.752 0.145 0.012 0.018
1 0.418 0.556 0.02 0.02
1 0.273 0.54 0.014 0.012
1 0.217 0.627 0.018 0.03
1 0.18 0.613 0.024 0.014
1 0.202 0.607 0.02 0.014
1 0.88 0.923 0.012 0.018
1 0.9 0.377 0.02 0.022
2 0.156 0.846 0.056 0.048
2 0.033 0.785 0.03 0.018
2 0.079 0.656 0.018 0.02
2 0.07 0.421 0.04 0.042
2 0.733 0.111 0.022 0.022
2 0.989 0.295 0.018 0.05
2 0.475 0.913 0.03 0.042
2 0.163 0.652 0.046 0.016
2 0.093 0.346 0.034 0.052
2 0.223 0.236 0.018 0.02
2 0.854 0.162 0.02 0.028
2 0.892 0.18 0.016 0.016
2 0.693 0.015 0.022 0.018
2 0.18 0.297 0.024 0.03