0 0.669 0.022 0.046 0.044
0 0.635 0.03 0.038 0.052
0 0.507 0.02 0.042 0.04
0 0.531 0.057 0.042 0.05
0 0.364 0.006 0.02 0.012
0 0.308 0.049 0.04 0.054
0 0.27 0.028 0.028 0.052
0 0.109 0.023 0.046 0.046
0 0.745 0.206 0.038 0.068
0 0.615 0.159 0.026 0.046
0 0.535 0.134 0.038 0.04
0 0.454 0.164 0.048 0.068
0 0.312 0.122 0.048 0.068
0 0.144 0.209 0.04 0.066
0 0.1 0.159 0.076 0.062
0 0.428 0.051 0.032 0.046
0 0.457 0.058 0.034 0.028
0 0.013 0.282 0.022 0.056
0 0.071 0.29 0.042 0.056
0 0.263 0.28 0.042 0.028
0 0.265 0.327 0.046 0.062
0 0.366 0.3 0.056 0.032
0 0.523 0.219 0.034 0.042
0 0.6 0.219 0.048 0.058
0 0.736 0.269 0.024 0.03
0 0.699 0.274 0.03 0.04
0 0.633 0.318 0.05 0.052
0 0.53 0.294 0.048 0.044
0 0.418 0.379 0.044 0.062
0 0.386 0.334 0.032 0.036
0 0.304 0.389 0.044 0.054
0 0.187 0.334 0.054 0.072
0 0.031 0.368 0.05 0.06
0 0.043 0.482 0.03 0.036
0 0.113 0.514 0.03 0.044
0 0.133 0.415 0.034 0.07
0 0.072 0.579 0.036 0.054
0 0.093 0.61 0.034 0.04
0 0.017 0.704 0.03 0.06
0 0.084 0.663 0.04 0.05
0 0.132 0.672 0.032 0.048
0 0.944 0.346 0.032 0.04
0 0.899 0.449 0.042 0.05
0 0.852 0.527 0.052 0.074
0 0.739 0.507 0.042 0.046
0 0.969 0.588 0.038 0.052
0 0.941 0.568 0.022 0.04
0 0.927 0.606 0.022 0.056
0 0.881 0.622 0.038 0.044
0 0.973 0.767 0.034 0.038
0 0.914 0.732 0.032 0.044
0 0.932 0.77 0.028 0.02
0 0.886 0.762 0.036 0.04
0 0.969 0.825 0.038 0.038
0 0.911 0.816 0.026 0.04
0 0.886 0.813 0.028 0.022
0 0.972 0.902 0.032 0.044
0 0.944 0.911 0.024 0.03
0 0.959 0.96 0.042 0.032
0 0.994 0.937 0.008 0.042
0 0.949 0.992 0.05 0.012
0 0.861 0.928 0.046 0.056
0 0.832 0.962 0.028 0.028
0 0.732 0.981 0.028 0.034
0 0.7 0.968 0.032 0.048
0 0.689 0.864 0.042 0.024
0 0.769 0.75 0.038 0.048
0 0.736 0.693 0.036 0.034
0 0.739 0.778 0.034 0.04
0 0.666 0.73 0.036 0.032
0 0.625 0.741 0.038 0.05
0 0.552 0.757 0.032 0.054
0 0.764 0.379 0.04 0.078
0 0.728 0.41 0.028 0.044
0 0.727 0.369 0.026 0.038
0 0.654 0.384 0.04 0.044
0 0.627 0.509 0.062 0.054
0 0.554 0.523 0.052 0.058
0 0.465 0.456 0.042 0.036
0 0.457 0.503 0.03 0.03
0 0.479 0.548 0.038 0.048
0 0.553 0.626 0.034 0.036
0 0.199 0.771 0.058 0.054
0 0.122 0.803 0.04 0.058
0 0.026 0.812 0.048 0.06
0 0.105 0.917 0.038 0.038
0 0.052 0.933 0.036 0.038
0 0.212 0.877 0.052 0.058
0 0.184 0.901 0.028 0.038
0 0.169 0.944 0.038 0.04
0 0.291 0.867 0.038 0.042
0 0.279 0.907 0.046 0.038
0 0.263 0.954 0.03 0.032
0 0.309 0.931 0.026 0.034
0 0.331 0.964 0.034 0.044
0 0.171 0.605 0.046 0.062
0 0.309 0.675 0.042 0.05
0 0.256 0.751 0.032 0.038
0 0.328 0.795 0.048 0.066
0 0.43 0.834 0.028 0.04
0 0.469 0.827 0.026 0.034
0 0.483 0.799 0.034 0.046
0 0.52 0.847 0.032 0.034
0 0.543 0.921 0.034 0.038
0 0.411 0.632 0.054 0.044
0 0.39 0.664 0.044 0.036
0 0.526 0.664 0.028 0.04
0 0.395 0.824 0.022 0.024
0 0.824 0.743 0.036 0.066
0 0.791 0.798 0.03 0.052
0 0.403 0.697 0.034 0.03
0 0.987 0.463 0.022 0.034
0 0.394 0.991 0.036 0.014
0 0.442 0.991 0.028 0.014
0 0.638 0.86 0.024 0.028
0 0.744 0.93 0.024 0.024
0 0.244 0.581 0.044 0.042
1 0.775 0.126 0.034 0.024
1 0.659 0.093 0.026 0.034
1 0.475 0.081 0.018 0.018
1 0.201 0.027 0.014 0.014
1 0.007 0.05 0.01 0.016
1 0.898 0.264 0.016 0.028
1 0.682 0.175 0.032 0.03
1 0.66 0.148 0.012 0.016
1 0.338 0.185 0.024 0.03
1 0.31 0.205 0.02 0.018
1 0.276 0.087 0.024 0.034
1 0.252 0.075 0.008 0.01
1 0.226 0.22 0.016 0.032
1 0.159 0.284 0.022 0.02
1 0.454 0.347 0.016 0.022
1 0.141 0.512 0.022 0.024
1 0.017 0.63 0.018 0.02
1 0.858 0.989 0.024 0.014
1 0.782 0.332 0.036 0.02
1 0.415 0.455 0.022 0.022
1 0.435 0.567 0.018 0.018
1 0.233 0.86 0.018 0.02
1 0.054 0.739 0.024 0.018
1 0.058 0.763 0.028 0.018
1 0.023 0.959 0.018 0.026
1 0.015 0.99 0.026 0.016
1 0.581 0.867 0.018 0.03
1 0.6 0.906 0.024 0.02
1 0.683 0.928 0.026 0.016
1 0.653 0.793 0.014 0.046
1 0.396 0.766 0.02 0.028
1 0.694 0.51 0.02 0.02
1 0.171 0.56 0.026 0.02
1 0.21 0.572 0.02 0.036
1 0.263 0.659 0.022 0.018
1 0.281 0.65 0.018 0.016
1 0.884 0.651 0.012 0.014
1 0.991 0.523 0.014 0.026
1 0.921 0.369 0.01 0.022
1 0.818 0.464 0.016 0.032
1 0.798 0.662 0.032 0.04
1 0.628 0.637 0.028 0.034
1 0.49 0.741 0.02 0.018
1 0.752 0.842 0.024 0.016
1 0.786 0.823 0.008 0.014
1 0.696 0.897 0.02 0.03
1 0.197 0.958 0.014 0.012
1 0.39 0.864 0.016 0.016
1 0.804 0.882 0.012 0.012
1 0.752 0.63 0.024 0.028
1 0.818 0.094 0.028 0.032
1 0.819 0.123 0.022 0.022
1 0.88 0.152 0.016 0.016
1 0.869 0.145 0.034 0.018
2 0.089 0.355 0.05 0.074
2 0.037 0.19 0.05 0.056
2 0.221 0.485 0.066 0.062
2 0.26 0.48 0.048 0.052
2 0.893 0.062 0.026 0.032
2 0.716 0.088 0.036 0.036
2 0.592 0.024 0.016 0.02
2 0.401 0.039 0.01 0.01
2 0.448 0.277 0.044 0.07
2 0.604 0.261 0.012 0.01
2 0.544 0.362 0.056 0.084
2 0.296 0.424 0.02 0.012
2 0.36 0.466 0.04 0.032
2 0.274 0.518 0.02 0.02
2 0.505 0.902 0.03 0.028
2 0.47 0.643 0.032 0.03
2 0.468 0.684 0.024 0.036
2 0.748 0.575 0.02 0.014
2 0.578 0.58 0.012 0.016
2 0.613 0.677 0.034 0.026
2 0.597 0.698 0.018 0.016
2 0.56 0.69 0.02 0.028
2 0.45 0.927 0.016 0.018
2 0.445 0.96 0.03 0.032
2 0.176 0.661 0.016 0.022
2 0.186 0.689 0.02 0.018
2 0.065 0.8 0.03 0.016
2 0.028 0.862 0.028 0.036
2 0.194 0.939 0.016 0.014
2 0.769 0.983 0.022 0.03
2 0.748 0.953 0.02 0.014
2 0.811 0.981 0.014 0.014
2 0.35 0.069 0.024 0.034
2 0.55 0.101 0.016 0.022
2 0.554 0.076 0.012 0.016
2 0.903 0.222 0.018 0.032
2 0.854 0.203 0.016 0.022
2 0.792 0.24 0.012 0.02
2 0.67 0.947 0.016 0.01
2 0.536 0.983 0.012 0.018
2 0.52 0.994 0.012 0.008