0 0.084 0.275 0.056 0.074
0 0.041 0.204 0.042 0.056
0 0.134 0.157 0.048 0.054
0 0.165 0.257 0.038 0.05
0 0.207 0.272 0.038 0.048
0 0.225 0.361 0.054 0.042
0 0.136 0.356 0.064 0.06
0 0.178 0.407 0.044 0.042
0 0.257 0.398 0.042 0.052
0 0.241 0.46 0.05 0.06
0 0.227 0.54 0.042 0.048
0 0.187 0.592 0.05 0.052
0 0.144 0.65 0.036 0.04
0 0.041 0.649 0.046 0.086
0 0.069 0.669 0.046 0.082
0 0.12 0.738 0.032 0.044
0 0.157 0.709 0.05 0.05
0 0.173 0.751 0.05 0.046
0 0.2 0.708 0.036 0.036
0 0.281 0.736 0.058 0.064
0 0.254 0.718 0.04 0.044
0 0.292 0.64 0.04 0.056
0 0.206 0.651 0.036 0.05
0 0.056 0.356 0.044 0.064
0 0.048 0.539 0.048 0.038
0 0.059 0.484 0.03 0.052
0 0.082 0.466 0.04 0.064
0 0.176 0.529 0.044 0.086
0 0.164 0.51 0.028 0.044
0 0.314 0.566 0.028 0.04
0 0.369 0.533 0.038 0.03
0 0.395 0.553 0.054 0.058
0 0.416 0.715 0.032 0.038
0 0.386 0.804 0.048 0.044
0 0.562 0.734 0.064 0.084
0 0.532 0.665 0.052 0.062
0 0.642 0.732 0.048 0.06
0 0.701 0.69 0.062 0.068
0 0.728 0.709 0.072 0.09
0 0.897 0.674 0.046 0.064
0 0.979 0.687 0.034 0.042
0 0.94 0.665 0.04 0.046
0 0.931 0.776 0.046 0.052
0 0.983 0.813 0.03 0.046
0 0.892 0.828 0.032 0.064
0 0.965 0.91 0.038 0.068
0 0.861 0.967 0.058 0.05
0 0.771 0.974 0.05 0.048
0 0.798 0.981 0.04 0.034
0 0.724 0.981 0.044 0.034
0 0.758 0.784 0.04 0.044
0 0.755 0.839 0.05 0.042
0 0.76 0.867 0.06 0.042
0 0.807 0.865 0.042 0.054
0 0.825 0.894 0.046 0.032
0 0.61 0.857 0.024 0.03
0 0.621 0.961 0.03 0.03
0 0.683 0.978 0.022 0.024
0 0.699 0.911 0.034 0.034
0 0.497 0.88 0.054 0.056
0 0.416 0.89 0.044 0.04
0 0.389 0.952 0.038 0.052
0 0.395 0.981 0.042 0.034
0 0.283 0.895 0.05 0.058
0 0.221 0.945 0.038 0.07
0 0.2 0.899 0.036 0.038
0 0.235 0.86 0.054 0.056
0 0.307 0.855 0.042 0.066
0 0.306 0.943 0.052 0.066
0 0.338 0.97 0.052 0.056
0 0.264 0.972 0.028 0.024
0 0.032 0.833 0.04 0.05
0 0.008 0.893 0.016 0.038
0 0.121 0.985 0.062 0.026
0 0.176 0.992 0.036 0.012
0 0.082 0.845 0.04 0.054
0 0.283 0.309 0.066 0.074
0 0.348 0.33 0.052 0.04
0 0.36 0.249 0.036 0.082
0 0.379 0.283 0.022 0.03
0 0.458 0.267 0.072 0.058
0 0.467 0.155 0.05 0.062
0 0.369 0.125 0.022 0.034
0 0.506 0.114 0.032 0.032
0 0.593 0.158 0.038 0.04
0 0.581 0.284 0.062 0.108
0 0.625 0.324 0.062 0.068
0 0.466 0.44 0.048 0.064
0 0.565 0.467 0.042 0.058
0 0.632 0.536 0.044 0.048
0 0.794 0.518 0.068 0.076
0 0.725 0.635 0.038 0.03
0 0.899 0.432 0.046 0.06
0 0.951 0.301 0.066 0.066
0 0.926 0.36 0.052 0.068
0 0.962 0.373 0.028 0.066
0 0.935 0.393 0.034 0.058
0 0.813 0.149 0.038 0.058
0 0.879 0.157 0.05 0.07
0 0.987 0.134 0.022 0.056
0 0.978 0.19 0.04 0.068
0 0.98 0.246 0.036 0.076
0 0.859 0.318 0.034 0.04
0 0.814 0.343 0.02 0.03
0 0.738 0.301 0.064 0.058
0 0.714 0.337 0.08 0.054
0 0.686 0.378 0.084 0.08
0 0.811 0.567 0.046 0.05
0 0.588 0.064 0.032 0.056
0 0.623 0.046 0.038 0.06
0 0.653 0.062 0.038 0.048
0 0.677 0.107 0.046 0.046
0 0.698 0.072 0.036 0.04
0 0.837 0.04 0.062 0.052
0 0.935 0.135 0.058 0.09
0 0.651 0.216 0.038 0.056
0 0.592 0.201 0.028 0.042
0 0.398 0.509 0.032 0.038
0 0.154 0.878 0.048 0.044
0 0.163 0.844 0.046 0.028
0 0.737 0.536 0.03 0.032
0 0.221 0.134 0.074 0.076
0 0.319 0.017 0.034 0.034
0 0.396 0.069 0.036 0.062
0 0.263 0.062 0.078 0.088
0 0.824 0.219 0.016 0.05
0 0.856 0.474 0.02 0.044
0 0.637 0.626 0.062 0.076
0 0.647 0.578 0.046 0.048
0 0.676 0.581 0.024 0.022
0 0.573 0.378 0.074 0.08
0 0.381 0.373 0.066 0.082
0 0.336 0.38 0.048 0.072
0 0.359 0.738 0.034 0.028
0 0.008 0.704 0.016 0.048
0 0.393 0.181 0.054 0.058
0 0.42 0.224 0.06 0.092
0 0.41 0.649 0.068 0.082
0 0.573 0.671 0.022 0.022
0 0.827 0.654 0.026 0.028
0 0.832 0.682 0.036 0.036
0 0.93 0.699 0.028 0.018
0 0.861 0.589 0.058 0.054
0 0.48 0.59 0.036 0.036
0 0.578 0.499 0.032 0.046
0 0.591 0.456 0.03 0.044
0 0.745 0.17 0.046 0.088
0 0.776 0.178 0.028 0.06
0 0.488 0.258 0.028 0.044
0 0.692 0.24 0.024 0.028
0 0.702 0.227 0.012 0.018
0 0.726 0.251 0.036 0.05
0 0.738 0.224 0.028 0.048
0 0.811 0.073 0.034 0.042
0 0.789 0.072 0.026 0.028
0 0.646 0.173 0.024 0.022
0 0.55 0.078 0.016 0.036
0 0.756 0.056 0.028 0.024
0 0.972 0.086 0.024 0.024
0 0.986 0.051 0.02 0.038
0 0.977 0.006 0.026 0.012
0 0.578 0.021 0.048 0.042
0 0.467 0.384 0.018 0.024
0 0.73 0.407 0.028 0.03
0 0.122 0.485 0.036 0.026
0 0.13 0.106 0.024 0.028
0 0.13 0.129 0.02 0.018
0 0.147 0.08 0.018 0.028
0 0.154 0.065 0.016 0.022
0 0.104 0.438 0.032 0.036
0 0.052 0.731 0.032 0.026
0 0.116 0.843 0.032 0.046
0 0.053 0.79 0.026 0.016
0 0.043 0.778 0.018 0.024
0 0.157 0.952 0.022 0.02
0 0.278 0.929 0.02 0.022
0 0.463 0.933 0.034 0.042
0 0.439 0.983 0.038 0.03
0 0.446 0.987 0.024 0.022
0 0.639 0.941 0.03 0.018
0 0.972 0.989 0.028 0.014
0 0.991 0.97 0.014 0.04
0 0.298 0.25 0.028 0.04
0 0.358 0.087 0.02 0.026
0 0.374 0.095 0.02 0.026
0 0.715 0.013 0.03 0.026
0 0.753 0.45 0.026 0.024
0 0.251 0.801 0.038 0.03
0 0.145 0.782 0.034 0.024
0 0.478 0.95 0.036 0.028
0 0.479 0.969 0.042 0.042
0 0.69 0.771 0.016 0.038
0 0.908 0.923 0.036 0.03
0 0.922 0.882 0.044 0.048
0 0.906 0.98 0.02 0.012
0 0.901 0.989 0.01 0.006
0 0.734 0.89 0.02 0.016
0 0.369 0.469 0.034 0.038
0 0.262 0.612 0.028 0.036
0 0.237 0.639 0.026 0.03
0 0.483 0.492 0.038 0.044
0 0.772 0.674 0.024 0.024
0 0.77 0.698 0.016 0.024
0 0.993 0.731 0.01 0.034
0 0.525 0.235 0.022 0.07
0 0.713 0.151 0.026 0.034
0 0.745 0.03 0.03 0.028
0 0.762 0.032 0.032 0.032
0 0.558 0.036 0.02 0.032
0 0.411 0.009 0.042 0.018
0 0.427 0.029 0.022 0.022
0 0.536 0.004 0.02 0.008
0 0.174 0.009 0.028 0.018
0 0.339 0.502 0.034 0.036
0 0.338 0.471 0.02 0.026
0 0.364 0.5 0.02 0.016
0 0.559 0.995 0.022 0.006
0 0.063 0.989 0.022 0.018
0 0.007 0.611 0.014 0.026
0 0.006 0.634 0.012 0.02
0 0.286 0.005 0.024 0.01
0 0.289 0.021 0.018 0.018
0 0.831 0.008 0.034 0.016
0 0.755 0.008 0.026 0.016
0 0.772 0.08 0.016 0.02
0 0.193 0.17 0.038 0.044
1 0.136 0.855 0.028 0.018
1 0.388 0.855 0.036 0.018
1 0.437 0.758 0.022 0.024
1 0.267 0.138 0.018 0.02
1 0.383 0.165 0.022 0.014
1 0.541 0.155 0.014 0.026
1 0.787 0.251 0.022 0.026
1 0.8 0.301 0.028 0.026
1 0.866 0.541 0.028 0.018
1 0.36 0.7 0.024 0.02
1 0.684 0.543 0.02 0.018
1 0.788 0.612 0.024 0.02
1 0.858 0.66 0.012 0.008
1 0.837 0.759 0.018 0.018
1 0.442 0.527 0.028 0.018
1 0.459 0.511 0.026 0.026
1 0.482 0.561 0.024 0.026
1 0.739 0.471 0.038 0.022
1 0.791 0.489 0.026 0.026
1 0.026 0.265 0.024 0.034
1 0.13 0.259 0.016 0.03
1 0.081 0.198 0.014 0.028
1 0.674 0.028 0.02 0.016
1 0.292 0.495 0.02 0.026
1 0.297 0.527 0.006 0.014
1 0.312 0.515 0.02 0.034
1 0.915 0.473 0.026 0.03
1 0.641 0.455 0.03 0.026
1 0.56 0.543 0.016 0.026
1 0.475 0.721 0.018 0.014
1 0.49 0.727 0.016 0.006
1 0.566 0.689 0.02 0.026
1 0.733 0.516 0.014 0.016
1 0.708 0.766 0.012 0.012
1 0.718 0.769 0.02 0.022
1 0.647 0.774 0.006 0.008
1 0.513 0.866 0.022 0.016
1 0.491 0.929 0.014 0.014
1 0.11 0.788 0.02 0.02
1 0.766 0.274 0.016 0.016
1 0.843 0.344 0.018 0.016
1 0.751 0.359 0.014 0.014
1 0.822 0.365 0.012 0.022
1 0.837 0.37 0.022 0.024
1 0.236 0.229 0.024 0.026
1 0.202 0.167 0.024 0.014
1 0.1 0.043 0.016 0.022
1 0.17 0.062 0.016 0.032
1 0.164 0.084 0.016 0.008
1 0.228 0.752 0.012 0.024
1 0.244 0.753 0.016 0.018
1 0.225 0.831 0.014 0.01
1 0.233 0.823 0.014 0.01
1 0.828 0.389 0.016 0.018
1 0.076 0.552 0.02 0.016
1 0.094 0.52 0.012 0.016
1 0.216 0.04 0.016 0.016
1 0.264 0.017 0.012 0.006
1 0.261 0.223 0.014 0.026
1 0.309 0.223 0.01 0.022
1 0.569 0.201 0.014 0.03
1 0.608 0.209 0.008 0.026
1 0.609 0.005 0.014 0.01
1 0.625 0.002 0.014 0.004
1 0.522 0.99 0.016 0.012
1 0.689 0.992 0.014 0.008
1 0.745 0.38 0.01 0.02
1 0.766 0.432 0.012 0.024
1 0.808 0.371 0.008 0.018
2 0.779 0.378 0.014 0.012
2 0.795 0.374 0.014 0.012
2 0.79 0.353 0.012 0.014
2 0.434 0.642 0.036 0.076
2 0.002 0.835 0.004 0.026
2 0.059 0.586 0.01 0.008
2 0.194 0.462 0.008 0.016
2 0.318 0.187 0.004 0.006
2 0.328 0.268 0.008 0.012
2 0.979 0.493 0.018 0.01
2 0.984 0.592 0.012 0.012
2 0.289 0.989 0.014 0.014
2 0.672 0.997 0.024 0.002
2 0.833 0.102 0.022 0.028
2 0.884 0.115 0.012 0.014
2 0.959 0.622 0.01 0.02
2 0.567 0.961 0.006 0.014
2 0.58 0.961 0.008 0.006