0 0.765 0.065 0.058 0.086
0 0.845 0.093 0.058 0.066
0 0.909 0.115 0.042 0.058
0 0.874 0.038 0.056 0.072
0 0.825 0.014 0.046 0.028
0 0.983 0.097 0.03 0.046
0 0.949 0.046 0.018 0.032
0 0.962 0.187 0.036 0.058
0 0.973 0.302 0.042 0.072
0 0.928 0.287 0.056 0.09
0 0.836 0.344 0.036 0.048
0 0.936 0.464 0.04 0.076
0 0.904 0.392 0.044 0.052
0 0.779 0.329 0.046 0.074
0 0.79 0.464 0.036 0.064
0 0.745 0.484 0.034 0.052
0 0.654 0.502 0.044 0.056
0 0.568 0.436 0.064 0.116
0 0.614 0.379 0.028 0.05
0 0.641 0.369 0.034 0.034
0 0.577 0.525 0.054 0.042
0 0.702 0.613 0.04 0.062
0 0.675 0.65 0.038 0.072
0 0.57 0.668 0.036 0.048
0 0.52 0.643 0.052 0.062
0 0.566 0.573 0.044 0.05
0 0.554 0.609 0.04 0.03
0 0.515 0.56 0.034 0.068
0 0.377 0.551 0.038 0.05
0 0.375 0.607 0.038 0.046
0 0.374 0.655 0.052 0.05
0 0.232 0.617 0.048 0.062
0 0.243 0.746 0.042 0.048
0 0.183 0.768 0.038 0.044
0 0.089 0.74 0.066 0.092
0 0.058 0.786 0.064 0.06
0 0.063 0.855 0.042 0.042
0 0.119 0.866 0.03 0.036
0 0.228 0.932 0.044 0.052
0 0.168 0.918 0.036 0.04
0 0.129 0.925 0.022 0.022
0 0.114 0.972 0.036 0.052
0 0.07 0.98 0.036 0.036
0 0.342 0.845 0.052 0.074
0 0.366 0.948 0.044 0.056
0 0.308 0.891 0.032 0.05
0 0.298 0.96 0.04 0.048
0 0.33 0.963 0.036 0.046
0 0.375 0.738 0.038 0.064
0 0.377 0.817 0.054 0.066
0 0.289 0.761 0.034 0.058
0 0.484 0.842 0.028 0.04
0 0.564 0.73 0.04 0.056
0 0.681 0.717 0.05 0.062
0 0.749 0.694 0.042 0.064
0 0.812 0.601 0.056 0.09
0 0.829 0.69 0.046 0.04
0 0.814 0.799 0.04 0.054
0 0.754 0.933 0.052 0.086
0 0.684 0.843 0.04 0.07
0 0.874 0.938 0.056 0.088
0 0.932 0.888 0.04 0.04
0 0.977 0.813 0.042 0.078
0 0.928 0.765 0.032 0.042
0 0.963 0.687 0.022 0.026
0 0.956 0.662 0.024 0.02
0 0.944 0.59 0.052 0.068
0 0.911 0.549 0.03 0.054
0 0.816 0.746 0.036 0.036
0 0.987 0.963 0.022 0.058
0 0.887 0.904 0.042 0.068
0 0.847 0.75 0.042 0.084
0 0.592 0.837 0.032 0.05
0 0.55 0.865 0.028 0.038
0 0.637 0.967 0.026 0.038
0 0.166 0.13 0.056 0.048
0 0.346 0.138 0.044 0.06
0 0.197 0.084 0.042 0.04
0 0.042 0.134 0.036 0.04
0 0.077 0.252 0.062 0.068
0 0.02 0.355 0.036 0.078
0 0.053 0.454 0.042 0.064
0 0.01 0.493 0.016 0.066
0 0.014 0.595 0.024 0.05
0 0.104 0.648 0.052 0.052
0 0.317 0.528 0.05 0.076
0 0.449 0.628 0.018 0.02
0 0.429 0.612 0.018 0.024
0 0.664 0.597 0.02 0.018
0 0.617 0.619 0.018 0.038
0 0.812 0.538 0.032 0.032
0 0.753 0.558 0.042 0.056
0 0.725 0.497 0.022 0.034
0 0.993 0.537 0.01 0.066
0 0.857 0.405 0.058 0.074
0 0.887 0.358 0.022 0.02
0 0.992 0.392 0.012 0.028
0 0.978 0.418 0.02 0.024
0 0.846 0.272 0.028 0.04
0 0.619 0.181 0.054 0.07
0 0.571 0.14 0.038 0.052
0 0.519 0.151 0.046 0.062
0 0.47 0.145 0.04 0.058
0 0.433 0.129 0.03 0.03
0 0.438 0.176 0.052 0.052
0 0.324 0.259 0.052 0.066
0 0.193 0.429 0.046 0.046
0 0.215 0.248 0.038 0.052
0 0.283 0.241 0.022 0.026
0 0.279 0.487 0.074 0.058
0 0.211 0.515 0.05 0.074
0 0.151 0.474 0.018 0.02
0 0.147 0.494 0.022 0.02
0 0.183 0.336 0.074 0.096
0 0.268 0.372 0.024 0.024
0 0.092 0.337 0.016 0.026
0 0.469 0.399 0.026 0.034
0 0.864 0.536 0.056 0.06
0 0.832 0.517 0.024 0.022
0 0.68 0.437 0.032 0.03
0 0.665 0.276 0.034 0.028
0 0.629 0.281 0.03 0.03
0 0.512 0.405 0.032 0.034
0 0.401 0.337 0.026 0.034
0 0.531 0.031 0.058 0.042
0 0.58 0.006 0.04 0.012
0 0.735 0.112 0.046 0.076
0 0.647 0.159 0.042 0.046
0 0.484 0.246 0.028 0.06
0 0.596 0.292 0.032 0.056
0 0.453 0.536 0.038 0.028
0 0.455 0.51 0.022 0.02
0 0.408 0.867 0.04 0.034
0 0.198 0.862 0.064 0.076
0 0.419 0.98 0.034 0.032
0 0.455 0.835 0.05 0.07
0 0.544 0.986 0.04 0.024
0 0.537 0.961 0.046 0.046
0 0.541 0.932 0.042 0.036
0 0.698 0.984 0.06 0.028
0 0.737 0.821 0.034 0.038
0 0.742 0.8 0.032 0.024
0 0.774 0.878 0.028 0.036
0 0.947 0.968 0.018 0.024
0 0.914 0.962 0.04 0.06
0 0.651 0.858 0.054 0.064
0 0.626 0.822 0.032 0.048
0 0.799 0.719 0.034 0.034
0 0.447 0.757 0.026 0.03
0 0.371 0.783 0.026 0.026
0 0.479 0.772 0.014 0.02
0 0.789 0.697 0.022 0.018
0 0.884 0.777 0.028 0.05
0 0.734 0.849 0.02 0.022
0 0.667 0.978 0.022 0.028
0 0.034 0.868 0.044 0.028
0 0.202 0.655 0.04 0.034
0 0.043 0.614 0.018 0.02
0 0.023 0.68 0.022 0.028
0 0.015 0.647 0.026 0.03
0 0.682 0.345 0.048 0.082
0 0.601 0.333 0.022 0.014
0 0.457 0.355 0.042 0.034
0 0.441 0.299 0.042 0.07
0 0.452 0.263 0.036 0.05
0 0.252 0.222 0.02 0.024
0 0.164 0.179 0.02 0.022
0 0.302 0.128 0.02 0.032
0 0.212 0.167 0.044 0.038
0 0.332 0.032 0.06 0.064
0 0.292 0.021 0.044 0.042
0 0.26 0.032 0.032 0.04
0 0.208 0.035 0.072 0.07
0 0.126 0.047 0.056 0.026
0 0.063 0.174 0.042 0.032
0 0.121 0.092 0.014 0.008
0 0.171 0.222 0.026 0.04
0 0.358 0.392 0.02 0.032
0 0.314 0.752 0.024 0.02
0 0.188 0.583 0.012 0.014
0 0.14 0.55 0.02 0.02
0 0.025 0.988 0.022 0.02
0 0.006 0.867 0.008 0.022
0 0.217 0.683 0.05 0.03
0 0.886 0.494 0.06 0.04
0 0.76 0.247 0.012 0.018
0 0.77 0.185 0.016 0.014
0 0.83 0.136 0.036 0.028
0 0.423 0.758 0.018 0.036
0 0.892 0.217 0.036 0.054
0 0.537 0.327 0.018 0.022
0 0.581 0.234 0.022 0.036
0 0.506 0.092 0.056 0.048
0 0.972 0.253 0.024 0.014
0 0.995 0.188 0.006 0.052
0 0.455 0.227 0.022 0.018
0 0.093 0.061 0.022 0.018
0 0.009 0.097 0.014 0.03
0 0.35 0.36 0.02 0.032
0 0.357 0.38 0.01 0.008
0 0.255 0.545 0.018 0.026
0 0.069 0.552 0.026 0.02
0 0.264 0.572 0.016 0.016
0 0.235 0.559 0.034 0.03
0 0.149 0.575 0.018 0.014
0 0.178 0.739 0.016 0.018
0 0.138 0.747 0.024 0.018
0 0.13 0.764 0.02 0.016
0 0.48 0.803 0.032 0.034
0 0.267 0.535 0.018 0.014
0 0.194 0.625 0.016 0.01
0 0.035 0.418 0.034 0.044
0 0.312 0.339 0.028 0.058
0 0.037 0.162 0.026 0.02
0 0.107 0.139 0.042 0.07
0 0.136 0.018 0.028 0.032
0 0.104 0.023 0.028 0.03
0 0.577 0.793 0.018 0.01
0 0.714 0.818 0.012 0.012
0 0.77 0.206 0.024 0.032
0 0.921 0.224 0.022 0.02
0 0.567 0.36 0.01 0.008
0 0.351 0.497 0.018 0.014
0 0.43 0.006 0.024 0.012
0 0.209 0.224 0.018 0.024
0 0.484 0.898 0.02 0.02
0 0.434 0.246 0.032 0.032
0 0.11 0.322 0.02 0.028
0 0.567 0.104 0.01 0.016
0 0.227 0.964 0.022 0.028
1 0.194 0.258 0.008 0.02
1 0.121 0.083 0.01 0.006
1 0.219 0.392 0.022 0.02
1 0.429 0.961 0.018 0.022
1 0.035 0.91 0.018 0.024
1 0.611 0.673 0.018 0.034
1 0.541 0.806 0.03 0.016
1 0.293 0.712 0.018 0.024
1 0.7 0.566 0.016 0.016
1 0.749 0.203 0.014 0.026
1 0.713 0.174 0.018 0.024
1 0.71 0.278 0.008 0.008
1 0.832 0.919 0.028 0.018
1 0.76 0.843 0.02 0.01
1 0.913 0.798 0.022 0.016
1 0.98 0.151 0.012 0.018
1 0.984 0.231 0.008 0.014
1 0.289 0.139 0.014 0.014
1 0.254 0.269 0.012 0.01
1 0.252 0.255 0.016 0.01
1 0.445 0.782 0.01 0.008
1 0.43 0.513 0.016 0.01
1 0.192 0.053 0.016 0.01
1 0.72 0.388 0.008 0.016
1 0.874 0.628 0.012 0.016
1 0.985 0.696 0.01 0.012
1 0.988 0.884 0.012 0.02
1 0.522 0.89 0.004 0.008
1 0.519 0.901 0.002 0.006
1 0.522 0.908 0.004 0.008
1 0.483 0.943 0.006 0.01
1 0.581 0.977 0.01 0.01
1 0.713 0.254 0.006 0.008
1 0.387 0.682 0.01 0.008
1 0.38 0.687 0.008 0.01
1 0.242 0.41 0.008 0.008
1 0.054 0.013 0.008 0.006
1 0.381 0.891 0.01 0.01
1 0.662 0.043 0.016 0.022
1 0.677 0.557 0.018 0.014
1 0.446 0.593 0.012 0.018
2 0.183 0.996 0.026 0.004
2 0.003 0.825 0.002 0.026
2 0.684 0.236 0.02 0.012
2 0.721 0.241 0.022 0.022
2 0.49 0.359 0.016 0.038
2 0.338 0.77 0.036 0.032
2 0.645 0.323 0.014 0.01
2 0.646 0.339 0.02 0.018
2 0.995 0.425 0.006 0.01
2 0.734 0.002 0.044 0.004
2 0.616 0.125 0.008 0.006
2 0.298 0.066 0.004 0.008
2 0.875 0.805 0.014 0.01
2 0.996 0.86 0.004 0.004
2 0.263 0.946 0.002 0.004
2 0.686 0.069 0.02 0.014
2 0.848 0.181 0.016 0.01
2 0.828 0.188 0.016 0.008