0 0.965 0.352 0.066 0.088
0 0.757 0.391 0.066 0.082
0 0.753 0.343 0.062 0.042
0 0.686 0.4 0.06 0.096
0 0.938 0.202 0.052 0.068
0 0.9 0.197 0.032 0.05
0 0.774 0.321 0.056 0.038
0 0.745 0.282 0.07 0.052
0 0.701 0.25 0.058 0.088
0 0.904 0.274 0.048 0.068
0 0.897 0.311 0.038 0.042
0 0.786 0.242 0.036 0.052
0 0.934 0.586 0.048 0.068
0 0.946 0.531 0.036 0.038
0 0.915 0.538 0.046 0.028
0 0.864 0.536 0.04 0.068
0 0.982 0.143 0.032 0.074
0 0.898 0.054 0.06 0.052
0 0.897 0.378 0.042 0.048
0 0.87 0.427 0.036 0.046
0 0.824 0.418 0.04 0.04
0 0.941 0.035 0.042 0.034
0 0.631 0.115 0.034 0.046
0 0.174 0.026 0.056 0.048
0 0.07 0.152 0.056 0.092
0 0.166 0.195 0.056 0.07
0 0.128 0.107 0.076 0.046
0 0.651 0.347 0.038 0.062
0 0.39 0.041 0.044 0.038
0 0.349 0.049 0.058 0.038
0 0.276 0.084 0.052 0.044
0 0.308 0.144 0.06 0.052
0 0.537 0.148 0.042 0.048
0 0.481 0.285 0.062 0.098
0 0.989 0.473 0.018 0.082
0 0.967 0.454 0.03 0.036
0 0.786 0.647 0.048 0.042
0 0.795 0.683 0.038 0.034
0 0.793 0.612 0.03 0.036
0 0.907 0.635 0.038 0.034
0 0.875 0.642 0.038 0.056
0 0.873 0.709 0.03 0.042
0 0.784 0.863 0.052 0.05
0 0.777 0.822 0.042 0.032
0 0.797 0.836 0.026 0.028
0 0.692 0.483 0.044 0.046
0 0.615 0.547 0.042 0.062
0 0.515 0.597 0.05 0.086
0 0.446 0.563 0.056 0.082
0 0.324 0.374 0.056 0.088
0 0.495 0.433 0.05 0.054
0 0.602 0.478 0.044 0.04
0 0.64 0.533 0.024 0.054
0 0.635 0.797 0.054 0.09
0 0.612 0.718 0.056 0.064
0 0.62 0.648 0.048 0.052
0 0.555 0.684 0.038 0.036
0 0.732 0.738 0.036 0.068
0 0.813 0.738 0.042 0.044
0 0.919 0.753 0.038 0.054
0 0.986 0.678 0.024 0.04
0 0.473 0.054 0.038 0.032
0 0.352 0.107 0.028 0.038
0 0.435 0.438 0.03 0.036
0 0.383 0.332 0.034 0.032
0 0.147 0.329 0.05 0.078
0 0.049 0.402 0.058 0.076
0 0.022 0.42 0.032 0.04
0 0.03 0.529 0.052 0.07
0 0.257 0.552 0.062 0.112
0 0.389 0.573 0.038 0.082
0 0.331 0.511 0.05 0.058
0 0.66 0.978 0.048 0.04
0 0.728 0.964 0.048 0.068
0 0.517 0.877 0.042 0.038
0 0.525 0.83 0.026 0.044
0 0.578 0.826 0.032 0.032
0 0.31 0.623 0.056 0.11
0 0.443 0.782 0.034 0.06
0 0.414 0.85 0.048 0.076
0 0.302 0.662 0.052 0.032
0 0.088 0.659 0.04 0.066
0 0.127 0.701 0.062 0.09
0 0.202 0.61 0.032 0.072
0 0.018 0.634 0.032 0.048
0 0.073 0.593 0.038 0.05
0 0.072 0.967 0.04 0.054
0 0.061 0.937 0.042 0.034
0 0.153 0.877 0.034 0.058
0 0.247 0.878 0.034 0.036
0 0.175 0.977 0.042 0.042
0 0.449 0.955 0.042 0.062
0 0.394 0.977 0.036 0.042
0 0.381 0.927 0.046 0.042
0 0.323 0.968 0.034 0.06
0 0.279 0.979 0.034 0.038
0 0.314 0.751 0.04 0.046
0 0.433 0.68 0.042 0.108
0 0.177 0.634 0.046 0.076
0 0.081 0.731 0.034 0.054
0 0.006 0.165 0.008 0.046
1 0.96 0.263 0.032 0.026
1 0.851 0.237 0.022 0.034
1 0.795 0.203 0.022 0.03
1 0.699 0.184 0.022 0.02
1 0.943 0.087 0.022 0.026
1 0.855 0.014 0.022 0.024
1 0.822 0.081 0.028 0.026
1 0.778 0.025 0.044 0.042
1 0.751 0.05 0.03 0.028
1 0.718 0.021 0.028 0.018
1 0.155 0.127 0.022 0.022
1 0.449 0.256 0.018 0.024
1 0.782 0.143 0.044 0.034
1 0.597 0.312 0.018 0.028
1 0.606 0.289 0.02 0.03
1 0.631 0.237 0.026 0.022
1 0.564 0.111 0.032 0.03
1 0.505 0.193 0.042 0.03
1 0.44 0.166 0.032 0.028
1 0.371 0.193 0.018 0.042
1 0.959 0.424 0.022 0.02
1 0.87 0.672 0.016 0.02
1 0.777 0.445 0.026 0.018
1 0.864 0.363 0.016 0.022
1 0.721 0.499 0.022 0.026
1 0.488 0.454 0.02 0.024
1 0.969 0.703 0.01 0.014
1 0.973 0.692 0.01 0.016
1 0.847 0.77 0.026 0.032
1 0.801 0.774 0.018 0.02
1 0.695 0.634 0.026 0.024
1 0.355 0.332 0.022 0.02
1 0.116 0.208 0.036 0.028
1 0.134 0.163 0.024 0.022
1 0.034 0.026 0.016 0.028
1 0.205 0.287 0.018 0.034
1 0.183 0.245 0.03 0.018
1 0.145 0.267 0.022 0.022
1 0.095 0.286 0.022 0.036
1 0.065 0.265 0.03 0.038
1 0.046 0.45 0.024 0.024
1 0.265 0.44 0.014 0.02
1 0.151 0.431 0.038 0.03
1 0.392 0.426 0.024 0.032
1 0.765 0.954 0.022 0.032
1 0.56 0.794 0.024 0.032
1 0.619 0.852 0.03 0.028
1 0.522 0.907 0.024 0.018
1 0.589 0.421 0.03 0.03
1 0.489 0.831 0.022 0.026
1 0.368 0.862 0.02 0.02
1 0.343 0.807 0.03 0.03
1 0.242 0.654 0.016 0.02
1 0.061 0.69 0.026 0.02
1 0.047 0.616 0.026 0.032
1 0.085 0.894 0.018 0.02
1 0.336 0.924 0.024 0.028
1 0.221 0.967 0.026 0.03
1 0.293 0.917 0.03 0.026
1 0.346 0.715 0.032 0.022
1 0.689 0.889 0.022 0.018
1 0.579 0.879 0.022 0.03
1 0.698 0.688 0.02 0.028
1 0.562 0.501 0.016 0.018
1 0.546 0.495 0.016 0.022
1 0.479 0.515 0.018 0.018
1 0.905 0.806 0.022 0.028
1 0.048 0.829 0.028 0.014
1 0.095 0.548 0.038 0.032
1 0.022 0.576 0.02 0.036
1 0.234 0.463 0.032 0.022
1 0.226 0.711 0.016 0.014
1 0.07 0.029 0.024 0.022
2 0.414 0.379 0.024 0.05
2 0.404 0.319 0.02 0.046
2 0.737 0.564 0.022 0.036
2 0.642 0.289 0.008 0.026
2 0.037 0.751 0.014 0.014
2 0.488 0.979 0.016 0.026
2 0.157 0.779 0.022 0.074
2 0.166 0.726 0.016 0.028
2 0.586 0.237 0.02 0.018
2 0.84 0.485 0.024 0.018
2 0.762 0.157 0.028 0.018
2 0.051 0.03 0.014 0.012
2 0.025 0.093 0.018 0.014
2 0.225 0.383 0.018 0.014