0 0.123 0.761 0.03 0.038
0 0.069 0.777 0.038 0.042
0 0.035 0.652 0.042 0.048
0 0.14 0.65 0.032 0.036
0 0.194 0.781 0.04 0.05
0 0.145 0.72 0.038 0.048
0 0.207 0.72 0.03 0.048
0 0.251 0.769 0.034 0.054
0 0.171 0.831 0.05 0.062
0 0.124 0.912 0.048 0.056
0 0.237 0.839 0.046 0.046
0 0.29 0.814 0.032 0.056
0 0.433 0.801 0.05 0.05
0 0.376 0.747 0.032 0.038
0 0.478 0.734 0.032 0.052
0 0.608 0.67 0.044 0.076
0 0.666 0.779 0.04 0.058
0 0.594 0.79 0.04 0.048
0 0.599 0.771 0.042 0.046
0 0.692 0.973 0.04 0.05
0 0.725 0.953 0.034 0.07
0 0.773 0.97 0.03 0.056
0 0.828 0.951 0.052 0.07
0 0.948 0.981 0.048 0.034
0 0.697 0.935 0.03 0.054
0 0.653 0.864 0.038 0.064
0 0.58 0.894 0.044 0.06
0 0.591 0.875 0.042 0.054
0 0.456 0.892 0.04 0.06
0 0.359 0.896 0.042 0.056
0 0.289 0.963 0.034 0.07
0 0.546 0.936 0.056 0.068
0 0.732 0.876 0.048 0.06
0 0.869 0.782 0.03 0.072
0 0.978 0.816 0.04 0.052
0 0.907 0.754 0.054 0.056
0 0.942 0.737 0.028 0.046
0 0.984 0.753 0.028 0.07
0 0.964 0.728 0.04 0.052
0 0.867 0.701 0.034 0.046
0 0.822 0.709 0.032 0.042
0 0.831 0.682 0.038 0.04
0 0.753 0.812 0.05 0.064
0 0.662 0.707 0.028 0.034
0 0.691 0.732 0.034 0.044
0 0.527 0.733 0.03 0.046
0 0.467 0.652 0.05 0.084
0 0.376 0.64 0.032 0.044
0 0.302 0.607 0.036 0.034
0 0.341 0.611 0.03 0.038
0 0.355 0.586 0.034 0.04
0 0.407 0.676 0.034 0.044
0 0.524 0.643 0.044 0.046
0 0.477 0.564 0.03 0.04
0 0.511 0.593 0.026 0.026
0 0.565 0.574 0.03 0.052
0 0.633 0.585 0.038 0.034
0 0.68 0.601 0.044 0.058
0 0.697 0.569 0.034 0.038
0 0.684 0.526 0.028 0.052
0 0.741 0.578 0.034 0.052
0 0.801 0.549 0.038 0.042
0 0.904 0.531 0.032 0.042
0 0.949 0.525 0.046 0.046
0 0.976 0.609 0.04 0.054
0 0.783 0.611 0.042 0.054
0 0.609 0.472 0.03 0.04
0 0.514 0.408 0.056 0.064
0 0.417 0.441 0.034 0.05
0 0.352 0.461 0.036 0.034
0 0.386 0.48 0.032 0.036
0 0.372 0.544 0.032 0.04
0 0.334 0.517 0.036 0.046
0 0.314 0.556 0.028 0.04
0 0.249 0.515 0.038 0.038
0 0.301 0.513 0.034 0.038
0 0.295 0.483 0.026 0.034
0 0.301 0.409 0.026 0.022
0 0.325 0.39 0.03 0.032
0 0.357 0.412 0.042 0.024
0 0.423 0.394 0.026 0.04
0 0.381 0.351 0.03 0.046
0 0.472 0.333 0.032 0.038
0 0.541 0.351 0.03 0.038
0 0.575 0.345 0.026 0.03
0 0.586 0.356 0.024 0.036
0 0.274 0.351 0.028 0.046
0 0.22 0.359 0.048 0.066
0 0.192 0.265 0.024 0.046
0 0.245 0.286 0.042 0.06
0 0.175 0.312 0.034 0.044
0 0.289 0.317 0.03 0.034
0 0.346 0.279 0.032 0.05
0 0.381 0.288 0.03 0.04
0 0.414 0.281 0.028 0.038
0 0.389 0.252 0.03 0.04
0 0.422 0.236 0.036 0.036
0 0.483 0.205 0.034 0.03
0 0.469 0.256 0.03 0.04
0 0.566 0.199 0.04 0.038
0 0.565 0.156 0.042 0.028
0 0.507 0.126 0.03 0.04
0 0.471 0.161 0.034 0.034
0 0.427 0.135 0.026 0.046
0 0.422 0.084 0.036 0.044
0 0.462 0.046 0.028 0.044
0 0.541 0.087 0.046 0.034
0 0.553 0.045 0.038 0.05
0 0.591 0.016 0.038 0.028
0 0.697 0.09 0.042 0.068
0 0.698 0.21 0.028 0.04
0 0.724 0.22 0.028 0.04
0 0.814 0.242 0.032 0.036
0 0.877 0.256 0.034 0.032
0 0.918 0.184 0.028 0.04
0 0.847 0.2 0.034 0.036
0 0.91 0.302 0.036 0.052
0 0.768 0.355 0.036 0.046
0 0.81 0.343 0.028 0.034
0 0.805 0.311 0.042 0.034
0 0.833 0.332 0.038 0.032
0 0.63 0.299 0.036 0.038
0 0.672 0.342 0.036 0.04
0 0.496 0.286 0.032 0.048
0 0.496 0.308 0.04 0.048
0 0.521 0.277 0.026 0.026
0 0.549 0.291 0.03 0.038
0 0.571 0.3 0.034 0.036
0 0.59 0.272 0.04 0.032
0 0.624 0.248 0.028 0.036
0 0.606 0.207 0.028 0.062
0 0.694 0.144 0.028 0.04
0 0.646 0.198 0.028 0.04
0 0.741 0.152 0.054 0.056
0 0.694 0.168 0.032 0.036
0 0.438 0.204 0.036 0.036
0 0.346 0.211 0.024 0.042
0 0.297 0.269 0.034 0.05
0 0.3 0.234 0.032 0.024
0 0.245 0.231 0.03 0.034
0 0.249 0.204 0.038 0.036
0 0.068 0.238 0.032 0.052
0 0.124 0.154 0.032 0.048
0 0.103 0.07 0.026 0.04
0 0.196 0.058 0.028 0.052
0 0.289 0.04 0.042 0.044
0 0.293 0.012 0.03 0.02
0 0.317 0.012 0.026 0.02
0 0.365 0.013 0.03 0.022
0 0.339 0.133 0.026 0.042
0 0.33 0.06 0.028 0.04
0 0.082 0.09 0.044 0.056
0 0.066 0.096 0.028 0.028
0 0.017 0.149 0.034 0.038
0 0.009 0.023 0.018 0.042
0 0.086 0.021 0.028 0.038
0 0.102 0.244 0.028 0.052
0 0.12 0.223 0.036 0.058
0 0.149 0.212 0.046 0.084
0 0.103 0.351 0.038 0.054
0 0.016 0.403 0.032 0.042
0 0.01 0.269 0.02 0.034
0 0.023 0.261 0.03 0.05
0 0.058 0.174 0.028 0.06
0 0.133 0.368 0.03 0.032
0 0.045 0.491 0.038 0.038
0 0.087 0.496 0.03 0.036
0 0.129 0.49 0.034 0.044
0 0.149 0.47 0.03 0.036
0 0.052 0.583 0.032 0.034
0 0.129 0.583 0.034 0.038
0 0.21 0.637 0.04 0.046
0 0.215 0.553 0.026 0.03
0 0.228 0.536 0.028 0.028
0 0.271 0.689 0.03 0.034
0 0.357 0.694 0.034 0.036
0 0.427 0.604 0.03 0.036
0 0.449 0.595 0.034 0.042
0 0.452 0.515 0.032 0.042
0 0.472 0.491 0.028 0.046
0 0.402 0.518 0.06 0.044
0 0.311 0.464 0.026 0.036
0 0.292 0.439 0.032 0.03
0 0.251 0.415 0.03 0.038
0 0.276 0.42 0.02 0.028
0 0.279 0.399 0.026 0.03
0 0.182 0.486 0.032 0.036
0 0.056 0.371 0.048 0.038
0 0.194 0.216 0.032 0.056
0 0.198 0.164 0.032 0.056
0 0.176 0.129 0.02 0.03
0 0.308 0.092 0.044 0.068
0 0.344 0.09 0.028 0.028
0 0.365 0.087 0.03 0.05
0 0.253 0.156 0.054 0.092
0 0.212 0.114 0.024 0.048
0 0.284 0.175 0.036 0.05
0 0.283 0.138 0.026 0.028
0 0.569 0.116 0.026 0.044
0 0.594 0.11 0.032 0.04
0 0.604 0.092 0.036 0.032
0 0.644 0.04 0.028 0.04
0 0.678 0.037 0.036 0.034
0 0.731 0.04 0.03 0.032
0 0.734 0.013 0.024 0.022
0 0.765 0.026 0.034 0.032
0 0.809 0.034 0.038 0.036
0 0.771 0.204 0.026 0.036
0 0.796 0.185 0.024 0.03
0 0.858 0.149 0.032 0.038
0 0.704 0.431 0.036 0.05
0 0.721 0.452 0.03 0.044
0 0.742 0.415 0.04 0.034
0 0.757 0.439 0.038 0.03
0 0.834 0.388 0.04 0.032
0 0.867 0.354 0.03 0.036
0 0.863 0.419 0.034 0.042
0 0.8 0.439 0.04 0.038
0 0.785 0.466 0.026 0.028
0 0.834 0.443 0.036 0.038
0 0.87 0.497 0.032 0.05
0 0.891 0.434 0.034 0.044
0 0.911 0.385 0.042 0.058
0 0.95 0.454 0.036 0.036
0 0.864 0.631 0.052 0.058
0 0.783 0.685 0.034 0.042
0 0.778 0.705 0.036 0.034
0 0.793 0.727 0.03 0.054
0 0.55 0.489 0.032 0.042
0 0.569 0.474 0.034 0.036
0 0.098 0.393 0.032 0.03
0 0.129 0.414 0.034 0.056
0 0.032 0.735 0.048 0.054
0 0.066 0.737 0.036 0.034
0 0.044 0.872 0.052 0.072
0 0.007 0.937 0.014 0.042
0 0.049 0.992 0.038 0.012
0 0.158 0.928 0.04 0.04
0 0.396 0.938 0.052 0.072
0 0.474 0.972 0.04 0.052
0 0.548 0.98 0.04 0.036
0 0.712 0.303 0.032 0.046
0 0.754 0.302 0.036 0.036
0 0.893 0.908 0.042 0.084
0 0.949 0.905 0.038 0.046
0 0.933 0.87 0.038 0.048
0 0.962 0.858 0.044 0.056
0 0.992 0.876 0.012 0.048
0 0.73 0.634 0.036 0.04
0 0.809 0.503 0.034 0.046
0 0.985 0.488 0.026 0.06
0 0.982 0.364 0.032 0.052
0 0.83 0.293 0.024 0.034
0 0.669 0.414 0.03 0.056
0 0.641 0.419 0.042 0.046
0 0.669 0.233 0.042 0.046
0 0.737 0.109 0.042 0.038
0 0.791 0.099 0.054 0.042
0 0.839 0.087 0.026 0.034
0 0.833 0.019 0.03 0.034
0 0.492 0.037 0.028 0.034
0 0.51 0.014 0.032 0.024
0 0.686 0.01 0.028 0.016
0 0.656 0.02 0.02 0.024
0 0.902 0.199 0.04 0.046
0 0.974 0.227 0.032 0.054
0 0.907 0.13 0.034 0.036
0 0.928 0.011 0.044 0.018
0 0.987 0.015 0.022 0.03
0 0.886 0.098 0.032 0.052
0 0.938 0.062 0.032 0.036
0 0.991 0.131 0.014 0.038
0 0.981 0.092 0.026 0.04
0 0.6 0.255 0.024 0.034
0 0.341 0.353 0.046 0.046
0 0.395 0.45 0.034 0.06
0 0.496 0.555 0.04 0.046
0 0.516 0.554 0.036 0.06
0 0.033 0.321 0.066 0.046
0 0.07 0.307 0.032 0.034
0 0.41 0.305 0.02 0.03
0 0.437 0.296 0.022 0.032
0 0.446 0.443 0.032 0.03
0 0.548 0.768 0.028 0.06
0 0.26 0.721 0.032 0.042
0 0.081 0.848 0.046 0.048
0 0.104 0.837 0.048 0.058
0 0.349 0.976 0.058 0.044
0 0.163 0.978 0.046 0.04
0 0.005 0.992 0.01 0.012
0 0.227 0.97 0.074 0.056
0 0.615 0.986 0.042 0.024
0 0.405 0.995 0.034 0.006
0 0.097 0.692 0.026 0.048
0 0.108 0.672 0.02 0.04
0 0.984 0.643 0.028 0.05
0 0.191 0.021 0.054 0.038
0 0.463 0.113 0.034 0.034
0 0.443 0.938 0.034 0.04
0 0.537 0.824 0.03 0.044
0 0.764 0.657 0.036 0.034
0 0.686 0.373 0.044 0.022
0 0.923 0.271 0.03 0.038
0 0.979 0.443 0.03 0.046
0 0.93 0.093 0.048 0.046
0 0.759 0.627 0.026 0.026
0 0.017 0.629 0.034 0.034
0 0.149 0.51 0.022 0.032
0 0.73 0.276 0.04 0.028
0 0.821 0.176 0.026 0.036
0 0.883 0.024 0.022 0.036
0 0.771 0.006 0.026 0.008
0 0.811 0.009 0.038 0.014
0 0.982 0.275 0.032 0.038
0 0.053 0.018 0.046 0.032
0 0.009 0.12 0.018 0.032
0 0.33 0.161 0.032 0.026
0 0.4 0.018 0.044 0.032
0 0.651 0.004 0.022 0.004
0 0.643 0.345 0.034 0.042
0 0.954 0.402 0.024 0.02
1 0.247 0.873 0.026 0.018
1 0.377 0.833 0.018 0.03
1 0.274 0.862 0.024 0.024
1 0.219 0.876 0.026 0.016
1 0.382 0.778 0.02 0.02
1 0.518 0.967 0.016 0.026
1 0.517 0.782 0.03 0.036
1 0.557 0.837 0.022 0.022
1 0.582 0.826 0.024 0.024
1 0.701 0.822 0.018 0.024
1 0.702 0.789 0.016 0.026
1 0.824 0.885 0.016 0.026
1 0.866 0.922 0.016 0.024
1 0.858 0.858 0.024 0.024
1 0.847 0.83 0.014 0.036
1 0.825 0.8 0.018 0.016
1 0.827 0.989 0.01 0.018
1 0.924 0.589 0.032 0.026
1 0.987 0.534 0.022 0.016
1 0.605 0.562 0.022 0.024
1 0.635 0.539 0.018 0.022
1 0.755 0.514 0.014 0.016
1 0.755 0.501 0.018 0.006
1 0.839 0.569 0.018 0.026
1 0.509 0.036 0.014 0.028
1 0.321 0.329 0.01 0.03
1 0.179 0.403 0.022 0.03
1 0.144 0.314 0.024 0.036
1 0.102 0.418 0.016 0.016
1 0.054 0.351 0.032 0.022
1 0.511 0.261 0.022 0.014
1 0.539 0.236 0.03 0.024
1 0.633 0.173 0.018 0.022
1 0.492 0.467 0.024 0.038
1 0.659 0.479 0.026 0.018
1 0.657 0.436 0.014 0.012
1 0.552 0.524 0.016 0.008
1 0.564 0.535 0.012 0.018
1 0.817 0.594 0.022 0.016
1 0.277 0.737 0.018 0.018
1 0.128 0.98 0.016 0.024
1 0.042 0.938 0.02 0.036
1 0.5 0.975 0.012 0.014
1 0.069 0.71 0.022 0.024
1 0.035 0.52 0.026 0.024
1 0.195 0.593 0.022 0.022
1 0.246 0.077 0.028 0.022
1 0.414 0.173 0.024 0.022
1 0.248 0.803 0.02 0.022
1 0.947 0.325 0.034 0.026
1 0.916 0.034 0.032 0.016
1 0.271 0.568 0.022 0.024
1 0.657 0.56 0.018 0.024
1 0.647 0.677 0.018 0.018
1 0.63 0.614 0.012 0.012
1 0.766 0.064 0.016 0.028
1 0.763 0.132 0.018 0.02
1 0.009 0.218 0.018 0.02
1 0.19 0.13 0.012 0.012
1 0.418 0.044 0.012 0.016
1 0.527 0.06 0.018 0.016
1 0.418 0.652 0.02 0.02
1 0.742 0.687 0.016 0.022
1 0.894 0.655 0.012 0.022
1 0.974 0.403 0.008 0.014
1 0.456 0.224 0.02 0.02
1 0.17 0.904 0.012 0.012
2 0.145 0.115 0.05 0.038
2 0.263 0.608 0.034 0.044
2 0.456 0.364 0.028 0.04
2 0.647 0.641 0.038 0.03
2 0.514 0.905 0.032 0.03
2 0.205 0.896 0.038 0.044
2 0.306 0.797 0.024 0.038
2 0.614 0.514 0.028 0.028
2 0.098 0.605 0.032 0.034
2 0.534 0.601 0.02 0.042
2 0.812 0.271 0.06 0.03
2 0.952 0.271 0.028 0.038
2 0.684 0.289 0.024 0.046
2 0.351 0.651 0.026 0.026
2 0.993 0.948 0.01 0.012
2 0.911 0.826 0.018 0.02
2 0.719 0.489 0.014 0.018
2 0.001 0.972 0.002 0.02
2 0.004 0.828 0.008 0.032
2 0.983 0.068 0.03 0.036
2 0.29 0.547 0.012 0.014
2 0.441 0.55 0.014 0.016
2 0.983 0.04 0.014 0.012
2 0.939 0.15 0.01 0.012
2 0.511 0.684 0.014 0.016
2 0.441 0.743 0.01 0.01
2 0.428 0.755 0.004 0.01
2 0.468 0.823 0.008 0.01
2 0.301 0.936 0.018 0.012
2 0.322 0.919 0.016 0.022
2 0.05 0.977 0.008 0.01
2 0.916 0.632 0.016 0.02
2 0.887 0.577 0.014 0.026
2 0.833 0.599 0.006 0.01
2 0.838 0.59 0.016 0.008
2 0.841 0.605 0.006 0.006
2 0.233 0.182 0.01 0.02
2 0.107 0.463 0.014 0.026
2 0.146 0.546 0.016 0.02
2 0.187 0.532 0.018 0.024
2 0.133 0.691 0.03 0.022
2 0.992 0.582 0.012 0.024
2 0.85 0.562 0.008 0.008
2 0.329 0.233 0.006 0.01
2 0.599 0.95 0.01 0.012
2 0.552 0.804 0.012 0.012