0 0.33 0.568 0.056 0.064
0 0.047 0.968 0.074 0.06
0 0.02 0.939 0.04 0.042
0 0.038 0.876 0.048 0.052
0 0.075 0.84 0.066 0.052
0 0.131 0.805 0.034 0.046
0 0.123 0.885 0.042 0.034
0 0.106 0.915 0.028 0.026
0 0.186 0.799 0.052 0.066
0 0.241 0.818 0.042 0.044
0 0.27 0.956 0.044 0.04
0 0.283 0.893 0.078 0.074
0 0.222 0.904 0.048 0.04
0 0.23 0.938 0.036 0.044
0 0.353 0.984 0.054 0.028
0 0.035 0.733 0.046 0.062
0 0.012 0.743 0.024 0.058
0 0.317 0.803 0.086 0.106
0 0.027 0.628 0.05 0.052
0 0.572 0.893 0.056 0.086
0 0.528 0.969 0.06 0.058
0 0.824 0.98 0.036 0.036
0 0.867 0.937 0.034 0.046
0 0.91 0.93 0.04 0.028
0 0.937 0.909 0.05 0.038
0 0.635 0.965 0.054 0.038
0 0.724 0.871 0.036 0.054
0 0.686 0.894 0.044 0.072
0 0.935 0.986 0.05 0.024
0 0.491 0.807 0.05 0.066
0 0.441 0.81 0.05 0.06
0 0.263 0.715 0.046 0.074
0 0.436 0.677 0.04 0.05
0 0.464 0.65 0.04 0.036
0 0.486 0.671 0.056 0.066
0 0.523 0.634 0.034 0.04
0 0.655 0.804 0.042 0.04
0 0.697 0.762 0.054 0.072
0 0.854 0.768 0.076 0.064
0 0.896 0.704 0.044 0.052
0 0.947 0.714 0.03 0.048
0 0.953 0.874 0.038 0.044
0 0.882 0.821 0.036 0.03
0 0.973 0.82 0.038 0.056
0 0.993 0.856 0.01 0.028
0 0.599 0.626 0.05 0.064
0 0.65 0.676 0.068 0.088
0 0.038 0.108 0.056 0.048
0 0.047 0.06 0.034 0.04
0 0.116 0.033 0.024 0.046
0 0.088 0.031 0.036 0.038
0 0.178 0.052 0.044 0.036
0 0.218 0.064 0.04 0.036
0 0.204 0.083 0.044 0.034
0 0.193 0.118 0.042 0.032
0 0.175 0.139 0.026 0.03
0 0.243 0.016 0.038 0.032
0 0.133 0.095 0.03 0.034
0 0.216 0.16 0.036 0.032
0 0.13 0.346 0.06 0.072
0 0.08 0.157 0.02 0.038
0 0.101 0.154 0.026 0.028
0 0.204 0.326 0.032 0.056
0 0.222 0.357 0.048 0.054
0 0.285 0.35 0.054 0.076
0 0.131 0.567 0.038 0.046
0 0.152 0.589 0.056 0.07
0 0.252 0.667 0.048 0.034
0 0.405 0.562 0.07 0.096
0 0.28 0.538 0.052 0.06
0 0.138 0.467 0.06 0.054
0 0.017 0.416 0.034 0.076
0 0.015 0.503 0.03 0.026
0 0.163 0.431 0.07 0.066
0 0.881 0.565 0.062 0.07
0 0.857 0.013 0.038 0.026
0 0.889 0.008 0.03 0.016
0 0.901 0.022 0.03 0.032
0 0.953 0.058 0.038 0.04
0 0.927 0.068 0.038 0.048
0 0.905 0.051 0.034 0.03
0 0.876 0.073 0.032 0.042
0 0.893 0.089 0.022 0.042
0 0.992 0.093 0.012 0.034
0 0.971 0.156 0.03 0.04
0 0.992 0.157 0.012 0.034
0 0.899 0.249 0.042 0.05
0 0.755 0.015 0.034 0.03
0 0.81 0.121 0.036 0.058
0 0.749 0.128 0.034 0.04
0 0.768 0.153 0.032 0.038
0 0.966 0.303 0.064 0.046
0 0.524 0.02 0.048 0.04
0 0.507 0.07 0.046 0.036
0 0.32 0.052 0.048 0.052
0 0.359 0.481 0.058 0.062
0 0.395 0.486 0.042 0.056
0 0.448 0.448 0.044 0.052
0 0.335 0.259 0.05 0.066
0 0.394 0.273 0.048 0.054
0 0.425 0.266 0.034 0.044
0 0.434 0.366 0.04 0.064
0 0.406 0.328 0.056 0.072
0 0.511 0.327 0.054 0.042
0 0.517 0.364 0.046 0.048
0 0.571 0.412 0.042 0.056
0 0.868 0.509 0.064 0.078
0 0.661 0.334 0.046 0.048
0 0.849 0.113 0.026 0.042
0 0.751 0.411 0.058 0.054
0 0.749 0.457 0.042 0.042
0 0.569 0.37 0.038 0.04
0 0.687 0.3 0.042 0.032
0 0.785 0.206 0.042 0.04
0 0.586 0.074 0.032 0.044
0 0.651 0.066 0.038 0.036
0 0.851 0.038 0.038 0.028
0 0.42 0.026 0.044 0.036
0 0.278 0.091 0.052 0.05
0 0.349 0.188 0.054 0.044
0 0.523 0.145 0.034 0.046
0 0.532 0.115 0.048 0.038
0 0.582 0.136 0.044 0.056
0 0.621 0.109 0.038 0.038
0 0.626 0.148 0.028 0.048
0 0.865 0.128 0.026 0.028
0 0.702 0.168 0.036 0.032
0 0.708 0.189 0.032 0.022
0 0.669 0.176 0.022 0.04
0 0.544 0.563 0.056 0.066
0 0.452 0.229 0.052 0.054
0 0.527 0.259 0.054 0.038
0 0.379 0.111 0.038 0.034
0 0.872 0.164 0.028 0.032
0 0.77 0.564 0.036 0.032
0 0.832 0.176 0.048 0.044
0 0.677 0.082 0.026 0.028
0 0.268 0.042 0.024 0.024
0 0.311 0.085 0.018 0.018
0 0.853 0.45 0.05 0.052
0 0.316 0.67 0.04 0.032
0 0.861 0.681 0.062 0.058
0 0.687 0.673 0.03 0.034
0 0.622 0.765 0.04 0.046
0 0.762 0.683 0.024 0.026
1 0.145 0.945 0.038 0.018
1 0.201 0.989 0.026 0.018
1 0.248 0.986 0.024 0.024
1 0.027 0.841 0.022 0.022
1 0.547 0.991 0.018 0.014
1 0.901 0.96 0.022 0.02
1 0.646 0.924 0.04 0.032
1 0.644 0.99 0.024 0.016
1 0.721 0.912 0.022 0.016
1 0.727 0.926 0.022 0.016
1 0.982 0.989 0.016 0.018
1 0.884 0.992 0.032 0.012
1 0.416 0.876 0.048 0.036
1 0.426 0.901 0.032 0.026
1 0.434 0.939 0.028 0.034
1 0.465 0.758 0.022 0.02
1 0.48 0.764 0.044 0.032
1 0.472 0.734 0.032 0.024
1 0.146 0.655 0.032 0.03
1 0.224 0.655 0.024 0.026
1 0.383 0.663 0.026 0.026
1 0.095 0.369 0.014 0.022
1 0.196 0.646 0.04 0.024
1 0.26 0.511 0.032 0.022
1 0.062 0.437 0.02 0.046
1 0.074 0.312 0.02 0.028
1 0.078 0.332 0.024 0.032
1 0.108 0.43 0.02 0.032
1 0.376 0.425 0.02 0.022
1 0.396 0.427 0.016 0.018
1 0.567 0.483 0.022 0.026
1 0.825 0.516 0.018 0.02
1 0.913 0.551 0.022 0.022
1 0.887 0.62 0.026 0.032
1 0.909 0.378 0.034 0.02
1 0.943 0.372 0.026 0.028
1 0.966 0.375 0.04 0.026
1 0.991 0.335 0.014 0.03
1 0.99 0.365 0.016 0.03
1 0.728 0.058 0.036 0.036
1 0.636 0.357 0.028 0.026
1 0.784 0.335 0.028 0.022
1 0.752 0.33 0.028 0.028
1 0.737 0.365 0.022 0.022
1 0.799 0.228 0.026 0.016
1 0.785 0.025 0.026 0.022
1 0.848 0.071 0.016 0.034
1 0.918 0.098 0.02 0.016
1 0.938 0.097 0.016 0.022
1 0.297 0.127 0.022 0.026
1 0.419 0.135 0.026 0.018
1 0.364 0.021 0.028 0.03
1 0.39 0.028 0.02 0.028
1 0.46 0.135 0.028 0.042
1 0.446 0.148 0.032 0.032
1 0.382 0.167 0.028 0.026
1 0.644 0.242 0.02 0.02
1 0.523 0.228 0.038 0.024
1 0.309 0.226 0.03 0.028
1 0.302 0.203 0.02 0.026
1 0.361 0.332 0.03 0.028
1 0.41 0.191 0.024 0.026
1 0.441 0.164 0.026 0.032
1 0.43 0.166 0.032 0.028
1 0.614 0.242 0.024 0.024
1 0.615 0.22 0.018 0.016
1 0.621 0.231 0.014 0.018
1 0.651 0.186 0.014 0.024
1 0.61 0.339 0.024 0.026
1 0.758 0.585 0.02 0.022
1 0.694 0.604 0.02 0.016
1 0.84 0.144 0.016 0.012
1 0.66 0.009 0.024 0.014
1 0.957 0.219 0.014 0.026
1 0.948 0.215 0.02 0.022
1 0.584 0.323 0.024 0.018
1 0.307 0.102 0.018 0.012
1 0.585 0.339 0.022 0.018
1 0.692 0.227 0.008 0.006
1 0.044 0.511 0.024 0.022
1 0.077 0.407 0.014 0.01
1 0.079 0.423 0.018 0.022
1 0.357 0.421 0.022 0.026
1 0.483 0.384 0.03 0.024
1 0.757 0.36 0.026 0.012
1 0.81 0.347 0.024 0.03
1 0.963 0.225 0.022 0.03
2 0.486 0.908 0.04 0.024
2 0.452 0.908 0.016 0.016
2 0.492 0.892 0.02 0.016
2 0.526 0.894 0.016 0.02
2 0.511 0.894 0.014 0.016
2 0.562 0.182 0.02 0.036
2 0.155 0.019 0.034 0.038
2 0.144 0.083 0.016 0.014
2 0.028 0.178 0.032 0.016
2 0.154 0.095 0.02 0.018
2 0.881 0.184 0.018 0.016
2 0.858 0.228 0.024 0.036
2 0.874 0.206 0.012 0.016
2 0.808 0.071 0.012 0.01