0 0.217 0.879 0.046 0.046
0 0.143 0.957 0.038 0.038
0 0.212 0.954 0.052 0.06
0 0.362 0.956 0.036 0.056
0 0.384 0.929 0.044 0.046
0 0.41 0.952 0.032 0.052
0 0.238 0.82 0.044 0.052
0 0.298 0.72 0.044 0.064
0 0.077 0.765 0.046 0.054
0 0.059 0.718 0.038 0.056
0 0.123 0.776 0.05 0.048
0 0.192 0.716 0.052 0.052
0 0.254 0.764 0.048 0.048
0 0.256 0.558 0.052 0.048
0 0.32 0.554 0.04 0.052
0 0.333 0.498 0.026 0.04
0 0.266 0.521 0.036 0.026
0 0.266 0.493 0.036 0.042
0 0.301 0.493 0.034 0.058
0 0.056 0.442 0.044 0.072
0 0.092 0.448 0.032 0.056
0 0.065 0.496 0.062 0.044
0 0.159 0.505 0.042 0.05
0 0.105 0.592 0.05 0.056
0 0.194 0.639 0.04 0.058
0 0.148 0.443 0.048 0.062
0 0.334 0.46 0.04 0.052
0 0.453 0.434 0.054 0.052
0 0.556 0.966 0.052 0.052
0 0.651 0.981 0.046 0.034
0 0.671 0.961 0.042 0.042
0 0.783 0.967 0.042 0.054
0 0.76 0.934 0.04 0.052
0 0.872 0.885 0.044 0.074
0 0.864 0.844 0.04 0.036
0 0.483 0.829 0.054 0.046
0 0.485 0.761 0.062 0.05
0 0.47 0.736 0.048 0.048
0 0.421 0.731 0.034 0.034
0 0.403 0.754 0.03 0.024
0 0.944 0.945 0.044 0.05
0 0.98 0.896 0.036 0.068
0 0.646 0.893 0.052 0.078
0 0.654 0.859 0.052 0.03
0 0.624 0.837 0.036 0.058
0 0.803 0.852 0.034 0.048
0 0.847 0.768 0.046 0.052
0 0.83 0.708 0.056 0.1
0 0.734 0.757 0.056 0.05
0 0.744 0.728 0.048 0.04
0 0.671 0.705 0.038 0.046
0 0.721 0.682 0.03 0.048
0 0.977 0.812 0.03 0.04
0 0.952 0.732 0.08 0.032
0 0.941 0.679 0.038 0.058
0 0.922 0.649 0.032 0.058
0 0.974 0.615 0.04 0.054
0 0.953 0.6 0.042 0.052
0 0.572 0.737 0.032 0.03
0 0.561 0.702 0.034 0.04
0 0.533 0.713 0.034 0.046
0 0.03 0.57 0.032 0.036
0 0.056 0.361 0.036 0.042
0 0.062 0.256 0.04 0.044
0 0.145 0.246 0.054 0.068
0 0.199 0.362 0.046 0.052
0 0.262 0.331 0.052 0.054
0 0.657 0.641 0.034 0.066
0 0.762 0.602 0.048 0.072
0 0.883 0.466 0.034 0.06
0 0.932 0.41 0.036 0.052
0 0.886 0.614 0.028 0.044
0 0.977 0.375 0.03 0.058
0 0.43 0.545 0.036 0.054
0 0.595 0.587 0.042 0.038
0 0.596 0.543 0.036 0.05
0 0.64 0.527 0.06 0.086
0 0.556 0.518 0.036 0.06
0 0.35 0.312 0.08 0.088
0 0.391 0.254 0.042 0.056
0 0.435 0.301 0.026 0.042
0 0.472 0.253 0.04 0.03
0 0.476 0.306 0.04 0.032
0 0.534 0.384 0.028 0.036
0 0.581 0.34 0.034 0.044
0 0.613 0.345 0.038 0.058
0 0.671 0.398 0.05 0.048
0 0.749 0.455 0.03 0.054
0 0.922 0.28 0.044 0.044
0 0.976 0.23 0.044 0.072
0 0.824 0.268 0.056 0.096
0 0.86 0.253 0.032 0.034
0 0.783 0.358 0.05 0.048
0 0.755 0.259 0.03 0.046
0 0.844 0.191 0.028 0.038
0 0.878 0.167 0.032 0.034
0 0.913 0.133 0.062 0.046
0 0.259 0.219 0.046 0.074
0 0.288 0.2 0.032 0.068
0 0.325 0.198 0.038 0.056
0 0.334 0.146 0.048 0.044
0 0.266 0.118 0.04 0.048
0 0.198 0.259 0.056 0.042
0 0.307 0.438 0.026 0.048
0 0.414 0.453 0.032 0.058
0 0.597 0.068 0.05 0.072
0 0.533 0.072 0.078 0.12
0 0.53 0.144 0.056 0.052
0 0.505 0.176 0.074 0.044
0 0.444 0.148 0.04 0.056
0 0.385 0.082 0.046 0.064
0 0.347 0.029 0.042 0.042
0 0.468 0.032 0.032 0.04
0 0.668 0.111 0.052 0.078
0 0.749 0.058 0.062 0.072
0 0.626 0.216 0.032 0.036
0 0.639 0.182 0.038 0.024
0 0.702 0.215 0.044 0.058
0 0.745 0.181 0.038 0.042
0 0.635 0.127 0.03 0.054
0 0.666 0.021 0.048 0.038
0 0.118 0.195 0.032 0.042
0 0.039 0.109 0.05 0.062
0 0.096 0.081 0.044 0.066
0 0.049 0.059 0.05 0.078
0 0.189 0.035 0.046 0.066
0 0.221 0.017 0.038 0.03
0 0.942 0.022 0.04 0.04
1 0.154 0.973 0.016 0.026
1 0.285 0.986 0.026 0.024
1 0.299 0.835 0.01 0.014
1 0.311 0.765 0.026 0.026
1 0.081 0.715 0.026 0.026
1 0.136 0.525 0.012 0.022
1 0.222 0.5 0.024 0.024
1 0.196 0.575 0.02 0.026
1 0.215 0.544 0.022 0.016
1 0.179 0.681 0.022 0.03
1 0.254 0.447 0.024 0.046
1 0.263 0.404 0.03 0.024
1 0.604 0.96 0.024 0.036
1 0.728 0.975 0.032 0.034
1 0.791 0.91 0.018 0.028
1 0.912 0.918 0.024 0.032
1 0.941 0.853 0.026 0.026
1 0.9 0.837 0.02 0.034
1 0.441 0.823 0.026 0.022
1 0.434 0.712 0.024 0.024
1 0.056 0.956 0.028 0.02
1 0.088 0.984 0.024 0.02
1 0.676 0.91 0.024 0.016
1 0.554 0.887 0.028 0.042
1 0.541 0.862 0.018 0.024
1 0.608 0.884 0.016 0.02
1 0.854 0.811 0.02 0.026
1 0.873 0.728 0.038 0.02
1 0.341 0.665 0.03 0.038
1 0.643 0.783 0.026 0.022
1 0.661 0.805 0.022 0.026
1 0.693 0.756 0.026 0.024
1 0.557 0.767 0.018 0.03
1 0.505 0.666 0.022 0.036
1 0.089 0.302 0.018 0.024
1 0.054 0.288 0.024 0.02
1 0.302 0.362 0.02 0.032
1 0.707 0.645 0.018 0.034
1 0.792 0.552 0.036 0.028
1 0.794 0.532 0.028 0.024
1 0.803 0.475 0.026 0.034
1 0.835 0.432 0.022 0.028
1 0.913 0.456 0.026 0.044
1 0.929 0.461 0.022 0.034
1 0.883 0.538 0.03 0.028
1 0.498 0.591 0.024 0.03
1 0.53 0.561 0.016 0.038
1 0.508 0.57 0.024 0.036
1 0.462 0.288 0.024 0.032
1 0.442 0.348 0.028 0.02
1 0.409 0.372 0.03 0.016
1 0.39 0.402 0.016 0.02
1 0.497 0.351 0.026 0.03
1 0.55 0.352 0.016 0.024
1 0.573 0.381 0.03 0.022
1 0.672 0.36 0.036 0.024
1 0.681 0.338 0.014 0.024
1 0.725 0.343 0.022 0.022
1 0.697 0.422 0.022 0.028
1 0.723 0.42 0.022 0.02
1 0.645 0.458 0.022 0.036
1 0.901 0.36 0.034 0.024
1 0.9 0.332 0.024 0.02
1 0.826 0.3 0.024 0.044
1 0.849 0.303 0.022 0.03
1 0.919 0.166 0.022 0.016
1 0.319 0.115 0.014 0.038
1 0.191 0.319 0.03 0.03
1 0.367 0.198 0.022 0.024
1 0.398 0.2 0.028 0.02
1 0.783 0.121 0.01 0.03
1 0.791 0.125 0.01 0.034
1 0.59 0.16 0.024 0.02
1 0.614 0.167 0.02 0.026
1 0.197 0.165 0.022 0.022
1 0.01 0.159 0.02 0.034
1 0.034 0.17 0.024 0.024
1 0.12 0.126 0.02 0.032
1 0.265 0.023 0.014 0.022
2 0.118 0.932 0.036 0.04
2 0.279 0.924 0.018 0.024
2 0.267 0.95 0.014 0.016
2 0.181 0.778 0.042 0.06
2 0.305 0.651 0.026 0.026
2 0.052 0.547 0.028 0.022
2 0.133 0.312 0.046 0.052
2 0.727 0.583 0.018 0.026
2 0.454 0.581 0.036 0.026
2 0.438 0.185 0.02 0.018
2 0.463 0.112 0.026 0.028
2 0.774 0.164 0.024 0.024
2 0.714 0.189 0.02 0.018
2 0.116 0.354 0.028 0.028
2 0.138 0.345 0.016 0.018