0 0.105 0.907 0.054 0.066
0 0.153 0.893 0.03 0.034
0 0.18 0.855 0.036 0.038
0 0.216 0.814 0.04 0.048
0 0.255 0.763 0.07 0.07
0 0.325 0.786 0.038 0.036
0 0.342 0.705 0.04 0.034
0 0.294 0.684 0.048 0.048
0 0.363 0.662 0.05 0.036
0 0.389 0.634 0.05 0.036
0 0.438 0.662 0.036 0.048
0 0.493 0.687 0.042 0.038
0 0.404 0.549 0.04 0.034
0 0.467 0.571 0.042 0.034
0 0.468 0.532 0.044 0.048
0 0.417 0.495 0.042 0.038
0 0.397 0.481 0.03 0.026
0 0.417 0.472 0.014 0.016
0 0.446 0.452 0.028 0.052
0 0.477 0.432 0.042 0.048
0 0.519 0.457 0.038 0.054
0 0.57 0.471 0.044 0.042
0 0.552 0.399 0.048 0.046
0 0.529 0.596 0.038 0.028
0 0.55 0.616 0.052 0.04
0 0.612 0.508 0.036 0.024
0 0.072 0.402 0.04 0.048
0 0.009 0.365 0.018 0.042
0 0.089 0.368 0.038 0.028
0 0.153 0.359 0.062 0.062
0 0.187 0.343 0.066 0.05
0 0.247 0.367 0.058 0.054
0 0.185 0.507 0.046 0.042
0 0.25 0.312 0.052 0.036
0 0.307 0.293 0.054 0.042
0 0.366 0.231 0.036 0.034
0 0.421 0.26 0.042 0.036
0 0.452 0.199 0.036 0.03
0 0.452 0.177 0.04 0.03
0 0.384 0.117 0.048 0.034
0 0.381 0.047 0.05 0.042
0 0.321 0.031 0.042 0.034
0 0.257 0.121 0.046 0.054
0 0.152 0.061 0.04 0.038
0 0.193 0.046 0.046 0.032
0 0.206 0.115 0.052 0.034
0 0.113 0.152 0.046 0.032
0 0.059 0.224 0.05 0.032
0 0.11 0.281 0.048 0.03
0 0.124 0.235 0.036 0.042
0 0.145 0.245 0.038 0.026
0 0.142 0.27 0.044 0.028
0 0.079 0.129 0.042 0.03
0 0.039 0.044 0.026 0.028
0 0.337 0.194 0.03 0.024
0 0.4 0.276 0.044 0.032
0 0.439 0.316 0.038 0.04
0 0.522 0.291 0.072 0.046
0 0.562 0.268 0.036 0.036
0 0.635 0.276 0.062 0.04
0 0.619 0.237 0.062 0.046
0 0.677 0.216 0.042 0.04
0 0.665 0.178 0.038 0.032
0 0.643 0.146 0.046 0.028
0 0.542 0.136 0.052 0.04
0 0.526 0.046 0.048 0.04
0 0.566 0.077 0.064 0.038
0 0.743 0.035 0.05 0.066
0 0.778 0.04 0.032 0.044
0 0.801 0.098 0.054 0.048
0 0.806 0.145 0.044 0.034
0 0.84 0.197 0.036 0.026
0 0.797 0.257 0.038 0.042
0 0.822 0.226 0.024 0.02
0 0.911 0.222 0.05 0.06
0 0.939 0.203 0.046 0.07
0 0.967 0.209 0.026 0.034
0 0.664 0.318 0.056 0.04
0 0.727 0.377 0.034 0.034
0 0.737 0.48 0.05 0.048
0 0.739 0.515 0.042 0.034
0 0.788 0.525 0.048 0.038
0 0.776 0.483 0.04 0.046
0 0.79 0.45 0.04 0.044
0 0.837 0.458 0.038 0.048
0 0.88 0.458 0.048 0.056
0 0.833 0.419 0.054 0.038
0 0.843 0.325 0.05 0.034
0 0.818 0.351 0.044 0.03
0 0.783 0.336 0.026 0.028
0 0.895 0.402 0.046 0.032
0 0.933 0.394 0.038 0.036
0 0.957 0.367 0.046 0.042
0 0.918 0.293 0.044 0.034
0 0.961 0.312 0.026 0.028
0 0.993 0.45 0.01 0.044
0 0.918 0.502 0.04 0.044
0 0.845 0.624 0.05 0.036
0 0.897 0.631 0.046 0.034
0 0.918 0.597 0.036 0.026
0 0.903 0.557 0.054 0.042
0 0.946 0.576 0.036 0.04
0 0.716 0.603 0.04 0.038
0 0.749 0.556 0.038 0.024
0 0.723 0.636 0.042 0.036
0 0.777 0.691 0.038 0.05
0 0.753 0.662 0.034 0.04
0 0.762 0.784 0.048 0.04
0 0.782 0.76 0.044 0.036
0 0.838 0.802 0.048 0.032
0 0.907 0.787 0.05 0.034
0 0.949 0.772 0.038 0.04
0 0.975 0.75 0.046 0.048
0 0.942 0.901 0.044 0.038
0 0.94 0.848 0.052 0.076
0 0.975 0.939 0.042 0.046
0 0.911 0.947 0.038 0.05
0 0.739 0.846 0.042 0.048
0 0.786 0.871 0.06 0.082
0 0.509 0.854 0.042 0.052
0 0.519 0.817 0.046 0.05
0 0.599 0.889 0.07 0.058
0 0.566 0.896 0.036 0.036
0 0.559 0.779 0.046 0.034
0 0.459 0.814 0.038 0.044
0 0.385 0.764 0.05 0.04
0 0.4 0.736 0.052 0.056
0 0.583 0.752 0.054 0.048
0 0.599 0.807 0.066 0.05
0 0.705 0.783 0.046 0.058
0 0.721 0.709 0.042 0.026
0 0.651 0.67 0.018 0.036
0 0.692 0.645 0.032 0.054
0 0.877 0.563 0.042 0.026
0 0.99 0.56 0.016 0.04
0 0.986 0.383 0.024 0.034
0 0.388 0.367 0.052 0.034
0 0.435 0.38 0.038 0.032
0 0.222 0.592 0.072 0.044
0 0.234 0.555 0.04 0.034
0 0.238 0.486 0.048 0.044
0 0.222 0.497 0.044 0.034
0 0.098 0.63 0.04 0.032
0 0.073 0.745 0.042 0.042
0 0.023 0.765 0.046 0.042
0 0.008 0.528 0.016 0.024
0 0.293 0.477 0.054 0.034
0 0.324 0.481 0.04 0.042
0 0.506 0.359 0.052 0.046
0 0.616 0.387 0.068 0.046
0 0.678 0.413 0.04 0.042
0 0.609 0.42 0.038 0.036
0 0.289 0.917 0.058 0.05
0 0.345 0.908 0.046 0.044
0 0.143 0.929 0.042 0.046
0 0.045 0.983 0.05 0.03
0 0.017 0.893 0.034 0.05
0 0.07 0.899 0.032 0.046
0 0.164 0.968 0.036 0.036
0 0.196 0.965 0.028 0.05
0 0.245 0.987 0.058 0.022
0 0.41 0.919 0.044 0.05
0 0.505 0.935 0.026 0.026
0 0.359 0.993 0.026 0.01
0 0.461 0.988 0.05 0.02
0 0.531 0.98 0.026 0.028
0 0.563 0.993 0.03 0.01
0 0.599 0.99 0.042 0.016
0 0.691 0.949 0.034 0.042
0 0.762 0.989 0.028 0.018
0 0.827 0.983 0.042 0.03
0 0.863 0.949 0.03 0.026
0 0.881 0.952 0.026 0.036
0 0.961 0.827 0.038 0.05
0 0.981 0.81 0.034 0.036
0 0.934 0.748 0.016 0.024
0 0.615 0.844 0.038 0.048
0 0.637 0.853 0.034 0.058
0 0.632 0.74 0.044 0.044
0 0.593 0.521 0.03 0.018
0 0.29 0.813 0.044 0.046
0 0.436 0.828 0.056 0.056
0 0.646 0.892 0.024 0.028
0 0.723 0.937 0.03 0.03
0 0.478 0.616 0.036 0.04
0 0.57 0.592 0.032 0.036
0 0.034 0.466 0.036 0.028
0 0.007 0.476 0.014 0.02
0 0.084 0.582 0.032 0.032
0 0.122 0.627 0.028 0.038
0 0.338 0.528 0.04 0.036
0 0.899 0.163 0.046 0.034
0 0.898 0.071 0.032 0.046
0 0.868 0.096 0.036 0.04
0 0.84 0.138 0.028 0.028
0 0.982 0.177 0.032 0.034
0 0.951 0.08 0.07 0.072
0 0.94 0.025 0.064 0.046
0 0.68 0.099 0.048 0.042
0 0.657 0.09 0.026 0.028
0 0.702 0.087 0.024 0.034
0 0.864 0.169 0.028 0.026
0 0.139 0.174 0.046 0.032
0 0.041 0.703 0.022 0.03
0 0.005 0.701 0.01 0.026
0 0.052 0.574 0.02 0.02
0 0.061 0.53 0.022 0.02
0 0.262 0.538 0.02 0.024
0 0.266 0.571 0.028 0.026
0 0.287 0.57 0.026 0.02
0 0.341 0.554 0.022 0.028
0 0.3 0.544 0.024 0.024
0 0.084 0.5 0.016 0.02
0 0.156 0.56 0.024 0.02
0 0.119 0.699 0.014 0.022
0 0.006 0.946 0.012 0.032
0 0.179 0.227 0.018 0.026
0 0.271 0.24 0.026 0.028
0 0.328 0.412 0.028 0.036
0 0.321 0.358 0.026 0.024
0 0.305 0.383 0.034 0.018
0 0.506 0.241 0.02 0.034
0 0.523 0.211 0.03 0.034
0 0.326 0.14 0.036 0.02
0 0.377 0.009 0.03 0.014
0 0.697 0.15 0.022 0.024
0 0.874 0.005 0.032 0.006
0 0.789 0.004 0.038 0.004
0 0.642 0.768 0.016 0.036
0 0.653 0.749 0.01 0.018
0 0.672 0.765 0.024 0.026
0 0.508 0.159 0.016 0.026
0 0.506 0.134 0.008 0.016
0 0.486 0.157 0.016 0.01
0 0.449 0.078 0.022 0.02
0 0.452 0.05 0.02 0.032
0 0.462 0.073 0.024 0.022
0 0.186 0.008 0.036 0.012
0 0.15 0.132 0.02 0.024
0 0.171 0.119 0.018 0.022
0 0.251 0.246 0.022 0.032
0 0.367 0.27 0.03 0.02
0 0.486 0.345 0.02 0.018
0 0.661 0.357 0.026 0.014
0 0.321 0.1 0.034 0.02
0 0.228 0.038 0.016 0.016
0 0.074 0.009 0.02 0.014
0 0.011 0.457 0.022 0.018
0 0.056 0.756 0.024 0.028
0 0.416 0.996 0.028 0.004
0 0.44 0.886 0.048 0.024
0 0.687 0.996 0.026 0.004
0 0.724 0.972 0.036 0.04
0 0.708 0.892 0.024 0.044
0 0.736 0.787 0.012 0.018
0 0.843 0.713 0.026 0.022
0 0.649 0.63 0.014 0.02
0 0.663 0.641 0.018 0.018
0 0.601 0.544 0.014 0.012
0 0.588 0.541 0.012 0.014
0 0.992 0.52 0.012 0.04
0 0.954 0.513 0.016 0.014
0 0.966 0.248 0.028 0.032
0 0.619 0.335 0.014 0.014
0 0.296 0.235 0.028 0.018
0 0.339 0.309 0.018 0.018
0 0.266 0.714 0.012 0.012
0 0.275 0.723 0.01 0.01
0 0.129 0.684 0.018 0.016
0 0.126 0.407 0.032 0.026
0 0.492 0.138 0.02 0.02
0 0.677 0.151 0.018 0.022
0 0.724 0.062 0.024 0.02
0 0.721 0.089 0.026 0.038
0 0.764 0.33 0.016 0.02
0 0.74 0.303 0.016 0.01
0 0.639 0.412 0.014 0.012
0 0.653 0.408 0.01 0.012
0 0.715 0.557 0.014 0.018
0 0.877 0.593 0.03 0.022
0 0.966 0.652 0.044 0.024
0 0.856 0.852 0.032 0.016
0 0.938 0.991 0.048 0.014
0 0.488 0.986 0.012 0.016
0 0.051 0.497 0.026 0.03
0 0.002 0.498 0.004 0.016
0 0.013 0.498 0.018 0.016
0 0.003 0.639 0.006 0.018
0 0.308 0.318 0.02 0.016
0 0.332 0.321 0.028 0.022
0 0.963 0.44 0.03 0.044
1 0.113 0.822 0.018 0.032
1 0.286 0.548 0.012 0.016
1 0.309 0.533 0.014 0.018
1 0.065 0.508 0.01 0.008
1 0.072 0.495 0.012 0.01
1 0.033 0.362 0.018 0.02
1 0.694 0.567 0.02 0.03
1 0.571 0.532 0.018 0.024
1 0.566 0.698 0.012 0.012
1 0.478 0.646 0.008 0.008
1 0.099 0.088 0.014 0.016
1 0.107 0.099 0.01 0.014
1 0.122 0.081 0.012 0.014
1 0.477 0.354 0.006 0.012
1 0.711 0.335 0.01 0.01
1 0.721 0.339 0.002 0.002
1 0.838 0.386 0.032 0.012
1 0.026 0.114 0.02 0.016
1 0.004 0.053 0.008 0.014
1 0.032 0.237 0.012 0.018
1 0.152 0.593 0.012 0.01
1 0.168 0.592 0.02 0.008
1 0.168 0.605 0.012 0.01
1 0.025 0.72 0.014 0.012
1 0.054 0.831 0.012 0.01
1 0.014 0.8 0.008 0.008
1 0.056 0.942 0.02 0.016
1 0.048 0.956 0.02 0.012
1 0.321 0.943 0.018 0.01
1 0.544 0.907 0.012 0.022
1 0.678 0.906 0.024 0.016
1 0.726 0.79 0.008 0.008
1 0.725 0.779 0.006 0.006
1 0.665 0.633 0.006 0.01
1 0.671 0.624 0.006 0.012
1 0.661 0.623 0.006 0.01
1 0.676 0.615 0.008 0.01
1 0.959 0.523 0.01 0.01
1 0.908 0.379 0.024 0.018
1 0.632 0.339 0.008 0.01
1 0.221 0.241 0.006 0.01
1 0.228 0.233 0.004 0.01
1 0.71 0.05 0.012 0.024
1 0.359 0.406 0.01 0.016
1 0.349 0.345 0.006 0.006
1 0.355 0.299 0.01 0.006
1 0.649 0.809 0.014 0.01
2 0.61 0.331 0.016 0.01
2 0.104 0.456 0.012 0.02
2 0.821 0.005 0.022 0.006
2 0.983 0.045 0.014 0.038