0 0.649 0.367 0.058 0.074
0 0.875 0.355 0.046 0.058
0 0.787 0.249 0.058 0.046
0 0.935 0.154 0.054 0.048
0 0.981 0.105 0.034 0.062
0 0.979 0.019 0.038 0.038
0 0.87 0.164 0.044 0.052
0 0.952 0.232 0.048 0.048
0 0.838 0.182 0.044 0.06
0 0.782 0.174 0.048 0.044
0 0.66 0.268 0.06 0.072
0 0.732 0.054 0.044 0.032
0 0.671 0.089 0.058 0.054
0 0.655 0.056 0.042 0.04
0 0.619 0.028 0.042 0.036
0 0.691 0.008 0.038 0.016
0 0.727 0.08 0.042 0.04
0 0.784 0.344 0.048 0.056
0 0.771 0.293 0.058 0.054
0 0.778 0.415 0.02 0.026
0 0.818 0.453 0.032 0.054
0 0.902 0.466 0.04 0.048
0 0.55 0.19 0.056 0.06
0 0.525 0.247 0.058 0.086
0 0.489 0.29 0.046 0.064
0 0.435 0.273 0.054 0.066
0 0.53 0.475 0.06 0.05
0 0.763 0.72 0.078 0.08
0 0.744 0.651 0.068 0.05
0 0.659 0.683 0.026 0.026
0 0.556 0.718 0.048 0.06
0 0.49 0.739 0.044 0.042
0 0.55 0.767 0.052 0.042
0 0.373 0.111 0.042 0.05
0 0.336 0.078 0.044 0.052
0 0.406 0.022 0.032 0.044
0 0.495 0.04 0.046 0.032
0 0.428 0.091 0.044 0.054
0 0.349 0.142 0.038 0.04
0 0.36 0.176 0.036 0.044
0 0.341 0.196 0.05 0.052
0 0.292 0.226 0.04 0.052
0 0.296 0.166 0.044 0.044
0 0.272 0.107 0.044 0.038
0 0.207 0.131 0.034 0.042
0 0.072 0.084 0.044 0.044
0 0.049 0.191 0.046 0.042
0 0.009 0.242 0.014 0.052
0 0.026 0.278 0.048 0.06
0 0.196 0.417 0.048 0.05
0 0.162 0.4 0.036 0.04
0 0.139 0.452 0.046 0.068
0 0.097 0.452 0.046 0.06
0 0.206 0.515 0.036 0.042
0 0.194 0.546 0.056 0.048
0 0.17 0.578 0.056 0.048
0 0.161 0.648 0.066 0.108
0 0.091 0.581 0.05 0.05
0 0.365 0.361 0.046 0.054
0 0.453 0.332 0.058 0.052
0 0.525 0.347 0.046 0.05
0 0.446 0.45 0.036 0.052
0 0.38 0.488 0.068 0.068
0 0.334 0.501 0.036 0.058
0 0.258 0.679 0.044 0.058
0 0.376 0.653 0.048 0.058
0 0.357 0.71 0.046 0.04
0 0.286 0.794 0.044 0.052
0 0.247 0.81 0.05 0.048
0 0.291 0.877 0.038 0.054
0 0.207 0.867 0.058 0.074
0 0.177 0.828 0.046 0.032
0 0.17 0.858 0.028 0.028
0 0.149 0.84 0.03 0.044
0 0.021 0.951 0.038 0.042
0 0.063 0.912 0.05 0.06
0 0.758 0.903 0.048 0.074
0 0.79 0.957 0.08 0.07
0 0.867 0.77 0.05 0.052
0 0.85 0.686 0.044 0.048
0 0.982 0.78 0.032 0.044
0 0.964 0.851 0.068 0.094
0 0.734 0.902 0.052 0.068
0 0.678 0.799 0.072 0.066
0 0.648 0.908 0.052 0.036
0 0.845 0.604 0.05 0.056
0 0.936 0.594 0.036 0.052
0 0.981 0.58 0.034 0.032
0 0.973 0.61 0.042 0.036
0 0.964 0.492 0.036 0.052
0 0.974 0.314 0.048 0.064
0 0.929 0.262 0.046 0.032
0 0.933 0.299 0.034 0.046
0 0.889 0.013 0.038 0.026
0 0.785 0.475 0.054 0.082
0 0.734 0.52 0.036 0.056
0 0.802 0.536 0.024 0.024
0 0.785 0.522 0.022 0.024
0 0.671 0.441 0.038 0.046
0 0.575 0.443 0.05 0.05
0 0.618 0.195 0.048 0.034
0 0.597 0.17 0.05 0.052
0 0.59 0.105 0.036 0.034
0 0.552 0.088 0.032 0.032
0 0.515 0.085 0.042 0.05
0 0.553 0.107 0.03 0.018
0 0.337 0.011 0.03 0.022
0 0.213 0.013 0.026 0.026
0 0.206 0.06 0.028 0.036
0 0.168 0.039 0.032 0.03
0 0.159 0.066 0.026 0.036
0 0.143 0.118 0.03 0.032
0 0.29 0.136 0.028 0.024
0 0.266 0.159 0.036 0.046
0 0.238 0.18 0.048 0.036
0 0.231 0.209 0.022 0.022
0 0.297 0.3 0.05 0.048
0 0.231 0.319 0.046 0.034
0 0.177 0.35 0.046 0.032
0 0.201 0.365 0.022 0.022
0 0.037 0.421 0.042 0.058
0 0.04 0.628 0.04 0.028
0 0.118 0.736 0.092 0.052
0 0.124 0.801 0.04 0.038
0 0.192 0.956 0.036 0.028
0 0.422 0.977 0.048 0.042
0 0.38 0.906 0.052 0.064
0 0.437 0.854 0.054 0.048
0 0.404 0.775 0.04 0.038
0 0.316 0.758 0.032 0.052
0 0.342 0.755 0.032 0.042
0 0.491 0.792 0.034 0.036
0 0.609 0.853 0.042 0.038
0 0.57 0.983 0.048 0.03
0 0.951 0.898 0.042 0.04
0 0.872 0.64 0.06 0.056
0 0.86 0.726 0.032 0.036
0 0.718 0.848 0.052 0.032
0 0.992 0.923 0.012 0.034
0 0.992 0.96 0.012 0.036
0 0.99 0.988 0.02 0.02
0 0.944 0.966 0.024 0.044
0 0.566 0.593 0.052 0.05
0 0.523 0.546 0.042 0.044
0 0.49 0.529 0.02 0.018
0 0.606 0.704 0.016 0.036
0 0.649 0.646 0.034 0.028
0 0.252 0.65 0.02 0.028
0 0.155 0.804 0.022 0.02
0 0.064 0.64 0.028 0.028
0 0.167 0.264 0.022 0.028
0 0.163 0.202 0.046 0.036
0 0.129 0.222 0.034 0.044
0 0.137 0.168 0.058 0.044
0 0.073 0.015 0.026 0.03
0 0.047 0.008 0.03 0.016
0 0.276 0.016 0.048 0.032
0 0.569 0.033 0.038 0.058
0 0.543 0.028 0.038 0.04
0 0.725 0.234 0.026 0.02
0 0.752 0.392 0.028 0.032
0 0.989 0.406 0.018 0.044
0 0.559 0.243 0.026 0.022
0 0.429 0.211 0.046 0.05
0 0.48 0.076 0.024 0.032
0 0.461 0.124 0.018 0.024
0 0.757 0.091 0.018 0.026
0 0.97 0.036 0.032 0.036
0 0.844 0.509 0.016 0.03
0 0.763 0.551 0.018 0.022
0 0.646 0.749 0.036 0.034
0 0.605 0.811 0.022 0.042
0 0.591 0.832 0.022 0.02
0 0.642 0.968 0.016 0.028
0 0.828 0.99 0.04 0.016
0 0.419 0.397 0.026 0.034
0 0.404 0.531 0.052 0.046
0 0.425 0.692 0.034 0.048
0 0.233 0.744 0.042 0.028
0 0.155 0.77 0.03 0.032
0 0.138 0.879 0.02 0.03
0 0.326 0.923 0.024 0.034
0 0.282 0.924 0.024 0.024
0 0.166 0.981 0.06 0.034
0 0.234 0.982 0.024 0.02
0 0.441 0.778 0.022 0.032
0 0.656 0.163 0.04 0.054
0 0.721 0.288 0.054 0.056
0 0.74 0.038 0.048 0.036
0 0.39 0.01 0.028 0.02
0 0.377 0.025 0.018 0.026
0 0.318 0.055 0.032 0.05
0 0.232 0.087 0.028 0.022
0 0.187 0.094 0.026 0.024
0 0.124 0.106 0.016 0.024
0 0.188 0.007 0.012 0.014
0 0.1 0.169 0.024 0.034
0 0.258 0.33 0.024 0.024
0 0.254 0.378 0.036 0.024
0 0.181 0.285 0.038 0.026
0 0.02 0.495 0.036 0.026
0 0.015 0.549 0.026 0.042
0 0.097 0.61 0.03 0.02
0 0.021 0.797 0.034 0.026
0 0.08 0.981 0.052 0.034
0 0.043 0.983 0.054 0.03
0 0.32 0.958 0.032 0.036
0 0.395 0.583 0.03 0.018
0 0.304 0.49 0.036 0.052
0 0.869 0.414 0.038 0.028
0 0.738 0.345 0.056 0.066
0 0.588 0.905 0.028 0.046
0 0.124 0.937 0.04 0.026
0 0.038 0.375 0.04 0.026
0 0.047 0.396 0.026 0.016
0 0.49 0.613 0.024 0.042
0 0.515 0.611 0.026 0.03
0 0.567 0.397 0.026 0.018
0 0.523 0.782 0.034 0.032
0 0.499 0.765 0.034 0.026
0 0.486 0.713 0.032 0.034
0 0.715 0.568 0.03 0.02
0 0.78 0.615 0.048 0.042
0 0.504 0.557 0.024 0.03
0 0.056 0.454 0.02 0.024
0 0.074 0.429 0.028 0.054
0 0.402 0.807 0.048 0.038
0 0.359 0.794 0.03 0.024
0 0.381 0.77 0.03 0.036
0 0.14 0.947 0.048 0.046
0 0.737 0.454 0.062 0.068
0 0.638 0.95 0.044 0.04
1 0.614 0.524 0.036 0.012
1 0.506 0.409 0.016 0.038
1 0.976 0.658 0.016 0.032
1 0.478 0.016 0.016 0.024
1 0.443 0.128 0.018 0.032
1 0.325 0.259 0.034 0.026
1 0.064 0.845 0.02 0.026
1 0.192 0.935 0.036 0.018
1 0.943 0.662 0.026 0.02
1 0.894 0.681 0.028 0.022
1 0.852 0.917 0.02 0.038
1 0.865 0.849 0.022 0.014
1 0.817 0.843 0.014 0.018
1 0.421 0.552 0.046 0.028
1 0.462 0.544 0.02 0.024
1 0.484 0.548 0.016 0.012
1 0.179 0.781 0.022 0.022
1 0.015 0.785 0.022 0.018
1 0.092 0.658 0.012 0.036
1 0.125 0.061 0.018 0.022
1 0.728 0.253 0.02 0.022
1 0.966 0.43 0.02 0.012
1 0.954 0.436 0.02 0.016
1 0.83 0.358 0.016 0.02
1 0.424 0.165 0.008 0.014
1 0.697 0.517 0.006 0.026
1 0.819 0.58 0.03 0.016
1 0.547 0.832 0.018 0.02
1 0.517 0.876 0.018 0.028
1 0.664 0.957 0.02 0.034
1 0.177 0.909 0.018 0.034
1 0.1 0.96 0.024 0.036
1 0.72 0.374 0.02 0.02
1 0.587 0.396 0.018 0.036
1 0.384 0.312 0.02 0.04
1 0.3 0.391 0.028 0.022
1 0.056 0.27 0.024 0.016
1 0.028 0.82 0.02 0.02
1 0.413 0.865 0.022 0.022
1 0.489 0.655 0.026 0.018
1 0.411 0.308 0.034 0.024
1 0.675 0.536 0.014 0.012
1 0.663 0.541 0.018 0.01
1 0.903 0.872 0.018 0.016
1 0.921 0.809 0.014 0.022
1 0.939 0.86 0.014 0.016
1 0.995 0.821 0.006 0.014
1 0.716 0.395 0.02 0.018
1 0.481 0.329 0.006 0.014
1 0.492 0.334 0.012 0.016
1 0.897 0.93 0.01 0.032
1 0.623 0.785 0.018 0.018
1 0.453 0.691 0.01 0.026
1 0.455 0.729 0.01 0.01
1 0.304 0.725 0.008 0.014
1 0.3 0.835 0.016 0.018
1 0.118 0.31 0.012 0.016
1 0.271 0.975 0.006 0.01
1 0.899 0.151 0.018 0.026
2 0.06 0.214 0.02 0.012
2 0.301 0.019 0.038 0.038
2 0.482 0.125 0.024 0.038
2 0.465 0.098 0.01 0.012
2 0.609 0.058 0.014 0.024
2 0.816 0.036 0.064 0.072
2 0.915 0.045 0.018 0.034
2 0.858 0.113 0.028 0.034
2 0.995 0.061 0.006 0.026
2 0.884 0.284 0.024 0.016
2 0.958 0.272 0.016 0.024
2 0.997 0.352 0.002 0.032
2 0.993 0.487 0.01 0.022
2 0.903 0.515 0.01 0.018
2 0.715 0.992 0.03 0.012
2 0.91 0.995 0.024 0.006
2 0.248 0.974 0.024 0.048
2 0.214 0.976 0.024 0.044
2 0.885 0.431 0.034 0.038
2 0.861 0.523 0.018 0.018
2 0.441 0.006 0.038 0.012
2 0.268 0.086 0.02 0.02
2 0.236 0.053 0.016 0.022
2 0.186 0.042 0.016 0.036
2 0.123 0.007 0.042 0.014
2 0.119 0.354 0.018 0.04
2 0.174 0.315 0.008 0.014
2 0.588 0.233 0.012 0.018
2 0.259 0.306 0.022 0.024
2 0.791 0.849 0.022 0.026
2 0.776 0.844 0.008 0.016
2 0.916 0.966 0.032 0.032
2 0.704 0.759 0.008 0.014
2 0.695 0.751 0.014 0.018
2 0.653 0.608 0.018 0.016
2 0.863 0.539 0.01 0.01
2 0.839 0.554 0.01 0.008
2 0.551 0.88 0.018 0.016
2 0.531 0.887 0.006 0.01
2 0.162 0.252 0.016 0.012
2 0.191 0.724 0.006 0.008
2 0.072 0.736 0.012 0.008
2 0.92 0.942 0.012 0.02
2 0.976 0.81 0.016 0.032
0 0.98 0.019 0.036 0.038
0 0.97 0.036 0.032 0.036
0 0.983 0.106 0.03 0.064
0 0.891 0.012 0.034 0.024
0 0.936 0.153 0.048 0.046
0 0.953 0.231 0.046 0.042
0 0.93 0.263 0.044 0.03
0 0.933 0.299 0.026 0.038
0 0.974 0.313 0.048 0.054
0 0.963 0.491 0.034 0.046
0 0.902 0.464 0.04 0.04
0 0.981 0.582 0.034 0.036
0 0.971 0.607 0.042 0.034
0 0.936 0.592 0.028 0.04
0 0.895 0.68 0.026 0.024
0 0.983 0.784 0.03 0.036
0 0.969 0.852 0.058 0.084
0 0.953 0.896 0.034 0.032
0 0.993 0.957 0.01 0.042
0 0.989 0.989 0.022 0.018
0 0.912 0.994 0.024 0.008
0 0.828 0.989 0.04 0.018
0 0.789 0.958 0.074 0.056
0 0.759 0.887 0.042 0.042
0 0.735 0.904 0.042 0.06
0 0.647 0.91 0.042 0.032
0 0.773 0.918 0.014 0.028
0 0.574 0.992 0.032 0.012
0 0.418 0.976 0.032 0.036
0 0.384 0.905 0.04 0.046
0 0.291 0.874 0.034 0.044
0 0.436 0.85 0.052 0.044
0 0.608 0.855 0.04 0.034
0 0.02 0.951 0.036 0.038
0 0.081 0.982 0.05 0.032
0 0.045 0.985 0.042 0.026
0 0.167 0.99 0.042 0.016
0 0.152 0.98 0.024 0.032
0 0.193 0.956 0.034 0.024
0 0.14 0.943 0.04 0.042
0 0.204 0.867 0.052 0.07
0 0.17 0.855 0.024 0.026
0 0.15 0.84 0.028 0.04
0 0.177 0.828 0.038 0.032
0 0.123 0.801 0.038 0.03
0 0.133 0.734 0.062 0.04
0 0.247 0.81 0.046 0.048
0 0.285 0.798 0.042 0.04
0 0.314 0.761 0.028 0.054
0 0.34 0.758 0.028 0.036
0 0.405 0.777 0.038 0.038
0 0.494 0.793 0.028 0.03
0 0.489 0.738 0.042 0.04
0 0.549 0.765 0.05 0.038
0 0.555 0.715 0.046 0.05
0 0.869 0.771 0.046 0.046
0 0.861 0.726 0.026 0.032
0 0.851 0.686 0.038 0.048
0 0.873 0.646 0.038 0.036
0 0.846 0.605 0.044 0.046
0 0.855 0.632 0.014 0.02
0 0.818 0.451 0.024 0.046
0 0.776 0.414 0.016 0.024
0 0.776 0.336 0.032 0.04
0 0.875 0.356 0.042 0.052
0 0.872 0.166 0.04 0.044
0 0.836 0.183 0.04 0.054
0 0.783 0.175 0.046 0.042
0 0.734 0.048 0.04 0.04
0 0.729 0.081 0.034 0.034
0 0.672 0.094 0.052 0.032
0 0.667 0.074 0.038 0.02
0 0.652 0.056 0.028 0.032
0 0.617 0.026 0.034 0.028
0 0.571 0.021 0.026 0.03
0 0.543 0.023 0.026 0.03
0 0.563 0.045 0.034 0.026
0 0.494 0.04 0.04 0.032
0 0.44 0.003 0.036 0.006
0 0.406 0.022 0.032 0.044
0 0.387 0.009 0.022 0.018
0 0.336 0.01 0.032 0.02
0 0.263 0.006 0.026 0.012
0 0.217 0.011 0.022 0.022
0 0.051 0.006 0.026 0.012
0 0.073 0.013 0.026 0.026
0 0.169 0.04 0.03 0.028
0 0.208 0.06 0.028 0.036
0 0.159 0.063 0.026 0.034
0 0.125 0.061 0.014 0.018
0 0.072 0.086 0.04 0.044
0 0.142 0.118 0.028 0.024
0 0.209 0.13 0.026 0.036
0 0.277 0.109 0.034 0.03
0 0.336 0.076 0.04 0.048
0 0.321 0.054 0.026 0.032
0 0.553 0.089 0.03 0.03
0 0.517 0.083 0.038 0.038
0 0.591 0.104 0.03 0.032
0 0.428 0.089 0.04 0.046
0 0.461 0.123 0.018 0.026
0 0.787 0.248 0.054 0.048
0 0.769 0.293 0.046 0.05
0 0.661 0.259 0.054 0.054
0 0.623 0.197 0.03 0.026
0 0.597 0.175 0.046 0.054
0 0.551 0.19 0.054 0.056
0 0.525 0.243 0.05 0.074
0 0.37 0.11 0.036 0.04
0 0.351 0.141 0.034 0.038
0 0.339 0.196 0.038 0.048
0 0.297 0.167 0.042 0.042
0 0.288 0.135 0.028 0.022
0 0.265 0.158 0.026 0.044
0 0.236 0.181 0.04 0.03
0 0.298 0.217 0.028 0.022
0 0.289 0.231 0.03 0.03
0 0.137 0.171 0.05 0.038
0 0.164 0.202 0.044 0.032
0 0.047 0.19 0.038 0.032
0 0.128 0.225 0.024 0.038
0 0.01 0.235 0.016 0.042
0 0.026 0.278 0.048 0.056
0 0.298 0.302 0.044 0.044
0 0.231 0.318 0.042 0.032
0 0.178 0.349 0.044 0.026
0 0.196 0.415 0.044 0.046
0 0.165 0.4 0.03 0.036
0 0.042 0.375 0.032 0.026
0 0.048 0.395 0.024 0.014
0 0.037 0.42 0.038 0.048
0 0.073 0.429 0.022 0.046
0 0.098 0.449 0.04 0.054
0 0.139 0.452 0.046 0.068
0 0.013 0.549 0.022 0.042
0 0.089 0.582 0.046 0.04
0 0.163 0.648 0.062 0.1
0 0.17 0.579 0.052 0.042
0 0.195 0.544 0.05 0.044
0 0.206 0.517 0.032 0.034
0 0.257 0.678 0.038 0.056
0 0.719 0.847 0.05 0.03
0 0.681 0.798 0.066 0.064
0 0.641 0.748 0.022 0.028
0 0.656 0.743 0.016 0.022
0 0.763 0.719 0.074 0.082
0 0.745 0.649 0.066 0.046
0 0.737 0.525 0.038 0.05
0 0.786 0.48 0.052 0.064
0 0.673 0.438 0.034 0.04
0 0.648 0.368 0.052 0.068
0 0.574 0.434 0.04 0.032
0 0.532 0.476 0.052 0.048
0 0.446 0.45 0.036 0.048
0 0.366 0.364 0.048 0.044
0 0.489 0.291 0.042 0.062
0 0.433 0.27 0.054 0.056
0 0.524 0.348 0.044 0.044
0 0.47 0.346 0.016 0.02
0 0.443 0.349 0.022 0.014
0 0.44 0.32 0.02 0.012
0 0.729 0.286 0.03 0.044
0 0.734 0.337 0.036 0.038
0 0.565 0.593 0.042 0.042
0 0.521 0.545 0.038 0.042
0 0.489 0.528 0.018 0.016
0 0.334 0.502 0.032 0.056
0 0.374 0.487 0.06 0.066
0 0.372 0.652 0.044 0.044
0 0.358 0.708 0.044 0.04
1 0.997 0.067 0.002 0.026
1 0.913 0.045 0.018 0.026
1 0.959 0.264 0.01 0.008
1 0.955 0.278 0.01 0.012
1 0.996 0.408 0.004 0.04
1 0.965 0.43 0.018 0.012
1 0.954 0.436 0.016 0.016
1 0.994 0.485 0.008 0.022
1 0.976 0.659 0.016 0.026
1 0.942 0.66 0.02 0.02
1 0.994 0.819 0.008 0.01
1 0.92 0.808 0.012 0.02
1 0.868 0.848 0.016 0.016
1 0.817 0.841 0.014 0.014
1 0.994 0.919 0.008 0.026
1 0.943 0.969 0.022 0.026
1 0.852 0.917 0.02 0.03
1 0.664 0.956 0.02 0.032
1 0.643 0.967 0.022 0.022
1 0.437 0.977 0.014 0.022
1 0.364 0.914 0.016 0.024
1 0.324 0.924 0.02 0.028
1 0.282 0.923 0.02 0.022
1 0.521 0.877 0.026 0.026
1 0.546 0.831 0.016 0.018
1 0.59 0.831 0.02 0.018
1 0.605 0.808 0.018 0.032
1 0.099 0.96 0.018 0.036
1 0.193 0.935 0.034 0.018
1 0.178 0.908 0.016 0.032
1 0.124 0.938 0.036 0.016
1 0.07 0.922 0.028 0.032
1 0.049 0.913 0.018 0.018
1 0.14 0.878 0.02 0.028
1 0.064 0.845 0.02 0.026
1 0.031 0.813 0.026 0.026
1 0.015 0.786 0.022 0.016
1 0.157 0.804 0.022 0.016
1 0.179 0.78 0.018 0.02
1 0.156 0.772 0.024 0.024
1 0.441 0.778 0.018 0.024
1 0.605 0.702 0.018 0.036
1 0.893 0.648 0.014 0.02
1 0.821 0.58 0.026 0.016
1 0.845 0.509 0.014 0.026
1 0.859 0.52 0.014 0.008
1 0.904 0.514 0.008 0.016
1 0.758 0.383 0.012 0.014
1 0.748 0.394 0.012 0.016
1 0.716 0.393 0.02 0.014
1 0.72 0.374 0.02 0.016
1 0.829 0.358 0.01 0.016
1 0.789 0.357 0.026 0.022
1 0.885 0.284 0.026 0.02
1 0.832 0.058 0.032 0.032
1 0.81 0.035 0.02 0.018
1 0.797 0.013 0.014 0.026
1 0.69 0.005 0.04 0.01
1 0.76 0.082 0.012 0.012
1 0.757 0.096 0.018 0.016
1 0.66 0.06 0.016 0.012
1 0.609 0.056 0.014 0.02
1 0.477 0.015 0.01 0.018
1 0.292 0.009 0.02 0.018
1 0.286 0.016 0.024 0.032
1 0.187 0.041 0.018 0.034
1 0.124 0.106 0.016 0.02
1 0.188 0.091 0.016 0.018
1 0.268 0.086 0.016 0.016
1 0.309 0.027 0.022 0.022
1 0.481 0.072 0.018 0.028
1 0.553 0.109 0.026 0.014
1 0.464 0.099 0.008 0.014
1 0.478 0.117 0.02 0.022
1 0.443 0.127 0.014 0.026
1 0.861 0.113 0.022 0.022
1 0.725 0.235 0.022 0.018
1 0.726 0.252 0.02 0.02
1 0.557 0.242 0.026 0.02
1 0.358 0.17 0.024 0.028
1 0.365 0.191 0.014 0.014
1 0.424 0.165 0.008 0.01
1 0.23 0.208 0.02 0.02
1 0.323 0.258 0.03 0.024
1 0.105 0.169 0.026 0.038
1 0.061 0.212 0.014 0.008
1 0.17 0.266 0.02 0.028
1 0.056 0.268 0.028 0.02
1 0.175 0.315 0.006 0.014
1 0.258 0.33 0.02 0.02
1 0.2 0.364 0.02 0.016
1 0.254 0.378 0.032 0.02
1 0.301 0.392 0.022 0.024
1 0.057 0.451 0.014 0.022
1 0.019 0.494 0.034 0.028
1 0.043 0.628 0.034 0.02
1 0.062 0.639 0.02 0.022
1 0.092 0.659 0.008 0.03
1 0.097 0.611 0.026 0.018
1 0.253 0.648 0.018 0.02
1 0.272 0.975 0.008 0.01
1 0.249 0.96 0.01 0.012
1 0.234 0.985 0.024 0.014
1 0.223 0.962 0.006 0.012
1 0.656 0.68 0.028 0.02
1 0.646 0.648 0.028 0.024
1 0.764 0.552 0.016 0.02
1 0.803 0.536 0.022 0.02
1 0.784 0.523 0.02 0.018
1 0.698 0.517 0.008 0.026
1 0.704 0.524 0.008 0.012
1 0.668 0.536 0.02 0.02
1 0.615 0.524 0.034 0.012
1 0.588 0.397 0.012 0.034
1 0.504 0.41 0.016 0.036
1 0.583 0.452 0.03 0.024
1 0.418 0.396 0.02 0.028
1 0.481 0.329 0.006 0.01
1 0.456 0.332 0.012 0.012
1 0.413 0.306 0.038 0.024
1 0.384 0.31 0.016 0.032
1 0.887 0.435 0.018 0.034
1 0.753 0.464 0.03 0.044
1 0.753 0.448 0.01 0.012
1 0.748 0.436 0.008 0.008
1 0.463 0.544 0.018 0.02
1 0.487 0.548 0.026 0.012
1 0.425 0.551 0.038 0.022
1 0.393 0.58 0.03 0.012
1 0.49 0.653 0.024 0.018
1 0.455 0.69 0.006 0.02
1 0.305 0.725 0.006 0.01
1 0.456 0.729 0.008 0.01
1 0.118 0.308 0.012 0.012
1 0.921 0.942 0.01 0.012
2 0.955 0.578 0.022 0.024
2 0.022 0.796 0.024 0.024
2 0.235 0.088 0.018 0.016
2 0.9 0.15 0.02 0.024
2 0.657 0.168 0.03 0.036
2 0.182 0.284 0.028 0.024
2 0.256 0.972 0.008 0.016
2 0.254 0.989 0.012 0.018
2 0.212 0.978 0.008 0.012
2 0.212 0.99 0.008 0.016
2 0.41 0.866 0.02 0.016
2 0.565 0.984 0.018 0.028
2 0.589 0.905 0.022 0.034
2 0.549 0.879 0.01 0.014
2 0.79 0.848 0.024 0.02
2 0.764 0.612 0.016 0.024
2 0.797 0.618 0.01 0.024
2 0.786 0.627 0.012 0.022
2 0.775 0.625 0.01 0.01
2 0.569 0.398 0.026 0.016
2 0.431 0.209 0.034 0.042
2 0.494 0.333 0.012 0.014
2 0.746 0.36 0.028 0.028
2 0.715 0.443 0.014 0.026
2 0.721 0.462 0.01 0.02
2 0.728 0.428 0.012 0.008
2 0.725 0.443 0.01 0.014
2 0.738 0.434 0.008 0.016
2 0.503 0.562 0.018 0.02
2 0.301 0.49 0.03 0.044
2 0.402 0.529 0.036 0.03
2 0.493 0.612 0.018 0.032
2 0.513 0.614 0.014 0.024
2 0.428 0.691 0.024 0.042
2 0.229 0.743 0.038 0.018
2 0.404 0.809 0.044 0.026
2 0.359 0.794 0.026 0.024
2 0.377 0.773 0.018 0.026
2 0.483 0.713 0.014 0.026
2 0.524 0.782 0.02 0.016
2 0.499 0.766 0.026 0.024
2 0.12 0.355 0.016 0.042
2 0.905 0.871 0.014 0.014
2 0.939 0.86 0.014 0.012
2 0.897 0.933 0.01 0.026