0 0.873 0.013 0.042 0.026
0 0.987 0.108 0.022 0.06
0 0.876 0.237 0.048 0.046
0 0.771 0.255 0.05 0.042
0 0.734 0.285 0.036 0.05
0 0.685 0.292 0.042 0.064
0 0.869 0.468 0.034 0.048
0 0.783 0.382 0.034 0.044
0 0.864 0.651 0.044 0.062
0 0.982 0.719 0.032 0.054
0 0.913 0.78 0.042 0.048
0 0.839 0.814 0.034 0.06
0 0.796 0.829 0.048 0.062
0 0.819 0.772 0.05 0.036
0 0.941 0.73 0.038 0.036
0 0.951 0.75 0.03 0.036
0 0.992 0.979 0.012 0.038
0 0.765 0.942 0.042 0.044
0 0.898 0.98 0.056 0.036
0 0.842 0.905 0.04 0.03
0 0.687 0.887 0.046 0.038
0 0.656 0.949 0.044 0.058
0 0.64 0.888 0.036 0.04
0 0.612 0.856 0.04 0.052
0 0.596 0.986 0.04 0.024
0 0.648 0.812 0.044 0.04
0 0.679 0.754 0.042 0.036
0 0.707 0.681 0.03 0.046
0 0.704 0.7 0.028 0.04
0 0.656 0.688 0.048 0.064
0 0.56 0.643 0.048 0.058
0 0.621 0.534 0.038 0.04
0 0.584 0.528 0.036 0.04
0 0.595 0.476 0.038 0.044
0 0.642 0.395 0.04 0.046
0 0.534 0.507 0.032 0.038
0 0.536 0.46 0.04 0.036
0 0.535 0.414 0.038 0.036
0 0.481 0.444 0.05 0.064
0 0.548 0.357 0.04 0.042
0 0.563 0.31 0.046 0.056
0 0.466 0.34 0.04 0.06
0 0.524 0.27 0.048 0.052
0 0.558 0.177 0.036 0.05
0 0.525 0.17 0.042 0.052
0 0.532 0.054 0.056 0.068
0 0.648 0.042 0.06 0.076
0 0.61 0.026 0.068 0.052
0 0.545 0.004 0.038 0.008
0 0.529 0.217 0.046 0.038
0 0.459 0.189 0.038 0.042
0 0.383 0.085 0.038 0.046
0 0.337 0.115 0.05 0.042
0 0.262 0.024 0.04 0.048
0 0.191 0.155 0.054 0.058
0 0.163 0.041 0.042 0.05
0 0.057 0.03 0.046 0.048
0 0.014 0.009 0.024 0.018
0 0.074 0.175 0.036 0.042
0 0.018 0.237 0.032 0.042
0 0.014 0.273 0.024 0.042
0 0.018 0.293 0.032 0.03
0 0.04 0.461 0.04 0.046
0 0.172 0.394 0.048 0.048
0 0.184 0.286 0.028 0.048
0 0.218 0.212 0.036 0.048
0 0.315 0.275 0.054 0.046
0 0.362 0.389 0.04 0.042
0 0.324 0.39 0.048 0.052
0 0.276 0.328 0.044 0.036
0 0.256 0.408 0.036 0.056
0 0.295 0.446 0.05 0.048
0 0.2 0.429 0.04 0.042
0 0.162 0.478 0.036 0.04
0 0.01 0.535 0.016 0.054
0 0.109 0.56 0.038 0.04
0 0.162 0.594 0.04 0.048
0 0.281 0.608 0.046 0.056
0 0.322 0.612 0.036 0.056
0 0.389 0.623 0.038 0.046
0 0.408 0.636 0.048 0.064
0 0.407 0.679 0.042 0.058
0 0.434 0.679 0.028 0.05
0 0.381 0.74 0.038 0.04
0 0.477 0.706 0.026 0.052
0 0.453 0.721 0.026 0.034
0 0.427 0.787 0.046 0.042
0 0.386 0.79 0.04 0.048
0 0.502 0.509 0.044 0.046
0 0.565 0.687 0.046 0.042
0 0.339 0.799 0.038 0.05
0 0.4 0.843 0.044 0.046
0 0.391 0.88 0.042 0.052
0 0.352 0.885 0.04 0.042
0 0.455 0.899 0.034 0.042
0 0.496 0.912 0.04 0.044
0 0.306 0.8 0.028 0.036
0 0.37 0.971 0.056 0.054
0 0.411 0.986 0.03 0.024
0 0.439 0.981 0.034 0.034
0 0.274 0.912 0.036 0.044
0 0.268 0.953 0.04 0.038
0 0.25 0.627 0.028 0.03
0 0.237 0.837 0.026 0.046
0 0.215 0.768 0.042 0.04
0 0.169 0.736 0.038 0.04
0 0.12 0.698 0.044 0.044
0 0.042 0.651 0.04 0.05
0 0.007 0.752 0.01 0.036
0 0.062 0.857 0.036 0.034
0 0.098 0.875 0.04 0.03
0 0.128 0.897 0.032 0.034
0 0.067 0.797 0.026 0.038
0 0.13 0.85 0.036 0.032
0 0.171 0.858 0.026 0.028
0 0.165 0.979 0.05 0.038
0 0.034 0.976 0.04 0.044
0 0.939 0.106 0.038 0.028
0 0.975 0.035 0.046 0.042
0 0.848 0.302 0.036 0.036
0 0.732 0.542 0.048 0.04
0 0.766 0.693 0.04 0.046
0 0.76 0.637 0.032 0.038
0 0.988 0.907 0.02 0.03
0 0.628 0.657 0.032 0.054
0 0.88 0.198 0.048 0.04
0 0.62 0.284 0.056 0.04
0 0.398 0.066 0.024 0.028
0 0.439 0.007 0.03 0.014
0 0.257 0.83 0.018 0.04
0 0.092 0.689 0.036 0.026
1 0.957 0.174 0.018 0.024
1 0.927 0.681 0.03 0.026
1 0.913 0.965 0.026 0.03
1 0.847 0.934 0.03 0.032
1 0.595 0.9 0.03 0.036
1 0.43 0.051 0.024 0.03
1 0.655 0.109 0.026 0.022
1 0.242 0.121 0.028 0.03
1 0.202 0.06 0.028 0.028
1 0.06 0.233 0.024 0.034
1 0.021 0.415 0.03 0.03
1 0.088 0.471 0.02 0.026
1 0.346 0.217 0.028 0.018
1 0.348 0.259 0.024 0.034
1 0.401 0.306 0.034 0.032
1 0.389 0.33 0.034 0.032
1 0.238 0.461 0.02 0.018
1 0.187 0.466 0.022 0.036
1 0.251 0.493 0.03 0.018
1 0.006 0.58 0.008 0.02
1 0.127 0.645 0.022 0.03
1 0.201 0.591 0.026 0.034
1 0.292 0.551 0.024 0.03
1 0.341 0.583 0.022 0.026
1 0.454 0.584 0.028 0.028
1 0.587 0.789 0.03 0.022
1 0.514 0.989 0.024 0.018
1 0.233 0.867 0.014 0.014
1 0.485 0.578 0.026 0.024
1 0.948 0.08 0.02 0.024
1 0.772 0.076 0.032 0.036
1 0.902 0.149 0.024 0.026
1 0.995 0.219 0.006 0.03
1 0.82 0.315 0.016 0.018
1 0.967 0.392 0.022 0.032
1 0.995 0.482 0.006 0.024
1 0.897 0.498 0.03 0.04
1 0.809 0.609 0.026 0.034
1 0.793 0.632 0.03 0.032
1 0.947 0.57 0.026 0.028
1 0.702 0.423 0.02 0.03
1 0.824 0.219 0.02 0.034
1 0.785 0.026 0.026 0.028
1 0.775 0.041 0.022 0.014
1 0.222 0.056 0.016 0.02
1 0.587 0.376 0.018 0.02
1 0.557 0.253 0.018 0.026
1 0.574 0.106 0.024 0.02
1 0.465 0.005 0.014 0.01
2 0.706 0.332 0.044 0.052
2 0.687 0.977 0.034 0.042
2 0.088 0.051 0.044 0.054
2 0.085 0.291 0.03 0.034
2 0.045 0.289 0.026 0.022
2 0.018 0.349 0.032 0.034
2 0.128 0.381 0.036 0.05
2 0.075 0.389 0.022 0.046
2 0.119 0.461 0.034 0.046
2 0.236 0.525 0.036 0.03
2 0.097 0.52 0.034 0.036
2 0.044 0.532 0.044 0.048
2 0.067 0.541 0.014 0.014
2 0.066 0.588 0.02 0.02
2 0.443 0.746 0.026 0.016
2 0.578 0.843 0.044 0.05
2 0.43 0.916 0.02 0.024
2 0.208 0.98 0.032 0.024
2 0.014 0.813 0.024 0.046
2 0.204 0.805 0.032 0.034
2 0.085 0.926 0.03 0.036
2 0.946 0.236 0.028 0.032
2 0.88 0.337 0.036 0.034
2 0.759 0.426 0.054 0.048
2 0.707 0.466 0.046 0.056
2 0.777 0.501 0.042 0.05
2 0.755 0.589 0.034 0.026
2 0.821 0.573 0.018 0.018
2 0.911 0.815 0.022 0.022
2 0.896 0.727 0.028 0.046
2 0.941 0.639 0.022 0.03
2 0.959 0.976 0.018 0.016
2 0.89 0.95 0.02 0.02
2 0.676 0.696 0.024 0.044
2 0.654 0.583 0.016 0.022
2 0.641 0.586 0.01 0.02
2 0.55 0.533 0.012 0.014
2 0.556 0.537 0.024 0.038
2 0.838 0.037 0.028 0.038
2 0.624 0.129 0.04 0.042
2 0.777 0.301 0.034 0.038
2 0.753 0.236 0.022 0.028
2 0.653 0.201 0.038 0.03
2 0.101 0.128 0.018 0.016
2 0.114 0.097 0.024 0.022
2 0.1 0.081 0.024 0.022
2 0.212 0.255 0.016 0.018
2 0.215 0.677 0.022 0.034
2 0.077 0.631 0.034 0.05
2 0.131 0.582 0.022 0.016
2 0.161 0.889 0.018 0.018
2 0.32 0.872 0.024 0.032
2 0.32 0.971 0.024 0.03
2 0.488 0.842 0.032 0.036
2 0.096 0.777 0.024 0.03
2 0.069 0.759 0.018 0.01
2 0.081 0.722 0.03 0.024
2 0.383 0.451 0.046 0.034
2 0.56 0.118 0.068 0.032
2 0.431 0.277 0.03 0.03
2 0.409 0.064 0.022 0.076
2 0.476 0.023 0.016 0.022
2 0.375 0.826 0.022 0.028
2 0.674 0.841 0.028 0.042
2 0.429 0.891 0.018 0.014