0 0.033 0.187 0.046 0.046
0 0.022 0.076 0.036 0.052
0 0.066 0.022 0.032 0.044
0 0.089 0.003 0.026 0.006
0 0.14 0.007 0.028 0.014
0 0.117 0.02 0.018 0.02
0 0.132 0.061 0.036 0.05
0 0.219 0.019 0.034 0.038
0 0.148 0.147 0.04 0.066
0 0.176 0.136 0.024 0.044
0 0.211 0.134 0.022 0.036
0 0.263 0.134 0.03 0.044
0 0.214 0.193 0.052 0.042
0 0.229 0.035 0.03 0.038
0 0.26 0.031 0.032 0.042
0 0.319 0.014 0.03 0.028
0 0.354 0.026 0.032 0.04
0 0.339 0.073 0.03 0.034
0 0.354 0.128 0.032 0.036
0 0.357 0.169 0.038 0.042
0 0.002 0.264 0.004 0.016
0 0.058 0.274 0.024 0.032
0 0.132 0.297 0.032 0.046
0 0.209 0.314 0.038 0.06
0 0.078 0.334 0.032 0.04
0 0.079 0.383 0.03 0.034
0 0.036 0.415 0.044 0.042
0 0.006 0.406 0.012 0.04
0 0.067 0.473 0.03 0.046
0 0.123 0.46 0.034 0.052
0 0.013 0.539 0.026 0.054
0 0.004 0.576 0.008 0.04
0 0.059 0.552 0.03 0.028
0 0.058 0.578 0.032 0.036
0 0.005 0.632 0.01 0.044
0 0.011 0.737 0.022 0.046
0 0.043 0.764 0.034 0.04
0 0.094 0.775 0.036 0.034
0 0.114 0.796 0.032 0.048
0 0.157 0.735 0.018 0.022
0 0.077 0.887 0.014 0.018
0 0.085 0.903 0.022 0.022
0 0.059 0.955 0.026 0.022
0 0.039 0.979 0.03 0.038
0 0.129 0.969 0.034 0.034
0 0.178 0.956 0.032 0.04
0 0.19 0.939 0.024 0.038
0 0.144 0.884 0.04 0.028
0 0.139 0.855 0.034 0.034
0 0.136 0.819 0.028 0.038
0 0.162 0.828 0.028 0.036
0 0.196 0.833 0.036 0.058
0 0.23 0.834 0.04 0.052
0 0.265 0.841 0.018 0.034
0 0.295 0.811 0.026 0.022
0 0.208 0.789 0.028 0.034
0 0.241 0.964 0.034 0.036
0 0.295 0.97 0.03 0.036
0 0.22 0.903 0.04 0.038
0 0.312 0.905 0.036 0.054
0 0.372 0.89 0.036 0.04
0 0.35 0.901 0.028 0.034
0 0.378 0.919 0.048 0.042
0 0.423 0.94 0.034 0.032
0 0.522 0.954 0.04 0.056
0 0.578 0.96 0.036 0.04
0 0.605 0.994 0.038 0.008
0 0.621 0.967 0.034 0.018
0 0.605 0.932 0.03 0.044
0 0.747 0.937 0.038 0.05
0 0.818 0.919 0.024 0.026
0 0.834 0.943 0.02 0.022
0 0.894 0.941 0.024 0.03
0 0.901 0.908 0.038 0.036
0 0.987 0.955 0.022 0.046
0 0.954 0.908 0.032 0.048
0 0.991 0.855 0.014 0.042
0 0.964 0.859 0.036 0.042
0 0.979 0.785 0.034 0.042
0 0.906 0.845 0.032 0.058
0 0.873 0.872 0.034 0.04
0 0.867 0.825 0.03 0.046
0 0.846 0.837 0.024 0.038
0 0.823 0.831 0.026 0.054
0 0.782 0.846 0.028 0.044
0 0.934 0.742 0.02 0.036
0 0.934 0.701 0.036 0.046
0 0.902 0.735 0.036 0.026
0 0.681 0.878 0.026 0.056
0 0.649 0.849 0.042 0.034
0 0.822 0.764 0.036 0.048
0 0.788 0.743 0.028 0.034
0 0.796 0.718 0.02 0.024
0 0.773 0.705 0.026 0.022
0 0.551 0.821 0.026 0.038
0 0.447 0.852 0.03 0.044
0 0.455 0.812 0.022 0.028
0 0.519 0.766 0.03 0.052
0 0.657 0.764 0.034 0.036
0 0.632 0.741 0.04 0.054
0 0.594 0.741 0.036 0.046
0 0.681 0.72 0.03 0.032
0 0.692 0.742 0.032 0.028
0 0.652 0.691 0.04 0.03
0 0.624 0.679 0.024 0.046
0 0.604 0.7 0.024 0.028
0 0.554 0.665 0.036 0.038
0 0.519 0.653 0.038 0.038
0 0.666 0.637 0.02 0.038
0 0.652 0.645 0.02 0.026
0 0.709 0.634 0.026 0.056
0 0.769 0.646 0.038 0.044
0 0.785 0.611 0.03 0.034
0 0.825 0.624 0.03 0.036
0 0.136 0.682 0.032 0.04
0 0.093 0.627 0.022 0.038
0 0.161 0.653 0.022 0.034
0 0.171 0.673 0.018 0.03
0 0.205 0.655 0.022 0.046
0 0.219 0.682 0.022 0.024
0 0.213 0.71 0.026 0.04
0 0.231 0.704 0.026 0.036
0 0.188 0.559 0.036 0.05
0 0.094 0.572 0.024 0.024
0 0.135 0.411 0.026 0.03
0 0.185 0.448 0.026 0.048
0 0.211 0.518 0.038 0.044
0 0.247 0.537 0.034 0.042
0 0.284 0.544 0.032 0.044
0 0.269 0.498 0.022 0.04
0 0.228 0.459 0.032 0.046
0 0.242 0.397 0.028 0.05
0 0.311 0.389 0.03 0.046
0 0.377 0.359 0.038 0.042
0 0.382 0.31 0.032 0.032
0 0.316 0.292 0.028 0.052
0 0.318 0.238 0.036 0.044
0 0.362 0.253 0.048 0.058
0 0.433 0.194 0.03 0.052
0 0.501 0.016 0.03 0.032
0 0.524 0.032 0.032 0.04
0 0.539 0.044 0.042 0.044
0 0.517 0.08 0.026 0.044
0 0.612 0.039 0.032 0.05
0 0.952 0.622 0.024 0.032
0 0.885 0.518 0.03 0.048
0 0.992 0.499 0.012 0.046
0 0.961 0.469 0.034 0.038
0 0.921 0.443 0.022 0.038
0 0.926 0.419 0.02 0.022
0 0.968 0.381 0.032 0.038
0 0.94 0.356 0.044 0.044
0 0.259 0.636 0.022 0.028
0 0.322 0.631 0.04 0.026
0 0.293 0.675 0.038 0.042
0 0.285 0.708 0.034 0.036
0 0.334 0.677 0.036 0.046
0 0.457 0.72 0.038 0.048
0 0.424 0.7 0.032 0.044
0 0.531 0.585 0.03 0.03
0 0.439 0.586 0.034 0.032
0 0.406 0.577 0.024 0.042
0 0.372 0.578 0.032 0.068
0 0.433 0.505 0.034 0.03
0 0.396 0.513 0.032 0.05
0 0.373 0.491 0.026 0.042
0 0.408 0.426 0.032 0.036
0 0.468 0.433 0.032 0.042
0 0.49 0.272 0.028 0.04
0 0.513 0.262 0.034 0.036
0 0.517 0.346 0.042 0.04
0 0.556 0.304 0.052 0.06
0 0.549 0.434 0.046 0.06
0 0.618 0.542 0.024 0.028
0 0.775 0.524 0.042 0.056
0 0.743 0.525 0.034 0.07
0 0.687 0.477 0.03 0.042
0 0.646 0.49 0.032 0.048
0 0.68 0.439 0.032 0.034
0 0.672 0.454 0.028 0.024
0 0.589 0.462 0.026 0.036
0 0.616 0.439 0.036 0.054
0 0.689 0.366 0.03 0.048
0 0.668 0.386 0.024 0.044
0 0.645 0.328 0.042 0.052
0 0.717 0.291 0.034 0.054
0 0.83 0.341 0.024 0.046
0 0.851 0.372 0.022 0.06
0 0.878 0.357 0.024 0.05
0 0.906 0.295 0.032 0.034
0 0.939 0.268 0.038 0.04
0 0.975 0.253 0.03 0.03
0 0.944 0.177 0.036 0.038
0 0.78 0.218 0.04 0.04
0 0.544 0.175 0.032 0.046
0 0.541 0.136 0.046 0.036
0 0.609 0.151 0.034 0.042
0 0.677 0.13 0.034 0.056
0 0.643 0.164 0.038 0.044
0 0.642 0.208 0.04 0.04
0 0.617 0.219 0.022 0.026
0 0.669 0.238 0.05 0.06
0 0.709 0.214 0.03 0.044
0 0.851 0.175 0.03 0.062
0 0.97 0.111 0.036 0.058
0 0.994 0.106 0.008 0.024
0 0.861 0.02 0.034 0.04
0 0.923 0.009 0.03 0.018
0 0.96 0.007 0.02 0.014
0 0.92 0.087 0.032 0.058
0 0.898 0.105 0.024 0.046
0 0.876 0.108 0.028 0.06
0 0.85 0.108 0.024 0.044
0 0.832 0.113 0.02 0.03
0 0.841 0.079 0.042 0.046
1 0.011 0.174 0.022 0.032
1 0.068 0.047 0.028 0.014
1 0.184 0.06 0.02 0.02
1 0.244 0.167 0.02 0.03
1 0.136 0.193 0.012 0.014
1 0.13 0.211 0.012 0.026
1 0.237 0.057 0.018 0.022
1 0.277 0.074 0.022 0.02
1 0.352 0.052 0.016 0.028
1 0.175 0.298 0.014 0.036
1 0.174 0.336 0.02 0.02
1 0.031 0.377 0.022 0.018
1 0.006 0.481 0.012 0.03
1 0.043 0.628 0.018 0.028
1 0.033 0.907 0.018 0.022
1 0.266 0.813 0.008 0.014
1 0.273 0.766 0.014 0.036
1 0.218 0.748 0.028 0.02
1 0.19 0.737 0.032 0.014
1 0.46 0.966 0.02 0.036
1 0.549 0.913 0.026 0.018
1 0.613 0.893 0.038 0.026
1 0.696 0.985 0.032 0.026
1 0.779 0.926 0.018 0.024
1 0.748 0.973 0.012 0.018
1 0.893 0.78 0.018 0.02
1 0.701 0.878 0.022 0.028
1 0.72 0.801 0.02 0.026
1 0.789 0.778 0.018 0.024
1 0.832 0.727 0.024 0.018
1 0.465 0.79 0.022 0.024
1 0.502 0.795 0.024 0.034
1 0.506 0.75 0.012 0.016
1 0.607 0.647 0.018 0.03
1 0.684 0.614 0.016 0.016
1 0.849 0.583 0.022 0.018
1 0.082 0.649 0.016 0.01
1 0.072 0.651 0.008 0.014
1 0.086 0.676 0.02 0.02
1 0.113 0.536 0.022 0.028
1 0.105 0.52 0.022 0.02
1 0.177 0.399 0.022 0.026
1 0.243 0.433 0.014 0.014
1 0.266 0.424 0.02 0.024
1 0.389 0.274 0.03 0.02
1 0.462 0.126 0.016 0.024
1 0.578 0.007 0.016 0.014
1 0.68 0.01 0.028 0.02
1 0.916 0.644 0.02 0.02
1 0.852 0.527 0.016 0.018
1 0.98 0.409 0.016 0.014
1 0.341 0.723 0.014 0.018
1 0.336 0.736 0.016 0.016
1 0.359 0.842 0.018 0.028
1 0.354 0.815 0.016 0.03
1 0.443 0.664 0.026 0.028
1 0.454 0.539 0.02 0.018
1 0.432 0.449 0.024 0.022
1 0.466 0.452 0.02 0.016
1 0.444 0.267 0.016 0.026
1 0.44 0.291 0.02 0.022
1 0.431 0.318 0.014 0.008
1 0.55 0.233 0.02 0.022
1 0.588 0.53 0.016 0.024
1 0.737 0.451 0.03 0.022
1 0.738 0.42 0.028 0.02
1 0.633 0.453 0.01 0.018
1 0.737 0.273 0.01 0.026
1 0.743 0.321 0.006 0.034
1 0.76 0.317 0.02 0.026
1 0.797 0.375 0.022 0.022
1 0.851 0.458 0.026 0.024
1 0.868 0.247 0.02 0.03
1 0.747 0.184 0.022 0.028
1 0.994 0.033 0.008 0.014
1 0.993 0.019 0.01 0.01
1 0.74 0.047 0.016 0.058
1 0.767 0.055 0.026 0.034
1 0.758 0.099 0.032 0.022
2 0.015 0.108 0.026 0.028
2 0.327 0.159 0.022 0.042
2 0.131 0.991 0.026 0.014
2 0.252 0.805 0.016 0.018
2 0.22 0.99 0.032 0.016
2 0.817 0.74 0.022 0.012
2 0.646 0.609 0.016 0.018
2 0.427 0.026 0.022 0.028
2 0.867 0.611 0.014 0.014
2 0.937 0.385 0.022 0.018
2 0.42 0.77 0.016 0.036
2 0.382 0.788 0.016 0.024
2 0.482 0.677 0.02 0.034
2 0.463 0.601 0.026 0.03
2 0.632 0.367 0.028 0.042
2 0.747 0.2 0.03 0.028
2 0.702 0.165 0.024 0.03
2 0.835 0.185 0.03 0.042
2 0.439 0.064 0.018 0.012