0 0.107 0.952 0.034 0.04
0 0.21 0.971 0.04 0.05
0 0.181 0.978 0.038 0.04
0 0.26 0.966 0.032 0.04
0 0.32 0.966 0.032 0.044
0 0.342 0.966 0.016 0.024
0 0.459 0.988 0.034 0.02
0 0.526 0.985 0.036 0.026
0 0.558 0.954 0.032 0.032
0 0.615 0.955 0.034 0.038
0 0.654 0.93 0.032 0.032
0 0.787 0.957 0.03 0.038
0 0.868 0.988 0.04 0.02
0 0.944 0.944 0.032 0.028
0 0.538 0.893 0.032 0.046
0 0.859 0.881 0.03 0.042
0 0.836 0.931 0.036 0.03
0 0.655 0.857 0.026 0.042
0 0.63 0.804 0.04 0.044
0 0.357 0.853 0.042 0.042
0 0.282 0.859 0.036 0.058
0 0.447 0.957 0.038 0.038
0 0.487 0.932 0.038 0.036
0 0.013 0.873 0.022 0.05
0 0.05 0.819 0.036 0.038
0 0.154 0.854 0.04 0.028
0 0.213 0.806 0.03 0.04
0 0.115 0.805 0.03 0.038
0 0.196 0.74 0.028 0.028
0 0.191 0.724 0.026 0.032
0 0.428 0.799 0.032 0.05
0 0.454 0.802 0.032 0.032
0 0.567 0.815 0.026 0.03
0 0.686 0.815 0.032 0.046
0 0.758 0.767 0.032 0.046
0 0.812 0.849 0.024 0.03
0 0.833 0.849 0.034 0.042
0 0.909 0.84 0.03 0.032
0 0.975 0.671 0.034 0.05
0 0.927 0.694 0.046 0.052
0 0.035 0.699 0.03 0.042
0 0.224 0.677 0.04 0.038
0 0.058 0.784 0.036 0.036
0 0.065 0.651 0.042 0.058
0 0.016 0.593 0.028 0.054
0 0.094 0.607 0.036 0.03
0 0.077 0.721 0.018 0.034
0 0.222 0.626 0.04 0.048
0 0.171 0.6 0.038 0.036
0 0.199 0.577 0.038 0.034
0 0.203 0.544 0.03 0.048
0 0.314 0.581 0.032 0.026
0 0.38 0.612 0.032 0.036
0 0.397 0.579 0.034 0.042
0 0.383 0.66 0.038 0.052
0 0.401 0.706 0.034 0.048
0 0.456 0.662 0.036 0.052
0 0.427 0.652 0.03 0.048
0 0.487 0.699 0.034 0.046
0 0.496 0.735 0.024 0.042
0 0.554 0.641 0.044 0.034
0 0.627 0.719 0.034 0.038
0 0.623 0.646 0.034 0.048
0 0.768 0.66 0.04 0.044
0 0.726 0.61 0.036 0.052
0 0.758 0.608 0.032 0.036
0 0.803 0.566 0.038 0.04
0 0.772 0.55 0.04 0.044
0 0.795 0.621 0.034 0.046
0 0.828 0.62 0.032 0.04
0 0.849 0.581 0.038 0.046
0 0.897 0.561 0.03 0.038
0 0.93 0.514 0.024 0.036
0 0.978 0.509 0.036 0.05
0 0.969 0.584 0.034 0.036
0 0.928 0.838 0.032 0.064
0 0.899 0.864 0.034 0.032
0 0.892 0.764 0.024 0.024
0 0.889 0.784 0.034 0.024
0 0.788 0.79 0.032 0.036
0 0.342 0.745 0.04 0.046
0 0.373 0.733 0.042 0.038
0 0.515 0.575 0.042 0.058
0 0.407 0.49 0.042 0.052
0 0.449 0.432 0.038 0.044
0 0.337 0.447 0.034 0.05
0 0.606 0.538 0.036 0.06
0 0.817 0.463 0.046 0.05
0 0.859 0.472 0.034 0.048
0 0.925 0.442 0.042 0.048
0 0.89 0.455 0.032 0.038
0 0.94 0.328 0.032 0.048
0 0.806 0.345 0.032 0.046
0 0.688 0.401 0.028 0.058
0 0.636 0.372 0.036 0.052
0 0.67 0.351 0.032 0.042
0 0.688 0.275 0.028 0.046
0 0.728 0.226 0.032 0.056
0 0.745 0.236 0.034 0.036
0 0.73 0.167 0.032 0.042
0 0.89 0.227 0.028 0.038
0 0.931 0.197 0.026 0.022
0 0.927 0.182 0.03 0.028
0 0.984 0.286 0.028 0.044
0 0.1 0.474 0.024 0.036
0 0.112 0.524 0.028 0.048
0 0.136 0.527 0.032 0.042
0 0.213 0.482 0.034 0.04
0 0.075 0.375 0.034 0.042
0 0.012 0.362 0.02 0.04
0 0.009 0.334 0.014 0.02
0 0.059 0.327 0.034 0.038
0 0.08 0.304 0.032 0.036
0 0.178 0.361 0.036 0.046
0 0.267 0.348 0.042 0.04
0 0.289 0.266 0.034 0.036
0 0.389 0.36 0.034 0.056
0 0.587 0.296 0.038 0.06
0 0.839 0.113 0.03 0.046
0 0.87 0.11 0.036 0.068
0 0.761 0.109 0.03 0.05
0 0.786 0.026 0.032 0.044
0 0.952 0.034 0.036 0.056
0 0.56 0.411 0.028 0.038
0 0.43 0.17 0.028 0.04
0 0.292 0.106 0.04 0.048
0 0.247 0.27 0.034 0.056
0 0.177 0.17 0.034 0.04
0 0.121 0.183 0.03 0.034
0 0.31 0.142 0.032 0.044
0 0.296 0.16 0.024 0.032
0 0.253 0.046 0.022 0.044
0 0.171 0.036 0.042 0.036
0 0.03 0.062 0.028 0.044
0 0.009 0.182 0.014 0.04
0 0.537 0.129 0.038 0.054
0 0.581 0.183 0.038 0.07
0 0.74 0.076 0.028 0.048
0 0.58 0.09 0.036 0.056
0 0.63 0.09 0.036 0.048
0 0.495 0.075 0.03 0.046
0 0.028 0.302 0.032 0.052
0 0.256 0.42 0.028 0.04
0 0.484 0.321 0.032 0.038
0 0.323 0.027 0.026 0.046
0 0.135 0.98 0.03 0.036
0 0.69 0.083 0.04 0.058
0 0.983 0.141 0.03 0.054
0 0.98 0.117 0.02 0.026
0 0.963 0.201 0.03 0.062
0 0.929 0.253 0.034 0.062
0 0.863 0.256 0.03 0.032
0 0.848 0.425 0.02 0.034
0 0.988 0.417 0.02 0.054
0 0.774 0.456 0.02 0.032
0 0.654 0.487 0.036 0.05
0 0.564 0.437 0.028 0.022
0 0.566 0.465 0.032 0.038
0 0.556 0.521 0.028 0.026
0 0.529 0.418 0.026 0.052
0 0.589 0.252 0.038 0.028
0 0.658 0.075 0.02 0.018
0 0.738 0.043 0.024 0.03
0 0.892 0.02 0.036 0.036
0 0.423 0.093 0.03 0.034
0 0.421 0.117 0.038 0.038
0 0.264 0.014 0.036 0.024
0 0.134 0.123 0.028 0.034
0 0.091 0.085 0.022 0.022
0 0.09 0.062 0.024 0.028
0 0.195 0.039 0.014 0.018
0 0.07 0.201 0.016 0.026
0 0.244 0.205 0.044 0.07
0 0.362 0.094 0.024 0.02
0 0.364 0.296 0.02 0.032
0 0.444 0.342 0.032 0.024
0 0.477 0.373 0.03 0.018
0 0.529 0.292 0.026 0.028
0 0.372 0.486 0.028 0.024
0 0.658 0.672 0.024 0.024
0 0.399 0.91 0.03 0.072
0 0.015 0.988 0.026 0.02
0 0.214 0.506 0.04 0.044
0 0.984 0.993 0.028 0.01
0 0.844 0.986 0.032 0.024
0 0.478 0.974 0.016 0.016
0 0.353 0.992 0.034 0.012
0 0.945 0.531 0.018 0.018
1 0.809 0.748 0.026 0.028
1 0.295 0.289 0.018 0.014
1 0.8 0.313 0.02 0.014
1 0.42 0.238 0.012 0.024
1 0.565 0.736 0.014 0.024
1 0.665 0.323 0.018 0.018
1 0.033 0.006 0.022 0.008
1 0.75 0.585 0.024 0.018
1 0.567 0.682 0.014 0.012
1 0.312 0.897 0.016 0.022
1 0.852 0.943 0.016 0.014
2 0.67 0.578 0.032 0.044
2 0.87 0.351 0.032 0.038
2 0.914 0.35 0.036 0.04
2 0.891 0.34 0.022 0.016
2 0.977 0.36 0.022 0.016
2 0.559 0.536 0.046 0.044
2 0.75 0.255 0.032 0.034
2 0.652 0.216 0.028 0.052
2 0.675 0.21 0.022 0.044
2 0.616 0.227 0.016 0.026
2 0.576 0.13 0.016 0.016
2 0.825 0.065 0.03 0.022
2 0.702 0.03 0.04 0.028
2 0.503 0.009 0.026 0.014
2 0.421 0.022 0.026 0.032
2 0.459 0.045 0.042 0.054
2 0.128 0.076 0.02 0.02
2 0.089 0.197 0.014 0.026
2 0.101 0.214 0.018 0.02
2 0.109 0.244 0.022 0.028
2 0.087 0.265 0.038 0.038
2 0.361 0.121 0.038 0.034
2 0.379 0.024 0.022 0.028
2 0.318 0.3 0.044 0.036
2 0.416 0.324 0.024 0.024
2 0.601 0.336 0.034 0.044
2 0.517 0.49 0.03 0.032
2 0.632 0.576 0.028 0.036
2 0.679 0.649 0.018 0.03
2 0.66 0.69 0.04 0.036
2 0.538 0.725 0.036 0.046
2 0.338 0.686 0.016 0.036
2 0.268 0.678 0.02 0.024
2 0.312 0.775 0.032 0.026
2 0.289 0.786 0.018 0.04
2 0.315 0.725 0.01 0.034
2 0.316 0.75 0.016 0.02
2 0.334 0.78 0.012 0.028
2 0.292 0.665 0.024 0.018
2 0.324 0.638 0.02 0.028
2 0.256 0.714 0.016 0.056
2 0.327 0.906 0.026 0.032
2 0.203 0.842 0.038 0.04
2 0.43 0.839 0.02 0.022
2 0.155 0.669 0.038 0.03
2 0.144 0.781 0.032 0.026
2 0.12 0.83 0.036 0.032
2 0.031 0.752 0.038 0.044
2 0.084 0.919 0.036 0.054
2 0.126 0.76 0.028 0.024
2 0.088 0.578 0.028 0.024
2 0.057 0.536 0.022 0.028
2 0.32 0.408 0.016 0.024
2 0.766 0.93 0.024 0.04
2 0.724 0.921 0.036 0.042
2 0.724 0.972 0.04 0.04
2 0.76 0.98 0.028 0.028
2 0.692 0.894 0.04 0.024
2 0.937 0.973 0.018 0.018
2 0.971 0.934 0.022 0.028
2 0.5 0.958 0.028 0.028
2 0.33 0.81 0.04 0.036
2 0.863 0.666 0.038 0.044
2 0.907 0.616 0.026 0.024