0 0.064 0.996 0.028 0.004
0 0.104 0.996 0.028 0.004
0 0.136 0.935 0.04 0.054
0 0.198 0.964 0.032 0.028
0 0.172 0.966 0.036 0.048
0 0.189 0.988 0.022 0.016
0 0.216 0.989 0.024 0.018
0 0.231 0.959 0.026 0.054
0 0.326 0.924 0.044 0.048
0 0.38 0.937 0.052 0.058
0 0.438 0.993 0.044 0.01
0 0.473 0.977 0.03 0.034
0 0.49 0.994 0.02 0.008
0 0.52 0.99 0.036 0.016
0 0.552 0.984 0.04 0.028
0 0.593 0.983 0.046 0.03
0 0.667 0.977 0.046 0.042
0 0.686 0.994 0.02 0.008
0 0.739 0.981 0.046 0.034
0 0.82 0.995 0.024 0.006
0 0.939 0.988 0.042 0.02
0 0.966 0.974 0.044 0.044
0 0.959 0.94 0.034 0.056
0 0.932 0.93 0.052 0.088
0 0.872 0.89 0.048 0.06
0 0.842 0.954 0.04 0.052
0 0.804 0.949 0.028 0.03
0 0.787 0.937 0.042 0.042
0 0.701 0.926 0.034 0.064
0 0.673 0.885 0.05 0.062
0 0.647 0.874 0.026 0.036
0 0.609 0.931 0.042 0.062
0 0.55 0.931 0.04 0.042
0 0.534 0.906 0.048 0.052
0 0.481 0.864 0.042 0.056
0 0.39 0.829 0.028 0.042
0 0.381 0.812 0.034 0.048
0 0.315 0.845 0.054 0.062
0 0.237 0.884 0.042 0.044
0 0.175 0.897 0.038 0.054
0 0.056 0.854 0.048 0.056
0 0.018 0.796 0.036 0.088
0 0.018 0.727 0.036 0.082
0 0.19 0.769 0.048 0.07
0 0.209 0.731 0.038 0.054
0 0.079 0.678 0.046 0.076
0 0.267 0.792 0.038 0.068
0 0.647 0.797 0.046 0.082
0 0.755 0.845 0.038 0.058
0 0.833 0.85 0.046 0.08
0 0.948 0.863 0.04 0.05
0 0.873 0.783 0.038 0.054
0 0.956 0.78 0.036 0.052
0 0.992 0.776 0.012 0.048
0 0.903 0.714 0.042 0.072
0 0.848 0.705 0.032 0.058
0 0.819 0.78 0.03 0.052
0 0.652 0.729 0.04 0.062
0 0.517 0.79 0.062 0.064
0 0.543 0.722 0.062 0.072
0 0.592 0.724 0.04 0.056
0 0.467 0.7 0.05 0.048
0 0.399 0.725 0.046 0.062
0 0.36 0.711 0.04 0.07
0 0.403 0.628 0.046 0.084
0 0.433 0.619 0.026 0.038
0 0.493 0.578 0.054 0.072
0 0.636 0.579 0.036 0.046
0 0.335 0.774 0.026 0.052
0 0.26 0.769 0.06 0.042
0 0.262 0.729 0.032 0.03
0 0.274 0.697 0.052 0.07
0 0.236 0.702 0.044 0.068
0 0.048 0.619 0.048 0.066
0 0.129 0.695 0.046 0.066
0 0.168 0.699 0.036 0.058
0 0.171 0.628 0.03 0.04
0 0.197 0.677 0.05 0.062
0 0.206 0.645 0.036 0.03
0 0.208 0.613 0.04 0.038
0 0.319 0.605 0.046 0.078
0 0.324 0.648 0.04 0.052
0 0.362 0.607 0.04 0.066
0 0.687 0.681 0.042 0.058
0 0.7 0.635 0.04 0.046
0 0.807 0.678 0.038 0.068
0 0.787 0.634 0.054 0.064
0 0.765 0.59 0.054 0.06
0 0.855 0.598 0.054 0.068
0 0.894 0.611 0.056 0.066
0 0.011 0.441 0.022 0.062
0 0.076 0.508 0.048 0.076
0 0.106 0.547 0.04 0.058
0 0.138 0.524 0.04 0.072
0 0.278 0.489 0.048 0.062
0 0.351 0.534 0.05 0.052
0 0.396 0.495 0.06 0.042
0 0.371 0.459 0.042 0.054
0 0.499 0.499 0.038 0.07
0 0.463 0.509 0.05 0.054
0 0.551 0.525 0.046 0.058
0 0.622 0.532 0.056 0.056
0 0.608 0.574 0.036 0.048
0 0.978 0.504 0.04 0.064
0 0.977 0.452 0.038 0.056
0 0.845 0.517 0.038 0.054
0 0.039 0.358 0.042 0.064
0 0.089 0.399 0.05 0.054
0 0.134 0.423 0.044 0.078
0 0.168 0.411 0.04 0.046
0 0.217 0.437 0.054 0.074
0 0.323 0.393 0.042 0.054
0 0.362 0.386 0.044 0.06
0 0.492 0.409 0.044 0.054
0 0.636 0.429 0.048 0.07
0 0.653 0.394 0.054 0.096
0 0.75 0.435 0.048 0.058
0 0.798 0.551 0.04 0.038
0 0.982 0.387 0.024 0.038
0 0.85 0.451 0.04 0.046
0 0.846 0.475 0.04 0.038
0 0.854 0.397 0.036 0.046
0 0.869 0.358 0.05 0.076
0 0.87 0.306 0.044 0.052
0 0.981 0.29 0.034 0.076
0 0.822 0.315 0.048 0.062
0 0.774 0.38 0.052 0.06
0 0.734 0.352 0.032 0.032
0 0.594 0.343 0.048 0.074
0 0.532 0.319 0.048 0.074
0 0.556 0.266 0.036 0.072
0 0.584 0.262 0.032 0.076
0 0.466 0.34 0.02 0.04
0 0.415 0.291 0.042 0.05
0 0.455 0.172 0.062 0.084
0 0.316 0.296 0.052 0.096
0 0.353 0.221 0.038 0.07
0 0.377 0.172 0.046 0.08
0 0.325 0.174 0.038 0.068
0 0.066 0.262 0.06 0.088
0 0.132 0.29 0.044 0.068
0 0.008 0.154 0.016 0.056
0 0.049 0.154 0.042 0.064
0 0.021 0.038 0.042 0.072
0 0.064 0.033 0.04 0.062
0 0.109 0.142 0.046 0.06
0 0.134 0.097 0.036 0.07
0 0.043 0.083 0.026 0.038
0 0.156 0.013 0.032 0.022
0 0.201 0.011 0.026 0.018
0 0.203 0.105 0.058 0.074
0 0.226 0.182 0.048 0.08
0 0.241 0.113 0.038 0.066
0 0.183 0.17 0.046 0.08
0 0.16 0.171 0.032 0.074
0 0.317 0.108 0.05 0.06
0 0.406 0.042 0.068 0.08
0 0.471 0.031 0.038 0.058
0 0.477 0.111 0.062 0.118
0 0.56 0.19 0.032 0.064
0 0.563 0.107 0.058 0.09
0 0.554 0.024 0.048 0.044
0 0.61 0.032 0.036 0.06
0 0.678 0.121 0.044 0.082
0 0.912 0.016 0.04 0.028
0 0.974 0.047 0.044 0.046
0 0.974 0.019 0.048 0.034
0 0.996 0.078 0.004 0.032
0 0.841 0.171 0.054 0.074
0 0.99 0.169 0.016 0.058
0 0.886 0.179 0.04 0.062
0 0.88 0.08 0.044 0.052
0 0.847 0.106 0.066 0.064
0 0.775 0.034 0.07 0.064
0 0.786 0.066 0.024 0.028
0 0.858 0.012 0.032 0.02
0 0.698 0.014 0.028 0.024
1 0.443 0.853 0.022 0.026
1 0.087 0.798 0.022 0.044
1 0.932 0.839 0.02 0.03
1 0.828 0.703 0.012 0.03
1 0.712 0.749 0.02 0.046
1 0.472 0.673 0.036 0.018
1 0.421 0.77 0.026 0.032
1 0.558 0.586 0.032 0.016
1 0.122 0.663 0.016 0.018
1 0.759 0.65 0.018 0.04
1 0.045 0.412 0.018 0.02
1 0.156 0.385 0.016 0.018
1 0.398 0.397 0.02 0.018
1 0.587 0.406 0.022 0.024
1 0.684 0.403 0.012 0.05
1 0.806 0.497 0.032 0.014
1 0.679 0.245 0.018 0.042
1 0.745 0.27 0.014 0.04
1 0.75 0.233 0.016 0.038
1 0.69 0.292 0.02 0.044
1 0.724 0.266 0.032 0.052
1 0.571 0.36 0.022 0.02
1 0.497 0.261 0.022 0.022
1 0.488 0.28 0.02 0.028
1 0.423 0.223 0.01 0.03
1 0.342 0.344 0.036 0.016
1 0.197 0.351 0.022 0.022
1 0.079 0.343 0.018 0.026
1 0.224 0.299 0.02 0.026
1 0.158 0.248 0.02 0.036
1 0.077 0.127 0.026 0.022
1 0.361 0.064 0.03 0.02
1 0.354 0.103 0.036 0.022
1 0.356 0.122 0.028 0.02
1 0.506 0.027 0.024 0.042
1 0.855 0.211 0.018 0.026
1 0.922 0.129 0.028 0.026
1 0.797 0.089 0.026 0.026
1 0.755 0.173 0.018 0.034
1 0.776 0.09 0.016 0.024
1 0.716 0.03 0.028 0.028
1 0.698 0.077 0.02 0.038
2 0.023 0.948 0.034 0.036
2 0.237 0.994 0.022 0.008
2 0.197 0.995 0.026 0.006
2 0.986 0.942 0.02 0.044
2 0.757 0.894 0.018 0.04
2 0.722 0.886 0.016 0.036
2 0.129 0.884 0.026 0.044
2 0.065 0.89 0.034 0.028
2 0.064 0.735 0.044 0.026
2 0.071 0.78 0.022 0.048
2 0.092 0.769 0.02 0.018
2 0.084 0.749 0.024 0.014
2 0.979 0.805 0.018 0.042
2 0.278 0.63 0.036 0.08
2 0.653 0.684 0.034 0.048
2 0.702 0.577 0.056 0.05
2 0.699 0.6 0.022 0.028
2 0.093 0.473 0.022 0.022
2 0.108 0.496 0.02 0.04
2 0.183 0.529 0.022 0.046
2 0.184 0.491 0.024 0.018
2 0.192 0.562 0.032 0.028
2 0.291 0.527 0.046 0.038
2 0.384 0.533 0.052 0.054
2 0.989 0.574 0.018 0.028
2 0.969 0.63 0.026 0.024
2 0.985 0.608 0.026 0.032
2 0.917 0.582 0.034 0.036
2 0.341 0.434 0.026 0.02
2 0.427 0.43 0.022 0.028
2 0.72 0.507 0.056 0.054
2 0.718 0.463 0.04 0.054
2 0.746 0.477 0.02 0.03
2 0.772 0.502 0.032 0.024
2 0.8 0.524 0.04 0.024
2 0.896 0.507 0.032 0.034
2 0.92 0.417 0.024 0.066
2 0.931 0.245 0.034 0.046
2 0.601 0.245 0.018 0.026
2 0.43 0.335 0.016 0.014
2 0.421 0.265 0.03 0.026
2 0.459 0.287 0.034 0.03
2 0.463 0.231 0.026 0.074
2 0.166 0.33 0.028 0.02
2 0.236 0.314 0.028 0.028
2 0.208 0.381 0.036 0.046
2 0.303 0.021 0.046 0.038
2 0.265 0.118 0.018 0.036
2 0.557 0.644 0.034 0.028
2 0.945 0.195 0.026 0.03
2 0.965 0.171 0.03 0.034
2 0.761 0.134 0.026 0.04
2 0.956 0.112 0.052 0.056
2 0.674 0.027 0.028 0.05
2 0.712 0.706 0.032 0.036