0 0.422 0.488 0.036 0.024
0 0.093 0.024 0.054 0.044
0 0.023 0.081 0.042 0.034
0 0.107 0.108 0.05 0.04
0 0.17 0.097 0.044 0.03
0 0.183 0.069 0.042 0.034
0 0.222 0.008 0.04 0.016
0 0.269 0.01 0.042 0.02
0 0.086 0.072 0.032 0.02
0 0.253 0.112 0.034 0.032
0 0.319 0.006 0.022 0.012
0 0.318 0.076 0.048 0.036
0 0.346 0.045 0.044 0.034
0 0.398 0.088 0.036 0.036
0 0.236 0.171 0.036 0.03
0 0.316 0.165 0.04 0.034
0 0.447 0.015 0.038 0.03
0 0.482 0.01 0.028 0.02
0 0.525 0.025 0.018 0.022
0 0.552 0.067 0.04 0.03
0 0.58 0.015 0.032 0.03
0 0.616 0.027 0.04 0.026
0 0.682 0.01 0.036 0.02
0 0.742 0.036 0.04 0.028
0 0.858 0.114 0.044 0.048
0 0.767 0.095 0.034 0.034
0 0.76 0.117 0.032 0.026
0 0.945 0.141 0.026 0.026
0 0.966 0.151 0.044 0.03
0 0.622 0.075 0.036 0.026
0 0.527 0.113 0.034 0.026
0 0.583 0.128 0.022 0.028
0 0.598 0.17 0.024 0.032
0 0.788 0.193 0.032 0.03
0 0.858 0.246 0.052 0.04
0 0.984 0.214 0.028 0.064
0 0.736 0.24 0.036 0.028
0 0.915 0.338 0.03 0.036
0 0.948 0.38 0.036 0.036
0 0.987 0.312 0.022 0.028
0 0.904 0.392 0.032 0.048
0 0.338 0.228 0.032 0.032
0 0.212 0.263 0.048 0.034
0 0.118 0.283 0.036 0.038
0 0.023 0.281 0.042 0.034
0 0.007 0.292 0.01 0.028
0 0.061 0.281 0.05 0.034
0 0.073 0.265 0.034 0.026
0 0.013 0.319 0.022 0.026
0 0.03 0.325 0.032 0.034
0 0.164 0.343 0.044 0.026
0 0.235 0.353 0.05 0.034
0 0.175 0.381 0.038 0.026
0 0.313 0.318 0.038 0.036
0 0.325 0.299 0.046 0.03
0 0.342 0.281 0.032 0.03
0 0.373 0.319 0.03 0.034
0 0.304 0.357 0.032 0.03
0 0.365 0.362 0.042 0.032
0 0.433 0.302 0.034 0.04
0 0.436 0.35 0.036 0.032
0 0.49 0.381 0.044 0.054
0 0.418 0.451 0.052 0.03
0 0.365 0.452 0.034 0.036
0 0.135 0.435 0.042 0.034
0 0.114 0.438 0.032 0.032
0 0.209 0.422 0.038 0.024
0 0.175 0.441 0.034 0.034
0 0.033 0.475 0.054 0.03
0 0.111 0.498 0.042 0.032
0 0.187 0.496 0.05 0.04
0 0.077 0.563 0.054 0.034
0 0.244 0.461 0.056 0.038
0 0.333 0.506 0.042 0.04
0 0.462 0.52 0.032 0.028
0 0.474 0.548 0.044 0.032
0 0.486 0.495 0.044 0.046
0 0.56 0.527 0.04 0.034
0 0.21 0.566 0.052 0.028
0 0.13 0.638 0.04 0.032
0 0.226 0.642 0.044 0.032
0 0.323 0.583 0.03 0.038
0 0.355 0.578 0.042 0.028
0 0.424 0.584 0.04 0.032
0 0.46 0.588 0.028 0.024
0 0.448 0.633 0.04 0.026
0 0.378 0.639 0.044 0.046
0 0.403 0.661 0.022 0.026
0 0.089 0.724 0.042 0.04
0 0.233 0.7 0.042 0.036
0 0.313 0.708 0.034 0.032
0 0.34 0.726 0.048 0.032
0 0.395 0.682 0.022 0.02
0 0.462 0.713 0.036 0.026
0 0.295 0.758 0.042 0.024
0 0.287 0.794 0.038 0.032
0 0.103 0.683 0.03 0.026
0 0.132 0.706 0.048 0.032
0 0.015 0.752 0.026 0.036
0 0.166 0.766 0.044 0.036
0 0.342 0.781 0.044 0.038
0 0.005 0.866 0.006 0.028
0 0.054 0.874 0.044 0.032
0 0.115 0.861 0.038 0.026
0 0.186 0.862 0.044 0.032
0 0.184 0.921 0.052 0.03
0 0.09 0.899 0.044 0.022
0 0.116 0.927 0.036 0.026
0 0.058 0.985 0.04 0.026
0 0.166 0.966 0.036 0.028
0 0.169 0.989 0.046 0.018
0 0.241 0.877 0.038 0.038
0 0.258 0.943 0.052 0.034
0 0.362 0.955 0.04 0.038
0 0.559 0.585 0.066 0.046
0 0.564 0.669 0.052 0.05
0 0.728 0.601 0.064 0.038
0 0.65 0.639 0.04 0.03
0 0.594 0.703 0.04 0.026
0 0.455 0.937 0.05 0.054
0 0.527 0.932 0.046 0.04
0 0.509 0.981 0.038 0.034
0 0.46 0.881 0.032 0.046
0 0.475 0.837 0.034 0.026
0 0.402 0.774 0.02 0.028
0 0.543 0.782 0.022 0.024
0 0.59 0.806 0.04 0.04
0 0.605 0.829 0.046 0.038
0 0.607 0.881 0.038 0.034
0 0.712 0.763 0.044 0.046
0 0.695 0.819 0.03 0.03
0 0.81 0.897 0.064 0.042
0 0.858 0.925 0.052 0.038
0 0.875 0.944 0.034 0.028
0 0.663 0.987 0.058 0.022
0 0.728 0.974 0.036 0.036
0 0.771 0.918 0.046 0.028
0 0.853 0.828 0.046 0.04
0 0.802 0.839 0.048 0.038
0 0.774 0.831 0.024 0.022
0 0.829 0.857 0.022 0.018
0 0.956 0.855 0.02 0.022
0 0.982 0.828 0.032 0.032
0 0.818 0.736 0.044 0.032
0 0.879 0.683 0.042 0.046
0 0.857 0.668 0.03 0.028
0 0.754 0.642 0.04 0.028
0 0.726 0.637 0.024 0.026
0 0.622 0.632 0.024 0.02
0 0.886 0.642 0.028 0.02
0 0.833 0.652 0.022 0.02
0 0.621 0.132 0.054 0.04
0 0.996 0.057 0.004 0.022
0 0.953 0.7 0.034 0.028
0 0.837 0.699 0.018 0.022
0 0.39 0.828 0.048 0.044
0 0.421 0.675 0.022 0.038
0 0.221 0.328 0.018 0.012
0 0.923 0.075 0.014 0.022
1 0.616 0.184 0.02 0.016
1 0.698 0.705 0.016 0.018
1 0.64 0.579 0.016 0.018
1 0.439 0.382 0.026 0.016
1 0.884 0.315 0.02 0.014
1 0.798 0.231 0.024 0.018
1 0.683 0.192 0.022 0.02
1 0.426 0.058 0.016 0.02
2 0.194 0.141 0.044 0.042
2 0.37 0.059 0.024 0.03
2 0.688 0.04 0.036 0.028
2 0.517 0.14 0.038 0.032
2 0.607 0.104 0.018 0.016
2 0.466 0.143 0.044 0.042
2 0.94 0.214 0.04 0.036
2 0.812 0.258 0.032 0.032
2 0.891 0.22 0.022 0.02
2 0.889 0.029 0.034 0.026
2 0.64 0.195 0.036 0.026
2 0.027 0.141 0.03 0.03
2 0.075 0.108 0.018 0.02
2 0.127 0.216 0.046 0.028
2 0.89 0.187 0.032 0.034
2 0.917 0.191 0.03 0.03
2 0.886 0.411 0.016 0.038
2 0.246 0.401 0.04 0.026
2 0.015 0.515 0.026 0.034
2 0.275 0.61 0.042 0.032
2 0.248 0.56 0.036 0.024
2 0.062 0.717 0.028 0.03
2 0.988 0.807 0.02 0.03
2 0.806 0.568 0.02 0.02
2 0.807 0.603 0.062 0.026
2 0.704 0.555 0.028 0.018
2 0.622 0.538 0.036 0.032
2 0.563 0.47 0.038 0.032
2 0.534 0.466 0.032 0.028
2 0.864 0.364 0.016 0.024
2 0.806 0.297 0.028 0.03
2 0.73 0.276 0.028 0.024
2 0.739 0.193 0.03 0.022
2 0.445 0.332 0.03 0.024
2 0.185 0.195 0.034 0.022
2 0.128 0.247 0.048 0.034
2 0.057 0.154 0.022 0.024
2 0.054 0.177 0.024 0.026
2 0.046 0.042 0.016 0.032
2 0.859 0.039 0.026 0.022
2 0.91 0.424 0.02 0.02
2 0.916 0.45 0.024 0.032
2 0.988 0.352 0.02 0.028
2 0.927 0.626 0.03 0.024
2 0.928 0.59 0.024 0.024
2 0.953 0.578 0.022 0.016
2 0.994 0.595 0.008 0.034
2 0.969 0.679 0.014 0.018
2 0.884 0.624 0.036 0.024
2 0.833 0.674 0.034 0.024
2 0.688 0.65 0.032 0.04
2 0.633 0.617 0.05 0.022
2 0.894 0.774 0.024 0.024
2 0.602 0.765 0.052 0.046
2 0.559 0.773 0.042 0.034
2 0.562 0.877 0.028 0.022
2 0.574 0.843 0.028 0.026
2 0.486 0.786 0.028 0.04
2 0.406 0.905 0.024 0.022
2 0.35 0.864 0.02 0.016
2 0.728 0.943 0.048 0.038
2 0.683 0.792 0.03 0.028
2 0.179 0.809 0.03 0.018
2 0.061 0.777 0.054 0.034
2 0.234 0.669 0.032 0.022
2 0.031 0.395 0.014 0.022
2 0.015 0.458 0.026 0.036
2 0.506 0.191 0.04 0.026
2 0.4 0.185 0.016 0.034
2 0.439 0.224 0.062 0.036
2 0.083 0.457 0.042 0.038
2 0.347 0.409 0.014 0.026
2 0.378 0.253 0.02 0.026
2 0.95 0.655 0.048 0.03
2 0.785 0.557 0.038 0.022
2 0.67 0.729 0.028 0.034
2 0.826 0.986 0.02 0.02
2 0.236 0.612 0.02 0.04
2 0.143 0.575 0.022 0.022
2 0.57 0.161 0.024 0.022
2 0.551 0.186 0.03 0.028
2 0.296 0.047 0.032 0.022
2 0.64 0.241 0.04 0.03
2 0.798 0.177 0.04 0.034
2 0.833 0.039 0.018 0.026