0 0.762 0.44 0.044 0.048
0 0.635 0.36 0.046 0.052
0 0.668 0.411 0.04 0.042
0 0.684 0.456 0.036 0.044
0 0.6 0.495 0.028 0.05
0 0.671 0.508 0.026 0.028
0 0.725 0.539 0.034 0.038
0 0.759 0.492 0.042 0.064
0 0.951 0.989 0.038 0.018
0 0.818 0.988 0.032 0.02
0 0.897 0.957 0.038 0.058
0 0.904 0.901 0.036 0.054
0 0.856 0.901 0.036 0.05
0 0.737 0.891 0.03 0.042
0 0.775 0.772 0.03 0.056
0 0.941 0.803 0.042 0.054
0 0.976 0.752 0.044 0.048
0 0.848 0.79 0.044 0.048
0 0.647 0.978 0.046 0.04
0 0.697 0.982 0.034 0.032
0 0.756 0.988 0.04 0.02
0 0.721 0.973 0.034 0.05
0 0.488 0.982 0.036 0.032
0 0.429 0.97 0.038 0.056
0 0.298 0.985 0.044 0.026
0 0.24 0.833 0.036 0.042
0 0.048 0.884 0.04 0.04
0 0.095 0.88 0.034 0.04
0 0.174 0.8 0.032 0.044
0 0.267 0.788 0.038 0.048
0 0.253 0.744 0.042 0.044
0 0.236 0.65 0.044 0.056
0 0.172 0.705 0.032 0.062
0 0.105 0.662 0.038 0.052
0 0.07 0.769 0.044 0.05
0 0.065 0.843 0.042 0.05
0 0.14 0.873 0.032 0.046
0 0.218 0.729 0.032 0.042
0 0.543 0.869 0.034 0.042
0 0.512 0.902 0.036 0.06
0 0.49 0.884 0.024 0.028
0 0.503 0.72 0.038 0.068
0 0.481 0.738 0.03 0.064
0 0.442 0.729 0.024 0.058
0 0.43 0.831 0.032 0.054
0 0.343 0.705 0.034 0.054
0 0.378 0.477 0.04 0.046
0 0.335 0.453 0.034 0.054
0 0.439 0.436 0.034 0.052
0 0.476 0.45 0.032 0.06
0 0.57 0.429 0.032 0.062
0 0.617 0.27 0.034 0.052
0 0.698 0.37 0.036 0.064
0 0.792 0.378 0.032 0.052
0 0.744 0.324 0.04 0.052
0 0.724 0.282 0.04 0.044
0 0.709 0.239 0.038 0.034
0 0.563 0.198 0.03 0.052
0 0.512 0.275 0.028 0.05
0 0.52 0.192 0.04 0.04
0 0.511 0.231 0.038 0.038
0 0.541 0.306 0.058 0.052
0 0.613 0.404 0.042 0.072
0 0.507 0.499 0.042 0.078
0 0.429 0.537 0.038 0.054
0 0.245 0.572 0.034 0.048
0 0.031 0.679 0.042 0.062
0 0.012 0.624 0.02 0.052
0 0.184 0.446 0.04 0.04
0 0.292 0.369 0.036 0.058
0 0.256 0.37 0.032 0.044
0 0.197 0.404 0.038 0.04
0 0.197 0.364 0.054 0.04
0 0.111 0.424 0.03 0.064
0 0.145 0.503 0.042 0.042
0 0.089 0.512 0.038 0.04
0 0.2 0.573 0.036 0.046
0 0.048 0.623 0.04 0.066
0 0.371 0.428 0.034 0.044
0 0.362 0.347 0.04 0.07
0 0.339 0.361 0.03 0.054
0 0.279 0.287 0.05 0.05
0 0.209 0.238 0.038 0.04
0 0.074 0.32 0.044 0.056
0 0.161 0.284 0.034 0.052
0 0.015 0.436 0.026 0.052
0 0.024 0.556 0.036 0.036
0 0.646 0.561 0.036 0.05
0 0.563 0.634 0.042 0.048
0 0.574 0.712 0.028 0.064
0 0.831 0.485 0.034 0.062
0 0.907 0.56 0.046 0.048
0 0.963 0.409 0.042 0.066
0 0.351 0.838 0.038 0.048
0 0.34 0.582 0.036 0.044
0 0.192 0.082 0.036 0.064
0 0.252 0.117 0.036 0.046
0 0.134 0.047 0.04 0.062
0 0.089 0.049 0.03 0.078
0 0.056 0.051 0.028 0.058
0 0.012 0.102 0.016 0.052
0 0.39 0.076 0.04 0.04
0 0.491 0.133 0.034 0.058
0 0.456 0.174 0.032 0.048
0 0.222 0.313 0.028 0.042
0 0.846 0.146 0.032 0.048
0 0.802 0.229 0.04 0.054
0 0.702 0.019 0.036 0.034
0 0.644 0.044 0.04 0.064
0 0.577 0.086 0.03 0.068
0 0.385 0.031 0.038 0.042
0 0.078 0.163 0.032 0.038
0 0.055 0.182 0.038 0.04
0 0.952 0.06 0.04 0.06
0 0.98 0.094 0.036 0.052
0 0.978 0.254 0.04 0.056
0 0.96 0.291 0.036 0.05
0 0.921 0.285 0.034 0.054
0 0.892 0.305 0.028 0.074
0 0.886 0.403 0.028 0.05
0 0.909 0.434 0.026 0.056
0 0.898 0.496 0.036 0.044
0 0.649 0.625 0.05 0.054
0 0.624 0.799 0.02 0.038
0 0.627 0.738 0.038 0.072
0 0.653 0.774 0.042 0.052
0 0.7 0.752 0.044 0.048
0 0.858 0.542 0.04 0.06
0 0.399 0.689 0.038 0.066
0 0.473 0.597 0.038 0.066
0 0.898 0.725 0.036 0.05
0 0.491 0.623 0.03 0.05
0 0.823 0.313 0.03 0.046
0 0.566 0.018 0.028 0.032
0 0.166 0.185 0.04 0.042
0 0.426 0.301 0.032 0.066
0 0.803 0.805 0.038 0.042
0 0.832 0.71 0.036 0.076
0 0.782 0.704 0.036 0.048
0 0.73 0.704 0.028 0.044
0 0.514 0.966 0.028 0.044
0 0.807 0.628 0.042 0.052
0 0.733 0.63 0.034 0.048
0 0.765 0.623 0.034 0.046
0 0.746 0.611 0.028 0.042
0 0.273 0.588 0.026 0.052
0 0.182 0.525 0.044 0.066
0 0.128 0.827 0.028 0.042
0 0.12 0.771 0.032 0.03
0 0.38 0.53 0.036 0.044
0 0.221 0.696 0.038 0.024
0 0.81 0.551 0.024 0.038
0 0.869 0.362 0.03 0.048
0 0.699 0.689 0.03 0.046
0 0.711 0.714 0.026 0.024
0 0.867 0.452 0.034 0.052
0 0.971 0.817 0.03 0.042
0 0.991 0.832 0.014 0.044
0 0.772 0.357 0.024 0.05
0 0.089 0.714 0.034 0.04
0 0.65 0.221 0.02 0.03
0 0.983 0.185 0.03 0.05
0 0.928 0.207 0.028 0.034
0 0.956 0.198 0.024 0.028
0 0.947 0.177 0.034 0.038
0 0.882 0.126 0.032 0.048
0 0.668 0.106 0.04 0.048
0 0.683 0.279 0.042 0.054
0 0.985 0.571 0.026 0.038
0 0.993 0.55 0.01 0.032
0 0.995 0.527 0.006 0.022
0 0.877 0.045 0.034 0.054
0 0.745 0.098 0.054 0.044
0 0.617 0.126 0.03 0.056
0 0.542 0.101 0.024 0.058
0 0.117 0.378 0.026 0.04
0 0.08 0.427 0.032 0.034
0 0.053 0.462 0.022 0.044
0 0.153 0.115 0.042 0.042
0 0.134 0.11 0.028 0.04
0 0.053 0.106 0.034 0.044
0 0.296 0.21 0.04 0.064
0 0.246 0.21 0.032 0.044
0 0.254 0.192 0.02 0.036
0 0.302 0.123 0.028 0.046
0 0.346 0.128 0.028 0.032
0 0.367 0.056 0.03 0.04
0 0.284 0.04 0.032 0.056
0 0.26 0.032 0.012 0.028
0 0.298 0.021 0.036 0.038
0 0.64 0.121 0.028 0.05
0 0.622 0.09 0.024 0.04
0 0.991 0.355 0.014 0.05
0 0.433 0.149 0.03 0.046
0 0.408 0.166 0.032 0.064
1 0.216 0.943 0.024 0.03
1 0.347 0.924 0.022 0.024
1 0.777 0.959 0.018 0.03
1 0.751 0.947 0.01 0.018
1 0.742 0.942 0.008 0.02
1 0.73 0.949 0.012 0.026
1 0.63 0.894 0.02 0.024
1 0.591 0.895 0.026 0.022
1 0.629 0.841 0.014 0.018
1 0.618 0.844 0.012 0.02
1 0.526 0.837 0.024 0.022
1 0.807 0.84 0.018 0.028
1 0.782 0.851 0.008 0.014
1 0.775 0.847 0.01 0.014
1 0.735 0.667 0.022 0.042
1 0.491 0.928 0.014 0.02
1 0.241 0.987 0.022 0.022
1 0.165 0.985 0.018 0.022
1 0.199 0.969 0.018 0.022
1 0.234 0.955 0.012 0.018
1 0.348 0.899 0.032 0.018
1 0.369 0.926 0.026 0.036
1 0.322 0.875 0.02 0.026
1 0.341 0.862 0.018 0.02
1 0.3 0.964 0.024 0.028
1 0.061 0.36 0.022 0.028
1 0.805 0.662 0.018 0.024
1 0.455 0.707 0.018 0.046
1 0.32 0.779 0.02 0.026
1 0.339 0.797 0.018 0.026
1 0.204 0.783 0.02 0.022
1 0.215 0.799 0.014 0.022
1 0.378 0.716 0.028 0.04
1 0.299 0.708 0.014 0.04
1 0.352 0.605 0.02 0.026
1 0.13 0.55 0.02 0.02
1 0.114 0.986 0.02 0.024
1 0.063 0.972 0.026 0.048
1 0.037 0.846 0.014 0.032
1 0.009 0.824 0.014 0.032
1 0.017 0.783 0.018 0.022
1 0.508 0.548 0.024 0.024
1 0.329 0.532 0.014 0.024
1 0.24 0.701 0.02 0.026
1 0.249 0.711 0.01 0.018
1 0.429 0.369 0.022 0.034
1 0.403 0.382 0.018 0.036
1 0.413 0.233 0.026 0.026
1 0.347 0.295 0.026 0.03
1 0.753 0.56 0.026 0.028
1 0.836 0.377 0.02 0.026
1 0.832 0.345 0.02 0.026
1 0.85 0.322 0.012 0.02
1 0.943 0.666 0.018 0.024
1 0.92 0.614 0.028 0.032
1 0.82 0.436 0.02 0.024
1 0.856 0.987 0.016 0.022
1 0.722 0.36 0.012 0.012
1 0.162 0.667 0.02 0.022
1 0.538 0.39 0.028 0.032
1 0.838 0.192 0.024 0.032
1 0.744 0.202 0.024 0.032
1 0.767 0.197 0.018 0.042
1 0.694 0.211 0.04 0.022
1 0.92 0.131 0.02 0.022
1 0.65 0.287 0.02 0.034
1 0.985 0.491 0.026 0.034
1 0.965 0.465 0.022 0.022
1 0.839 0.063 0.026 0.026
1 0.608 0.154 0.012 0.012
1 0.565 0.148 0.018 0.016
1 0.515 0.119 0.014 0.03
1 0.308 0.405 0.02 0.046
1 0.254 0.491 0.016 0.038
1 0.05 0.519 0.02 0.018
1 0.048 0.501 0.008 0.014
1 0.075 0.487 0.026 0.014
1 0.046 0.312 0.036 0.04
1 0.033 0.308 0.026 0.032
1 0.052 0.267 0.016 0.034
1 0.037 0.087 0.018 0.022
1 0.025 0.177 0.018 0.034
1 0.25 0.149 0.02 0.026
1 0.56 0.382 0.016 0.028
1 0.466 0.267 0.02 0.01
1 0.462 0.254 0.016 0.02
1 0.458 0.086 0.02 0.024
1 0.454 0.064 0.02 0.02
1 0.418 0.076 0.012 0.02
1 0.502 0.065 0.02 0.022
1 0.315 0.149 0.018 0.018
1 0.376 0.097 0.016 0.022
1 0.408 0.013 0.016 0.022
1 0.668 0.07 0.028 0.024
1 0.518 0.012 0.036 0.02
1 0.512 0.038 0.024 0.024
1 0.954 0.328 0.028 0.024
1 0.853 0.253 0.018 0.054
1 0.401 0.189 0.022 0.014
1 0.389 0.162 0.018 0.02
1 0.136 0.227 0.024 0.042
1 0.829 0.158 0.022 0.028
1 0.574 0.052 0.016 0.032
1 0.517 0.064 0.014 0.024
1 0.677 0.199 0.018 0.022
1 0.662 0.209 0.012 0.014
1 0.988 0.617 0.02 0.022
1 0.798 0.869 0.016 0.026
1 0.434 0.08 0.02 0.024
1 0.417 0.115 0.01 0.014
1 0.807 0.014 0.014 0.02
1 0.807 0.033 0.01 0.014
1 0.779 0.012 0.022 0.02
2 0.387 0.619 0.022 0.038
2 0.594 0.624 0.02 0.028
2 0.927 0.94 0.022 0.04
2 0.636 0.491 0.028 0.034
2 0.537 0.034 0.018 0.044
2 0.211 0.191 0.022 0.03
2 0.934 0.436 0.016 0.044
2 0.411 0.46 0.014 0.024