0 0.893 0.956 0.034 0.032
0 0.909 0.915 0.046 0.038
0 0.955 0.979 0.038 0.038
0 0.981 0.917 0.034 0.022
0 0.949 0.901 0.038 0.042
0 0.972 0.889 0.028 0.042
0 0.984 0.872 0.028 0.024
0 0.986 0.854 0.024 0.036
0 0.901 0.863 0.042 0.022
0 0.899 0.89 0.058 0.036
0 0.867 0.9 0.018 0.016
0 0.85 0.876 0.02 0.02
0 0.907 0.83 0.05 0.036
0 0.944 0.803 0.064 0.042
0 0.879 0.781 0.05 0.034
0 0.941 0.703 0.046 0.034
0 0.972 0.669 0.044 0.038
0 0.867 0.669 0.054 0.034
0 0.933 0.62 0.046 0.032
0 0.99 0.613 0.016 0.026
0 0.988 0.573 0.02 0.034
0 0.977 0.524 0.042 0.048
0 0.907 0.552 0.05 0.044
0 0.895 0.493 0.05 0.038
0 0.885 0.44 0.034 0.036
0 0.837 0.449 0.046 0.034
0 0.988 0.397 0.02 0.046
0 0.967 0.382 0.03 0.04
0 0.974 0.311 0.04 0.034
0 0.944 0.335 0.024 0.026
0 0.953 0.274 0.03 0.016
0 0.918 0.226 0.044 0.032
0 0.896 0.19 0.036 0.028
0 0.959 0.146 0.046 0.036
0 0.971 0.126 0.034 0.032
0 0.984 0.036 0.028 0.032
0 0.942 0.017 0.068 0.03
0 0.909 0.04 0.022 0.028
0 0.872 0.061 0.048 0.034
0 0.854 0.09 0.044 0.028
0 0.833 0.013 0.05 0.022
0 0.808 0.021 0.036 0.034
0 0.72 0.054 0.048 0.044
0 0.659 0.063 0.062 0.046
0 0.631 0.084 0.042 0.048
0 0.657 0.14 0.038 0.032
0 0.79 0.176 0.04 0.032
0 0.759 0.163 0.026 0.03
0 0.844 0.22 0.04 0.04
0 0.826 0.246 0.032 0.028
0 0.727 0.256 0.038 0.04
0 0.694 0.282 0.044 0.032
0 0.639 0.245 0.038 0.038
0 0.647 0.324 0.046 0.036
0 0.569 0.311 0.038 0.034
0 0.524 0.294 0.04 0.048
0 0.522 0.247 0.052 0.042
0 0.587 0.075 0.038 0.034
0 0.577 0.056 0.034 0.016
0 0.525 0.073 0.046 0.046
0 0.464 0.028 0.052 0.044
0 0.42 0.066 0.04 0.036
0 0.396 0.042 0.012 0.02
0 0.394 0.074 0.036 0.032
0 0.344 0.042 0.056 0.052
0 0.331 0.012 0.05 0.02
0 0.206 0.022 0.056 0.04
0 0.305 0.083 0.014 0.022
0 0.279 0.093 0.018 0.022
0 0.25 0.063 0.04 0.05
0 0.102 0.041 0.048 0.05
0 0.065 0.033 0.042 0.054
0 0.11 0.074 0.024 0.012
0 0.115 0.094 0.038 0.028
0 0.11 0.151 0.048 0.054
0 0.093 0.188 0.054 0.044
0 0.042 0.208 0.052 0.06
0 0.012 0.236 0.02 0.048
0 0.186 0.19 0.032 0.044
0 0.275 0.195 0.014 0.022
0 0.255 0.181 0.038 0.038
0 0.483 0.179 0.038 0.022
0 0.369 0.162 0.042 0.028
0 0.406 0.241 0.036 0.042
0 0.432 0.286 0.036 0.04
0 0.469 0.271 0.03 0.042
0 0.904 0.369 0.044 0.034
0 0.886 0.385 0.04 0.034
0 0.846 0.397 0.04 0.03
0 0.86 0.309 0.048 0.038
0 0.787 0.343 0.038 0.038
0 0.772 0.373 0.036 0.034
0 0.737 0.34 0.042 0.044
0 0.156 0.275 0.036 0.042
0 0.195 0.268 0.026 0.036
0 0.203 0.291 0.022 0.022
0 0.24 0.263 0.036 0.034
0 0.283 0.308 0.042 0.036
0 0.246 0.345 0.036 0.034
0 0.348 0.266 0.028 0.024
0 0.397 0.335 0.038 0.03
0 0.461 0.337 0.038 0.034
0 0.546 0.34 0.036 0.036
0 0.573 0.359 0.038 0.034
0 0.607 0.383 0.03 0.03
0 0.638 0.379 0.04 0.038
0 0.753 0.428 0.038 0.036
0 0.596 0.439 0.04 0.03
0 0.588 0.459 0.016 0.014
0 0.07 0.346 0.04 0.04
0 0.058 0.332 0.024 0.024
0 0.129 0.32 0.03 0.02
0 0.15 0.368 0.04 0.036
0 0.199 0.41 0.018 0.016
0 0.181 0.387 0.038 0.042
0 0.234 0.412 0.02 0.02
0 0.229 0.401 0.022 0.014
0 0.053 0.407 0.038 0.046
0 0.01 0.366 0.016 0.036
0 0.01 0.472 0.016 0.036
0 0.067 0.486 0.034 0.044
0 0.118 0.474 0.04 0.036
0 0.15 0.459 0.04 0.042
0 0.194 0.44 0.02 0.028
0 0.175 0.428 0.042 0.028
0 0.273 0.421 0.038 0.042
0 0.308 0.412 0.044 0.036
0 0.34 0.394 0.036 0.036
0 0.386 0.379 0.032 0.034
0 0.489 0.395 0.05 0.034
0 0.771 0.564 0.042 0.048
0 0.683 0.581 0.042 0.042
0 0.612 0.578 0.048 0.04
0 0.554 0.605 0.044 0.046
0 0.68 0.501 0.028 0.034
0 0.653 0.516 0.03 0.036
0 0.655 0.485 0.038 0.034
0 0.593 0.508 0.034 0.036
0 0.529 0.533 0.046 0.05
0 0.494 0.526 0.024 0.024
0 0.482 0.513 0.028 0.03
0 0.452 0.504 0.04 0.032
0 0.519 0.471 0.038 0.038
0 0.46 0.454 0.036 0.04
0 0.453 0.422 0.014 0.02
0 0.389 0.456 0.034 0.044
0 0.293 0.497 0.022 0.018
0 0.281 0.484 0.034 0.028
0 0.275 0.47 0.026 0.02
0 0.008 0.569 0.012 0.042
0 0.062 0.535 0.028 0.046
0 0.045 0.529 0.022 0.038
0 0.022 0.529 0.028 0.03
0 0.039 0.56 0.034 0.036
0 0.108 0.547 0.016 0.01
0 0.099 0.528 0.038 0.032
0 0.213 0.518 0.026 0.02
0 0.183 0.547 0.034 0.034
0 0.241 0.564 0.034 0.036
0 0.204 0.604 0.044 0.032
0 0.08 0.598 0.032 0.032
0 0.092 0.662 0.044 0.036
0 0.043 0.684 0.018 0.024
0 0.019 0.671 0.022 0.018
0 0.016 0.692 0.02 0.024
0 0.028 0.706 0.028 0.028
0 0.004 0.681 0.004 0.026
0 0.79 0.963 0.048 0.034
0 0.748 0.967 0.036 0.038
0 0.767 0.991 0.03 0.014
0 0.747 0.931 0.022 0.034
0 0.736 0.911 0.028 0.038
0 0.68 0.899 0.036 0.034
0 0.653 0.896 0.026 0.024
0 0.662 0.96 0.044 0.028
0 0.633 0.955 0.026 0.026
0 0.615 0.937 0.026 0.022
0 0.6 0.962 0.04 0.028
0 0.567 0.935 0.05 0.034
0 0.576 0.891 0.044 0.038
0 0.546 0.894 0.036 0.036
0 0.827 0.735 0.062 0.042
0 0.76 0.851 0.044 0.022
0 0.795 0.816 0.03 0.04
0 0.772 0.811 0.024 0.034
0 0.751 0.807 0.038 0.034
0 0.709 0.795 0.054 0.038
0 0.689 0.664 0.054 0.044
0 0.457 0.564 0.046 0.04
0 0.45 0.531 0.02 0.03
0 0.387 0.547 0.034 0.038
0 0.406 0.593 0.024 0.018
0 0.402 0.576 0.028 0.028
0 0.419 0.633 0.042 0.038
0 0.506 0.666 0.044 0.036
0 0.536 0.667 0.044 0.03
0 0.672 0.709 0.048 0.042
0 0.646 0.649 0.032 0.034
0 0.649 0.789 0.05 0.046
0 0.627 0.818 0.05 0.048
0 0.599 0.757 0.05 0.038
0 0.562 0.725 0.036 0.03
0 0.486 0.726 0.04 0.048
0 0.447 0.72 0.042 0.048
0 0.365 0.71 0.042 0.06
0 0.36 0.776 0.048 0.052
0 0.428 0.794 0.036 0.04
0 0.492 0.808 0.052 0.04
0 0.509 0.844 0.046 0.04
0 0.472 0.838 0.036 0.04
0 0.472 0.867 0.044 0.034
0 0.449 0.879 0.034 0.034
0 0.516 0.995 0.04 0.006
0 0.5 0.962 0.052 0.032
0 0.412 0.993 0.036 0.01
0 0.4 0.982 0.02 0.024
0 0.302 0.624 0.028 0.04
0 0.24 0.683 0.044 0.05
0 0.09 0.742 0.04 0.036
0 0.083 0.711 0.038 0.042
0 0.117 0.766 0.038 0.04
0 0.026 0.859 0.048 0.07
0 0.133 0.843 0.046 0.038
0 0.145 0.825 0.038 0.03
0 0.216 0.896 0.044 0.036
0 0.274 0.873 0.036 0.038
0 0.301 0.901 0.038 0.05
0 0.376 0.904 0.036 0.032
0 0.33 0.871 0.04 0.046
0 0.288 0.95 0.048 0.032
0 0.284 0.98 0.036 0.036
0 0.244 0.965 0.04 0.042
0 0.187 0.994 0.034 0.008
0 0.153 0.98 0.042 0.036
0 0.057 0.996 0.038 0.004
0 0.027 0.98 0.05 0.036
0 0.044 0.933 0.044 0.034
0 0.006 0.954 0.008 0.028
1 0.862 0.884 0.012 0.012
1 0.873 0.549 0.022 0.018
1 0.867 0.585 0.018 0.018
1 0.972 0.34 0.032 0.012
1 0.955 0.321 0.014 0.01
1 0.933 0.321 0.01 0.018
1 0.974 0.267 0.02 0.014
1 0.967 0.282 0.03 0.012
1 0.933 0.197 0.026 0.01
1 0.881 0.206 0.026 0.016
1 0.972 0.074 0.016 0.012
1 0.844 0.113 0.024 0.022
1 0.828 0.024 0.012 0.008
1 0.672 0.107 0.02 0.022
1 0.657 0.104 0.022 0.024
1 0.716 0.185 0.036 0.034
1 0.795 0.213 0.034 0.014
1 0.623 0.007 0.034 0.01
1 0.519 0.012 0.022 0.016
1 0.267 0.078 0.03 0.028
1 0.221 0.118 0.022 0.02
1 0.027 0.06 0.014 0.024
1 0.007 0.091 0.01 0.022
1 0.079 0.268 0.026 0.02
1 0.154 0.195 0.016 0.026
1 0.514 0.169 0.016 0.014
1 0.488 0.135 0.02 0.022
1 0.401 0.186 0.01 0.012
1 0.382 0.184 0.02 0.016
1 0.323 0.222 0.022 0.024
1 0.788 0.315 0.032 0.018
1 0.341 0.292 0.03 0.024
1 0.139 0.406 0.018 0.028
1 0.158 0.403 0.02 0.014
1 0.037 0.35 0.018 0.008
1 0.039 0.34 0.01 0.008
1 0.82 0.611 0.016 0.006
1 0.809 0.605 0.01 0.01
1 0.684 0.553 0.028 0.014
1 0.647 0.59 0.006 0.008
1 0.529 0.433 0.018 0.018
1 0.181 0.501 0.034 0.038
1 0.064 0.602 0.012 0.012
1 0.148 0.644 0.024 0.024
1 0.181 0.639 0.014 0.014
1 0.912 0.991 0.024 0.014
1 0.874 0.995 0.032 0.006
1 0.796 0.7 0.024 0.028
1 0.807 0.721 0.03 0.018
1 0.741 0.768 0.022 0.012
1 0.743 0.674 0.018 0.02
1 0.743 0.655 0.018 0.022
1 0.712 0.708 0.02 0.016
1 0.605 0.65 0.026 0.024
1 0.681 0.842 0.022 0.02
1 0.616 0.859 0.02 0.022
1 0.578 0.788 0.024 0.02
1 0.55 0.798 0.02 0.02
1 0.345 0.592 0.026 0.02
1 0.379 0.629 0.01 0.014
1 0.282 0.703 0.028 0.026
1 0.324 0.712 0.028 0.012
1 0.205 0.688 0.026 0.02
1 0.163 0.683 0.026 0.022
1 0.139 0.952 0.022 0.016
1 0.193 0.918 0.018 0.02
1 0.051 0.956 0.03 0.012
1 0.53 0.795 0.012 0.022
1 0.536 0.773 0.008 0.01
2 0.99 0.83 0.016 0.02
2 0.857 0.539 0.014 0.014
2 0.853 0.514 0.026 0.024
2 0.607 0.042 0.026 0.024
2 0.423 0.032 0.03 0.036
2 0.355 0.04 0.026 0.024
2 0.325 0.098 0.034 0.048
2 0.16 0.124 0.04 0.028
2 0.218 0.164 0.02 0.024
2 0.527 0.198 0.046 0.044
2 0.826 0.348 0.032 0.028
2 0.842 0.316 0.036 0.028
2 0.686 0.362 0.028 0.024
2 0.755 0.526 0.038 0.024
2 0.27 0.583 0.024 0.026
2 0.841 0.991 0.022 0.014
2 0.759 0.657 0.042 0.054
2 0.464 0.53 0.012 0.02
2 0.597 0.715 0.022 0.022
2 0.491 0.992 0.026 0.012
2 0.371 0.98 0.034 0.036
2 0.291 0.806 0.062 0.056
2 0.054 0.825 0.052 0.05
2 0.158 0.92 0.028 0.028
2 0.005 0.933 0.006 0.018
2 0.514 0.922 0.028 0.02
2 0.423 0.964 0.034 0.032
2 0.182 0.823 0.024 0.014
2 0.209 0.746 0.01 0.016
2 0.395 0.496 0.014 0.016
2 0.008 0.415 0.012 0.022
2 0.053 0.45 0.014 0.008
2 0.005 0.292 0.006 0.02
2 0.935 0.738 0.022 0.02