0 0.004 0.008 0.008 0.016
0 0.087 0.007 0.018 0.014
0 0.023 0.071 0.022 0.018
0 0.032 0.091 0.02 0.026
0 0.008 0.156 0.016 0.036
0 0.052 0.15 0.024 0.028
0 0.068 0.144 0.024 0.032
0 0.106 0.102 0.032 0.044
0 0.06 0.312 0.032 0.052
0 0.074 0.26 0.024 0.028
0 0.004 0.372 0.008 0.036
0 0.067 0.446 0.022 0.036
0 0.026 0.518 0.024 0.048
0 0.07 0.52 0.016 0.02
0 0.052 0.571 0.028 0.042
0 0.002 0.622 0.004 0.024
0 0.089 0.604 0.03 0.052
0 0.017 0.685 0.026 0.03
0 0.015 0.709 0.022 0.026
0 0.049 0.749 0.026 0.034
0 0.06 0.761 0.04 0.058
0 0.043 0.835 0.026 0.038
0 0.033 0.868 0.018 0.02
0 0.012 0.907 0.024 0.05
0 0.009 0.991 0.018 0.014
0 0.038 0.995 0.02 0.006
0 0.072 0.983 0.028 0.03
0 0.093 0.922 0.03 0.04
0 0.127 0.985 0.034 0.026
0 0.157 0.957 0.026 0.046
0 0.185 0.944 0.022 0.028
0 0.204 0.954 0.024 0.028
0 0.173 0.996 0.018 0.004
0 0.196 0.987 0.028 0.022
0 0.131 0.2 0.022 0.048
0 0.153 0.31 0.034 0.04
0 0.1 0.379 0.028 0.046
0 0.08 0.359 0.028 0.046
0 0.141 0.367 0.018 0.05
0 0.242 0.947 0.024 0.026
0 0.268 0.962 0.016 0.02
0 0.243 0.907 0.026 0.034
0 0.273 0.857 0.034 0.046
0 0.323 0.98 0.022 0.028
0 0.363 0.98 0.03 0.032
0 0.33 0.928 0.024 0.048
0 0.437 0.93 0.026 0.048
0 0.437 0.959 0.03 0.05
0 0.483 0.926 0.034 0.052
0 0.508 0.899 0.016 0.026
0 0.585 0.889 0.03 0.046
0 0.594 0.952 0.024 0.036
0 0.62 0.992 0.024 0.012
0 0.635 0.955 0.026 0.046
0 0.666 0.973 0.028 0.038
0 0.196 0.044 0.024 0.028
0 0.201 0.105 0.03 0.038
0 0.215 0.124 0.022 0.032
0 0.227 0.108 0.026 0.028
0 0.239 0.096 0.034 0.064
0 0.338 0.013 0.032 0.026
0 0.327 0.043 0.03 0.046
0 0.377 0.031 0.022 0.042
0 0.317 0.098 0.026 0.036
0 0.186 0.286 0.024 0.036
0 0.204 0.282 0.02 0.04
0 0.196 0.312 0.028 0.04
0 0.213 0.323 0.034 0.038
0 0.309 0.157 0.022 0.042
0 0.357 0.126 0.018 0.024
0 0.366 0.11 0.012 0.02
0 0.369 0.091 0.014 0.026
0 0.441 0.067 0.026 0.038
0 0.457 0.077 0.026 0.042
0 0.52 0.035 0.044 0.066
0 0.547 0.006 0.014 0.012
0 0.843 0.98 0.014 0.02
0 0.926 0.986 0.032 0.024
0 0.924 0.968 0.012 0.016
0 0.803 0.918 0.034 0.04
0 0.86 0.881 0.032 0.042
0 0.976 0.886 0.028 0.04
0 0.969 0.859 0.034 0.042
0 0.934 0.822 0.032 0.044
0 0.743 0.912 0.034 0.036
0 0.729 0.894 0.034 0.04
0 0.687 0.923 0.034 0.042
0 0.655 0.876 0.026 0.044
0 0.092 0.803 0.016 0.026
0 0.105 0.779 0.022 0.026
0 0.14 0.784 0.024 0.024
0 0.848 0.804 0.028 0.048
0 0.808 0.818 0.028 0.048
0 0.757 0.817 0.03 0.034
0 0.758 0.789 0.024 0.03
0 0.679 0.827 0.03 0.042
0 0.636 0.837 0.036 0.038
0 0.647 0.803 0.038 0.03
0 0.687 0.78 0.026 0.048
0 0.728 0.765 0.028 0.038
0 0.76 0.734 0.036 0.048
0 0.798 0.753 0.024 0.026
0 0.813 0.701 0.038 0.054
0 0.794 0.696 0.02 0.024
0 0.842 0.777 0.016 0.026
0 0.924 0.7 0.032 0.048
0 0.959 0.645 0.03 0.042
0 0.916 0.661 0.028 0.042
0 0.918 0.578 0.036 0.04
0 0.988 0.529 0.02 0.05
0 0.148 0.824 0.016 0.028
0 0.105 0.704 0.022 0.044
0 0.154 0.696 0.02 0.024
0 0.199 0.717 0.026 0.05
0 0.233 0.746 0.026 0.048
0 0.274 0.759 0.028 0.042
0 0.293 0.713 0.03 0.046
0 0.26 0.657 0.032 0.03
0 0.31 0.667 0.024 0.034
0 0.193 0.674 0.018 0.024
0 0.187 0.629 0.026 0.042
0 0.153 0.618 0.03 0.036
0 0.131 0.639 0.022 0.026
0 0.2 0.576 0.012 0.02
0 0.211 0.585 0.03 0.042
0 0.093 0.539 0.03 0.042
0 0.121 0.543 0.026 0.038
0 0.135 0.514 0.026 0.04
0 0.175 0.498 0.03 0.048
0 0.177 0.42 0.018 0.02
0 0.229 0.359 0.026 0.05
0 0.272 0.351 0.024 0.054
0 0.283 0.239 0.026 0.05
0 0.339 0.243 0.03 0.046
0 0.329 0.757 0.018 0.026
0 0.331 0.722 0.022 0.04
0 0.386 0.744 0.028 0.04
0 0.39 0.783 0.024 0.046
0 0.453 0.779 0.03 0.05
0 0.474 0.788 0.028 0.048
0 0.531 0.803 0.026 0.042
0 0.572 0.783 0.024 0.042
0 0.611 0.757 0.026 0.046
0 0.615 0.783 0.034 0.034
0 0.31 0.389 0.028 0.026
0 0.294 0.398 0.012 0.012
0 0.294 0.417 0.032 0.026
0 0.29 0.443 0.028 0.03
0 0.376 0.435 0.028 0.046
0 0.384 0.456 0.028 0.044
0 0.418 0.423 0.016 0.026
0 0.397 0.331 0.026 0.05
0 0.286 0.548 0.028 0.044
0 0.281 0.594 0.026 0.04
0 0.33 0.523 0.028 0.038
0 0.318 0.594 0.028 0.04
0 0.368 0.572 0.024 0.04
0 0.408 0.592 0.028 0.048
0 0.452 0.65 0.028 0.04
0 0.476 0.674 0.024 0.044
0 0.5 0.658 0.024 0.044
0 0.533 0.647 0.026 0.034
0 0.455 0.592 0.026 0.036
0 0.497 0.524 0.03 0.04
0 0.482 0.517 0.028 0.042
0 0.519 0.503 0.026 0.034
0 0.511 0.461 0.038 0.038
0 0.556 0.467 0.032 0.026
0 0.602 0.418 0.032 0.036
0 0.594 0.386 0.024 0.04
0 0.433 0.266 0.03 0.032
0 0.5 0.24 0.024 0.052
0 0.543 0.224 0.034 0.044
0 0.453 0.176 0.026 0.048
0 0.498 0.159 0.04 0.05
0 0.579 0.109 0.034 0.046
0 0.606 0.042 0.028 0.04
0 0.632 0.034 0.016 0.024
0 0.674 0.08 0.028 0.04
0 0.717 0.066 0.034 0.04
0 0.712 0.106 0.032 0.04
0 0.766 0.05 0.032 0.036
0 0.75 0.007 0.024 0.014
0 0.787 0.095 0.038 0.07
0 0.867 0.108 0.034 0.04
0 0.837 0.137 0.018 0.03
0 0.824 0.152 0.016 0.028
0 0.91 0.066 0.028 0.036
0 0.946 0.015 0.032 0.03
0 0.955 0.027 0.026 0.038
0 0.975 0.035 0.014 0.022
0 0.988 0.014 0.016 0.028
0 0.588 0.593 0.024 0.026
0 0.585 0.619 0.03 0.026
0 0.623 0.631 0.026 0.038
0 0.677 0.628 0.03 0.048
0 0.709 0.593 0.03 0.034
0 0.607 0.194 0.03 0.056
0 0.636 0.174 0.028 0.04
0 0.642 0.2 0.024 0.044
0 0.564 0.561 0.028 0.05
0 0.56 0.532 0.016 0.024
0 0.621 0.527 0.034 0.054
0 0.656 0.433 0.036 0.042
0 0.592 0.296 0.028 0.044
0 0.637 0.266 0.034 0.044
0 0.702 0.257 0.036 0.046
0 0.666 0.348 0.036 0.056
0 0.696 0.305 0.02 0.022
0 0.848 0.562 0.036 0.056
0 0.794 0.546 0.02 0.032
0 0.796 0.571 0.024 0.038
0 0.775 0.533 0.034 0.046
0 0.831 0.514 0.03 0.048
0 0.738 0.482 0.036 0.044
0 0.734 0.455 0.036 0.034
0 0.721 0.401 0.026 0.042
0 0.733 0.407 0.03 0.038
0 0.953 0.442 0.042 0.06
0 0.994 0.476 0.008 0.028
0 0.993 0.392 0.01 0.044
0 0.836 0.433 0.02 0.034
0 0.85 0.437 0.024 0.05
0 0.915 0.38 0.034 0.036
0 0.902 0.356 0.036 0.044
0 0.926 0.341 0.024 0.034
0 0.966 0.291 0.036 0.042
0 0.893 0.278 0.034 0.04
0 0.992 0.211 0.012 0.038
0 0.979 0.182 0.018 0.032
0 0.952 0.195 0.032 0.05
0 0.91 0.211 0.028 0.034
0 0.922 0.175 0.032 0.034
0 0.873 0.208 0.034 0.04
0 0.867 0.182 0.034 0.048
0 0.986 0.965 0.02 0.018
1 0.055 0.034 0.022 0.016
1 0.042 0.056 0.024 0.012
1 0.039 0.172 0.014 0.032
1 0.053 0.272 0.018 0.02
1 0.009 0.443 0.01 0.018
1 0.047 0.516 0.014 0.02
1 0.065 0.485 0.01 0.014
1 0.074 0.65 0.016 0.024
1 0.005 0.761 0.01 0.01
1 0.015 0.772 0.006 0.012
1 0.013 0.927 0.022 0.022
1 0.036 0.968 0.012 0.02
1 0.103 0.952 0.018 0.02
1 0.119 0.93 0.018 0.024
1 0.226 0.975 0.008 0.014
1 0.321 0.867 0.018 0.014
1 0.371 0.946 0.018 0.02
1 0.409 0.92 0.022 0.024
1 0.699 0.996 0.022 0.004
1 0.698 0.979 0.016 0.022
1 0.191 0.021 0.022 0.018
1 0.265 0.083 0.014 0.018
1 0.078 0.24 0.028 0.016
1 0.247 0.202 0.014 0.032
1 0.216 0.203 0.024 0.026
1 0.308 0.193 0.012 0.022
1 0.448 0.032 0.02 0.02
1 0.847 0.996 0.014 0.004
1 0.951 0.967 0.01 0.01
1 0.882 0.942 0.012 0.02
1 0.775 0.957 0.018 0.026
1 0.915 0.856 0.014 0.024
1 0.929 0.854 0.014 0.02
1 0.872 0.833 0.024 0.022
1 0.83 0.872 0.016 0.028
1 0.667 0.945 0.01 0.006
1 0.678 0.9 0.016 0.016
1 0.703 0.871 0.022 0.018
1 0.71 0.882 0.02 0.02
1 0.897 0.761 0.026 0.018
1 0.954 0.68 0.02 0.02
1 0.195 0.814 0.026 0.02
1 0.17 0.817 0.008 0.022
1 0.138 0.717 0.016 0.026
1 0.255 0.687 0.014 0.026
1 0.166 0.66 0.02 0.016
1 0.171 0.649 0.018 0.01
1 0.211 0.458 0.018 0.02
1 0.186 0.449 0.016 0.022
1 0.325 0.298 0.014 0.028
1 0.326 0.807 0.008 0.03
1 0.435 0.821 0.026 0.014
1 0.322 0.466 0.036 0.02
1 0.356 0.448 0.012 0.02
1 0.427 0.408 0.006 0.008
1 0.436 0.409 0.016 0.022
1 0.454 0.322 0.012 0.028
1 0.329 0.558 0.022 0.016
1 0.307 0.624 0.022 0.016
1 0.373 0.613 0.042 0.014
1 0.508 0.605 0.02 0.018
1 0.474 0.556 0.028 0.024
1 0.469 0.501 0.014 0.022
1 0.531 0.478 0.018 0.02
1 0.393 0.266 0.022 0.032
1 0.52 0.109 0.028 0.018
1 0.63 0.062 0.016 0.024
1 0.782 0.034 0.02 0.016
1 0.778 0.014 0.016 0.02
1 0.818 0.112 0.016 0.024
1 0.959 0.055 0.018 0.022
1 0.658 0.62 0.016 0.02
1 0.738 0.619 0.02 0.022
1 0.66 0.682 0.028 0.028
1 0.681 0.676 0.006 0.008
1 0.697 0.672 0.022 0.02
1 0.515 0.703 0.018 0.014
1 0.536 0.672 0.012 0.012
1 0.599 0.509 0.018 0.022
1 0.658 0.505 0.016 0.018
1 0.686 0.532 0.024 0.024
1 0.532 0.353 0.024 0.018
1 0.512 0.358 0.008 0.008
1 0.812 0.598 0.036 0.02
1 0.722 0.478 0.012 0.012
1 0.774 0.383 0.016 0.018
1 0.76 0.305 0.024 0.018
1 0.757 0.328 0.022 0.028
1 0.9 0.416 0.012 0.016
1 0.864 0.386 0.016 0.012
1 0.994 0.257 0.008 0.018
1 0.91 0.309 0.008 0.014
1 0.989 0.152 0.018 0.02
1 0.839 0.226 0.018 0.016
1 0.903 0.151 0.026 0.018
2 0.014 0.03 0.016 0.012
2 0.009 0.047 0.01 0.03
2 0.009 0.07 0.018 0.016
2 0.101 0.341 0.014 0.022
2 0.333 0.127 0.018 0.034
2 0.396 0.113 0.012 0.026
2 0.953 0.977 0.018 0.022
2 0.941 0.979 0.006 0.01
2 0.93 0.95 0.016 0.02
2 0.789 0.882 0.018 0.028
2 0.099 0.77 0.018 0.032
2 0.788 0.783 0.012 0.018
2 0.127 0.713 0.01 0.03
2 0.433 0.778 0.014 0.032
2 0.481 0.808 0.018 0.02
2 0.468 0.821 0.012 0.018
2 0.36 0.464 0.016 0.012
2 0.438 0.385 0.016 0.026
2 0.455 0.528 0.018 0.028
2 0.56 0.223 0.024 0.046
2 0.39 0.219 0.02 0.026
2 0.606 0.095 0.02 0.026
2 0.529 0.684 0.018 0.012
2 0.57 0.325 0.012 0.018
2 0.716 0.314 0.012 0.024
2 0.724 0.299 0.012 0.014
2 0.749 0.486 0.014 0.016
2 0.988 0.232 0.008 0.012
2 0.836 0.173 0.012 0.014
2 0.836 0.194 0.008 0.012
2 0.96 0.993 0.016 0.01
2 0.762 0.655 0.016 0.018
2 0.244 0.633 0.016 0.01