0 0.983 0.907 0.03 0.074
0 0.979 0.821 0.038 0.062
0 0.9 0.82 0.028 0.044
0 0.852 0.878 0.024 0.044
0 0.816 0.875 0.024 0.038
0 0.738 0.859 0.028 0.038
0 0.814 0.979 0.052 0.038
0 0.849 0.966 0.03 0.044
0 0.753 0.974 0.03 0.048
0 0.706 0.825 0.04 0.062
0 0.662 0.811 0.032 0.042
0 0.725 0.665 0.05 0.05
0 0.869 0.69 0.026 0.036
0 0.914 0.614 0.04 0.056
0 0.826 0.636 0.028 0.044
0 0.801 0.588 0.054 0.056
0 0.756 0.578 0.016 0.032
0 0.751 0.558 0.018 0.028
0 0.984 0.485 0.028 0.07
0 0.639 0.986 0.034 0.024
0 0.603 0.956 0.034 0.044
0 0.428 0.972 0.028 0.036
0 0.46 0.976 0.036 0.044
0 0.499 0.923 0.03 0.046
0 0.505 0.89 0.038 0.024
0 0.456 0.891 0.052 0.082
0 0.576 0.761 0.032 0.05
0 0.531 0.708 0.058 0.044
0 0.493 0.706 0.046 0.06
0 0.575 0.629 0.022 0.026
0 0.571 0.597 0.034 0.05
0 0.614 0.617 0.02 0.046
0 0.728 0.612 0.032 0.04
0 0.844 0.486 0.048 0.068
0 0.895 0.508 0.03 0.036
0 0.988 0.156 0.02 0.068
0 0.983 0.072 0.026 0.048
0 0.959 0.088 0.03 0.044
0 0.928 0.03 0.036 0.044
0 0.75 0.036 0.044 0.068
0 0.712 0.009 0.036 0.014
0 0.845 0.087 0.034 0.034
0 0.871 0.12 0.03 0.028
0 0.858 0.15 0.024 0.052
0 0.808 0.112 0.044 0.032
0 0.838 0.209 0.028 0.054
0 0.78 0.259 0.036 0.046
0 0.775 0.219 0.014 0.034
0 0.736 0.102 0.036 0.04
0 0.69 0.159 0.032 0.086
0 0.653 0.178 0.034 0.08
0 0.636 0.032 0.036 0.056
0 0.459 0.02 0.05 0.036
0 0.403 0.029 0.042 0.054
0 0.322 0.046 0.052 0.072
0 0.215 0.025 0.038 0.046
0 0.031 0.093 0.042 0.058
0 0.02 0.187 0.032 0.054
0 0.154 0.165 0.06 0.098
0 0.092 0.319 0.044 0.042
0 0.657 0.381 0.05 0.09
0 0.618 0.082 0.024 0.028
0 0.32 0.158 0.052 0.108
0 0.363 0.265 0.042 0.078
0 0.31 0.279 0.04 0.082
0 0.292 0.25 0.028 0.052
0 0.242 0.29 0.04 0.056
0 0.196 0.349 0.044 0.062
0 0.246 0.381 0.04 0.082
0 0.158 0.427 0.036 0.074
0 0.109 0.417 0.054 0.09
0 0.019 0.459 0.034 0.078
0 0.066 0.474 0.028 0.044
0 0.441 0.289 0.026 0.034
0 0.499 0.323 0.038 0.054
0 0.613 0.402 0.022 0.08
0 0.568 0.42 0.028 0.052
0 0.511 0.429 0.034 0.074
0 0.481 0.42 0.038 0.056
0 0.329 0.459 0.034 0.058
0 0.392 0.46 0.036 0.068
0 0.428 0.536 0.04 0.04
0 0.4 0.594 0.032 0.052
0 0.454 0.599 0.02 0.046
0 0.315 0.566 0.034 0.052
0 0.093 0.603 0.042 0.062
0 0.023 0.65 0.042 0.08
0 0.028 0.69 0.024 0.024
0 0.098 0.688 0.04 0.048
0 0.22 0.644 0.044 0.052
0 0.187 0.717 0.034 0.038
0 0.238 0.704 0.024 0.04
0 0.271 0.771 0.034 0.046
0 0.014 0.827 0.024 0.098
0 0.125 0.863 0.05 0.074
0 0.09 0.943 0.044 0.07
0 0.131 0.97 0.05 0.056
0 0.215 0.88 0.034 0.048
0 0.317 0.923 0.034 0.042
0 0.367 0.981 0.038 0.034
0 0.279 0.963 0.03 0.038
0 0.348 0.676 0.044 0.064
0 0.4 0.711 0.036 0.062
0 0.992 0.995 0.012 0.006
0 0.545 0.54 0.022 0.036
0 0.647 0.443 0.014 0.018
1 0.947 0.924 0.026 0.016
1 0.856 0.776 0.036 0.028
1 0.737 0.88 0.022 0.02
1 0.813 0.748 0.034 0.024
1 0.768 0.728 0.024 0.024
1 0.784 0.727 0.012 0.014
1 0.727 0.722 0.026 0.024
1 0.672 0.714 0.028 0.02
1 0.627 0.695 0.026 0.022
1 0.666 0.657 0.016 0.026
1 0.865 0.671 0.026 0.022
1 0.914 0.666 0.024 0.032
1 0.834 0.714 0.02 0.016
1 0.825 0.6 0.022 0.028
1 0.8 0.539 0.016 0.022
1 0.676 0.902 0.024 0.028
1 0.596 0.867 0.02 0.022
1 0.568 0.897 0.016 0.026
1 0.394 0.859 0.016 0.026
1 0.415 0.838 0.03 0.02
1 0.505 0.808 0.018 0.024
1 0.529 0.782 0.026 0.044
1 0.482 0.67 0.02 0.012
1 0.566 0.559 0.02 0.022
1 0.69 0.634 0.024 0.028
1 0.718 0.593 0.02 0.026
1 0.863 0.416 0.022 0.028
1 0.852 0.381 0.024 0.026
1 0.787 0.378 0.022 0.024
1 0.962 0.277 0.02 0.022
1 0.923 0.258 0.018 0.024
1 0.786 0.137 0.024 0.022
1 0.215 0.051 0.018 0.026
1 0.204 0.078 0.016 0.024
1 0.182 0.087 0.016 0.018
1 0.124 0.071 0.028 0.03
1 0.1 0.022 0.016 0.028
1 0.053 0.276 0.038 0.028
1 0.074 0.345 0.016 0.022
1 0.718 0.347 0.016 0.03
1 0.641 0.314 0.026 0.036
1 0.694 0.265 0.016 0.014
1 0.569 0.146 0.018 0.028
1 0.613 0.13 0.01 0.012
1 0.556 0.053 0.016 0.03
1 0.527 0.043 0.034 0.034
1 0.432 0.187 0.016 0.05
1 0.198 0.28 0.02 0.028
1 0.162 0.322 0.012 0.02
1 0.085 0.47 0.022 0.04
1 0.053 0.519 0.03 0.022
1 0.233 0.485 0.022 0.022
1 0.239 0.53 0.022 0.012
1 0.286 0.53 0.024 0.012
1 0.462 0.326 0.032 0.024
1 0.561 0.456 0.026 0.048
1 0.279 0.486 0.014 0.02
1 0.371 0.499 0.018 0.03
1 0.428 0.463 0.016 0.022
1 0.373 0.57 0.018 0.024
1 0.339 0.632 0.014 0.032
1 0.601 0.464 0.018 0.02
1 0.086 0.58 0.024 0.024
1 0.205 0.68 0.026 0.028
1 0.271 0.644 0.03 0.044
1 0.23 0.747 0.028 0.022
1 0.272 0.743 0.02 0.022
1 0.056 0.886 0.04 0.052
1 0.043 0.981 0.014 0.022
1 0.194 0.796 0.016 0.024
1 0.184 0.881 0.016 0.022
1 0.268 0.89 0.02 0.024
1 0.287 0.997 0.018 0.002
1 0.208 0.997 0.008 0.002
1 0.342 0.735 0.008 0.014
1 0.333 0.746 0.014 0.004
1 0.338 0.808 0.024 0.032
1 0.315 0.401 0.014 0.018
1 0.83 0.818 0.012 0.016
1 0.933 0.996 0.014 0.004
1 0.639 0.459 0.01 0.002
2 0.989 0.621 0.018 0.042
2 0.71 0.922 0.032 0.028
2 0.532 0.628 0.028 0.04
2 0.72 0.574 0.016 0.016
2 0.703 0.601 0.018 0.018
2 0.233 0.074 0.022 0.04
2 0.102 0.063 0.036 0.022
2 0.033 0.009 0.034 0.014
2 0.123 0.024 0.022 0.044
2 0.108 0.173 0.02 0.074
2 0.729 0.375 0.022 0.034
2 0.205 0.797 0.01 0.022
2 0.406 0.984 0.012 0.02
2 0.921 0.127 0.01 0.022
2 0.467 0.046 0.014 0.02
2 0.459 0.068 0.01 0.016
2 0.455 0.24 0.014 0.012
2 0.424 0.342 0.012 0.024
2 0.218 0.447 0.02 0.026
2 0.135 0.504 0.01 0.016
2 0.128 0.725 0.02 0.018
2 0.733 0.798 0.03 0.02
2 0.286 0.846 0.024 0.048
2 0.468 0.232 0.012 0.016
2 0.812 0.257 0.016 0.034