0 0.783 0.121 0.046 0.046
0 0.857 0.043 0.038 0.038
0 0.788 0.046 0.052 0.06
0 0.638 0.044 0.036 0.056
0 0.616 0.071 0.044 0.046
0 0.59 0.048 0.032 0.052
0 0.762 0.18 0.044 0.052
0 0.702 0.28 0.044 0.064
0 0.923 0.235 0.046 0.054
0 0.941 0.282 0.038 0.056
0 0.877 0.224 0.05 0.048
0 0.808 0.284 0.052 0.052
0 0.746 0.236 0.048 0.048
0 0.744 0.442 0.052 0.048
0 0.68 0.446 0.04 0.052
0 0.667 0.502 0.026 0.04
0 0.734 0.479 0.036 0.026
0 0.734 0.507 0.036 0.042
0 0.699 0.507 0.034 0.058
0 0.944 0.558 0.044 0.072
0 0.908 0.552 0.032 0.056
0 0.935 0.504 0.062 0.044
0 0.841 0.495 0.042 0.05
0 0.895 0.408 0.05 0.056
0 0.806 0.361 0.04 0.058
0 0.852 0.557 0.048 0.062
0 0.666 0.54 0.04 0.052
0 0.547 0.566 0.054 0.052
0 0.444 0.034 0.052 0.052
0 0.35 0.018 0.044 0.036
0 0.329 0.039 0.042 0.042
0 0.217 0.033 0.042 0.054
0 0.24 0.066 0.04 0.052
0 0.128 0.115 0.044 0.074
0 0.136 0.156 0.04 0.036
0 0.517 0.171 0.054 0.046
0 0.515 0.239 0.062 0.05
0 0.53 0.264 0.048 0.048
0 0.579 0.269 0.034 0.034
0 0.597 0.246 0.03 0.024
0 0.056 0.055 0.044 0.05
0 0.02 0.104 0.036 0.068
0 0.354 0.107 0.052 0.078
0 0.346 0.141 0.052 0.03
0 0.376 0.163 0.036 0.058
0 0.197 0.148 0.034 0.048
0 0.153 0.232 0.046 0.052
0 0.17 0.292 0.056 0.1
0 0.266 0.243 0.056 0.05
0 0.256 0.272 0.048 0.04
0 0.329 0.295 0.038 0.046
0 0.279 0.318 0.03 0.048
0 0.023 0.188 0.03 0.04
0 0.048 0.268 0.08 0.032
0 0.059 0.321 0.038 0.058
0 0.078 0.351 0.032 0.058
0 0.026 0.385 0.04 0.054
0 0.047 0.4 0.042 0.052
0 0.428 0.263 0.032 0.03
0 0.439 0.298 0.034 0.04
0 0.467 0.287 0.034 0.046
0 0.97 0.43 0.032 0.036
0 0.944 0.639 0.036 0.042
0 0.938 0.744 0.04 0.044
0 0.855 0.754 0.054 0.068
0 0.801 0.638 0.046 0.052
0 0.738 0.669 0.052 0.054
0 0.343 0.359 0.034 0.066
0 0.238 0.398 0.048 0.072
0 0.117 0.534 0.034 0.06
0 0.068 0.59 0.036 0.052
0 0.114 0.386 0.028 0.044
0 0.023 0.625 0.03 0.058
0 0.57 0.455 0.036 0.054
0 0.405 0.413 0.042 0.038
0 0.404 0.457 0.036 0.05
0 0.36 0.473 0.06 0.086
0 0.444 0.482 0.036 0.06
0 0.65 0.688 0.08 0.088
0 0.609 0.746 0.042 0.056
0 0.565 0.699 0.026 0.042
0 0.528 0.747 0.04 0.03
0 0.524 0.694 0.04 0.032
0 0.466 0.616 0.028 0.036
0 0.419 0.66 0.034 0.044
0 0.387 0.655 0.038 0.058
0 0.329 0.602 0.05 0.048
0 0.251 0.545 0.03 0.054
0 0.078 0.72 0.044 0.044
0 0.024 0.77 0.044 0.072
0 0.176 0.732 0.056 0.096
0 0.14 0.747 0.032 0.034
0 0.217 0.642 0.05 0.048
0 0.245 0.741 0.03 0.046
0 0.156 0.809 0.028 0.038
0 0.122 0.833 0.032 0.034
0 0.087 0.867 0.062 0.046
0 0.741 0.781 0.046 0.074
0 0.712 0.8 0.032 0.068
0 0.675 0.802 0.038 0.056
0 0.666 0.854 0.048 0.044
0 0.734 0.882 0.04 0.048
0 0.802 0.741 0.056 0.042
0 0.693 0.562 0.026 0.048
0 0.586 0.547 0.032 0.058
0 0.403 0.932 0.05 0.072
0 0.467 0.928 0.078 0.12
0 0.47 0.856 0.056 0.052
0 0.495 0.824 0.074 0.044
0 0.556 0.852 0.04 0.056
0 0.615 0.918 0.046 0.064
0 0.653 0.971 0.042 0.042
0 0.532 0.968 0.032 0.04
0 0.332 0.889 0.052 0.078
0 0.251 0.942 0.062 0.072
0 0.374 0.784 0.032 0.036
0 0.361 0.818 0.038 0.024
0 0.298 0.785 0.044 0.058
0 0.255 0.819 0.038 0.042
0 0.365 0.873 0.03 0.054
0 0.334 0.979 0.048 0.038
0 0.882 0.805 0.032 0.042
0 0.961 0.891 0.05 0.062
0 0.904 0.919 0.044 0.066
0 0.951 0.941 0.05 0.078
0 0.811 0.965 0.046 0.066
0 0.779 0.983 0.038 0.03
0 0.058 0.978 0.04 0.04
1 0.846 0.027 0.016 0.026
1 0.715 0.014 0.026 0.024
1 0.701 0.165 0.01 0.014
1 0.689 0.235 0.026 0.026
1 0.919 0.285 0.026 0.026
1 0.864 0.475 0.012 0.022
1 0.778 0.5 0.024 0.024
1 0.804 0.425 0.02 0.026
1 0.785 0.456 0.022 0.016
1 0.821 0.319 0.022 0.03
1 0.746 0.553 0.024 0.046
1 0.737 0.596 0.03 0.024
1 0.396 0.04 0.024 0.036
1 0.272 0.025 0.032 0.034
1 0.209 0.09 0.018 0.028
1 0.088 0.082 0.024 0.032
1 0.059 0.147 0.026 0.026
1 0.1 0.163 0.02 0.034
1 0.559 0.177 0.026 0.022
1 0.566 0.288 0.024 0.024
1 0.944 0.044 0.028 0.02
1 0.912 0.016 0.024 0.02
1 0.324 0.09 0.024 0.016
1 0.446 0.113 0.028 0.042
1 0.459 0.138 0.018 0.024
1 0.392 0.116 0.016 0.02
1 0.146 0.189 0.02 0.026
1 0.127 0.272 0.038 0.02
1 0.659 0.335 0.03 0.038
1 0.357 0.217 0.026 0.022
1 0.339 0.195 0.022 0.026
1 0.307 0.244 0.026 0.024
1 0.443 0.233 0.018 0.03
1 0.495 0.334 0.022 0.036
1 0.911 0.698 0.018 0.024
1 0.946 0.712 0.024 0.02
1 0.698 0.638 0.02 0.032
1 0.293 0.355 0.018 0.034
1 0.208 0.448 0.036 0.028
1 0.206 0.468 0.028 0.024
1 0.197 0.525 0.026 0.034
1 0.165 0.568 0.022 0.028
1 0.087 0.544 0.026 0.044
1 0.071 0.539 0.022 0.034
1 0.117 0.462 0.03 0.028
1 0.502 0.409 0.024 0.03
1 0.47 0.439 0.016 0.038
1 0.492 0.43 0.024 0.036
1 0.538 0.712 0.024 0.032
1 0.558 0.652 0.028 0.02
1 0.591 0.628 0.03 0.016
1 0.61 0.598 0.016 0.02
1 0.503 0.649 0.026 0.03
1 0.45 0.648 0.016 0.024
1 0.427 0.619 0.03 0.022
1 0.328 0.64 0.036 0.024
1 0.319 0.662 0.014 0.024
1 0.275 0.657 0.022 0.022
1 0.303 0.578 0.022 0.028
1 0.277 0.58 0.022 0.02
1 0.355 0.542 0.022 0.036
1 0.099 0.64 0.034 0.024
1 0.1 0.668 0.024 0.02
1 0.174 0.7 0.024 0.044
1 0.151 0.697 0.022 0.03
1 0.081 0.834 0.022 0.016
1 0.681 0.885 0.014 0.038
1 0.809 0.681 0.03 0.03
1 0.633 0.802 0.022 0.024
1 0.602 0.8 0.028 0.02
1 0.217 0.879 0.01 0.03
1 0.209 0.875 0.01 0.034
1 0.41 0.84 0.024 0.02
1 0.386 0.833 0.02 0.026
1 0.803 0.835 0.022 0.022
1 0.989 0.842 0.018 0.036
1 0.966 0.83 0.024 0.024
1 0.88 0.874 0.02 0.032
1 0.735 0.977 0.014 0.022
2 0.882 0.068 0.036 0.04
2 0.721 0.076 0.018 0.024
2 0.733 0.05 0.014 0.016
2 0.819 0.222 0.042 0.06
2 0.695 0.349 0.026 0.026
2 0.948 0.453 0.028 0.022
2 0.867 0.688 0.046 0.052
2 0.273 0.417 0.018 0.026
2 0.546 0.419 0.036 0.026
2 0.562 0.815 0.02 0.018
2 0.537 0.888 0.026 0.028
2 0.226 0.836 0.024 0.024
2 0.286 0.811 0.02 0.018
2 0.884 0.646 0.028 0.028
2 0.862 0.655 0.016 0.018