0 0.13 0.035 0.06 0.07
0 0.036 0.006 0.036 0.012
0 0.41 0.013 0.032 0.026
0 0.261 0.151 0.07 0.078
0 0.159 0.208 0.058 0.052
0 0.009 0.278 0.018 0.06
0 0.03 0.291 0.032 0.042
0 0.146 0.265 0.04 0.046
0 0.345 0.094 0.03 0.04
0 0.323 0.1 0.034 0.056
0 0.11 0.341 0.036 0.042
0 0.037 0.406 0.034 0.04
0 0.109 0.428 0.026 0.036
0 0.039 0.488 0.034 0.036
0 0.059 0.509 0.03 0.046
0 0.08 0.607 0.052 0.062
0 0.004 0.701 0.008 0.042
0 0.063 0.705 0.038 0.042
0 0.044 0.735 0.04 0.03
0 0.046 0.776 0.036 0.04
0 0.028 0.822 0.052 0.056
0 0.108 0.764 0.044 0.052
0 0.04 0.918 0.02 0.024
0 0.063 0.913 0.022 0.038
0 0.046 0.956 0.036 0.028
0 0.151 0.909 0.034 0.046
0 0.166 0.833 0.044 0.054
0 0.253 0.907 0.034 0.058
0 0.277 0.901 0.026 0.046
0 0.306 0.956 0.02 0.032
0 0.339 0.996 0.022 0.004
0 0.334 0.894 0.012 0.028
0 0.4 0.925 0.032 0.03
0 0.418 0.835 0.036 0.042
0 0.451 0.852 0.046 0.064
0 0.522 0.927 0.04 0.042
0 0.558 0.975 0.028 0.046
0 0.634 0.973 0.044 0.05
0 0.672 0.942 0.036 0.044
0 0.807 0.991 0.042 0.014
0 0.818 0.947 0.044 0.05
0 0.904 0.966 0.036 0.036
0 0.974 0.988 0.048 0.02
0 0.825 0.895 0.03 0.03
0 0.809 0.884 0.026 0.036
0 0.769 0.873 0.034 0.038
0 0.74 0.862 0.044 0.052
0 0.834 0.844 0.028 0.044
0 0.854 0.854 0.024 0.028
0 0.842 0.787 0.04 0.05
0 0.882 0.77 0.044 0.052
0 0.946 0.767 0.032 0.03
0 0.965 0.68 0.05 0.056
0 0.814 0.677 0.06 0.062
0 0.701 0.79 0.042 0.036
0 0.676 0.81 0.036 0.032
0 0.67 0.757 0.044 0.05
0 0.255 0.777 0.03 0.046
0 0.144 0.644 0.032 0.04
0 0.158 0.576 0.036 0.06
0 0.23 0.644 0.032 0.048
0 0.14 0.486 0.024 0.044
0 0.179 0.471 0.026 0.038
0 0.175 0.389 0.046 0.062
0 0.222 0.3 0.048 0.044
0 0.253 0.344 0.046 0.04
0 0.301 0.283 0.066 0.074
0 0.259 0.418 0.046 0.04
0 0.235 0.508 0.034 0.04
0 0.339 0.428 0.046 0.056
0 0.422 0.396 0.032 0.048
0 0.375 0.562 0.038 0.04
0 0.365 0.601 0.034 0.046
0 0.392 0.638 0.04 0.068
0 0.434 0.608 0.048 0.06
0 0.498 0.035 0.052 0.07
0 0.442 0.153 0.036 0.046
0 0.419 0.204 0.022 0.02
0 0.468 0.196 0.048 0.044
0 0.579 0.031 0.062 0.062
0 0.581 0.093 0.07 0.094
0 0.673 0.065 0.03 0.05
0 0.651 0.111 0.022 0.03
0 0.689 0.161 0.07 0.062
0 0.539 0.269 0.054 0.062
0 0.748 0.137 0.028 0.046
0 0.885 0.056 0.026 0.064
0 0.836 0.146 0.032 0.06
0 0.869 0.142 0.022 0.036
0 0.672 0.284 0.064 0.084
0 0.756 0.263 0.04 0.058
0 0.939 0.069 0.038 0.066
0 0.967 0.239 0.026 0.042
0 0.886 0.272 0.036 0.032
0 0.986 0.288 0.024 0.032
0 0.426 0.491 0.048 0.03
0 0.508 0.415 0.064 0.078
0 0.578 0.37 0.02 0.024
0 0.518 0.57 0.036 0.04
0 0.575 0.536 0.034 0.044
0 0.615 0.45 0.062 0.072
0 0.573 0.687 0.046 0.078
0 0.592 0.624 0.056 0.032
0 0.594 0.594 0.028 0.048
0 0.627 0.599 0.03 0.03
0 0.665 0.664 0.03 0.044
0 0.755 0.651 0.03 0.046
0 0.838 0.607 0.06 0.054
0 0.817 0.569 0.058 0.058
0 0.926 0.555 0.052 0.07
0 0.976 0.592 0.044 0.06
0 0.888 0.471 0.04 0.058
0 0.941 0.46 0.066 0.064
0 0.987 0.426 0.022 0.044
0 0.916 0.345 0.04 0.038
0 0.923 0.37 0.038 0.04
0 0.743 0.358 0.034 0.08
1 0.045 0.052 0.022 0.012
1 0.003 0.047 0.006 0.014
1 0.285 0.013 0.026 0.026
1 0.271 0.066 0.018 0.02
1 0.107 0.169 0.026 0.026
1 0.021 0.229 0.034 0.018
1 0.082 0.369 0.028 0.022
1 0.102 0.388 0.012 0.028
1 0.091 0.518 0.022 0.016
1 0.065 0.573 0.03 0.042
1 0.084 0.849 0.032 0.018
1 0.112 0.835 0.02 0.022
1 0.105 0.898 0.026 0.02
1 0.003 0.991 0.006 0.014
1 0.324 0.938 0.028 0.036
1 0.328 0.971 0.016 0.014
1 0.371 0.956 0.01 0.024
1 0.356 0.949 0.016 0.03
1 0.689 0.994 0.03 0.008
1 0.626 0.929 0.02 0.014
1 0.964 0.861 0.028 0.022
1 0.919 0.754 0.018 0.024
1 0.96 0.78 0.016 0.016
1 0.923 0.725 0.03 0.026
1 0.81 0.712 0.032 0.016
1 0.84 0.701 0.02 0.018
1 0.76 0.766 0.02 0.02
1 0.419 0.731 0.022 0.022
1 0.323 0.737 0.018 0.03
1 0.267 0.743 0.022 0.022
1 0.19 0.717 0.016 0.022
1 0.247 0.592 0.014 0.016
1 0.259 0.596 0.018 0.024
1 0.296 0.626 0.028 0.024
1 0.174 0.341 0.028 0.022
1 0.237 0.431 0.034 0.034
1 0.247 0.477 0.022 0.022
1 0.368 0.512 0.016 0.012
1 0.524 0.676 0.02 0.032
1 0.442 0.12 0.032 0.02
1 0.623 0.079 0.01 0.034
1 0.596 0.166 0.02 0.02
1 0.616 0.216 0.016 0.04
1 0.764 0.045 0.032 0.034
1 0.875 0.096 0.022 0.024
1 0.909 0.162 0.022 0.02
1 0.552 0.358 0.02 0.048
1 0.586 0.475 0.02 0.026
1 0.622 0.561 0.024 0.022
1 0.696 0.617 0.016 0.018
1 0.739 0.615 0.014 0.022
1 0.872 0.524 0.024 0.024
1 0.84 0.492 0.024 0.028
1 0.929 0.495 0.022 0.014
1 0.666 0.459 0.028 0.034
1 0.721 0.434 0.026 0.016
1 0.708 0.399 0.024 0.026
1 0.67 0.558 0.028 0.032
1 0.782 0.235 0.012 0.014
1 0.742 0.176 0.016 0.02
2 0.028 0.078 0.044 0.032
2 0.215 0.012 0.042 0.024
2 0.331 0.045 0.034 0.03
2 0.225 0.235 0.058 0.07
2 0.733 0.985 0.034 0.026
2 0.775 0.968 0.03 0.036
2 0.561 0.771 0.03 0.05
2 0.405 0.707 0.038 0.034
2 0.505 0.261 0.038 0.062
2 0.886 0.221 0.064 0.086
2 0.705 0.325 0.058 0.066
2 0.198 0.961 0.012 0.014
2 0.351 0.897 0.014 0.018
2 0.464 0.986 0.008 0.02
2 0.508 0.905 0.016 0.01
2 0.688 0.912 0.012 0.016
2 0.627 0.94 0.038 0.024
2 0.799 0.486 0.018 0.028
2 0.553 0.226 0.026 0.028
2 0.038 0.163 0.012 0.014
2 0.815 0.108 0.014 0.024
2 0.101 0.259 0.01 0.018
2 0.084 0.238 0.012 0.012
2 0.116 0.258 0.012 0.028
2 0.119 0.291 0.014 0.01
2 0.101 0.282 0.006 0.008
2 0.639 0.245 0.034 0.026
2 0.653 0.213 0.014 0.038
2 0.672 0.011 0.008 0.022
2 0.602 0.9 0.02 0.02
2 0.627 0.885 0.018 0.01
2 0.592 0.93 0.008 0.008
2 0.546 0.726 0.012 0.016
2 0.569 0.717 0.018 0.014