0 0.193 0.016 0.038 0.032
0 0.071 0.11 0.038 0.032
0 0.09 0.076 0.032 0.028
0 0.118 0.107 0.028 0.034
0 0.095 0.141 0.034 0.034
0 0.017 0.235 0.03 0.042
0 0.158 0.061 0.04 0.034
0 0.179 0.224 0.034 0.048
0 0.167 0.368 0.034 0.056
0 0.136 0.307 0.04 0.038
0 0.021 0.359 0.03 0.042
0 0.248 0.222 0.04 0.052
0 0.303 0.222 0.034 0.044
0 0.323 0.051 0.038 0.042
0 0.438 0.023 0.032 0.046
0 0.042 0.429 0.028 0.038
0 0.077 0.501 0.034 0.042
0 0.106 0.516 0.032 0.036
0 0.262 0.376 0.036 0.036
0 0.336 0.349 0.032 0.038
0 0.031 0.485 0.038 0.038
0 0.006 0.578 0.012 0.028
0 0.013 0.655 0.026 0.038
0 0.034 0.679 0.032 0.038
0 0.045 0.712 0.034 0.04
0 0.04 0.773 0.028 0.038
0 0.089 0.751 0.038 0.046
0 0.11 0.82 0.036 0.044
0 0.02 0.856 0.036 0.04
0 0.006 0.882 0.012 0.04
0 0.016 0.934 0.032 0.04
0 0.042 0.813 0.024 0.038
0 0.025 0.994 0.022 0.008
0 0.103 0.965 0.034 0.038
0 0.082 0.93 0.032 0.032
0 0.124 0.891 0.032 0.03
0 0.112 0.78 0.028 0.036
0 0.205 0.858 0.034 0.04
0 0.202 0.779 0.028 0.042
0 0.261 0.768 0.038 0.044
0 0.105 0.71 0.026 0.032
0 0.135 0.618 0.03 0.044
0 0.241 0.608 0.042 0.036
0 0.255 0.692 0.038 0.036
0 0.267 0.72 0.046 0.036
0 0.336 0.725 0.048 0.034
0 0.186 0.448 0.032 0.036
0 0.36 0.661 0.028 0.038
0 0.385 0.645 0.03 0.034
0 0.411 0.589 0.038 0.034
0 0.366 0.952 0.032 0.044
0 0.452 0.768 0.028 0.04
0 0.465 0.916 0.038 0.036
0 0.507 0.899 0.042 0.038
0 0.334 0.461 0.044 0.042
0 0.316 0.509 0.044 0.038
0 0.369 0.534 0.042 0.04
0 0.4 0.444 0.036 0.044
0 0.421 0.457 0.042 0.038
0 0.287 0.57 0.034 0.028
0 0.386 0.281 0.036 0.038
0 0.164 0.939 0.04 0.042
0 0.575 0.79 0.042 0.036
0 0.601 0.935 0.054 0.038
0 0.553 0.977 0.046 0.042
0 0.636 0.988 0.056 0.02
0 0.829 0.978 0.046 0.04
0 0.793 0.947 0.03 0.034
0 0.822 0.935 0.056 0.05
0 0.953 0.899 0.074 0.05
0 0.99 0.808 0.016 0.04
0 0.98 0.725 0.036 0.05
0 0.883 0.657 0.042 0.034
0 0.903 0.617 0.05 0.042
0 0.969 0.613 0.038 0.038
0 0.963 0.567 0.066 0.034
0 0.96 0.511 0.072 0.058
0 0.741 0.78 0.066 0.036
0 0.619 0.691 0.046 0.05
0 0.667 0.663 0.042 0.034
0 0.68 0.624 0.032 0.044
0 0.658 0.588 0.052 0.044
0 0.764 0.634 0.052 0.044
0 0.784 0.587 0.04 0.034
0 0.711 0.554 0.042 0.036
0 0.836 0.583 0.04 0.03
0 0.775 0.514 0.066 0.044
0 0.709 0.429 0.054 0.05
0 0.947 0.415 0.042 0.042
0 0.902 0.344 0.044 0.044
0 0.637 0.398 0.046 0.044
0 0.576 0.446 0.04 0.052
0 0.644 0.313 0.048 0.042
0 0.696 0.302 0.04 0.04
0 0.473 0.4 0.046 0.04
0 0.496 0.441 0.052 0.066
0 0.409 0.359 0.05 0.05
0 0.754 0.26 0.036 0.04
0 0.743 0.204 0.042 0.052
0 0.712 0.162 0.04 0.04
0 0.76 0.14 0.044 0.032
0 0.821 0.171 0.054 0.042
0 0.807 0.136 0.038 0.028
0 0.878 0.103 0.04 0.034
0 0.943 0.102 0.074 0.06
0 0.841 0.048 0.038 0.04
0 0.919 0.021 0.062 0.042
0 0.631 0.013 0.034 0.026
0 0.405 0.173 0.038 0.038
0 0.27 0.524 0.028 0.028
0 0.788 0.803 0.064 0.042
0 0.569 0.56 0.062 0.04
0 0.322 0.556 0.036 0.028
0 0.628 0.067 0.036 0.046
0 0.58 0.531 0.04 0.026
0 0.317 0.837 0.03 0.038
0 0.477 0.203 0.03 0.034
0 0.576 0.154 0.044 0.044
0 0.87 0.96 0.036 0.032
0 0.206 0.827 0.024 0.034
0 0.108 0.909 0.032 0.03
0 0.094 0.948 0.036 0.04
0 0.187 0.868 0.042 0.048
0 0.076 0.023 0.044 0.046
0 0.541 0.258 0.058 0.056
0 0.26 0.659 0.044 0.03
0 0.482 0.644 0.04 0.032
0 0.793 0.747 0.058 0.034
0 0.897 0.994 0.042 0.008
0 0.697 0.88 0.046 0.044
0 0.752 0.881 0.064 0.038
0 0.806 0.464 0.04 0.036
0 0.877 0.558 0.034 0.024
0 0.717 0.007 0.026 0.014
1 0.315 0.125 0.03 0.026
1 0.367 0.033 0.026 0.034
1 0.404 0.047 0.024 0.03
1 0.096 0.36 0.02 0.024
1 0.125 0.405 0.022 0.022
1 0.171 0.475 0.022 0.026
1 0.533 0.745 0.018 0.022
1 0.536 0.719 0.024 0.03
1 0.748 0.729 0.02 0.022
1 0.773 0.407 0.026 0.022
1 0.837 0.422 0.022 0.02
1 0.886 0.291 0.028 0.03
1 0.497 0.463 0.022 0.022
1 0.434 0.315 0.024 0.034
1 0.822 0.292 0.04 0.024
1 0.352 0.486 0.024 0.024
1 0.017 0.454 0.026 0.02
1 0.339 0.901 0.022 0.022
1 0.37 0.85 0.028 0.02
1 0.53 0.103 0.04 0.026
1 0.16 0.095 0.028 0.018
1 0.341 0.535 0.014 0.026
1 0.807 0.841 0.022 0.026
1 0.369 0.883 0.038 0.026
1 0.16 0.786 0.016 0.028
1 0.129 0.675 0.026 0.018
1 0.613 0.339 0.03 0.022
1 0.595 0.199 0.034 0.042
1 0.762 0.067 0.028 0.026
1 0.924 0.164 0.016 0.028
1 0.909 0.163 0.018 0.03
1 0.971 0.145 0.03 0.03
1 0.932 0.976 0.02 0.02
1 0.245 0.804 0.026 0.024
1 0.301 0.709 0.022 0.03
1 0.541 0.65 0.03 0.028
1 0.67 0.732 0.04 0.028
1 0.974 0.96 0.02 0.02
1 0.626 0.892 0.028 0.02
1 0.554 0.865 0.028 0.018
1 0.337 0.401 0.022 0.026
1 0.206 0.523 0.02 0.022
1 0.225 0.437 0.022 0.03
1 0.414 0.921 0.024 0.022
1 0.186 0.692 0.028 0.032
1 0.23 0.534 0.02 0.028
1 0.175 0.677 0.034 0.038
1 0.514 0.476 0.02 0.024
1 0.81 0.425 0.036 0.038
1 0.837 0.477 0.022 0.05
1 0.927 0.693 0.038 0.022
1 0.977 0.447 0.03 0.022
1 0.974 0.371 0.02 0.03
1 0.74 0.009 0.012 0.018
1 0.761 0.004 0.014 0.008
1 0.667 0.752 0.038 0.024
1 0.992 0.503 0.012 0.018
2 0.118 0.223 0.032 0.042
2 0.091 0.323 0.026 0.026
2 0.982 0.213 0.028 0.034
2 0.331 0.193 0.034 0.042
2 0.502 0.2 0.02 0.024
2 0.441 0.698 0.038 0.036
2 0.409 0.752 0.022 0.028
2 0.304 0.965 0.036 0.034
2 0.708 0.923 0.036 0.03
2 0.599 0.257 0.018 0.05
2 0.417 0.847 0.018 0.018
2 0.39 0.796 0.02 0.012
2 0.138 0.968 0.02 0.02
2 0.122 0.027 0.02 0.018
2 0.24 0.176 0.024 0.032
2 0.548 0.284 0.064 0.028
2 0.283 0.006 0.014 0.012
2 0.317 0.033 0.022 0.034
2 0.371 0.694 0.03 0.028
2 0.776 0.717 0.02 0.026
2 0.825 0.776 0.022 0.016
2 0.868 0.691 0.02 0.014
2 0.946 0.77 0.012 0.012
2 0.92 0.815 0.024 0.018
2 0.974 0.855 0.036 0.018
2 0.852 0.766 0.02 0.028
2 0.365 0.263 0.022 0.034
2 0.388 0.403 0.024 0.018
2 0.426 0.387 0.016 0.018
2 0.073 0.613 0.03 0.042
2 0.178 0.556 0.02 0.028
2 0.427 0.528 0.022 0.02
2 0.468 0.493 0.02 0.014
2 0.477 0.567 0.022 0.022
2 0.518 0.595 0.016 0.018
2 0.465 0.619 0.026 0.014
2 0.479 0.592 0.026 0.024
2 0.602 0.643 0.028 0.03
2 0.436 0.641 0.04 0.034
2 0.494 0.95 0.036 0.024
2 0.287 0.335 0.026 0.034
2 0.253 0.321 0.038 0.038
2 0.06 0.985 0.02 0.026
2 0.105 0.995 0.018 0.006
2 0.245 0.888 0.03 0.02
2 0.228 0.944 0.024 0.02
2 0.632 0.793 0.04 0.026
2 0.871 0.75 0.026 0.032
2 0.727 0.694 0.038 0.036
2 0.815 0.109 0.022 0.018
2 0.667 0.976 0.026 0.024
2 0.731 0.972 0.03 0.024
2 0.604 0.465 0.02 0.026
2 0.555 0.475 0.042 0.03
2 0.666 0.137 0.048 0.042