0 0.987 0.039 0.022 0.05
0 0.93 0.053 0.032 0.054
0 0.989 0.119 0.018 0.054
0 0.886 0.147 0.032 0.062
0 0.815 0.164 0.038 0.052
0 0.767 0.01 0.046 0.02
0 0.667 0.034 0.046 0.048
0 0.626 0.018 0.048 0.036
0 0.96 0.305 0.04 0.046
0 0.874 0.264 0.032 0.052
0 0.919 0.328 0.022 0.032
0 0.746 0.156 0.044 0.044
0 0.791 0.233 0.046 0.042
0 0.829 0.397 0.046 0.034
0 0.75 0.329 0.044 0.038
0 0.965 0.591 0.046 0.026
0 0.945 0.563 0.042 0.034
0 0.988 0.644 0.02 0.024
0 0.976 0.992 0.048 0.012
0 0.969 0.968 0.058 0.032
0 0.83 0.971 0.056 0.038
0 0.875 0.936 0.054 0.028
0 0.796 0.92 0.048 0.044
0 0.95 0.879 0.048 0.046
0 0.953 0.833 0.042 0.038
0 0.93 0.745 0.06 0.042
0 0.869 0.742 0.046 0.04
0 0.839 0.768 0.05 0.04
0 0.899 0.83 0.022 0.04
0 0.827 0.822 0.022 0.024
0 0.096 0.963 0.044 0.058
0 0.024 0.944 0.024 0.04
0 0.105 0.895 0.042 0.038
0 0.143 0.931 0.058 0.018
0 0.208 0.976 0.036 0.04
0 0.166 0.996 0.048 0.004
0 0.248 0.971 0.044 0.026
0 0.263 0.938 0.05 0.044
0 0.294 0.889 0.032 0.038
0 0.36 0.929 0.044 0.042
0 0.423 0.985 0.07 0.026
0 0.518 0.922 0.04 0.04
0 0.635 0.944 0.026 0.04
0 0.06 0.826 0.028 0.04
0 0.018 0.78 0.032 0.028
0 0.065 0.78 0.022 0.024
0 0.089 0.794 0.034 0.056
0 0.031 0.716 0.034 0.048
0 0.157 0.74 0.034 0.036
0 0.191 0.828 0.03 0.06
0 0.219 0.787 0.054 0.038
0 0.35 0.841 0.036 0.046
0 0.32 0.812 0.028 0.036
0 0.737 0.798 0.046 0.044
0 0.626 0.812 0.032 0.04
0 0.532 0.815 0.04 0.046
0 0.258 0.772 0.028 0.028
0 0.217 0.756 0.03 0.024
0 0.296 0.753 0.024 0.034
0 0.276 0.724 0.048 0.044
0 0.246 0.689 0.04 0.038
0 0.22 0.672 0.048 0.052
0 0.399 0.746 0.03 0.032
0 0.379 0.715 0.034 0.042
0 0.558 0.759 0.044 0.042
0 0.664 0.766 0.04 0.032
0 0.67 0.73 0.036 0.04
0 0.64 0.696 0.036 0.044
0 0.795 0.723 0.038 0.058
0 0.764 0.721 0.012 0.034
0 0.878 0.612 0.048 0.048
0 0.76 0.576 0.04 0.04
0 0.78 0.536 0.052 0.044
0 0.674 0.585 0.036 0.03
0 0.68 0.625 0.052 0.03
0 0.757 0.459 0.054 0.046
0 0.472 0.697 0.04 0.054
0 0.402 0.625 0.036 0.054
0 0.351 0.603 0.018 0.034
0 0.432 0.575 0.032 0.038
0 0.368 0.533 0.052 0.042
0 0.546 0.551 0.048 0.046
0 0.594 0.439 0.044 0.05
0 0.621 0.357 0.042 0.046
0 0.651 0.284 0.034 0.036
0 0.64 0.247 0.04 0.042
0 0.634 0.21 0.024 0.028
0 0.615 0.233 0.018 0.026
0 0.582 0.231 0.04 0.05
0 0.553 0.21 0.026 0.02
0 0.542 0.271 0.048 0.038
0 0.566 0.31 0.044 0.044
0 0.493 0.31 0.038 0.036
0 0.223 0.625 0.026 0.014
0 0.068 0.583 0.02 0.014
0 0.055 0.488 0.018 0.024
0 0.176 0.536 0.024 0.028
0 0.162 0.48 0.028 0.056
0 0.173 0.434 0.03 0.04
0 0.232 0.477 0.04 0.038
0 0.223 0.448 0.022 0.04
0 0.251 0.427 0.038 0.042
0 0.331 0.485 0.034 0.05
0 0.283 0.378 0.038 0.048
0 0.396 0.392 0.044 0.036
0 0.492 0.485 0.036 0.042
0 0.451 0.401 0.034 0.034
0 0.437 0.377 0.046 0.042
0 0.222 0.336 0.04 0.048
0 0.245 0.375 0.022 0.03
0 0.213 0.278 0.042 0.048
0 0.249 0.27 0.022 0.024
0 0.489 0.194 0.034 0.032
0 0.458 0.201 0.028 0.03
0 0.441 0.19 0.042 0.028
0 0.401 0.147 0.038 0.03
0 0.146 0.112 0.028 0.048
0 0.292 0.216 0.044 0.036
0 0.338 0.254 0.032 0.04
0 0.366 0.233 0.028 0.042
0 0.405 0.252 0.03 0.044
0 0.39 0.189 0.048 0.034
1 0.984 0.186 0.024 0.02
1 0.942 0.168 0.024 0.024
1 0.988 0.397 0.02 0.042
1 0.963 0.394 0.01 0.02
1 0.899 0.259 0.014 0.03
1 0.743 0.201 0.022 0.014
1 0.743 0.221 0.01 0.006
1 0.804 0.275 0.016 0.01
1 0.847 0.314 0.018 0.012
1 0.831 0.349 0.014 0.014
1 0.848 0.81 0.02 0.016
1 0.07 0.9 0.024 0.016
1 0.049 0.916 0.018 0.016
1 0.652 0.962 0.02 0.028
1 0.626 0.966 0.028 0.016
1 0.604 0.93 0.016 0.02
1 0.594 0.064 0.028 0.032
1 0.709 0.929 0.01 0.018
1 0.681 0.94 0.014 0.016
1 0.674 0.963 0.012 0.018
1 0.597 0.995 0.022 0.006
1 0.006 0.667 0.008 0.042
1 0.452 0.818 0.02 0.028
1 0.449 0.775 0.018 0.01
1 0.431 0.815 0.018 0.01
1 0.354 0.732 0.016 0.02
1 0.595 0.72 0.018 0.02
1 0.909 0.606 0.018 0.024
1 0.717 0.588 0.022 0.02
1 0.473 0.637 0.034 0.022
1 0.447 0.52 0.018 0.036
1 0.409 0.484 0.014 0.016
1 0.63 0.488 0.024 0.016
1 0.632 0.503 0.028 0.014
1 0.605 0.5 0.026 0.016
1 0.201 0.622 0.01 0.016
1 0.209 0.59 0.038 0.012
1 0.157 0.616 0.018 0.008
1 0.123 0.597 0.026 0.014
1 0.082 0.58 0.016 0.032
1 0.019 0.567 0.022 0.01
1 0.123 0.495 0.014 0.034
1 0.149 0.521 0.018 0.026
1 0.49 0.433 0.024 0.014
1 0.468 0.422 0.02 0.012
1 0.046 0.396 0.02 0.02
1 0.062 0.384 0.02 0.02
1 0.113 0.338 0.03 0.044
1 0.163 0.334 0.01 0.016
1 0.152 0.334 0.012 0.02
1 0.122 0.298 0.02 0.032
1 0.346 0.353 0.032 0.018
1 0.194 0.236 0.02 0.024
1 0.54 0.151 0.008 0.018
1 0.526 0.134 0.02 0.02
1 0.389 0.078 0.022 0.024
1 0.291 0.043 0.018 0.038
1 0.2 0.005 0.028 0.01
1 0.004 0.01 0.004 0.02
1 0.064 0.035 0.016 0.014
1 0.049 0.032 0.018 0.012
1 0.05 0.101 0.028 0.034
1 0.221 0.151 0.014 0.03
1 0.055 0.181 0.018 0.03
1 0.11 0.26 0.012 0.024
1 0.132 0.244 0.012 0.008
1 0.004 0.32 0.004 0.024
2 0.839 0.143 0.014 0.042
2 0.903 0.219 0.03 0.03
2 0.913 0.529 0.042 0.042
2 0.983 0.662 0.018 0.02
2 0.996 0.683 0.004 0.022
2 0.864 0.858 0.012 0.016
2 0.48 0.961 0.04 0.03
2 0.586 0.115 0.024 0.038
2 0.552 0.086 0.036 0.032
2 0.696 0.911 0.04 0.022
2 0.117 0.831 0.014 0.034
2 0.048 0.858 0.008 0.016
2 0.673 0.837 0.018 0.03
2 0.653 0.829 0.026 0.018
2 0.603 0.39 0.03 0.036
2 0.478 0.125 0.02 0.03
2 0.46 0.115 0.02 0.026
2 0.392 0.319 0.016 0.018
2 0.239 0.247 0.014 0.018
2 0.249 0.235 0.01 0.01
2 0.268 0.232 0.008 0.008
2 0.481 0.806 0.01 0.028
2 0.497 0.896 0.01 0.02
2 0.327 0.922 0.022 0.012
2 0.179 0.911 0.014 0.026
2 0.24 0.94 0.012 0.016
2 0.507 0.267 0.014 0.018
2 0.538 0.305 0.016 0.018
2 0.471 0.465 0.022 0.022
2 0.241 0.586 0.018 0.012
2 0.066 0.419 0.012 0.01