0 0.019 0.105 0.038 0.034
0 0.047 0.117 0.038 0.038
0 0.15 0.041 0.032 0.05
0 0.205 0.036 0.038 0.048
0 0.365 0.018 0.046 0.036
0 0.292 0.078 0.032 0.032
0 0.356 0.081 0.02 0.038
0 0.141 0.107 0.05 0.038
0 0.18 0.09 0.028 0.028
0 0.054 0.171 0.04 0.038
0 0.032 0.269 0.036 0.042
0 0.059 0.204 0.022 0.028
0 0.094 0.207 0.036 0.03
0 0.192 0.116 0.036 0.028
0 0.173 0.202 0.046 0.04
0 0.014 0.343 0.028 0.042
0 0.02 0.324 0.02 0.016
0 0.008 0.458 0.016 0.044
0 0.07 0.49 0.036 0.04
0 0.047 0.409 0.046 0.038
0 0.081 0.426 0.038 0.036
0 0.08 0.379 0.04 0.034
0 0.125 0.377 0.034 0.034
0 0.102 0.289 0.032 0.022
0 0.153 0.276 0.05 0.06
0 0.201 0.259 0.03 0.038
0 0.274 0.24 0.04 0.036
0 0.264 0.165 0.032 0.034
0 0.019 0.982 0.038 0.032
0 0.062 0.995 0.028 0.006
0 0.204 0.984 0.02 0.02
0 0.169 0.948 0.022 0.016
0 0.143 0.934 0.034 0.032
0 0.158 0.907 0.032 0.022
0 0.26 0.943 0.052 0.042
0 0.433 0.971 0.054 0.054
0 0.619 0.991 0.054 0.014
0 0.65 0.983 0.04 0.026
0 0.663 0.957 0.03 0.022
0 0.778 0.994 0.028 0.008
0 0.767 0.938 0.042 0.036
0 0.694 0.924 0.044 0.048
0 0.987 0.977 0.022 0.038
0 0.935 0.985 0.07 0.026
0 0.904 0.977 0.052 0.034
0 0.894 0.948 0.056 0.04
0 0.946 0.901 0.04 0.05
0 0.883 0.916 0.034 0.028
0 0.911 0.875 0.05 0.034
0 0.884 0.858 0.052 0.032
0 0.854 0.817 0.072 0.042
0 0.817 0.775 0.042 0.042
0 0.992 0.774 0.012 0.036
0 0.974 0.779 0.02 0.034
0 0.987 0.73 0.022 0.028
0 0.995 0.698 0.006 0.028
0 0.884 0.731 0.04 0.034
0 0.909 0.692 0.03 0.032
0 0.785 0.707 0.022 0.034
0 0.726 0.755 0.032 0.026
0 0.666 0.877 0.044 0.038
0 0.641 0.841 0.054 0.046
0 0.554 0.896 0.048 0.044
0 0.535 0.871 0.03 0.026
0 0.462 0.868 0.04 0.028
0 0.473 0.846 0.03 0.016
0 0.42 0.86 0.044 0.028
0 0.317 0.88 0.046 0.028
0 0.304 0.833 0.04 0.038
0 0.183 0.85 0.054 0.024
0 0.149 0.804 0.038 0.028
0 0.034 0.795 0.048 0.038
0 0.014 0.766 0.028 0.032
0 0.01 0.737 0.02 0.034
0 0.048 0.67 0.04 0.032
0 0.031 0.624 0.026 0.028
0 0.084 0.589 0.02 0.018
0 0.106 0.561 0.044 0.038
0 0.18 0.756 0.056 0.028
0 0.149 0.74 0.05 0.04
0 0.188 0.711 0.044 0.026
0 0.149 0.64 0.038 0.036
0 0.169 0.657 0.022 0.018
0 0.229 0.625 0.046 0.034
0 0.275 0.711 0.046 0.034
0 0.294 0.768 0.052 0.036
0 0.571 0.819 0.046 0.034
0 0.611 0.799 0.018 0.018
0 0.446 0.811 0.04 0.034
0 0.406 0.811 0.04 0.034
0 0.437 0.744 0.042 0.032
0 0.565 0.762 0.038 0.036
0 0.55 0.738 0.032 0.024
0 0.988 0.602 0.02 0.04
0 0.951 0.608 0.038 0.032
0 0.975 0.538 0.038 0.04
0 0.978 0.505 0.028 0.018
0 0.997 0.485 0.002 0.018
0 0.898 0.549 0.044 0.046
0 0.892 0.519 0.04 0.038
0 0.875 0.478 0.058 0.056
0 0.754 0.653 0.068 0.034
0 0.724 0.635 0.048 0.03
0 0.667 0.676 0.046 0.032
0 0.641 0.7 0.038 0.028
0 0.609 0.685 0.038 0.03
0 0.576 0.628 0.04 0.028
0 0.706 0.595 0.028 0.022
0 0.712 0.555 0.036 0.03
0 0.745 0.544 0.042 0.036
0 0.832 0.55 0.02 0.028
0 0.782 0.518 0.044 0.04
0 0.789 0.464 0.03 0.024
0 0.731 0.479 0.03 0.022
0 0.707 0.464 0.018 0.024
0 0.676 0.462 0.04 0.036
0 0.614 0.479 0.032 0.038
0 0.546 0.527 0.036 0.034
0 0.521 0.481 0.058 0.034
0 0.479 0.492 0.022 0.024
0 0.443 0.494 0.034 0.024
0 0.537 0.447 0.042 0.03
0 0.558 0.423 0.044 0.03
0 0.354 0.644 0.048 0.028
0 0.301 0.634 0.038 0.028
0 0.416 0.608 0.032 0.028
0 0.415 0.588 0.042 0.028
0 0.405 0.557 0.042 0.038
0 0.237 0.57 0.038 0.028
0 0.224 0.516 0.032 0.044
0 0.187 0.535 0.034 0.038
0 0.17 0.511 0.04 0.038
0 0.2 0.462 0.036 0.028
0 0.184 0.441 0.036 0.034
0 0.268 0.431 0.032 0.042
0 0.371 0.472 0.062 0.052
0 0.392 0.43 0.044 0.032
0 0.211 0.332 0.042 0.048
0 0.255 0.33 0.03 0.032
0 0.982 0.408 0.032 0.036
0 0.991 0.338 0.014 0.036
0 0.969 0.3 0.038 0.028
0 0.89 0.352 0.044 0.036
0 0.793 0.359 0.022 0.03
0 0.755 0.361 0.026 0.026
0 0.811 0.293 0.046 0.038
0 0.867 0.297 0.038 0.034
0 0.476 0.395 0.036 0.038
0 0.453 0.373 0.034 0.034
0 0.534 0.363 0.04 0.026
0 0.456 0.334 0.04 0.032
0 0.429 0.312 0.046 0.032
0 0.388 0.306 0.036 0.02
0 0.312 0.203 0.032 0.042
0 0.314 0.175 0.024 0.026
0 0.351 0.172 0.042 0.032
0 0.455 0.085 0.042 0.03
0 0.452 0.112 0.036 0.028
0 0.479 0.19 0.05 0.044
0 0.451 0.142 0.066 0.032
0 0.507 0.25 0.046 0.04
0 0.5 0.285 0.02 0.026
0 0.55 0.29 0.036 0.04
0 0.607 0.273 0.034 0.034
0 0.691 0.247 0.05 0.05
0 0.725 0.276 0.042 0.04
0 0.768 0.263 0.032 0.034
0 0.798 0.253 0.04 0.038
0 0.856 0.236 0.032 0.036
0 0.838 0.206 0.04 0.044
0 0.996 0.227 0.004 0.026
0 0.932 0.203 0.04 0.034
0 0.898 0.133 0.048 0.038
0 0.98 0.096 0.036 0.032
0 0.974 0.053 0.024 0.022
0 0.869 0.024 0.026 0.02
0 0.709 0.05 0.038 0.048
0 0.673 0.053 0.034 0.038
0 0.554 0.076 0.06 0.048
0 0.602 0.12 0.04 0.032
0 0.714 0.101 0.036 0.05
0 0.756 0.1 0.036 0.032
0 0.783 0.108 0.034 0.024
0 0.746 0.129 0.02 0.026
0 0.728 0.173 0.032 0.038
0 0.761 0.163 0.034 0.034
0 0.782 0.189 0.036 0.022
0 0.795 0.17 0.042 0.036
1 0.005 0.253 0.01 0.026
1 0.052 0.199 0.016 0.018
1 0.061 0.458 0.022 0.024
1 0.04 0.551 0.012 0.014
1 0.096 0.303 0.024 0.026
1 0.002 0.942 0.004 0.028
1 0.186 0.912 0.024 0.02
1 0.632 0.946 0.036 0.036
1 0.738 0.919 0.012 0.014
1 0.732 0.932 0.036 0.012
1 0.931 0.942 0.022 0.024
1 0.925 0.843 0.014 0.018
1 0.882 0.779 0.012 0.014
1 0.749 0.703 0.018 0.018
1 0.697 0.872 0.022 0.008
1 0.233 0.836 0.022 0.02
1 0.114 0.696 0.024 0.024
1 0.233 0.692 0.026 0.032
1 0.308 0.796 0.04 0.028
1 0.622 0.78 0.012 0.012
1 0.385 0.745 0.026 0.03
1 0.902 0.599 0.032 0.034
1 0.572 0.592 0.024 0.016
1 0.536 0.594 0.016 0.024
1 0.768 0.566 0.012 0.012
1 0.561 0.488 0.026 0.024
1 0.561 0.533 0.03 0.022
1 0.406 0.674 0.02 0.02
1 0.33 0.516 0.028 0.016
1 0.312 0.481 0.012 0.046
1 0.262 0.385 0.036 0.018
1 0.284 0.335 0.028 0.034
1 0.919 0.421 0.034 0.022
1 0.776 0.313 0.028 0.03
1 0.446 0.404 0.024 0.016
1 0.3 0.27 0.024 0.028
1 0.328 0.285 0.02 0.03
1 0.389 0.147 0.022 0.046
1 0.902 0.155 0.024 0.026
1 0.915 0.1 0.022 0.02
1 0.948 0.122 0.032 0.016
1 0.958 0.082 0.012 0.012
1 0.793 0.024 0.018 0.04
1 0.641 0.072 0.022 0.028
1 0.573 0.117 0.022 0.03
2 0.113 0.05 0.03 0.036
2 0.092 0.04 0.016 0.024
2 0.33 0.03 0.024 0.04
2 0.19 0.966 0.016 0.016
2 0.052 0.886 0.032 0.024
2 0.902 0.914 0.016 0.024
2 0.845 0.888 0.022 0.02
2 0.907 0.835 0.026 0.018
2 0.948 0.746 0.032 0.032
2 0.817 0.719 0.034 0.034
2 0.388 0.854 0.024 0.016
2 0.086 0.671 0.028 0.022
2 0.171 0.604 0.042 0.028
2 0.421 0.483 0.026 0.022
2 0.842 0.574 0.048 0.016
2 0.336 0.705 0.024 0.018
2 0.822 0.368 0.032 0.024
2 0.772 0.341 0.012 0.014
2 0.431 0.375 0.01 0.01
2 0.419 0.348 0.022 0.02
2 0.384 0.328 0.02 0.012
2 0.32 0.281 0.02 0.022
2 0.539 0.043 0.022 0.03
2 0.598 0.024 0.02 0.024