0 0.059 0.346 0.038 0.044
0 0.018 0.021 0.036 0.042
0 0.123 0.028 0.05 0.056
0 0.083 0.093 0.058 0.074
0 0.05 0.087 0.028 0.046
0 0.071 0.184 0.038 0.044
0 0.003 0.155 0.006 0.026
0 0.032 0.28 0.024 0.04
0 0.082 0.306 0.032 0.048
0 0.011 0.471 0.022 0.042
0 0.115 0.394 0.046 0.048
0 0.066 0.442 0.04 0.056
0 0.122 0.144 0.052 0.04
0 0.171 0.149 0.018 0.022
0 0.207 0.096 0.046 0.064
0 0.178 0.453 0.052 0.07
0 0.232 0.478 0.056 0.056
0 0.018 0.573 0.036 0.042
0 0.098 0.587 0.036 0.038
0 0.052 0.674 0.052 0.064
0 0.195 0.699 0.054 0.066
0 0.166 0.772 0.076 0.072
0 0.097 0.803 0.038 0.066
0 0.048 0.752 0.044 0.06
0 0.053 0.864 0.042 0.076
0 0.219 0.393 0.042 0.074
0 0.211 0.343 0.042 0.03
0 0.279 0.482 0.026 0.048
0 0.305 0.335 0.034 0.05
0 0.329 0.308 0.038 0.064
0 0.292 0.158 0.056 0.036
0 0.25 0.02 0.036 0.04
0 0.015 0.854 0.03 0.06
0 0.007 0.972 0.014 0.036
0 0.071 0.986 0.034 0.024
0 0.156 0.982 0.044 0.032
0 0.125 0.961 0.05 0.046
0 0.149 0.932 0.042 0.032
0 0.161 0.907 0.034 0.022
0 0.102 0.919 0.036 0.042
0 0.233 0.828 0.034 0.06
0 0.203 0.818 0.03 0.036
0 0.232 0.91 0.04 0.056
0 0.221 0.941 0.042 0.046
0 0.284 0.909 0.052 0.05
0 0.248 0.978 0.036 0.028
0 0.308 0.967 0.04 0.042
0 0.313 0.894 0.034 0.044
0 0.29 0.785 0.044 0.066
0 0.452 0.905 0.044 0.054
0 0.406 0.889 0.064 0.038
0 0.408 0.853 0.06 0.066
0 0.346 0.726 0.048 0.048
0 0.33 0.661 0.052 0.07
0 0.319 0.549 0.038 0.03
0 0.321 0.572 0.042 0.032
0 0.34 0.583 0.024 0.03
0 0.333 0.503 0.038 0.026
0 0.329 0.467 0.038 0.034
0 0.392 0.453 0.044 0.058
0 0.406 0.468 0.04 0.032
0 0.402 0.402 0.036 0.032
0 0.435 0.352 0.054 0.072
0 0.427 0.29 0.05 0.04
0 0.344 0.125 0.048 0.062
0 0.385 0.022 0.05 0.044
0 0.436 0.073 0.032 0.058
0 0.396 0.107 0.04 0.066
0 0.436 0.019 0.044 0.038
0 0.482 0.083 0.036 0.066
0 0.616 0.056 0.036 0.048
0 0.666 0.055 0.056 0.078
0 0.703 0.025 0.046 0.038
0 0.504 0.197 0.04 0.038
0 0.486 0.231 0.056 0.046
0 0.549 0.27 0.058 0.056
0 0.414 0.555 0.032 0.034
0 0.405 0.538 0.022 0.028
0 0.504 0.463 0.032 0.05
0 0.419 0.593 0.042 0.046
0 0.388 0.655 0.036 0.03
0 0.424 0.707 0.048 0.086
0 0.547 0.597 0.038 0.05
0 0.477 0.551 0.03 0.046
0 0.515 0.556 0.038 0.04
0 0.591 0.565 0.054 0.078
0 0.512 0.881 0.032 0.038
0 0.561 0.858 0.054 0.052
0 0.494 0.96 0.036 0.044
0 0.546 0.968 0.04 0.06
0 0.622 0.992 0.04 0.012
0 0.526 0.776 0.052 0.08
0 0.607 0.694 0.058 0.064
0 0.594 0.652 0.04 0.04
0 0.636 0.883 0.044 0.078
0 0.561 0.448 0.03 0.048
0 0.618 0.469 0.052 0.074
0 0.641 0.467 0.038 0.086
0 0.633 0.521 0.034 0.022
0 0.714 0.592 0.052 0.06
0 0.671 0.657 0.046 0.05
0 0.671 0.695 0.038 0.038
0 0.734 0.696 0.044 0.068
0 0.708 0.817 0.06 0.066
0 0.754 0.838 0.052 0.052
0 0.765 0.801 0.042 0.05
0 0.733 0.928 0.042 0.04
0 0.769 0.976 0.054 0.044
0 0.757 0.951 0.034 0.022
0 0.81 0.897 0.032 0.054
0 0.877 0.914 0.062 0.056
0 0.859 0.939 0.05 0.042
0 0.827 0.959 0.03 0.038
0 0.94 0.966 0.056 0.064
0 0.985 0.914 0.026 0.048
0 0.891 0.864 0.058 0.048
0 0.884 0.821 0.056 0.058
0 0.84 0.8 0.032 0.04
0 0.79 0.765 0.044 0.066
0 0.509 0.396 0.022 0.04
0 0.546 0.327 0.048 0.042
0 0.543 0.348 0.046 0.032
0 0.584 0.36 0.044 0.044
0 0.796 0.646 0.04 0.044
0 0.785 0.573 0.046 0.046
0 0.786 0.486 0.072 0.088
0 0.99 0.98 0.016 0.036
0 0.953 0.841 0.026 0.026
0 0.946 0.871 0.032 0.038
0 0.889 0.772 0.046 0.04
0 0.976 0.793 0.044 0.062
0 0.987 0.837 0.022 0.03
0 0.955 0.772 0.038 0.032
0 0.909 0.742 0.038 0.04
0 0.955 0.742 0.042 0.036
0 0.892 0.721 0.04 0.058
0 0.868 0.649 0.06 0.058
0 0.913 0.683 0.038 0.05
0 0.921 0.663 0.014 0.034
0 0.944 0.639 0.036 0.042
0 0.904 0.622 0.024 0.032
0 0.857 0.554 0.042 0.036
0 0.937 0.587 0.026 0.046
0 0.988 0.638 0.02 0.06
0 0.854 0.518 0.04 0.032
0 0.858 0.443 0.036 0.062
0 0.947 0.497 0.042 0.042
0 0.995 0.521 0.006 0.022
0 0.986 0.418 0.024 0.048
0 0.837 0.383 0.046 0.046
0 0.723 0.369 0.038 0.066
0 0.691 0.374 0.014 0.016
0 0.643 0.314 0.042 0.052
0 0.669 0.302 0.022 0.028
0 0.82 0.291 0.036 0.03
0 0.77 0.298 0.016 0.048
0 0.765 0.247 0.05 0.058
0 0.721 0.23 0.038 0.068
0 0.924 0.258 0.044 0.032
0 0.934 0.234 0.032 0.04
0 0.871 0.24 0.026 0.024
0 0.639 0.243 0.042 0.054
0 0.676 0.151 0.048 0.05
0 0.807 0.185 0.034 0.026
0 0.843 0.155 0.038 0.054
0 0.799 0.158 0.03 0.028
0 0.879 0.125 0.042 0.062
0 0.821 0.12 0.026 0.032
0 0.794 0.123 0.032 0.038
0 0.965 0.2 0.046 0.064
0 0.963 0.129 0.054 0.074
0 0.808 0.062 0.072 0.084
0 0.949 0.045 0.046 0.07
0 0.872 0.04 0.048 0.076
0 0.853 0.059 0.03 0.054
0 0.834 0.012 0.048 0.024
0 0.992 0.22 0.012 0.056
0 0.065 0.591 0.046 0.054
0 0.231 0.673 0.038 0.026
0 0.229 0.161 0.046 0.05
0 0.379 0.342 0.046 0.048
0 0.286 0.046 0.04 0.028
0 0.302 0.843 0.028 0.026
0 0.367 0.596 0.03 0.048
0 0.341 0.433 0.034 0.034
0 0.364 0.406 0.036 0.06
0 0.54 0.925 0.044 0.074
0 0.544 0.735 0.048 0.07
0 0.839 0.334 0.066 0.072
1 0.047 0.132 0.014 0.02
1 0.041 0.144 0.014 0.016
1 0.004 0.184 0.008 0.02
1 0.013 0.228 0.026 0.02
1 0.053 0.413 0.018 0.014
1 0.129 0.492 0.022 0.024
1 0.01 0.518 0.02 0.024
1 0.039 0.436 0.018 0.028
1 0.119 0.648 0.03 0.028
1 0.201 0.589 0.03 0.026
1 0.22 0.748 0.024 0.028
1 0.005 0.722 0.01 0.044
1 0.012 0.727 0.016 0.03
1 0.201 0.147 0.018 0.022
1 0.198 0.167 0.024 0.026
1 0.384 0.367 0.024 0.018
1 0.498 0.162 0.024 0.024
1 0.558 0.034 0.032 0.024
1 0.712 0.039 0.024 0.018
1 0.443 0.684 0.022 0.024
1 0.75 0.721 0.036 0.022
1 0.651 0.613 0.03 0.038
1 0.796 0.92 0.02 0.04
1 0.904 0.944 0.024 0.032
1 0.994 0.81 0.008 0.048
1 0.988 0.59 0.02 0.02
1 0.961 0.532 0.022 0.024
1 0.711 0.391 0.014 0.014
1 0.687 0.391 0.026 0.026
1 0.649 0.352 0.014 0.024
1 0.864 0.203 0.024 0.022
1 0.844 0.212 0.024 0.024
1 0.684 0.216 0.024 0.044
1 0.628 0.216 0.02 0.032
1 0.95 0.006 0.036 0.012
1 0.984 0.015 0.02 0.03
1 0.354 0.995 0.032 0.006
1 0.14 0.513 0.032 0.026
1 0.142 0.54 0.032 0.024
1 0.198 0.567 0.032 0.038
1 0.277 0.238 0.026 0.024
1 0.345 0.228 0.03 0.032
1 0.421 0.192 0.034 0.02
1 0.431 0.243 0.022 0.022
1 0.112 0.894 0.04 0.024
1 0.38 0.55 0.032 0.028
1 0.474 0.12 0.032 0.024
1 0.397 0.648 0.042 0.028
1 0.503 0.622 0.034 0.032
1 0.479 0.817 0.03 0.03
2 0.356 0.769 0.056 0.034
2 0.977 0.167 0.026 0.018
2 0.946 0.158 0.024 0.024
2 0.212 0.503 0.04 0.034
2 0.052 0.637 0.032 0.03
2 0.166 0.661 0.036 0.046
2 0.186 0.551 0.024 0.034
2 0.239 0.735 0.026 0.022
2 0.073 0.759 0.026 0.03
2 0.095 0.836 0.03 0.02
2 0.058 0.39 0.016 0.016
2 0.123 0.345 0.034 0.05
2 0.189 0.422 0.034 0.028
2 0.179 0.389 0.014 0.022
2 0.193 0.066 0.022 0.016
2 0.064 0.236 0.012 0.012
2 0.028 0.949 0.028 0.026
2 0.126 0.991 0.02 0.014
2 0.15 0.834 0.032 0.048
2 0.196 0.853 0.052 0.058
2 0.227 0.791 0.018 0.014
2 0.261 0.994 0.022 0.008
2 0.387 0.817 0.03 0.03
2 0.333 0.484 0.042 0.024
2 0.384 0.307 0.024 0.042
2 0.491 0.14 0.034 0.06
2 0.514 0.154 0.016 0.016
2 0.538 0.12 0.016 0.024
2 0.482 0.023 0.016 0.014
2 0.476 0.042 0.012 0.02
2 0.56 0.003 0.016 0.006
2 0.665 0.015 0.034 0.03
2 0.5 0.003 0.044 0.006
2 0.369 0.09 0.038 0.048
2 0.274 0.071 0.024 0.018
2 0.243 0.04 0.034 0.032
2 0.07 0.028 0.028 0.056
2 0.457 0.399 0.026 0.034
2 0.483 0.492 0.038 0.028
2 0.5 0.539 0.028 0.03
2 0.481 0.518 0.034 0.024
2 0.513 0.517 0.026 0.018
2 0.587 0.735 0.046 0.034
2 0.446 0.557 0.024 0.046
2 0.792 0.817 0.012 0.014
2 0.61 0.414 0.016 0.02
2 0.592 0.399 0.02 0.03
2 0.662 0.439 0.012 0.014
2 0.671 0.558 0.018 0.016
2 0.571 0.515 0.018 0.03
2 0.533 0.519 0.022 0.014
2 0.542 0.562 0.02 0.016
2 0.953 0.663 0.018 0.014
2 0.881 0.631 0.018 0.018
2 0.83 0.61 0.044 0.024
2 0.857 0.609 0.01 0.014
2 0.895 0.56 0.034 0.056
2 0.957 0.461 0.046 0.026
2 0.907 0.467 0.034 0.05
2 0.641 0.347 0.014 0.018
2 0.761 0.427 0.018 0.038
2 0.769 0.369 0.022 0.026
2 0.726 0.144 0.028 0.028
2 0.874 0.263 0.028 0.022
2 0.725 0.292 0.034 0.02
2 0.651 0.28 0.014 0.02
2 0.675 0.233 0.018 0.026
2 0.312 0.514 0.02 0.04
2 0.387 0.494 0.022 0.016
2 0.323 0.612 0.01 0.016
2 0.039 0.806 0.022 0.036
2 0.468 0.966 0.016 0.012
2 0.66 0.933 0.02 0.034
2 0.813 0.938 0.03 0.032
2 0.684 0.839 0.032 0.03
2 0.932 0.716 0.04 0.028
2 0.856 0.782 0.016 0.016
2 0.215 0.869 0.042 0.034
2 0.781 0.704 0.03 0.06
2 0.511 0.711 0.022 0.05
2 0.432 0.653 0.028 0.018
2 0.926 0.92 0.02 0.036
2 0.982 0.868 0.024 0.044
2 0.649 0.201 0.046 0.03