0 0.281 0.606 0.062 0.036
0 0.19 0.682 0.032 0.044
0 0.113 0.604 0.038 0.04
0 0.076 0.616 0.044 0.052
0 0.076 0.513 0.044 0.046
0 0.052 0.492 0.032 0.036
0 0.016 0.49 0.032 0.06
0 0.263 0.552 0.066 0.04
0 0.451 0.439 0.05 0.046
0 0.578 0.464 0.056 0.048
0 0.667 0.47 0.054 0.052
0 0.931 0.501 0.058 0.042
0 0.908 0.562 0.044 0.04
0 0.97 0.617 0.044 0.042
0 0.908 0.663 0.048 0.058
0 0.902 0.72 0.06 0.048
0 0.834 0.671 0.04 0.03
0 0.693 0.7 0.05 0.064
0 0.588 0.809 0.048 0.046
0 0.545 0.875 0.038 0.046
0 0.496 0.961 0.04 0.03
0 0.379 0.738 0.042 0.04
0 0.524 0.451 0.044 0.034
0 0.461 0.369 0.058 0.042
0 0.426 0.349 0.04 0.042
0 0.394 0.398 0.024 0.024
0 0.271 0.46 0.054 0.056
0 0.307 0.567 0.046 0.05
0 0.462 0.642 0.052 0.048
0 0.495 0.549 0.05 0.066
0 0.736 0.819 0.064 0.046
0 0.666 0.93 0.064 0.04
0 0.819 0.96 0.034 0.052
0 0.924 0.895 0.044 0.054
0 0.984 0.921 0.028 0.062
0 0.993 0.979 0.01 0.038
0 0.724 0.991 0.044 0.014
0 0.778 0.954 0.044 0.068
0 0.85 0.839 0.04 0.038
0 0.823 0.773 0.05 0.042
0 0.543 0.722 0.062 0.056
0 0.077 0.911 0.03 0.046
0 0.141 0.939 0.054 0.05
0 0.189 0.891 0.03 0.038
0 0.586 0.575 0.048 0.046
0 0.603 0.523 0.046 0.034
0 0.744 0.586 0.06 0.052
0 0.795 0.538 0.058 0.064
0 0.829 0.495 0.034 0.042
0 0.792 0.449 0.044 0.038
0 0.531 0.262 0.038 0.04
0 0.575 0.257 0.042 0.034
0 0.622 0.271 0.048 0.038
0 0.677 0.319 0.046 0.034
0 0.739 0.341 0.058 0.054
0 0.768 0.365 0.032 0.042
0 0.91 0.376 0.052 0.052
0 0.853 0.327 0.046 0.042
0 0.956 0.317 0.04 0.038
0 0.896 0.274 0.048 0.036
0 0.634 0.22 0.04 0.036
0 0.486 0.189 0.036 0.03
0 0.578 0.13 0.056 0.064
0 0.287 0.08 0.038 0.036
0 0.394 0.051 0.052 0.038
0 0.48 0.078 0.08 0.052
0 0.424 0.13 0.032 0.052
0 0.084 0.23 0.052 0.06
0 0.156 0.247 0.076 0.046
0 0.23 0.248 0.052 0.048
0 0.084 0.09 0.044 0.06
0 0.149 0.12 0.058 0.052
0 0.202 0.113 0.052 0.062
0 0.279 0.166 0.042 0.04
0 0.294 0.173 0.052 0.078
0 0.342 0.174 0.04 0.036
0 0.431 0.265 0.058 0.046
0 0.468 0.283 0.04 0.046
0 0.714 0.242 0.064 0.04
0 0.757 0.167 0.046 0.05
0 0.845 0.108 0.042 0.036
0 0.746 0.043 0.028 0.026
0 0.788 0.041 0.024 0.034
0 0.94 0.201 0.044 0.042
0 0.038 0.625 0.064 0.042
0 0.2 0.38 0.064 0.052
0 0.207 0.332 0.05 0.06
0 0.057 0.341 0.034 0.046
0 0.122 0.298 0.048 0.04
0 0.275 0.311 0.042 0.042
0 0.304 0.321 0.028 0.042
0 0.305 0.245 0.07 0.054
0 0.672 0.169 0.044 0.042
0 0.819 0.04 0.026 0.028
0 0.446 0.011 0.092 0.018
0 0.038 0.018 0.052 0.032
0 0.081 0.043 0.046 0.034
0 0.153 0.016 0.05 0.028
0 0.192 0.481 0.036 0.062
0 0.163 0.483 0.038 0.046
0 0.267 0.417 0.042 0.042
0 0.398 0.2 0.068 0.06
0 0.458 0.114 0.02 0.024
0 0.486 0.126 0.028 0.032
0 0.535 0.568 0.038 0.04
0 0.593 0.69 0.054 0.052
0 0.528 0.652 0.044 0.036
0 0.142 0.789 0.036 0.038
0 0.049 0.839 0.054 0.05
0 0.073 0.824 0.042 0.044
0 0.28 0.675 0.052 0.062
0 0.367 0.974 0.078 0.048
0 0.663 0.857 0.062 0.07
0 0.229 0.759 0.058 0.078
0 0.586 0.373 0.036 0.038
0 0.759 0.522 0.042 0.036
0 0.734 0.499 0.04 0.038
0 0.921 0.436 0.038 0.04
0 0.972 0.383 0.028 0.038
0 0.695 0.202 0.066 0.048
0 0.362 0.199 0.032 0.034
0 0.365 0.088 0.042 0.032
0 0.857 0.035 0.042 0.026
0 0.324 0.801 0.052 0.038
0 0.352 0.82 0.04 0.028
0 0.488 0.841 0.04 0.038
0 0.727 0.655 0.05 0.03
0 0.707 0.629 0.042 0.03
0 0.693 0.647 0.03 0.026
0 0.374 0.878 0.052 0.048
0 0.37 0.851 0.04 0.046
0 0.468 0.799 0.036 0.03
0 0.44 0.802 0.028 0.032
0 0.307 0.72 0.026 0.028
0 0.044 0.74 0.028 0.028
0 0.035 0.988 0.05 0.02
0 0.21 0.917 0.048 0.042
0 0.336 0.432 0.032 0.02
0 0.349 0.539 0.03 0.03
0 0.367 0.527 0.022 0.026
0 0.37 0.505 0.036 0.018
0 0.632 0.421 0.036 0.03
0 0.596 0.384 0.056 0.04
0 0.938 0.16 0.044 0.028
0 0.989 0.085 0.018 0.034
0 0.816 0.637 0.032 0.026
0 0.791 0.645 0.038 0.03
0 0.332 0.028 0.028 0.036
0 0.591 0.222 0.042 0.036
0 0.006 0.304 0.012 0.024
0 0.006 0.185 0.012 0.026
0 0.023 0.176 0.026 0.04
0 0.05 0.175 0.04 0.034
0 0.44 0.217 0.032 0.03
0 0.408 0.323 0.024 0.018
0 0.988 0.382 0.02 0.024
0 0.88 0.234 0.052 0.056
0 0.994 0.241 0.008 0.038
0 0.988 0.186 0.02 0.052
0 0.011 0.957 0.022 0.038
0 0.089 0.455 0.034 0.022
0 0.087 0.438 0.03 0.024
0 0.078 0.341 0.024 0.046
0 0.04 0.087 0.024 0.034
0 0.497 0.66 0.042 0.036
0 0.231 0.427 0.038 0.038
0 0.86 0.423 0.032 0.038
0 0.692 0.487 0.048 0.058
0 0.124 0.778 0.02 0.02
0 0.103 0.773 0.03 0.026
0 0.157 0.728 0.038 0.024
0 0.163 0.907 0.03 0.034
0 0.156 0.978 0.028 0.028
0 0.746 0.426 0.032 0.028
0 0.922 0.767 0.024 0.018
0 0.954 0.741 0.028 0.018
0 0.946 0.758 0.016 0.016
0 0.903 0.773 0.014 0.014
1 0.309 0.857 0.018 0.026
1 0.101 0.342 0.014 0.032
1 0.126 0.337 0.02 0.034
1 0.554 0.214 0.02 0.028
1 0.649 0.283 0.022 0.018
1 0.819 0.173 0.018 0.022
1 0.833 0.187 0.022 0.022
1 0.251 0.051 0.038 0.018
1 0.474 0.05 0.04 0.016
1 0.241 0.193 0.034 0.022
1 0.243 0.28 0.03 0.024
1 0.728 0.406 0.02 0.036
1 0.811 0.24 0.034 0.024
1 0.361 0.313 0.034 0.022
1 0.387 0.529 0.026 0.05
1 0.376 0.66 0.028 0.02
1 0.697 0.609 0.022 0.01
1 0.591 0.039 0.018 0.018
1 0.552 0.545 0.02 0.022
1 0.695 0.567 0.022 0.026
1 0.987 0.53 0.018 0.024
1 0.299 0.979 0.026 0.026
1 0.12 0.988 0.028 0.02
1 0.004 0.876 0.008 0.036
1 0.224 0.46 0.016 0.016
1 0.052 0.104 0.016 0.024
1 0.108 0.025 0.024 0.026
1 0.151 0.53 0.034 0.02
1 0.225 0.594 0.022 0.02
1 0.476 0.995 0.024 0.006
1 0.435 0.973 0.03 0.026
1 0.43 0.927 0.02 0.034
1 0.481 0.928 0.022 0.024
1 0.967 0.872 0.018 0.02
1 0.798 0.836 0.036 0.024
1 0.858 0.808 0.032 0.024
1 0.815 0.021 0.038 0.026
1 0.728 0.006 0.032 0.008
1 0.135 0.75 0.034 0.016
1 0.179 0.782 0.026 0.02
1 0.194 0.792 0.02 0.02
1 0.337 0.887 0.022 0.038
1 0.419 0.854 0.018 0.024
1 0.756 0.485 0.024 0.034
1 0.456 0.349 0.016 0.018
1 0.43 0.901 0.016 0.018
1 0.585 0.944 0.01 0.008
1 0.908 0.763 0.02 0.014
2 0.21 0.058 0.02 0.032
2 0.014 0.264 0.02 0.016
2 0.342 0.279 0.004 0.006
2 0.665 0.615 0.006 0.014
2 0.417 0.576 0.014 0.012
2 0.03 0.713 0.024 0.018
2 0.22 0.688 0.008 0.02
2 0.318 0.473 0.016 0.01
2 0.374 0.45 0.012 0.016
2 0.307 0.392 0.006 0.008
2 0.051 0.277 0.01 0.01
2 0.078 0.016 0.024 0.016
2 0.123 0.423 0.038 0.022
2 0.735 0.914 0.018 0.028
2 0.856 0.886 0.024 0.02
2 0.559 0.046 0.034 0.036
2 0.843 0.013 0.014 0.006
2 0.997 0.014 0.002 0.024
2 0.669 0.124 0.006 0.02
2 0.237 0.996 0.022 0.004
2 0.755 0.977 0.018 0.014
2 0.857 0.726 0.01 0.016
2 0.471 0.745 0.026 0.026
2 0.265 0.272 0.01 0.004
2 0.408 0.863 0.012 0.014
2 0.87 0.272 0.02 0.02
2 0.972 0.187 0.012 0.014
2 0.978 0.206 0.032 0.028
2 0.64 0.188 0.012 0.012
2 0.427 0.086 0.014 0.008
2 0.399 0.016 0.01 0.008
2 0.676 0.391 0.016 0.01
2 0.48 0.486 0.008 0.008
2 0.425 0.494 0.006 0.016
2 0.184 0.516 0.008 0.012
2 0.181 0.858 0.014 0.008
2 0.061 0.724 0.01 0.004
2 0.05 0.721 0.008 0.006
2 0.105 0.124 0.01 0.024
2 0.094 0.142 0.024 0.028
2 0.551 0.102 0.01 0.012
2 0.555 0.084 0.01 0.008
2 0.625 0.889 0.014 0.026
2 0.874 0.762 0.012 0.02
2 0.882 0.779 0.028 0.026