0 0.092 0.379 0.048 0.086
0 0.083 0.503 0.046 0.074
0 0.168 0.468 0.04 0.068
0 0.262 0.483 0.052 0.074
0 0.362 0.488 0.044 0.052
0 0.514 0.466 0.048 0.06
0 0.581 0.501 0.046 0.058
0 0.684 0.496 0.068 0.084
0 0.031 0.863 0.042 0.066
0 0.158 0.904 0.044 0.064
0 0.235 0.955 0.042 0.058
0 0.163 0.828 0.042 0.072
0 0.206 0.873 0.036 0.046
0 0.258 0.847 0.044 0.054
0 0.316 0.882 0.036 0.048
0 0.305 0.914 0.07 0.076
0 0.293 0.796 0.046 0.048
0 0.137 0.678 0.046 0.068
0 0.178 0.653 0.048 0.058
0 0.078 0.647 0.044 0.058
0 0.079 0.594 0.046 0.06
0 0.061 0.739 0.034 0.066
0 0.115 0.736 0.034 0.06
0 0.226 0.694 0.036 0.056
0 0.283 0.69 0.038 0.052
0 0.398 0.982 0.056 0.032
0 0.41 0.956 0.044 0.056
0 0.4 0.91 0.044 0.04
0 0.361 0.906 0.038 0.04
0 0.369 0.964 0.038 0.036
0 0.373 0.86 0.038 0.06
0 0.353 0.847 0.03 0.058
0 0.432 0.834 0.04 0.052
0 0.504 0.89 0.044 0.072
0 0.519 0.709 0.042 0.062
0 0.481 0.659 0.046 0.07
0 0.595 0.652 0.042 0.072
0 0.648 0.665 0.04 0.066
0 0.696 0.629 0.04 0.058
0 0.706 0.583 0.052 0.054
0 0.6 0.579 0.04 0.046
0 0.526 0.586 0.04 0.064
0 0.619 0.424 0.042 0.064
0 0.699 0.415 0.05 0.078
0 0.766 0.429 0.036 0.058
0 0.349 0.626 0.042 0.052
0 0.418 0.599 0.04 0.078
0 0.285 0.589 0.038 0.058
0 0.264 0.418 0.04 0.076
0 0.306 0.397 0.032 0.058
0 0.343 0.382 0.046 0.06
0 0.73 0.693 0.04 0.05
0 0.77 0.719 0.044 0.046
0 0.877 0.777 0.046 0.05
0 0.928 0.827 0.06 0.054
0 0.855 0.653 0.05 0.062
0 0.07 0.047 0.048 0.066
0 0.119 0.119 0.05 0.07
0 0.148 0.108 0.044 0.076
0 0.168 0.089 0.04 0.058
0 0.17 0.03 0.06 0.056
0 0.233 0.105 0.046 0.058
0 0.196 0.224 0.052 0.06
0 0.212 0.199 0.04 0.058
0 0.357 0.276 0.046 0.064
0 0.345 0.175 0.046 0.074
0 0.302 0.096 0.036 0.076
0 0.022 0.659 0.04 0.066
0 0.1 0.745 0.036 0.078
0 0.012 0.75 0.024 0.052
0 0.071 0.771 0.042 0.038
0 0.016 0.593 0.032 0.094
0 0.022 0.233 0.044 0.07
0 0.046 0.22 0.044 0.056
0 0.014 0.308 0.028 0.052
0 0.052 0.392 0.048 0.052
0 0.01 0.458 0.02 0.036
0 0.009 0.378 0.018 0.068
0 0.137 0.34 0.03 0.084
0 0.121 0.267 0.038 0.074
0 0.301 0.283 0.054 0.086
0 0.026 0.094 0.04 0.06
0 0.065 0.16 0.074 0.064
0 0.007 0.12 0.014 0.044
0 0.11 0.555 0.036 0.022
0 0.121 0.55 0.038 0.044
0 0.391 0.129 0.042 0.054
0 0.42 0.214 0.052 0.06
0 0.597 0.142 0.066 0.076
0 0.624 0.214 0.032 0.06
0 0.662 0.231 0.04 0.058
0 0.742 0.275 0.048 0.082
0 0.513 0.177 0.046 0.058
0 0.451 0.45 0.05 0.052
0 0.943 0.728 0.046 0.064
0 0.981 0.773 0.034 0.05
0 0.981 0.858 0.034 0.04
0 0.982 0.83 0.032 0.036
0 0.954 0.398 0.056 0.06
0 0.911 0.372 0.046 0.064
0 0.971 0.345 0.046 0.058
0 0.766 0.5 0.048 0.052
0 0.855 0.518 0.07 0.056
0 0.604 0.079 0.048 0.054
0 0.642 0.095 0.032 0.058
0 0.539 0.104 0.046 0.068
0 0.472 0.074 0.068 0.072
0 0.574 0.327 0.044 0.054
0 0.577 0.381 0.046 0.058
0 0.707 0.095 0.054 0.074
0 0.834 0.031 0.048 0.058
0 0.357 0.04 0.046 0.064
0 0.384 0.085 0.028 0.038
0 0.374 0.03 0.036 0.044
0 0.85 0.117 0.036 0.054
0 0.652 0.715 0.028 0.038
0 0.879 0.492 0.042 0.044
0 0.984 0.529 0.028 0.062
0 0.847 0.265 0.046 0.054
0 0.831 0.393 0.07 0.106
0 0.775 0.075 0.054 0.062
0 0.804 0.169 0.056 0.074
0 0.782 0.122 0.048 0.056
0 0.389 0.421 0.046 0.038
0 0.61 0.725 0.048 0.046
0 0.833 0.852 0.042 0.048
0 0.77 0.654 0.048 0.06
0 0.878 0.324 0.04 0.048
0 0.477 0.791 0.042 0.058
0 0.42 0.533 0.04 0.042
0 0.708 0.812 0.056 0.044
0 0.788 0.852 0.08 0.084
0 0.947 0.635 0.05 0.054
0 0.614 0.264 0.04 0.036
0 0.571 0.231 0.03 0.046
0 0.56 0.199 0.052 0.038
0 0.599 0.009 0.042 0.014
0 0.94 0.086 0.044 0.04
0 0.933 0.051 0.042 0.058
0 0.909 0.168 0.05 0.088
0 0.987 0.259 0.022 0.046
0 0.915 0.098 0.018 0.028
0 0.555 0.406 0.034 0.032
0 0.979 0.48 0.034 0.032
0 0.623 0.342 0.042 0.052
0 0.381 0.249 0.034 0.054
0 0.664 0.874 0.032 0.04
0 0.961 0.678 0.038 0.048
0 0.059 0.989 0.046 0.018
1 0.23 0.522 0.024 0.028
1 0.243 0.921 0.03 0.022
1 0.293 0.854 0.022 0.04
1 0.275 0.709 0.022 0.022
1 0.319 0.664 0.034 0.028
1 0.479 0.914 0.018 0.02
1 0.464 0.948 0.04 0.04
1 0.508 0.987 0.024 0.022
1 0.256 0.764 0.032 0.02
1 0.396 0.818 0.02 0.024
1 0.64 0.539 0.016 0.034
1 0.631 0.493 0.022 0.026
1 0.389 0.503 0.014 0.034
1 0.422 0.743 0.02 0.03
1 0.307 0.578 0.022 0.048
1 0.248 0.414 0.024 0.04
1 0.051 0.818 0.026 0.028
1 0.053 0.917 0.022 0.034
1 0.064 0.433 0.024 0.026
1 0.28 0.234 0.028 0.02
1 0.185 0.304 0.022 0.028
1 0.979 0.801 0.03 0.018
1 0.509 0.099 0.018 0.026
1 0.686 0.122 0.04 0.024
1 0.42 0.022 0.016 0.04
1 0.796 0.313 0.024 0.03
1 0.667 0.357 0.022 0.026
1 0.453 0.381 0.018 0.038
1 0.413 0.251 0.022 0.034
1 0.573 0.772 0.03 0.032
1 0.559 0.737 0.03 0.034
1 0.591 0.751 0.026 0.022
1 0.668 0.803 0.024 0.03
1 0.747 0.76 0.022 0.036
1 0.798 0.62 0.032 0.02
1 0.869 0.688 0.018 0.036
1 0.409 0.511 0.022 0.03
1 0.404 0.849 0.016 0.03
1 0.589 0.91 0.026 0.04
1 0.631 0.813 0.034 0.03
1 0.64 0.88 0.028 0.048
1 0.743 0.832 0.026 0.04
1 0.717 0.857 0.022 0.046
1 0.643 0.29 0.018 0.024
1 0.729 0.196 0.026 0.044
1 0.573 0.175 0.018 0.022
1 0.399 0.444 0.018 0.028
1 0.408 0.433 0.012 0.026
1 0.134 0.467 0.024 0.022
1 0.307 0.479 0.022 0.03
1 0.382 0.344 0.024 0.02
1 0.461 0.514 0.026 0.036
1 0.823 0.479 0.03 0.03
1 0.833 0.551 0.022 0.022
1 0.423 0.139 0.018 0.022
1 0.325 0.228 0.022 0.036
1 0.607 0.925 0.014 0.03
1 0.627 0.928 0.03 0.028
1 0.74 0.34 0.02 0.032
1 0.88 0.911 0.032 0.022
1 0.846 0.9 0.016 0.032
1 0.864 0.891 0.012 0.03
1 0.496 0.397 0.02 0.026
1 0.982 0.629 0.008 0.018
1 0.988 0.736 0.02 0.02
1 0.992 0.719 0.012 0.018
1 0.968 0.127 0.024 0.026
1 0.992 0.145 0.012 0.034
2 0.888 0.672 0.024 0.048
2 0.936 0.328 0.024 0.032
2 0.517 0.403 0.018 0.03
2 0.506 0.747 0.036 0.026
2 0.485 0.726 0.022 0.032
2 0.089 0.458 0.03 0.036
2 0.838 0.99 0.036 0.016
2 0.668 0.974 0.036 0.048
2 0.171 0.785 0.034 0.022
2 0.259 0.034 0.03 0.028
2 0.889 0.019 0.042 0.034
2 0.906 0.028 0.02 0.032
2 0.624 0.528 0.032 0.04
2 0.773 0.539 0.034 0.03
2 0.85 0.606 0.044 0.04
2 0.179 0.421 0.022 0.018
2 0.208 0.441 0.024 0.026
2 0.139 0.49 0.018 0.02
2 0.432 0.279 0.032 0.03
2 0.476 0.249 0.024 0.018
2 0.561 0.946 0.026 0.032
2 0.568 0.985 0.044 0.026
2 0.81 0.911 0.024 0.042
2 0.631 0.955 0.026 0.026
2 0.162 0.733 0.024 0.03
2 0.991 0.657 0.014 0.018
2 0.788 0.258 0.028 0.04
2 0.934 0.104 0.032 0.036
2 0.954 0.133 0.02 0.026
2 0.947 0.167 0.022 0.042