0 0.097 0.049 0.038 0.03
0 0.006 0.111 0.012 0.042
0 0.026 0.135 0.044 0.05
0 0.084 0.159 0.032 0.038
0 0.111 0.199 0.034 0.042
0 0.009 0.267 0.018 0.038
0 0.058 0.284 0.036 0.04
0 0.004 0.433 0.008 0.018
0 0.031 0.47 0.046 0.044
0 0.027 0.587 0.046 0.034
0 0.102 0.528 0.044 0.056
0 0.152 0.487 0.044 0.046
0 0.131 0.333 0.046 0.058
0 0.167 0.3 0.03 0.04
0 0.148 0.267 0.04 0.026
0 0.165 0.214 0.05 0.036
0 0.203 0.383 0.042 0.038
0 0.108 0.636 0.036 0.032
0 0.12 0.592 0.028 0.032
0 0.157 0.611 0.034 0.026
0 0.144 0.588 0.02 0.028
0 0.158 0.578 0.024 0.024
0 0.096 0.701 0.036 0.034
0 0.076 0.742 0.032 0.036
0 0.048 0.807 0.036 0.034
0 0.039 0.938 0.03 0.028
0 0.003 0.926 0.006 0.024
0 0.073 0.866 0.042 0.044
0 0.116 0.939 0.072 0.054
0 0.126 0.88 0.056 0.032
0 0.096 0.871 0.028 0.034
0 0.126 0.984 0.032 0.024
0 0.153 0.98 0.03 0.032
0 0.18 0.977 0.032 0.03
0 0.21 0.991 0.028 0.014
0 0.281 0.984 0.042 0.028
0 0.258 0.953 0.036 0.034
0 0.181 0.815 0.026 0.022
0 0.161 0.809 0.018 0.03
0 0.15 0.811 0.02 0.026
0 0.143 0.813 0.018 0.022
0 0.131 0.727 0.03 0.03
0 0.147 0.715 0.026 0.038
0 0.205 0.73 0.034 0.04
0 0.221 0.742 0.034 0.036
0 0.219 0.763 0.026 0.022
0 0.251 0.765 0.05 0.038
0 0.33 0.703 0.044 0.046
0 0.308 0.66 0.052 0.04
0 0.384 0.717 0.036 0.042
0 0.255 0.6 0.042 0.032
0 0.273 0.54 0.034 0.028
0 0.197 0.522 0.038 0.036
0 0.26 0.428 0.036 0.044
0 0.32 0.435 0.036 0.03
0 0.399 0.435 0.026 0.026
0 0.382 0.483 0.04 0.034
0 0.377 0.381 0.01 0.026
0 0.375 0.562 0.034 0.04
0 0.203 0.058 0.034 0.02
0 0.226 0.084 0.032 0.024
0 0.25 0.17 0.028 0.032
0 0.296 0.116 0.032 0.028
0 0.399 0.01 0.046 0.02
0 0.358 0.06 0.04 0.036
0 0.335 0.082 0.046 0.036
0 0.392 0.102 0.036 0.036
0 0.284 0.206 0.036 0.04
0 0.341 0.232 0.038 0.04
0 0.411 0.138 0.038 0.032
0 0.48 0.064 0.052 0.032
0 0.476 0.151 0.036 0.038
0 0.463 0.203 0.042 0.03
0 0.435 0.235 0.026 0.026
0 0.409 0.247 0.038 0.034
0 0.354 0.332 0.036 0.032
0 0.419 0.995 0.042 0.006
0 0.507 0.947 0.05 0.038
0 0.471 0.891 0.034 0.034
0 0.395 0.821 0.042 0.034
0 0.477 0.83 0.038 0.048
0 0.433 0.804 0.026 0.028
0 0.411 0.782 0.046 0.032
0 0.457 0.329 0.03 0.026
0 0.467 0.3 0.03 0.02
0 0.512 0.787 0.048 0.042
0 0.584 0.988 0.048 0.02
0 0.627 0.929 0.03 0.042
0 0.602 0.869 0.032 0.03
0 0.585 0.857 0.038 0.026
0 0.659 0.785 0.034 0.038
0 0.694 0.886 0.052 0.04
0 0.989 0.964 0.018 0.036
0 0.993 0.991 0.01 0.014
0 0.975 0.888 0.046 0.056
0 0.878 0.938 0.036 0.032
0 0.854 0.92 0.028 0.028
0 0.804 0.914 0.04 0.028
0 0.863 0.87 0.038 0.036
0 0.965 0.816 0.03 0.036
0 0.949 0.766 0.026 0.032
0 0.924 0.767 0.028 0.034
0 0.864 0.803 0.04 0.034
0 0.814 0.797 0.04 0.034
0 0.819 0.759 0.034 0.03
0 0.778 0.749 0.032 0.034
0 0.927 0.707 0.038 0.026
0 0.985 0.665 0.026 0.05
0 0.674 0.728 0.04 0.024
0 0.715 0.686 0.042 0.032
0 0.556 0.679 0.024 0.042
0 0.522 0.65 0.04 0.064
0 0.481 0.63 0.05 0.044
0 0.527 0.578 0.042 0.028
0 0.48 0.558 0.028 0.032
0 0.54 0.547 0.032 0.014
0 0.596 0.623 0.048 0.05
0 0.626 0.63 0.02 0.04
0 0.563 0.512 0.034 0.044
0 0.658 0.519 0.036 0.03
0 0.727 0.622 0.026 0.028
0 0.938 0.608 0.04 0.044
0 0.876 0.618 0.044 0.044
0 0.821 0.609 0.022 0.022
0 0.854 0.569 0.036 0.038
0 0.789 0.574 0.034 0.036
0 0.814 0.545 0.024 0.03
0 0.836 0.543 0.024 0.034
0 0.984 0.557 0.028 0.038
0 0.939 0.501 0.038 0.042
0 0.989 0.469 0.018 0.05
0 0.894 0.446 0.032 0.048
0 0.786 0.013 0.04 0.026
0 0.633 0.056 0.034 0.024
0 0.537 0.095 0.042 0.038
0 0.55 0.129 0.016 0.022
0 0.64 0.097 0.036 0.03
0 0.621 0.131 0.022 0.026
0 0.576 0.207 0.036 0.054
0 0.648 0.166 0.024 0.024
0 0.625 0.241 0.038 0.038
0 0.526 0.303 0.032 0.03
0 0.557 0.307 0.03 0.038
0 0.612 0.333 0.036 0.03
0 0.734 0.501 0.028 0.042
0 0.833 0.48 0.038 0.04
0 0.792 0.435 0.028 0.05
0 0.715 0.421 0.042 0.054
0 0.605 0.44 0.046 0.048
0 0.605 0.4 0.042 0.04
0 0.634 0.425 0.028 0.038
0 0.968 0.333 0.032 0.034
0 0.97 0.355 0.048 0.026
0 0.94 0.336 0.016 0.02
0 0.875 0.284 0.042 0.032
0 0.944 0.171 0.032 0.046
0 0.962 0.152 0.02 0.024
0 0.866 0.233 0.036 0.022
0 0.824 0.243 0.044 0.05
0 0.799 0.231 0.034 0.07
0 0.74 0.271 0.032 0.042
0 0.667 0.259 0.046 0.038
0 0.873 0.163 0.034 0.034
0 0.747 0.161 0.018 0.03
0 0.764 0.161 0.024 0.038
0 0.705 0.141 0.034 0.038
0 0.758 0.116 0.044 0.044
0 0.764 0.081 0.028 0.022
0 0.791 0.065 0.042 0.05
0 0.804 0.144 0.04 0.04
0 0.862 0.046 0.036 0.028
0 0.88 0.033 0.028 0.018
0 0.9 0.057 0.032 0.03
0 0.964 0.027 0.016 0.034
0 0.993 0.062 0.01 0.028
0 0.993 0.187 0.01 0.03
1 0.035 0.048 0.022 0.02
1 0.045 0.111 0.026 0.022
1 0.087 0.647 0.014 0.018
1 0.246 0.896 0.036 0.024
1 0.262 0.842 0.024 0.024
1 0.233 0.514 0.022 0.028
1 0.228 0.481 0.016 0.014
1 0.243 0.47 0.018 0.016
1 0.233 0.053 0.014 0.03
1 0.195 0.098 0.03 0.016
1 0.248 0.146 0.016 0.016
1 0.28 0.229 0.02 0.018
1 0.25 0.3 0.02 0.012
1 0.46 0.113 0.028 0.018
1 0.445 0.227 0.034 0.026
1 0.385 0.283 0.01 0.018
1 0.191 0.311 0.018 0.018
1 0.432 0.844 0.012 0.02
1 0.445 0.388 0.026 0.024
1 0.489 0.421 0.026 0.014
1 0.525 0.819 0.014 0.018
1 0.55 0.976 0.012 0.008
1 0.578 0.936 0.008 0.024
1 0.601 0.913 0.022 0.03
1 0.614 0.814 0.016 0.02
1 0.675 0.817 0.03 0.034
1 0.78 0.994 0.012 0.008
1 0.962 0.986 0.028 0.024
1 0.843 0.752 0.022 0.024
1 0.945 0.678 0.01 0.016
1 0.729 0.777 0.018 0.022
1 0.572 0.717 0.02 0.014
1 0.615 0.592 0.022 0.024
1 0.589 0.54 0.014 0.02
1 0.633 0.573 0.026 0.014
1 0.656 0.57 0.02 0.02
1 0.685 0.625 0.018 0.022
1 0.748 0.556 0.024 0.016
1 0.957 0.451 0.018 0.022
1 0.936 0.427 0.024 0.026
1 0.992 0.373 0.012 0.014
1 0.604 0.016 0.024 0.024
1 0.562 0.13 0.008 0.016
1 0.574 0.366 0.024 0.02
1 0.817 0.37 0.018 0.028
1 0.889 0.335 0.022 0.022
1 0.836 0.188 0.028 0.036
1 0.747 0.197 0.022 0.022
1 0.768 0.197 0.02 0.022
1 0.837 0.087 0.026 0.022
1 0.839 0.064 0.022 0.016
1 0.927 0.106 0.03 0.028
2 0.034 0.263 0.02 0.022
2 0.027 0.564 0.026 0.02
2 0.149 0.235 0.038 0.022
2 0.014 0.674 0.02 0.016
2 0.239 0.634 0.03 0.02
2 0.353 0.426 0.026 0.028
2 0.364 0.394 0.02 0.024
2 0.158 0.061 0.024 0.022
2 0.227 0.119 0.022 0.018
2 0.339 0.2 0.05 0.02
2 0.372 0.923 0.056 0.038
2 0.405 0.861 0.034 0.026
2 0.346 0.796 0.032 0.032
2 0.342 0.35 0.012 0.012
2 0.536 0.805 0.016 0.026
2 0.545 0.983 0.026 0.018
2 0.653 0.688 0.03 0.028
2 0.95 0.404 0.028 0.02
2 0.636 0.182 0.02 0.028
2 0.58 0.339 0.036 0.022
2 0.763 0.519 0.03 0.026
2 0.769 0.433 0.018 0.034
2 0.676 0.465 0.024 0.046
2 0.968 0.294 0.02 0.02
2 0.903 0.293 0.038 0.038
2 0.931 0.267 0.022 0.03
2 0.885 0.071 0.022 0.03
2 0.856 0.103 0.02 0.018
2 0.422 0.551 0.02 0.038
2 0.388 0.54 0.012 0.02
2 0.396 0.495 0.036 0.03
2 0.366 0.525 0.016 0.022
2 0.181 0.462 0.018 0.012
2 0.24 0.269 0.032 0.018
2 0.672 0.987 0.036 0.022
2 0.946 0.831 0.016 0.018
2 0.68 0.385 0.02 0.018
2 0.741 0.074 0.014 0.012
2 0.935 0.015 0.01 0.01
2 0.938 0.002 0.012 0.004
2 0.938 0.03 0.008 0.012
2 0.895 0.158 0.022 0.016
2 0.567 0.115 0.022 0.014
2 0.768 0.637 0.012 0.014
2 0.752 0.38 0.012 0.02
2 0.655 0.318 0.014 0.016
2 0.457 0.51 0.022 0.016