0 0.587 0.735 0.046 0.066
0 0.328 0.729 0.06 0.05
0 0.432 0.719 0.056 0.05
0 0.498 0.625 0.04 0.054
0 0.428 0.583 0.044 0.038
0 0.304 0.637 0.032 0.042
0 0.09 0.733 0.06 0.054
0 0.191 0.749 0.062 0.054
0 0.138 0.717 0.06 0.042
0 0.271 0.846 0.062 0.056
0 0.158 0.823 0.048 0.038
0 0.144 0.91 0.032 0.044
0 0.258 0.892 0.028 0.02
0 0.279 0.9 0.026 0.02
0 0.351 0.983 0.038 0.03
0 0.401 0.987 0.042 0.022
0 0.451 0.973 0.054 0.05
0 0.54 0.964 0.052 0.052
0 0.674 0.916 0.032 0.052
0 0.594 0.824 0.036 0.016
0 0.734 0.941 0.04 0.046
0 0.882 0.899 0.036 0.03
0 0.85 0.811 0.028 0.054
0 0.86 0.804 0.028 0.036
0 0.807 0.839 0.026 0.038
0 0.946 0.871 0.032 0.03
0 0.928 0.983 0.028 0.03
0 0.96 0.938 0.04 0.032
0 0.98 0.986 0.036 0.024
0 0.843 0.983 0.018 0.03
0 0.824 0.985 0.028 0.026
0 0.934 0.809 0.036 0.034
0 0.965 0.755 0.034 0.034
0 0.919 0.696 0.022 0.028
0 0.929 0.731 0.026 0.046
0 0.977 0.659 0.022 0.022
0 0.962 0.602 0.056 0.04
0 0.98 0.567 0.036 0.034
0 0.988 0.526 0.02 0.052
0 0.87 0.427 0.028 0.014
0 0.767 0.517 0.034 0.038
0 0.84 0.685 0.04 0.058
0 0.697 0.727 0.038 0.022
0 0.641 0.636 0.034 0.056
0 0.665 0.638 0.026 0.056
0 0.534 0.609 0.016 0.034
0 0.486 0.669 0.036 0.026
0 0.562 0.457 0.06 0.042
0 0.361 0.459 0.038 0.05
0 0.46 0.402 0.036 0.032
0 0.463 0.35 0.038 0.04
0 0.372 0.339 0.084 0.058
0 0.419 0.303 0.05 0.046
0 0.339 0.39 0.038 0.036
0 0.463 0.439 0.026 0.03
0 0.609 0.278 0.046 0.044
0 0.645 0.194 0.038 0.044
0 0.594 0.231 0.052 0.042
0 0.648 0.269 0.04 0.034
0 0.686 0.211 0.032 0.05
0 0.61 0.353 0.036 0.05
0 0.591 0.356 0.022 0.04
0 0.757 0.24 0.046 0.044
0 0.543 0.174 0.046 0.06
0 0.409 0.233 0.038 0.034
0 0.349 0.244 0.058 0.036
0 0.363 0.111 0.046 0.038
0 0.34 0.19 0.024 0.028
0 0.308 0.175 0.044 0.042
0 0.315 0.159 0.022 0.022
0 0.413 0.198 0.03 0.028
0 0.444 0.172 0.016 0.02
0 0.245 0.304 0.034 0.028
0 0.267 0.411 0.038 0.046
0 0.146 0.432 0.04 0.048
0 0.123 0.547 0.046 0.038
0 0.037 0.51 0.03 0.032
0 0.029 0.357 0.054 0.042
0 0.017 0.403 0.03 0.022
0 0.076 0.383 0.02 0.038
0 0.064 0.32 0.06 0.044
0 0.206 0.337 0.048 0.034
0 0.154 0.223 0.044 0.042
0 0.09 0.171 0.04 0.026
0 0.232 0.042 0.04 0.048
0 0.123 0.17 0.026 0.032
0 0.075 0.128 0.018 0.028
0 0.073 0.052 0.022 0.032
0 0.311 0.007 0.046 0.01
0 0.426 0.037 0.028 0.038
0 0.443 0.043 0.034 0.03
0 0.534 0.012 0.064 0.02
0 0.283 0.243 0.042 0.046
0 0.853 0.261 0.07 0.042
0 0.814 0.316 0.064 0.04
0 0.927 0.1 0.038 0.048
0 0.795 0.086 0.026 0.02
0 0.756 0.091 0.028 0.014
0 0.729 0.176 0.018 0.032
0 0.818 0.193 0.016 0.026
0 0.986 0.144 0.024 0.02
0 0.957 0.029 0.058 0.054
0 0.954 0.281 0.028 0.018
0 0.733 0.318 0.018 0.024
0 0.602 0.482 0.024 0.016
0 0.61 0.499 0.032 0.014
0 0.633 0.501 0.026 0.026
0 0.461 0.646 0.018 0.028
0 0.44 0.657 0.056 0.058
0 0.35 0.632 0.032 0.044
0 0.307 0.558 0.022 0.028
0 0.2 0.45 0.044 0.04
0 0.013 0.635 0.022 0.03
0 0.005 0.581 0.006 0.022
0 0.009 0.555 0.014 0.022
0 0.049 0.782 0.074 0.048
0 0.129 0.964 0.05 0.056
0 0.023 0.948 0.042 0.04
0 0.015 0.894 0.026 0.048
0 0.035 0.822 0.026 0.024
0 0.101 0.889 0.026 0.026
0 0.446 0.858 0.048 0.056
0 0.492 0.958 0.024 0.028
0 0.074 0.422 0.032 0.02
0 0.166 0.992 0.044 0.012
1 0.524 0.897 0.024 0.022
1 0.614 0.905 0.024 0.022
1 0.822 0.857 0.02 0.018
1 0.608 0.859 0.016 0.018
1 0.718 0.85 0.024 0.024
1 0.918 0.544 0.012 0.02
1 0.945 0.431 0.018 0.022
1 0.944 0.551 0.016 0.022
1 0.753 0.685 0.022 0.026
1 0.292 0.693 0.02 0.022
1 0.238 0.688 0.024 0.024
1 0.467 0.291 0.018 0.018
1 0.38 0.164 0.016 0.02
1 0.282 0.212 0.02 0.02
1 0.176 0.303 0.012 0.018
1 0.328 0.073 0.016 0.014
1 0.667 0.415 0.01 0.014
2 0.207 0.916 0.018 0.036
2 0.231 0.894 0.03 0.028
2 0.312 0.886 0.016 0.016
2 0.643 0.82 0.03 0.024
2 0.595 0.802 0.018 0.024
2 0.594 0.84 0.028 0.012
2 0.614 0.841 0.024 0.022
2 0.755 0.897 0.038 0.022
2 0.935 0.934 0.022 0.02
2 0.992 0.8 0.012 0.024
2 0.908 0.463 0.032 0.034
2 0.836 0.588 0.048 0.056
2 0.823 0.732 0.026 0.036
2 0.506 0.719 0.028 0.022
2 0.564 0.326 0.024 0.032
2 0.509 0.299 0.018 0.022
2 0.191 0.512 0.046 0.036
2 0.074 0.352 0.024 0.024
2 0.554 0.024 0.036 0.02
2 0.31 0.095 0.028 0.022
2 0.214 0.127 0.02 0.022
2 0.207 0.148 0.018 0.032
2 0.799 0.218 0.026 0.02
2 0.992 0.129 0.012 0.022
2 0.988 0.015 0.016 0.022
2 0.958 0.146 0.016 0.012
2 0.715 0.31 0.054 0.032
2 0.707 0.334 0.066 0.04
2 0.665 0.463 0.034 0.018
2 0.691 0.494 0.014 0.02
2 0.376 0.572 0.036 0.028
2 0.42 0.471 0.044 0.074
2 0.512 0.582 0.016 0.024
2 0.235 0.466 0.046 0.048
2 0.031 0.735 0.026 0.022
2 0.5 0.826 0.02 0.024
2 0.493 0.804 0.022 0.028
2 0.389 0.047 0.018 0.038
2 0.26 0.203 0.016 0.014
2 0.64 0.318 0.036 0.016
2 0.964 0.641 0.052 0.018
2 0.774 0.694 0.016 0.016
2 0.55 0.666 0.02 0.02
2 0.88 0.458 0.02 0.028
2 0.01 0.855 0.016 0.03
2 0.923 0.904 0.03 0.02
2 0.718 0.99 0.024 0.016