0 0.853 0.032 0.05 0.06
0 0.897 0.081 0.05 0.042
0 0.99 0.156 0.016 0.06
0 0.905 0.32 0.046 0.04
0 0.835 0.242 0.046 0.052
0 0.783 0.192 0.05 0.044
0 0.587 0.164 0.054 0.044
0 0.613 0.117 0.066 0.054
0 0.652 0.005 0.044 0.01
0 0.484 0.142 0.056 0.056
0 0.494 0.105 0.04 0.038
0 0.729 0.566 0.038 0.056
0 0.651 0.533 0.034 0.034
0 0.767 0.423 0.038 0.054
0 0.931 0.361 0.03 0.046
0 0.692 0.308 0.04 0.04
0 0.716 0.344 0.056 0.032
0 0.943 0.057 0.038 0.058
0 0.902 0.408 0.036 0.052
0 0.883 0.374 0.034 0.044
0 0.948 0.55 0.032 0.04
0 0.916 0.559 0.076 0.062
0 0.849 0.547 0.042 0.05
0 0.783 0.549 0.046 0.05
0 0.771 0.569 0.038 0.042
0 0.698 0.498 0.04 0.056
0 0.579 0.505 0.042 0.042
0 0.496 0.432 0.036 0.036
0 0.488 0.449 0.04 0.03
0 0.487 0.323 0.066 0.058
0 0.406 0.311 0.052 0.046
0 0.291 0.194 0.062 0.088
0 0.444 0.09 0.072 0.052
0 0.384 0.23 0.08 0.068
0 0.336 0.288 0.04 0.032
0 0.177 0.008 0.03 0.016
0 0.12 0.015 0.04 0.03
0 0.071 0.018 0.058 0.036
0 0.034 0.277 0.048 0.054
0 0.01 0.268 0.016 0.056
0 0.104 0.311 0.04 0.042
0 0.201 0.421 0.042 0.042
0 0.39 0.348 0.032 0.044
0 0.339 0.375 0.054 0.07
0 0.264 0.332 0.04 0.044
0 0.01 0.44 0.016 0.048
0 0.063 0.495 0.046 0.05
0 0.017 0.644 0.03 0.04
0 0.213 0.6 0.042 0.06
0 0.085 0.58 0.05 0.064
0 0.218 0.498 0.04 0.04
0 0.306 0.507 0.056 0.05
0 0.341 0.518 0.042 0.052
0 0.439 0.497 0.034 0.034
0 0.397 0.492 0.034 0.028
0 0.479 0.617 0.038 0.046
0 0.413 0.54 0.03 0.064
0 0.439 0.59 0.042 0.036
0 0.294 0.61 0.044 0.036
0 0.281 0.636 0.042 0.04
0 0.242 0.703 0.04 0.034
0 0.278 0.758 0.04 0.04
0 0.258 0.797 0.028 0.038
0 0.219 0.806 0.038 0.032
0 0.261 0.861 0.034 0.03
0 0.433 0.712 0.034 0.032
0 0.398 0.748 0.036 0.04
0 0.625 0.585 0.038 0.058
0 0.697 0.61 0.042 0.052
0 0.856 0.679 0.036 0.038
0 0.816 0.689 0.036 0.05
0 0.955 0.732 0.05 0.056
0 0.866 0.747 0.036 0.042
0 0.912 0.655 0.04 0.05
0 0.937 0.653 0.05 0.046
0 0.932 0.752 0.024 0.04
0 0.91 0.761 0.036 0.03
0 0.787 0.751 0.046 0.034
0 0.711 0.708 0.03 0.036
0 0.732 0.737 0.04 0.038
0 0.651 0.697 0.05 0.046
0 0.689 0.765 0.046 0.046
0 0.996 0.733 0.004 0.042
0 0.853 0.921 0.034 0.042
0 0.893 0.944 0.05 0.064
0 0.824 0.837 0.06 0.046
0 0.775 0.849 0.046 0.03
0 0.801 0.872 0.05 0.028
0 0.71 0.932 0.036 0.048
0 0.659 0.917 0.038 0.034
0 0.688 0.969 0.036 0.046
0 0.732 0.984 0.036 0.028
0 0.617 0.857 0.038 0.046
0 0.585 0.88 0.046 0.06
0 0.537 0.864 0.034 0.044
0 0.537 0.888 0.034 0.032
0 0.57 0.977 0.028 0.042
0 0.611 0.974 0.046 0.048
0 0.6 0.988 0.044 0.02
0 0.611 0.773 0.042 0.058
0 0.565 0.774 0.046 0.056
0 0.502 0.83 0.036 0.044
0 0.589 0.666 0.042 0.036
0 0.585 0.62 0.034 0.044
0 0.471 0.737 0.034 0.042
0 0.441 0.777 0.046 0.062
0 0.448 0.833 0.036 0.034
0 0.121 0.411 0.042 0.038
0 0.402 0.816 0.04 0.052
0 0.391 0.89 0.054 0.04
0 0.443 0.925 0.038 0.038
0 0.403 0.935 0.05 0.054
0 0.373 0.957 0.042 0.062
0 0.216 0.889 0.044 0.046
0 0.229 0.959 0.034 0.038
0 0.235 0.987 0.034 0.022
0 0.301 0.867 0.03 0.034
0 0.038 0.987 0.048 0.022
0 0.021 0.922 0.038 0.036
0 0.02 0.968 0.036 0.048
0 0.013 0.834 0.022 0.056
0 0.11 0.835 0.04 0.05
0 0.153 0.954 0.038 0.036
0 0.158 0.976 0.032 0.024
0 0.996 0.959 0.004 0.03
0 0.943 0.989 0.042 0.018
0 0.87 0.601 0.02 0.046
0 0.981 0.547 0.034 0.038
0 0.987 0.44 0.022 0.052
0 0.991 0.354 0.014 0.056
0 0.907 0.019 0.066 0.038
0 0.752 0.005 0.02 0.01
0 0.09 0.238 0.036 0.04
0 0.622 0.444 0.048 0.072
0 0.37 0.616 0.04 0.032
0 0.004 0.717 0.004 0.03
0 0.05 0.352 0.024 0.048
0 0.961 0.033 0.042 0.058
1 0.727 0.19 0.03 0.032
1 0.704 0.238 0.024 0.028
1 0.642 0.026 0.024 0.02
1 0.823 0.342 0.038 0.032
1 0.173 0.211 0.022 0.026
1 0.49 0.043 0.02 0.026
1 0.457 0.022 0.022 0.02
1 0.452 0.009 0.016 0.018
1 0.517 0.052 0.034 0.024
1 0.511 0.092 0.018 0.028
1 0.924 0.803 0.028 0.03
1 0.889 0.808 0.018 0.032
1 0.903 0.844 0.034 0.032
1 0.919 0.905 0.026 0.03
1 0.735 0.877 0.022 0.022
1 0.526 0.91 0.012 0.012
1 0.005 0.878 0.006 0.02
1 0.142 0.795 0.028 0.03
1 0.071 0.789 0.026 0.026
1 0.153 0.934 0.03 0.02
1 0.382 0.674 0.032 0.02
1 0.376 0.704 0.032 0.028
1 0.658 0.615 0.024 0.014
1 0.735 0.639 0.022 0.026
1 0.534 0.972 0.032 0.024
1 0.499 0.959 0.022 0.03
1 0.505 0.991 0.022 0.014
1 0.976 0.865 0.028 0.034
1 0.955 0.914 0.038 0.036
1 0.74 0.676 0.024 0.04
1 0.773 0.645 0.022 0.022
1 0.946 0.507 0.032 0.026
1 0.856 0.434 0.024 0.02
1 0.742 0.275 0.044 0.034
1 0.684 0.267 0.036 0.03
1 0.801 0.002 0.014 0.004
1 0.408 0.023 0.036 0.018
1 0.356 0.005 0.02 0.01
1 0.321 0.08 0.022 0.028
1 0.309 0.034 0.022 0.04
1 0.355 0.064 0.034 0.024
1 0.091 0.532 0.034 0.028
1 0.156 0.515 0.02 0.03
1 0.589 0.564 0.026 0.036
1 0.291 0.673 0.03 0.022
1 0.383 0.584 0.022 0.032
1 0.124 0.511 0.032 0.034
1 0.441 0.341 0.026 0.026
1 0.585 0.255 0.034 0.03
1 0.607 0.204 0.018 0.028
1 0.152 0.226 0.02 0.028
1 0.235 0.288 0.026 0.016
1 0.714 0.04 0.028 0.028
1 0.549 0.064 0.034 0.02
1 0.268 0.07 0.028 0.02
1 0.562 0.21 0.036 0.052
1 0.501 0.237 0.018 0.022
1 0.441 0.226 0.042 0.028
1 0.175 0.116 0.034 0.028
1 0.109 0.049 0.026 0.03
1 0.117 0.148 0.018 0.048
1 0.061 0.106 0.03 0.028
1 0.019 0.22 0.022 0.036
1 0.004 0.118 0.004 0.032
1 0.032 0.066 0.032 0.036
1 0.022 0.006 0.012 0.012
1 0.037 0.035 0.018 0.018
1 0.06 0.043 0.024 0.018
2 0.545 0.492 0.026 0.04
2 0.227 0.34 0.042 0.04
2 0.329 0.822 0.046 0.044
2 0.046 0.862 0.02 0.016
2 0.103 0.847 0.082 0.042
2 0.453 0.673 0.03 0.026
2 0.476 0.697 0.036 0.03
2 0.564 0.726 0.032 0.024
2 0.571 0.815 0.038 0.022
2 0.485 0.928 0.022 0.028
2 0.467 0.956 0.05 0.02
2 0.763 0.889 0.026 0.022
2 0.786 0.991 0.036 0.014
2 0.957 0.599 0.03 0.034
2 0.972 0.273 0.036 0.054
2 0.804 0.291 0.02 0.03
2 0.707 0.117 0.054 0.082
2 0.662 0.189 0.056 0.058
2 0.659 0.46 0.022 0.024
2 0.527 0.664 0.042 0.032
2 0.268 0.664 0.06 0.072
2 0.447 0.753 0.038 0.022
2 0.218 0.649 0.036 0.018
2 0.172 0.71 0.012 0.012
2 0.058 0.603 0.016 0.018
2 0.055 0.652 0.006 0.016
2 0.058 0.669 0.008 0.018
2 0.006 0.613 0.008 0.022
2 0.17 0.495 0.024 0.018
2 0.356 0.316 0.02 0.024
2 0.298 0.28 0.032 0.032
2 0.407 0.389 0.026 0.03
2 0.498 0.498 0.036 0.024
2 0.466 0.464 0.012 0.012
2 0.53 0.528 0.016 0.04
2 0.601 0.031 0.018 0.026
2 0.788 0.043 0.016 0.022
2 0.694 0.012 0.016 0.012
2 0.614 0.298 0.052 0.036
2 0.393 0.185 0.054 0.058
2 0.171 0.047 0.034 0.026
2 0.145 0.386 0.026 0.028
2 0.193 0.239 0.026 0.026
2 0.521 0.638 0.022 0.024
2 0.533 0.095 0.014 0.014