0 0.87 0.239 0.036 0.042
0 0.928 0.285 0.048 0.046
0 0.969 0.28 0.03 0.032
0 0.957 0.297 0.034 0.022
0 0.982 0.407 0.032 0.03
0 0.902 0.496 0.024 0.032
0 0.918 0.472 0.024 0.04
0 0.852 0.304 0.048 0.036
0 0.976 0.534 0.04 0.04
0 0.9 0.532 0.032 0.032
0 0.941 0.193 0.038 0.042
0 0.966 0.203 0.04 0.038
0 0.986 0.213 0.024 0.05
0 0.954 0.107 0.04 0.038
0 0.947 0.074 0.038 0.036
0 0.869 0.082 0.038 0.044
0 0.957 0.034 0.026 0.036
0 0.989 0.019 0.018 0.034
0 0.873 0.027 0.05 0.05
0 0.834 0.015 0.044 0.026
0 0.779 0.02 0.03 0.036
0 0.787 0.038 0.03 0.044
0 0.84 0.115 0.036 0.03
0 0.824 0.173 0.036 0.054
0 0.819 0.247 0.046 0.046
0 0.737 0.236 0.046 0.052
0 0.693 0.23 0.042 0.052
0 0.716 0.231 0.024 0.042
0 0.667 0.262 0.038 0.048
0 0.777 0.327 0.038 0.034
0 0.727 0.323 0.062 0.05
0 0.763 0.339 0.034 0.03
0 0.693 0.326 0.022 0.036
0 0.707 0.366 0.034 0.024
0 0.742 0.295 0.028 0.026
0 0.685 0.389 0.038 0.054
0 0.724 0.402 0.028 0.032
0 0.738 0.396 0.028 0.036
0 0.646 0.423 0.04 0.05
0 0.936 0.613 0.032 0.046
0 0.777 0.258 0.03 0.028
0 0.777 0.883 0.038 0.042
0 0.68 0.76 0.036 0.024
0 0.637 0.948 0.026 0.028
0 0.601 0.91 0.034 0.028
0 0.481 0.879 0.042 0.038
0 0.37 0.69 0.044 0.044
0 0.405 0.55 0.042 0.044
0 0.383 0.514 0.038 0.052
0 0.346 0.488 0.044 0.044
0 0.456 0.551 0.048 0.046
0 0.55 0.47 0.048 0.048
0 0.485 0.434 0.042 0.048
0 0.501 0.405 0.034 0.042
0 0.539 0.35 0.042 0.036
0 0.503 0.338 0.046 0.044
0 0.434 0.375 0.044 0.05
0 0.414 0.446 0.048 0.056
0 0.439 0.409 0.038 0.046
0 0.462 0.494 0.032 0.032
0 0.467 0.514 0.034 0.032
0 0.321 0.567 0.058 0.058
0 0.282 0.556 0.028 0.032
0 0.284 0.579 0.032 0.022
0 0.36 0.589 0.056 0.058
0 0.332 0.528 0.04 0.032
0 0.315 0.439 0.042 0.066
0 0.349 0.326 0.058 0.056
0 0.32 0.305 0.052 0.046
0 0.061 0.715 0.038 0.042
0 0.137 0.708 0.05 0.04
0 0.164 0.631 0.044 0.038
0 0.145 0.617 0.054 0.042
0 0.15 0.657 0.036 0.038
0 0.198 0.585 0.04 0.038
0 0.209 0.642 0.046 0.048
0 0.133 0.594 0.03 0.028
0 0.125 0.584 0.022 0.028
0 0.221 0.532 0.034 0.044
0 0.195 0.518 0.038 0.044
0 0.127 0.534 0.042 0.06
0 0.151 0.541 0.026 0.042
0 0.545 0.207 0.046 0.054
0 0.447 0.307 0.038 0.046
0 0.434 0.337 0.044 0.046
0 0.41 0.329 0.024 0.034
0 0.495 0.214 0.034 0.036
0 0.665 0.171 0.038 0.054
0 0.577 0.181 0.034 0.046
0 0.362 0.354 0.036 0.04
0 0.453 0.426 0.034 0.048
0 0.176 0.463 0.028 0.042
0 0.231 0.444 0.042 0.052
0 0.641 0.066 0.054 0.052
0 0.672 0.069 0.036 0.042
0 0.692 0.088 0.028 0.032
0 0.704 0.105 0.04 0.05
0 0.875 0.373 0.022 0.026
0 0.863 0.368 0.034 0.04
0 0.553 0.258 0.026 0.028
0 0.555 0.107 0.038 0.042
0 0.428 0.164 0.052 0.044
0 0.486 0.173 0.04 0.046
0 0.471 0.152 0.034 0.024
0 0.313 0.235 0.046 0.038
0 0.335 0.243 0.046 0.038
0 0.282 0.278 0.044 0.04
0 0.581 0.049 0.038 0.038
0 0.602 0.019 0.044 0.034
0 0.497 0.048 0.038 0.036
0 0.256 0.165 0.064 0.046
0 0.197 0.17 0.034 0.044
0 0.209 0.225 0.054 0.058
0 0.171 0.234 0.042 0.048
0 0.157 0.248 0.026 0.036
0 0.194 0.02 0.024 0.024
0 0.146 0.05 0.028 0.032
0 0.119 0.109 0.038 0.054
0 0.061 0.173 0.034 0.062
0 0.148 0.152 0.036 0.076
0 0.224 0.123 0.036 0.026
0 0.099 0.02 0.038 0.036
0 0.067 0.039 0.038 0.05
0 0.055 0.012 0.038 0.02
0 0.271 0.325 0.038 0.05
0 0.152 0.312 0.052 0.052
0 0.175 0.32 0.034 0.048
0 0.072 0.217 0.04 0.054
0 0.035 0.301 0.034 0.054
0 0.141 0.399 0.05 0.038
0 0.179 0.432 0.03 0.024
0 0.098 0.437 0.036 0.046
0 0.121 0.418 0.034 0.044
0 0.137 0.376 0.042 0.028
0 0.043 0.55 0.03 0.04
0 0.088 0.597 0.04 0.046
0 0.013 0.661 0.022 0.05
0 0.125 0.464 0.038 0.048
0 0.195 0.048 0.026 0.024
0 0.207 0.064 0.034 0.032
0 0.104 0.158 0.024 0.044
0 0.191 0.381 0.034 0.05
0 0.012 0.617 0.02 0.046
0 0.025 0.702 0.038 0.028
0 0.018 0.724 0.032 0.036
0 0.191 0.976 0.054 0.032
0 0.457 0.196 0.042 0.04
0 0.355 0.281 0.05 0.03
0 0.292 0.595 0.024 0.022
0 0.37 0.625 0.056 0.046
0 0.105 0.745 0.038 0.022
0 0.484 0.663 0.028 0.038
0 0.413 0.755 0.034 0.03
0 0.967 0.571 0.03 0.042
0 0.924 0.568 0.028 0.052
0 0.873 0.851 0.042 0.046
0 0.75 0.84 0.044 0.02
0 0.57 0.909 0.032 0.03
0 0.846 0.905 0.048 0.038
0 0.461 0.826 0.042 0.032
0 0.425 0.558 0.042 0.048
0 0.41 0.299 0.052 0.05
0 0.738 0.038 0.032 0.024
0 0.769 0.121 0.022 0.042
0 0.599 0.204 0.026 0.028
0 0.516 0.257 0.048 0.042
0 0.485 0.258 0.022 0.036
0 0.617 0.175 0.034 0.026
0 0.581 0.247 0.03 0.03
0 0.524 0.532 0.024 0.044
0 0.431 0.501 0.03 0.03
0 0.821 0.376 0.042 0.036
0 0.253 0.264 0.038 0.04
0 0.133 0.26 0.034 0.044
0 0.252 0.118 0.032 0.044
0 0.227 0.34 0.018 0.048
0 0.1 0.329 0.032 0.034
0 0.067 0.628 0.034 0.032
0 0.022 0.495 0.04 0.042
0 0.719 0.511 0.054 0.038
0 0.688 0.507 0.02 0.03
0 0.721 0.468 0.034 0.032
0 0.148 0.577 0.016 0.034
0 0.37 0.649 0.024 0.022
0 0.52 0.821 0.032 0.038
0 0.294 0.778 0.016 0.052
0 0.405 0.827 0.038 0.046
0 0.32 0.701 0.028 0.026
0 0.865 0.963 0.034 0.03
0 0.814 0.97 0.024 0.044
0 0.786 0.987 0.04 0.022
0 0.295 0.677 0.03 0.026
0 0.278 0.688 0.06 0.044
0 0.252 0.714 0.02 0.048
0 0.399 0.887 0.038 0.038
0 0.286 0.977 0.028 0.03
0 0.256 0.966 0.032 0.028
0 0.23 0.959 0.024 0.022
0 0.023 0.955 0.03 0.034
0 0.512 0.026 0.024 0.032
1 0.971 0.402 0.026 0.024
1 0.898 0.483 0.024 0.018
1 0.831 0.316 0.018 0.024
1 0.846 0.65 0.024 0.028
1 0.939 0.098 0.026 0.02
1 0.946 0.06 0.02 0.016
1 0.904 0.092 0.02 0.02
1 0.7 0.346 0.016 0.016
1 0.723 0.374 0.026 0.024
1 0.803 0.742 0.022 0.028
1 0.66 0.723 0.028 0.026
1 0.639 0.684 0.022 0.028
1 0.549 0.331 0.022 0.018
1 0.157 0.72 0.026 0.024
1 0.21 0.094 0.032 0.02
1 0.095 0.187 0.022 0.022
1 0.096 0.405 0.024 0.022
1 0.962 0.618 0.024 0.028
1 0.782 0.235 0.02 0.022
1 0.559 0.273 0.026 0.022
1 0.617 0.2 0.022 0.02
1 0.561 0.234 0.026 0.028
1 0.659 0.459 0.018 0.026
1 0.82 0.344 0.028 0.028
1 0.542 0.412 0.024 0.032
1 0.046 0.523 0.02 0.018
1 0.385 0.842 0.022 0.024
1 0.246 0.853 0.02 0.026
1 0.267 0.717 0.022 0.018
1 0.526 0.043 0.024 0.026
2 0.848 0.055 0.044 0.034
2 0.913 0.62 0.026 0.028
2 0.868 0.497 0.048 0.034
2 0.98 0.672 0.032 0.032
2 0.663 0.844 0.03 0.032
2 0.715 0.592 0.03 0.028
2 0.771 0.275 0.034 0.03
2 0.765 0.302 0.022 0.024
2 0.625 0.097 0.018 0.026
2 0.759 0.148 0.03 0.02
2 0.782 0.082 0.04 0.024
2 0.586 0.275 0.036 0.042
2 0.574 0.212 0.012 0.02
2 0.677 0.284 0.022 0.024
2 0.612 0.372 0.02 0.032
2 0.524 0.433 0.036 0.042
2 0.522 0.466 0.024 0.032
2 0.535 0.499 0.03 0.034
2 0.421 0.489 0.014 0.014
2 0.839 0.213 0.03 0.034
2 0.613 0.34 0.026 0.044
2 0.841 0.352 0.022 0.028
2 0.863 0.394 0.022 0.024
2 0.777 0.36 0.014 0.024
2 0.701 0.269 0.018 0.022
2 0.31 0.208 0.048 0.032
2 0.417 0.142 0.054 0.036
2 0.479 0.13 0.038 0.032
2 0.587 0.07 0.018 0.02
2 0.472 0.051 0.032 0.046
2 0.443 0.045 0.038 0.034
2 0.165 0.355 0.022 0.03
2 0.093 0.569 0.038 0.026
2 0.117 0.178 0.026 0.024
2 0.688 0.525 0.012 0.014
2 0.723 0.445 0.022 0.022
2 0.71 0.467 0.02 0.018
2 0.702 0.565 0.036 0.03
2 0.85 0.673 0.016 0.03
2 0.943 0.643 0.018 0.018
2 0.959 0.636 0.018 0.012
2 0.991 0.46 0.014 0.04
2 0.989 0.493 0.018 0.042
2 0.944 0.595 0.036 0.018
2 0.486 0.465 0.024 0.022
2 0.556 0.413 0.016 0.018
2 0.264 0.405 0.024 0.046
2 0.263 0.504 0.03 0.032
2 0.165 0.527 0.034 0.046
2 0.255 0.646 0.03 0.032
2 0.277 0.646 0.034 0.032
2 0.237 0.652 0.01 0.016
2 0.391 0.809 0.034 0.034
2 0.046 0.691 0.016 0.018
2 0.014 0.793 0.024 0.03
2 0.298 0.719 0.04 0.026
2 0.215 0.881 0.034 0.038
2 0.128 0.927 0.036 0.022
2 0.35 0.159 0.048 0.03
2 0.39 0.199 0.076 0.058
2 0.084 0.145 0.028 0.034
2 0.005 0.086 0.006 0.02
2 0.022 0.019 0.028 0.034
2 0.55 0.012 0.032 0.02
2 0.73 0.007 0.028 0.01
2 0.905 0.043 0.034 0.026
2 0.979 0.067 0.034 0.054
2 0.985 0.181 0.026 0.038
2 0.005 0.287 0.006 0.034
2 0.042 0.386 0.02 0.024
2 0.022 0.429 0.02 0.022
2 0.327 0.669 0.03 0.022
2 0.684 0.94 0.02 0.024
2 0.491 0.996 0.022 0.004
2 0.004 0.512 0.004 0.052
2 0.201 0.479 0.034 0.026