0 0.473 0.593 0.054 0.062
0 0.054 0.053 0.108 0.074
0 0.054 0.13 0.064 0.04
0 0.231 0.158 0.074 0.04
0 0.3 0.233 0.048 0.034
0 0.343 0.253 0.066 0.046
0 0.164 0.272 0.04 0.04
0 0.199 0.262 0.026 0.028
0 0.281 0.287 0.05 0.046
0 0.292 0.346 0.056 0.044
0 0.204 0.42 0.06 0.04
0 0.094 0.372 0.044 0.048
0 0.109 0.327 0.034 0.03
0 0.25 0.544 0.076 0.052
0 0.247 0.623 0.05 0.038
0 0.283 0.643 0.05 0.038
0 0.26 0.707 0.048 0.038
0 0.286 0.743 0.06 0.042
0 0.325 0.744 0.042 0.044
0 0.49 0.769 0.056 0.054
0 0.441 0.884 0.058 0.052
0 0.497 0.898 0.062 0.036
0 0.054 0.883 0.068 0.046
0 0.041 0.693 0.062 0.05
0 0.022 0.766 0.04 0.044
0 0.203 0.774 0.066 0.06
0 0.432 0.384 0.072 0.052
0 0.476 0.389 0.036 0.038
0 0.502 0.45 0.048 0.056
0 0.407 0.501 0.046 0.05
0 0.492 0.532 0.084 0.056
0 0.47 0.651 0.084 0.046
0 0.545 0.499 0.062 0.05
0 0.08 0.538 0.052 0.044
0 0.034 0.565 0.056 0.038
0 0.076 0.584 0.028 0.032
0 0.162 0.614 0.048 0.048
0 0.329 0.412 0.07 0.052
0 0.276 0.414 0.04 0.032
0 0.052 0.259 0.04 0.05
0 0.467 0.114 0.106 0.056
0 0.584 0.039 0.068 0.054
0 0.574 0.2 0.088 0.064
0 0.552 0.357 0.032 0.03
0 0.704 0.429 0.068 0.054
0 0.829 0.507 0.054 0.042
0 0.874 0.513 0.052 0.054
0 0.924 0.527 0.064 0.046
0 0.777 0.281 0.026 0.018
0 0.793 0.31 0.05 0.048
0 0.758 0.292 0.04 0.028
0 0.427 0.186 0.03 0.04
0 0.711 0.176 0.082 0.072
0 0.87 0.103 0.04 0.078
0 0.91 0.127 0.048 0.062
0 0.771 0.177 0.046 0.038
0 0.805 0.186 0.034 0.068
0 0.976 0.244 0.044 0.044
0 0.728 0.831 0.072 0.054
0 0.745 0.9 0.066 0.056
0 0.799 0.935 0.062 0.042
0 0.766 0.971 0.072 0.054
0 0.874 0.941 0.1 0.058
0 0.561 0.728 0.062 0.028
0 0.575 0.701 0.05 0.034
0 0.604 0.767 0.052 0.058
0 0.843 0.642 0.066 0.044
0 0.709 0.607 0.07 0.054
0 0.708 0.648 0.056 0.028
0 0.691 0.732 0.066 0.06
0 0.745 0.016 0.054 0.032
0 0.903 0.029 0.046 0.034
0 0.85 0.026 0.024 0.036
0 0.981 0.015 0.034 0.03
0 0.983 0.106 0.03 0.036
0 0.924 0.364 0.06 0.052
0 0.961 0.357 0.026 0.026
0 0.986 0.359 0.024 0.054
0 0.746 0.715 0.048 0.042
0 0.929 0.594 0.046 0.06
0 0.97 0.607 0.056 0.038
0 0.793 0.728 0.042 0.04
0 0.898 0.794 0.052 0.036
0 0.905 0.895 0.03 0.03
0 0.386 0.943 0.04 0.05
1 0.171 0.188 0.03 0.032
1 0.223 0.201 0.026 0.022
1 0.161 0.386 0.03 0.04
1 0.148 0.525 0.02 0.026
1 0.19 0.489 0.016 0.014
1 0.22 0.466 0.024 0.028
1 0.269 0.578 0.022 0.024
1 0.413 0.753 0.026 0.03
1 0.41 0.803 0.024 0.018
1 0.519 0.84 0.026 0.016
1 0.516 0.94 0.04 0.02
1 0.6 0.937 0.032 0.022
1 0.062 0.934 0.04 0.028
1 0.158 0.809 0.024 0.034
1 0.363 0.501 0.042 0.03
1 0.439 0.531 0.018 0.022
1 0.19 0.727 0.024 0.026
1 0.169 0.682 0.03 0.028
1 0.175 0.965 0.026 0.014
1 0.328 0.888 0.024 0.032
1 0.317 0.861 0.034 0.082
1 0.368 0.372 0.032 0.024
1 0.244 0.412 0.02 0.024
1 0.185 0.094 0.038 0.028
1 0.221 0.085 0.034 0.038
1 0.266 0.034 0.024 0.024
1 0.27 0.056 0.028 0.032
1 0.417 0.015 0.018 0.026
1 0.425 0.061 0.022 0.014
1 0.442 0.028 0.036 0.028
1 0.514 0.069 0.028 0.022
1 0.535 0.082 0.026 0.028
1 0.656 0.119 0.02 0.022
1 0.629 0.14 0.026 0.028
1 0.642 0.171 0.024 0.034
1 0.52 0.285 0.024 0.038
1 0.542 0.329 0.048 0.022
1 0.567 0.432 0.022 0.024
1 0.743 0.395 0.034 0.022
1 0.733 0.456 0.034 0.028
1 0.741 0.478 0.03 0.028
1 0.78 0.449 0.028 0.026
1 0.816 0.452 0.028 0.028
1 0.791 0.424 0.026 0.024
1 0.672 0.266 0.024 0.032
1 0.713 0.337 0.026 0.03
1 0.313 0.192 0.026 0.032
1 0.857 0.234 0.03 0.028
1 0.895 0.185 0.022 0.03
1 0.927 0.214 0.026 0.024
1 0.91 0.232 0.024 0.024
1 0.986 0.198 0.024 0.024
1 0.93 0.135 0.028 0.026
1 0.937 0.092 0.03 0.024
1 0.856 0.606 0.044 0.016
1 0.632 0.736 0.028 0.024
1 0.622 0.82 0.024 0.024
1 0.648 0.875 0.032 0.038
1 0.364 0.636 0.032 0.02
1 0.354 0.663 0.052 0.026
1 0.459 0.684 0.026 0.02
1 0.825 0.022 0.018 0.024
1 0.848 0.087 0.016 0.01
1 0.914 0.307 0.02 0.034
1 0.901 0.333 0.026 0.026
1 0.94 0.402 0.02 0.02
1 0.856 0.417 0.036 0.022
1 0.909 0.446 0.038 0.024
1 0.586 0.517 0.02 0.022
1 0.608 0.673 0.028 0.022
1 0.638 0.62 0.048 0.036
1 0.789 0.774 0.026 0.016
1 0.78 0.81 0.02 0.02
1 0.818 0.753 0.02 0.03
1 0.954 0.896 0.04 0.016
1 0.442 0.814 0.036 0.028
2 0.117 0.76 0.038 0.04
2 0.166 0.748 0.02 0.024
2 0.177 0.856 0.014 0.028
2 0.244 0.853 0.016 0.034
2 0.645 0.763 0.03 0.026
2 0.769 0.041 0.014 0.014
2 0.832 0.099 0.012 0.018
2 0.353 0.215 0.01 0.01
2 0.39 0.228 0.02 0.016
2 0.798 0.351 0.024 0.018
2 0.305 0.496 0.042 0.044
2 0.307 0.7 0.01 0.02
2 0.32 0.705 0.016 0.018