0 0.143 0.888 0.058 0.052
0 0.157 0.822 0.038 0.028
0 0.142 0.77 0.036 0.044
0 0.268 0.676 0.068 0.056
0 0.162 0.573 0.056 0.054
0 0.112 0.697 0.044 0.054
0 0.092 0.627 0.052 0.05
0 0.042 0.578 0.04 0.052
0 0.044 0.336 0.048 0.052
0 0.098 0.355 0.064 0.062
0 0.17 0.401 0.064 0.066
0 0.311 0.481 0.05 0.042
0 0.404 0.504 0.044 0.032
0 0.439 0.451 0.042 0.038
0 0.481 0.473 0.034 0.054
0 0.533 0.488 0.078 0.056
0 0.549 0.627 0.05 0.034
0 0.52 0.667 0.064 0.074
0 0.426 0.888 0.044 0.056
0 0.474 0.841 0.064 0.05
0 0.427 0.78 0.066 0.048
0 0.501 0.751 0.046 0.054
0 0.604 0.671 0.044 0.03
0 0.593 0.578 0.07 0.064
0 0.719 0.602 0.05 0.044
0 0.818 0.618 0.044 0.044
0 0.823 0.658 0.046 0.032
0 0.761 0.691 0.05 0.042
0 0.727 0.718 0.046 0.044
0 0.847 0.702 0.054 0.032
0 0.929 0.718 0.046 0.036
0 0.979 0.747 0.038 0.042
0 0.861 0.575 0.042 0.03
0 0.847 0.538 0.046 0.04
0 0.866 0.484 0.056 0.036
0 0.829 0.429 0.05 0.038
0 0.911 0.394 0.07 0.04
0 0.723 0.448 0.042 0.036
0 0.697 0.416 0.05 0.036
0 0.702 0.384 0.068 0.052
0 0.615 0.496 0.046 0.056
0 0.592 0.511 0.044 0.046
0 0.773 0.479 0.058 0.054
0 0.665 0.331 0.07 0.038
0 0.63 0.29 0.044 0.044
0 0.551 0.31 0.054 0.048
0 0.519 0.275 0.034 0.046
0 0.231 0.214 0.046 0.052
0 0.414 0.25 0.088 0.068
0 0.453 0.22 0.05 0.044
0 0.426 0.174 0.032 0.032
0 0.465 0.181 0.042 0.046
0 0.3 0.027 0.056 0.034
0 0.399 0.013 0.054 0.022
0 0.474 0.04 0.044 0.044
0 0.532 0.022 0.036 0.04
0 0.571 0.011 0.042 0.018
0 0.319 0.357 0.082 0.066
0 0.358 0.403 0.076 0.042
0 0.02 0.76 0.04 0.068
0 0.073 0.272 0.078 0.076
0 0.072 0.179 0.04 0.054
0 0.239 0.128 0.05 0.048
0 0.175 0.05 0.034 0.056
0 0.068 0.069 0.072 0.042
0 0.078 0.134 0.072 0.052
0 0.33 0.061 0.06 0.046
0 0.154 0.224 0.04 0.04
0 0.381 0.335 0.078 0.054
0 0.427 0.343 0.03 0.03
0 0.472 0.36 0.052 0.048
0 0.595 0.432 0.042 0.036
0 0.281 0.613 0.058 0.046
0 0.39 0.651 0.06 0.042
0 0.399 0.592 0.054 0.04
0 0.328 0.554 0.048 0.048
0 0.396 0.557 0.044 0.038
0 0.128 0.505 0.06 0.09
0 0.649 0.772 0.046 0.06
0 0.659 0.808 0.07 0.064
0 0.695 0.842 0.058 0.04
0 0.77 0.807 0.04 0.042
0 0.775 0.846 0.058 0.036
0 0.868 0.839 0.044 0.038
0 0.795 0.904 0.05 0.048
0 0.875 0.926 0.062 0.056
0 0.752 0.967 0.056 0.046
0 0.934 0.915 0.04 0.038
0 0.945 0.82 0.054 0.04
0 0.989 0.856 0.018 0.048
0 0.989 0.814 0.018 0.04
0 0.984 0.555 0.028 0.042
0 0.985 0.529 0.026 0.034
0 0.974 0.691 0.048 0.038
0 0.985 0.659 0.026 0.038
0 0.962 0.634 0.072 0.036
0 0.994 0.617 0.008 0.03
0 0.962 0.58 0.044 0.036
0 0.19 0.943 0.056 0.042
0 0.111 0.962 0.054 0.056
0 0.221 0.91 0.03 0.048
0 0.286 0.919 0.068 0.066
0 0.32 0.97 0.06 0.044
0 0.411 0.961 0.05 0.074
0 0.491 0.974 0.03 0.04
0 0.534 0.987 0.048 0.022
0 0.632 0.989 0.048 0.018
0 0.564 0.888 0.064 0.06
0 0.333 0.899 0.066 0.058
0 0.514 0.823 0.06 0.046
0 0.386 0.113 0.072 0.054
0 0.502 0.135 0.068 0.05
0 0.551 0.227 0.046 0.038
0 0.528 0.204 0.028 0.028
0 0.65 0.197 0.056 0.038
0 0.676 0.236 0.036 0.028
0 0.721 0.215 0.042 0.034
0 0.806 0.285 0.052 0.042
0 0.839 0.225 0.046 0.038
0 0.621 0.078 0.042 0.036
0 0.654 0.07 0.048 0.036
0 0.803 0.129 0.05 0.038
0 0.746 0.043 0.036 0.038
0 0.779 0.053 0.03 0.038
0 0.812 0.044 0.052 0.04
0 0.834 0.11 0.036 0.06
0 0.916 0.124 0.056 0.044
0 0.926 0.083 0.052 0.042
0 0.994 0.015 0.008 0.026
0 0.765 0.164 0.062 0.032
0 0.905 0.176 0.034 0.02
0 0.931 0.208 0.046 0.036
0 0.981 0.175 0.034 0.042
0 0.906 0.263 0.064 0.034
0 0.948 0.26 0.044 0.032
0 0.947 0.291 0.05 0.038
0 0.014 0.022 0.028 0.04
0 0.038 0.03 0.04 0.052
0 0.102 0.007 0.044 0.01
0 0.919 0.476 0.046 0.036
0 0.355 0.273 0.046 0.042
0 0.734 0.15 0.044 0.036
0 0.007 0.908 0.014 0.032
0 0.015 0.992 0.03 0.012
0 0.008 0.149 0.016 0.034
0 0.009 0.286 0.018 0.02
0 0.014 0.457 0.028 0.042
0 0.004 0.552 0.008 0.036
0 0.007 0.855 0.014 0.042
0 0.927 0.99 0.042 0.016
0 0.701 0.016 0.03 0.028
0 0.481 0.923 0.038 0.042
0 0.218 0.082 0.032 0.06
0 0.377 0.076 0.062 0.028
0 0.454 0.006 0.032 0.008
0 0.993 0.218 0.01 0.016
0 0.873 0.732 0.046 0.032
1 0.328 0.797 0.04 0.038
1 0.111 0.542 0.034 0.036
1 0.052 0.679 0.028 0.038
1 0.219 0.788 0.05 0.032
1 0.658 0.125 0.028 0.022
1 0.039 0.935 0.03 0.018
1 0.061 0.963 0.03 0.018
1 0.09 0.857 0.016 0.034
1 0.088 0.82 0.012 0.008
1 0.198 0.864 0.032 0.024
1 0.277 0.752 0.022 0.02
1 0.252 0.847 0.032 0.034
1 0.426 0.818 0.024 0.044
1 0.392 0.742 0.032 0.02
1 0.382 0.68 0.012 0.024
1 0.348 0.664 0.032 0.016
1 0.336 0.615 0.02 0.018
1 0.296 0.541 0.02 0.026
1 0.25 0.544 0.032 0.02
1 0.193 0.544 0.022 0.024
1 0.196 0.628 0.016 0.036
1 0.448 0.52 0.02 0.024
1 0.523 0.546 0.014 0.02
1 0.507 0.602 0.022 0.016
1 0.683 0.544 0.038 0.016
1 0.694 0.672 0.02 0.028
1 0.726 0.638 0.032 0.02
1 0.792 0.544 0.024 0.024
1 0.584 0.788 0.02 0.024
1 0.785 0.772 0.022 0.024
1 0.887 0.757 0.038 0.022
1 0.878 0.559 0.024 0.014
1 0.888 0.579 0.016 0.026
1 0.909 0.602 0.018 0.008
1 0.91 0.576 0.02 0.016
1 0.947 0.469 0.018 0.022
1 0.817 0.373 0.034 0.022
1 0.768 0.291 0.016 0.034
1 0.871 0.214 0.014 0.012
1 0.893 0.223 0.022 0.018
1 0.967 0.175 0.018 0.018
1 0.567 0.17 0.042 0.02
1 0.612 0.141 0.02 0.026
1 0.669 0.187 0.018 0.014
1 0.701 0.127 0.026 0.014
1 0.708 0.166 0.012 0.016
1 0.751 0.131 0.022 0.014
1 0.938 0.055 0.028 0.026
1 0.545 0.416 0.018 0.028
1 0.395 0.387 0.026 0.01
1 0.6 0.343 0.04 0.018
1 0.305 0.156 0.022 0.024
1 0.449 0.134 0.03 0.02
1 0.427 0.071 0.026 0.014
1 0.47 0.107 0.024 0.026
1 0.104 0.112 0.02 0.024
1 0.123 0.133 0.026 0.026
1 0.648 0.977 0.02 0.022
1 0.321 0.861 0.018 0.01
1 0.011 0.247 0.022 0.042
1 0.112 0.186 0.032 0.028
1 0.106 0.024 0.024 0.028
1 0.224 0.025 0.036 0.026
1 0.514 0.082 0.032 0.036
1 0.712 0.028 0.016 0.04
1 0.51 0.364 0.02 0.024
1 0.99 0.479 0.016 0.026
1 0.974 0.331 0.016 0.014
1 0.097 0.406 0.022 0.028
1 0.101 0.458 0.026 0.028
1 0.059 0.53 0.03 0.024
1 0.161 0.285 0.022 0.03
1 0.192 0.293 0.024 0.014
1 0.139 0.689 0.018 0.034
1 0.43 0.947 0.02 0.022
1 0.623 0.953 0.026 0.014
1 0.878 0.869 0.02 0.026
1 0.449 0.672 0.026 0.032
1 0.31 0.263 0.036 0.026
1 0.241 0.194 0.026 0.016
1 0.083 0.017 0.022 0.022
1 0.235 0.173 0.058 0.038
1 0.396 0.052 0.012 0.016
1 0.29 0.108 0.016 0.02
1 0.627 0.049 0.022 0.018
1 0.837 0.274 0.018 0.028
1 0.982 0.283 0.016 0.018
1 0.852 0.443 0.024 0.014
1 0.598 0.205 0.024 0.03
1 0.592 0.279 0.028 0.026
1 0.636 0.64 0.024 0.032
1 0.532 0.14 0.028 0.016
1 0.262 0.582 0.024 0.024
2 0.086 0.553 0.032 0.026
2 0.588 0.11 0.048 0.024
2 0.73 0.093 0.032 0.034
2 0.618 0.866 0.036 0.036
2 0.971 0.997 0.026 0.002
2 0.232 0.333 0.016 0.014
2 0.219 0.408 0.022 0.028
2 0.247 0.446 0.034 0.02
2 0.228 0.513 0.032 0.034
2 0.37 0.528 0.016 0.028
2 0.481 0.538 0.022 0.024
2 0.191 0.08 0.03 0.024
2 0.189 0.004 0.038 0.004
2 0.004 0.206 0.008 0.024
2 0.039 0.211 0.006 0.01
2 0.058 0.205 0.016 0.01
2 0.751 0.017 0.018 0.014
2 0.824 0.004 0.036 0.004
2 0.892 0.003 0.012 0.002
2 0.698 0.318 0.02 0.016
2 0.936 0.317 0.024 0.018
2 0.997 0.244 0.002 0.024
2 0.325 0.747 0.018 0.01
2 0.358 0.857 0.032 0.034
2 0.287 0.872 0.014 0.036
2 0.394 0.834 0.016 0.02
2 0.476 0.802 0.02 0.016
2 0.458 0.701 0.016 0.026
2 0.637 0.703 0.014 0.018
2 0.926 0.524 0.028 0.02
2 0.996 0.454 0.004 0.02
2 0.778 0.193 0.028 0.01
2 0.955 0.149 0.038 0.022
2 0.292 0.3 0.012 0.008
2 0.002 0.384 0.004 0.012
2 0.001 0.354 0.002 0.008
2 0.114 0.282 0.012 0.024
2 0.13 0.158 0.024 0.02
2 0.112 0.615 0.024 0.03
2 0.598 0.982 0.028 0.012
2 0.446 0.942 0.012 0.016
2 0.744 0.248 0.012 0.012
2 0.193 0.915 0.038 0.022