0 0.039 0.805 0.038 0.042
0 0.122 0.901 0.048 0.046
0 0.058 0.909 0.032 0.042
0 0.229 0.932 0.026 0.048
0 0.282 0.93 0.036 0.056
0 0.343 0.874 0.038 0.028
0 0.451 0.968 0.034 0.044
0 0.509 0.926 0.042 0.048
0 0.594 0.888 0.048 0.032
0 0.854 0.903 0.048 0.042
0 0.907 0.831 0.038 0.042
0 0.938 0.98 0.036 0.032
0 0.711 0.978 0.046 0.036
0 0.661 0.974 0.034 0.036
0 0.606 0.982 0.036 0.032
0 0.589 0.913 0.034 0.022
0 0.358 0.933 0.032 0.026
0 0.346 0.77 0.06 0.036
0 0.043 0.979 0.062 0.038
0 0.219 0.698 0.054 0.044
0 0.016 0.731 0.028 0.066
0 0.149 0.746 0.03 0.04
0 0.234 0.552 0.032 0.048
0 0.075 0.329 0.042 0.03
0 0.058 0.297 0.036 0.034
0 0.13 0.373 0.036 0.042
0 0.164 0.353 0.036 0.026
0 0.153 0.312 0.022 0.024
0 0.203 0.375 0.046 0.042
0 0.231 0.345 0.038 0.034
0 0.22 0.292 0.032 0.032
0 0.215 0.259 0.054 0.03
0 0.172 0.499 0.036 0.034
0 0.154 0.465 0.04 0.046
0 0.031 0.518 0.03 0.028
0 0.014 0.471 0.024 0.03
0 0.012 0.306 0.02 0.056
0 0.032 0.211 0.048 0.03
0 0.12 0.257 0.052 0.042
0 0.016 0.101 0.032 0.042
0 0.014 0.05 0.024 0.04
0 0.093 0.036 0.042 0.024
0 0.132 0.054 0.06 0.036
0 0.161 0.112 0.046 0.044
0 0.28 0.123 0.052 0.054
0 0.5 0.803 0.044 0.038
0 0.42 0.501 0.044 0.05
0 0.446 0.448 0.04 0.032
0 0.416 0.625 0.032 0.046
0 0.511 0.515 0.042 0.05
0 0.464 0.528 0.04 0.032
0 0.979 0.728 0.038 0.064
0 0.985 0.889 0.026 0.054
0 0.539 0.691 0.042 0.042
0 0.548 0.093 0.04 0.022
0 0.674 0.133 0.044 0.038
0 0.805 0.152 0.042 0.048
0 0.855 0.161 0.046 0.062
0 0.677 0.016 0.05 0.028
0 0.361 0.016 0.038 0.028
0 0.392 0.021 0.024 0.022
0 0.502 0.205 0.036 0.03
0 0.383 0.39 0.03 0.028
0 0.795 0.451 0.046 0.046
0 0.644 0.432 0.044 0.036
0 0.633 0.387 0.042 0.034
0 0.725 0.411 0.026 0.03
0 0.805 0.307 0.05 0.042
0 0.837 0.402 0.03 0.028
0 0.875 0.4 0.046 0.024
0 0.91 0.428 0.048 0.044
0 0.954 0.444 0.036 0.036
0 0.807 0.511 0.042 0.038
0 0.733 0.666 0.042 0.04
0 0.529 0.157 0.03 0.042
0 0.559 0.218 0.054 0.036
0 0.874 0.211 0.04 0.038
0 0.359 0.539 0.034 0.034
0 0.373 0.579 0.042 0.026
0 0.773 0.873 0.03 0.022
0 0.66 0.737 0.044 0.046
0 0.819 0.715 0.046 0.046
0 0.913 0.723 0.042 0.054
0 0.792 0.632 0.04 0.036
0 0.453 0.361 0.038 0.034
0 0.278 0.271 0.032 0.034
0 0.553 0.516 0.038 0.044
0 0.571 0.807 0.038 0.03
0 0.186 0.008 0.04 0.012
0 0.286 0.836 0.028 0.032
0 0.237 0.391 0.03 0.026
0 0.931 0.65 0.034 0.032
0 0.897 0.612 0.026 0.02
0 0.48 0.755 0.036 0.03
0 0.387 0.056 0.042 0.028
0 0.567 0.3 0.042 0.028
0 0.632 0.351 0.04 0.03
0 0.67 0.48 0.028 0.036
0 0.743 0.483 0.034 0.038
0 0.964 0.414 0.04 0.028
0 0.774 0.398 0.04 0.028
0 0.927 0.209 0.042 0.03
0 0.731 0.892 0.03 0.036
0 0.857 0.529 0.038 0.03
0 0.909 0.529 0.038 0.034
0 0.263 0.667 0.038 0.046
0 0.487 0.727 0.038 0.026
0 0.314 0.071 0.02 0.034
0 0.395 0.175 0.038 0.034
0 0.099 0.095 0.03 0.022
0 0.119 0.1 0.018 0.024
0 0.65 0.215 0.068 0.062
0 0.442 0.214 0.06 0.056
0 0.64 0.279 0.028 0.07
0 0.884 0.37 0.084 0.056
0 0.951 0.267 0.038 0.03
0 0.336 0.263 0.056 0.066
0 0.429 0.282 0.05 0.06
0 0.296 0.384 0.04 0.068
0 0.273 0.579 0.038 0.03
0 0.285 0.559 0.034 0.03
0 0.324 0.574 0.032 0.04
0 0.591 0.496 0.054 0.072
0 0.319 0.444 0.062 0.044
0 0.375 0.427 0.022 0.026
0 0.359 0.395 0.022 0.022
0 0.424 0.398 0.024 0.024
0 0.472 0.648 0.052 0.068
0 0.506 0.59 0.04 0.024
0 0.844 0.642 0.044 0.044
0 0.628 0.806 0.032 0.028
0 0.65 0.808 0.02 0.024
0 0.67 0.82 0.028 0.04
0 0.335 0.655 0.05 0.058
1 0.571 0.945 0.034 0.022
1 0.213 0.17 0.018 0.02
1 0.464 0.882 0.024 0.02
1 0.591 0.834 0.018 0.016
1 0.386 0.861 0.02 0.022
1 0.179 0.935 0.022 0.022
1 0.208 0.881 0.016 0.026
1 0.142 0.698 0.024 0.02
1 0.139 0.643 0.026 0.022
1 0.027 0.654 0.022 0.024
1 0.19 0.579 0.028 0.03
1 0.055 0.452 0.026 0.024
1 0.028 0.424 0.024 0.016
1 0.161 0.219 0.022 0.022
1 0.188 0.279 0.02 0.026
1 0.073 0.008 0.022 0.012
1 0.156 0.026 0.028 0.016
1 0.265 0.175 0.018 0.026
1 0.284 0.18 0.02 0.016
1 0.158 0.149 0.024 0.022
1 0.799 0.915 0.03 0.03
1 0.772 0.711 0.012 0.014
1 0.389 0.5 0.018 0.02
1 0.539 0.6 0.018 0.02
1 0.462 0.027 0.024 0.026
1 0.637 0.114 0.022 0.02
1 0.817 0.064 0.03 0.016
1 0.348 0.111 0.008 0.01
1 0.296 0.031 0.024 0.022
1 0.729 0.371 0.014 0.018
1 0.867 0.466 0.026 0.016
1 0.944 0.579 0.02 0.034
1 0.713 0.546 0.018 0.02
1 0.722 0.618 0.024 0.016
1 0.83 0.192 0.036 0.024
1 0.539 0.354 0.026 0.02
1 0.382 0.458 0.044 0.024
1 0.297 0.624 0.026 0.02
1 0.51 0.236 0.04 0.028
1 0.818 0.807 0.032 0.014
1 0.81 0.591 0.036 0.022
1 0.991 0.273 0.014 0.026
1 0.388 0.259 0.024 0.03
1 0.699 0.61 0.034 0.028
1 0.316 0.01 0.028 0.016
1 0.156 0.856 0.016 0.024
1 0.183 0.886 0.018 0.02
1 0.25 0.85 0.02 0.032
1 0.276 0.785 0.024 0.022
1 0.18 0.676 0.024 0.032
1 0.023 0.582 0.034 0.024
1 0.093 0.594 0.046 0.024
1 0.09 0.642 0.024 0.02
1 0.04 0.705 0.028 0.022
1 0.067 0.512 0.03 0.036
1 0.097 0.221 0.018 0.014
1 0.133 0.222 0.022 0.016
1 0.076 0.24 0.02 0.028
1 0.391 0.892 0.018 0.032
1 0.961 0.864 0.022 0.028
1 0.588 0.106 0.032 0.02
1 0.821 0.042 0.042 0.024
1 0.859 0.089 0.034 0.018
1 0.688 0.452 0.024 0.036
1 0.971 0.564 0.042 0.044
1 0.819 0.576 0.054 0.076
1 0.617 0.622 0.03 0.044
1 0.77 0.198 0.028 0.016
1 0.336 0.332 0.02 0.024
1 0.804 0.853 0.032 0.03
1 0.678 0.641 0.028 0.022
1 0.693 0.565 0.058 0.034
1 0.96 0.315 0.024 0.026
1 0.314 0.346 0.012 0.008
1 0.543 0.628 0.018 0.016
1 0.241 0.007 0.026 0.01
1 0.048 0.388 0.016 0.024
1 0.082 0.416 0.056 0.04
1 0.101 0.408 0.018 0.012
1 0.045 0.412 0.026 0.02
1 0.393 0.725 0.022 0.026
1 0.411 0.714 0.022 0.016
1 0.429 0.714 0.022 0.028
1 0.465 0.3 0.018 0.024
1 0.468 0.323 0.02 0.026
1 0.802 0.248 0.04 0.016
1 0.949 0.172 0.022 0.04
1 0.978 0.099 0.036 0.014
1 0.986 0.084 0.024 0.012
1 0.925 0.176 0.026 0.016
2 0.142 0.27 0.044 0.044
2 0.71 0.916 0.028 0.024
2 0.278 0.082 0.028 0.016
2 0.365 0.151 0.026 0.038
2 0.569 0.066 0.03 0.016
2 0.783 0.068 0.022 0.02
2 0.681 0.098 0.01 0.016
2 0.228 0.205 0.02 0.018
2 0.927 0.481 0.01 0.018
2 0.64 0.653 0.028 0.022
2 0.338 0.21 0.04 0.012
2 0.919 0.317 0.01 0.01
2 0.255 0.51 0.022 0.024
2 0.9 0.91 0.012 0.02
2 0.876 0.837 0.02 0.026
2 0.892 0.878 0.016 0.024
2 0.913 0.888 0.014 0.024
2 0.862 0.823 0.012 0.014
2 0.78 0.261 0.02 0.014
2 0.775 0.239 0.014 0.01
2 0.588 0.728 0.02 0.016
2 0.534 0.016 0.02 0.016
2 0.478 0.007 0.016 0.01
2 0.872 0.727 0.02 0.03