0 0.216 0.79 0.064 0.072
0 0.855 0.48 0.054 0.092
0 0.857 0.551 0.046 0.066
0 0.8 0.583 0.044 0.058
0 0.727 0.592 0.03 0.036
0 0.676 0.608 0.044 0.068
0 0.634 0.592 0.044 0.06
0 0.771 0.483 0.038 0.07
0 0.712 0.475 0.028 0.054
0 0.681 0.505 0.034 0.066
0 0.658 0.481 0.048 0.082
0 0.596 0.484 0.044 0.068
0 0.64 0.445 0.048 0.082
0 0.618 0.382 0.04 0.072
0 0.819 0.927 0.042 0.062
0 0.787 0.921 0.038 0.078
0 0.83 0.874 0.044 0.06
0 0.745 0.894 0.038 0.056
0 0.706 0.926 0.036 0.06
0 0.885 0.809 0.054 0.066
0 0.898 0.768 0.04 0.072
0 0.872 0.752 0.04 0.056
0 0.951 0.885 0.05 0.086
0 0.937 0.811 0.042 0.05
0 0.708 0.828 0.048 0.064
0 0.733 0.789 0.038 0.054
0 0.926 0.546 0.04 0.064
0 0.977 0.541 0.042 0.062
0 0.904 0.592 0.06 0.048
0 0.821 0.68 0.042 0.06
0 0.7 0.655 0.04 0.05
0 0.706 0.68 0.04 0.036
0 0.699 0.883 0.038 0.054
0 0.73 0.942 0.028 0.028
0 0.667 0.944 0.042 0.076
0 0.642 0.944 0.032 0.04
0 0.599 0.912 0.038 0.06
0 0.534 0.928 0.04 0.064
0 0.643 0.828 0.054 0.072
0 0.502 0.859 0.064 0.066
0 0.413 0.906 0.042 0.064
0 0.434 0.935 0.052 0.07
0 0.688 0.758 0.04 0.028
0 0.627 0.735 0.042 0.054
0 0.602 0.753 0.036 0.034
0 0.515 0.787 0.042 0.07
0 0.392 0.854 0.04 0.068
0 0.346 0.879 0.032 0.034
0 0.33 0.837 0.036 0.05
0 0.264 0.901 0.044 0.058
0 0.303 0.968 0.046 0.06
0 0.263 0.947 0.058 0.07
0 0.457 0.728 0.05 0.076
0 0.4 0.754 0.04 0.06
0 0.211 0.936 0.026 0.06
0 0.193 0.948 0.034 0.06
0 0.189 0.888 0.05 0.068
0 0.24 0.853 0.056 0.074
0 0.255 0.864 0.038 0.072
0 0.125 0.876 0.038 0.052
0 0.14 0.834 0.04 0.044
0 0.088 0.887 0.036 0.054
0 0.069 0.867 0.026 0.042
0 0.08 0.843 0.028 0.03
0 0.019 0.902 0.034 0.068
0 0.533 0.673 0.046 0.078
0 0.574 0.633 0.036 0.07
0 0.195 0.731 0.046 0.086
0 0.173 0.681 0.058 0.07
0 0.365 0.634 0.046 0.06
0 0.314 0.672 0.056 0.076
0 0.492 0.536 0.04 0.052
0 0.402 0.548 0.044 0.044
0 0.3 0.594 0.044 0.052
0 0.317 0.547 0.042 0.046
0 0.161 0.618 0.058 0.072
0 0.135 0.652 0.026 0.04
0 0.079 0.666 0.054 0.06
0 0.803 0.51 0.026 0.032
0 0.511 0.439 0.054 0.074
0 0.487 0.374 0.046 0.072
0 0.446 0.412 0.04 0.064
0 0.401 0.442 0.034 0.032
0 0.393 0.474 0.046 0.032
0 0.099 0.579 0.042 0.066
0 0.06 0.585 0.04 0.07
0 0.027 0.583 0.05 0.074
0 0.185 0.505 0.05 0.058
0 0.181 0.444 0.046 0.068
0 0.112 0.434 0.036 0.064
0 0.097 0.455 0.034 0.062
0 0.268 0.404 0.048 0.068
0 0.31 0.391 0.04 0.05
0 0.359 0.318 0.046 0.056
0 0.316 0.242 0.044 0.068
0 0.268 0.289 0.04 0.07
0 0.187 0.312 0.054 0.068
0 0.132 0.302 0.052 0.084
0 0.114 0.522 0.044 0.048
0 0.326 0.499 0.044 0.05
0 0.828 0.418 0.036 0.072
0 0.888 0.329 0.056 0.062
0 0.832 0.327 0.044 0.066
0 0.813 0.308 0.042 0.052
0 0.826 0.258 0.044 0.048
0 0.824 0.208 0.036 0.052
0 0.785 0.26 0.026 0.036
0 0.681 0.22 0.054 0.06
0 0.75 0.237 0.04 0.062
0 0.709 0.25 0.042 0.06
0 0.491 0.251 0.046 0.058
0 0.44 0.266 0.036 0.052
0 0.418 0.209 0.048 0.054
0 0.394 0.167 0.052 0.058
0 0.166 0.187 0.044 0.05
0 0.124 0.189 0.04 0.038
0 0.121 0.225 0.05 0.05
0 0.028 0.171 0.052 0.078
0 0.602 0.299 0.036 0.054
0 0.577 0.31 0.022 0.052
0 0.553 0.318 0.034 0.064
0 0.701 0.322 0.058 0.068
0 0.644 0.192 0.044 0.04
0 0.628 0.192 0.044 0.064
0 0.041 0.327 0.046 0.05
0 0.061 0.343 0.046 0.058
0 0.043 0.265 0.054 0.074
0 0.065 0.29 0.046 0.052
0 0.24 0.107 0.044 0.066
0 0.196 0.112 0.048 0.068
0 0.187 0.06 0.054 0.06
0 0.171 0.028 0.05 0.052
0 0.042 0.084 0.044 0.068
0 0.554 0.268 0.048 0.036
0 0.545 0.218 0.054 0.06
0 0.519 0.18 0.038 0.044
0 0.455 0.201 0.042 0.05
0 0.933 0.087 0.046 0.054
0 0.895 0.1 0.03 0.048
0 0.862 0.119 0.032 0.066
0 0.806 0.137 0.044 0.046
0 0.817 0.086 0.042 0.052
0 0.853 0.067 0.026 0.038
0 0.725 0.085 0.034 0.046
0 0.922 0.236 0.048 0.052
0 0.899 0.274 0.046 0.04
0 0.974 0.198 0.044 0.056
0 0.66 0.103 0.04 0.058
0 0.656 0.065 0.032 0.034
0 0.618 0.058 0.036 0.028
0 0.584 0.092 0.048 0.06
0 0.542 0.077 0.04 0.054
0 0.552 0.113 0.032 0.034
0 0.273 0.2 0.05 0.056
0 0.342 0.06 0.032 0.044
0 0.321 0.093 0.034 0.058
0 0.29 0.042 0.044 0.048
0 0.285 0.109 0.038 0.058
0 0.346 0.134 0.024 0.04
0 0.451 0.078 0.026 0.036
0 0.463 0.043 0.026 0.03
0 0.317 0.909 0.042 0.038
1 0.565 0.451 0.018 0.03
1 0.616 0.433 0.016 0.034
1 0.736 0.642 0.024 0.016
1 0.915 0.907 0.022 0.022
1 0.914 0.86 0.02 0.028
1 0.825 0.813 0.034 0.026
1 0.782 0.823 0.02 0.026
1 0.783 0.849 0.022 0.022
1 0.908 0.97 0.028 0.02
1 0.917 0.68 0.026 0.032
1 0.96 0.604 0.032 0.016
1 0.892 0.621 0.036 0.026
1 0.635 0.707 0.026 0.018
1 0.589 0.957 0.018 0.022
1 0.592 0.841 0.02 0.038
1 0.418 0.817 0.04 0.03
1 0.18 0.982 0.012 0.028
1 0.101 0.857 0.018 0.018
1 0.147 0.795 0.022 0.03
1 0.134 0.781 0.024 0.03
1 0.054 0.769 0.032 0.034
1 0.362 0.789 0.028 0.03
1 0.519 0.63 0.022 0.024
1 0.526 0.611 0.02 0.022
1 0.168 0.727 0.008 0.026
1 0.286 0.633 0.02 0.018
1 0.249 0.505 0.03 0.026
1 0.136 0.403 0.02 0.026
1 0.352 0.265 0.032 0.054
1 0.304 0.483 0.024 0.05
1 0.359 0.437 0.034 0.034
1 0.33 0.454 0.024 0.024
1 0.65 0.64 0.016 0.024
1 0.66 0.651 0.012 0.022
1 0.378 0.697 0.02 0.018
1 0.211 0.592 0.014 0.012
1 0.218 0.581 0.016 0.022
1 0.221 0.563 0.014 0.014
1 0.017 0.482 0.022 0.024
1 0.844 0.374 0.028 0.032
1 0.573 0.362 0.026 0.032
1 0.227 0.336 0.034 0.024
1 0.228 0.318 0.016 0.016
1 0.656 0.315 0.024 0.022
1 0.515 0.219 0.022 0.034
1 0.537 0.153 0.018 0.042
1 0.879 0.04 0.026 0.024
1 0.779 0.116 0.018 0.016
1 0.752 0.081 0.02 0.034
1 0.915 0.204 0.022 0.028
1 0.987 0.145 0.022 0.026
1 0.97 0.13 0.024 0.016
1 0.953 0.142 0.018 0.016
1 0.936 0.14 0.016 0.024
1 0.911 0.154 0.026 0.024
1 0.701 0.19 0.018 0.02
1 0.632 0.294 0.028 0.036
1 0.308 0.186 0.02 0.024
1 0.205 0.163 0.018 0.03
1 0.336 0.375 0.024 0.026
1 0.325 0.355 0.018 0.026
1 0.308 0.352 0.016 0.024
1 0.362 0.159 0.016 0.022
1 0.42 0.07 0.016 0.02
1 0.462 0.019 0.012 0.014
1 0.793 0.346 0.026 0.02
1 0.715 0.342 0.014 0.016
1 0.898 0.929 0.028 0.022
1 0.88 0.934 0.024 0.016
1 0.603 0.965 0.022 0.018
1 0.387 0.956 0.026 0.036
2 0.97 0.632 0.024 0.036
2 0.481 0.63 0.034 0.056
2 0.239 0.724 0.03 0.04
2 0.036 0.73 0.028 0.024
2 0.282 0.728 0.02 0.032
2 0.335 0.776 0.03 0.04
2 0.364 0.746 0.012 0.036
2 0.589 0.553 0.042 0.042
2 0.8 0.54 0.056 0.036
2 0.432 0.658 0.016 0.016
2 0.015 0.542 0.026 0.028
2 0.725 0.409 0.026 0.042
2 0.901 0.446 0.026 0.032
2 0.053 0.207 0.026 0.042
2 0.754 0.159 0.052 0.058
2 0.442 0.835 0.024 0.026
2 0.229 0.158 0.022 0.028
2 0.864 0.163 0.032 0.018
2 0.746 0.323 0.02 0.022
2 0.629 0.268 0.014 0.012
2 0.341 0.419 0.026 0.046
2 0.871 0.957 0.046 0.034
2 0.616 0.935 0.032 0.034