0 0.033 0.009 0.038 0.018
0 0.012 0.038 0.024 0.024
0 0.118 0.058 0.036 0.048
0 0.023 0.194 0.038 0.032
0 0.05 0.237 0.048 0.034
0 0.003 0.327 0.006 0.022
0 0.057 0.324 0.042 0.032
0 0.04 0.352 0.024 0.016
0 0.042 0.371 0.048 0.026
0 0.023 0.444 0.042 0.032
0 0.013 0.491 0.026 0.034
0 0.074 0.476 0.044 0.028
0 0.013 0.618 0.026 0.032
0 0.023 0.661 0.046 0.034
0 0.048 0.72 0.056 0.036
0 0.009 0.988 0.018 0.02
0 0.038 0.992 0.04 0.012
0 0.073 0.932 0.038 0.032
0 0.029 0.918 0.042 0.04
0 0.057 0.885 0.038 0.058
0 0.064 0.851 0.016 0.022
0 0.017 0.828 0.034 0.036
0 0.054 0.775 0.06 0.026
0 0.094 0.748 0.044 0.028
0 0.099 0.82 0.062 0.036
0 0.205 0.889 0.046 0.046
0 0.262 0.861 0.052 0.038
0 0.264 0.907 0.036 0.026
0 0.224 0.952 0.056 0.028
0 0.298 0.983 0.056 0.03
0 0.343 0.978 0.038 0.032
0 0.39 0.986 0.056 0.024
0 0.45 0.924 0.044 0.028
0 0.52 0.893 0.064 0.058
0 0.613 0.959 0.054 0.034
0 0.735 0.958 0.058 0.044
0 0.544 0.995 0.036 0.006
0 0.846 0.982 0.04 0.032
0 0.881 0.857 0.026 0.034
0 0.931 0.794 0.066 0.048
0 0.731 0.872 0.066 0.04
0 0.768 0.828 0.052 0.044
0 0.647 0.798 0.034 0.036
0 0.546 0.814 0.032 0.028
0 0.505 0.783 0.038 0.038
0 0.539 0.769 0.018 0.018
0 0.536 0.746 0.024 0.012
0 0.581 0.725 0.046 0.042
0 0.552 0.703 0.036 0.034
0 0.525 0.679 0.038 0.034
0 0.49 0.693 0.036 0.03
0 0.407 0.714 0.058 0.036
0 0.338 0.746 0.048 0.032
0 0.269 0.758 0.046 0.028
0 0.379 0.822 0.05 0.028
0 0.209 0.756 0.034 0.032
0 0.146 0.715 0.044 0.042
0 0.225 0.697 0.054 0.034
0 0.243 0.667 0.038 0.026
0 0.284 0.693 0.032 0.042
0 0.34 0.646 0.052 0.028
0 0.195 0.647 0.042 0.038
0 0.153 0.658 0.038 0.032
0 0.135 0.573 0.038 0.03
0 0.183 0.55 0.034 0.032
0 0.216 0.465 0.04 0.038
0 0.202 0.437 0.044 0.038
0 0.17 0.454 0.024 0.036
0 0.145 0.456 0.034 0.032
0 0.327 0.537 0.046 0.03
0 0.253 0.012 0.038 0.024
0 0.202 0.066 0.016 0.024
0 0.118 0.265 0.04 0.038
0 0.175 0.161 0.046 0.022
0 0.173 0.182 0.046 0.02
0 0.18 0.212 0.044 0.044
0 0.18 0.248 0.04 0.024
0 0.212 0.252 0.02 0.02
0 0.25 0.235 0.044 0.05
0 0.197 0.353 0.038 0.03
0 0.233 0.381 0.042 0.022
0 0.902 0.726 0.048 0.04
0 0.946 0.645 0.044 0.026
0 0.83 0.645 0.068 0.05
0 0.868 0.609 0.048 0.042
0 0.746 0.674 0.064 0.032
0 0.704 0.737 0.052 0.034
0 0.51 0.624 0.084 0.044
0 0.73 0.621 0.052 0.03
0 0.812 0.559 0.052 0.038
0 0.716 0.553 0.06 0.038
0 0.682 0.532 0.056 0.04
0 0.806 0.511 0.048 0.046
0 0.991 0.477 0.014 0.042
0 0.97 0.46 0.02 0.02
0 0.847 0.488 0.03 0.028
0 0.782 0.429 0.04 0.042
0 0.905 0.381 0.046 0.046
0 0.991 0.305 0.014 0.034
0 0.932 0.283 0.04 0.066
0 0.882 0.266 0.028 0.028
0 0.816 0.308 0.04 0.04
0 0.454 0.554 0.04 0.032
0 0.48 0.514 0.04 0.036
0 0.51 0.523 0.032 0.026
0 0.564 0.539 0.02 0.03
0 0.405 0.467 0.03 0.022
0 0.361 0.345 0.034 0.03
0 0.383 0.376 0.05 0.048
0 0.427 0.386 0.054 0.06
0 0.479 0.399 0.046 0.05
0 0.53 0.383 0.02 0.046
0 0.598 0.375 0.024 0.026
0 0.632 0.42 0.04 0.048
0 0.695 0.436 0.038 0.048
0 0.721 0.353 0.046 0.03
0 0.641 0.343 0.03 0.022
0 0.339 0.058 0.042 0.032
0 0.354 0.089 0.032 0.03
0 0.385 0.037 0.026 0.022
0 0.351 0.003 0.03 0.006
0 0.43 0.006 0.02 0.012
0 0.41 0.109 0.052 0.038
0 0.371 0.157 0.05 0.034
0 0.46 0.167 0.036 0.034
0 0.414 0.307 0.044 0.03
0 0.514 0.252 0.052 0.052
0 0.556 0.275 0.036 0.046
0 0.578 0.265 0.028 0.03
0 0.655 0.22 0.058 0.048
0 0.713 0.274 0.066 0.036
0 0.781 0.261 0.03 0.03
0 0.617 0.049 0.054 0.042
0 0.63 0.006 0.036 0.012
0 0.658 0.036 0.032 0.032
0 0.702 0.034 0.048 0.044
0 0.776 0.006 0.02 0.012
0 0.699 0.111 0.042 0.038
0 0.829 0.092 0.046 0.06
0 0.913 0.137 0.078 0.038
0 0.896 0.098 0.044 0.044
0 0.974 0.093 0.02 0.026
0 0.988 0.014 0.02 0.02
1 0.135 0.911 0.026 0.026
1 0.143 0.975 0.03 0.022
1 0.737 0.994 0.018 0.008
1 0.476 0.995 0.016 0.006
1 0.798 0.967 0.024 0.026
1 0.886 0.953 0.024 0.022
1 0.911 0.906 0.026 0.028
1 0.638 0.901 0.028 0.018
1 0.52 0.796 0.004 0.016
1 0.421 0.779 0.014 0.014
1 0.074 0.603 0.016 0.026
1 0.092 0.595 0.024 0.042
1 0.237 0.506 0.034 0.024
1 0.32 0.501 0.024 0.026
1 0.161 0.09 0.018 0.012
1 0.187 0.294 0.026 0.028
1 0.151 0.303 0.01 0.01
1 0.971 0.708 0.018 0.032
1 0.847 0.685 0.022 0.034
1 0.633 0.726 0.022 0.024
1 0.647 0.631 0.022 0.022
1 0.754 0.479 0.024 0.014
1 0.971 0.438 0.018 0.012
1 0.83 0.465 0.024 0.026
1 0.902 0.308 0.02 0.016
1 0.867 0.292 0.018 0.016
1 0.883 0.286 0.01 0.012
1 0.374 0.476 0.016 0.02
1 0.428 0.452 0.012 0.016
1 0.368 0.432 0.028 0.028
1 0.321 0.302 0.026 0.028
1 0.448 0.407 0.012 0.022
1 0.557 0.393 0.03 0.026
1 0.72 0.459 0.02 0.018
1 0.714 0.395 0.044 0.018
1 0.293 0.037 0.022 0.034
1 0.295 0.11 0.022 0.032
1 0.478 0.211 0.02 0.018
1 0.498 0.217 0.024 0.014
1 0.81 0.228 0.02 0.016
1 0.879 0.201 0.022 0.022
1 0.864 0.187 0.024 0.018
1 0.525 0.127 0.026 0.03
1 0.625 0.02 0.018 0.012
1 0.688 0.056 0.024 0.02
1 0.729 0.129 0.03 0.018
1 0.768 0.114 0.032 0.02
1 0.819 0.05 0.026 0.02
1 0.986 0.05 0.016 0.016
1 0.968 0.038 0.016 0.008
1 0.966 0.021 0.02 0.018
1 0.705 0.19 0.006 0.016
2 0.064 0.799 0.032 0.018
2 0.008 0.886 0.016 0.032
2 0.515 0.988 0.03 0.02
2 0.805 0.99 0.042 0.016
2 0.794 0.979 0.016 0.018
2 0.819 0.9 0.026 0.016
2 0.841 0.877 0.018 0.018
2 0.803 0.946 0.014 0.016
2 0.612 0.911 0.032 0.022
2 0.694 0.835 0.016 0.046
2 0.53 0.73 0.028 0.028
2 0.084 0.663 0.012 0.014
2 0.245 0.416 0.03 0.016
2 0.149 0.852 0.022 0.028
2 0.352 0.901 0.016 0.026
2 0.399 0.878 0.018 0.02
2 0.844 0.55 0.02 0.012
2 0.882 0.427 0.016 0.034
2 0.261 0.103 0.03 0.038
2 0.308 0.175 0.056 0.018
2 0.247 0.194 0.018 0.008
2 0.378 0.285 0.032 0.018
2 0.974 0.241 0.04 0.022
2 0.403 0.201 0.018 0.014
2 0.582 0.106 0.024 0.024
2 0.813 0.128 0.026 0.024
2 0.965 0.14 0.022 0.02
2 0.806 0.254 0.02 0.024
2 0.443 0.579 0.03 0.026
2 0.173 0.612 0.014 0.016
2 0.187 0.612 0.014 0.012
2 0.128 0.473 0.02 0.018
2 0.01 0.348 0.02 0.016
2 0.784 0.691 0.016 0.014
2 0.816 0.737 0.008 0.014