0 0.787 0.716 0.062 0.08
0 0.246 0.145 0.06 0.086
0 0.344 0.091 0.04 0.054
0 0.425 0.07 0.03 0.036
0 0.149 0.209 0.05 0.074
0 0.107 0.227 0.038 0.07
0 0.138 0.294 0.044 0.06
0 0.173 0.251 0.05 0.074
0 0.227 0.235 0.038 0.034
0 0.042 0.335 0.044 0.066
0 0.061 0.392 0.042 0.072
0 0.138 0.394 0.052 0.072
0 0.175 0.485 0.042 0.07
0 0.233 0.513 0.038 0.054
0 0.287 0.554 0.034 0.068
0 0.237 0.637 0.034 0.062
0 0.27 0.657 0.032 0.062
0 0.332 0.695 0.04 0.054
0 0.546 0.66 0.04 0.072
0 0.561 0.727 0.054 0.066
0 0.647 0.681 0.054 0.054
0 0.736 0.678 0.052 0.04
0 0.749 0.575 0.054 0.054
0 0.735 0.601 0.038 0.03
0 0.803 0.62 0.03 0.04
0 0.848 0.624 0.036 0.056
0 0.892 0.648 0.04 0.06
0 0.885 0.59 0.026 0.052
0 0.558 0.088 0.044 0.08
0 0.637 0.102 0.054 0.068
0 0.642 0.045 0.044 0.046
0 0.761 0.125 0.038 0.038
0 0.864 0.06 0.048 0.056
0 0.931 0.049 0.042 0.054
0 0.958 0.022 0.048 0.044
0 0.942 0.094 0.044 0.064
0 0.038 0.047 0.032 0.046
0 0.113 0.048 0.05 0.04
0 0.123 0.02 0.038 0.04
0 0.082 0.087 0.032 0.046
0 0.372 0.204 0.048 0.068
0 0.409 0.221 0.038 0.082
0 0.517 0.188 0.034 0.064
0 0.555 0.169 0.034 0.038
0 0.637 0.169 0.058 0.074
0 0.367 0.33 0.058 0.04
0 0.359 0.397 0.038 0.07
0 0.442 0.377 0.056 0.078
0 0.426 0.453 0.052 0.062
0 0.5 0.401 0.028 0.062
0 0.534 0.393 0.032 0.046
0 0.428 0.532 0.064 0.068
0 0.249 0.293 0.046 0.082
0 0.284 0.281 0.044 0.05
0 0.467 0.264 0.046 0.06
0 0.46 0.33 0.036 0.044
0 0.861 0.164 0.058 0.072
0 0.966 0.163 0.036 0.066
0 0.941 0.235 0.03 0.034
0 0.17 0.603 0.044 0.074
0 0.132 0.671 0.036 0.046
0 0.089 0.72 0.062 0.064
0 0.274 0.864 0.052 0.088
0 0.38 0.873 0.06 0.102
0 0.388 0.959 0.056 0.042
0 0.425 0.954 0.03 0.056
0 0.461 0.951 0.034 0.054
0 0.51 0.914 0.048 0.068
0 0.589 0.903 0.038 0.058
0 0.217 0.94 0.042 0.064
0 0.246 0.97 0.056 0.056
0 0.315 0.901 0.034 0.066
0 0.48 0.801 0.06 0.102
0 0.456 0.748 0.044 0.052
0 0.729 0.348 0.038 0.076
0 0.702 0.408 0.044 0.064
0 0.662 0.309 0.032 0.042
0 0.667 0.505 0.042 0.07
0 0.858 0.276 0.052 0.04
0 0.877 0.332 0.078 0.076
0 0.929 0.343 0.042 0.082
0 0.956 0.332 0.024 0.052
0 0.832 0.467 0.048 0.058
0 0.906 0.438 0.048 0.056
0 0.936 0.505 0.044 0.058
0 0.974 0.458 0.048 0.056
0 0.98 0.5 0.036 0.032
0 0.983 0.534 0.026 0.04
0 0.841 0.744 0.046 0.052
0 0.882 0.722 0.056 0.048
0 0.794 0.794 0.04 0.064
0 0.616 0.826 0.036 0.076
0 0.654 0.775 0.072 0.074
0 0.781 0.894 0.066 0.104
0 0.905 0.872 0.042 0.056
0 0.975 0.828 0.034 0.044
0 0.866 0.98 0.048 0.036
0 0.661 0.969 0.046 0.05
0 0.733 0.972 0.05 0.052
0 0.689 0.977 0.026 0.042
0 0.072 0.973 0.044 0.05
0 0.069 0.848 0.046 0.064
0 0.954 0.76 0.052 0.064
0 0.125 0.091 0.062 0.074
0 0.206 0.156 0.024 0.052
0 0.764 0.247 0.028 0.042
0 0.055 0.496 0.03 0.048
0 0.027 0.675 0.046 0.054
0 0.037 0.647 0.03 0.042
0 0.327 0.618 0.05 0.072
0 0.506 0.776 0.032 0.044
1 0.378 0.051 0.02 0.03
1 0.218 0.255 0.02 0.018
1 0.164 0.407 0.02 0.038
1 0.124 0.462 0.02 0.028
1 0.237 0.445 0.026 0.034
1 0.31 0.572 0.024 0.024
1 0.304 0.612 0.012 0.032
1 0.418 0.691 0.02 0.026
1 0.462 0.646 0.024 0.02
1 0.511 0.647 0.026 0.026
1 0.735 0.641 0.018 0.018
1 0.816 0.581 0.028 0.03
1 0.67 0.077 0.02 0.022
1 0.791 0.119 0.026 0.018
1 0.813 0.129 0.022 0.026
1 0.836 0.101 0.024 0.03
1 0.009 0.032 0.018 0.024
1 0.455 0.195 0.022 0.03
1 0.519 0.416 0.014 0.02
1 0.417 0.582 0.022 0.024
1 0.345 0.246 0.022 0.028
1 0.356 0.262 0.02 0.02
1 0.452 0.302 0.024 0.02
1 0.159 0.086 0.018 0.028
1 0.238 0.061 0.024 0.018
1 0.883 0.12 0.014 0.012
1 0.166 0.711 0.016 0.022
1 0.136 0.759 0.028 0.018
1 0.248 0.721 0.024 0.03
1 0.143 0.849 0.018 0.034
1 0.128 0.866 0.012 0.024
1 0.159 0.863 0.034 0.042
1 0.186 0.814 0.036 0.056
1 0.232 0.787 0.028 0.034
1 0.251 0.779 0.022 0.026
1 0.355 0.934 0.042 0.016
1 0.558 0.905 0.032 0.014
1 0.214 0.897 0.024 0.022
1 0.498 0.744 0.024 0.028
1 0.292 0.363 0.016 0.018
1 0.317 0.356 0.022 0.028
1 0.336 0.355 0.02 0.03
1 0.482 0.147 0.032 0.026
1 0.768 0.438 0.036 0.04
1 0.821 0.435 0.022 0.018
1 0.647 0.288 0.018 0.02
1 0.648 0.265 0.032 0.018
1 0.636 0.516 0.02 0.036
1 0.586 0.506 0.04 0.02
1 0.566 0.546 0.032 0.024
1 0.591 0.613 0.018 0.038
1 0.67 0.555 0.028 0.042
1 0.728 0.195 0.028 0.022
1 0.824 0.21 0.032 0.036
1 0.818 0.269 0.016 0.022
1 0.952 0.42 0.024 0.02
1 0.934 0.409 0.016 0.018
1 0.946 0.404 0.008 0.012
1 0.903 0.541 0.022 0.014
1 0.921 0.544 0.018 0.012
1 0.94 0.548 0.02 0.02
1 0.609 0.751 0.018 0.03
1 0.635 0.75 0.026 0.036
1 0.666 0.766 0.02 0.024
1 0.697 0.831 0.018 0.03
1 0.73 0.816 0.024 0.036
1 0.721 0.876 0.022 0.032
1 0.826 0.92 0.016 0.028
1 0.887 0.943 0.022 0.03
1 0.915 0.957 0.018 0.026
1 0.948 0.971 0.032 0.034
1 0.939 0.828 0.034 0.064
1 0.629 0.981 0.014 0.018
1 0.644 0.99 0.012 0.016
1 0.018 0.898 0.032 0.04
1 0.161 0.984 0.018 0.016
1 0.1 0.897 0.036 0.022
1 0.101 0.844 0.018 0.036
1 0.985 0.734 0.018 0.016
1 0.058 0.141 0.032 0.018
1 0.036 0.261 0.028 0.034
1 0.54 0.307 0.032 0.034
1 0.582 0.267 0.028 0.03
1 0.757 0.22 0.026 0.024
1 0.739 0.242 0.022 0.028
1 0.015 0.402 0.022 0.028
1 0.08 0.577 0.016 0.026
1 0.108 0.624 0.028 0.024
1 0.354 0.636 0.024 0.024
1 0.901 0.52 0.03 0.028
1 0.008 0.731 0.016 0.022
1 0.835 0.017 0.018 0.034
1 0.811 0.07 0.022 0.012
1 0.797 0.085 0.03 0.014
2 0.774 0.108 0.016 0.02
2 0.315 0.244 0.022 0.036
2 0.044 0.965 0.036 0.022
2 0.393 0.135 0.026 0.042
2 0.538 0.262 0.028 0.024
2 0.545 0.232 0.022 0.02
2 0.988 0.231 0.02 0.026
2 0.328 0.322 0.024 0.032
2 0.551 0.358 0.01 0.02
2 0.557 0.374 0.014 0.016
2 0.247 0.386 0.022 0.02
2 0.125 0.55 0.03 0.04
2 0.557 0.48 0.03 0.056
2 0.568 0.445 0.036 0.026
2 0.202 0.747 0.02 0.018