0 0.928 0.176 0.04 0.036
0 0.963 0.109 0.038 0.042
0 0.988 0.078 0.02 0.036
0 0.886 0.22 0.048 0.032
0 0.792 0.248 0.052 0.064
0 0.682 0.162 0.06 0.068
0 0.729 0.099 0.042 0.038
0 0.736 0.038 0.048 0.056
0 0.674 0.022 0.044 0.044
0 0.565 0.061 0.058 0.054
0 0.45 0.142 0.06 0.052
0 0.526 0.187 0.056 0.042
0 0.361 0.159 0.05 0.066
0 0.299 0.159 0.046 0.046
0 0.225 0.149 0.046 0.062
0 0.171 0.081 0.05 0.046
0 0.216 0.035 0.04 0.05
0 0.075 0.047 0.062 0.046
0 0.073 0.096 0.062 0.044
0 0.05 0.191 0.064 0.062
0 0.111 0.249 0.054 0.05
0 0.127 0.345 0.054 0.058
0 0.257 0.301 0.058 0.062
0 0.305 0.242 0.058 0.06
0 0.458 0.307 0.088 0.086
0 0.373 0.487 0.066 0.05
0 0.334 0.532 0.036 0.04
0 0.247 0.53 0.05 0.052
0 0.202 0.578 0.056 0.048
0 0.157 0.601 0.034 0.03
0 0.069 0.515 0.05 0.038
0 0.039 0.592 0.05 0.064
0 0.059 0.707 0.042 0.042
0 0.037 0.725 0.03 0.034
0 0.193 0.676 0.042 0.048
0 0.275 0.676 0.046 0.056
0 0.415 0.624 0.034 0.044
0 0.291 0.597 0.046 0.05
0 0.232 0.753 0.068 0.066
0 0.126 0.75 0.044 0.044
0 0.097 0.772 0.042 0.04
0 0.056 0.859 0.056 0.07
0 0.132 0.956 0.056 0.052
0 0.29 0.922 0.06 0.044
0 0.331 0.958 0.054 0.06
0 0.436 0.894 0.052 0.064
0 0.51 0.888 0.04 0.04
0 0.539 0.985 0.05 0.026
0 0.591 0.923 0.054 0.042
0 0.467 0.962 0.07 0.064
0 0.77 0.914 0.04 0.036
0 0.857 0.881 0.074 0.07
0 0.971 0.879 0.054 0.074
0 0.968 0.801 0.06 0.066
0 0.89 0.813 0.068 0.054
0 0.917 0.73 0.042 0.04
0 0.837 0.768 0.05 0.056
0 0.834 0.816 0.056 0.056
0 0.672 0.885 0.056 0.058
0 0.662 0.839 0.048 0.054
0 0.62 0.834 0.028 0.044
0 0.588 0.688 0.052 0.044
0 0.67 0.652 0.064 0.056
0 0.664 0.601 0.056 0.038
0 0.582 0.54 0.056 0.044
0 0.509 0.509 0.046 0.046
0 0.54 0.474 0.044 0.052
0 0.732 0.477 0.068 0.054
0 0.915 0.406 0.058 0.044
0 0.942 0.449 0.048 0.05
0 0.937 0.476 0.05 0.044
0 0.972 0.512 0.04 0.036
0 0.954 0.563 0.044 0.042
0 0.91 0.596 0.06 0.04
0 0.879 0.52 0.054 0.044
0 0.771 0.317 0.042 0.05
0 0.637 0.305 0.038 0.05
0 0.608 0.159 0.084 0.054
0 0.412 0.163 0.044 0.058
0 0.359 0.022 0.042 0.04
0 0.284 0.087 0.036 0.026
0 0.488 0.351 0.056 0.058
0 0.274 0.399 0.064 0.066
0 0.135 0.403 0.05 0.054
0 0.033 0.468 0.062 0.056
0 0.183 0.372 0.054 0.064
0 0.307 0.443 0.078 0.094
0 0.155 0.284 0.046 0.048
0 0.095 0.295 0.046 0.05
0 0.884 0.452 0.06 0.044
0 0.835 0.476 0.054 0.044
0 0.721 0.409 0.05 0.03
0 0.618 0.406 0.056 0.048
0 0.645 0.381 0.046 0.038
0 0.58 0.463 0.036 0.046
0 0.738 0.529 0.064 0.054
0 0.778 0.503 0.04 0.082
0 0.813 0.733 0.062 0.058
0 0.707 0.737 0.046 0.046
0 0.977 0.698 0.042 0.044
0 0.839 0.968 0.07 0.056
0 0.742 0.981 0.048 0.034
0 0.701 0.988 0.054 0.02
0 0.58 0.761 0.052 0.046
0 0.539 0.648 0.046 0.052
0 0.515 0.764 0.034 0.044
0 0.019 0.68 0.034 0.052
0 0.759 0.72 0.074 0.056
0 0.571 0.831 0.054 0.058
0 0.905 0.1 0.05 0.052
0 0.917 0.031 0.05 0.054
0 0.952 0.022 0.032 0.044
0 0.779 0.097 0.042 0.042
0 0.794 0.064 0.02 0.024
0 0.723 0.208 0.038 0.028
0 0.72 0.184 0.044 0.04
0 0.991 0.213 0.014 0.038
0 0.858 0.314 0.02 0.04
0 0.74 0.391 0.036 0.038
0 0.661 0.297 0.03 0.054
0 0.484 0.027 0.052 0.054
0 0.224 0.379 0.048 0.042
0 0.841 0.397 0.022 0.022
0 0.823 0.557 0.026 0.03
0 0.779 0.565 0.022 0.022
0 0.949 0.615 0.034 0.038
0 0.978 0.473 0.028 0.022
0 0.852 0.676 0.02 0.024
0 0.898 0.687 0.024 0.018
0 0.664 0.074 0.016 0.016
0 0.68 0.078 0.016 0.016
0 0.547 0.009 0.026 0.018
0 0.524 0.012 0.02 0.024
0 0.503 0.028 0.03 0.028
0 0.478 0.168 0.048 0.036
0 0.125 0.888 0.026 0.024
0 0.077 0.933 0.022 0.034
0 0.119 0.981 0.018 0.022
0 0.499 0.783 0.03 0.026
0 0.555 0.724 0.022 0.02
0 0.603 0.606 0.026 0.016
0 0.582 0.608 0.016 0.02
0 0.722 0.666 0.028 0.028
0 0.961 0.954 0.022 0.028
0 0.924 0.98 0.032 0.024
0 0.715 0.931 0.026 0.022
0 0.897 0.373 0.022 0.026
0 0.878 0.304 0.02 0.04
0 0.94 0.065 0.028 0.022
0 0.684 0.228 0.028 0.024
0 0.172 0.538 0.048 0.052
0 0.178 0.006 0.04 0.012
0 0.095 0.008 0.046 0.016
0 0.39 0.248 0.024 0.024
0 0.164 0.254 0.016 0.024
0 0.181 0.254 0.01 0.02
0 0.006 0.394 0.008 0.04
0 0.173 0.453 0.022 0.038
0 0.399 0.432 0.022 0.024
0 0.555 0.417 0.026 0.038
0 0.452 0.402 0.036 0.036
0 0.456 0.431 0.016 0.022
0 0.19 0.737 0.012 0.026
0 0.181 0.741 0.01 0.022
0 0.291 0.844 0.03 0.02
0 0.306 0.826 0.028 0.02
0 0.405 0.732 0.03 0.032
0 0.424 0.803 0.02 0.018
0 0.28 0.991 0.04 0.014
0 0.151 0.854 0.022 0.028
0 0.01 0.754 0.016 0.036
0 0.013 0.784 0.022 0.036
0 0.059 0.616 0.018 0.024
0 0.14 0.718 0.024 0.028
0 0.993 0.542 0.01 0.02
0 0.98 0.573 0.036 0.026
0 0.699 0.104 0.018 0.024
0 0.681 0.055 0.014 0.014
0 0.669 0.06 0.022 0.016
0 0.593 0.294 0.022 0.024
0 0.029 0.374 0.038 0.024
0 0.336 0.638 0.036 0.036
0 0.746 0.791 0.028 0.018
0 0.758 0.821 0.016 0.026
0 0.742 0.841 0.02 0.054
0 0.816 0.608 0.024 0.02
0 0.809 0.624 0.03 0.024
0 0.644 0.347 0.028 0.018
0 0.662 0.337 0.016 0.014
0 0.62 0.482 0.024 0.02
0 0.605 0.492 0.01 0.012
0 0.436 0.506 0.036 0.056
0 0.478 0.414 0.02 0.024
0 0.498 0.391 0.024 0.018
0 0.088 0.199 0.052 0.046
0 0.61 0.273 0.036 0.034
0 0.598 0.797 0.032 0.022
0 0.321 0.804 0.014 0.044
0 0.041 0.355 0.034 0.026
0 0.098 0.433 0.024 0.026
0 0.476 0.678 0.028 0.024
0 0.193 0.641 0.022 0.026
0 0.095 0.91 0.038 0.032
0 0.699 0.971 0.03 0.014
0 0.997 0.673 0.002 0.018
0 0.017 0.804 0.03 0.036
0 0.019 0.829 0.03 0.038
0 0.586 0.405 0.044 0.054
0 0.742 0.265 0.036 0.066
0 0.371 0.298 0.034 0.052
0 0.392 0.643 0.048 0.05
1 0.343 0.734 0.026 0.012
1 0.312 0.75 0.016 0.016
1 0.606 0.955 0.012 0.018
1 0.571 0.905 0.03 0.03
1 0.839 0.103 0.006 0.014
1 0.425 0.26 0.014 0.024
1 0.307 0.303 0.014 0.022
1 0.105 0.146 0.014 0.012
1 0.522 0.691 0.008 0.01
1 0.537 0.713 0.01 0.01
1 0.429 0.735 0.01 0.01
1 0.421 0.726 0.014 0.012
1 0.371 0.881 0.014 0.014
1 0.331 0.889 0.014 0.01
1 0.414 0.943 0.008 0.01
1 0.048 0.793 0.008 0.006
1 0.052 0.789 0.004 0.006
1 0.825 0.523 0.01 0.01
1 0.675 0.046 0.006 0.012
1 0.811 0.643 0.018 0.006
1 0.792 0.616 0.012 0.012
1 0.684 0.265 0.008 0.006
1 0.303 0.76 0.01 0.008
1 0.227 0.816 0.014 0.016
1 0.837 0.148 0.01 0.008
1 0.781 0.142 0.018 0.024
1 0.212 0.822 0.012 0.016
1 0.411 0.959 0.006 0.01
1 0.005 0.354 0.006 0.02
1 0.095 0.643 0.014 0.026
1 0.944 0.958 0.008 0.02
1 0.689 0.038 0.01 0.008
1 0.238 0.614 0.012 0.02
1 0.356 0.479 0.016 0.01
1 0.901 0.567 0.014 0.018
1 0.155 0.883 0.014 0.022
1 0.15 0.874 0.012 0.016
1 0.53 0.941 0.024 0.018
1 0.089 0.225 0.01 0.022
1 0.781 0.634 0.018 0.016
2 0.709 0.899 0.006 0.006
2 0.726 0.946 0.008 0.008
2 0.667 0.699 0.006 0.01
2 0.772 0.676 0.012 0.004
2 0.764 0.688 0.012 0.008
2 0.846 0.149 0.004 0.01
2 0.839 0.159 0.006 0.01
2 0.828 0.152 0.008 0.012
2 0.822 0.127 0.004 0.006
2 0.982 0.003 0.024 0.006
2 0.508 0.123 0.024 0.006
2 0.497 0.089 0.014 0.01
2 0.47 0.109 0.008 0.01
2 0.797 0.146 0.014 0.016
2 0.759 0.153 0.018 0.018
2 0.864 0.371 0.02 0.01
2 0.861 0.378 0.01 0.004
2 0.226 0.643 0.008 0.01
2 0.162 0.654 0.008 0.02
2 0.053 0.661 0.014 0.018
2 0.157 0.691 0.018 0.014
2 0.881 0.712 0.026 0.016
2 0.955 0.744 0.018 0.012
2 0.845 0.665 0.01 0.002
2 0.83 0.676 0.004 0.004
2 0.827 0.69 0.01 0.004
2 0.679 0.373 0.006 0.01
2 0.846 0.245 0.008 0.018
2 0.957 0.259 0.006 0.006
2 0.945 0.257 0.006 0.01
2 0.955 0.249 0.002 0.006
2 0.202 0.298 0.024 0.02
2 0.182 0.162 0.008 0.02
2 0.172 0.162 0.008 0.016
2 0.863 0.572 0.018 0.02
2 0.963 0.645 0.026 0.018
2 0.927 0.673 0.018 0.014
2 0.953 0.66 0.014 0.004
2 0.942 0.648 0.008 0.004
2 0.304 0.657 0.016 0.018
2 0.235 0.627 0.018 0.01
2 0.356 0.544 0.012 0.008
2 0.245 0.004 0.034 0.008
2 0.051 0.002 0.022 0.004
2 0.982 0.13 0.012 0.028
2 0.996 0.111 0.004 0.026
2 0.77 0.807 0.02 0.01
2 0.415 0.754 0.026 0.012
2 0.426 0.713 0.036 0.01
2 0.523 0.554 0.014 0.008
2 0.52 0.565 0.008 0.006
2 0.497 0.473 0.014 0.01
2 0.191 0.915 0.026 0.014
2 0.479 0.657 0.014 0.01
2 0.47 0.438 0.012 0.016
2 0.315 0.07 0.026 0.02
2 0.871 0.08 0.022 0.012
2 0.851 0.092 0.01 0.008
2 0.839 0.092 0.01 0.008
2 0.979 0.174 0.018 0.016
2 0.994 0.523 0.008 0.014
2 0.135 0.981 0.002 0.01
2 0.412 0.386 0.024 0.016
2 0.994 0.272 0.008 0.024
2 0.045 0.645 0.018 0.018
2 0.452 0.004 0.028 0.008
2 0.112 0.881 0.02 0.014
2 0.44 0.815 0.024 0.014
2 0.456 0.464 0.016 0.016
2 0.737 0.814 0.018 0.02
2 0.615 0.06 0.006 0.008