0 0.014 0.91 0.028 0.056
0 0.118 0.985 0.056 0.026
0 0.055 0.826 0.046 0.052
0 0.083 0.81 0.034 0.032
0 0.049 0.708 0.034 0.032
0 0.057 0.757 0.03 0.03
0 0.022 0.648 0.044 0.048
0 0.053 0.628 0.042 0.052
0 0.03 0.605 0.032 0.034
0 0.102 0.611 0.028 0.03
0 0.028 0.492 0.04 0.028
0 0.012 0.46 0.024 0.036
0 0.031 0.422 0.03 0.04
0 0.065 0.326 0.042 0.028
0 0.09 0.339 0.032 0.03
0 0.098 0.422 0.048 0.06
0 0.137 0.486 0.022 0.036
0 0.161 0.489 0.026 0.03
0 0.163 0.544 0.038 0.052
0 0.054 0.064 0.04 0.032
0 0.057 0.092 0.038 0.024
0 0.11 0.08 0.032 0.024
0 0.139 0.066 0.03 0.036
0 0.171 0.054 0.038 0.028
0 0.164 0.014 0.04 0.024
0 0.293 0.018 0.042 0.032
0 0.351 0.032 0.034 0.028
0 0.292 0.06 0.036 0.04
0 0.189 0.159 0.042 0.074
0 0.153 0.177 0.038 0.05
0 0.145 0.143 0.026 0.026
0 0.226 0.221 0.048 0.034
0 0.331 0.212 0.05 0.036
0 0.192 0.981 0.028 0.03
0 0.361 0.989 0.042 0.018
0 0.394 0.984 0.044 0.028
0 0.359 0.931 0.034 0.05
0 0.217 0.896 0.046 0.04
0 0.18 0.861 0.052 0.022
0 0.156 0.82 0.044 0.036
0 0.23 0.828 0.04 0.02
0 0.156 0.756 0.036 0.04
0 0.227 0.755 0.03 0.042
0 0.158 0.679 0.028 0.034
0 0.22 0.672 0.036 0.044
0 0.137 0.285 0.03 0.054
0 0.197 0.367 0.03 0.042
0 0.258 0.432 0.028 0.028
0 0.24 0.468 0.036 0.036
0 0.262 0.537 0.04 0.034
0 0.325 0.394 0.042 0.056
0 0.363 0.403 0.03 0.042
0 0.43 0.336 0.036 0.028
0 0.431 0.302 0.03 0.024
0 0.337 0.256 0.034 0.024
0 0.42 0.204 0.032 0.052
0 0.459 0.181 0.038 0.042
0 0.356 0.128 0.044 0.032
0 0.422 0.107 0.048 0.038
0 0.457 0.073 0.038 0.042
0 0.523 0.085 0.038 0.034
0 0.565 0.044 0.046 0.036
0 0.642 0.038 0.032 0.036
0 0.982 0.012 0.032 0.02
0 0.982 0.037 0.032 0.038
0 0.895 0.033 0.038 0.058
0 0.863 0.059 0.034 0.042
0 0.823 0.038 0.038 0.028
0 0.746 0.105 0.036 0.03
0 0.855 0.153 0.038 0.038
0 0.958 0.164 0.048 0.056
0 0.794 0.188 0.04 0.056
0 0.598 0.175 0.028 0.058
0 0.559 0.194 0.038 0.064
0 0.641 0.251 0.038 0.034
0 0.66 0.288 0.048 0.044
0 0.676 0.331 0.028 0.038
0 0.616 0.347 0.04 0.038
0 0.563 0.358 0.034 0.028
0 0.543 0.285 0.042 0.034
0 0.494 0.296 0.048 0.044
0 0.967 0.275 0.038 0.034
0 0.897 0.298 0.042 0.036
0 0.92 0.442 0.04 0.048
0 0.817 0.377 0.046 0.03
0 0.783 0.279 0.042 0.034
0 0.776 0.309 0.028 0.026
0 0.75 0.292 0.032 0.032
0 0.739 0.328 0.034 0.024
0 0.966 0.498 0.04 0.032
0 0.949 0.543 0.038 0.058
0 0.935 0.62 0.03 0.04
0 0.977 0.655 0.042 0.042
0 0.988 0.631 0.02 0.046
0 0.907 0.651 0.054 0.05
0 0.99 0.841 0.016 0.046
0 0.989 0.788 0.018 0.04
0 0.895 0.76 0.038 0.048
0 0.954 0.922 0.044 0.04
0 0.687 0.973 0.042 0.05
0 0.613 0.816 0.026 0.052
0 0.54 0.909 0.032 0.034
0 0.561 0.997 0.022 0.002
0 0.377 0.869 0.03 0.038
0 0.428 0.821 0.048 0.062
0 0.361 0.802 0.038 0.048
0 0.319 0.789 0.038 0.042
0 0.827 0.438 0.042 0.028
0 0.778 0.446 0.036 0.036
0 0.76 0.407 0.04 0.046
0 0.706 0.435 0.048 0.038
0 0.678 0.454 0.028 0.048
0 0.652 0.466 0.032 0.032
0 0.585 0.444 0.046 0.056
0 0.626 0.485 0.032 0.038
0 0.582 0.496 0.048 0.056
0 0.527 0.469 0.038 0.046
0 0.449 0.488 0.038 0.028
0 0.454 0.544 0.024 0.04
0 0.432 0.543 0.02 0.042
0 0.367 0.636 0.038 0.032
0 0.333 0.632 0.034 0.028
0 0.356 0.694 0.036 0.024
0 0.409 0.701 0.03 0.022
0 0.852 0.481 0.036 0.026
0 0.854 0.535 0.028 0.026
0 0.886 0.565 0.028 0.026
0 0.743 0.548 0.038 0.044
0 0.667 0.568 0.03 0.04
0 0.682 0.636 0.036 0.06
0 0.718 0.646 0.032 0.028
0 0.801 0.683 0.054 0.046
0 0.863 0.702 0.026 0.028
0 0.744 0.741 0.036 0.026
0 0.718 0.705 0.028 0.018
0 0.657 0.716 0.034 0.024
0 0.618 0.622 0.04 0.072
0 0.575 0.648 0.042 0.052
0 0.599 0.691 0.03 0.03
0 0.611 0.745 0.038 0.058
0 0.512 0.761 0.044 0.054
0 0.456 0.709 0.032 0.026
0 0.507 0.676 0.046 0.036
1 0.018 0.825 0.02 0.018
1 0.106 0.631 0.008 0.014
1 0.019 0.357 0.018 0.034
1 0.079 0.449 0.018 0.018
1 0.111 0.46 0.006 0.012
1 0.187 0.568 0.018 0.032
1 0.117 0.099 0.018 0.014
1 0.33 0.02 0.016 0.016
1 0.358 0.008 0.032 0.012
1 0.35 0.074 0.024 0.02
1 0.268 0.048 0.016 0.032
1 0.255 0.06 0.014 0.028
1 0.237 0.113 0.018 0.022
1 0.328 0.23 0.016 0.024
1 0.251 0.232 0.01 0.012
1 0.12 0.758 0.02 0.028
1 0.174 0.636 0.016 0.012
1 0.159 0.313 0.022 0.018
1 0.262 0.483 0.012 0.022
1 0.303 0.473 0.026 0.026
1 0.309 0.437 0.018 0.022
1 0.385 0.365 0.018 0.046
1 0.344 0.351 0.012 0.01
1 0.328 0.341 0.012 0.01
1 0.332 0.277 0.02 0.018
1 0.347 0.286 0.022 0.024
1 0.488 0.201 0.016 0.038
1 0.498 0.09 0.02 0.056
1 0.532 0.06 0.028 0.032
1 0.616 0.045 0.02 0.022
1 0.948 0.065 0.024 0.014
1 0.938 0.112 0.02 0.02
1 0.791 0.034 0.022 0.02
1 0.867 0.184 0.046 0.02
1 0.979 0.213 0.018 0.018
1 0.662 0.351 0.02 0.022
1 0.504 0.258 0.024 0.024
1 0.466 0.294 0.012 0.016
1 0.994 0.266 0.008 0.036
1 0.946 0.264 0.012 0.02
1 0.919 0.241 0.03 0.034
1 0.893 0.254 0.022 0.02
1 0.858 0.3 0.028 0.032
1 0.933 0.386 0.022 0.028
1 0.937 0.715 0.01 0.022
1 0.992 0.699 0.012 0.014
1 0.96 0.946 0.028 0.02
1 0.906 0.89 0.012 0.016
1 0.888 0.818 0.028 0.02
1 0.815 0.798 0.014 0.044
1 0.785 0.877 0.026 0.018
1 0.808 0.91 0.016 0.028
1 0.806 0.995 0.024 0.006
1 0.75 0.983 0.036 0.022
1 0.632 0.887 0.04 0.022
1 0.671 0.9 0.014 0.02
1 0.671 0.832 0.034 0.02
1 0.491 0.881 0.022 0.01
1 0.504 0.858 0.024 0.024
1 0.496 0.812 0.02 0.024
1 0.518 0.522 0.032 0.036
1 0.397 0.463 0.026 0.03
1 0.378 0.497 0.02 0.014
1 0.342 0.521 0.024 0.018
1 0.477 0.535 0.014 0.026
1 0.414 0.605 0.02 0.03
1 0.431 0.6 0.01 0.036
1 0.339 0.742 0.026 0.024
1 0.814 0.598 0.028 0.048
1 0.762 0.534 0.028 0.024
1 0.721 0.506 0.014 0.02
1 0.702 0.527 0.012 0.014
1 0.672 0.739 0.024 0.026
1 0.286 0.888 0.016 0.016
1 0.996 0.551 0.004 0.026
2 0.003 0.208 0.006 0.02
2 0.025 0.219 0.018 0.022
2 0.039 0.246 0.018 0.016
2 0.049 0.191 0.034 0.042
2 0.112 0.246 0.008 0.008
2 0.224 0.422 0.04 0.024
2 0.298 0.417 0.016 0.022
2 0.445 0.018 0.022 0.02
2 0.727 0.302 0.022 0.02
2 0.595 0.912 0.026 0.044
2 0.654 0.92 0.024 0.024
2 0.511 0.968 0.018 0.04
2 0.475 0.945 0.03 0.03
2 0.427 0.895 0.022 0.018
2 0.457 0.871 0.014 0.022
2 0.666 0.792 0.028 0.028
2 0.523 0.712 0.03 0.02
2 0.256 0.901 0.016 0.022
2 0.126 0.96 0.036 0.032
2 0.843 0.911 0.038 0.042
2 0.553 0.088 0.018 0.04
2 0.583 0.092 0.014 0.02
2 0.61 0.029 0.02 0.022
2 0.521 0.015 0.014 0.01
2 0.717 0.067 0.014 0.014
2 0.623 0.186 0.022 0.036
2 0.401 0.289 0.018 0.026
2 0.293 0.336 0.026 0.032
2 0.642 0.583 0.024 0.058
2 0.387 0.764 0.01 0.024
2 0.536 0.85 0.044 0.02
2 0.579 0.612 0.01 0.02
2 0.271 0.574 0.01 0.04
2 0.9 0.523 0.012 0.014
2 0.708 0.312 0.024 0.028
2 0.412 0.43 0.02 0.02
2 0.981 0.241 0.022 0.018
2 0.872 0.628 0.016 0.028