0 0.883 0.603 0.034 0.026
0 0.941 0.63 0.034 0.036
0 0.965 0.61 0.03 0.02
0 0.963 0.579 0.03 0.038
0 0.818 0.457 0.024 0.026
0 0.948 0.184 0.016 0.02
0 0.864 0.147 0.028 0.03
0 0.772 0.16 0.036 0.036
0 0.723 0.935 0.034 0.046
0 0.694 0.939 0.032 0.03
0 0.704 0.915 0.036 0.034
0 0.649 0.976 0.042 0.032
0 0.547 0.983 0.062 0.03
0 0.427 0.988 0.05 0.02
0 0.357 0.977 0.042 0.038
0 0.28 0.972 0.024 0.036
0 0.3 0.968 0.02 0.024
0 0.302 0.931 0.036 0.034
0 0.203 0.989 0.046 0.018
0 0.156 0.975 0.032 0.042
0 0.127 0.966 0.026 0.044
0 0.154 0.934 0.048 0.036
0 0.07 0.976 0.036 0.04
0 0.023 0.901 0.042 0.042
0 0.029 0.855 0.022 0.03
0 0.052 0.864 0.016 0.02
0 0.15 0.877 0.04 0.034
0 0.289 0.895 0.038 0.034
0 0.272 0.889 0.028 0.03
0 0.243 0.85 0.042 0.032
0 0.378 0.904 0.048 0.032
0 0.432 0.906 0.052 0.04
0 0.468 0.93 0.036 0.044
0 0.548 0.952 0.056 0.036
0 0.582 0.92 0.044 0.024
0 0.597 0.905 0.038 0.026
0 0.649 0.873 0.038 0.042
0 0.61 0.854 0.032 0.028
0 0.595 0.871 0.026 0.026
0 0.537 0.878 0.058 0.044
0 0.639 0.804 0.034 0.036
0 0.676 0.82 0.052 0.048
0 0.712 0.848 0.024 0.024
0 0.717 0.779 0.038 0.03
0 0.72 0.712 0.052 0.036
0 0.737 0.668 0.034 0.036
0 0.018 0.005 0.024 0.006
0 0.038 0.032 0.04 0.036
0 0.048 0.093 0.04 0.042
0 0.084 0.078 0.04 0.032
0 0.119 0.048 0.046 0.04
0 0.208 0.059 0.044 0.038
0 0.322 0.023 0.036 0.034
0 0.38 0.007 0.028 0.01
0 0.416 0.031 0.064 0.034
0 0.487 0.014 0.054 0.024
0 0.527 0.019 0.05 0.034
0 0.554 0.055 0.052 0.034
0 0.583 0.066 0.03 0.024
0 0.618 0.076 0.044 0.04
0 0.581 0.101 0.03 0.026
0 0.605 0.136 0.042 0.04
0 0.579 0.143 0.022 0.038
0 0.558 0.147 0.036 0.034
0 0.559 0.182 0.042 0.036
0 0.52 0.204 0.04 0.036
0 0.043 0.188 0.05 0.032
0 0.042 0.224 0.052 0.028
0 0.042 0.305 0.048 0.05
0 0.046 0.348 0.048 0.032
0 0.034 0.38 0.032 0.032
0 0.022 0.472 0.04 0.032
0 0.012 0.515 0.02 0.038
0 0.021 0.594 0.038 0.04
0 0.01 0.673 0.016 0.05
0 0.058 0.779 0.024 0.03
0 0.035 0.779 0.03 0.038
0 0.072 0.732 0.04 0.04
0 0.17 0.766 0.04 0.036
0 0.251 0.75 0.03 0.044
0 0.227 0.698 0.038 0.036
0 0.19 0.665 0.04 0.046
0 0.173 0.621 0.038 0.042
0 0.095 0.661 0.042 0.038
0 0.078 0.591 0.028 0.022
0 0.089 0.562 0.042 0.032
0 0.082 0.54 0.024 0.02
0 0.14 0.588 0.04 0.04
0 0.285 0.803 0.046 0.03
0 0.322 0.773 0.048 0.03
0 0.372 0.841 0.044 0.046
0 0.429 0.852 0.058 0.036
0 0.488 0.845 0.056 0.038
0 0.547 0.833 0.03 0.026
0 0.507 0.822 0.05 0.028
0 0.475 0.779 0.05 0.038
0 0.447 0.751 0.054 0.034
0 0.432 0.73 0.06 0.04
0 0.547 0.732 0.054 0.04
0 0.596 0.747 0.036 0.026
0 0.609 0.716 0.062 0.06
0 0.681 0.669 0.022 0.022
0 0.676 0.685 0.012 0.014
0 0.64 0.664 0.048 0.04
0 0.623 0.634 0.05 0.044
0 0.67 0.64 0.028 0.032
0 0.684 0.507 0.04 0.034
0 0.659 0.53 0.026 0.032
0 0.638 0.527 0.02 0.03
0 0.616 0.526 0.02 0.028
0 0.623 0.189 0.046 0.034
0 0.604 0.198 0.024 0.028
0 0.592 0.218 0.032 0.032
0 0.661 0.214 0.054 0.04
0 0.661 0.253 0.05 0.026
0 0.614 0.289 0.036 0.03
0 0.669 0.294 0.022 0.04
0 0.687 0.352 0.026 0.036
0 0.665 0.392 0.038 0.04
0 0.619 0.398 0.034 0.032
0 0.574 0.399 0.028 0.03
0 0.638 0.365 0.056 0.034
0 0.659 0.338 0.03 0.028
0 0.638 0.338 0.016 0.024
0 0.611 0.337 0.042 0.034
0 0.59 0.354 0.028 0.028
0 0.467 0.124 0.05 0.036
0 0.356 0.189 0.044 0.042
0 0.365 0.155 0.054 0.038
0 0.438 0.206 0.052 0.036
0 0.46 0.184 0.04 0.04
0 0.266 0.077 0.052 0.038
0 0.272 0.099 0.044 0.042
0 0.296 0.096 0.032 0.036
0 0.138 0.172 0.044 0.036
0 0.144 0.202 0.032 0.036
0 0.168 0.195 0.032 0.038
0 0.205 0.225 0.026 0.034
0 0.231 0.216 0.046 0.036
0 0.229 0.311 0.042 0.046
0 0.13 0.338 0.032 0.032
0 0.115 0.368 0.038 0.04
0 0.146 0.371 0.04 0.038
0 0.223 0.385 0.042 0.034
0 0.186 0.432 0.044 0.036
0 0.228 0.461 0.044 0.038
0 0.245 0.495 0.038 0.034
0 0.184 0.494 0.016 0.028
0 0.16 0.479 0.052 0.046
0 0.305 0.518 0.034 0.028
0 0.312 0.654 0.048 0.04
0 0.295 0.686 0.038 0.032
0 0.346 0.634 0.052 0.04
0 0.367 0.667 0.042 0.034
0 0.399 0.649 0.042 0.038
0 0.467 0.685 0.03 0.03
0 0.447 0.698 0.034 0.024
0 0.504 0.681 0.036 0.034
0 0.519 0.68 0.03 0.032
0 0.532 0.66 0.048 0.036
0 0.519 0.625 0.062 0.026
0 0.504 0.592 0.036 0.032
0 0.522 0.59 0.016 0.028
0 0.544 0.584 0.036 0.024
0 0.564 0.553 0.052 0.038
0 0.406 0.541 0.06 0.042
0 0.372 0.509 0.044 0.034
0 0.437 0.497 0.05 0.038
0 0.554 0.513 0.048 0.03
0 0.516 0.487 0.02 0.026
0 0.537 0.487 0.022 0.026
0 0.55 0.483 0.016 0.022
0 0.561 0.47 0.03 0.028
0 0.595 0.484 0.038 0.028
0 0.617 0.455 0.046 0.038
0 0.585 0.454 0.038 0.044
0 0.547 0.441 0.034 0.026
0 0.511 0.441 0.042 0.03
0 0.513 0.408 0.054 0.036
0 0.525 0.38 0.05 0.024
0 0.528 0.355 0.056 0.034
0 0.584 0.31 0.02 0.016
0 0.569 0.314 0.01 0.024
0 0.553 0.316 0.03 0.032
0 0.376 0.242 0.044 0.032
0 0.404 0.254 0.036 0.044
0 0.43 0.253 0.02 0.018
0 0.462 0.263 0.032 0.034
0 0.478 0.268 0.032 0.032
0 0.532 0.292 0.04 0.036
0 0.424 0.293 0.032 0.018
0 0.395 0.296 0.026 0.032
0 0.377 0.305 0.026 0.026
0 0.326 0.327 0.056 0.034
0 0.397 0.379 0.042 0.026
0 0.421 0.401 0.05 0.026
0 0.381 0.442 0.05 0.028
0 0.373 0.382 0.026 0.024
1 0.947 0.899 0.014 0.026
1 0.864 0.967 0.016 0.022
1 0.823 0.952 0.026 0.02
1 0.952 0.841 0.016 0.014
1 0.993 0.702 0.01 0.028
1 0.811 0.796 0.022 0.02
1 0.843 0.707 0.038 0.01
1 0.838 0.676 0.036 0.02
1 0.935 0.598 0.022 0.012
1 0.978 0.509 0.016 0.026
1 0.954 0.472 0.02 0.024
1 0.959 0.443 0.014 0.018
1 0.874 0.475 0.016 0.022
1 0.976 0.359 0.02 0.018
1 0.975 0.344 0.014 0.02
1 0.979 0.296 0.018 0.028
1 0.918 0.316 0.012 0.012
1 0.925 0.308 0.01 0.008
1 0.921 0.264 0.01 0.016
1 0.836 0.12 0.02 0.012
1 0.852 0.112 0.012 0.008
1 0.716 0.09 0.028 0.012
1 0.821 0.341 0.014 0.03
1 0.86 0.362 0.024 0.02
1 0.332 0.995 0.016 0.006
1 0.24 0.961 0.024 0.014
1 0.022 0.989 0.02 0.018
1 0.196 0.835 0.036 0.014
1 0.203 0.932 0.018 0.02
1 0.258 0.88 0.02 0.024
1 0.344 0.885 0.02 0.03
1 0.609 0.89 0.03 0.016
1 0.678 0.887 0.012 0.014
1 0.586 0.85 0.02 0.016
1 0.66 0.804 0.024 0.024
1 0.772 0.668 0.02 0.016
1 0.762 0.69 0.024 0.02
1 0.716 0.693 0.04 0.01
1 0.038 0.003 0.016 0.002
1 0.122 0.015 0.048 0.018
1 0.198 0.098 0.016 0.032
1 0.593 0.052 0.018 0.008
1 0.645 0.06 0.018 0.02
1 0.639 0.145 0.022 0.022
1 0.014 0.265 0.02 0.026
1 0.021 0.279 0.022 0.026
1 0.011 0.652 0.018 0.02
1 0.024 0.677 0.024 0.018
1 0.136 0.746 0.032 0.02
1 0.141 0.733 0.018 0.014
1 0.126 0.793 0.04 0.022
1 0.158 0.558 0.016 0.028
1 0.649 0.701 0.046 0.022
1 0.695 0.578 0.03 0.024
1 0.683 0.553 0.022 0.014
1 0.696 0.217 0.024 0.022
1 0.653 0.276 0.01 0.04
1 0.64 0.277 0.012 0.01
1 0.699 0.394 0.026 0.012
1 0.295 0.141 0.022 0.022
1 0.276 0.152 0.02 0.012
1 0.147 0.125 0.026 0.018
1 0.178 0.153 0.02 0.018
1 0.153 0.152 0.026 0.02
1 0.255 0.24 0.014 0.024
1 0.295 0.259 0.022 0.014
1 0.204 0.304 0.012 0.028
1 0.168 0.32 0.032 0.012
1 0.273 0.501 0.018 0.022
1 0.276 0.427 0.02 0.014
1 0.301 0.432 0.018 0.024
1 0.323 0.576 0.034 0.02
1 0.346 0.603 0.02 0.014
1 0.46 0.67 0.024 0.02
1 0.551 0.602 0.034 0.016
1 0.425 0.585 0.034 0.034
1 0.502 0.489 0.016 0.026
1 0.647 0.49 0.022 0.012
1 0.634 0.31 0.008 0.012
1 0.484 0.326 0.036 0.024
1 0.425 0.365 0.03 0.018
1 0.293 0.734 0.03 0.012
1 0.349 0.742 0.014 0.02
2 0.984 0.047 0.028 0.022
2 0.614 0.946 0.016 0.016
2 0.648 0.939 0.02 0.018
2 0.442 0.054 0.028 0.024
2 0.13 0.819 0.044 0.018
2 0.656 0.678 0.032 0.024
2 0.508 0.166 0.044 0.028
2 0.5 0.283 0.012 0.014
2 0.498 0.273 0.016 0.01
2 0.297 0.176 0.03 0.02
2 0.346 0.285 0.016 0.014
2 0.345 0.303 0.014 0.018