0 0.968 0.99 0.04 0.016
0 0.987 0.963 0.022 0.026
0 0.882 0.942 0.036 0.048
0 0.977 0.806 0.038 0.032
0 0.95 0.763 0.048 0.034
0 0.996 0.674 0.004 0.024
0 0.943 0.676 0.042 0.032
0 0.96 0.648 0.024 0.016
0 0.958 0.629 0.048 0.026
0 0.977 0.556 0.042 0.032
0 0.986 0.51 0.024 0.036
0 0.926 0.524 0.044 0.028
0 0.986 0.383 0.024 0.034
0 0.976 0.34 0.044 0.036
0 0.952 0.28 0.056 0.036
0 0.99 0.013 0.016 0.022
0 0.962 0.008 0.04 0.012
0 0.927 0.068 0.038 0.032
0 0.971 0.082 0.042 0.04
0 0.943 0.115 0.038 0.058
0 0.936 0.149 0.016 0.022
0 0.982 0.173 0.032 0.038
0 0.946 0.225 0.06 0.026
0 0.906 0.252 0.044 0.028
0 0.901 0.18 0.062 0.036
0 0.795 0.111 0.046 0.046
0 0.738 0.139 0.052 0.038
0 0.736 0.093 0.036 0.026
0 0.776 0.048 0.056 0.028
0 0.702 0.017 0.056 0.03
0 0.657 0.022 0.038 0.032
0 0.61 0.014 0.056 0.024
0 0.55 0.076 0.044 0.028
0 0.48 0.107 0.064 0.058
0 0.387 0.041 0.054 0.034
0 0.265 0.042 0.058 0.044
0 0.456 0.005 0.036 0.006
0 0.154 0.018 0.04 0.032
0 0.119 0.143 0.026 0.034
0 0.069 0.206 0.066 0.048
0 0.269 0.128 0.066 0.04
0 0.232 0.172 0.052 0.044
0 0.353 0.202 0.034 0.036
0 0.454 0.186 0.032 0.028
0 0.495 0.217 0.038 0.038
0 0.461 0.231 0.018 0.018
0 0.464 0.254 0.024 0.012
0 0.419 0.275 0.046 0.042
0 0.448 0.297 0.036 0.034
0 0.475 0.321 0.038 0.034
0 0.51 0.307 0.036 0.03
0 0.593 0.286 0.058 0.036
0 0.662 0.254 0.048 0.032
0 0.731 0.242 0.046 0.028
0 0.621 0.178 0.05 0.028
0 0.791 0.244 0.034 0.032
0 0.854 0.285 0.044 0.042
0 0.775 0.303 0.054 0.034
0 0.757 0.333 0.038 0.026
0 0.716 0.307 0.032 0.042
0 0.66 0.354 0.052 0.028
0 0.805 0.353 0.042 0.038
0 0.847 0.342 0.038 0.032
0 0.865 0.427 0.038 0.03
0 0.817 0.45 0.034 0.032
0 0.784 0.535 0.04 0.038
0 0.798 0.563 0.044 0.038
0 0.83 0.546 0.024 0.036
0 0.855 0.544 0.034 0.032
0 0.673 0.463 0.046 0.03
0 0.748 0.987 0.04 0.022
0 0.798 0.934 0.016 0.024
0 0.882 0.735 0.04 0.038
0 0.825 0.839 0.046 0.022
0 0.827 0.818 0.046 0.02
0 0.82 0.788 0.044 0.044
0 0.82 0.752 0.04 0.024
0 0.788 0.748 0.02 0.02
0 0.75 0.765 0.044 0.05
0 0.803 0.647 0.038 0.03
0 0.767 0.619 0.042 0.022
0 0.098 0.274 0.048 0.04
0 0.054 0.355 0.044 0.026
0 0.17 0.355 0.068 0.05
0 0.132 0.391 0.048 0.042
0 0.254 0.326 0.064 0.032
0 0.296 0.263 0.052 0.034
0 0.49 0.376 0.084 0.044
0 0.27 0.379 0.052 0.03
0 0.188 0.441 0.052 0.038
0 0.284 0.447 0.06 0.038
0 0.318 0.468 0.056 0.04
0 0.194 0.489 0.048 0.046
0 0.009 0.523 0.014 0.042
0 0.03 0.54 0.02 0.02
0 0.153 0.512 0.03 0.028
0 0.218 0.571 0.04 0.042
0 0.095 0.619 0.046 0.046
0 0.009 0.695 0.014 0.034
0 0.068 0.717 0.04 0.066
0 0.118 0.734 0.028 0.028
0 0.184 0.692 0.04 0.04
0 0.546 0.446 0.04 0.032
0 0.52 0.486 0.04 0.036
0 0.49 0.477 0.032 0.026
0 0.436 0.461 0.02 0.03
0 0.595 0.533 0.03 0.022
0 0.639 0.655 0.034 0.03
0 0.617 0.624 0.05 0.048
0 0.573 0.614 0.054 0.06
0 0.521 0.601 0.046 0.05
0 0.47 0.617 0.02 0.046
0 0.402 0.625 0.024 0.026
0 0.368 0.58 0.04 0.048
0 0.305 0.564 0.038 0.048
0 0.279 0.647 0.046 0.03
0 0.359 0.657 0.03 0.022
0 0.661 0.942 0.042 0.032
0 0.646 0.911 0.032 0.03
0 0.615 0.963 0.026 0.022
0 0.65 0.996 0.032 0.004
0 0.571 0.993 0.022 0.01
0 0.59 0.891 0.052 0.038
0 0.629 0.843 0.05 0.034
0 0.54 0.833 0.036 0.034
0 0.586 0.693 0.044 0.03
0 0.486 0.748 0.052 0.052
0 0.444 0.725 0.036 0.046
0 0.422 0.735 0.028 0.03
0 0.345 0.78 0.058 0.048
0 0.287 0.726 0.066 0.036
0 0.219 0.739 0.03 0.03
0 0.383 0.951 0.054 0.042
0 0.371 0.993 0.038 0.01
0 0.342 0.964 0.032 0.032
0 0.298 0.966 0.048 0.044
0 0.225 0.993 0.022 0.01
0 0.301 0.889 0.042 0.038
0 0.171 0.908 0.046 0.06
0 0.087 0.863 0.078 0.038
0 0.104 0.902 0.044 0.044
0 0.026 0.907 0.02 0.026
0 0.012 0.986 0.02 0.02
1 0.865 0.089 0.026 0.026
1 0.857 0.025 0.03 0.022
1 0.263 0.006 0.018 0.008
1 0.524 0.005 0.016 0.006
1 0.202 0.033 0.024 0.026
1 0.114 0.047 0.024 0.022
1 0.089 0.094 0.026 0.028
1 0.362 0.099 0.028 0.018
1 0.48 0.204 0.004 0.016
1 0.579 0.221 0.014 0.014
1 0.926 0.397 0.016 0.026
1 0.908 0.405 0.024 0.042
1 0.763 0.494 0.034 0.024
1 0.68 0.499 0.024 0.026
1 0.839 0.91 0.018 0.012
1 0.813 0.706 0.026 0.028
1 0.849 0.697 0.01 0.01
1 0.029 0.292 0.018 0.032
1 0.153 0.315 0.022 0.034
1 0.367 0.274 0.022 0.024
1 0.353 0.369 0.022 0.022
1 0.246 0.521 0.024 0.014
1 0.029 0.562 0.018 0.012
1 0.17 0.535 0.024 0.026
1 0.098 0.692 0.02 0.016
1 0.133 0.708 0.018 0.016
1 0.117 0.714 0.01 0.012
1 0.626 0.524 0.016 0.02
1 0.572 0.548 0.012 0.016
1 0.632 0.568 0.028 0.028
1 0.679 0.698 0.026 0.028
1 0.552 0.593 0.012 0.022
1 0.443 0.607 0.03 0.026
1 0.28 0.541 0.02 0.018
1 0.286 0.605 0.044 0.018
1 0.707 0.963 0.022 0.034
1 0.705 0.89 0.022 0.032
1 0.522 0.789 0.02 0.018
1 0.502 0.783 0.024 0.014
1 0.19 0.772 0.02 0.016
1 0.121 0.799 0.022 0.022
1 0.136 0.813 0.024 0.018
1 0.475 0.873 0.026 0.03
1 0.375 0.98 0.018 0.012
1 0.312 0.944 0.024 0.02
1 0.271 0.871 0.03 0.018
1 0.232 0.886 0.032 0.02
1 0.181 0.95 0.026 0.02
1 0.014 0.95 0.016 0.016
1 0.032 0.962 0.016 0.008
1 0.034 0.979 0.02 0.018
1 0.295 0.81 0.006 0.016
2 0.936 0.201 0.032 0.018
2 0.991 0.115 0.014 0.034
2 0.485 0.012 0.03 0.02
2 0.195 0.01 0.042 0.016
2 0.206 0.021 0.016 0.018
2 0.181 0.1 0.026 0.016
2 0.159 0.123 0.018 0.018
2 0.197 0.054 0.014 0.016
2 0.388 0.089 0.032 0.022
2 0.306 0.165 0.016 0.046
2 0.47 0.27 0.028 0.028
2 0.916 0.337 0.012 0.014
2 0.755 0.584 0.03 0.016
2 0.851 0.148 0.022 0.028
2 0.648 0.099 0.016 0.026
2 0.601 0.122 0.018 0.02
2 0.156 0.45 0.02 0.012
2 0.118 0.573 0.016 0.034
2 0.739 0.897 0.03 0.038
2 0.692 0.825 0.056 0.018
2 0.753 0.806 0.018 0.008
2 0.622 0.715 0.032 0.018
2 0.026 0.759 0.04 0.022
2 0.597 0.799 0.018 0.014
2 0.418 0.894 0.024 0.024
2 0.187 0.872 0.026 0.024
2 0.035 0.86 0.022 0.02
2 0.194 0.746 0.02 0.024
2 0.557 0.421 0.03 0.026
2 0.827 0.388 0.014 0.016
2 0.813 0.388 0.014 0.012
2 0.872 0.527 0.02 0.018
2 0.989 0.653 0.018 0.018
2 0.216 0.309 0.016 0.014
2 0.184 0.263 0.008 0.014