0 0.988 0.973 0.02 0.05
0 0.976 0.943 0.044 0.062
0 0.938 0.985 0.04 0.026
0 0.893 0.991 0.046 0.014
0 0.855 0.95 0.046 0.052
0 0.873 0.916 0.038 0.032
0 0.82 0.926 0.04 0.048
0 0.749 0.977 0.046 0.042
0 0.715 0.962 0.042 0.04
0 0.776 0.877 0.04 0.046
0 0.75 0.887 0.04 0.042
0 0.668 0.903 0.032 0.022
0 0.608 0.986 0.048 0.024
0 0.584 0.967 0.048 0.054
0 0.512 0.993 0.036 0.01
0 0.505 0.947 0.054 0.042
0 0.476 0.983 0.044 0.03
0 0.399 0.989 0.042 0.018
0 0.587 0.895 0.042 0.038
0 0.465 0.899 0.05 0.038
0 0.433 0.862 0.058 0.036
0 0.367 0.859 0.05 0.042
0 0.345 0.887 0.042 0.034
0 0.33 0.91 0.056 0.04
0 0.319 0.961 0.046 0.042
0 0.295 0.971 0.034 0.042
0 0.192 0.986 0.064 0.024
0 0.096 0.981 0.056 0.034
0 0.113 0.923 0.07 0.042
0 0.028 0.976 0.052 0.04
0 0.222 0.892 0.056 0.056
0 0.197 0.887 0.05 0.034
0 0.2 0.854 0.044 0.044
0 0.159 0.845 0.042 0.038
0 0.126 0.834 0.052 0.044
0 0.986 0.719 0.024 0.042
0 0.984 0.765 0.028 0.058
0 0.974 0.762 0.044 0.048
0 0.915 0.771 0.046 0.054
0 0.844 0.853 0.04 0.054
0 0.81 0.816 0.048 0.048
0 0.784 0.799 0.028 0.022
0 0.804 0.762 0.036 0.044
0 0.897 0.689 0.046 0.042
0 0.852 0.703 0.04 0.054
0 0.697 0.821 0.058 0.066
0 0.749 0.778 0.038 0.04
0 0.612 0.846 0.04 0.044
0 0.646 0.766 0.052 0.056
0 0.595 0.792 0.05 0.044
0 0.503 0.837 0.042 0.038
0 0.527 0.762 0.058 0.044
0 0.626 0.737 0.048 0.042
0 0.523 0.722 0.042 0.036
0 0.494 0.675 0.04 0.046
0 0.444 0.772 0.052 0.04
0 0.348 0.785 0.036 0.046
0 0.308 0.795 0.044 0.026
0 0.3 0.774 0.044 0.032
0 0.264 0.774 0.052 0.044
0 0.222 0.788 0.048 0.032
0 0.13 0.778 0.064 0.036
0 0.053 0.83 0.05 0.04
0 0.026 0.764 0.048 0.04
0 0.052 0.795 0.032 0.034
0 0.877 0.602 0.03 0.02
0 0.888 0.568 0.044 0.044
0 0.843 0.576 0.046 0.044
0 0.84 0.614 0.044 0.028
0 0.806 0.664 0.04 0.032
0 0.765 0.681 0.07 0.046
0 0.745 0.721 0.046 0.042
0 0.658 0.664 0.044 0.036
0 0.653 0.696 0.03 0.024
0 0.554 0.641 0.06 0.05
0 0.617 0.615 0.05 0.042
0 0.13 0.723 0.072 0.046
0 0.037 0.685 0.046 0.05
0 0.054 0.731 0.06 0.046
0 0.124 0.634 0.048 0.032
0 0.184 0.662 0.044 0.036
0 0.181 0.696 0.05 0.032
0 0.229 0.678 0.05 0.036
0 0.251 0.637 0.046 0.038
0 0.31 0.616 0.052 0.044
0 0.387 0.686 0.046 0.048
0 0.983 0.457 0.03 0.046
0 0.952 0.493 0.044 0.038
0 0.923 0.482 0.046 0.036
0 0.855 0.47 0.07 0.056
0 0.803 0.45 0.046 0.068
0 0.721 0.557 0.07 0.05
0 0.707 0.509 0.058 0.058
0 0.618 0.535 0.056 0.058
0 0.596 0.555 0.04 0.042
0 0.568 0.55 0.04 0.044
0 0.485 0.53 0.05 0.036
0 0.419 0.627 0.066 0.05
0 0.43 0.644 0.052 0.036
0 0.393 0.609 0.038 0.026
0 0.399 0.569 0.018 0.034
0 0.394 0.545 0.056 0.042
0 0.328 0.549 0.048 0.038
0 0.225 0.572 0.038 0.036
0 0.255 0.56 0.038 0.028
0 0.217 0.523 0.038 0.034
0 0.166 0.541 0.048 0.038
0 0.132 0.502 0.056 0.036
0 0.049 0.514 0.07 0.04
0 0.014 0.575 0.024 0.018
0 0.022 0.553 0.04 0.034
0 0.042 0.554 0.028 0.032
0 0.006 0.477 0.008 0.038
0 0.879 0.379 0.034 0.058
0 0.905 0.356 0.046 0.032
0 0.904 0.327 0.032 0.038
0 0.808 0.351 0.056 0.046
0 0.857 0.313 0.046 0.058
0 0.713 0.42 0.066 0.056
0 0.577 0.47 0.042 0.036
0 0.615 0.461 0.034 0.042
0 0.559 0.429 0.046 0.034
0 0.518 0.445 0.04 0.046
0 0.507 0.479 0.038 0.03
0 0.418 0.467 0.032 0.022
0 0.397 0.499 0.054 0.042
0 0.35 0.475 0.056 0.042
0 0.216 0.456 0.044 0.04
0 0.297 0.402 0.046 0.036
0 0.206 0.43 0.032 0.032
0 0.158 0.434 0.048 0.044
0 0.192 0.418 0.036 0.032
0 0.716 0.324 0.064 0.048
0 0.602 0.366 0.052 0.048
0 0.542 0.364 0.056 0.04
0 0.578 0.333 0.052 0.054
0 0.532 0.314 0.08 0.06
0 0.496 0.351 0.044 0.046
0 0.462 0.405 0.056 0.046
0 0.388 0.369 0.052 0.042
0 0.384 0.306 0.048 0.032
0 0.327 0.303 0.042 0.034
0 0.19 0.359 0.04 0.034
0 0.217 0.354 0.05 0.032
0 0.171 0.382 0.05 0.032
0 0.071 0.37 0.05 0.036
0 0.034 0.342 0.052 0.036
0 0.396 0.34 0.032 0.024
0 0.98 0.174 0.036 0.06
0 0.987 0.133 0.022 0.034
0 0.898 0.209 0.052 0.07
0 0.726 0.268 0.064 0.06
0 0.87 0.201 0.032 0.046
0 0.655 0.257 0.074 0.066
0 0.627 0.261 0.038 0.03
0 0.634 0.222 0.048 0.036
0 0.593 0.244 0.034 0.036
0 0.527 0.274 0.05 0.048
0 0.451 0.267 0.054 0.066
0 0.402 0.236 0.048 0.052
0 0.353 0.254 0.05 0.04
0 0.204 0.318 0.056 0.032
0 0.208 0.234 0.064 0.048
0 0.165 0.29 0.054 0.044
0 0.095 0.291 0.078 0.038
0 0.123 0.201 0.066 0.05
0 0.086 0.255 0.072 0.042
0 0.121 0.243 0.038 0.03
0 0.034 0.248 0.056 0.036
0 0.074 0.233 0.048 0.038
0 0.009 0.223 0.014 0.042
0 0.974 0.054 0.048 0.056
0 0.98 0.013 0.036 0.022
0 0.95 0.131 0.032 0.03
0 0.91 0.139 0.06 0.038
0 0.949 0.103 0.022 0.026
0 0.861 0.115 0.058 0.062
0 0.782 0.161 0.052 0.046
0 0.81 0.027 0.068 0.05
0 0.82 0.09 0.024 0.036
0 0.747 0.092 0.066 0.056
0 0.78 0.093 0.04 0.042
0 0.644 0.074 0.044 0.04
0 0.601 0.092 0.042 0.044
0 0.575 0.175 0.05 0.042
0 0.494 0.215 0.052 0.042
0 0.487 0.162 0.062 0.056
0 0.455 0.015 0.07 0.026
0 0.465 0.075 0.046 0.066
0 0.396 0.2 0.056 0.04
0 0.359 0.178 0.054 0.052
0 0.407 0.159 0.05 0.034
0 0.413 0.1 0.038 0.04
0 0.346 0.167 0.032 0.03
0 0.364 0.014 0.06 0.024
0 0.31 0.045 0.052 0.046
0 0.316 0.087 0.04 0.034
0 0.276 0.107 0.056 0.038
0 0.239 0.02 0.042 0.036
0 0.255 0.027 0.05 0.042
0 0.198 0.107 0.052 0.042
0 0.178 0.023 0.056 0.042
0 0.071 0.018 0.046 0.032
0 0.026 0.021 0.048 0.038
0 0.139 0.078 0.05 0.036
0 0.129 0.124 0.042 0.036
0 0.073 0.093 0.07 0.046
0 0.031 0.16 0.05 0.032
0 0.232 0.083 0.032 0.026
0 0.006 0.169 0.008 0.022
0 0.08 0.146 0.056 0.044
0 0.039 0.127 0.05 0.03
0 0.019 0.088 0.034 0.028
1 0.927 0.934 0.026 0.028
1 0.621 0.966 0.03 0.028
1 0.44 0.981 0.028 0.034
1 0.414 0.94 0.04 0.024
1 0.373 0.818 0.042 0.024
1 0.256 0.889 0.02 0.034
1 0.934 0.718 0.012 0.024
1 0.78 0.767 0.02 0.018
1 0.785 0.784 0.018 0.008
1 0.563 0.783 0.022 0.038
1 0.525 0.69 0.038 0.032
1 0.219 0.81 0.054 0.024
1 0.015 0.801 0.022 0.034
1 0.996 0.603 0.004 0.022
1 0.993 0.626 0.01 0.032
1 0.986 0.533 0.024 0.034
1 0.809 0.596 0.026 0.036
1 0.713 0.713 0.03 0.034
1 0.286 0.702 0.028 0.024
1 0.653 0.577 0.022 0.018
1 0.576 0.586 0.028 0.02
1 0.281 0.597 0.026 0.022
1 0.007 0.541 0.01 0.038
1 0.916 0.425 0.02 0.034
1 0.75 0.456 0.036 0.02
1 0.776 0.458 0.02 0.028
1 0.677 0.466 0.03 0.02
1 0.576 0.497 0.036 0.022
1 0.648 0.417 0.008 0.03
1 0.661 0.414 0.018 0.02
1 0.646 0.442 0.016 0.024
1 0.639 0.466 0.014 0.04
1 0.484 0.447 0.02 0.026
1 0.512 0.496 0.012 0.02
1 0.496 0.494 0.016 0.02
1 0.098 0.436 0.036 0.02
1 0.086 0.429 0.02 0.022
1 0.25 0.327 0.024 0.014
1 0.248 0.315 0.024 0.014
1 0.049 0.36 0.022 0.028
1 0.108 0.381 0.036 0.022
1 0.986 0.206 0.024 0.036
1 0.81 0.269 0.056 0.026
1 0.658 0.326 0.048 0.028
1 0.228 0.269 0.036 0.026
1 0.708 0.074 0.02 0.052
1 0.721 0.097 0.018 0.034
1 0.668 0.172 0.024 0.032
1 0.638 0.123 0.024 0.022
1 0.6 0.124 0.012 0.008
1 0.544 0.166 0.02 0.036
1 0.558 0.174 0.024 0.028
1 0.498 0.186 0.044 0.02
1 0.561 0.045 0.026 0.022
1 0.378 0.114 0.016 0.036
1 0.385 0.144 0.018 0.024
1 0.39 0.114 0.012 0.016
1 0.241 0.138 0.022 0.032
1 0.125 0.151 0.03 0.022
2 0.817 0.968 0.026 0.024
2 0.831 0.978 0.018 0.012
2 0.813 0.886 0.03 0.04
2 0.712 0.924 0.016 0.012
2 0.138 0.993 0.044 0.01
2 0.154 0.98 0.028 0.028
2 0.181 0.969 0.026 0.022
2 0.139 0.956 0.014 0.008
2 0.067 0.944 0.01 0.008
2 0.015 0.935 0.022 0.034
2 0.177 0.818 0.05 0.032
2 0.925 0.843 0.026 0.042
2 0.987 0.822 0.022 0.032
2 0.935 0.699 0.042 0.014
2 0.936 0.735 0.024 0.022
2 0.911 0.726 0.022 0.04
2 0.778 0.847 0.016 0.014
2 0.766 0.744 0.024 0.028
2 0.591 0.84 0.018 0.02
2 0.651 0.725 0.03 0.034
2 0.489 0.742 0.034 0.024
2 0.419 0.825 0.03 0.046
2 0.431 0.798 0.038 0.02
2 0.41 0.726 0.044 0.032
2 0.206 0.735 0.032 0.022
2 0.221 0.76 0.03 0.032
2 0.199 0.772 0.022 0.016
2 0.025 0.809 0.022 0.03
2 0.973 0.568 0.014 0.02
2 0.873 0.663 0.022 0.018
2 0.874 0.645 0.024 0.026
2 0.715 0.747 0.038 0.042
2 0.688 0.788 0.008 0.004
2 0.625 0.795 0.014 0.014
2 0.628 0.685 0.036 0.022
2 0.751 0.628 0.034 0.024
2 0.143 0.624 0.038 0.032
2 0.264 0.659 0.028 0.022
2 0.309 0.64 0.042 0.024
2 0.417 0.673 0.026 0.018
2 0.368 0.669 0.024 0.022
2 0.901 0.519 0.022 0.014
2 0.935 0.536 0.026 0.032
2 0.821 0.473 0.018 0.01
2 0.663 0.545 0.018 0.018
2 0.626 0.58 0.032 0.024
2 0.556 0.579 0.04 0.018
2 0.522 0.597 0.012 0.018
2 0.464 0.582 0.036 0.028
2 0.412 0.582 0.016 0.02
2 0.349 0.571 0.026 0.03
2 0.115 0.578 0.022 0.024
2 0.243 0.528 0.026 0.024
2 0.95 0.427 0.028 0.03
2 0.933 0.392 0.038 0.04
2 0.943 0.304 0.038 0.048
2 0.976 0.313 0.024 0.038
2 0.914 0.282 0.036 0.04
2 0.909 0.264 0.018 0.024
2 0.839 0.297 0.014 0.01
2 0.794 0.321 0.016 0.014
2 0.65 0.466 0.012 0.016
2 0.427 0.442 0.034 0.044
2 0.284 0.472 0.02 0.02
2 0.12 0.448 0.028 0.012
2 0.423 0.413 0.022 0.03
2 0.314 0.353 0.036 0.03
2 0.358 0.293 0.036 0.022
2 0.316 0.332 0.032 0.024
2 0.627 0.333 0.026 0.022
2 0.956 0.208 0.012 0.02
2 0.968 0.16 0.02 0.02
2 0.85 0.269 0.028 0.034
2 0.807 0.219 0.046 0.034
2 0.837 0.209 0.022 0.018
2 0.833 0.261 0.026 0.022
2 0.677 0.308 0.022 0.028
2 0.554 0.262 0.02 0.016
2 0.562 0.273 0.016 0.018
2 0.582 0.301 0.016 0.01
2 0.602 0.296 0.016 0.012
2 0.6 0.308 0.012 0.012
2 0.575 0.287 0.03 0.014
2 0.208 0.288 0.032 0.028
2 0.068 0.314 0.04 0.02
2 0.012 0.287 0.02 0.026
2 0.025 0.271 0.042 0.026
2 0.992 0.016 0.012 0.024
2 0.917 0.103 0.038 0.038
2 0.812 0.173 0.028 0.018
2 0.818 0.008 0.016 0.012
2 0.731 0.183 0.046 0.034
2 0.68 0.195 0.044 0.046
2 0.492 0.072 0.024 0.032
2 0.415 0.057 0.046 0.03
2 0.428 0.162 0.024 0.032
2 0.105 0.032 0.03 0.028