0 0.793 0.751 0.058 0.07
0 0.902 0.702 0.056 0.044
0 0.814 0.798 0.04 0.036
0 0.849 0.864 0.046 0.044
0 0.863 0.877 0.026 0.03
0 0.815 0.87 0.042 0.052
0 0.807 0.921 0.05 0.042
0 0.773 0.905 0.03 0.034
0 0.764 0.853 0.04 0.026
0 0.746 0.947 0.056 0.05
0 0.72 0.928 0.028 0.028
0 0.769 0.69 0.062 0.056
0 0.726 0.678 0.032 0.036
0 0.739 0.731 0.046 0.042
0 0.714 0.773 0.064 0.054
0 0.676 0.736 0.068 0.04
0 0.825 0.651 0.058 0.038
0 0.814 0.631 0.028 0.018
0 0.9 0.618 0.056 0.064
0 0.869 0.598 0.054 0.044
0 0.87 0.548 0.056 0.04
0 0.885 0.567 0.07 0.05
0 0.923 0.585 0.03 0.038
0 0.97 0.539 0.056 0.062
0 0.956 0.506 0.044 0.036
0 0.93 0.524 0.032 0.036
0 0.988 0.515 0.02 0.042
0 0.919 0.547 0.062 0.062
0 0.814 0.541 0.036 0.03
0 0.868 0.469 0.044 0.042
0 0.916 0.349 0.04 0.07
0 0.78 0.47 0.044 0.056
0 0.796 0.503 0.04 0.038
0 0.859 0.414 0.05 0.06
0 0.744 0.367 0.048 0.062
0 0.769 0.37 0.034 0.068
0 0.814 0.299 0.048 0.058
0 0.803 0.273 0.046 0.038
0 0.952 0.262 0.044 0.044
0 0.874 0.323 0.028 0.038
0 0.883 0.188 0.062 0.048
0 0.891 0.156 0.054 0.056
0 0.96 0.102 0.048 0.052
0 0.776 0.155 0.052 0.05
0 0.694 0.083 0.064 0.042
0 0.733 0.117 0.05 0.05
0 0.796 0.193 0.044 0.046
0 0.867 0.352 0.03 0.028
0 0.736 0.285 0.04 0.038
0 0.751 0.306 0.046 0.036
0 0.72 0.219 0.068 0.054
0 0.717 0.553 0.074 0.058
0 0.931 0.767 0.034 0.038
0 0.914 0.819 0.048 0.03
0 0.928 0.87 0.036 0.024
0 0.713 0.496 0.058 0.052
0 0.675 0.377 0.054 0.074
0 0.648 0.278 0.04 0.04
0 0.747 0.196 0.054 0.06
0 0.775 0.224 0.042 0.024
0 0.669 0.236 0.03 0.032
0 0.725 0.021 0.038 0.038
0 0.838 0.024 0.072 0.044
0 0.632 0.034 0.072 0.064
0 0.668 0.005 0.036 0.006
0 0.549 0.011 0.074 0.018
0 0.416 0.019 0.056 0.034
0 0.452 0.009 0.052 0.014
0 0.362 0.019 0.052 0.034
0 0.337 0.025 0.046 0.038
0 0.513 0.094 0.034 0.036
0 0.585 0.273 0.046 0.046
0 0.488 0.119 0.044 0.034
0 0.393 0.141 0.066 0.07
0 0.446 0.12 0.02 0.032
0 0.507 0.152 0.046 0.04
0 0.456 0.172 0.04 0.044
0 0.563 0.289 0.054 0.046
0 0.564 0.336 0.048 0.064
0 0.607 0.321 0.026 0.038
0 0.247 0.037 0.042 0.038
0 0.257 0.079 0.046 0.05
0 0.301 0.088 0.05 0.068
0 0.189 0.099 0.066 0.074
0 0.481 0.327 0.07 0.058
0 0.357 0.206 0.058 0.056
0 0.501 0.373 0.05 0.034
0 0.557 0.464 0.066 0.06
0 0.68 0.641 0.048 0.042
0 0.492 0.483 0.06 0.054
0 0.39 0.346 0.032 0.032
0 0.363 0.293 0.054 0.054
0 0.397 0.236 0.038 0.036
0 0.359 0.361 0.058 0.062
0 0.556 0.609 0.036 0.046
0 0.596 0.638 0.052 0.052
0 0.557 0.669 0.058 0.058
0 0.6 0.699 0.036 0.034
0 0.609 0.722 0.042 0.028
0 0.558 0.741 0.06 0.054
0 0.698 0.895 0.024 0.034
0 0.665 0.956 0.05 0.056
0 0.663 0.915 0.058 0.05
0 0.623 0.944 0.054 0.06
0 0.615 0.975 0.046 0.034
0 0.618 0.99 0.044 0.016
0 0.567 0.93 0.038 0.056
0 0.5 0.825 0.04 0.046
0 0.521 0.842 0.022 0.036
0 0.542 0.842 0.028 0.036
0 0.475 0.845 0.046 0.042
0 0.46 0.824 0.032 0.032
0 0.477 0.909 0.058 0.058
0 0.447 0.893 0.03 0.026
0 0.463 0.952 0.046 0.052
0 0.484 0.963 0.02 0.038
0 0.417 0.921 0.03 0.03
0 0.514 0.791 0.04 0.046
0 0.447 0.761 0.05 0.05
0 0.452 0.739 0.024 0.022
0 0.431 0.731 0.03 0.022
0 0.43 0.673 0.04 0.042
0 0.418 0.85 0.032 0.032
0 0.412 0.906 0.036 0.028
0 0.348 0.917 0.056 0.07
0 0.415 0.519 0.042 0.042
0 0.432 0.512 0.052 0.06
0 0.323 0.684 0.05 0.052
0 0.339 0.805 0.058 0.05
0 0.34 0.715 0.036 0.026
0 0.267 0.86 0.058 0.072
0 0.205 0.764 0.058 0.052
0 0.233 0.774 0.026 0.028
0 0.237 0.809 0.03 0.03
0 0.197 0.682 0.034 0.036
0 0.211 0.697 0.026 0.026
0 0.255 0.58 0.058 0.056
0 0.277 0.618 0.038 0.024
0 0.245 0.687 0.03 0.026
0 0.105 0.727 0.054 0.062
0 0.068 0.712 0.044 0.056
0 0.14 0.793 0.04 0.05
0 0.033 0.743 0.054 0.062
0 0.218 0.882 0.036 0.052
0 0.185 0.89 0.05 0.064
0 0.205 0.478 0.05 0.056
0 0.197 0.549 0.054 0.07
0 0.282 0.523 0.048 0.038
0 0.166 0.574 0.032 0.032
0 0.153 0.559 0.026 0.026
0 0.133 0.311 0.054 0.05
0 0.304 0.43 0.056 0.056
0 0.286 0.413 0.032 0.03
0 0.116 0.623 0.036 0.026
0 0.18 0.928 0.064 0.056
0 0.046 0.908 0.072 0.068
0 0.06 0.88 0.044 0.056
0 0.09 0.876 0.06 0.076
0 0.033 0.941 0.062 0.054
0 0.061 0.635 0.062 0.062
0 0.096 0.4 0.048 0.056
0 0.152 0.327 0.028 0.038
0 0.194 0.273 0.04 0.046
0 0.167 0.397 0.046 0.054
0 0.065 0.445 0.03 0.03
0 0.194 0.432 0.04 0.04
0 0.23 0.301 0.032 0.034
0 0.207 0.194 0.05 0.064
0 0.261 0.181 0.042 0.046
0 0.235 0.165 0.046 0.026
0 0.109 0.142 0.046 0.044
0 0.131 0.143 0.038 0.058
0 0.074 0.213 0.048 0.062
0 0.121 0.081 0.046 0.062
0 0.089 0.076 0.022 0.04
0 0.043 0.025 0.054 0.046
0 0.019 0.426 0.034 0.052
0 0.027 0.503 0.034 0.046
0 0.022 0.798 0.04 0.064
0 0.008 0.901 0.012 0.046
0 0.208 0.988 0.06 0.02
0 0.17 0.988 0.028 0.02
0 0.329 0.981 0.054 0.034
0 0.312 0.966 0.028 0.032
0 0.829 0.991 0.054 0.014
0 0.975 0.869 0.046 0.058
0 0.976 0.801 0.044 0.05
0 0.988 0.686 0.02 0.04
0 0.983 0.432 0.03 0.032
0 0.992 0.322 0.012 0.052
0 0.985 0.219 0.026 0.042
0 0.966 0.188 0.048 0.04
0 0.813 0.088 0.07 0.06
0 0.69 0.185 0.036 0.042
0 0.539 0.405 0.038 0.026
0 0.681 0.869 0.05 0.046
0 0.547 0.975 0.034 0.026
0 0.993 0.376 0.01 0.02
0 0.971 0.03 0.054 0.052
1 0.874 0.908 0.044 0.024
1 0.931 0.091 0.026 0.034
1 0.924 0.669 0.032 0.022
1 0.767 0.244 0.022 0.028
1 0.467 0.082 0.026 0.032
1 0.514 0.394 0.036 0.02
1 0.601 0.405 0.026 0.026
1 0.945 0.073 0.018 0.014
1 0.851 0.112 0.026 0.024
1 0.571 0.049 0.026 0.022
1 0.366 0.106 0.02 0.024
1 0.449 0.097 0.026 0.018
1 0.618 0.417 0.024 0.026
1 0.65 0.584 0.02 0.036
1 0.445 0.815 0.026 0.022
1 0.523 0.575 0.026 0.026
1 0.177 0.736 0.022 0.024
1 0.115 0.557 0.022 0.022
1 0.127 0.564 0.014 0.016
1 0.28 0.389 0.02 0.026
1 0.262 0.488 0.024 0.024
1 0.153 0.901 0.018 0.018
1 0.148 0.894 0.016 0.016
1 0.079 0.912 0.014 0.02
1 0.123 0.421 0.026 0.034
1 0.05 0.423 0.024 0.03
1 0.224 0.334 0.028 0.024
1 0.241 0.334 0.01 0.016
1 0.984 0.971 0.024 0.026
1 0.955 0.995 0.042 0.006
1 0.93 0.994 0.036 0.008
1 0.994 0.452 0.008 0.016
1 0.007 0.612 0.01 0.04
1 0.013 0.714 0.022 0.02
2 0.895 0.897 0.05 0.046
2 0.947 0.334 0.038 0.036
2 0.872 0.249 0.024 0.058
2 0.908 0.398 0.048 0.028
2 0.832 0.399 0.036 0.034
2 0.859 0.009 0.034 0.014
2 0.488 0.009 0.028 0.014
2 0.51 0.038 0.04 0.036
2 0.473 0.201 0.03 0.034
2 0.364 0.161 0.044 0.058
2 0.439 0.31 0.042 0.044
2 0.664 0.579 0.028 0.038
2 0.622 0.557 0.036 0.034
2 0.477 0.64 0.054 0.072
2 0.493 0.58 0.03 0.024
2 0.472 0.685 0.036 0.03
2 0.024 0.861 0.028 0.034
2 0.149 0.405 0.054 0.078
2 0.529 0.361 0.038 0.034
2 0.756 0.874 0.036 0.028
2 0.701 0.669 0.03 0.05
2 0.796 0.663 0.028 0.05
2 0.714 0.399 0.052 0.066
2 0.641 0.199 0.022 0.018
2 0.628 0.256 0.032 0.032
2 0.62 0.373 0.044 0.066
2 0.587 0.152 0.038 0.036
2 0.571 0.229 0.038 0.038
2 0.417 0.275 0.046 0.034
2 0.585 0.532 0.062 0.064
2 0.468 0.277 0.044 0.026
2 0.435 0.957 0.03 0.058
2 0.425 0.985 0.034 0.026
2 0.399 0.973 0.038 0.034
2 0.6 0.851 0.044 0.054
2 0.499 0.732 0.058 0.048
2 0.509 0.891 0.03 0.03
2 0.4 0.872 0.032 0.036
2 0.384 0.856 0.032 0.036
2 0.385 0.808 0.042 0.048
2 0.38 0.939 0.036 0.05
2 0.534 0.808 0.028 0.036
2 0.676 0.772 0.02 0.032
2 0.586 0.652 0.068 0.048
2 0.594 0.43 0.048 0.06
2 0.822 0.202 0.028 0.036
2 0.613 0.082 0.046 0.048
2 0.746 0.03 0.024 0.036
2 0.73 0.048 0.016 0.016
2 0.852 0.051 0.044 0.018
2 0.913 0.07 0.026 0.016
2 0.91 0.089 0.016 0.022
2 0.621 0.76 0.018 0.016
2 0.605 0.771 0.018 0.03
2 0.946 0.608 0.024 0.028
2 0.668 0.29 0.02 0.016
2 0.609 0.877 0.046 0.026
2 0.416 0.746 0.02 0.02
2 0.407 0.617 0.038 0.046
2 0.388 0.5 0.032 0.032
2 0.39 0.527 0.024 0.022
2 0.453 0.547 0.026 0.018
2 0.367 0.672 0.034 0.032
2 0.246 0.669 0.036 0.026
2 0.194 0.658 0.04 0.024
2 0.214 0.515 0.024 0.026
2 0.325 0.25 0.034 0.036
2 0.279 0.477 0.05 0.046
2 0.27 0.501 0.024 0.026
2 0.241 0.403 0.034 0.03
2 0.368 0.424 0.064 0.08
2 0.158 0.527 0.036 0.038
2 0.128 0.517 0.02 0.022
2 0.111 0.805 0.038 0.034
2 0.15 0.856 0.028 0.024
2 0.163 0.462 0.026 0.036
2 0.268 0.278 0.02 0.028
2 0.288 0.289 0.032 0.026
2 0.221 0.057 0.046 0.038
2 0.11 0.241 0.04 0.034
2 0.106 0.268 0.028 0.024
2 0.079 0.016 0.018 0.016
2 0.059 0.164 0.042 0.04
2 0.219 0.142 0.018 0.02
2 0.636 0.309 0.028 0.03
2 0.012 0.257 0.02 0.05
2 0.035 0.452 0.026 0.024
2 0.992 0.993 0.012 0.01
2 0.989 0.92 0.018 0.028
2 0.701 0.815 0.034 0.026
2 0.869 0.829 0.034 0.034
2 0.986 0.399 0.024 0.042
2 0.986 0.176 0.02 0.024
2 0.994 0.014 0.008 0.024