0 0.87 0.761 0.036 0.042
0 0.928 0.715 0.048 0.046
0 0.969 0.72 0.03 0.032
0 0.957 0.703 0.034 0.022
0 0.982 0.595 0.032 0.03
0 0.902 0.504 0.024 0.032
0 0.918 0.528 0.024 0.04
0 0.852 0.696 0.048 0.036
0 0.976 0.466 0.04 0.04
0 0.9 0.468 0.032 0.032
0 0.941 0.807 0.038 0.042
0 0.966 0.797 0.04 0.038
0 0.986 0.789 0.024 0.05
0 0.954 0.893 0.04 0.038
0 0.947 0.926 0.038 0.036
0 0.869 0.918 0.038 0.044
0 0.957 0.966 0.026 0.036
0 0.99 0.982 0.02 0.032
0 0.873 0.973 0.05 0.05
0 0.834 0.985 0.044 0.026
0 0.779 0.98 0.03 0.036
0 0.787 0.962 0.03 0.044
0 0.84 0.885 0.036 0.03
0 0.824 0.827 0.036 0.054
0 0.819 0.753 0.046 0.046
0 0.737 0.764 0.046 0.052
0 0.693 0.77 0.042 0.052
0 0.716 0.769 0.024 0.042
0 0.667 0.738 0.038 0.048
0 0.777 0.673 0.038 0.034
0 0.727 0.677 0.062 0.05
0 0.763 0.661 0.034 0.03
0 0.693 0.674 0.022 0.036
0 0.707 0.634 0.034 0.024
0 0.742 0.705 0.028 0.026
0 0.685 0.611 0.038 0.054
0 0.724 0.598 0.028 0.032
0 0.738 0.604 0.028 0.036
0 0.646 0.577 0.04 0.05
0 0.936 0.387 0.032 0.046
0 0.777 0.742 0.03 0.028
0 0.777 0.117 0.038 0.042
0 0.68 0.24 0.036 0.024
0 0.637 0.052 0.026 0.028
0 0.601 0.09 0.034 0.028
0 0.481 0.121 0.042 0.038
0 0.37 0.31 0.044 0.044
0 0.405 0.45 0.042 0.044
0 0.383 0.486 0.038 0.052
0 0.346 0.512 0.044 0.044
0 0.456 0.449 0.048 0.046
0 0.55 0.53 0.048 0.048
0 0.485 0.566 0.042 0.048
0 0.501 0.595 0.034 0.042
0 0.539 0.65 0.042 0.036
0 0.503 0.662 0.046 0.044
0 0.434 0.625 0.044 0.05
0 0.414 0.554 0.048 0.056
0 0.439 0.591 0.038 0.046
0 0.462 0.506 0.032 0.032
0 0.467 0.486 0.034 0.032
0 0.321 0.433 0.058 0.058
0 0.282 0.444 0.028 0.032
0 0.284 0.421 0.032 0.022
0 0.36 0.411 0.056 0.058
0 0.332 0.472 0.04 0.032
0 0.315 0.561 0.042 0.066
0 0.349 0.674 0.058 0.056
0 0.32 0.695 0.052 0.046
0 0.061 0.285 0.038 0.042
0 0.137 0.292 0.05 0.04
0 0.164 0.369 0.044 0.038
0 0.145 0.383 0.054 0.042
0 0.15 0.343 0.036 0.038
0 0.198 0.415 0.04 0.038
0 0.209 0.358 0.046 0.048
0 0.133 0.406 0.03 0.028
0 0.125 0.416 0.022 0.028
0 0.221 0.468 0.034 0.044
0 0.195 0.482 0.038 0.044
0 0.127 0.466 0.042 0.06
0 0.151 0.459 0.026 0.042
0 0.545 0.793 0.046 0.054
0 0.447 0.693 0.038 0.046
0 0.434 0.663 0.044 0.046
0 0.41 0.671 0.024 0.034
0 0.495 0.786 0.034 0.036
0 0.665 0.829 0.038 0.054
0 0.577 0.819 0.034 0.046
0 0.362 0.646 0.036 0.04
0 0.453 0.574 0.034 0.048
0 0.176 0.537 0.028 0.042
0 0.231 0.556 0.042 0.052
0 0.641 0.934 0.054 0.052
0 0.672 0.931 0.036 0.042
0 0.692 0.912 0.028 0.032
0 0.704 0.895 0.04 0.05
0 0.875 0.627 0.022 0.026
0 0.863 0.632 0.034 0.04
0 0.553 0.742 0.026 0.028
0 0.555 0.893 0.038 0.042
0 0.428 0.836 0.052 0.044
0 0.486 0.827 0.04 0.046
0 0.471 0.848 0.034 0.024
0 0.313 0.765 0.046 0.038
0 0.335 0.757 0.046 0.038
0 0.282 0.722 0.044 0.04
0 0.581 0.951 0.038 0.038
0 0.602 0.981 0.044 0.034
0 0.497 0.952 0.038 0.036
0 0.256 0.835 0.064 0.046
0 0.197 0.83 0.034 0.044
0 0.209 0.775 0.054 0.058
0 0.171 0.766 0.042 0.048
0 0.157 0.752 0.026 0.036
0 0.194 0.98 0.024 0.024
0 0.146 0.95 0.028 0.032
0 0.119 0.891 0.038 0.054
0 0.061 0.827 0.034 0.062
0 0.148 0.848 0.036 0.076
0 0.224 0.877 0.036 0.026
0 0.099 0.98 0.038 0.036
0 0.067 0.961 0.038 0.05
0 0.055 0.988 0.038 0.02
0 0.271 0.675 0.038 0.05
0 0.152 0.688 0.052 0.052
0 0.175 0.68 0.034 0.048
0 0.072 0.783 0.04 0.054
0 0.035 0.699 0.034 0.054
0 0.141 0.601 0.05 0.038
0 0.179 0.568 0.03 0.024
0 0.098 0.563 0.036 0.046
0 0.121 0.582 0.034 0.044
0 0.137 0.624 0.042 0.028
0 0.043 0.45 0.03 0.04
0 0.088 0.403 0.04 0.046
0 0.013 0.339 0.022 0.05
0 0.125 0.536 0.038 0.048
0 0.195 0.952 0.026 0.024
0 0.207 0.936 0.034 0.032
0 0.104 0.842 0.024 0.044
0 0.191 0.619 0.034 0.05
0 0.012 0.383 0.02 0.046
0 0.025 0.298 0.038 0.028
0 0.018 0.276 0.032 0.036
0 0.191 0.024 0.054 0.032
0 0.457 0.804 0.042 0.04
0 0.355 0.719 0.05 0.03
0 0.292 0.405 0.024 0.022
0 0.37 0.375 0.056 0.046
0 0.105 0.255 0.038 0.022
0 0.484 0.337 0.028 0.038
0 0.413 0.245 0.034 0.03
0 0.967 0.429 0.03 0.042
0 0.924 0.432 0.028 0.052
0 0.873 0.149 0.042 0.046
0 0.75 0.16 0.044 0.02
0 0.57 0.091 0.032 0.03
0 0.846 0.095 0.048 0.038
0 0.461 0.174 0.042 0.032
0 0.425 0.442 0.042 0.048
0 0.41 0.701 0.052 0.05
0 0.738 0.962 0.032 0.024
0 0.769 0.879 0.022 0.042
0 0.599 0.796 0.026 0.028
0 0.516 0.743 0.048 0.042
0 0.485 0.742 0.022 0.036
0 0.617 0.825 0.034 0.026
0 0.581 0.753 0.03 0.03
0 0.524 0.468 0.024 0.044
0 0.431 0.499 0.03 0.03
0 0.821 0.624 0.042 0.036
0 0.253 0.736 0.038 0.04
0 0.133 0.74 0.034 0.044
0 0.252 0.882 0.032 0.044
0 0.227 0.66 0.018 0.048
0 0.1 0.671 0.032 0.034
0 0.067 0.372 0.034 0.032
0 0.022 0.505 0.04 0.042
0 0.719 0.489 0.054 0.038
0 0.688 0.493 0.02 0.03
0 0.721 0.532 0.034 0.032
0 0.148 0.423 0.016 0.034
0 0.37 0.351 0.024 0.022
0 0.52 0.179 0.032 0.038
0 0.294 0.222 0.016 0.052
0 0.405 0.173 0.038 0.046
0 0.32 0.299 0.028 0.026
0 0.865 0.037 0.034 0.03
0 0.814 0.03 0.024 0.044
0 0.785 0.012 0.038 0.024
0 0.295 0.323 0.03 0.026
0 0.278 0.312 0.06 0.044
0 0.252 0.286 0.02 0.048
0 0.399 0.113 0.038 0.038
0 0.286 0.023 0.028 0.03
0 0.256 0.034 0.032 0.028
0 0.23 0.041 0.024 0.022
0 0.023 0.045 0.03 0.034
0 0.512 0.974 0.024 0.032
1 0.971 0.598 0.026 0.024
1 0.898 0.517 0.024 0.018
1 0.831 0.684 0.018 0.024
1 0.846 0.35 0.024 0.028
1 0.939 0.902 0.026 0.02
1 0.946 0.94 0.02 0.016
1 0.904 0.908 0.02 0.02
1 0.7 0.654 0.016 0.016
1 0.723 0.626 0.026 0.024
1 0.803 0.258 0.022 0.028
1 0.66 0.277 0.028 0.026
1 0.639 0.316 0.022 0.028
1 0.549 0.669 0.022 0.018
1 0.157 0.28 0.026 0.024
1 0.21 0.906 0.032 0.02
1 0.095 0.813 0.022 0.022
1 0.096 0.595 0.024 0.022
1 0.962 0.382 0.024 0.028
1 0.782 0.765 0.02 0.022
1 0.559 0.727 0.026 0.022
1 0.617 0.8 0.022 0.02
1 0.561 0.766 0.026 0.028
1 0.659 0.541 0.018 0.026
1 0.82 0.656 0.028 0.028
1 0.542 0.588 0.024 0.032
1 0.046 0.477 0.02 0.018
1 0.385 0.158 0.022 0.024
1 0.246 0.147 0.02 0.026
1 0.267 0.283 0.022 0.018
1 0.526 0.957 0.024 0.026
2 0.848 0.945 0.044 0.034
2 0.913 0.38 0.026 0.028
2 0.868 0.503 0.048 0.034
2 0.98 0.328 0.032 0.032
2 0.663 0.156 0.03 0.032
2 0.715 0.408 0.03 0.028
2 0.771 0.725 0.034 0.03
2 0.765 0.698 0.022 0.024
2 0.625 0.903 0.018 0.026
2 0.759 0.852 0.03 0.02
2 0.782 0.918 0.04 0.024
2 0.586 0.725 0.036 0.042
2 0.574 0.788 0.012 0.02
2 0.677 0.716 0.022 0.024
2 0.612 0.628 0.02 0.032
2 0.524 0.567 0.036 0.042
2 0.522 0.534 0.024 0.032
2 0.535 0.501 0.03 0.034
2 0.421 0.511 0.014 0.014
2 0.839 0.787 0.03 0.034
2 0.613 0.66 0.026 0.044
2 0.841 0.648 0.022 0.028
2 0.863 0.606 0.022 0.024
2 0.777 0.64 0.014 0.024
2 0.701 0.731 0.018 0.022
2 0.31 0.792 0.048 0.032
2 0.417 0.858 0.054 0.036
2 0.479 0.87 0.038 0.032
2 0.587 0.93 0.018 0.02
2 0.472 0.949 0.032 0.046
2 0.443 0.955 0.038 0.034
2 0.165 0.645 0.022 0.03
2 0.093 0.431 0.038 0.026
2 0.117 0.822 0.026 0.024
2 0.688 0.475 0.012 0.014
2 0.723 0.555 0.022 0.022
2 0.71 0.533 0.02 0.018
2 0.702 0.435 0.036 0.03
2 0.85 0.327 0.016 0.03
2 0.943 0.357 0.018 0.018
2 0.959 0.364 0.018 0.012
2 0.991 0.542 0.014 0.04
2 0.989 0.509 0.018 0.042
2 0.944 0.405 0.036 0.018
2 0.486 0.535 0.024 0.022
2 0.556 0.587 0.016 0.018
2 0.264 0.595 0.024 0.046
2 0.263 0.496 0.03 0.032
2 0.165 0.473 0.034 0.046
2 0.255 0.354 0.03 0.032
2 0.277 0.354 0.034 0.032
2 0.237 0.348 0.01 0.016
2 0.391 0.191 0.034 0.034
2 0.046 0.309 0.016 0.018
2 0.014 0.207 0.024 0.03
2 0.298 0.281 0.04 0.026
2 0.215 0.119 0.034 0.038
2 0.128 0.073 0.036 0.022
2 0.35 0.841 0.048 0.03
2 0.39 0.801 0.076 0.058
2 0.084 0.855 0.028 0.034
2 0.005 0.914 0.006 0.02
2 0.022 0.981 0.028 0.034
2 0.55 0.988 0.032 0.02
2 0.73 0.993 0.028 0.01
2 0.905 0.957 0.034 0.026
2 0.979 0.933 0.034 0.054
2 0.985 0.821 0.026 0.038
2 0.005 0.713 0.006 0.034
2 0.042 0.614 0.02 0.024
2 0.022 0.571 0.02 0.022
2 0.327 0.331 0.03 0.022
2 0.684 0.06 0.02 0.024
2 0.49 0.003 0.02 0.006
2 0.004 0.488 0.004 0.052
2 0.201 0.521 0.034 0.026