0 0.008 0.014 0.016 0.028
0 0.073 0.018 0.038 0.036
0 0.119 0.026 0.042 0.052
0 0.147 0.012 0.034 0.024
0 0.183 0.006 0.022 0.012
0 0.327 0.067 0.054 0.046
0 0.366 0.048 0.056 0.048
0 0.382 0.014 0.036 0.024
0 0.444 0.037 0.064 0.066
0 0.501 0.031 0.026 0.022
0 0.676 0.024 0.08 0.048
0 0.741 0.006 0.022 0.012
0 0.821 0.008 0.038 0.016
0 0.931 0.028 0.106 0.056
0 0.922 0.123 0.04 0.05
0 0.886 0.155 0.056 0.058
0 0.826 0.09 0.072 0.048
0 0.803 0.049 0.05 0.038
0 0.849 0.177 0.034 0.038
0 0.696 0.065 0.052 0.038
0 0.647 0.073 0.054 0.05
0 0.67 0.146 0.052 0.04
0 0.606 0.092 0.04 0.06
0 0.566 0.101 0.052 0.046
0 0.566 0.162 0.076 0.048
0 0.557 0.186 0.07 0.052
0 0.347 0.15 0.046 0.056
0 0.305 0.127 0.05 0.066
0 0.242 0.161 0.02 0.026
0 0.235 0.12 0.026 0.052
0 0.142 0.094 0.032 0.044
0 0.099 0.085 0.042 0.046
0 0.121 0.125 0.026 0.046
0 0.014 0.07 0.028 0.048
0 0.028 0.119 0.048 0.066
0 0.029 0.204 0.042 0.068
0 0.088 0.221 0.024 0.05
0 0.112 0.211 0.028 0.05
0 0.07 0.281 0.04 0.034
0 0.185 0.278 0.066 0.044
0 0.359 0.191 0.054 0.034
0 0.42 0.221 0.064 0.074
0 0.282 0.331 0.08 0.062
0 0.351 0.267 0.034 0.038
0 0.384 0.262 0.048 0.052
0 0.402 0.292 0.048 0.044
0 0.512 0.258 0.06 0.044
0 0.582 0.24 0.08 0.056
0 0.663 0.235 0.07 0.078
0 0.74 0.222 0.052 0.04
0 0.798 0.226 0.052 0.036
0 0.846 0.214 0.076 0.044
0 0.893 0.275 0.062 0.042
0 0.966 0.263 0.064 0.05
0 0.847 0.332 0.054 0.044
0 0.992 0.387 0.012 0.038
0 0.96 0.397 0.02 0.034
0 0.915 0.348 0.086 0.08
0 0.75 0.309 0.112 0.062
0 0.734 0.29 0.06 0.036
0 0.636 0.299 0.056 0.038
0 0.779 0.378 0.066 0.04
0 0.8 0.395 0.044 0.026
0 0.806 0.434 0.044 0.036
0 0.718 0.406 0.076 0.04
0 0.649 0.382 0.054 0.032
0 0.602 0.356 0.048 0.056
0 0.56 0.324 0.036 0.032
0 0.503 0.339 0.046 0.054
0 0.458 0.359 0.076 0.042
0 0.419 0.373 0.018 0.034
0 0.499 0.435 0.03 0.026
0 0.464 0.405 0.06 0.042
0 0.313 0.445 0.05 0.042
0 0.024 0.393 0.024 0.03
0 0.075 0.446 0.078 0.052
0 0.078 0.513 0.072 0.078
0 0.017 0.487 0.034 0.034
0 0.094 0.478 0.032 0.032
0 0.217 0.485 0.066 0.082
0 0.281 0.536 0.09 0.096
0 0.029 0.602 0.058 0.048
0 0.092 0.637 0.052 0.034
0 0.197 0.543 0.038 0.038
0 0.97 0.498 0.044 0.052
0 0.928 0.492 0.04 0.044
0 0.995 0.506 0.006 0.016
0 0.81 0.515 0.084 0.074
0 0.897 0.607 0.058 0.07
0 0.829 0.582 0.074 0.056
0 0.768 0.569 0.056 0.058
0 0.678 0.456 0.064 0.048
0 0.648 0.462 0.084 0.08
0 0.661 0.523 0.058 0.05
0 0.966 0.78 0.06 0.064
0 0.838 0.704 0.032 0.048
0 0.495 0.481 0.082 0.058
0 0.575 0.492 0.046 0.04
0 0.594 0.624 0.056 0.048
0 0.635 0.618 0.022 0.028
0 0.713 0.632 0.05 0.044
0 0.77 0.671 0.024 0.03
0 0.024 0.981 0.048 0.034
0 0.024 0.92 0.048 0.064
0 0.082 0.901 0.056 0.054
0 0.113 0.905 0.022 0.046
0 0.132 0.989 0.04 0.018
0 0.154 0.931 0.044 0.082
0 0.22 0.977 0.068 0.042
0 0.268 0.975 0.024 0.038
0 0.223 0.889 0.062 0.058
0 0.325 0.908 0.046 0.052
0 0.333 0.973 0.038 0.042
0 0.359 0.973 0.046 0.05
0 0.394 0.991 0.02 0.014
0 0.468 0.962 0.064 0.044
0 0.652 0.982 0.076 0.032
0 0.717 0.991 0.026 0.014
0 0.794 0.98 0.06 0.036
0 0.975 0.99 0.046 0.016
0 0.883 0.952 0.042 0.044
0 0.96 0.939 0.04 0.042
0 0.971 0.966 0.042 0.04
0 0.902 0.889 0.06 0.07
0 0.826 0.922 0.036 0.072
0 0.682 0.935 0.06 0.054
0 0.737 0.894 0.05 0.048
0 0.781 0.88 0.042 0.064
0 0.82 0.849 0.052 0.046
0 0.838 0.825 0.052 0.03
0 0.69 0.826 0.056 0.036
0 0.664 0.77 0.068 0.04
0 0.659 0.86 0.066 0.044
0 0.574 0.872 0.056 0.052
0 0.579 0.808 0.078 0.048
0 0.517 0.84 0.05 0.044
0 0.469 0.869 0.034 0.038
0 0.391 0.892 0.082 0.068
0 0.391 0.832 0.05 0.056
0 0.044 0.779 0.02 0.03
0 0.352 0.806 0.036 0.044
0 0.475 0.812 0.062 0.04
0 0.493 0.768 0.054 0.076
0 0.531 0.766 0.038 0.052
0 0.573 0.686 0.054 0.044
0 0.458 0.714 0.06 0.068
0 0.43 0.711 0.032 0.05
0 0.412 0.73 0.048 0.06
0 0.318 0.675 0.064 0.058
0 0.041 0.69 0.042 0.048
0 0.214 0.771 0.092 0.086
0 0.234 0.715 0.048 0.034
0 0.335 0.71 0.058 0.06
0 0.444 0.609 0.064 0.034
0 0.602 0.555 0.028 0.03
0 0.411 0.554 0.062 0.052
0 0.392 0.492 0.036 0.036
0 0.361 0.445 0.026 0.026
0 0.268 0.6 0.08 0.048
0 0.08 0.721 0.056 0.054
1 0.797 0.105 0.014 0.03
1 0.836 0.036 0.02 0.016
1 0.636 0.187 0.032 0.022
1 0.06 0.315 0.048 0.022
1 0.332 0.294 0.032 0.028
1 0.475 0.272 0.03 0.032
1 0.962 0.218 0.028 0.028
1 0.923 0.194 0.046 0.028
1 0.137 0.353 0.03 0.026
1 0.309 0.472 0.038 0.024
1 0.136 0.576 0.04 0.04
1 0.741 0.592 0.018 0.024
1 0.757 0.587 0.026 0.026
1 0.641 0.533 0.018 0.03
1 0.85 0.764 0.02 0.024
1 0.679 0.729 0.018 0.022
1 0.756 0.727 0.032 0.03
1 0.294 0.858 0.048 0.028
1 0.323 0.617 0.026 0.018
1 0.114 0.73 0.04 0.04
1 0.189 0.674 0.026 0.024
1 0.419 0.514 0.022 0.024
1 0.399 0.519 0.026 0.018
2 0.175 0.037 0.026 0.034
2 0.966 0.074 0.012 0.016
2 0.941 0.073 0.03 0.03
2 0.677 0.104 0.038 0.044
2 0.517 0.131 0.03 0.034
2 0.39 0.147 0.036 0.034
2 0.186 0.139 0.032 0.042
2 0.191 0.101 0.026 0.03
2 0.15 0.168 0.036 0.032
2 0.277 0.183 0.022 0.034
2 0.321 0.238 0.01 0.008
2 0.318 0.309 0.032 0.034
2 0.921 0.233 0.034 0.042
2 0.96 0.194 0.02 0.02
2 0.888 0.406 0.024 0.024
2 0.922 0.414 0.04 0.04
2 0.556 0.368 0.044 0.04
2 0.24 0.345 0.044 0.026
2 0.218 0.393 0.044 0.038
2 0.053 0.344 0.026 0.04
2 0.008 0.378 0.016 0.052
2 0.958 0.442 0.032 0.04
2 0.978 0.557 0.04 0.05
2 0.881 0.527 0.054 0.042
2 0.935 0.636 0.034 0.036
2 0.702 0.544 0.024 0.028
2 0.753 0.524 0.058 0.036
2 0.934 0.791 0.024 0.03
2 0.863 0.682 0.046 0.036
2 0.989 0.863 0.018 0.05
2 0.035 0.873 0.05 0.042
2 0.082 0.968 0.02 0.052
2 0.891 0.983 0.038 0.026
2 0.883 0.738 0.042 0.028
2 0.863 0.78 0.034 0.036
2 0.749 0.843 0.026 0.03
2 0.698 0.786 0.02 0.016
2 0.549 0.918 0.054 0.044
2 0.443 0.877 0.066 0.034
2 0.125 0.858 0.022 0.024
2 0.124 0.825 0.028 0.014
2 0.232 0.684 0.02 0.028
2 0.454 0.635 0.056 0.03
2 0.551 0.628 0.046 0.024
2 0.608 0.521 0.032 0.026
2 0.614 0.49 0.016 0.028
2 0.451 0.554 0.014 0.016
2 0.43 0.458 0.052 0.036