0 0.042 0.941 0.024 0.03
0 0.087 0.947 0.038 0.05
0 0.045 0.889 0.046 0.05
0 0.029 0.818 0.05 0.052
0 0.068 0.822 0.028 0.036
0 0.014 0.749 0.028 0.058
0 0.098 0.798 0.036 0.048
0 0.04 0.665 0.032 0.018
0 0.058 0.625 0.036 0.038
0 0.015 0.543 0.03 0.05
0 0.064 0.586 0.036 0.04
0 0.065 0.554 0.038 0.048
0 0.041 0.521 0.05 0.042
0 0.029 0.386 0.038 0.04
0 0.016 0.25 0.032 0.036
0 0.075 0.279 0.042 0.038
0 0.066 0.263 0.04 0.034
0 0.012 0.162 0.024 0.044
0 0.049 0.194 0.038 0.044
0 0.12 0.12 0.06 0.064
0 0.108 0.071 0.036 0.03
0 0.174 0.067 0.052 0.05
0 0.192 0.097 0.016 0.026
0 0.185 0.018 0.034 0.032
0 0.252 0.02 0.06 0.036
0 0.334 0.009 0.028 0.014
0 0.315 0.066 0.042 0.052
0 0.283 0.105 0.038 0.03
0 0.327 0.131 0.042 0.038
0 0.431 0.011 0.034 0.018
0 0.442 0.075 0.064 0.062
0 0.547 0.024 0.034 0.036
0 0.527 0.087 0.03 0.022
0 0.544 0.099 0.02 0.034
0 0.607 0.119 0.038 0.046
0 0.645 0.025 0.038 0.046
0 0.666 0.128 0.044 0.04
0 0.791 0.039 0.05 0.05
0 0.836 0.014 0.04 0.024
0 0.878 0.027 0.032 0.03
0 0.793 0.096 0.066 0.032
0 0.968 0.111 0.06 0.05
0 0.939 0.229 0.05 0.062
0 0.82 0.234 0.044 0.04
0 0.66 0.219 0.064 0.082
0 0.421 0.129 0.038 0.03
0 0.433 0.164 0.038 0.032
0 0.417 0.223 0.03 0.03
0 0.259 0.249 0.046 0.05
0 0.187 0.303 0.042 0.042
0 0.215 0.353 0.026 0.034
0 0.165 0.403 0.022 0.018
0 0.111 0.427 0.062 0.054
0 0.156 0.454 0.032 0.028
0 0.145 0.495 0.046 0.038
0 0.114 0.489 0.02 0.026
0 0.138 0.573 0.04 0.026
0 0.158 0.548 0.048 0.048
0 0.249 0.631 0.05 0.066
0 0.225 0.603 0.026 0.038
0 0.24 0.584 0.028 0.028
0 0.259 0.61 0.018 0.036
0 0.264 0.468 0.076 0.088
0 0.289 0.404 0.054 0.048
0 0.369 0.395 0.05 0.046
0 0.399 0.47 0.038 0.04
0 0.5 0.505 0.032 0.05
0 0.55 0.517 0.036 0.062
0 0.609 0.493 0.042 0.066
0 0.453 0.309 0.046 0.034
0 0.448 0.265 0.028 0.042
0 0.514 0.3 0.04 0.04
0 0.561 0.259 0.046 0.054
0 0.736 0.304 0.068 0.044
0 0.794 0.379 0.06 0.062
0 0.829 0.517 0.042 0.054
0 0.995 0.47 0.006 0.04
0 0.968 0.607 0.044 0.058
0 0.988 0.629 0.02 0.042
0 0.496 0.379 0.028 0.022
0 0.752 0.518 0.048 0.056
0 0.721 0.598 0.042 0.036
0 0.84 0.66 0.048 0.048
0 0.884 0.671 0.04 0.042
0 0.867 0.716 0.046 0.044
0 0.94 0.75 0.032 0.032
0 0.912 0.69 0.024 0.036
0 0.987 0.836 0.022 0.036
0 0.961 0.852 0.022 0.024
0 0.866 0.848 0.032 0.048
0 0.879 0.837 0.026 0.038
0 0.915 0.94 0.022 0.028
0 0.941 0.958 0.03 0.036
0 0.913 0.976 0.026 0.024
0 0.906 0.987 0.028 0.022
0 0.857 0.978 0.042 0.04
0 0.828 0.993 0.028 0.01
0 0.752 0.994 0.032 0.008
0 0.684 0.984 0.04 0.028
0 0.774 0.903 0.032 0.042
0 0.708 0.84 0.044 0.044
0 0.715 0.792 0.058 0.044
0 0.726 0.74 0.04 0.044
0 0.748 0.754 0.012 0.032
0 0.657 0.7 0.034 0.056
0 0.497 0.621 0.014 0.026
0 0.484 0.686 0.048 0.04
0 0.464 0.776 0.068 0.06
0 0.6 0.826 0.028 0.052
0 0.647 0.843 0.042 0.07
0 0.632 0.928 0.028 0.036
0 0.65 0.958 0.024 0.02
0 0.584 0.949 0.04 0.054
0 0.555 0.975 0.042 0.046
0 0.496 0.883 0.036 0.03
0 0.46 0.901 0.024 0.022
0 0.461 0.988 0.058 0.02
0 0.384 0.953 0.044 0.058
0 0.297 0.993 0.038 0.01
0 0.164 0.847 0.052 0.078
0 0.337 0.81 0.046 0.052
0 0.359 0.754 0.038 0.044
0 0.283 0.693 0.034 0.046
0 0.206 0.778 0.028 0.028
0 0.13 0.768 0.04 0.044
0 0.087 0.726 0.038 0.056
0 0.151 0.589 0.018 0.014
0 0.191 0.598 0.014 0.012
0 0.993 0.902 0.01 0.02
0 0.866 0.879 0.016 0.014
1 0.006 0.97 0.012 0.024
1 0.008 0.622 0.016 0.02
1 0.102 0.616 0.02 0.024
1 0.009 0.33 0.018 0.032
1 0.016 0.204 0.024 0.032
1 0.086 0.185 0.016 0.022
1 0.093 0.14 0.018 0.012
1 0.215 0.126 0.034 0.028
1 0.093 0.029 0.01 0.018
1 0.583 0.124 0.018 0.028
1 0.735 0.017 0.026 0.026
1 0.863 0.149 0.026 0.022
1 0.908 0.112 0.02 0.02
1 0.978 0.249 0.024 0.034
1 0.901 0.3 0.022 0.016
1 0.507 0.186 0.034 0.02
1 0.363 0.206 0.018 0.024
1 0.299 0.225 0.026 0.03
1 0.328 0.238 0.02 0.028
1 0.149 0.351 0.022 0.014
1 0.084 0.486 0.024 0.028
1 0.116 0.529 0.032 0.022
1 0.213 0.587 0.018 0.022
1 0.31 0.566 0.012 0.028
1 0.299 0.445 0.018 0.018
1 0.308 0.391 0.024 0.022
1 0.337 0.409 0.022 0.022
1 0.366 0.473 0.028 0.026
1 0.426 0.511 0.016 0.03
1 0.469 0.479 0.026 0.018
1 0.51 0.444 0.016 0.028
1 0.567 0.461 0.018 0.018
1 0.597 0.29 0.022 0.028
1 0.624 0.29 0.02 0.02
1 0.826 0.454 0.02 0.024
1 0.87 0.49 0.016 0.016
1 0.758 0.455 0.032 0.022
1 0.989 0.568 0.018 0.024
1 0.804 0.337 0.024 0.034
1 0.654 0.342 0.028 0.02
1 0.628 0.417 0.016 0.03
1 0.654 0.426 0.028 0.04
1 0.727 0.533 0.022 0.03
1 0.76 0.604 0.012 0.012
1 0.757 0.592 0.014 0.016
1 0.675 0.585 0.026 0.018
1 0.703 0.65 0.03 0.02
1 0.784 0.663 0.008 0.014
1 0.903 0.712 0.014 0.012
1 0.83 0.754 0.028 0.024
1 0.973 0.881 0.022 0.03
1 0.907 0.896 0.022 0.02
1 0.821 0.913 0.018 0.022
1 0.761 0.87 0.022 0.02
1 0.761 0.935 0.022 0.018
1 0.695 0.924 0.026 0.024
1 0.695 0.889 0.014 0.014
1 0.75 0.788 0.016 0.024
1 0.632 0.688 0.016 0.024
1 0.556 0.694 0.02 0.024
1 0.489 0.747 0.046 0.046
1 0.544 0.819 0.032 0.034
1 0.582 0.782 0.016 0.024
1 0.667 0.958 0.006 0.008
1 0.579 0.898 0.022 0.016
1 0.237 0.946 0.034 0.02
1 0.258 0.896 0.032 0.028
1 0.273 0.865 0.026 0.042
1 0.244 0.729 0.024 0.026
1 0.181 0.742 0.026 0.028
1 0.187 0.759 0.018 0.022
1 0.185 0.795 0.014 0.01
1 0.383 0.617 0.014 0.014
1 0.433 0.731 0.006 0.014
1 0.811 0.88 0.01 0.012
1 0.336 0.261 0.012 0.022
1 0.263 0.509 0.01 0.014
1 0.648 0.167 0.016 0.01
2 0.127 0.979 0.03 0.026
2 0.016 0.679 0.012 0.014
2 0.87 0.178 0.02 0.02
2 0.459 0.453 0.014 0.022
2 0.897 0.467 0.022 0.034
2 0.914 0.476 0.028 0.024
2 0.65 0.785 0.032 0.03
2 0.651 0.761 0.03 0.022
2 0.258 0.985 0.044 0.026
2 0.047 0.073 0.026 0.03
2 0.144 0.15 0.024 0.028
2 0.178 0.184 0.024 0.016
2 0.591 0.223 0.022 0.026
2 0.474 0.927 0.028 0.022
2 0.541 0.726 0.014 0.02
2 0.433 0.684 0.018 0.016
2 0.365 0.633 0.018 0.026
2 0.405 0.633 0.014 0.018
2 0.464 0.59 0.036 0.02
2 0.099 0.897 0.014 0.01
2 0.849 0.454 0.022 0.04
2 0.658 0.355 0.02 0.014
2 0.44 0.574 0.016 0.02
2 0.165 0.804 0.01 0.02
2 0.19 0.494 0.02 0.016
2 0.519 0.866 0.014 0.008
2 0.916 0.314 0.016 0.012
2 0.681 0.504 0.01 0.012
2 0.573 0.553 0.014 0.018
2 0.219 0.047 0.014 0.014
2 0.237 0.045 0.01 0.014
2 0.634 0.329 0.016 0.014
2 0.672 0.323 0.008 0.014
2 0.724 0.351 0.016 0.014