0 0.094 0.247 0.064 0.066
0 0.212 0.123 0.084 0.074
0 0.165 0.235 0.05 0.054
0 0.036 0.22 0.072 0.064
0 0.135 0.375 0.05 0.062
0 0.205 0.371 0.05 0.05
0 0.271 0.28 0.062 0.052
0 0.233 0.417 0.098 0.082
0 0.237 0.523 0.054 0.05
0 0.39 0.139 0.04 0.042
0 0.138 0.486 0.06 0.048
0 0.434 0.246 0.072 0.056
0 0.495 0.26 0.07 0.068
0 0.046 0.564 0.052 0.048
0 0.175 0.53 0.042 0.044
0 0.427 0.457 0.05 0.058
0 0.49 0.473 0.068 0.058
0 0.049 0.62 0.046 0.044
0 0.075 0.747 0.042 0.038
0 0.148 0.717 0.036 0.038
0 0.405 0.013 0.046 0.026
0 0.358 0.014 0.028 0.028
0 0.496 0.084 0.072 0.072
0 0.253 0.67 0.046 0.044
0 0.261 0.685 0.038 0.03
0 0.285 0.638 0.046 0.04
0 0.354 0.621 0.056 0.05
0 0.419 0.552 0.062 0.06
0 0.202 0.823 0.072 0.058
0 0.026 0.808 0.044 0.052
0 0.138 0.95 0.052 0.052
0 0.158 0.986 0.04 0.024
0 0.153 0.911 0.042 0.046
0 0.057 0.887 0.042 0.026
0 0.072 0.914 0.032 0.028
0 0.267 0.78 0.058 0.052
0 0.264 0.758 0.02 0.028
0 0.477 0.705 0.054 0.046
0 0.538 0.774 0.068 0.072
0 0.223 0.932 0.05 0.04
0 0.336 0.893 0.06 0.046
0 0.379 0.55 0.034 0.04
0 0.627 0.737 0.058 0.062
0 0.688 0.799 0.048 0.066
0 0.711 0.852 0.058 0.048
0 0.743 0.823 0.042 0.05
0 0.408 0.888 0.048 0.04
0 0.441 0.926 0.07 0.052
0 0.506 0.925 0.064 0.054
0 0.291 0.832 0.05 0.036
0 0.394 0.711 0.052 0.042
0 0.405 0.673 0.054 0.042
0 0.458 0.389 0.028 0.042
0 0.446 0.628 0.04 0.036
0 0.503 0.585 0.042 0.062
0 0.699 0.525 0.054 0.046
0 0.589 0.181 0.066 0.066
0 0.616 0.305 0.036 0.03
0 0.706 0.355 0.036 0.054
0 0.728 0.319 0.044 0.038
0 0.667 0.937 0.086 0.046
0 0.786 0.914 0.048 0.04
0 0.868 0.928 0.072 0.052
0 0.869 0.868 0.058 0.036
0 0.876 0.736 0.036 0.044
0 0.97 0.705 0.056 0.05
0 0.975 0.735 0.034 0.03
0 0.945 0.873 0.058 0.054
0 0.739 0.582 0.078 0.06
0 0.65 0.649 0.048 0.03
0 0.76 0.631 0.056 0.046
0 0.825 0.622 0.058 0.056
0 0.894 0.59 0.076 0.06
0 0.957 0.527 0.05 0.05
0 0.87 0.442 0.084 0.044
0 0.984 0.445 0.028 0.038
0 0.613 0.418 0.046 0.052
0 0.864 0.364 0.044 0.044
0 0.956 0.374 0.04 0.04
0 0.907 0.357 0.034 0.054
0 0.92 0.337 0.044 0.034
0 0.757 0.221 0.046 0.054
0 0.76 0.277 0.044 0.034
0 0.809 0.284 0.038 0.04
0 0.725 0.046 0.046 0.044
0 0.709 0.068 0.022 0.024
0 0.762 0.047 0.032 0.03
0 0.72 0.082 0.024 0.024
0 0.735 0.107 0.042 0.038
0 0.758 0.158 0.044 0.036
0 0.796 0.124 0.036 0.04
0 0.822 0.203 0.032 0.034
0 0.938 0.155 0.032 0.042
0 0.946 0.265 0.04 0.034
0 0.866 0.162 0.028 0.032
0 0.913 0.198 0.03 0.036
0 0.655 0.167 0.026 0.026
0 0.582 0.094 0.044 0.028
1 0.066 0.362 0.028 0.02
1 0.042 0.449 0.024 0.026
1 0.194 0.276 0.044 0.032
1 0.195 0.327 0.022 0.034
1 0.104 0.192 0.024 0.024
1 0.034 0.05 0.036 0.028
1 0.012 0.077 0.024 0.026
1 0.428 0.183 0.02 0.03
1 0.226 0.146 0.016 0.012
1 0.226 0.156 0.028 0.016
1 0.269 0.142 0.03 0.028
1 0.081 0.498 0.03 0.02
1 0.07 0.531 0.024 0.042
1 0.084 0.538 0.028 0.032
1 0.218 0.308 0.02 0.036
1 0.295 0.503 0.034 0.034
1 0.329 0.458 0.038 0.028
1 0.379 0.427 0.034 0.042
1 0.025 0.668 0.034 0.02
1 0.115 0.698 0.018 0.024
1 0.355 0.249 0.018 0.018
1 0.395 0.252 0.018 0.012
1 0.373 0.033 0.018 0.014
1 0.151 0.079 0.034 0.042
1 0.451 0.16 0.03 0.028
1 0.19 0.892 0.02 0.036
1 0.209 0.882 0.03 0.024
1 0.284 0.716 0.024 0.02
1 0.167 0.768 0.026 0.028
1 0.193 0.584 0.022 0.024
1 0.099 0.692 0.018 0.02
1 0.277 0.913 0.038 0.026
1 0.722 0.786 0.02 0.04
1 0.491 0.884 0.01 0.024
1 0.504 0.881 0.008 0.022
1 0.353 0.705 0.022 0.034
1 0.434 0.686 0.024 0.036
1 0.316 0.761 0.032 0.03
1 0.26 0.872 0.02 0.028
1 0.474 0.42 0.024 0.036
1 0.501 0.423 0.03 0.042
1 0.563 0.581 0.038 0.022
1 0.671 0.536 0.022 0.024
1 0.652 0.489 0.024 0.026
1 0.584 0.228 0.024 0.032
1 0.714 0.95 0.02 0.02
1 0.798 0.816 0.028 0.024
1 0.885 0.802 0.046 0.028
1 0.923 0.753 0.022 0.022
1 0.836 0.578 0.028 0.028
1 0.911 0.628 0.046 0.036
1 0.911 0.478 0.022 0.028
1 0.962 0.467 0.02 0.03
1 0.645 0.605 0.014 0.018
1 0.838 0.38 0.02 0.048
1 0.898 0.391 0.02 0.014
1 0.976 0.268 0.016 0.028
1 0.883 0.179 0.018 0.05
1 0.897 0.182 0.014 0.016
1 0.85 0.054 0.024 0.04
1 0.083 0.966 0.022 0.024
2 0.413 0.125 0.03 0.03
2 0.12 0.064 0.028 0.02
2 0.384 0.099 0.02 0.034
2 0.284 0.856 0.032 0.016
2 0.254 0.858 0.028 0.024
2 0.483 0.653 0.038 0.018
2 0.524 0.641 0.044 0.03
2 0.728 0.923 0.048 0.03
2 0.695 0.703 0.018 0.022
2 0.719 0.491 0.026 0.026
2 0.826 0.417 0.012 0.014
2 0.861 0.486 0.018 0.012
2 0.658 0.062 0.024 0.024
2 0.799 0.068 0.01 0.016
2 0.95 0.104 0.016 0.016
2 0.581 0.071 0.022 0.018
2 0.047 0.313 0.03 0.014
2 0.085 0.296 0.014 0.008
2 0.435 0.318 0.022 0.02
2 0.374 0.349 0.02 0.014
2 0.142 0.831 0.02 0.018
2 0.322 0.833 0.024 0.026
2 0.91 0.659 0.024 0.01
2 0.907 0.667 0.01 0.006
2 0.012 0.356 0.012 0.016
2 0.086 0.399 0.012 0.018
2 0.087 0.643 0.01 0.01