0 0.702 0.09 0.04 0.056
0 0.477 0.221 0.042 0.05
0 0.957 0.391 0.038 0.046
0 0.885 0.329 0.054 0.054
0 0.917 0.21 0.042 0.052
0 0.867 0.196 0.042 0.04
0 0.935 0.148 0.038 0.048
0 0.898 0.148 0.044 0.04
0 0.915 0.104 0.046 0.044
0 0.937 0.014 0.034 0.028
0 0.881 0.011 0.038 0.022
0 0.778 0.021 0.032 0.038
0 0.575 0.026 0.026 0.048
0 0.538 0.026 0.028 0.052
0 0.493 0.011 0.034 0.022
0 0.452 0.073 0.04 0.042
0 0.687 0.104 0.03 0.028
0 0.789 0.162 0.038 0.048
0 0.819 0.188 0.026 0.036
0 0.845 0.256 0.038 0.06
0 0.654 0.173 0.04 0.046
0 0.514 0.121 0.028 0.034
0 0.465 0.117 0.038 0.03
0 0.353 0.118 0.042 0.036
0 0.388 0.174 0.052 0.044
0 0.402 0.153 0.036 0.026
0 0.237 0.105 0.034 0.042
0 0.187 0.053 0.034 0.05
0 0.126 0.101 0.028 0.05
0 0.072 0.108 0.028 0.048
0 0.09 0.1 0.032 0.056
0 0.441 0.522 0.03 0.04
0 0.368 0.498 0.036 0.052
0 0.336 0.532 0.036 0.044
0 0.264 0.538 0.036 0.056
0 0.213 0.542 0.03 0.04
0 0.18 0.539 0.036 0.058
0 0.157 0.545 0.018 0.042
0 0.117 0.555 0.046 0.046
0 0.234 0.456 0.048 0.06
0 0.716 0.668 0.04 0.056
0 0.671 0.667 0.038 0.058
0 0.602 0.698 0.032 0.044
0 0.566 0.652 0.048 0.072
0 0.498 0.529 0.036 0.046
0 0.643 0.324 0.03 0.052
0 0.695 0.328 0.03 0.04
0 0.742 0.271 0.04 0.046
0 0.451 0.421 0.038 0.05
0 0.421 0.389 0.042 0.042
0 0.364 0.324 0.036 0.052
0 0.294 0.355 0.032 0.042
0 0.271 0.387 0.03 0.046
0 0.207 0.395 0.042 0.05
0 0.194 0.364 0.028 0.04
0 0.162 0.367 0.036 0.05
0 0.118 0.292 0.036 0.048
0 0.083 0.275 0.038 0.05
0 0.217 0.238 0.05 0.056
0 0.157 0.193 0.046 0.038
0 0.097 0.219 0.042 0.046
0 0.074 0.173 0.04 0.042
0 0.06 0.196 0.028 0.024
0 0.075 0.205 0.026 0.026
0 0.149 0.019 0.034 0.038
0 0.826 0.844 0.048 0.06
0 0.767 0.899 0.042 0.054
0 0.793 0.907 0.026 0.058
0 0.683 0.94 0.046 0.052
0 0.91 0.976 0.04 0.044
0 0.862 0.965 0.04 0.038
0 0.818 0.978 0.04 0.04
0 0.962 0.949 0.044 0.046
0 0.946 0.849 0.036 0.062
0 0.7 0.871 0.044 0.058
0 0.627 0.828 0.042 0.06
0 0.571 0.84 0.038 0.06
0 0.548 0.89 0.044 0.064
0 0.497 0.863 0.034 0.062
0 0.737 0.794 0.042 0.044
0 0.701 0.791 0.034 0.046
0 0.685 0.762 0.038 0.036
0 0.667 0.741 0.03 0.046
0 0.726 0.727 0.032 0.042
0 0.771 0.709 0.042 0.042
0 0.792 0.73 0.028 0.032
0 0.833 0.74 0.038 0.044
0 0.888 0.712 0.044 0.04
0 0.908 0.734 0.036 0.044
0 0.98 0.735 0.036 0.05
0 0.923 0.628 0.034 0.044
0 0.879 0.579 0.046 0.046
0 0.885 0.604 0.03 0.04
0 0.83 0.632 0.036 0.044
0 0.782 0.626 0.024 0.044
0 0.751 0.587 0.038 0.038
0 0.691 0.574 0.042 0.04
0 0.575 0.967 0.046 0.05
0 0.618 0.981 0.04 0.034
0 0.646 0.983 0.032 0.03
0 0.738 0.986 0.044 0.024
0 0.352 0.896 0.048 0.056
0 0.284 0.876 0.048 0.052
0 0.278 0.922 0.028 0.036
0 0.244 0.922 0.044 0.06
0 0.315 0.962 0.03 0.04
0 0.187 0.946 0.042 0.044
0 0.21 0.974 0.032 0.04
0 0.135 0.962 0.034 0.036
0 0.058 0.981 0.032 0.034
0 0.014 0.921 0.024 0.042
0 0.082 0.883 0.032 0.046
0 0.443 0.973 0.05 0.042
0 0.461 0.753 0.042 0.062
0 0.444 0.735 0.048 0.054
0 0.425 0.772 0.03 0.052
0 0.446 0.817 0.048 0.05
0 0.508 0.742 0.032 0.06
0 0.543 0.735 0.034 0.042
0 0.606 0.787 0.044 0.066
0 0.979 0.554 0.034 0.032
0 0.822 0.509 0.04 0.046
0 0.83 0.475 0.044 0.038
0 0.754 0.464 0.036 0.036
0 0.68 0.467 0.032 0.05
0 0.646 0.499 0.036 0.058
0 0.677 0.522 0.034 0.044
0 0.64 0.454 0.04 0.032
0 0.566 0.498 0.028 0.044
0 0.551 0.511 0.022 0.03
0 0.534 0.614 0.036 0.056
0 0.51 0.562 0.028 0.036
0 0.36 0.776 0.032 0.056
0 0.336 0.814 0.048 0.06
0 0.293 0.741 0.034 0.042
0 0.32 0.757 0.032 0.038
0 0.222 0.732 0.032 0.052
0 0.347 0.686 0.038 0.052
0 0.264 0.705 0.044 0.046
0 0.139 0.74 0.038 0.052
0 0.114 0.776 0.04 0.048
0 0.127 0.814 0.042 0.052
0 0.146 0.901 0.036 0.046
0 0.105 0.876 0.022 0.04
0 0.361 0.57 0.066 0.04
0 0.327 0.606 0.038 0.036
0 0.213 0.583 0.042 0.046
0 0.141 0.622 0.042 0.052
0 0.125 0.678 0.034 0.044
0 0.053 0.658 0.034 0.056
0 0.069 0.671 0.042 0.05
0 0.045 0.731 0.038 0.05
0 0.038 0.604 0.052 0.056
0 0.077 0.518 0.038 0.044
0 0.016 0.501 0.028 0.054
0 0.017 0.467 0.03 0.038
0 0.149 0.462 0.038 0.056
0 0.076 0.45 0.044 0.052
0 0.093 0.387 0.046 0.03
0 0.881 0.406 0.046 0.04
0 0.923 0.471 0.03 0.046
0 0.763 0.421 0.038 0.042
0 0.759 0.322 0.042 0.044
0 0.98 0.152 0.036 0.052
0 0.981 0.194 0.034 0.036
0 0.956 0.228 0.028 0.036
0 0.659 0.023 0.058 0.046
0 0.661 0.069 0.042 0.046
0 0.625 0.081 0.042 0.042
0 0.75 0.222 0.036 0.04
0 0.699 0.196 0.03 0.052
0 0.506 0.18 0.04 0.036
0 0.528 0.23 0.048 0.056
0 0.543 0.267 0.03 0.054
0 0.554 0.361 0.036 0.038
0 0.409 0.23 0.042 0.044
0 0.427 0.265 0.046 0.054
0 0.407 0.272 0.03 0.044
0 0.285 0.236 0.046 0.06
0 0.542 0.43 0.044 0.044
0 0.599 0.262 0.034 0.056
0 0.561 0.331 0.034 0.034
0 0.511 0.038 0.022 0.032
0 0.693 0.509 0.022 0.034
1 0.754 0.942 0.02 0.024
1 0.719 0.942 0.022 0.024
1 0.967 0.918 0.022 0.016
1 0.934 0.886 0.016 0.036
1 0.901 0.886 0.022 0.02
1 0.903 0.908 0.018 0.028
1 0.648 0.876 0.028 0.028
1 0.539 0.836 0.018 0.024
1 0.522 0.844 0.02 0.02
1 0.835 0.773 0.022 0.018
1 0.901 0.634 0.022 0.024
1 0.677 0.611 0.026 0.022
1 0.421 0.904 0.022 0.036
1 0.411 0.891 0.014 0.022
1 0.377 0.857 0.018 0.026
1 0.254 0.954 0.024 0.032
1 0.292 0.958 0.024 0.024
1 0.249 0.986 0.018 0.024
1 0.862 0.548 0.028 0.02
1 0.84 0.534 0.032 0.028
1 0.526 0.472 0.024 0.032
1 0.328 0.728 0.024 0.02
1 0.232 0.662 0.024 0.032
1 0.214 0.839 0.02 0.026
1 0.181 0.822 0.022 0.02
1 0.132 0.862 0.036 0.024
1 0.124 0.882 0.012 0.012
1 0.165 0.821 0.018 0.038
1 0.484 0.693 0.024 0.03
1 0.488 0.668 0.02 0.016
1 0.023 0.544 0.018 0.028
1 0.086 0.41 0.032 0.024
1 0.851 0.4 0.014 0.02
1 0.758 0.386 0.032 0.024
1 0.745 0.411 0.034 0.046
1 0.705 0.365 0.022 0.022
1 0.811 0.318 0.018 0.02
1 0.912 0.308 0.02 0.032
1 0.833 0.117 0.018 0.038
1 0.853 0.097 0.022 0.038
1 0.863 0.084 0.026 0.028
1 0.775 0.11 0.018 0.028
1 0.756 0.091 0.02 0.018
1 0.582 0.179 0.016 0.026
1 0.555 0.302 0.018 0.024
1 0.5 0.3 0.024 0.024
1 0.312 0.246 0.008 0.024
1 0.311 0.196 0.018 0.02
1 0.338 0.373 0.024 0.034
1 0.312 0.401 0.032 0.026
1 0.359 0.404 0.022 0.032
1 0.412 0.501 0.016 0.022
1 0.504 0.388 0.024 0.028
1 0.176 0.118 0.032 0.024
1 0.201 0.14 0.038 0.02
1 0.214 0.118 0.032 0.016
1 0.254 0.058 0.02 0.04
1 0.095 0.321 0.014 0.022
1 0.07 0.341 0.02 0.022
1 0.181 0.336 0.018 0.024
1 0.231 0.368 0.022 0.024
1 0.575 0.163 0.014 0.018
1 0.435 0.184 0.026 0.02
1 0.714 0.263 0.012 0.022
1 0.691 0.263 0.018 0.03
1 0.684 0.225 0.012 0.018
1 0.417 0.043 0.038 0.05
1 0.178 0.173 0.032 0.018
2 0.978 0.675 0.016 0.042
2 0.746 0.633 0.028 0.03
2 0.111 0.973 0.018 0.018
2 0.971 0.579 0.026 0.022
2 0.964 0.604 0.016 0.02
2 0.615 0.607 0.026 0.046
2 0.3 0.688 0.02 0.02
2 0.266 0.82 0.032 0.04
2 0.168 0.726 0.02 0.048
2 0.165 0.635 0.014 0.038
2 0.262 0.585 0.028 0.034
2 0.596 0.048 0.024 0.044
2 0.755 0.164 0.018 0.02
2 0.726 0.173 0.02 0.03
2 0.348 0.444 0.036 0.036
2 0.586 0.291 0.02 0.014
2 0.486 0.173 0.032 0.042
2 0.872 0.164 0.032 0.024
2 0.886 0.055 0.028 0.03
2 0.378 0.082 0.048 0.04
2 0.349 0.027 0.026 0.034
2 0.27 0.183 0.04 0.034
2 0.215 0.167 0.014 0.014