0 0.981 0.983 0.034 0.03
0 0.91 0.977 0.032 0.038
0 0.91 0.949 0.016 0.014
0 0.919 0.944 0.01 0.012
0 0.996 0.949 0.004 0.062
0 0.91 0.878 0.02 0.028
0 0.855 0.9 0.042 0.052
0 0.81 0.924 0.036 0.052
0 0.815 0.986 0.046 0.024
0 0.743 0.975 0.042 0.046
0 0.737 0.936 0.026 0.056
0 0.722 0.975 0.016 0.038
0 0.707 0.974 0.014 0.032
0 0.69 0.968 0.02 0.02
0 0.703 0.932 0.022 0.02
0 0.651 0.95 0.026 0.016
0 0.583 0.985 0.042 0.026
0 0.62 0.946 0.04 0.048
0 0.516 0.989 0.028 0.018
0 0.518 0.97 0.016 0.02
0 0.539 0.949 0.034 0.05
0 0.569 0.928 0.034 0.04
0 0.507 0.924 0.034 0.044
0 0.506 0.951 0.028 0.03
0 0.449 0.992 0.038 0.012
0 0.468 0.956 0.032 0.056
0 0.369 0.973 0.042 0.05
0 0.386 0.958 0.036 0.044
0 0.348 0.93 0.048 0.06
0 0.431 0.913 0.034 0.054
0 0.286 0.93 0.04 0.052
0 0.299 0.877 0.038 0.054
0 0.211 0.917 0.034 0.058
0 0.208 0.971 0.024 0.018
0 0.122 0.989 0.028 0.018
0 0.095 0.929 0.038 0.058
0 0.079 0.875 0.038 0.054
0 0.211 0.838 0.042 0.064
0 0.06 0.79 0.036 0.08
0 0.02 0.742 0.036 0.044
0 0.102 0.669 0.036 0.054
0 0.201 0.696 0.034 0.06
0 0.284 0.743 0.04 0.074
0 0.356 0.831 0.044 0.066
0 0.415 0.78 0.038 0.052
0 0.466 0.84 0.028 0.064
0 0.496 0.825 0.036 0.054
0 0.657 0.864 0.042 0.052
0 0.648 0.91 0.02 0.036
0 0.92 0.827 0.032 0.054
0 0.891 0.805 0.038 0.062
0 0.924 0.741 0.028 0.03
0 0.955 0.683 0.042 0.054
0 0.924 0.704 0.036 0.044
0 0.997 0.694 0.002 0.024
0 0.951 0.63 0.026 0.06
0 0.891 0.646 0.03 0.048
0 0.889 0.689 0.03 0.042
0 0.819 0.711 0.034 0.042
0 0.783 0.725 0.038 0.05
0 0.689 0.835 0.038 0.042
0 0.708 0.818 0.032 0.028
0 0.728 0.729 0.044 0.042
0 0.638 0.709 0.052 0.066
0 0.553 0.746 0.046 0.064
0 0.878 0.578 0.04 0.04
0 0.933 0.51 0.034 0.04
0 0.308 0.67 0.04 0.052
0 0.171 0.625 0.038 0.046
0 0.738 0.673 0.04 0.054
0 0.794 0.592 0.04 0.048
0 0.786 0.557 0.036 0.046
0 0.871 0.49 0.038 0.052
0 0.953 0.435 0.03 0.038
0 0.97 0.446 0.016 0.028
0 0.985 0.381 0.026 0.05
0 0.986 0.338 0.024 0.032
0 0.984 0.256 0.028 0.036
0 0.984 0.205 0.028 0.042
0 0.989 0.091 0.018 0.038
0 0.986 0.016 0.024 0.028
0 0.929 0.041 0.042 0.074
0 0.962 0.064 0.024 0.04
0 0.935 0.112 0.03 0.036
0 0.943 0.089 0.026 0.022
0 0.903 0.087 0.03 0.038
0 0.908 0.128 0.028 0.024
0 0.861 0.122 0.038 0.032
0 0.897 0.155 0.03 0.03
0 0.878 0.027 0.028 0.042
0 0.863 0.065 0.03 0.034
0 0.84 0.062 0.028 0.032
0 0.805 0.012 0.042 0.02
0 0.792 0.046 0.032 0.036
0 0.728 0.016 0.048 0.028
0 0.658 0.019 0.036 0.034
0 0.694 0.041 0.024 0.026
0 0.684 0.032 0.02 0.028
0 0.666 0.003 0.012 0.002
0 0.635 0.008 0.018 0.012
0 0.569 0.008 0.05 0.012
0 0.547 0.051 0.034 0.05
0 0.587 0.068 0.034 0.036
0 0.468 0.027 0.044 0.046
0 0.398 0.012 0.04 0.02
0 0.33 0.016 0.04 0.028
0 0.32 0.037 0.036 0.038
0 0.222 0.062 0.036 0.044
0 0.029 0.036 0.046 0.056
0 0.104 0.08 0.04 0.056
0 0.136 0.089 0.04 0.058
0 0.111 0.116 0.034 0.04
0 0.12 0.143 0.024 0.026
0 0.172 0.099 0.024 0.034
0 0.184 0.083 0.024 0.026
0 0.21 0.132 0.044 0.06
0 0.078 0.164 0.028 0.072
0 0.013 0.208 0.022 0.044
0 0.029 0.276 0.054 0.056
0 0.187 0.211 0.038 0.05
0 0.236 0.188 0.036 0.052
0 0.279 0.166 0.026 0.04
0 0.308 0.102 0.04 0.036
0 0.317 0.138 0.038 0.048
0 0.361 0.123 0.038 0.054
0 0.351 0.171 0.042 0.042
0 0.401 0.165 0.034 0.05
0 0.439 0.175 0.038 0.058
0 0.454 0.122 0.032 0.032
0 0.5 0.09 0.036 0.04
0 0.401 0.068 0.03 0.052
0 0.676 0.113 0.032 0.042
0 0.633 0.133 0.026 0.042
0 0.616 0.153 0.032 0.034
0 0.508 0.223 0.036 0.042
0 0.392 0.261 0.028 0.034
0 0.382 0.24 0.04 0.056
0 0.317 0.248 0.042 0.056
0 0.343 0.29 0.026 0.04
0 0.775 0.108 0.03 0.044
0 0.733 0.124 0.026 0.036
0 0.751 0.163 0.034 0.046
0 0.699 0.188 0.03 0.052
0 0.727 0.215 0.022 0.038
0 0.653 0.224 0.034 0.044
0 0.647 0.257 0.026 0.03
0 0.805 0.213 0.042 0.042
0 0.813 0.255 0.03 0.038
0 0.822 0.232 0.024 0.032
0 0.847 0.265 0.022 0.026
0 0.852 0.243 0.028 0.026
0 0.892 0.191 0.028 0.014
0 0.908 0.226 0.036 0.036
0 0.921 0.33 0.034 0.052
0 0.874 0.322 0.032 0.052
0 0.865 0.299 0.034 0.05
0 0.863 0.389 0.034 0.042
0 0.847 0.42 0.034 0.04
0 0.846 0.449 0.052 0.042
0 0.817 0.472 0.018 0.024
0 0.767 0.441 0.038 0.05
0 0.774 0.406 0.02 0.016
0 0.696 0.385 0.048 0.042
0 0.721 0.322 0.038 0.04
0 0.759 0.28 0.038 0.048
0 0.689 0.287 0.042 0.034
0 0.65 0.319 0.028 0.038
0 0.582 0.308 0.032 0.06
0 0.76 0.508 0.056 0.056
0 0.649 0.634 0.038 0.068
0 0.59 0.684 0.04 0.052
0 0.593 0.634 0.026 0.02
0 0.6 0.592 0.036 0.052
0 0.542 0.65 0.044 0.06
0 0.485 0.687 0.05 0.058
0 0.476 0.737 0.044 0.038
0 0.482 0.771 0.032 0.038
0 0.716 0.419 0.032 0.038
0 0.702 0.448 0.024 0.028
0 0.659 0.48 0.038 0.048
0 0.677 0.433 0.03 0.046
0 0.614 0.403 0.04 0.058
0 0.558 0.374 0.032 0.044
0 0.504 0.358 0.036 0.056
0 0.357 0.354 0.038 0.052
0 0.294 0.335 0.028 0.05
0 0.184 0.347 0.044 0.058
0 0.121 0.339 0.042 0.042
0 0.195 0.407 0.03 0.05
0 0.255 0.46 0.034 0.064
0 0.524 0.413 0.044 0.062
0 0.48 0.441 0.032 0.034
0 0.418 0.423 0.032 0.062
0 0.555 0.511 0.03 0.054
0 0.509 0.504 0.034 0.06
0 0.422 0.659 0.04 0.062
0 0.389 0.723 0.038 0.05
0 0.412 0.587 0.036 0.058
0 0.425 0.51 0.034 0.036
0 0.379 0.507 0.034 0.05
0 0.413 0.481 0.038 0.034
0 0.304 0.566 0.032 0.052
0 0.317 0.505 0.046 0.074
0 0.228 0.556 0.04 0.056
0 0.068 0.407 0.044 0.058
0 0.096 0.431 0.04 0.07
0 0.008 0.369 0.012 0.034
0 0.01 0.54 0.016 0.056
0 0.114 0.592 0.044 0.056
0 0.078 0.571 0.032 0.082
0 0.162 0.507 0.028 0.018
0 0.17 0.482 0.04 0.032
0 0.166 0.457 0.044 0.046
0 0.161 0.425 0.038 0.03
0 0.03 0.995 0.044 0.006
1 0.684 0.932 0.016 0.02
1 0.715 0.951 0.01 0.01
1 0.646 0.978 0.02 0.016
1 0.633 0.988 0.018 0.016
1 0.099 0.896 0.022 0.036
1 0.157 0.851 0.022 0.026
1 0.017 0.786 0.03 0.036
1 0.099 0.784 0.026 0.032
1 0.199 0.746 0.026 0.024
1 0.156 0.727 0.032 0.022
1 0.369 0.863 0.022 0.026
1 0.946 0.791 0.024 0.014
1 0.892 0.742 0.016 0.028
1 0.852 0.664 0.02 0.028
1 0.764 0.814 0.024 0.02
1 0.767 0.792 0.022 0.028
1 0.681 0.759 0.022 0.022
1 0.642 0.765 0.016 0.026
1 0.906 0.555 0.02 0.014
1 0.897 0.538 0.022 0.024
1 0.985 0.508 0.018 0.024
1 0.705 0.673 0.022 0.03
1 0.732 0.635 0.032 0.026
1 0.972 0.295 0.028 0.026
1 0.972 0.024 0.024 0.032
1 0.763 0.005 0.014 0.006
1 0.607 0.065 0.014 0.022
1 0.258 0.004 0.036 0.004
1 0.177 0.013 0.03 0.022
1 0.153 0.023 0.018 0.018
1 0.036 0.081 0.02 0.026
1 0.088 0.061 0.02 0.018
1 0.253 0.118 0.022 0.012
1 0.15 0.19 0.02 0.028
1 0.305 0.075 0.026 0.018
1 0.465 0.067 0.022 0.026
1 0.536 0.146 0.024 0.024
1 0.496 0.175 0.028 0.026
1 0.443 0.223 0.01 0.014
1 0.225 0.268 0.034 0.02
1 0.729 0.153 0.018 0.018
1 0.747 0.213 0.022 0.018
1 0.807 0.448 0.022 0.028
1 0.81 0.372 0.028 0.016
1 0.782 0.337 0.024 0.026
1 0.767 0.359 0.026 0.022
1 0.75 0.394 0.028 0.02
1 0.577 0.651 0.014 0.026
1 0.731 0.446 0.006 0.012
1 0.472 0.341 0.028 0.026
1 0.398 0.321 0.024 0.022
1 0.393 0.335 0.018 0.014
1 0.331 0.42 0.018 0.028
1 0.116 0.305 0.02 0.018
1 0.504 0.434 0.02 0.02
1 0.475 0.569 0.026 0.018
1 0.484 0.592 0.008 0.016
1 0.368 0.58 0.028 0.024
1 0.36 0.555 0.02 0.018
1 0.184 0.551 0.016 0.026
1 0.006 0.433 0.008 0.026
1 0.038 0.568 0.028 0.024
1 0.057 0.564 0.006 0.008
1 0.161 0.522 0.018 0.032
1 0.142 0.527 0.02 0.018
1 0.09 0.502 0.024 0.028
1 0.069 0.492 0.022 0.032
1 0.147 0.126 0.034 0.02
1 0.897 0.606 0.022 0.02
1 0.907 0.468 0.014 0.032
1 0.66 0.199 0.012 0.026
1 0.187 0.854 0.014 0.024
1 0.296 0.793 0.012 0.01
1 0.164 0.943 0.02 0.018
1 0.354 0.72 0.016 0.02
1 0.485 0.523 0.014 0.022
2 0.993 0.779 0.01 0.042
2 0.971 0.874 0.03 0.032
2 0.874 0.988 0.028 0.02
2 0.826 0.964 0.024 0.016
2 0.78 0.996 0.016 0.004
2 0.672 0.953 0.02 0.018
2 0.647 0.995 0.03 0.006
2 0.707 0.994 0.014 0.008
2 0.393 0.812 0.018 0.028
2 0.755 0.867 0.018 0.038
2 0.813 0.525 0.03 0.05
2 0.93 0.469 0.024 0.018
2 0.993 0.415 0.01 0.038
2 0.993 0.289 0.01 0.026
2 0.208 0.105 0.032 0.026
2 0.43 0.261 0.048 0.05
2 0.442 0.205 0.012 0.018
2 0.293 0.258 0.018 0.028
2 0.824 0.189 0.02 0.026
2 0.833 0.207 0.014 0.022
2 0.838 0.194 0.016 0.008
2 0.851 0.224 0.03 0.028
2 0.937 0.19 0.022 0.032
2 0.591 0.272 0.034 0.032
2 0.611 0.554 0.026 0.032
2 0.523 0.27 0.026 0.036
2 0.151 0.376 0.042 0.064
2 0.05 0.428 0.036 0.056
2 0.068 0.522 0.024 0.028
2 0.05 0.605 0.012 0.006
2 0.15 0.282 0.028 0.032
2 0.613 0.182 0.03 0.028
2 0.868 0.786 0.02 0.036
2 0.997 0.539 0.002 0.046
2 0.926 0.435 0.024 0.034
2 0.724 0.788 0.028 0.028
2 0.181 0.252 0.018 0.016
2 0.163 0.245 0.018 0.014
2 0.138 0.257 0.016 0.018
2 0.563 0.182 0.03 0.028
2 0.568 0.107 0.02 0.014
2 0.724 0.899 0.016 0.018
0 0.978 0.983 0.04 0.03
0 0.989 0.948 0.018 0.08
0 0.911 0.976 0.038 0.044
0 0.807 0.976 0.078 0.044
0 0.854 0.901 0.044 0.058
0 0.809 0.927 0.042 0.062
0 0.741 0.972 0.054 0.052
0 0.99 0.775 0.016 0.054
0 0.925 0.825 0.05 0.062
0 0.889 0.805 0.054 0.07
0 0.584 0.984 0.044 0.028
0 0.619 0.947 0.046 0.05
0 0.649 0.908 0.034 0.052
0 0.655 0.863 0.058 0.062
0 0.68 0.931 0.024 0.022
0 0.707 0.937 0.03 0.05
0 0.696 0.975 0.04 0.046
0 0.663 0.952 0.05 0.028
0 0.643 0.978 0.038 0.04
0 0.738 0.933 0.032 0.066
0 0.507 0.979 0.054 0.038
0 0.453 0.983 0.046 0.03
0 0.468 0.955 0.044 0.062
0 0.539 0.953 0.038 0.062
0 0.511 0.914 0.042 0.044
0 0.431 0.916 0.046 0.08
0 0.368 0.965 0.048 0.066
0 0.397 0.959 0.022 0.054
0 0.347 0.93 0.058 0.068
0 0.282 0.937 0.052 0.074
0 0.206 0.979 0.032 0.034
0 0.216 0.918 0.052 0.064
0 0.122 0.985 0.032 0.026
0 0.094 0.925 0.048 0.098
0 0.029 0.993 0.046 0.01
0 0.081 0.873 0.046 0.066
0 0.766 0.79 0.028 0.04
0 0.694 0.83 0.064 0.06
0 0.642 0.763 0.028 0.034
0 0.551 0.745 0.058 0.082
0 0.495 0.822 0.046 0.06
0 0.47 0.845 0.044 0.082
0 0.298 0.878 0.04 0.056
0 0.355 0.831 0.054 0.074
0 0.369 0.863 0.03 0.034
0 0.415 0.778 0.042 0.06
0 0.278 0.745 0.056 0.106
0 0.024 0.749 0.044 0.062
0 0.059 0.792 0.042 0.088
0 0.098 0.786 0.028 0.04
0 0.158 0.851 0.028 0.046
0 0.213 0.842 0.046 0.064
0 0.106 0.669 0.052 0.066
0 0.2 0.697 0.04 0.066
0 0.996 0.691 0.004 0.026
0 0.953 0.682 0.054 0.056
0 0.925 0.705 0.058 0.05
0 0.925 0.742 0.034 0.036
0 0.952 0.628 0.036 0.068
0 0.887 0.688 0.05 0.056
0 0.889 0.644 0.046 0.056
0 0.876 0.578 0.048 0.044
0 0.778 0.72 0.052 0.068
0 0.825 0.71 0.046 0.056
0 0.727 0.729 0.062 0.058
0 0.736 0.674 0.052 0.06
0 0.7 0.675 0.032 0.042
0 0.728 0.636 0.06 0.048
0 0.626 0.719 0.032 0.05
0 0.649 0.708 0.046 0.068
0 0.651 0.634 0.05 0.08
0 0.587 0.688 0.054 0.068
0 0.542 0.65 0.052 0.068
0 0.478 0.733 0.06 0.058
0 0.487 0.77 0.046 0.044
0 0.484 0.691 0.056 0.07
0 0.593 0.626 0.042 0.048
0 0.602 0.593 0.044 0.054
0 0.607 0.554 0.054 0.048
0 0.422 0.658 0.052 0.072
0 0.39 0.721 0.052 0.066
0 0.311 0.666 0.05 0.068
0 0.174 0.62 0.048 0.068
0 0.415 0.585 0.046 0.07
0 0.364 0.578 0.032 0.024
0 0.305 0.568 0.042 0.068
0 0.226 0.562 0.048 0.068
0 0.109 0.597 0.05 0.066
0 0.129 0.559 0.026 0.042
0 0.013 0.54 0.022 0.068
0 0.039 0.596 0.046 0.036
0 0.077 0.571 0.042 0.094
0 0.796 0.597 0.048 0.066
0 0.781 0.557 0.05 0.05
0 0.815 0.522 0.042 0.06
0 0.994 0.528 0.008 0.076
0 0.871 0.491 0.046 0.066
0 0.93 0.507 0.036 0.046
0 0.759 0.511 0.07 0.07
0 0.656 0.481 0.06 0.07
0 0.554 0.507 0.044 0.066
0 0.508 0.511 0.044 0.082
0 0.427 0.516 0.046 0.048
0 0.412 0.482 0.048 0.044
0 0.378 0.502 0.04 0.052
0 0.315 0.502 0.054 0.08
0 0.253 0.455 0.05 0.066
0 0.092 0.501 0.036 0.034
0 0.069 0.492 0.03 0.032
0 0.98 0.386 0.036 0.06
0 0.989 0.418 0.018 0.044
0 0.983 0.338 0.03 0.04
0 0.969 0.447 0.022 0.03
0 0.954 0.434 0.036 0.044
0 0.93 0.47 0.028 0.02
0 0.807 0.45 0.026 0.032
0 0.816 0.471 0.036 0.038
0 0.849 0.452 0.066 0.048
0 0.851 0.418 0.05 0.044
0 0.871 0.392 0.058 0.06
0 0.767 0.439 0.05 0.066
0 0.703 0.456 0.03 0.048
0 0.675 0.43 0.042 0.068
0 0.714 0.414 0.044 0.06
0 0.696 0.38 0.048 0.056
0 0.616 0.407 0.056 0.07
0 0.769 0.361 0.042 0.026
0 0.784 0.342 0.032 0.04
0 0.72 0.309 0.056 0.082
0 0.561 0.375 0.042 0.05
0 0.522 0.41 0.06 0.068
0 0.481 0.441 0.05 0.058
0 0.507 0.362 0.05 0.072
0 0.418 0.422 0.04 0.068
0 0.351 0.354 0.058 0.064
0 0.294 0.335 0.052 0.062
0 0.17 0.49 0.052 0.056
0 0.166 0.457 0.056 0.046
0 0.162 0.42 0.044 0.032
0 0.195 0.407 0.034 0.054
0 0.154 0.378 0.068 0.076
0 0.183 0.347 0.054 0.066
0 0.121 0.336 0.046 0.056
0 0.011 0.369 0.018 0.038
0 0.054 0.43 0.052 0.072
0 0.069 0.403 0.046 0.058
0 0.095 0.434 0.046 0.088
0 0.923 0.333 0.046 0.066
0 0.875 0.324 0.038 0.056
0 0.865 0.295 0.042 0.066
0 0.982 0.256 0.032 0.044
0 0.982 0.205 0.032 0.05
0 0.91 0.226 0.06 0.056
0 0.892 0.187 0.04 0.026
0 0.851 0.255 0.038 0.054
0 0.857 0.226 0.05 0.04
0 0.819 0.24 0.03 0.044
0 0.805 0.215 0.05 0.05
0 0.809 0.26 0.034 0.032
0 0.764 0.279 0.06 0.058
0 0.649 0.319 0.034 0.042
0 0.688 0.292 0.044 0.056
0 0.829 0.199 0.042 0.046
0 0.583 0.313 0.046 0.074
0 0.589 0.271 0.058 0.046
0 0.343 0.292 0.03 0.044
0 0.508 0.225 0.044 0.054
0 0.381 0.246 0.05 0.08
0 0.429 0.265 0.054 0.07
0 0.439 0.178 0.042 0.064
0 0.316 0.251 0.044 0.066
0 0.289 0.241 0.034 0.074
0 0.186 0.212 0.044 0.06
0 0.151 0.192 0.026 0.04
0 0.031 0.274 0.058 0.068
0 0.982 0.093 0.032 0.042
0 0.983 0.017 0.03 0.03
0 0.927 0.041 0.05 0.078
0 0.9 0.087 0.044 0.054
0 0.9 0.158 0.048 0.036
0 0.939 0.111 0.034 0.042
0 0.946 0.092 0.036 0.036
0 0.961 0.065 0.038 0.046
0 0.907 0.127 0.034 0.026
0 0.86 0.123 0.048 0.042
0 0.863 0.066 0.034 0.04
0 0.836 0.059 0.044 0.042
0 0.878 0.029 0.04 0.05
0 0.734 0.213 0.056 0.054
0 0.754 0.164 0.052 0.048
0 0.773 0.109 0.038 0.046
0 0.791 0.046 0.042 0.04
0 0.806 0.013 0.044 0.022
0 0.763 0.013 0.026 0.022
0 0.724 0.022 0.056 0.04
0 0.732 0.123 0.044 0.042
0 0.69 0.036 0.044 0.048
0 0.658 0.019 0.04 0.034
0 0.666 0.005 0.024 0.006
0 0.636 0.014 0.04 0.024
0 0.65 0.224 0.052 0.052
0 0.728 0.154 0.028 0.02
0 0.694 0.183 0.052 0.066
0 0.648 0.262 0.044 0.04
0 0.677 0.112 0.042 0.056
0 0.618 0.153 0.036 0.038
0 0.634 0.134 0.04 0.052
0 0.588 0.071 0.048 0.046
0 0.55 0.056 0.052 0.06
0 0.499 0.092 0.042 0.052
0 0.569 0.013 0.058 0.022
0 0.464 0.066 0.036 0.036
0 0.463 0.032 0.046 0.044
0 0.454 0.123 0.04 0.038
0 0.399 0.162 0.05 0.072
0 0.351 0.174 0.058 0.056
0 0.363 0.125 0.042 0.066
0 0.402 0.069 0.04 0.066
0 0.398 0.014 0.052 0.024
0 0.313 0.144 0.054 0.064
0 0.279 0.168 0.03 0.048
0 0.235 0.19 0.05 0.064
0 0.339 0.016 0.062 0.028
0 0.323 0.038 0.058 0.052
0 0.018 0.209 0.032 0.05
0 0.257 0.01 0.042 0.016
0 0.031 0.036 0.062 0.068
0 0.221 0.059 0.046 0.058
0 0.178 0.015 0.036 0.026
0 0.211 0.133 0.05 0.062
0 0.21 0.103 0.052 0.03
0 0.177 0.094 0.042 0.048
0 0.307 0.099 0.046 0.042
0 0.078 0.163 0.04 0.082
0 0.1 0.081 0.052 0.066
0 0.136 0.09 0.04 0.072
0 0.112 0.131 0.048 0.07
1 0.912 0.949 0.028 0.026
1 0.853 0.85 0.01 0.008
1 0.504 0.951 0.028 0.03
1 0.214 0.996 0.032 0.004
1 0.763 0.815 0.026 0.026
1 0.028 0.778 0.02 0.024
1 0.012 0.798 0.02 0.028
1 0.201 0.745 0.038 0.034
1 0.893 0.742 0.022 0.032
1 0.576 0.651 0.02 0.026
1 0.484 0.591 0.016 0.022
1 0.474 0.573 0.036 0.026
1 0.358 0.554 0.024 0.024
1 0.983 0.508 0.026 0.032
1 0.897 0.536 0.03 0.028
1 0.908 0.556 0.032 0.02
1 0.809 0.372 0.038 0.024
1 0.183 0.548 0.026 0.036
1 0.038 0.565 0.036 0.026
1 0.775 0.405 0.026 0.014
1 0.73 0.445 0.008 0.022
1 0.747 0.394 0.034 0.028
1 0.51 0.437 0.036 0.026
1 0.471 0.342 0.034 0.028
1 0.397 0.321 0.026 0.026
1 0.392 0.337 0.024 0.018
1 0.331 0.421 0.026 0.034
1 0.165 0.521 0.026 0.042
1 0.142 0.527 0.024 0.03
1 0.115 0.304 0.026 0.028
1 0.01 0.43 0.016 0.04
1 0.974 0.298 0.04 0.028
1 0.451 0.291 0.018 0.014
1 0.972 0.026 0.032 0.04
1 0.495 0.175 0.03 0.03
1 0.534 0.147 0.036 0.03
1 0.254 0.117 0.028 0.018
1 0.151 0.025 0.026 0.026
1 0.308 0.076 0.024 0.02
1 0.039 0.076 0.034 0.04
2 0.873 0.983 0.054 0.03
2 0.972 0.867 0.04 0.066
2 0.915 0.88 0.038 0.04
2 0.947 0.792 0.03 0.016
2 0.654 0.989 0.044 0.018
2 0.756 0.867 0.028 0.054
2 0.724 0.899 0.028 0.042
2 0.619 0.983 0.034 0.03
2 0.569 0.926 0.05 0.06
2 0.49 0.938 0.024 0.028
2 0.511 0.954 0.022 0.02
2 0.166 0.942 0.036 0.032
2 0.005 0.894 0.006 0.024
2 0.719 0.796 0.054 0.056
2 0.68 0.79 0.012 0.008
2 0.681 0.755 0.034 0.046
2 0.328 0.863 0.016 0.03
2 0.393 0.813 0.03 0.042
2 0.422 0.806 0.024 0.028
2 0.293 0.791 0.026 0.018
2 0.185 0.844 0.018 0.052
2 0.208 0.809 0.032 0.014
2 0.158 0.726 0.04 0.028
2 0.226 0.708 0.028 0.032
2 0.865 0.785 0.03 0.042
2 0.995 0.724 0.006 0.044
2 0.897 0.606 0.038 0.028
2 0.852 0.664 0.028 0.032
2 0.624 0.651 0.016 0.046
2 0.356 0.718 0.036 0.028
2 0.326 0.717 0.02 0.014
2 0.274 0.598 0.012 0.028
2 0.009 0.571 0.014 0.022
2 0.055 0.632 0.01 0.016
2 0.992 0.6 0.012 0.048
2 0.928 0.537 0.016 0.014
2 0.948 0.506 0.036 0.044
2 0.481 0.52 0.03 0.036
2 0.384 0.522 0.04 0.04
2 0.262 0.502 0.032 0.044
2 0.058 0.564 0.008 0.012
2 0.067 0.523 0.034 0.034
2 0.055 0.481 0.006 0.01
2 0.993 0.452 0.01 0.028
2 0.925 0.433 0.03 0.05
2 0.953 0.46 0.01 0.02
2 0.955 0.478 0.022 0.016
2 0.908 0.466 0.024 0.044
2 0.285 0.394 0.042 0.044
2 0.127 0.519 0.022 0.03
2 0.129 0.426 0.018 0.032
2 0.058 0.333 0.02 0.026
2 0.094 0.379 0.028 0.03
2 0.99 0.293 0.016 0.038
2 0.936 0.193 0.048 0.046
2 0.772 0.234 0.024 0.036
2 0.524 0.269 0.028 0.042
2 0.51 0.293 0.012 0.014
2 0.441 0.218 0.034 0.044
2 0.346 0.226 0.028 0.04
2 0.226 0.264 0.048 0.04
2 0.15 0.282 0.04 0.044
2 0.136 0.255 0.028 0.042
2 0.17 0.247 0.04 0.034
2 0.838 0.089 0.016 0.018
2 0.658 0.198 0.032 0.04
2 0.615 0.182 0.05 0.044
2 0.563 0.184 0.038 0.052
2 0.577 0.104 0.046 0.032
2 0.475 0.034 0.054 0.064
2 0.378 0.087 0.028 0.03
2 0.033 0.226 0.014 0.012
2 0.006 0.076 0.008 0.02
2 0.114 0.025 0.008 0.01
2 0.087 0.059 0.03 0.026
2 0.154 0.13 0.056 0.032