0 0.598 0.174 0.068 0.08
0 0.699 0.129 0.066 0.05
0 0.285 0.037 0.042 0.05
0 0.23 0.265 0.064 0.054
0 0.417 0.477 0.058 0.062
0 0.736 0.397 0.048 0.046
0 0.902 0.341 0.044 0.066
0 0.873 0.469 0.042 0.058
0 0.899 0.792 0.054 0.056
0 0.57 0.737 0.064 0.058
0 0.697 0.515 0.046 0.042
0 0.823 0.719 0.05 0.05
0 0.306 0.917 0.04 0.054
0 0.403 0.969 0.058 0.058
0 0.327 0.755 0.054 0.054
0 0.142 0.81 0.048 0.06
0 0.334 0.685 0.064 0.054
0 0.564 0.339 0.04 0.066
0 0.289 0.615 0.078 0.086
0 0.51 0.357 0.056 0.054
0 0.894 0.06 0.048 0.044
0 0.97 0.712 0.048 0.044
0 0.163 0.61 0.066 0.096
0 0.782 0.632 0.048 0.052
0 0.721 0.451 0.042 0.058
0 0.785 0.861 0.038 0.058
0 0.223 0.873 0.054 0.066
0 0.278 0.531 0.052 0.058
0 0.877 0.117 0.054 0.074
0 0.969 0.152 0.058 0.064
0 0.902 0.173 0.04 0.05
0 0.944 0.073 0.044 0.046
0 0.99 0.037 0.016 0.058
0 0.78 0.111 0.068 0.07
0 0.705 0.08 0.058 0.06
0 0.821 0.056 0.038 0.04
0 0.644 0.057 0.032 0.038
0 0.682 0.006 0.06 0.012
0 0.553 0.041 0.062 0.07
0 0.359 0.015 0.038 0.03
0 0.308 0.083 0.044 0.062
0 0.325 0.103 0.026 0.046
0 0.191 0.055 0.03 0.03
0 0.194 0.103 0.036 0.038
0 0.208 0.155 0.048 0.034
0 0.012 0.048 0.02 0.028
0 0.089 0.205 0.034 0.03
0 0.122 0.204 0.032 0.052
0 0.08 0.309 0.036 0.034
0 0.223 0.307 0.05 0.05
0 0.194 0.264 0.04 0.04
0 0.352 0.392 0.024 0.016
0 0.411 0.35 0.046 0.032
0 0.36 0.302 0.044 0.06
0 0.343 0.344 0.054 0.044
0 0.415 0.42 0.046 0.028
0 0.34 0.483 0.056 0.046
0 0.309 0.5 0.046 0.044
0 0.34 0.55 0.064 0.064
0 0.292 0.522 0.052 0.076
0 0.23 0.57 0.04 0.056
0 0.341 0.608 0.062 0.06
0 0.418 0.65 0.052 0.044
0 0.537 0.643 0.03 0.054
0 0.539 0.593 0.05 0.054
0 0.5 0.542 0.036 0.044
0 0.473 0.568 0.05 0.056
0 0.484 0.473 0.052 0.062
0 0.536 0.508 0.056 0.048
0 0.576 0.531 0.052 0.054
0 0.568 0.477 0.048 0.05
0 0.588 0.297 0.068 0.066
0 0.585 0.352 0.05 0.044
0 0.445 0.333 0.066 0.062
0 0.068 0.62 0.064 0.04
0 0.059 0.656 0.062 0.052
0 0.024 0.668 0.044 0.052
0 0.217 0.77 0.046 0.056
0 0.262 0.703 0.056 0.054
0 0.142 0.882 0.06 0.06
0 0.102 0.914 0.072 0.068
0 0.173 0.954 0.058 0.052
0 0.202 0.895 0.064 0.066
0 0.093 0.959 0.07 0.062
0 0.069 0.973 0.058 0.05
0 0.03 0.952 0.048 0.084
0 0.351 0.987 0.062 0.022
0 0.515 0.98 0.054 0.036
0 0.568 0.991 0.06 0.014
0 0.524 0.921 0.048 0.05
0 0.54 0.851 0.048 0.062
0 0.472 0.806 0.048 0.036
0 0.407 0.835 0.058 0.062
0 0.543 0.784 0.066 0.088
0 0.641 0.814 0.066 0.064
0 0.643 0.902 0.074 0.068
0 0.624 0.934 0.048 0.06
0 0.674 0.947 0.036 0.034
0 0.698 0.98 0.048 0.036
0 0.732 0.981 0.032 0.034
0 0.734 0.919 0.052 0.05
0 0.835 0.916 0.046 0.064
0 0.871 0.9 0.05 0.068
0 0.747 0.811 0.042 0.058
0 0.743 0.711 0.058 0.054
0 0.647 0.714 0.066 0.052
0 0.713 0.583 0.058 0.054
0 0.781 0.495 0.058 0.058
0 0.812 0.42 0.056 0.056
0 0.844 0.364 0.06 0.052
0 0.738 0.277 0.072 0.078
0 0.703 0.324 0.05 0.064
0 0.786 0.254 0.076 0.064
0 0.855 0.254 0.054 0.06
0 0.965 0.257 0.066 0.058
0 0.987 0.297 0.022 0.05
0 0.922 0.234 0.028 0.048
0 0.887 0.223 0.054 0.062
0 0.965 0.41 0.062 0.064
0 0.933 0.612 0.05 0.052
0 0.974 0.617 0.048 0.062
0 0.924 0.46 0.044 0.04
0 0.948 0.491 0.056 0.058
0 0.564 0.701 0.056 0.034
0 0.913 0.722 0.05 0.056
0 0.914 0.806 0.048 0.08
0 0.956 0.898 0.032 0.052
0 0.989 0.905 0.018 0.058
0 0.965 0.964 0.054 0.056
0 0.937 0.972 0.05 0.052
0 0.829 0.981 0.05 0.034
1 0.943 0.108 0.03 0.028
1 0.738 0.067 0.024 0.026
1 0.558 0.076 0.028 0.036
1 0.047 0.152 0.038 0.032
1 0.19 0.289 0.032 0.026
1 0.33 0.369 0.036 0.038
1 0.435 0.617 0.03 0.022
1 0.487 0.614 0.026 0.028
1 0.539 0.444 0.034 0.028
1 0.523 0.296 0.03 0.028
1 0.402 0.244 0.024 0.02
1 0.164 0.387 0.04 0.03
1 0.072 0.499 0.04 0.034
1 0.104 0.518 0.04 0.028
1 0.14 0.747 0.02 0.022
1 0.066 0.768 0.044 0.02
1 0.25 0.768 0.024 0.02
1 0.283 0.828 0.026 0.024
1 0.286 0.805 0.02 0.026
1 0.234 0.824 0.032 0.028
1 0.248 0.803 0.028 0.026
1 0.218 0.938 0.036 0.028
1 0.016 0.972 0.024 0.032
1 0.505 0.852 0.03 0.032
1 0.573 0.882 0.018 0.044
1 0.635 0.981 0.022 0.03
1 0.619 0.988 0.03 0.02
1 0.729 0.944 0.018 0.032
1 0.824 0.785 0.04 0.046
1 0.74 0.542 0.02 0.044
1 0.867 0.505 0.03 0.022
1 0.695 0.235 0.026 0.046
1 0.681 0.355 0.03 0.034
1 0.859 0.178 0.014 0.024
1 0.974 0.343 0.028 0.034
1 0.93 0.531 0.04 0.034
1 0.902 0.491 0.024 0.03
1 0.772 0.78 0.02 0.02
1 0.976 0.921 0.016 0.018
2 0.133 0.242 0.026 0.052
2 0.486 0.652 0.028 0.032
2 0.532 0.467 0.048 0.03
2 0.586 0.399 0.048 0.038
2 0.467 0.263 0.034 0.042
2 0.149 0.536 0.05 0.056
2 0.08 0.824 0.052 0.052
2 0.197 0.988 0.074 0.02
2 0.778 0.912 0.036 0.032
2 0.726 0.655 0.032 0.042
2 0.793 0.442 0.038 0.036
2 0.754 0.445 0.028 0.026
2 0.817 0.293 0.03 0.034
2 0.844 0.198 0.044 0.052
2 0.838 0.136 0.04 0.036
2 0.96 0.657 0.032 0.042
2 0.828 0.641 0.056 0.074
2 0.364 0.821 0.032 0.026
2 0.7 0.847 0.052 0.058
2 0.795 0.812 0.042 0.052
2 0.919 0.043 0.034 0.03