0 0.09 0.893 0.048 0.042
0 0.039 0.852 0.042 0.052
0 0.019 0.958 0.038 0.056
0 0.008 0.875 0.016 0.042
0 0.012 0.761 0.024 0.042
0 0.107 0.778 0.038 0.052
0 0.181 0.821 0.042 0.042
0 0.224 0.891 0.04 0.054
0 0.28 0.859 0.048 0.054
0 0.314 0.893 0.044 0.038
0 0.338 0.878 0.036 0.052
0 0.333 0.982 0.046 0.032
0 0.219 0.944 0.046 0.052
0 0.254 0.964 0.032 0.036
0 0.05 0.919 0.04 0.03
0 0.39 0.92 0.044 0.044
0 0.376 0.882 0.036 0.036
0 0.452 0.905 0.056 0.058
0 0.461 0.966 0.038 0.048
0 0.468 0.993 0.044 0.01
0 0.561 0.952 0.042 0.036
0 0.565 0.904 0.046 0.036
0 0.537 0.824 0.03 0.044
0 0.486 0.799 0.048 0.05
0 0.563 0.855 0.03 0.046
0 0.629 0.881 0.038 0.042
0 0.609 0.915 0.042 0.046
0 0.652 0.97 0.044 0.056
0 0.621 0.988 0.034 0.02
0 0.766 0.952 0.032 0.032
0 0.847 0.953 0.05 0.038
0 0.858 0.892 0.032 0.06
0 0.891 0.921 0.038 0.042
0 0.924 0.969 0.036 0.054
0 0.885 0.994 0.03 0.008
0 0.742 0.885 0.048 0.05
0 0.699 0.896 0.046 0.056
0 0.758 0.856 0.028 0.052
0 0.79 0.813 0.04 0.05
0 0.693 0.812 0.034 0.044
0 0.678 0.773 0.044 0.046
0 0.62 0.772 0.04 0.048
0 0.649 0.777 0.026 0.05
0 0.683 0.71 0.034 0.044
0 0.74 0.727 0.04 0.046
0 0.752 0.714 0.04 0.048
0 0.794 0.757 0.044 0.046
0 0.851 0.762 0.042 0.044
0 0.842 0.724 0.032 0.04
0 0.873 0.743 0.034 0.07
0 0.969 0.801 0.038 0.058
0 0.971 0.861 0.042 0.046
0 0.987 0.878 0.022 0.06
0 0.987 0.933 0.022 0.05
0 0.99 0.984 0.016 0.032
0 0.924 0.637 0.036 0.042
0 0.962 0.59 0.028 0.032
0 0.991 0.646 0.014 0.064
0 0.978 0.57 0.032 0.052
0 0.992 0.598 0.012 0.036
0 0.807 0.581 0.03 0.054
0 0.723 0.588 0.038 0.064
0 0.656 0.61 0.048 0.056
0 0.644 0.65 0.044 0.052
0 0.525 0.701 0.042 0.058
0 0.224 0.731 0.036 0.054
0 0.338 0.695 0.036 0.054
0 0.377 0.624 0.042 0.06
0 0.463 0.553 0.038 0.022
0 0.472 0.524 0.044 0.036
0 0.518 0.509 0.036 0.054
0 0.551 0.564 0.034 0.04
0 0.349 0.54 0.046 0.064
0 0.299 0.552 0.058 0.08
0 0.269 0.5 0.03 0.052
0 0.262 0.429 0.048 0.062
0 0.234 0.449 0.036 0.05
0 0.201 0.443 0.034 0.066
0 0.159 0.582 0.034 0.056
0 0.102 0.657 0.04 0.03
0 0.113 0.719 0.038 0.054
0 0.152 0.67 0.036 0.068
0 0.181 0.662 0.034 0.056
0 0.204 0.679 0.028 0.042
0 0.194 0.618 0.028 0.06
0 0.29 0.664 0.04 0.032
0 0.291 0.636 0.034 0.032
0 0.408 0.461 0.04 0.062
0 0.403 0.389 0.03 0.038
0 0.429 0.375 0.042 0.05
0 0.468 0.392 0.036 0.056
0 0.567 0.424 0.03 0.028
0 0.581 0.398 0.03 0.052
0 0.621 0.393 0.038 0.03
0 0.642 0.442 0.044 0.052
0 0.648 0.417 0.04 0.034
0 0.742 0.388 0.036 0.048
0 0.791 0.415 0.042 0.046
0 0.82 0.386 0.068 0.048
0 0.886 0.395 0.032 0.046
0 0.879 0.343 0.03 0.046
0 0.836 0.332 0.048 0.052
0 0.924 0.305 0.044 0.05
0 0.978 0.429 0.032 0.05
0 0.935 0.461 0.038 0.05
0 0.877 0.484 0.05 0.056
0 0.867 0.436 0.034 0.044
0 0.949 0.409 0.022 0.058
0 0.993 0.337 0.01 0.042
0 0.913 0.215 0.034 0.038
0 0.949 0.186 0.034 0.048
0 0.894 0.121 0.036 0.05
0 0.936 0.095 0.056 0.05
0 0.975 0.089 0.03 0.05
0 0.992 0.103 0.012 0.054
0 0.85 0.076 0.04 0.036
0 0.883 0.019 0.038 0.034
0 0.85 0.007 0.028 0.01
0 0.788 0.024 0.04 0.044
0 0.768 0.084 0.04 0.04
0 0.788 0.128 0.032 0.048
0 0.824 0.142 0.032 0.044
0 0.858 0.162 0.036 0.048
0 0.866 0.211 0.032 0.034
0 0.778 0.215 0.036 0.038
0 0.758 0.255 0.032 0.046
0 0.799 0.282 0.03 0.052
0 0.823 0.287 0.03 0.034
0 0.713 0.229 0.054 0.058
0 0.631 0.196 0.038 0.044
0 0.641 0.256 0.038 0.052
0 0.693 0.289 0.03 0.034
0 0.63 0.281 0.044 0.046
0 0.57 0.318 0.032 0.052
0 0.512 0.318 0.032 0.056
0 0.49 0.262 0.028 0.04
0 0.454 0.222 0.044 0.048
0 0.391 0.236 0.042 0.052
0 0.339 0.153 0.03 0.046
0 0.401 0.143 0.038 0.042
0 0.375 0.1 0.046 0.056
0 0.264 0.092 0.032 0.044
0 0.273 0.132 0.054 0.052
0 0.251 0.158 0.038 0.044
0 0.259 0.207 0.042 0.042
0 0.193 0.108 0.03 0.032
0 0.157 0.18 0.038 0.052
0 0.179 0.054 0.042 0.04
0 0.193 0.028 0.046 0.052
0 0.127 0.015 0.034 0.026
0 0.045 0.102 0.038 0.044
0 0.019 0.192 0.038 0.064
0 0.076 0.314 0.048 0.064
0 0.14 0.28 0.048 0.072
0 0.187 0.353 0.054 0.046
0 0.263 0.324 0.034 0.048
0 0.29 0.344 0.032 0.052
0 0.322 0.357 0.036 0.066
0 0.357 0.33 0.038 0.036
0 0.376 0.327 0.032 0.046
0 0.67 0.489 0.04 0.062
0 0.742 0.521 0.028 0.046
0 0.634 0.539 0.044 0.058
0 0.632 0.495 0.032 0.03
0 0.579 0.548 0.038 0.06
0 0.981 0.75 0.034 0.056
0 0.039 0.584 0.038 0.06
0 0.011 0.59 0.018 0.044
0 0.025 0.448 0.046 0.052
0 0.041 0.405 0.038 0.058
0 0.091 0.413 0.038 0.058
0 0.006 0.349 0.012 0.07
0 0.244 0.26 0.044 0.056
0 0.366 0.021 0.044 0.038
0 0.41 0.015 0.032 0.026
0 0.442 0.013 0.028 0.022
0 0.473 0.009 0.034 0.014
0 0.499 0.135 0.03 0.062
0 0.532 0.075 0.032 0.042
0 0.565 0.106 0.042 0.044
0 0.491 0.081 0.03 0.046
0 0.583 0.015 0.038 0.026
0 0.587 0.068 0.05 0.052
0 0.626 0.052 0.04 0.048
0 0.664 0.071 0.032 0.05
0 0.707 0.067 0.054 0.042
0 0.66 0.141 0.04 0.046
0 0.72 0.133 0.032 0.05
0 0.738 0.106 0.028 0.072
1 0.36 0.989 0.02 0.018
1 0.549 0.991 0.034 0.014
1 0.511 0.956 0.018 0.024
1 0.767 0.978 0.026 0.02
1 0.7 0.935 0.02 0.018
1 0.651 0.818 0.03 0.028
1 0.613 0.733 0.026 0.018
1 0.736 0.776 0.036 0.024
1 0.803 0.72 0.018 0.028
1 0.925 0.863 0.018 0.026
1 0.903 0.55 0.018 0.028
1 0.708 0.636 0.02 0.036
1 0.672 0.635 0.024 0.026
1 0.584 0.679 0.028 0.058
1 0.401 0.796 0.034 0.02
1 0.412 0.779 0.028 0.018
1 0.315 0.743 0.026 0.046
1 0.271 0.774 0.018 0.02
1 0.419 0.636 0.018 0.032
1 0.432 0.584 0.02 0.024
1 0.438 0.56 0.016 0.02
1 0.553 0.61 0.026 0.016
1 0.554 0.592 0.032 0.016
1 0.215 0.474 0.018 0.016
1 0.221 0.638 0.026 0.028
1 0.264 0.654 0.016 0.024
1 0.372 0.417 0.02 0.018
1 0.49 0.423 0.024 0.026
1 0.972 0.244 0.02 0.024
1 0.942 0.22 0.024 0.02
1 0.925 0.124 0.018 0.024
1 0.859 0.114 0.022 0.028
1 0.531 0.25 0.038 0.02
1 0.328 0.194 0.028 0.036
1 0.348 0.211 0.02 0.018
1 0.316 0.102 0.016 0.024
1 0.21 0.171 0.024 0.026
1 0.204 0.138 0.02 0.02
1 0.12 0.073 0.02 0.026
1 0.183 0.285 0.034 0.038
1 0.178 0.325 0.028 0.018
1 0.32 0.282 0.024 0.032
1 0.719 0.501 0.018 0.034
1 0.747 0.484 0.026 0.024
1 0.652 0.563 0.016 0.026
1 0.557 0.489 0.026 0.034
1 0.028 0.68 0.024 0.028
1 0.13 0.528 0.024 0.02
1 0.092 0.5 0.02 0.024
1 0.279 0.029 0.034 0.026
1 0.481 0.028 0.022 0.02
1 0.469 0.074 0.018 0.036
1 0.541 0.025 0.022 0.022
1 0.645 0.159 0.026 0.026
1 0.15 0.744 0.024 0.028
2 0.169 0.959 0.042 0.046
2 0.05 0.953 0.024 0.026
2 0.209 0.988 0.034 0.02
2 0.917 0.772 0.034 0.028
2 0.759 0.589 0.03 0.038
2 0.554 0.763 0.04 0.038
2 0.443 0.789 0.046 0.086
2 0.286 0.737 0.032 0.042
2 0.279 0.797 0.026 0.026
2 0.522 0.643 0.024 0.042
2 0.43 0.681 0.032 0.046
2 0.22 0.608 0.02 0.024
2 0.251 0.689 0.034 0.05
2 0.471 0.461 0.03 0.026
2 0.483 0.444 0.022 0.024
2 0.438 0.451 0.02 0.042
2 0.909 0.496 0.034 0.044
2 0.935 0.423 0.034 0.046
2 0.903 0.443 0.022 0.03
2 0.995 0.455 0.006 0.026
2 0.983 0.29 0.022 0.04
2 0.996 0.298 0.004 0.04
2 0.94 0.249 0.028 0.026
2 0.977 0.161 0.026 0.062
2 0.753 0.028 0.038 0.04
2 0.063 0.033 0.034 0.042
2 0.017 0.034 0.026 0.052
2 0.017 0.09 0.018 0.036
2 0.065 0.23 0.042 0.056
2 0.356 0.357 0.028 0.034
2 0.405 0.289 0.03 0.03
2 0.615 0.352 0.038 0.044
2 0.576 0.358 0.032 0.028
2 0.519 0.369 0.034 0.034
2 0.876 0.519 0.032 0.026
2 0.939 0.616 0.022 0.028
2 0.533 0.935 0.03 0.042
2 0.349 0.932 0.054 0.028
2 0.128 0.546 0.04 0.028
2 0.068 0.524 0.02 0.028
2 0.125 0.406 0.026 0.032
2 0.165 0.408 0.026 0.048
2 0.17 0.229 0.032 0.03
2 0.316 0.014 0.04 0.024
2 0.955 0.008 0.034 0.012
2 0.927 0.035 0.018 0.018
2 0.553 0.009 0.03 0.014
2 0.223 0.541 0.034 0.042
2 0.095 0.857 0.03 0.026
2 0.376 0.784 0.02 0.032