0 0.412 0.194 0.04 0.096
0 0.025 0.087 0.034 0.05
0 0.043 0.134 0.018 0.028
0 0.003 0.195 0.006 0.046
0 0.081 0.019 0.038 0.038
0 0.17 0.008 0.032 0.016
0 0.213 0.043 0.03 0.058
0 0.255 0.041 0.042 0.054
0 0.298 0.014 0.032 0.028
0 0.435 0.049 0.05 0.062
0 0.475 0.03 0.022 0.044
0 0.586 0.019 0.028 0.038
0 0.608 0.01 0.04 0.02
0 0.832 0.02 0.044 0.04
0 0.956 0.014 0.024 0.028
0 0.888 0.05 0.04 0.064
0 0.941 0.084 0.014 0.02
0 0.923 0.131 0.026 0.058
0 0.896 0.127 0.02 0.058
0 0.854 0.123 0.024 0.066
0 0.77 0.197 0.032 0.054
0 0.786 0.215 0.02 0.022
0 0.937 0.267 0.034 0.042
0 0.963 0.264 0.022 0.032
0 0.927 0.291 0.034 0.03
0 0.953 0.282 0.018 0.028
0 0.973 0.311 0.022 0.022
0 0.887 0.349 0.03 0.046
0 0.933 0.4 0.022 0.036
0 0.966 0.425 0.024 0.074
0 0.993 0.41 0.01 0.06
0 0.833 0.357 0.026 0.034
0 0.836 0.453 0.048 0.098
0 0.845 0.528 0.038 0.044
0 0.968 0.563 0.028 0.05
0 0.916 0.574 0.036 0.04
0 0.927 0.596 0.038 0.052
0 0.795 0.593 0.03 0.054
0 0.74 0.53 0.052 0.056
0 0.724 0.608 0.04 0.064
0 0.738 0.665 0.032 0.05
0 0.811 0.699 0.026 0.07
0 0.876 0.698 0.028 0.052
0 0.898 0.742 0.02 0.036
0 0.985 0.733 0.026 0.042
0 0.94 0.852 0.032 0.064
0 0.898 0.91 0.036 0.06
0 0.85 0.979 0.02 0.038
0 0.875 0.832 0.038 0.056
0 0.803 0.874 0.03 0.072
0 0.725 0.912 0.018 0.072
0 0.682 0.935 0.032 0.062
0 0.704 0.868 0.024 0.04
0 0.788 0.814 0.024 0.024
0 0.724 0.754 0.06 0.076
0 0.649 0.791 0.05 0.062
0 0.549 0.846 0.03 0.036
0 0.534 0.878 0.032 0.048
0 0.609 0.977 0.042 0.042
0 0.535 0.988 0.034 0.02
0 0.518 0.965 0.04 0.042
0 0.422 0.941 0.032 0.046
0 0.269 0.958 0.034 0.072
0 0.288 0.903 0.036 0.074
0 0.036 0.856 0.044 0.072
0 0.136 0.841 0.024 0.026
0 0.134 0.778 0.04 0.056
0 0.023 0.777 0.026 0.03
0 0.018 0.733 0.036 0.05
0 0.003 0.693 0.006 0.034
0 0.061 0.698 0.034 0.048
0 0.2 0.766 0.036 0.028
0 0.231 0.718 0.046 0.084
0 0.318 0.759 0.032 0.07
0 0.175 0.652 0.038 0.064
0 0.359 0.858 0.03 0.064
0 0.431 0.79 0.034 0.06
0 0.474 0.85 0.028 0.06
0 0.508 0.799 0.032 0.058
0 0.527 0.76 0.03 0.048
0 0.557 0.719 0.026 0.05
0 0.633 0.705 0.03 0.062
0 0.668 0.652 0.036 0.072
0 0.024 0.361 0.04 0.07
0 0.026 0.307 0.036 0.03
0 0.119 0.258 0.038 0.08
0 0.164 0.231 0.04 0.038
0 0.153 0.204 0.046 0.06
0 0.203 0.224 0.026 0.048
0 0.116 0.096 0.032 0.028
0 0.256 0.154 0.032 0.06
0 0.085 0.419 0.042 0.062
0 0.031 0.535 0.034 0.042
0 0.143 0.558 0.018 0.016
0 0.313 0.603 0.03 0.046
0 0.319 0.661 0.014 0.018
0 0.343 0.56 0.046 0.076
0 0.392 0.546 0.02 0.032
0 0.418 0.648 0.036 0.064
0 0.428 0.549 0.032 0.042
0 0.44 0.495 0.032 0.054
0 0.358 0.436 0.04 0.064
0 0.339 0.385 0.038 0.054
0 0.322 0.233 0.044 0.074
0 0.396 0.124 0.056 0.048
0 0.463 0.192 0.046 0.08
0 0.533 0.094 0.038 0.044
0 0.7 0.05 0.024 0.028
0 0.82 0.068 0.016 0.02
0 0.836 0.051 0.02 0.018
0 0.642 0.186 0.032 0.048
0 0.654 0.227 0.028 0.042
0 0.648 0.264 0.032 0.032
0 0.572 0.254 0.028 0.04
0 0.72 0.396 0.012 0.016
0 0.741 0.425 0.018 0.018
0 0.742 0.462 0.024 0.02
0 0.651 0.385 0.03 0.078
0 0.632 0.47 0.024 0.036
0 0.618 0.52 0.016 0.036
0 0.59 0.615 0.028 0.058
0 0.556 0.545 0.044 0.07
0 0.519 0.5 0.026 0.044
0 0.572 0.408 0.036 0.068
0 0.593 0.351 0.034 0.05
0 0.583 0.314 0.018 0.016
0 0.541 0.322 0.022 0.028
0 0.461 0.302 0.038 0.048
0 0.176 0.346 0.02 0.024
0 0.299 0.329 0.042 0.038
0 0.348 0.995 0.024 0.006
1 0.992 0.446 0.012 0.012
1 0.913 0.441 0.03 0.022
1 0.881 0.563 0.022 0.054
1 0.929 0.645 0.022 0.022
1 0.987 0.673 0.022 0.026
1 0.828 0.58 0.02 0.028
1 0.858 0.675 0.016 0.03
1 0.928 0.972 0.016 0.02
1 0.822 0.97 0.02 0.02
1 0.846 0.862 0.016 0.024
1 0.683 0.898 0.022 0.024
1 0.684 0.837 0.032 0.014
1 0.721 0.808 0.03 0.016
1 0.865 0.775 0.018 0.022
1 0.532 0.923 0.02 0.034
1 0.039 0.924 0.026 0.036
1 0.087 0.946 0.018 0.02
1 0.193 0.965 0.014 0.03
1 0.238 0.975 0.016 0.022
1 0.233 0.992 0.022 0.012
1 0.108 0.842 0.016 0.024
1 0.167 0.807 0.018 0.038
1 0.228 0.848 0.024 0.02
1 0.01 0.82 0.02 0.02
1 0.338 0.798 0.016 0.036
1 0.669 0.745 0.022 0.022
1 0.193 0.271 0.038 0.026
1 0.086 0.043 0.036 0.018
1 0.093 0.125 0.018 0.022
1 0.013 0.228 0.026 0.032
1 0.174 0.137 0.036 0.03
1 0.279 0.128 0.022 0.02
1 0.332 0.064 0.024 0.016
1 0.035 0.597 0.018 0.026
1 0.061 0.528 0.018 0.02
1 0.081 0.553 0.022 0.014
1 0.138 0.479 0.024 0.026
1 0.125 0.563 0.026 0.014
1 0.187 0.577 0.034 0.022
1 0.368 0.634 0.016 0.024
1 0.481 0.474 0.026 0.02
1 0.311 0.471 0.018 0.022
1 0.329 0.192 0.018 0.036
1 0.522 0.114 0.028 0.016
1 0.605 0.239 0.022 0.026
1 0.683 0.188 0.014 0.032
1 0.796 0.302 0.016 0.024
1 0.738 0.381 0.024 0.018
1 0.128 0.37 0.028 0.02
1 0.467 0.401 0.014 0.026
1 0.478 0.619 0.016 0.018
1 0.545 0.636 0.018 0.032
1 0.106 0.95 0.012 0.024
1 0.32 0.979 0.016 0.014
1 0.444 0.944 0.012 0.016
2 0.441 0.374 0.03 0.088
2 0.131 0.167 0.014 0.018
2 0.208 0.165 0.008 0.01
2 0.645 0.031 0.018 0.018
2 0.588 0.121 0.02 0.018
2 0.741 0.166 0.018 0.04
2 0.365 0.166 0.01 0.044
2 0.749 0.361 0.026 0.034
2 0.748 0.311 0.024 0.014
2 0.813 0.272 0.014 0.016
2 0.434 0.602 0.02 0.032
2 0.123 0.531 0.026 0.026
2 0.195 0.922 0.006 0.02
2 0.165 0.895 0.01 0.014
2 0.351 0.649 0.018 0.01
2 0.389 0.629 0.006 0.014
2 0.443 0.878 0.022 0.032
2 0.418 0.877 0.02 0.026
2 0.561 0.995 0.022 0.006
2 0.373 0.822 0.014 0.02
2 0.252 0.825 0.012 0.01
2 0.229 0.826 0.01 0.004
2 0.468 0.653 0.012 0.018
2 0.487 0.643 0.006 0.022
2 0.875 0.596 0.01 0.024
2 0.957 0.522 0.014 0.02
2 0.732 0.206 0.016 0.02
2 0.799 0.037 0.018 0.014