0 0.017 0.989 0.034 0.018
0 0.008 0.94 0.016 0.028
0 0.02 0.948 0.016 0.024
0 0.05 0.919 0.028 0.03
0 0.125 0.991 0.026 0.014
0 0.147 0.98 0.014 0.024
0 0.203 0.971 0.038 0.038
0 0.025 0.829 0.026 0.03
0 0.005 0.808 0.01 0.024
0 0.051 0.754 0.034 0.02
0 0.086 0.749 0.02 0.05
0 0.224 0.91 0.052 0.052
0 0.108 0.639 0.044 0.034
0 0.134 0.513 0.04 0.046
0 0.009 0.432 0.018 0.032
0 0.029 0.358 0.042 0.044
0 0.02 0.295 0.04 0.034
0 0.117 0.278 0.038 0.036
0 0.088 0.199 0.036 0.022
0 0.125 0.191 0.042 0.042
0 0.011 0.046 0.022 0.028
0 0.01 0.013 0.02 0.022
0 0.036 0.023 0.044 0.038
0 0.073 0.029 0.026 0.026
0 0.083 0.061 0.014 0.022
0 0.094 0.045 0.024 0.026
0 0.119 0.042 0.034 0.032
0 0.153 0.116 0.038 0.028
0 0.2 0.009 0.028 0.014
0 0.235 0.091 0.046 0.026
0 0.204 0.087 0.02 0.014
0 0.149 0.797 0.034 0.03
0 0.145 0.773 0.026 0.022
0 0.172 0.791 0.032 0.042
0 0.215 0.801 0.034 0.038
0 0.21 0.731 0.02 0.034
0 0.178 0.671 0.032 0.03
0 0.211 0.657 0.03 0.026
0 0.179 0.589 0.026 0.026
0 0.221 0.612 0.042 0.032
0 0.222 0.154 0.024 0.028
0 0.188 0.15 0.02 0.024
0 0.201 0.189 0.018 0.018
0 0.222 0.191 0.036 0.038
0 0.198 0.233 0.052 0.03
0 0.228 0.243 0.028 0.038
0 0.203 0.268 0.034 0.024
0 0.257 0.229 0.034 0.03
0 0.302 0.232 0.036 0.032
0 0.366 0.112 0.052 0.04
0 0.393 0.053 0.046 0.034
0 0.512 0.015 0.052 0.026
0 0.484 0.061 0.044 0.026
0 0.457 0.074 0.034 0.036
0 0.475 0.084 0.022 0.024
0 0.565 0.057 0.038 0.038
0 0.623 0.124 0.05 0.032
0 0.536 0.158 0.048 0.044
0 0.397 0.169 0.046 0.03
0 0.361 0.213 0.038 0.022
0 0.395 0.229 0.042 0.03
0 0.529 0.259 0.054 0.054
0 0.631 0.195 0.038 0.03
0 0.683 0.065 0.054 0.038
0 0.745 0.061 0.042 0.03
0 0.786 0.053 0.04 0.034
0 0.892 0.044 0.04 0.032
0 0.828 0.095 0.048 0.038
0 0.941 0.08 0.054 0.04
0 0.946 0.162 0.04 0.04
0 0.98 0.199 0.036 0.038
0 0.903 0.243 0.03 0.034
0 0.85 0.224 0.04 0.036
0 0.718 0.192 0.036 0.056
0 0.123 0.402 0.046 0.048
0 0.175 0.371 0.042 0.038
0 0.255 0.371 0.038 0.034
0 0.212 0.438 0.036 0.036
0 0.253 0.419 0.034 0.034
0 0.262 0.437 0.036 0.03
0 0.255 0.567 0.042 0.046
0 0.25 0.721 0.036 0.05
0 0.283 0.716 0.058 0.092
0 0.306 0.789 0.04 0.034
0 0.339 0.865 0.03 0.034
0 0.349 0.97 0.022 0.028
0 0.369 0.976 0.026 0.04
0 0.379 0.922 0.034 0.044
0 0.447 0.956 0.05 0.052
0 0.246 0.502 0.02 0.028
0 0.329 0.604 0.046 0.044
0 0.321 0.506 0.05 0.048
0 0.314 0.453 0.02 0.022
0 0.379 0.477 0.042 0.034
0 0.388 0.455 0.036 0.042
0 0.424 0.455 0.04 0.03
0 0.371 0.557 0.054 0.07
0 0.253 0.66 0.046 0.02
0 0.378 0.734 0.036 0.052
0 0.519 0.927 0.026 0.038
0 0.631 0.981 0.034 0.034
0 0.707 0.991 0.038 0.014
0 0.738 0.967 0.056 0.034
0 0.788 0.995 0.036 0.006
0 0.77 0.962 0.032 0.036
0 0.862 0.972 0.044 0.04
0 0.954 0.992 0.044 0.012
0 0.931 0.913 0.046 0.038
0 0.981 0.892 0.034 0.048
0 0.822 0.865 0.024 0.03
0 0.9 0.818 0.036 0.032
0 0.947 0.82 0.034 0.044
0 0.614 0.872 0.052 0.06
0 0.682 0.861 0.044 0.05
0 0.717 0.897 0.026 0.018
0 0.548 0.76 0.048 0.052
0 0.518 0.784 0.02 0.032
0 0.471 0.372 0.03 0.036
0 0.504 0.405 0.04 0.05
0 0.558 0.365 0.02 0.03
0 0.575 0.395 0.042 0.046
0 0.646 0.412 0.052 0.048
0 0.718 0.307 0.02 0.014
0 0.723 0.294 0.026 0.024
0 0.785 0.3 0.046 0.044
0 0.843 0.31 0.026 0.036
0 0.876 0.321 0.036 0.038
0 0.968 0.374 0.036 0.052
0 0.924 0.395 0.028 0.066
0 0.903 0.399 0.022 0.026
0 0.982 0.46 0.032 0.06
0 0.96 0.45 0.02 0.032
0 0.984 0.516 0.028 0.04
0 0.782 0.371 0.036 0.05
0 0.842 0.433 0.036 0.046
0 0.819 0.457 0.038 0.038
0 0.862 0.536 0.036 0.048
0 0.816 0.56 0.052 0.056
0 0.658 0.464 0.044 0.024
0 0.692 0.481 0.036 0.03
0 0.738 0.56 0.032 0.048
0 0.706 0.53 0.024 0.052
0 0.667 0.539 0.034 0.066
0 0.496 0.518 0.036 0.052
0 0.459 0.512 0.042 0.036
0 0.424 0.673 0.032 0.038
0 0.47 0.693 0.032 0.03
0 0.45 0.649 0.032 0.018
0 0.503 0.611 0.038 0.042
0 0.531 0.664 0.022 0.016
0 0.576 0.67 0.032 0.032
0 0.662 0.655 0.036 0.042
0 0.614 0.668 0.024 0.032
0 0.836 0.626 0.032 0.04
0 0.79 0.636 0.04 0.036
0 0.791 0.678 0.03 0.028
0 0.813 0.714 0.03 0.028
0 0.884 0.732 0.032 0.032
0 0.99 0.682 0.016 0.036
0 0.974 0.702 0.032 0.036
0 0.625 0.713 0.034 0.018
1 0.084 0.966 0.02 0.036
1 0.158 0.93 0.024 0.024
1 0.071 0.888 0.014 0.02
1 0.012 0.728 0.016 0.036
1 0.202 0.858 0.028 0.016
1 0.139 0.851 0.01 0.022
1 0.103 0.826 0.022 0.016
1 0.04 0.575 0.02 0.022
1 0.066 0.593 0.032 0.018
1 0.002 0.23 0.004 0.012
1 0.105 0.017 0.03 0.014
1 0.422 0.023 0.02 0.03
1 0.644 0.024 0.024 0.024
1 0.457 0.146 0.01 0.04
1 0.438 0.283 0.016 0.022
1 0.424 0.271 0.016 0.014
1 0.525 0.311 0.03 0.018
1 0.894 0.007 0.032 0.01
1 0.955 0.113 0.018 0.018
1 0.746 0.162 0.024 0.024
1 0.686 0.205 0.028 0.03
1 0.671 0.181 0.01 0.014
1 0.742 0.233 0.02 0.022
1 0.401 0.973 0.034 0.014
1 0.45 0.916 0.016 0.02
1 0.289 0.942 0.014 0.008
1 0.773 0.94 0.018 0.012
1 0.798 0.86 0.02 0.02
1 0.892 0.843 0.016 0.018
1 0.554 0.872 0.028 0.028
1 0.671 0.807 0.026 0.026
1 0.647 0.786 0.022 0.036
1 0.494 0.782 0.016 0.016
1 0.506 0.781 0.008 0.022
1 0.646 0.393 0.032 0.018
1 0.714 0.426 0.032 0.036
1 0.858 0.299 0.016 0.022
1 0.867 0.397 0.03 0.018
1 0.896 0.359 0.012 0.022
1 0.886 0.38 0.012 0.02
1 0.842 0.49 0.016 0.024
1 0.657 0.44 0.014 0.024
1 0.76 0.513 0.02 0.026
1 0.74 0.518 0.012 0.024
1 0.575 0.469 0.022 0.018
1 0.53 0.486 0.036 0.032
1 0.537 0.599 0.018 0.03
1 0.444 0.17 0.016 0.016
1 0.751 0.671 0.022 0.018
1 0.822 0.664 0.024 0.02
1 0.862 0.675 0.044 0.038
1 0.612 0.326 0.02 0.02
1 0.426 0.706 0.008 0.028
2 0.088 0.798 0.032 0.032
2 0.113 0.961 0.046 0.03
2 0.017 0.615 0.034 0.03
2 0.102 0.677 0.028 0.022
2 0.067 0.642 0.022 0.032
2 0.055 0.623 0.018 0.022
2 0.089 0.56 0.034 0.028
2 0.068 0.531 0.024 0.034
2 0.052 0.271 0.028 0.01
2 0.07 0.265 0.032 0.03
2 0.253 0.025 0.038 0.026
2 0.217 0.058 0.022 0.012
2 0.007 0.097 0.014 0.026
2 0.179 0.721 0.026 0.038
2 0.171 0.624 0.026 0.024
2 0.518 0.071 0.02 0.018
2 0.474 0.293 0.024 0.022
2 0.614 0.24 0.032 0.024
2 0.276 0.471 0.024 0.018
2 0.317 0.668 0.022 0.024
2 0.394 0.82 0.028 0.028
2 0.955 0.936 0.022 0.032
2 0.995 0.918 0.006 0.04
2 0.49 0.749 0.036 0.042
2 0.322 0.348 0.032 0.02
2 0.69 0.363 0.02 0.042
2 0.949 0.426 0.018 0.02
2 0.553 0.582 0.018 0.02
2 0.925 0.665 0.026 0.022
2 0.854 0.773 0.02 0.034
2 0.739 0.784 0.026 0.032
2 0.252 0.859 0.024 0.03
2 0.842 0.951 0.016 0.018
2 0.833 0.142 0.042 0.024
2 0.927 0.312 0.022 0.016
2 0.394 0.605 0.012 0.03
2 0.449 0.458 0.022 0.012
2 0.655 0.118 0.01 0.012
2 0.622 0.004 0.04 0.004
2 0.117 0.065 0.018 0.018
2 0.07 0.059 0.02 0.018
2 0.437 0.048 0.018 0.02