0 0.037 0.006 0.05 0.012
0 0.108 0.018 0.04 0.036
0 0.01 0.097 0.02 0.038
0 0.044 0.056 0.04 0.028
0 0.045 0.111 0.034 0.05
0 0.078 0.123 0.036 0.042
0 0.086 0.164 0.024 0.016
0 0.085 0.181 0.038 0.022
0 0.082 0.204 0.036 0.028
0 0.115 0.205 0.03 0.054
0 0.167 0.018 0.038 0.036
0 0.226 0.017 0.036 0.034
0 0.297 0.034 0.038 0.036
0 0.151 0.098 0.026 0.02
0 0.011 0.279 0.022 0.042
0 0.02 0.314 0.028 0.048
0 0.142 0.233 0.028 0.022
0 0.399 0.015 0.038 0.026
0 0.418 0.003 0.016 0.006
0 0.473 0.013 0.042 0.026
0 0.538 0.007 0.04 0.014
0 0.581 0.018 0.038 0.036
0 0.513 0.04 0.046 0.036
0 0.009 0.457 0.018 0.046
0 0.042 0.522 0.032 0.032
0 0.043 0.552 0.03 0.04
0 0.097 0.333 0.014 0.018
0 0.083 0.355 0.03 0.03
0 0.079 0.403 0.038 0.03
0 0.074 0.431 0.044 0.042
0 0.085 0.452 0.042 0.048
0 0.139 0.413 0.034 0.046
0 0.063 0.575 0.03 0.03
0 0.087 0.589 0.03 0.038
0 0.085 0.61 0.022 0.02
0 0.101 0.566 0.026 0.028
0 0.101 0.546 0.03 0.024
0 0.105 0.534 0.018 0.02
0 0.107 0.52 0.014 0.028
0 0.119 0.523 0.01 0.03
0 0.129 0.478 0.018 0.024
0 0.116 0.499 0.016 0.018
0 0.131 0.507 0.01 0.014
0 0.007 0.684 0.014 0.024
0 0.129 0.645 0.034 0.058
0 0.118 0.683 0.04 0.042
0 0.069 0.72 0.046 0.076
0 0.039 0.779 0.03 0.054
0 0.012 0.796 0.024 0.056
0 0.01 0.834 0.02 0.024
0 0.08 0.817 0.04 0.058
0 0.037 0.925 0.026 0.03
0 0.048 0.969 0.032 0.058
0 0.114 0.856 0.036 0.068
0 0.096 0.903 0.032 0.062
0 0.125 0.937 0.022 0.046
0 0.133 0.925 0.022 0.026
0 0.151 0.911 0.03 0.05
0 0.161 0.953 0.038 0.042
0 0.34 0.983 0.036 0.03
0 0.36 0.989 0.032 0.018
0 0.404 0.98 0.036 0.036
0 0.287 0.932 0.034 0.04
0 0.244 0.874 0.012 0.032
0 0.31 0.879 0.032 0.026
0 0.428 0.853 0.028 0.038
0 0.446 0.802 0.048 0.052
0 0.455 0.951 0.03 0.054
0 0.49 0.93 0.032 0.044
0 0.488 0.881 0.036 0.046
0 0.559 0.898 0.022 0.024
0 0.599 0.897 0.038 0.042
0 0.55 0.986 0.04 0.024
0 0.53 0.968 0.028 0.024
0 0.615 0.98 0.042 0.036
0 0.643 0.942 0.03 0.048
0 0.667 0.842 0.034 0.04
0 0.665 0.878 0.018 0.016
0 0.723 0.875 0.038 0.054
0 0.74 0.955 0.032 0.058
0 0.827 0.899 0.042 0.062
0 0.879 0.919 0.034 0.046
0 0.886 0.88 0.028 0.044
0 0.98 0.892 0.036 0.048
0 0.944 0.991 0.036 0.014
0 0.948 0.775 0.036 0.05
0 0.883 0.789 0.034 0.042
0 0.845 0.825 0.05 0.042
0 0.687 0.773 0.026 0.038
0 0.674 0.789 0.024 0.026
0 0.758 0.766 0.04 0.056
0 0.882 0.719 0.04 0.054
0 0.919 0.687 0.034 0.022
0 0.92 0.658 0.032 0.028
0 0.991 0.648 0.014 0.036
0 0.689 0.024 0.034 0.04
0 0.747 0.011 0.03 0.022
0 0.768 0.01 0.02 0.02
0 0.672 0.065 0.032 0.034
0 0.566 0.079 0.036 0.042
0 0.518 0.1 0.024 0.028
0 0.394 0.047 0.04 0.038
0 0.386 0.071 0.036 0.03
0 0.335 0.087 0.034 0.038
0 0.301 0.102 0.042 0.052
0 0.287 0.158 0.026 0.02
0 0.284 0.202 0.04 0.052
0 0.985 0.525 0.026 0.066
0 0.905 0.567 0.038 0.058
0 0.805 0.592 0.046 0.036
0 0.797 0.613 0.034 0.026
0 0.838 0.603 0.036 0.058
0 0.854 0.632 0.036 0.06
0 0.733 0.702 0.03 0.048
0 0.67 0.675 0.036 0.058
0 0.627 0.719 0.038 0.058
0 0.206 0.776 0.036 0.044
0 0.21 0.745 0.024 0.03
0 0.264 0.765 0.048 0.054
0 0.197 0.678 0.042 0.056
0 0.266 0.694 0.044 0.064
0 0.317 0.715 0.03 0.054
0 0.345 0.686 0.03 0.048
0 0.354 0.654 0.028 0.024
0 0.358 0.614 0.04 0.052
0 0.278 0.59 0.032 0.052
0 0.299 0.586 0.014 0.032
0 0.382 0.764 0.036 0.056
0 0.426 0.724 0.032 0.048
0 0.362 0.729 0.036 0.046
0 0.378 0.707 0.04 0.046
0 0.482 0.723 0.028 0.03
0 0.568 0.698 0.028 0.044
0 0.548 0.675 0.04 0.062
0 0.587 0.634 0.038 0.052
0 0.632 0.608 0.044 0.052
0 0.629 0.668 0.042 0.028
0 0.673 0.577 0.034 0.054
0 0.676 0.613 0.016 0.022
0 0.198 0.565 0.04 0.078
0 0.18 0.525 0.016 0.038
0 0.196 0.515 0.02 0.042
0 0.205 0.494 0.026 0.028
0 0.267 0.531 0.034 0.062
0 0.262 0.483 0.024 0.042
0 0.281 0.459 0.03 0.062
0 0.174 0.303 0.032 0.042
0 0.208 0.287 0.036 0.034
0 0.261 0.266 0.038 0.044
0 0.355 0.281 0.038 0.042
0 0.369 0.202 0.038 0.048
0 0.384 0.15 0.04 0.044
0 0.451 0.18 0.026 0.036
0 0.465 0.154 0.05 0.056
0 0.455 0.214 0.042 0.044
0 0.479 0.252 0.034 0.044
0 0.551 0.203 0.05 0.062
0 0.591 0.15 0.042 0.044
0 0.591 0.176 0.046 0.028
0 0.61 0.138 0.016 0.028
0 0.63 0.145 0.024 0.034
0 0.696 0.148 0.048 0.036
0 0.675 0.162 0.03 0.024
0 0.739 0.102 0.034 0.044
0 0.764 0.054 0.04 0.04
0 0.786 0.038 0.044 0.028
0 0.791 0.014 0.018 0.02
0 0.961 0.095 0.018 0.018
0 0.923 0.097 0.022 0.018
0 0.897 0.1 0.03 0.028
0 0.292 0.366 0.04 0.044
0 0.331 0.362 0.03 0.044
0 0.324 0.418 0.044 0.044
0 0.329 0.445 0.038 0.05
0 0.369 0.449 0.03 0.034
0 0.361 0.47 0.034 0.028
0 0.361 0.491 0.026 0.026
0 0.393 0.552 0.038 0.052
0 0.428 0.413 0.044 0.062
0 0.394 0.308 0.032 0.028
0 0.481 0.333 0.038 0.046
0 0.522 0.353 0.036 0.038
0 0.456 0.604 0.056 0.056
0 0.446 0.567 0.036 0.046
0 0.47 0.462 0.036 0.044
0 0.512 0.449 0.032 0.046
0 0.54 0.464 0.048 0.064
0 0.544 0.586 0.036 0.072
0 0.569 0.502 0.046 0.052
0 0.609 0.473 0.042 0.074
0 0.636 0.434 0.032 0.044
0 0.647 0.376 0.042 0.056
0 0.654 0.325 0.036 0.062
0 0.687 0.332 0.03 0.044
0 0.608 0.323 0.036 0.058
0 0.622 0.256 0.04 0.052
0 0.688 0.272 0.04 0.04
0 0.713 0.207 0.042 0.05
0 0.692 0.46 0.044 0.048
0 0.727 0.458 0.026 0.028
0 0.616 0.546 0.036 0.036
0 0.749 0.53 0.038 0.032
0 0.766 0.453 0.064 0.058
0 0.981 0.376 0.034 0.056
0 0.922 0.389 0.04 0.034
0 0.908 0.403 0.028 0.026
0 0.858 0.394 0.04 0.056
0 0.802 0.378 0.036 0.04
0 0.99 0.308 0.016 0.048
0 0.851 0.284 0.042 0.04
0 0.745 0.298 0.05 0.052
0 0.717 0.329 0.026 0.03
0 0.775 0.316 0.014 0.016
0 0.884 0.252 0.048 0.04
0 0.855 0.226 0.03 0.032
0 0.917 0.241 0.034 0.054
0 0.91 0.196 0.04 0.036
0 0.895 0.16 0.038 0.044
0 0.841 0.17 0.022 0.032
0 0.782 0.171 0.048 0.05
0 0.804 0.194 0.044 0.056
0 0.796 0.114 0.028 0.024
0 0.827 0.148 0.046 0.02
0 0.829 0.123 0.038 0.038
0 0.357 0.398 0.038 0.048
1 0.027 0.022 0.03 0.016
1 0.067 0.069 0.01 0.01
1 0.136 0.106 0.016 0.012
1 0.146 0.12 0.02 0.016
1 0.033 0.293 0.01 0.018
1 0.117 0.299 0.01 0.026
1 0.169 0.245 0.022 0.014
1 0.194 0.201 0.02 0.014
1 0.201 0.209 0.01 0.006
1 0.348 0.015 0.024 0.018
1 0.126 0.361 0.016 0.026
1 0.081 0.377 0.03 0.018
1 0.128 0.497 0.008 0.014
1 0.076 0.656 0.024 0.016
1 0.003 0.702 0.006 0.02
1 0.16 0.658 0.02 0.024
1 0.034 0.815 0.024 0.018
1 0.025 0.909 0.014 0.026
1 0.046 0.906 0.012 0.016
1 0.042 0.884 0.016 0.02
1 0.075 0.945 0.018 0.034
1 0.096 0.948 0.016 0.024
1 0.159 0.875 0.006 0.006
1 0.197 0.962 0.014 0.012
1 0.2 0.977 0.012 0.014
1 0.27 0.96 0.012 0.024
1 0.286 0.961 0.012 0.018
1 0.222 0.878 0.02 0.036
1 0.259 0.875 0.018 0.018
1 0.257 0.857 0.01 0.022
1 0.321 0.855 0.018 0.026
1 0.285 0.862 0.006 0.008
1 0.441 0.925 0.022 0.026
1 0.542 0.883 0.016 0.014
1 0.57 0.881 0.02 0.022
1 0.604 0.856 0.024 0.016
1 0.538 0.82 0.024 0.032
1 0.665 0.864 0.026 0.02
1 0.777 0.927 0.022 0.022
1 0.793 0.961 0.014 0.01
1 0.701 0.994 0.022 0.008
1 0.827 0.99 0.01 0.016
1 0.869 0.861 0.018 0.022
1 0.986 0.801 0.024 0.026
1 0.713 0.832 0.018 0.016
1 0.825 0.691 0.022 0.018
1 0.98 0.606 0.012 0.016
1 0.969 0.608 0.018 0.016
1 0.588 0.061 0.016 0.018
1 0.415 0.065 0.022 0.018
1 0.265 0.132 0.022 0.016
1 0.292 0.14 0.02 0.016
1 0.811 0.642 0.03 0.028
1 0.754 0.69 0.012 0.028
1 0.697 0.655 0.018 0.03
1 0.205 0.803 0.022 0.022
1 0.336 0.677 0.02 0.026
1 0.373 0.649 0.01 0.014
1 0.397 0.666 0.03 0.02
1 0.519 0.756 0.018 0.024
1 0.541 0.761 0.014 0.01
1 0.707 0.592 0.018 0.04
1 0.7 0.608 0.016 0.024
1 0.175 0.501 0.018 0.022
1 0.166 0.521 0.008 0.014
1 0.316 0.234 0.028 0.036
1 0.84 0.067 0.016 0.026
1 0.28 0.397 0.02 0.014
1 0.456 0.434 0.024 0.028
1 0.396 0.33 0.028 0.016
1 0.561 0.431 0.022 0.01
1 0.5 0.581 0.024 0.03
1 0.483 0.661 0.022 0.014
1 0.575 0.385 0.014 0.03
1 0.743 0.252 0.022 0.036
1 0.778 0.263 0.024 0.022
1 0.866 0.508 0.036 0.024
1 0.758 0.361 0.02 0.026
1 0.752 0.38 0.024 0.012
1 0.866 0.332 0.02 0.016
1 0.704 0.382 0.028 0.028
1 0.828 0.244 0.016 0.04
1 0.884 0.048 0.032 0.016
1 0.552 0.299 0.012 0.014
1 0.546 0.326 0.016 0.016
1 0.35 0.83 0.024 0.024
1 0.903 0.125 0.03 0.018
1 0.557 0.728 0.018 0.012
1 0.485 0.995 0.018 0.006
2 0.021 0.167 0.026 0.022
2 0.002 0.612 0.004 0.02
2 0.007 0.859 0.014 0.026
2 0.296 0.855 0.012 0.018
2 0.698 0.915 0.028 0.046
2 0.914 0.924 0.032 0.076
2 0.881 0.823 0.018 0.03
2 0.971 0.639 0.018 0.03
2 0.782 0.649 0.024 0.022
2 0.987 0.753 0.022 0.022
2 0.222 0.343 0.044 0.058
2 0.416 0.483 0.036 0.062
2 0.487 0.355 0.03 0.034
2 0.698 0.247 0.016 0.018
2 0.855 0.559 0.034 0.026
2 0.909 0.455 0.038 0.03
2 0.971 0.278 0.034 0.02
2 0.7 0.299 0.02 0.018
2 0.965 0.161 0.018 0.022
2 0.6 0.09 0.02 0.024
2 0.873 0.01 0.014 0.02
2 0.986 0.152 0.024 0.02
2 0.265 0.894 0.01 0.016
2 0.253 0.817 0.018 0.018
2 0.463 0.692 0.022 0.028
2 0.814 0.09 0.016 0.024
2 0.82 0.111 0.016 0.022
2 0.708 0.531 0.012 0.026
2 0.313 0.326 0.022 0.016