0 0.971 0.942 0.03 0.048
0 0.933 0.972 0.034 0.052
0 0.834 0.958 0.032 0.06
0 0.818 0.936 0.016 0.028
0 0.807 0.922 0.05 0.052
0 0.792 0.914 0.02 0.032
0 0.986 0.857 0.024 0.042
0 0.991 0.668 0.014 0.048
0 0.96 0.729 0.028 0.05
0 0.933 0.679 0.026 0.054
0 0.909 0.678 0.03 0.048
0 0.839 0.731 0.038 0.034
0 0.845 0.684 0.034 0.04
0 0.937 0.606 0.034 0.012
0 0.943 0.551 0.034 0.042
0 0.958 0.506 0.04 0.028
0 0.97 0.482 0.036 0.044
0 0.99 0.316 0.016 0.06
0 0.911 0.095 0.046 0.046
0 0.919 0.042 0.034 0.048
0 0.825 0.017 0.038 0.03
0 0.843 0.067 0.038 0.042
0 0.759 0.126 0.038 0.052
0 0.835 0.159 0.018 0.022
0 0.845 0.195 0.022 0.014
0 0.844 0.177 0.024 0.03
0 0.924 0.182 0.032 0.052
0 0.808 0.225 0.036 0.058
0 0.931 0.33 0.038 0.052
0 0.915 0.375 0.03 0.034
0 0.87 0.35 0.036 0.048
0 0.738 0.903 0.032 0.03
0 0.635 0.991 0.03 0.014
0 0.767 0.83 0.03 0.056
0 0.624 0.923 0.032 0.038
0 0.691 0.835 0.03 0.062
0 0.716 0.782 0.044 0.036
0 0.727 0.753 0.03 0.034
0 0.895 0.567 0.022 0.03
0 0.544 0.992 0.024 0.012
0 0.498 0.983 0.032 0.03
0 0.574 0.869 0.028 0.038
0 0.631 0.817 0.034 0.054
0 0.641 0.776 0.026 0.032
0 0.644 0.755 0.024 0.018
0 0.473 0.952 0.022 0.028
0 0.487 0.888 0.034 0.044
0 0.526 0.798 0.036 0.056
0 0.496 0.782 0.032 0.044
0 0.453 0.781 0.018 0.042
0 0.514 0.718 0.036 0.036
0 0.552 0.679 0.02 0.042
0 0.581 0.698 0.034 0.04
0 0.683 0.663 0.038 0.058
0 0.638 0.671 0.032 0.046
0 0.616 0.635 0.04 0.05
0 0.836 0.477 0.028 0.046
0 0.805 0.45 0.034 0.068
0 0.713 0.412 0.03 0.048
0 0.714 0.33 0.032 0.052
0 0.696 0.22 0.044 0.064
0 0.659 0.157 0.034 0.046
0 0.613 0.078 0.034 0.044
0 0.627 0.063 0.022 0.026
0 0.539 0.087 0.042 0.062
0 0.457 0.039 0.026 0.05
0 0.425 0.034 0.03 0.06
0 0.399 0.026 0.038 0.048
0 0.297 0.06 0.034 0.06
0 0.286 0.097 0.04 0.038
0 0.235 0.032 0.03 0.056
0 0.192 0.033 0.048 0.062
0 0.159 0.008 0.034 0.012
0 0.049 0.004 0.01 0.004
0 0.017 0.07 0.026 0.06
0 0.005 0.135 0.006 0.038
0 0.109 0.137 0.014 0.034
0 0.14 0.176 0.036 0.048
0 0.218 0.229 0.024 0.026
0 0.227 0.193 0.03 0.046
0 0.389 0.219 0.046 0.042
0 0.566 0.146 0.024 0.028
0 0.548 0.146 0.028 0.024
0 0.616 0.168 0.028 0.052
0 0.606 0.216 0.032 0.056
0 0.536 0.219 0.044 0.062
0 0.634 0.295 0.036 0.074
0 0.635 0.346 0.03 0.028
0 0.625 0.387 0.046 0.046
0 0.601 0.429 0.046 0.062
0 0.564 0.414 0.032 0.048
0 0.621 0.553 0.034 0.042
0 0.593 0.514 0.038 0.056
0 0.502 0.329 0.044 0.074
0 0.458 0.298 0.02 0.056
0 0.323 0.299 0.042 0.082
0 0.03 0.205 0.016 0.018
0 0.028 0.189 0.036 0.038
0 0.051 0.237 0.038 0.074
0 0.016 0.291 0.028 0.082
0 0.102 0.32 0.04 0.068
0 0.192 0.31 0.04 0.08
0 0.121 0.385 0.038 0.046
0 0.065 0.417 0.034 0.038
0 0.203 0.399 0.03 0.042
0 0.29 0.467 0.04 0.066
0 0.372 0.472 0.04 0.084
0 0.386 0.515 0.044 0.046
0 0.051 0.49 0.042 0.036
0 0.046 0.53 0.032 0.052
0 0.128 0.521 0.028 0.054
0 0.506 0.531 0.028 0.05
0 0.468 0.55 0.028 0.048
0 0.545 0.61 0.042 0.052
0 0.505 0.622 0.022 0.016
0 0.5 0.653 0.04 0.054
0 0.436 0.66 0.028 0.052
0 0.384 0.659 0.028 0.054
0 0.366 0.67 0.024 0.04
0 0.344 0.675 0.02 0.03
0 0.347 0.587 0.038 0.038
0 0.284 0.669 0.04 0.07
0 0.244 0.649 0.036 0.058
0 0.206 0.65 0.028 0.052
0 0.163 0.617 0.046 0.042
0 0.068 0.654 0.02 0.036
0 0.032 0.682 0.028 0.056
0 0.047 0.724 0.03 0.044
0 0.1 0.76 0.028 0.044
0 0.215 0.748 0.03 0.036
0 0.265 0.807 0.026 0.042
0 0.225 0.845 0.034 0.054
0 0.143 0.81 0.026 0.048
0 0.026 0.8 0.032 0.036
0 0.077 0.841 0.026 0.05
0 0.025 0.863 0.026 0.026
0 0.065 0.893 0.026 0.038
0 0.026 0.913 0.028 0.038
0 0.019 0.966 0.03 0.044
0 0.036 0.987 0.024 0.022
0 0.189 0.898 0.03 0.04
0 0.231 0.91 0.03 0.036
0 0.242 0.946 0.024 0.036
0 0.225 0.958 0.014 0.036
0 0.259 0.986 0.038 0.024
0 0.321 0.922 0.034 0.028
0 0.37 0.888 0.048 0.056
1 0.967 0.824 0.018 0.024
1 0.92 0.71 0.012 0.012
1 0.873 0.749 0.026 0.022
1 0.874 0.762 0.024 0.012
1 0.962 0.606 0.024 0.024
1 0.997 0.446 0.002 0.024
1 0.993 0.228 0.01 0.012
1 0.996 0.203 0.004 0.03
1 0.988 0.162 0.02 0.024
1 0.996 0.136 0.004 0.024
1 0.997 0.051 0.002 0.026
1 0.957 0.063 0.014 0.022
1 0.702 0.047 0.02 0.03
1 0.854 0.85 0.024 0.02
1 0.824 0.885 0.024 0.01
1 0.764 0.67 0.02 0.028
1 0.802 0.618 0.02 0.02
1 0.819 0.607 0.018 0.022
1 0.567 0.913 0.018 0.018
1 0.643 0.861 0.022 0.018
1 0.486 0.94 0.016 0.032
1 0.419 0.783 0.022 0.046
1 0.426 0.749 0.024 0.022
1 0.7 0.616 0.012 0.016
1 0.736 0.583 0.028 0.018
1 0.84 0.52 0.016 0.028
1 0.747 0.447 0.014 0.038
1 0.744 0.3 0.016 0.04
1 0.758 0.346 0.02 0.028
1 0.455 0.079 0.026 0.022
1 0.015 0.006 0.01 0.008
1 0.039 0.123 0.026 0.018
1 0.199 0.136 0.03 0.032
1 0.306 0.149 0.024 0.014
1 0.403 0.128 0.022 0.024
1 0.564 0.219 0.008 0.018
1 0.663 0.398 0.014 0.024
1 0.643 0.488 0.034 0.032
1 0.518 0.488 0.024 0.024
1 0.463 0.423 0.014 0.034
1 0.387 0.291 0.03 0.05
1 0.358 0.285 0.02 0.026
1 0.225 0.266 0.018 0.02
1 0.037 0.446 0.018 0.02
1 0.182 0.411 0.016 0.022
1 0.267 0.409 0.018 0.018
1 0.22 0.605 0.016 0.022
1 0.189 0.66 0.006 0.016
1 0.181 0.645 0.01 0.014
1 0.114 0.694 0.016 0.024
1 0.08 0.807 0.02 0.018
1 0.024 0.887 0.012 0.018
1 0.108 0.986 0.012 0.02
1 0.18 0.957 0.028 0.022
1 0.318 0.945 0.032 0.022
1 0.38 0.939 0.016 0.022
1 0.398 0.843 0.012 0.038
2 0.889 0.948 0.026 0.064
2 0.993 0.383 0.01 0.026
2 0.981 0.063 0.018 0.014
2 0.966 0.085 0.02 0.018
2 0.973 0.114 0.018 0.024
2 0.907 0.013 0.022 0.022
2 0.965 0.21 0.022 0.024
2 0.802 0.819 0.02 0.03
2 0.779 0.73 0.018 0.036
2 0.824 0.623 0.016 0.038
2 0.455 0.967 0.022 0.03
2 0.649 0.703 0.03 0.034
2 0.713 0.626 0.01 0.012
2 0.774 0.554 0.02 0.02
2 0.777 0.568 0.018 0.012
2 0.885 0.528 0.014 0.024
2 0.869 0.47 0.018 0.028
2 0.93 0.472 0.008 0.016
2 0.8 0.349 0.032 0.03
2 0.659 0.084 0.018 0.032
2 0.168 0.144 0.02 0.02
2 0.186 0.157 0.012 0.018
2 0.709 0.552 0.022 0.016
2 0.495 0.245 0.01 0.018
2 0.513 0.27 0.022 0.016
2 0.364 0.372 0.04 0.052
2 0.284 0.408 0.02 0.032
2 0.435 0.458 0.022 0.032
2 0.226 0.665 0.02 0.034
2 0.08 0.65 0.016 0.052
2 0.09 0.658 0.012 0.012
2 0.123 0.679 0.022 0.026
2 0.16 0.728 0.012 0.016
2 0.037 0.878 0.018 0.02
2 0.052 0.938 0.02 0.024
2 0.319 0.881 0.022 0.042
2 0.77 0.995 0.036 0.006
2 0.906 0.992 0.016 0.012
2 0.246 0.527 0.008 0.014
2 0.264 0.528 0.012 0.012