0 0.164 0.773 0.036 0.082
0 0.024 0.897 0.044 0.066
0 0.074 0.851 0.032 0.05
0 0.186 0.952 0.052 0.092
0 0.264 0.925 0.032 0.038
0 0.108 0.799 0.044 0.086
0 0.063 0.77 0.058 0.08
0 0.178 0.844 0.036 0.048
0 0.207 0.807 0.05 0.094
0 0.101 0.681 0.038 0.05
0 0.078 0.685 0.04 0.058
0 0.046 0.669 0.036 0.05
0 0.015 0.661 0.03 0.05
0 0.016 0.612 0.032 0.052
0 0.094 0.573 0.04 0.078
0 0.234 0.554 0.036 0.072
0 0.2 0.651 0.04 0.046
0 0.272 0.677 0.048 0.05
0 0.284 0.702 0.044 0.036
0 0.339 0.675 0.058 0.078
0 0.398 0.646 0.04 0.076
0 0.301 0.611 0.046 0.074
0 0.321 0.9 0.038 0.056
0 0.307 0.856 0.062 0.08
0 0.297 0.818 0.038 0.044
0 0.423 0.709 0.03 0.038
0 0.501 0.722 0.046 0.064
0 0.538 0.738 0.024 0.048
0 0.567 0.707 0.038 0.058
0 0.632 0.704 0.044 0.064
0 0.615 0.657 0.034 0.034
0 0.588 0.595 0.052 0.086
0 0.361 0.963 0.046 0.07
0 0.4 0.967 0.052 0.05
0 0.384 0.913 0.04 0.05
0 0.425 0.893 0.034 0.05
0 0.403 0.836 0.062 0.1
0 0.521 0.978 0.034 0.04
0 0.515 0.92 0.038 0.044
0 0.637 0.956 0.054 0.084
0 0.583 0.92 0.058 0.092
0 0.65 0.894 0.048 0.048
0 0.762 0.895 0.04 0.07
0 0.803 0.928 0.026 0.044
0 0.818 0.886 0.028 0.036
0 0.545 0.851 0.046 0.062
0 0.71 0.744 0.056 0.1
0 0.772 0.705 0.028 0.046
0 0.762 0.655 0.048 0.058
0 0.458 0.599 0.04 0.098
0 0.519 0.546 0.038 0.056
0 0.57 0.499 0.036 0.034
0 0.6 0.42 0.04 0.068
0 0.497 0.481 0.046 0.062
0 0.106 0.423 0.052 0.102
0 0.175 0.414 0.042 0.092
0 0.135 0.471 0.034 0.054
0 0.082 0.51 0.04 0.056
0 0.81 0.77 0.024 0.048
0 0.811 0.705 0.03 0.05
0 0.825 0.724 0.026 0.044
0 0.841 0.736 0.022 0.068
0 0.859 0.666 0.042 0.068
0 0.981 0.678 0.034 0.072
0 0.91 0.926 0.032 0.052
0 0.952 0.84 0.048 0.064
0 0.74 0.568 0.036 0.088
0 0.78 0.5 0.04 0.06
0 0.859 0.497 0.026 0.046
0 0.958 0.53 0.048 0.06
0 0.927 0.518 0.038 0.056
0 0.956 0.428 0.024 0.04
0 0.904 0.396 0.052 0.068
0 0.826 0.419 0.044 0.074
0 0.793 0.399 0.042 0.094
0 0.746 0.365 0.032 0.05
0 0.784 0.345 0.032 0.042
0 0.387 0.405 0.034 0.07
0 0.421 0.401 0.038 0.066
0 0.46 0.371 0.044 0.066
0 0.415 0.463 0.042 0.03
0 0.308 0.417 0.032 0.074
0 0.344 0.439 0.02 0.054
0 0.346 0.281 0.04 0.05
0 0.344 0.23 0.06 0.048
0 0.427 0.201 0.03 0.034
0 0.408 0.156 0.032 0.052
0 0.457 0.132 0.042 0.076
0 0.465 0.066 0.046 0.06
0 0.424 0.063 0.036 0.042
0 0.38 0.06 0.044 0.04
0 0.343 0.124 0.046 0.064
0 0.317 0.089 0.042 0.07
0 0.257 0.413 0.038 0.058
0 0.267 0.383 0.026 0.042
0 0.277 0.351 0.022 0.034
0 0.256 0.358 0.02 0.02
0 0.279 0.308 0.03 0.044
0 0.219 0.27 0.022 0.048
0 0.247 0.256 0.026 0.056
0 0.235 0.222 0.03 0.048
0 0.259 0.228 0.018 0.032
0 0.018 0.328 0.028 0.048
0 0.032 0.252 0.044 0.052
0 0.12 0.215 0.04 0.066
0 0.132 0.241 0.036 0.062
0 0.017 0.189 0.034 0.07
0 0.062 0.171 0.04 0.074
0 0.056 0.072 0.02 0.044
0 0.1 0.031 0.04 0.05
0 0.147 0.111 0.034 0.058
0 0.179 0.105 0.034 0.074
0 0.267 0.134 0.034 0.052
0 0.031 0.409 0.026 0.058
0 0.19 0.054 0.032 0.048
0 0.478 0.281 0.044 0.054
0 0.576 0.258 0.044 0.076
0 0.649 0.273 0.038 0.034
0 0.676 0.241 0.048 0.054
0 0.718 0.28 0.032 0.052
0 0.65 0.315 0.04 0.05
0 0.554 0.101 0.036 0.09
0 0.563 0.173 0.042 0.05
0 0.597 0.039 0.046 0.066
0 0.677 0.097 0.038 0.05
0 0.718 0.119 0.044 0.066
0 0.649 0.145 0.054 0.086
0 0.697 0.197 0.026 0.05
0 0.771 0.207 0.038 0.066
0 0.8 0.243 0.056 0.054
0 0.701 0.057 0.038 0.054
0 0.824 0.024 0.032 0.04
0 0.804 0.175 0.04 0.054
0 0.823 0.142 0.022 0.044
0 0.869 0.128 0.022 0.036
0 0.874 0.261 0.044 0.07
0 0.916 0.265 0.028 0.05
0 0.841 0.305 0.042 0.058
0 0.438 0.428 0.028 0.044
0 0.887 0.175 0.03 0.034
0 0.933 0.093 0.038 0.062
0 0.971 0.115 0.026 0.062
1 0.076 0.899 0.016 0.034
1 0.111 0.93 0.022 0.028
1 0.225 0.909 0.026 0.03
1 0.191 0.732 0.018 0.032
1 0.164 0.558 0.024 0.028
1 0.159 0.532 0.034 0.02
1 0.407 0.676 0.022 0.02
1 0.441 0.66 0.022 0.02
1 0.333 0.928 0.022 0.028
1 0.285 0.789 0.038 0.014
1 0.284 0.776 0.036 0.016
1 0.346 0.781 0.02 0.034
1 0.363 0.758 0.018 0.032
1 0.398 0.73 0.028 0.028
1 0.624 0.608 0.016 0.032
1 0.706 0.88 0.02 0.028
1 0.796 0.855 0.02 0.022
1 0.559 0.805 0.026 0.026
1 0.59 0.816 0.02 0.036
1 0.771 0.744 0.022 0.032
1 0.526 0.63 0.016 0.024
1 0.536 0.646 0.02 0.032
1 0.622 0.471 0.02 0.026
1 0.518 0.443 0.024 0.03
1 0.167 0.485 0.026 0.03
1 0.054 0.494 0.024 0.032
1 0.023 0.507 0.014 0.014
1 0.92 0.63 0.02 0.036
1 0.947 0.592 0.03 0.036
1 0.989 0.617 0.018 0.018
1 0.748 0.514 0.02 0.02
1 0.731 0.465 0.026 0.03
1 0.75 0.448 0.02 0.04
1 0.377 0.104 0.03 0.028
1 0.112 0.346 0.024 0.028
1 0.153 0.303 0.022 0.022
1 0.186 0.323 0.02 0.03
1 0.221 0.328 0.014 0.02
1 0.165 0.217 0.026 0.022
1 0.049 0.105 0.022 0.03
1 0.217 0.113 0.022 0.034
1 0.242 0.154 0.016 0.016
1 0.047 0.382 0.034 0.028
1 0.272 0.039 0.028 0.026
1 0.389 0.303 0.03 0.018
1 0.513 0.32 0.022 0.032
1 0.546 0.317 0.02 0.026
1 0.664 0.372 0.024 0.028
1 0.523 0.169 0.022 0.018
1 0.524 0.191 0.032 0.03
1 0.684 0.184 0.016 0.04
1 0.793 0.045 0.026 0.03
1 0.803 0.276 0.022 0.024
1 0.813 0.289 0.022 0.026
1 0.894 0.137 0.024 0.026
1 0.77 0.135 0.016 0.062
1 0.784 0.142 0.016 0.04
1 0.896 0.334 0.02 0.024
1 0.78 0.081 0.028 0.034
1 0.799 0.1 0.018 0.036
1 0.812 0.113 0.02 0.03
1 0.827 0.106 0.014 0.016
1 0.934 0.038 0.02 0.036
2 0.673 0.804 0.018 0.048
2 0.644 0.8 0.016 0.04
2 0.65 0.829 0.028 0.03
2 0.71 0.959 0.028 0.042
2 0.698 0.849 0.012 0.014
2 0.819 0.8 0.022 0.032
2 0.394 0.545 0.024 0.03
2 0.343 0.501 0.014 0.014
2 0.323 0.366 0.026 0.028
2 0.289 0.108 0.014 0.016
2 0.663 0.418 0.042 0.068
2 0.664 0.482 0.02 0.052
2 0.607 0.102 0.014 0.044
2 0.753 0.294 0.022 0.056
2 0.823 0.08 0.018 0.02
2 0.879 0.099 0.018 0.018
2 0.188 0.543 0.024 0.046