0 0.059 0.005 0.03 0.01
0 0.058 0.045 0.028 0.054
0 0.012 0.061 0.024 0.054
0 0.016 0.095 0.024 0.038
0 0.155 0.008 0.026 0.016
0 0.133 0.057 0.038 0.046
0 0.227 0.015 0.022 0.03
0 0.268 0.018 0.04 0.036
0 0.411 0.02 0.038 0.04
0 0.483 0.01 0.034 0.02
0 0.377 0.067 0.026 0.038
0 0.419 0.065 0.034 0.038
0 0.314 0.057 0.036 0.05
0 0.26 0.094 0.028 0.036
0 0.203 0.082 0.034 0.04
0 0.184 0.107 0.02 0.046
0 0.161 0.12 0.03 0.036
0 0.036 0.162 0.028 0.048
0 0.087 0.182 0.042 0.044
0 0.117 0.175 0.026 0.042
0 0.014 0.25 0.028 0.044
0 0.014 0.345 0.024 0.042
0 0.031 0.38 0.026 0.032
0 0.063 0.362 0.034 0.04
0 0.109 0.392 0.026 0.036
0 0.05 0.429 0.036 0.026
0 0.007 0.484 0.014 0.04
0 0.08 0.444 0.028 0.028
0 0.081 0.473 0.026 0.03
0 0.047 0.516 0.026 0.028
0 0.023 0.596 0.026 0.044
0 0.002 0.613 0.004 0.034
0 0.055 0.587 0.026 0.03
0 0.077 0.603 0.034 0.03
0 0.04 0.641 0.04 0.03
0 0.063 0.674 0.034 0.028
0 0.092 0.648 0.032 0.036
0 0.032 0.741 0.028 0.03
0 0.019 0.71 0.01 0.024
0 0.005 0.703 0.01 0.022
0 0.004 0.727 0.008 0.022
0 0.003 0.755 0.006 0.014
0 0.011 0.786 0.022 0.04
0 0.031 0.883 0.038 0.038
0 0.016 0.953 0.032 0.05
0 0.072 0.953 0.032 0.026
0 0.132 0.975 0.028 0.038
0 0.248 0.976 0.044 0.044
0 0.224 0.909 0.052 0.054
0 0.176 0.881 0.032 0.038
0 0.244 0.848 0.04 0.04
0 0.297 0.845 0.046 0.05
0 0.185 0.817 0.034 0.034
0 0.189 0.769 0.034 0.026
0 0.256 0.783 0.048 0.034
0 0.101 0.783 0.038 0.038
0 0.077 0.794 0.034 0.036
0 0.079 0.828 0.022 0.028
0 0.145 0.718 0.026 0.036
0 0.118 0.725 0.024 0.034
0 0.14 0.669 0.02 0.034
0 0.16 0.657 0.028 0.042
0 0.168 0.68 0.02 0.02
0 0.21 0.693 0.032 0.034
0 0.204 0.657 0.036 0.034
0 0.233 0.659 0.018 0.018
0 0.238 0.681 0.032 0.026
0 0.264 0.655 0.044 0.038
0 0.291 0.64 0.034 0.036
0 0.271 0.613 0.038 0.026
0 0.235 0.561 0.034 0.034
0 0.201 0.569 0.03 0.034
0 0.177 0.598 0.022 0.016
0 0.148 0.531 0.032 0.034
0 0.132 0.485 0.016 0.026
0 0.146 0.489 0.016 0.022
0 0.161 0.448 0.042 0.04
0 0.209 0.461 0.03 0.034
0 0.309 0.456 0.03 0.036
0 0.353 0.462 0.03 0.028
0 0.344 0.436 0.028 0.032
0 0.317 0.397 0.038 0.042
0 0.258 0.381 0.028 0.03
0 0.242 0.383 0.024 0.026
0 0.197 0.378 0.03 0.028
0 0.174 0.36 0.02 0.028
0 0.161 0.34 0.03 0.032
0 0.183 0.309 0.03 0.03
0 0.224 0.309 0.036 0.042
0 0.155 0.285 0.014 0.026
0 0.166 0.267 0.012 0.03
0 0.144 0.207 0.02 0.022
0 0.156 0.166 0.028 0.04
0 0.184 0.181 0.036 0.03
0 0.291 0.166 0.034 0.04
0 0.403 0.943 0.05 0.05
0 0.467 0.937 0.042 0.046
0 0.478 0.995 0.02 0.006
0 0.386 0.865 0.048 0.046
0 0.506 0.862 0.028 0.032
0 0.518 0.873 0.032 0.026
0 0.559 0.923 0.062 0.062
0 0.605 0.891 0.05 0.05
0 0.684 0.918 0.044 0.044
0 0.77 0.969 0.048 0.054
0 0.819 0.984 0.042 0.028
0 0.987 0.946 0.022 0.056
0 0.951 0.9 0.022 0.044
0 0.9 0.956 0.032 0.04
0 0.994 0.817 0.008 0.05
0 0.941 0.788 0.038 0.064
0 0.891 0.782 0.034 0.06
0 0.859 0.767 0.042 0.062
0 0.671 0.834 0.026 0.032
0 0.712 0.805 0.036 0.046
0 0.553 0.827 0.03 0.034
0 0.547 0.792 0.034 0.032
0 0.541 0.755 0.042 0.034
0 0.473 0.722 0.03 0.044
0 0.524 0.693 0.032 0.042
0 0.559 0.653 0.034 0.03
0 0.448 0.678 0.032 0.016
0 0.356 0.755 0.032 0.034
0 0.385 0.748 0.038 0.044
0 0.264 0.703 0.016 0.03
0 0.298 0.702 0.024 0.036
0 0.325 0.664 0.026 0.032
0 0.377 0.62 0.03 0.028
0 0.385 0.639 0.03 0.022
0 0.433 0.623 0.03 0.03
0 0.634 0.768 0.032 0.024
0 0.63 0.75 0.044 0.024
0 0.613 0.725 0.018 0.018
0 0.592 0.73 0.028 0.024
0 0.613 0.688 0.038 0.04
0 0.701 0.717 0.034 0.042
0 0.752 0.711 0.036 0.038
0 0.925 0.644 0.034 0.036
0 0.948 0.724 0.016 0.02
0 0.99 0.678 0.016 0.028
0 0.982 0.649 0.032 0.038
0 0.938 0.569 0.036 0.038
0 0.9 0.569 0.032 0.03
0 0.984 0.486 0.028 0.028
0 0.983 0.448 0.026 0.04
0 0.971 0.506 0.026 0.02
0 0.951 0.506 0.014 0.024
0 0.871 0.541 0.034 0.034
0 0.847 0.518 0.022 0.02
0 0.803 0.547 0.038 0.046
0 0.826 0.591 0.024 0.026
0 0.794 0.591 0.04 0.03
0 0.745 0.652 0.03 0.032
0 0.733 0.617 0.05 0.038
0 0.703 0.595 0.046 0.034
0 0.682 0.643 0.028 0.038
0 0.616 0.636 0.028 0.036
0 0.638 0.594 0.032 0.024
0 0.612 0.564 0.028 0.032
0 0.584 0.59 0.036 0.028
0 0.568 0.568 0.036 0.036
0 0.527 0.616 0.03 0.028
0 0.528 0.588 0.028 0.028
0 0.48 0.619 0.024 0.038
0 0.402 0.583 0.016 0.026
0 0.42 0.571 0.02 0.034
0 0.324 0.57 0.036 0.032
0 0.343 0.568 0.014 0.028
0 0.338 0.533 0.032 0.03
0 0.297 0.529 0.038 0.03
0 0.248 0.513 0.04 0.05
0 0.201 0.232 0.026 0.04
0 0.237 0.243 0.03 0.03
0 0.248 0.219 0.028 0.022
0 0.249 0.286 0.022 0.044
0 0.263 0.281 0.01 0.026
0 0.272 0.297 0.016 0.038
0 0.289 0.276 0.018 0.036
0 0.308 0.267 0.024 0.034
0 0.288 0.36 0.04 0.036
0 0.308 0.324 0.028 0.02
0 0.315 0.361 0.018 0.026
0 0.342 0.352 0.032 0.032
0 0.375 0.311 0.03 0.034
0 0.428 0.286 0.024 0.032
0 0.444 0.267 0.02 0.022
0 0.375 0.231 0.034 0.03
0 0.32 0.228 0.032 0.032
0 0.411 0.514 0.034 0.032
0 0.402 0.494 0.016 0.02
0 0.459 0.517 0.042 0.034
0 0.455 0.484 0.03 0.032
0 0.459 0.455 0.03 0.03
0 0.494 0.502 0.024 0.032
0 0.524 0.5 0.028 0.04
0 0.511 0.466 0.034 0.028
0 0.498 0.406 0.028 0.032
0 0.462 0.414 0.028 0.024
0 0.453 0.39 0.03 0.048
0 0.418 0.387 0.032 0.03
0 0.419 0.412 0.026 0.032
0 0.588 0.527 0.044 0.034
0 0.681 0.527 0.034 0.034
0 0.684 0.498 0.024 0.036
0 0.668 0.475 0.024 0.03
0 0.742 0.563 0.028 0.018
0 0.726 0.556 0.02 0.012
0 0.738 0.52 0.048 0.052
0 0.768 0.523 0.024 0.042
0 0.764 0.487 0.024 0.038
0 0.725 0.472 0.034 0.036
0 0.701 0.436 0.034 0.044
0 0.669 0.428 0.03 0.036
0 0.596 0.414 0.028 0.04
0 0.624 0.375 0.028 0.05
0 0.555 0.365 0.026 0.038
0 0.468 0.305 0.036 0.034
0 0.494 0.326 0.028 0.032
0 0.517 0.283 0.03 0.034
0 0.406 0.166 0.028 0.04
0 0.446 0.139 0.024 0.034
0 0.491 0.157 0.034 0.038
0 0.464 0.154 0.016 0.028
0 0.478 0.192 0.024 0.028
0 0.55 0.269 0.02 0.042
0 0.6 0.25 0.024 0.032
0 0.585 0.236 0.018 0.028
0 0.587 0.175 0.034 0.046
0 0.612 0.167 0.02 0.026
0 0.611 0.202 0.018 0.024
0 0.652 0.175 0.044 0.038
0 0.549 0.134 0.03 0.032
0 0.504 0.102 0.032 0.028
0 0.478 0.083 0.024 0.022
0 0.558 0.089 0.024 0.022
0 0.581 0.099 0.026 0.022
0 0.527 0.049 0.026 0.03
0 0.586 0.033 0.028 0.034
0 0.58 0.061 0.032 0.022
0 0.889 0.474 0.034 0.036
0 0.858 0.479 0.024 0.026
0 0.809 0.447 0.03 0.046
0 0.748 0.403 0.02 0.034
0 0.716 0.393 0.024 0.038
0 0.791 0.409 0.03 0.038
0 0.816 0.407 0.028 0.026
0 0.833 0.396 0.026 0.032
0 0.603 0.325 0.026 0.026
0 0.638 0.322 0.02 0.044
0 0.681 0.233 0.042 0.03
0 0.677 0.276 0.026 0.024
0 0.668 0.3 0.024 0.028
0 0.705 0.296 0.026 0.04
0 0.691 0.333 0.042 0.042
0 0.737 0.329 0.034 0.054
0 0.76 0.272 0.032 0.036
0 0.782 0.295 0.024 0.03
0 0.802 0.317 0.032 0.038
0 0.847 0.449 0.018 0.038
0 0.906 0.421 0.032 0.026
0 0.895 0.4 0.034 0.028
0 0.991 0.355 0.014 0.042
0 0.913 0.34 0.026 0.032
0 0.87 0.356 0.036 0.032
0 0.927 0.294 0.026 0.024
0 0.887 0.286 0.03 0.04
0 0.884 0.251 0.024 0.042
0 0.908 0.25 0.028 0.052
0 0.994 0.277 0.008 0.038
0 0.984 0.248 0.028 0.032
0 0.962 0.237 0.032 0.022
0 0.987 0.201 0.022 0.034
0 0.948 0.213 0.032 0.034
0 0.941 0.183 0.034 0.022
0 0.763 0.232 0.034 0.024
0 0.752 0.186 0.028 0.024
0 0.741 0.168 0.022 0.028
0 0.78 0.17 0.028 0.032
0 0.845 0.157 0.026 0.03
0 0.753 0.135 0.03 0.038
0 0.817 0.121 0.038 0.034
0 0.776 0.095 0.032 0.03
0 0.68 0.068 0.036 0.036
0 0.718 0.054 0.032 0.032
0 0.666 0.012 0.036 0.024
0 0.703 0.019 0.022 0.014
0 0.792 0.007 0.024 0.014
0 0.844 0.018 0.028 0.036
0 0.888 0.008 0.048 0.016
0 0.989 0.019 0.018 0.038
0 0.805 0.048 0.034 0.028
0 0.774 0.042 0.02 0.028
0 0.848 0.064 0.036 0.028
0 0.877 0.168 0.038 0.02
0 0.882 0.146 0.028 0.028
0 0.898 0.123 0.016 0.018
0 0.932 0.125 0.044 0.026
0 0.936 0.099 0.036 0.022
0 0.937 0.08 0.03 0.044
0 0.904 0.073 0.028 0.038
0 0.922 0.04 0.024 0.02
0 0.931 0.052 0.03 0.016
0 0.968 0.053 0.024 0.022
0 0.994 0.098 0.008 0.032
0 0.987 0.157 0.014 0.022
0 0.996 0.152 0.004 0.024
1 0.283 0.111 0.018 0.022
1 0.291 0.119 0.014 0.014
1 0.106 0.114 0.02 0.024
1 0.058 0.182 0.016 0.02
1 0.004 0.212 0.008 0.032
1 0.061 0.699 0.014 0.014
1 0.071 0.693 0.01 0.01
1 0.006 0.853 0.012 0.022
1 0.032 0.833 0.02 0.018
1 0.056 0.961 0.008 0.01
1 0.073 0.97 0.026 0.012
1 0.218 0.832 0.016 0.024
1 0.164 0.798 0.028 0.02
1 0.274 0.586 0.02 0.02
1 0.182 0.462 0.012 0.008
1 0.182 0.473 0.016 0.014
1 0.205 0.49 0.022 0.02
1 0.242 0.445 0.016 0.022
1 0.178 0.386 0.008 0.012
1 0.018 0.286 0.012 0.012
1 0.123 0.229 0.014 0.042
1 0.184 0.199 0.024 0.014
1 0.218 0.187 0.016 0.014
1 0.505 0.919 0.022 0.022
1 0.445 0.859 0.03 0.026
1 0.648 0.91 0.016 0.028
1 0.676 0.982 0.032 0.032
1 0.789 0.987 0.018 0.022
1 0.959 0.976 0.022 0.032
1 0.988 0.908 0.016 0.012
1 0.933 0.881 0.014 0.026
1 0.865 0.736 0.018 0.016
1 0.62 0.837 0.028 0.03
1 0.448 0.708 0.012 0.012
1 0.446 0.72 0.016 0.012
1 0.519 0.675 0.01 0.01
1 0.503 0.655 0.03 0.014
1 0.465 0.667 0.014 0.01
1 0.385 0.701 0.014 0.026
1 0.407 0.752 0.014 0.016
1 0.782 0.686 0.012 0.02
1 0.788 0.686 0.008 0.02
1 0.801 0.702 0.01 0.012
1 0.933 0.664 0.018 0.008
1 0.981 0.69 0.014 0.024
1 0.994 0.627 0.008 0.022
1 0.986 0.596 0.016 0.02
1 0.977 0.574 0.014 0.016
1 0.648 0.606 0.02 0.024
1 0.261 0.337 0.022 0.018
1 0.383 0.367 0.03 0.03
1 0.413 0.341 0.014 0.014
1 0.518 0.443 0.012 0.01
1 0.507 0.44 0.022 0.008
1 0.537 0.419 0.026 0.026
1 0.689 0.56 0.018 0.016
1 0.764 0.461 0.016 0.014
1 0.653 0.403 0.014 0.018
1 0.547 0.383 0.018 0.042
1 0.367 0.13 0.022 0.02
1 0.351 0.168 0.022 0.02
1 0.385 0.199 0.01 0.014
1 0.497 0.215 0.026 0.014
1 0.531 0.246 0.022 0.012
1 0.559 0.247 0.018 0.026
1 0.908 0.456 0.02 0.016
1 0.762 0.414 0.016 0.028
1 0.564 0.324 0.012 0.02
1 0.621 0.284 0.026 0.02
1 0.762 0.312 0.016 0.024
1 0.804 0.261 0.02 0.018
1 0.834 0.287 0.012 0.01
1 0.89 0.223 0.016 0.018
1 0.96 0.271 0.02 0.022
1 0.812 0.17 0.02 0.024
1 0.651 0.111 0.014 0.022
1 0.686 0.093 0.02 0.022
1 0.92 0.138 0.02 0.016
1 0.735 0.09 0.01 0.016
2 0.935 0.514 0.018 0.024
2 0.911 0.467 0.018 0.014
2 0.833 0.304 0.014 0.024
2 0.692 0.122 0.024 0.028
2 0.655 0.032 0.018 0.028