0 0.578 0.056 0.06 0.068
0 0.484 0.05 0.064 0.072
0 0.512 0.057 0.024 0.022
0 0.402 0.036 0.036 0.06
0 0.445 0.294 0.05 0.06
0 0.372 0.24 0.044 0.072
0 0.305 0.215 0.05 0.09
0 0.256 0.199 0.036 0.054
0 0.217 0.152 0.062 0.064
0 0.153 0.115 0.062 0.07
0 0.083 0.069 0.058 0.082
0 0.098 0.108 0.04 0.044
0 0.044 0.011 0.04 0.022
0 0.715 0.269 0.03 0.05
0 0.749 0.307 0.038 0.042
0 0.749 0.245 0.042 0.042
0 0.775 0.241 0.03 0.062
0 0.385 0.678 0.05 0.056
0 0.351 0.71 0.03 0.06
0 0.378 0.73 0.032 0.04
0 0.429 0.729 0.062 0.054
0 0.496 0.693 0.04 0.05
0 0.506 0.646 0.036 0.036
0 0.566 0.602 0.044 0.056
0 0.597 0.599 0.038 0.05
0 0.651 0.578 0.042 0.052
0 0.608 0.535 0.044 0.058
0 0.526 0.547 0.028 0.038
0 0.492 0.547 0.044 0.074
0 0.475 0.486 0.034 0.036
0 0.446 0.473 0.036 0.034
0 0.467 0.367 0.042 0.054
0 0.305 0.047 0.05 0.09
0 0.176 0.25 0.044 0.052
0 0.163 0.291 0.038 0.034
0 0.173 0.332 0.042 0.052
0 0.224 0.363 0.056 0.05
0 0.133 0.425 0.046 0.058
0 0.093 0.473 0.038 0.034
0 0.585 0.703 0.046 0.038
0 0.538 0.743 0.032 0.026
0 0.572 0.662 0.044 0.032
0 0.603 0.833 0.066 0.05
0 0.535 0.805 0.034 0.046
0 0.511 0.834 0.03 0.032
0 0.571 0.413 0.046 0.034
0 0.565 0.461 0.034 0.038
0 0.433 0.58 0.034 0.056
0 0.375 0.63 0.038 0.044
0 0.326 0.565 0.044 0.054
0 0.307 0.533 0.042 0.078
0 0.255 0.409 0.038 0.042
0 0.334 0.442 0.032 0.044
0 0.222 0.66 0.052 0.056
0 0.161 0.638 0.046 0.064
0 0.113 0.665 0.046 0.058
0 0.109 0.606 0.054 0.06
0 0.319 0.791 0.046 0.062
0 0.191 0.782 0.054 0.048
0 0.231 0.786 0.038 0.028
0 0.076 0.742 0.04 0.044
0 0.134 0.756 0.032 0.032
0 0.07 0.789 0.04 0.03
0 0.014 0.81 0.024 0.06
0 0.073 0.884 0.034 0.08
0 0.104 0.896 0.036 0.048
0 0.125 0.928 0.038 0.048
0 0.125 0.974 0.03 0.044
0 0.161 0.98 0.042 0.036
0 0.205 0.965 0.042 0.062
0 0.248 0.927 0.048 0.054
0 0.228 0.891 0.044 0.038
0 0.284 0.865 0.036 0.038
0 0.317 0.339 0.042 0.054
0 0.43 0.165 0.056 0.042
0 0.407 0.174 0.046 0.056
0 0.576 0.899 0.032 0.046
0 0.529 0.85 0.034 0.044
0 0.476 0.964 0.04 0.048
0 0.504 0.983 0.048 0.03
0 0.402 0.975 0.056 0.046
0 0.837 0.858 0.054 0.06
0 0.855 0.79 0.05 0.064
0 0.766 0.793 0.04 0.062
0 0.705 0.644 0.038 0.048
0 0.917 0.79 0.034 0.048
0 0.687 0.756 0.038 0.048
0 0.801 0.834 0.034 0.056
0 0.87 0.898 0.044 0.06
0 0.958 0.865 0.032 0.062
0 0.973 0.926 0.038 0.044
0 0.774 0.871 0.036 0.038
0 0.767 0.899 0.034 0.03
0 0.818 0.646 0.048 0.052
0 0.772 0.657 0.048 0.054
0 0.226 0.6 0.044 0.056
0 0.062 0.54 0.048 0.072
0 0.543 0.244 0.054 0.076
0 0.97 0.097 0.048 0.07
0 0.955 0.071 0.034 0.038
0 0.811 0.744 0.058 0.044
0 0.952 0.67 0.048 0.06
0 0.765 0.502 0.034 0.052
0 0.016 0.688 0.028 0.044
0 0.05 0.697 0.036 0.038
0 0.218 0.457 0.048 0.054
0 0.743 0.948 0.046 0.036
0 0.737 0.985 0.046 0.026
0 0.873 0.543 0.042 0.05
0 0.444 0.795 0.052 0.03
0 0.819 0.691 0.038 0.038
0 0.808 0.686 0.016 0.02
0 0.012 0.923 0.02 0.038
0 0.937 0.164 0.042 0.036
0 0.829 0.159 0.034 0.034
0 0.731 0.466 0.046 0.044
0 0.929 0.201 0.05 0.054
0 0.894 0.25 0.08 0.064
0 0.865 0.4 0.042 0.044
0 0.611 0.311 0.038 0.066
0 0.539 0.304 0.038 0.032
0 0.757 0.066 0.042 0.036
0 0.581 0.117 0.038 0.03
0 0.445 0.409 0.054 0.046
0 0.413 0.435 0.042 0.046
0 0.726 0.106 0.04 0.052
0 0.71 0.092 0.032 0.052
0 0.921 0.566 0.054 0.06
0 0.617 0.752 0.026 0.036
0 0.793 0.941 0.042 0.038
0 0.821 0.904 0.042 0.044
0 0.684 0.978 0.036 0.04
0 0.896 0.987 0.028 0.022
0 0.82 0.99 0.032 0.016
0 0.986 0.861 0.024 0.034
0 0.431 0.108 0.058 0.044
0 0.443 0.079 0.042 0.054
0 0.429 0.842 0.042 0.036
0 0.281 0.972 0.05 0.052
0 0.344 0.974 0.028 0.048
0 0.684 0.856 0.032 0.04
0 0.816 0.556 0.072 0.048
0 0.881 0.476 0.062 0.032
0 0.989 0.026 0.018 0.024
0 0.922 0.016 0.02 0.032
0 0.776 0.084 0.032 0.04
0 0.252 0.57 0.028 0.048
0 0.514 0.2 0.036 0.048
0 0.912 0.302 0.032 0.032
0 0.99 0.205 0.016 0.034
0 0.087 0.512 0.034 0.032
0 0.95 0.342 0.052 0.048
0 0.967 0.356 0.03 0.044
0 0.397 0.773 0.034 0.03
0 0.013 0.256 0.022 0.068
0 0.314 0.907 0.036 0.03
1 0.048 0.034 0.028 0.024
1 0.245 0.062 0.03 0.02
1 0.272 0.092 0.016 0.016
1 0.569 0.568 0.022 0.02
1 0.499 0.353 0.018 0.034
1 0.178 0.45 0.02 0.036
1 0.6 0.472 0.036 0.024
1 0.279 0.532 0.018 0.028
1 0.293 0.414 0.03 0.024
1 0.352 0.466 0.024 0.044
1 0.503 0.595 0.018 0.022
1 0.542 0.575 0.02 0.03
1 0.04 0.755 0.024 0.026
1 0.47 0.129 0.024 0.03
1 0.528 0.883 0.016 0.034
1 0.935 0.907 0.022 0.018
1 0.122 0.188 0.02 0.024
1 0.061 0.194 0.022 0.028
1 0.042 0.149 0.02 0.01
1 0.042 0.16 0.02 0.012
1 0.272 0.672 0.024 0.032
1 0.266 0.704 0.02 0.028
1 0.477 0.183 0.034 0.026
1 0.442 0.221 0.02 0.026
1 0.728 0.156 0.032 0.024
1 0.699 0.18 0.03 0.02
1 0.82 0.093 0.032 0.022
1 0.853 0.076 0.018 0.02
1 0.751 0.576 0.01 0.016
1 0.682 0.593 0.016 0.022
1 0.747 0.394 0.026 0.028
1 0.69 0.4 0.02 0.024
1 0.739 0.705 0.026 0.022
1 0.7 0.887 0.028 0.03
1 0.661 0.935 0.026 0.026
1 0.605 0.941 0.018 0.014
1 0.603 0.169 0.03 0.018
1 0.881 0.329 0.03 0.018
1 0.905 0.333 0.022 0.026
1 0.701 0.307 0.026 0.018
1 0.452 0.772 0.032 0.02
1 0.479 0.799 0.018 0.018
1 0.936 0.743 0.016 0.03
1 0.024 0.884 0.02 0.032
1 0.285 0.904 0.026 0.024
1 0.772 0.163 0.012 0.01
1 0.709 0.489 0.026 0.018
1 0.755 0.205 0.022 0.018
1 0.953 0.035 0.022 0.026
1 0.885 0.022 0.026 0.024
1 0.862 0.01 0.028 0.02
1 0.838 0.006 0.024 0.012
1 0.765 0.008 0.034 0.016
1 0.555 0.124 0.038 0.036
1 0.656 0.63 0.024 0.024
1 0.633 0.743 0.014 0.014
1 0.894 0.963 0.012 0.018
1 0.98 0.817 0.024 0.018
1 0.978 0.838 0.02 0.024
1 0.371 0.138 0.018 0.02
1 0.396 0.381 0.016 0.022
1 0.76 0.36 0.02 0.016
1 0.754 0.351 0.02 0.018
1 0.42 0.705 0.024 0.026
1 0.474 0.91 0.036 0.016
1 0.812 0.788 0.032 0.032
1 0.846 0.602 0.032 0.02
1 0.791 0.617 0.034 0.026
1 0.847 0.363 0.03 0.026
1 0.485 0.312 0.034 0.028
1 0.625 0.429 0.026 0.03
1 0.225 0.264 0.022 0.028
1 0.144 0.732 0.044 0.024
1 0.2 0.561 0.032 0.03
1 0.115 0.252 0.022 0.032
1 0.04 0.334 0.02 0.052
1 0.524 0.219 0.028 0.026
1 0.836 0.341 0.048 0.022
1 0.967 0.396 0.026 0.032
1 0.928 0.465 0.024 0.05
1 0.911 0.486 0.022 0.048
1 0.037 0.609 0.03 0.018
1 0.193 0.537 0.03 0.03
1 0.955 0.306 0.026 0.032
1 0.254 0.752 0.012 0.028
1 0.544 0.407 0.012 0.018
1 0.976 0.319 0.024 0.026
1 0.689 0.479 0.018 0.018
1 0.919 0.391 0.066 0.042
1 0.026 0.444 0.02 0.048
1 0.014 0.47 0.024 0.02
1 0.331 0.88 0.022 0.028
2 0.192 0.058 0.02 0.036
2 0.215 0.045 0.026 0.038
2 0.279 0.441 0.042 0.03
2 0.589 0.28 0.034 0.036
2 0.384 0.116 0.032 0.048
2 0.378 0.814 0.028 0.036
2 0.275 0.116 0.018 0.016
2 0.245 0.116 0.014 0.024
2 0.235 0.273 0.03 0.03
2 0.243 0.297 0.014 0.01
2 0.205 0.302 0.022 0.024
2 0.737 0.144 0.018 0.012
2 0.109 0.23 0.046 0.032
2 0.969 0.549 0.018 0.034
2 0.517 0.913 0.01 0.01
2 0.489 0.833 0.006 0.01
2 0.378 0.877 0.008 0.014
2 0.165 0.681 0.03 0.022
2 0.428 0.921 0.028 0.018
2 0.334 0.515 0.02 0.042