0 0.78 0.706 0.048 0.06
0 0.678 0.656 0.036 0.06
0 0.937 0.896 0.034 0.052
0 0.801 0.968 0.034 0.048
0 0.887 0.836 0.046 0.06
0 0.918 0.856 0.04 0.06
0 0.778 0.857 0.048 0.058
0 0.908 0.769 0.028 0.042
0 0.869 0.759 0.042 0.058
0 0.972 0.766 0.04 0.06
0 0.84 0.938 0.052 0.064
0 0.803 0.637 0.046 0.066
0 0.676 0.58 0.036 0.044
0 0.802 0.589 0.036 0.03
0 0.754 0.565 0.036 0.018
0 0.832 0.564 0.036 0.048
0 0.894 0.495 0.032 0.058
0 0.861 0.504 0.03 0.044
0 0.838 0.457 0.036 0.062
0 0.825 0.384 0.046 0.052
0 0.84 0.349 0.036 0.026
0 0.838 0.285 0.048 0.046
0 0.853 0.312 0.026 0.028
0 0.872 0.219 0.04 0.042
0 0.893 0.185 0.034 0.054
0 0.925 0.537 0.062 0.038
0 0.768 0.492 0.044 0.068
0 0.795 0.242 0.042 0.06
0 0.744 0.276 0.048 0.052
0 0.713 0.27 0.038 0.036
0 0.713 0.471 0.042 0.054
0 0.923 0.459 0.014 0.038
0 0.659 0.489 0.05 0.054
0 0.59 0.471 0.04 0.066
0 0.691 0.329 0.062 0.07
0 0.742 0.2 0.028 0.032
0 0.691 0.195 0.054 0.07
0 0.913 0.099 0.074 0.082
0 0.901 0.046 0.042 0.044
0 0.843 0.059 0.05 0.058
0 0.764 0.085 0.032 0.034
0 0.781 0.133 0.034 0.026
0 0.565 0.156 0.042 0.044
0 0.572 0.208 0.044 0.064
0 0.473 0.244 0.026 0.052
0 0.505 0.132 0.062 0.096
0 0.692 0.762 0.044 0.06
0 0.714 0.897 0.028 0.05
0 0.753 0.967 0.034 0.018
0 0.976 0.695 0.044 0.058
0 0.764 0.028 0.072 0.052
0 0.681 0.029 0.066 0.054
0 0.324 0.167 0.04 0.05
0 0.35 0.029 0.068 0.054
0 0.248 0.05 0.044 0.044
0 0.179 0.078 0.042 0.028
0 0.289 0.1 0.046 0.032
0 0.075 0.029 0.046 0.054
0 0.089 0.089 0.022 0.022
0 0.273 0.159 0.034 0.058
0 0.143 0.123 0.022 0.038
0 0.195 0.119 0.042 0.038
0 0.217 0.193 0.046 0.106
0 0.032 0.086 0.048 0.052
0 0.031 0.139 0.038 0.038
0 0.246 0.207 0.048 0.042
0 0.135 0.228 0.042 0.064
0 0.095 0.213 0.022 0.046
0 0.022 0.2 0.04 0.08
0 0.986 0.493 0.024 0.03
0 0.987 0.387 0.022 0.038
0 0.617 0.307 0.058 0.086
0 0.367 0.273 0.058 0.098
0 0.502 0.301 0.052 0.098
0 0.534 0.327 0.04 0.046
0 0.6 0.368 0.024 0.028
0 0.523 0.363 0.026 0.022
0 0.566 0.357 0.024 0.026
0 0.585 0.563 0.05 0.058
0 0.502 0.557 0.04 0.046
0 0.428 0.613 0.044 0.05
0 0.357 0.453 0.022 0.038
0 0.412 0.43 0.028 0.024
0 0.39 0.445 0.024 0.03
0 0.61 0.755 0.04 0.038
0 0.541 0.696 0.026 0.04
0 0.656 0.821 0.032 0.05
0 0.671 0.807 0.018 0.03
0 0.589 0.718 0.038 0.06
0 0.494 0.663 0.032 0.03
0 0.556 0.845 0.032 0.058
0 0.53 0.853 0.032 0.066
0 0.513 0.953 0.042 0.05
0 0.635 0.924 0.046 0.052
0 0.705 0.985 0.034 0.026
0 0.596 0.981 0.036 0.022
0 0.61 0.588 0.032 0.036
0 0.586 0.648 0.056 0.072
0 0.364 0.632 0.044 0.06
0 0.899 0.977 0.042 0.042
0 0.461 0.936 0.046 0.048
0 0.392 0.96 0.032 0.036
0 0.437 0.855 0.03 0.03
0 0.382 0.904 0.028 0.04
0 0.537 0.987 0.046 0.022
0 0.418 0.922 0.04 0.052
0 0.419 0.897 0.038 0.038
0 0.442 0.774 0.036 0.052
0 0.382 0.775 0.04 0.066
0 0.327 0.704 0.026 0.032
0 0.367 0.558 0.046 0.048
0 0.298 0.551 0.052 0.054
0 0.276 0.526 0.04 0.052
0 0.255 0.314 0.05 0.088
0 0.119 0.315 0.054 0.078
0 0.036 0.305 0.04 0.046
0 0.087 0.366 0.05 0.048
0 0.233 0.476 0.054 0.064
0 0.049 0.469 0.034 0.062
0 0.218 0.57 0.012 0.04
0 0.117 0.572 0.038 0.044
0 0.011 0.436 0.018 0.036
0 0.08 0.608 0.024 0.024
0 0.181 0.671 0.038 0.07
0 0.264 0.633 0.048 0.058
0 0.247 0.618 0.05 0.052
0 0.34 0.828 0.036 0.048
0 0.332 0.861 0.02 0.022
0 0.206 0.772 0.028 0.04
0 0.23 0.779 0.028 0.042
0 0.156 0.768 0.028 0.032
0 0.277 0.75 0.038 0.052
0 0.12 0.625 0.032 0.034
0 0.116 0.658 0.032 0.052
0 0.027 0.679 0.034 0.058
0 0.086 0.697 0.036 0.058
0 0.112 0.812 0.024 0.032
0 0.077 0.758 0.054 0.052
0 0.167 0.817 0.042 0.05
0 0.054 0.75 0.012 0.024
0 0.033 0.778 0.046 0.052
0 0.297 0.818 0.042 0.048
0 0.271 0.814 0.026 0.036
0 0.065 0.816 0.026 0.044
0 0.075 0.859 0.03 0.038
0 0.121 0.881 0.038 0.042
0 0.154 0.92 0.036 0.048
0 0.181 0.896 0.034 0.04
0 0.153 0.891 0.022 0.026
0 0.254 0.922 0.04 0.048
0 0.024 0.888 0.036 0.048
0 0.039 0.935 0.034 0.042
0 0.339 0.968 0.038 0.06
0 0.308 0.98 0.028 0.036
0 0.231 0.989 0.03 0.018
0 0.159 0.983 0.05 0.03
0 0.111 0.986 0.034 0.024
0 0.028 0.964 0.044 0.032
0 0.011 0.926 0.018 0.032
0 0.955 0.981 0.046 0.034
0 0.992 0.984 0.012 0.028
0 0.979 0.883 0.026 0.03
0 0.011 0.515 0.018 0.046
0 0.6 0.259 0.024 0.022
0 0.739 0.666 0.026 0.032
0 0.809 0.481 0.018 0.03
0 0.915 0.566 0.026 0.032
0 0.95 0.528 0.044 0.048
0 0.78 0.108 0.032 0.028
0 0.39 0.176 0.044 0.04
0 0.557 0.934 0.03 0.048
0 0.067 0.934 0.034 0.056
0 0.275 0.964 0.038 0.04
0 0.261 0.99 0.034 0.016
1 0.783 0.534 0.03 0.02
1 0.788 0.481 0.024 0.026
1 0.611 0.129 0.022 0.026
1 0.541 0.015 0.034 0.026
1 0.407 0.026 0.022 0.032
1 0.43 0.061 0.016 0.022
1 0.295 0.049 0.018 0.03
1 0.225 0.135 0.018 0.018
1 0.406 0.374 0.02 0.024
1 0.574 0.899 0.032 0.022
1 0.499 0.99 0.022 0.016
1 0.34 0.532 0.02 0.032
1 0.282 0.366 0.024 0.024
1 0.114 0.5 0.02 0.028
1 0.274 0.686 0.028 0.028
1 0.02 0.613 0.024 0.022
1 0.29 0.671 0.024 0.026
1 0.061 0.778 0.022 0.024
2 0.963 0.252 0.03 0.04
2 0.993 0.187 0.01 0.03
2 0.521 0.989 0.03 0.018
2 0.857 0.664 0.018 0.036
2 0.937 0.831 0.018 0.026
2 0.787 0.605 0.03 0.03
2 0.749 0.386 0.054 0.068
2 0.755 0.445 0.034 0.034
2 0.899 0.369 0.05 0.05
2 0.922 0.406 0.028 0.036
2 0.858 0.397 0.016 0.042
2 0.94 0.026 0.024 0.036
2 0.762 0.143 0.032 0.026
2 0.705 0.098 0.042 0.044
2 0.48 0.083 0.028 0.022
2 0.232 0.08 0.028 0.032
2 0.454 0.172 0.036 0.028
2 0.595 0.098 0.018 0.024
2 0.789 0.151 0.018 0.022
2 0.805 0.138 0.03 0.02
2 0.983 0.191 0.014 0.038
2 0.621 0.091 0.03 0.026
2 0.985 0.31 0.026 0.032
2 0.944 0.362 0.028 0.044
2 0.99 0.566 0.016 0.036
2 0.966 0.58 0.048 0.04
2 0.958 0.615 0.04 0.03
2 0.98 0.405 0.036 0.042
2 0.618 0.375 0.024 0.026
2 0.487 0.583 0.042 0.042
2 0.501 0.465 0.026 0.03
2 0.555 0.385 0.018 0.022
2 0.389 0.37 0.022 0.02
2 0.37 0.383 0.02 0.042
2 0.654 0.747 0.036 0.03
2 0.642 0.849 0.024 0.026
2 0.698 0.863 0.032 0.038
2 0.475 0.853 0.034 0.046
2 0.551 0.899 0.022 0.018
2 0.528 0.92 0.02 0.028
2 0.532 0.807 0.028 0.034
2 0.744 0.807 0.04 0.046
2 0.726 0.831 0.028 0.038
2 0.57 0.608 0.044 0.04
2 0.346 0.908 0.036 0.04
2 0.515 0.622 0.022 0.032
2 0.489 0.637 0.026 0.026
2 0.326 0.216 0.04 0.056
2 0.112 0.73 0.028 0.028
2 0.173 0.722 0.018 0.02
2 0.098 0.781 0.032 0.038
2 0.166 0.789 0.04 0.022
2 0.447 0.814 0.026 0.032
2 0.278 0.774 0.024 0.028
2 0.212 0.887 0.032 0.054
2 0.328 0.944 0.044 0.04
2 0.274 0.873 0.044 0.026
2 0.089 0.892 0.03 0.028
2 0.01 0.824 0.016 0.06
2 0.828 0.815 0.028 0.038
2 0.279 0.463 0.054 0.066
2 0.171 0.293 0.034 0.042
2 0.183 0.429 0.042 0.038
2 0.136 0.386 0.028 0.044
2 0.06 0.497 0.032 0.05
2 0.013 0.558 0.022 0.044
2 0.046 0.536 0.032 0.036
2 0.979 0.353 0.038 0.034
2 0.425 0.451 0.014 0.018
2 0.433 0.373 0.014 0.022
2 0.423 0.295 0.026 0.018
2 0.142 0.354 0.016 0.02
2 0.203 0.268 0.018 0.024
2 0.051 0.36 0.014 0.016
2 0.034 0.355 0.012 0.022