0 0.698 0.591 0.048 0.066
0 0.716 0.521 0.048 0.058
0 0.698 0.39 0.048 0.06
0 0.615 0.532 0.038 0.072
0 0.627 0.652 0.046 0.068
0 0.74 0.708 0.048 0.072
0 0.819 0.493 0.042 0.074
0 0.959 0.345 0.062 0.094
0 0.972 0.516 0.044 0.072
0 0.925 0.457 0.05 0.054
0 0.843 0.726 0.038 0.052
0 0.772 0.733 0.036 0.054
0 0.55 0.651 0.044 0.058
0 0.468 0.666 0.04 0.06
0 0.457 0.632 0.034 0.04
0 0.61 0.396 0.048 0.068
0 0.558 0.349 0.048 0.066
0 0.39 0.387 0.04 0.062
0 0.269 0.383 0.05 0.062
0 0.247 0.719 0.05 0.058
0 0.133 0.699 0.05 0.05
0 0.157 0.646 0.046 0.06
0 0.117 0.656 0.046 0.048
0 0.073 0.542 0.05 0.052
0 0.275 0.542 0.038 0.044
0 0.361 0.746 0.038 0.052
0 0.532 0.811 0.048 0.05
0 0.623 0.869 0.05 0.074
0 0.735 0.842 0.046 0.04
0 0.771 0.816 0.042 0.056
0 0.82 0.814 0.056 0.048
0 0.915 0.813 0.058 0.066
0 0.899 0.72 0.034 0.044
0 0.852 0.908 0.044 0.056
0 0.954 0.872 0.048 0.06
0 0.9 0.604 0.052 0.052
0 0.161 0.423 0.07 0.098
0 0.295 0.47 0.05 0.044
0 0.266 0.651 0.06 0.05
0 0.15 0.826 0.04 0.048
0 0.161 0.933 0.062 0.082
0 0.108 0.958 0.044 0.056
0 0.046 0.944 0.036 0.032
0 0.055 0.902 0.038 0.04
0 0.024 0.899 0.036 0.042
0 0.049 0.832 0.038 0.032
0 0.091 0.801 0.034 0.038
0 0.286 0.879 0.052 0.054
0 0.328 0.892 0.056 0.06
0 0.251 0.975 0.034 0.026
0 0.459 0.974 0.05 0.048
0 0.504 0.95 0.032 0.06
0 0.55 0.949 0.04 0.046
0 0.618 0.963 0.048 0.046
0 0.255 0.753 0.046 0.05
0 0.047 0.736 0.046 0.044
0 0.014 0.754 0.024 0.064
0 0.221 0.814 0.038 0.028
0 0.187 0.83 0.038 0.052
0 0.237 0.58 0.038 0.048
0 0.029 0.437 0.054 0.086
0 0.219 0.27 0.05 0.06
0 0.099 0.269 0.062 0.058
0 0.064 0.221 0.044 0.05
0 0.014 0.259 0.024 0.05
0 0.025 0.133 0.046 0.066
0 0.156 0.206 0.044 0.048
0 0.208 0.085 0.052 0.066
0 0.364 0.167 0.068 0.054
0 0.294 0.17 0.04 0.052
0 0.51 0.089 0.056 0.07
0 0.436 0.246 0.04 0.036
0 0.471 0.309 0.038 0.058
0 0.492 0.239 0.032 0.03
0 0.671 0.168 0.038 0.044
0 0.685 0.057 0.05 0.066
0 0.735 0.112 0.038 0.044
0 0.701 0.259 0.054 0.058
0 0.721 0.341 0.026 0.042
0 0.858 0.277 0.036 0.042
0 0.926 0.237 0.052 0.042
0 0.893 0.318 0.034 0.048
0 0.904 0.133 0.044 0.07
0 0.848 0.144 0.04 0.06
0 0.816 0.113 0.044 0.066
0 0.604 0.056 0.04 0.044
0 0.58 0.027 0.044 0.042
0 0.574 0.085 0.032 0.042
0 0.461 0.509 0.03 0.042
0 0.447 0.547 0.034 0.038
0 0.451 0.488 0.05 0.052
0 0.767 0.202 0.058 0.06
0 0.955 0.39 0.062 0.06
0 0.749 0.537 0.046 0.074
0 0.864 0.674 0.044 0.036
0 0.99 0.627 0.016 0.05
0 0.019 0.04 0.034 0.052
0 0.112 0.2 0.044 0.048
0 0.114 0.359 0.04 0.042
0 0.022 0.579 0.04 0.058
0 0.577 0.302 0.03 0.036
0 0.617 0.245 0.046 0.042
0 0.134 0.283 0.028 0.03
0 0.979 0.254 0.038 0.056
0 0.055 0.011 0.046 0.018
0 0.371 0.304 0.046 0.056
0 0.714 0.918 0.052 0.072
1 0.256 0.528 0.024 0.028
1 0.77 0.431 0.024 0.03
1 0.874 0.437 0.032 0.034
1 0.807 0.646 0.03 0.024
1 0.659 0.771 0.026 0.03
1 0.94 0.732 0.028 0.044
1 0.902 0.775 0.04 0.022
1 0.926 0.9 0.044 0.036
1 0.898 0.947 0.028 0.022
1 0.538 0.861 0.02 0.026
1 0.579 0.816 0.038 0.028
1 0.559 0.7 0.034 0.028
1 0.497 0.504 0.03 0.032
1 0.418 0.553 0.02 0.026
1 0.333 0.73 0.026 0.032
1 0.223 0.842 0.022 0.02
1 0.17 0.736 0.028 0.024
1 0.339 0.7 0.046 0.024
1 0.303 0.68 0.022 0.024
1 0.077 0.657 0.018 0.03
1 0.008 0.684 0.012 0.028
1 0.135 0.508 0.022 0.028
1 0.139 0.543 0.022 0.038
1 0.346 0.505 0.024 0.038
1 0.389 0.477 0.022 0.026
1 0.274 0.49 0.024 0.024
1 0.363 0.835 0.038 0.046
1 0.366 0.925 0.04 0.03
1 0.394 0.992 0.036 0.012
1 0.404 0.977 0.028 0.03
1 0.432 0.868 0.032 0.028
1 0.184 0.978 0.036 0.032
1 0.071 0.977 0.022 0.03
1 0.569 0.872 0.026 0.02
1 0.421 0.324 0.026 0.032
1 0.596 0.153 0.024 0.022
1 0.627 0.081 0.018 0.026
1 0.645 0.086 0.014 0.032
1 0.788 0.016 0.02 0.028
1 0.474 0.066 0.024 0.032
1 0.362 0.043 0.02 0.022
1 0.238 0.018 0.036 0.028
1 0.543 0.163 0.05 0.018
1 0.162 0.265 0.028 0.05
1 0.023 0.319 0.03 0.022
1 0.034 0.221 0.024 0.034
1 0.984 0.945 0.028 0.034
1 0.947 0.614 0.022 0.016
1 0.991 0.369 0.014 0.038
1 0.991 0.058 0.014 0.028
1 0.985 0.025 0.022 0.022
1 0.972 0.012 0.024 0.02
1 0.162 0.012 0.036 0.02
1 0.388 0.087 0.028 0.03
1 0.494 0.009 0.048 0.014
1 0.323 0.006 0.034 0.008
1 0.282 0.037 0.028 0.018
1 0.014 0.988 0.024 0.02
1 0.353 0.346 0.022 0.028
1 0.687 0.909 0.022 0.026
1 0.934 0.488 0.028 0.028
2 0.257 0.988 0.046 0.02
2 0.262 0.91 0.024 0.036
2 0.416 0.894 0.032 0.032
2 0.551 0.225 0.038 0.05
2 0.419 0.206 0.042 0.048
2 0.473 0.199 0.026 0.022
2 0.453 0.164 0.034 0.02
2 0.51 0.448 0.048 0.032
2 0.654 0.579 0.028 0.046
2 0.688 0.456 0.056 0.028
2 0.802 0.174 0.036 0.036
2 0.694 0.188 0.028 0.036
2 0.064 0.071 0.04 0.058
2 0.041 0.619 0.054 0.042