0 0.807 0.151 0.046 0.074
0 0.911 0.01 0.07 0.016
0 0.892 0.046 0.044 0.06
0 0.843 0.058 0.046 0.044
0 0.83 0.019 0.044 0.038
0 0.746 0.079 0.04 0.046
0 0.701 0.103 0.042 0.062
0 0.684 0.126 0.04 0.044
0 0.651 0.095 0.038 0.05
0 0.618 0.118 0.04 0.056
0 0.556 0.136 0.048 0.06
0 0.446 0.153 0.044 0.046
0 0.428 0.184 0.044 0.052
0 0.476 0.048 0.048 0.052
0 0.208 0.145 0.044 0.058
0 0.131 0.213 0.042 0.05
0 0.105 0.075 0.046 0.054
0 0.175 0.046 0.042 0.028
0 0.272 0.28 0.052 0.052
0 0.298 0.318 0.044 0.056
0 0.187 0.339 0.038 0.054
0 0.18 0.37 0.056 0.068
0 0.139 0.311 0.058 0.042
0 0.094 0.393 0.048 0.042
0 0.09 0.438 0.052 0.04
0 0.2 0.45 0.048 0.056
0 0.179 0.485 0.03 0.054
0 0.124 0.509 0.048 0.062
0 0.072 0.536 0.064 0.06
0 0.018 0.559 0.032 0.062
0 0.013 0.621 0.022 0.062
0 0.019 0.687 0.034 0.066
0 0.452 0.597 0.052 0.054
0 0.351 0.597 0.046 0.078
0 0.293 0.647 0.038 0.062
0 0.181 0.589 0.042 0.054
0 0.194 0.537 0.04 0.054
0 0.237 0.61 0.038 0.056
0 0.145 0.659 0.054 0.082
0 0.073 0.661 0.034 0.058
0 0.1 0.766 0.04 0.06
0 0.015 0.77 0.026 0.048
0 0.324 0.828 0.04 0.068
0 0.265 0.842 0.046 0.064
0 0.42 0.271 0.06 0.05
0 0.543 0.291 0.05 0.066
0 0.637 0.357 0.038 0.062
0 0.572 0.338 0.056 0.064
0 0.543 0.408 0.054 0.056
0 0.418 0.335 0.04 0.054
0 0.399 0.436 0.034 0.044
0 0.237 0.426 0.054 0.064
0 0.803 0.601 0.046 0.074
0 0.654 0.548 0.04 0.064
0 0.639 0.631 0.038 0.07
0 0.601 0.55 0.046 0.064
0 0.549 0.64 0.046 0.056
0 0.501 0.729 0.05 0.07
0 0.618 0.75 0.04 0.064
0 0.561 0.735 0.05 0.074
0 0.411 0.796 0.05 0.06
0 0.423 0.832 0.05 0.036
0 0.101 0.932 0.042 0.072
0 0.244 0.902 0.048 0.06
0 0.41 0.974 0.056 0.048
0 0.358 0.956 0.044 0.072
0 0.283 0.956 0.054 0.068
0 0.314 0.881 0.04 0.066
0 0.118 0.821 0.056 0.046
0 0.702 0.759 0.048 0.066
0 0.79 0.877 0.052 0.082
0 0.765 0.952 0.05 0.064
0 0.731 0.942 0.034 0.076
0 0.659 0.957 0.042 0.054
0 0.682 0.868 0.036 0.064
0 0.651 0.848 0.034 0.06
0 0.611 0.896 0.05 0.064
0 0.588 0.84 0.056 0.064
0 0.502 0.977 0.044 0.042
0 0.379 0.885 0.03 0.062
0 0.841 0.317 0.038 0.058
0 0.915 0.209 0.042 0.058
0 0.883 0.279 0.042 0.062
0 0.978 0.4 0.04 0.064
0 0.931 0.413 0.042 0.062
0 0.888 0.467 0.048 0.078
0 0.887 0.527 0.038 0.042
0 0.903 0.564 0.062 0.06
0 0.913 0.631 0.038 0.066
0 0.744 0.464 0.048 0.06
0 0.779 0.474 0.05 0.076
0 0.73 0.385 0.052 0.05
0 0.821 0.429 0.046 0.058
0 0.618 0.459 0.044 0.058
0 0.305 0.472 0.042 0.052
0 0.331 0.411 0.05 0.046
0 0.353 0.446 0.034 0.048
0 0.9 0.944 0.04 0.064
0 0.964 0.843 0.044 0.062
0 0.929 0.875 0.038 0.05
0 0.984 0.93 0.028 0.064
0 0.924 0.992 0.036 0.012
0 0.819 0.913 0.034 0.046
0 0.877 0.641 0.05 0.07
0 0.865 0.683 0.046 0.054
0 0.976 0.248 0.044 0.06
0 0.918 0.118 0.044 0.044
0 0.99 0.104 0.016 0.048
0 0.69 0.011 0.032 0.022
0 0.686 0.035 0.044 0.034
0 0.584 0.022 0.04 0.032
0 0.4 0.024 0.036 0.032
0 0.389 0.015 0.038 0.03
0 0.361 0.013 0.034 0.026
0 0.493 0.024 0.034 0.032
0 0.353 0.122 0.042 0.048
0 0.352 0.177 0.048 0.054
0 0.215 0.044 0.042 0.056
0 0.461 0.45 0.046 0.06
0 0.847 0.242 0.046 0.044
0 0.865 0.222 0.05 0.04
0 0.313 0.688 0.038 0.064
0 0.244 0.707 0.044 0.054
0 0.242 0.671 0.056 0.058
0 0.166 0.807 0.052 0.07
0 0.145 0.976 0.042 0.044
0 0.283 0.359 0.042 0.042
0 0.218 0.275 0.044 0.05
0 0.164 0.074 0.052 0.032
0 0.475 0.367 0.046 0.062
0 0.369 0.347 0.038 0.046
0 0.464 0.514 0.04 0.06
0 0.546 0.492 0.048 0.044
0 0.777 0.185 0.062 0.058
0 0.743 0.129 0.038 0.05
0 0.705 0.299 0.046 0.086
0 0.315 0.045 0.038 0.058
0 0.02 0.244 0.036 0.048
0 0.034 0.271 0.04 0.038
0 0.35 0.888 0.028 0.052
0 0.474 0.923 0.04 0.058
0 0.72 0.686 0.044 0.056
0 0.786 0.698 0.06 0.072
0 0.974 0.776 0.048 0.056
0 0.963 0.804 0.042 0.032
0 0.914 0.733 0.036 0.046
0 0.957 0.68 0.03 0.06
0 0.967 0.707 0.034 0.046
0 0.983 0.734 0.03 0.048
0 0.962 0.617 0.028 0.034
0 0.971 0.642 0.026 0.036
0 0.99 0.638 0.016 0.056
0 0.666 0.637 0.032 0.058
0 0.019 0.408 0.034 0.068
0 0.147 0.274 0.042 0.024
0 0.154 0.245 0.056 0.042
0 0.141 0.725 0.038 0.058
0 0.528 0.226 0.036 0.036
0 0.511 0.177 0.034 0.046
0 0.027 0.899 0.05 0.074
0 0.055 0.968 0.038 0.048
0 0.73 0.216 0.04 0.052
0 0.601 0.171 0.026 0.042
0 0.62 0.292 0.032 0.052
0 0.951 0.501 0.042 0.054
0 0.846 0.356 0.032 0.028
0 0.808 0.562 0.04 0.044
0 0.777 0.656 0.054 0.036
0 0.842 0.969 0.04 0.05
0 0.584 0.046 0.04 0.02
0 0.434 0.072 0.032 0.032
0 0.52 0.029 0.024 0.022
0 0.425 0.878 0.062 0.064
0 0.494 0.435 0.032 0.05
0 0.179 0.749 0.038 0.062
0 0.571 0.913 0.034 0.078
0 0.501 0.854 0.042 0.064
0 0.048 0.163 0.04 0.046
0 0.024 0.197 0.04 0.038
0 0.961 0.21 0.026 0.044
0 0.266 0.065 0.028 0.054
0 0.253 0.123 0.05 0.046
0 0.29 0.91 0.028 0.048
0 0.222 0.849 0.032 0.03
0 0.095 0.877 0.038 0.046
0 0.039 0.336 0.042 0.06
0 0.199 0.724 0.038 0.028
0 0.069 0.192 0.018 0.032
1 0.717 0.062 0.022 0.028
1 0.559 0.532 0.018 0.02
1 0.137 0.172 0.026 0.024
1 0.52 0.051 0.024 0.018
1 0.457 0.629 0.026 0.018
1 0.559 0.691 0.038 0.026
1 0.648 0.792 0.02 0.032
1 0.727 0.005 0.034 0.01
1 0.547 0.459 0.03 0.018
1 0.926 0.839 0.028 0.018
1 0.658 0.695 0.024 0.034
1 0.536 0.246 0.02 0.012
1 0.922 0.367 0.032 0.03
1 0.796 0.104 0.016 0.016
1 0.819 0.535 0.022 0.038
1 0.762 0.533 0.024 0.022
1 0.696 0.531 0.024 0.03
1 0.748 0.561 0.036 0.022
1 0.559 0.551 0.018 0.014
1 0.524 0.535 0.036 0.018
1 0.891 0.106 0.022 0.024
1 0.369 0.29 0.022 0.024
1 0.463 0.274 0.026 0.036
1 0.956 0.156 0.024 0.02
1 0.987 0.296 0.022 0.028
1 0.776 0.082 0.016 0.036
1 0.844 0.64 0.016 0.028
1 0.984 0.968 0.028 0.024
1 0.941 0.969 0.03 0.022
1 0.915 0.911 0.026 0.018
1 0.74 0.839 0.016 0.042
1 0.721 0.625 0.03 0.03
1 0.435 0.728 0.03 0.024
1 0.438 0.764 0.02 0.028
1 0.641 0.394 0.022 0.012
1 0.432 0.916 0.028 0.02
1 0.427 0.459 0.022 0.034
1 0.388 0.461 0.024 0.022
1 0.524 0.453 0.016 0.018
1 0.202 0.715 0.02 0.01
1 0.145 0.427 0.018 0.026
1 0.223 0.238 0.022 0.02
1 0.052 0.399 0.036 0.046
1 0.13 0.744 0.012 0.028
1 0.299 0.777 0.042 0.034
1 0.277 0.008 0.018 0.016
1 0.262 0.017 0.024 0.026
1 0.318 0.129 0.012 0.014
1 0.06 0.062 0.036 0.024
1 0.28 0.431 0.028 0.03
1 0.238 0.353 0.028 0.022
1 0.521 0.577 0.034 0.014
1 0.38 0.525 0.02 0.014
1 0.215 0.522 0.022 0.024
1 0.469 0.853 0.018 0.03
1 0.312 0.983 0.028 0.03
2 0.488 0.301 0.024 0.03
2 0.854 0.122 0.036 0.044
2 0.666 0.196 0.036 0.024
2 0.849 0.787 0.018 0.022
2 0.821 0.779 0.026 0.034
2 0.766 0.815 0.024 0.026
2 0.718 0.802 0.02 0.028
2 0.767 0.608 0.022 0.024
2 0.79 0.438 0.036 0.036
2 0.663 0.326 0.026 0.024
2 0.578 0.386 0.056 0.044
2 0.535 0.84 0.042 0.056
2 0.919 0.312 0.006 0.024
2 0.801 0.29 0.014 0.016
2 0.97 0.898 0.028 0.04
2 0.345 0.044 0.018 0.024
2 0.355 0.068 0.022 0.02
2 0.438 0.651 0.024 0.034
2 0.48 0.815 0.024 0.038
2 0.364 0.808 0.044 0.032
2 0.154 0.872 0.032 0.032
2 0.165 0.901 0.026 0.034
2 0.089 0.723 0.034 0.042
2 0.071 0.828 0.034 0.04
2 0.459 0.982 0.026 0.032
2 0.347 0.642 0.042 0.048
2 0.186 0.697 0.02 0.022
2 0.207 0.698 0.018 0.024
2 0.053 0.123 0.034 0.034
2 0.322 0.16 0.028 0.036
2 0.06 0.226 0.028 0.036
2 0.118 0.352 0.024 0.028
2 0.031 0.582 0.026 0.032