0 0.653 0.889 0.058 0.058
0 0.976 0.924 0.044 0.072
0 0.768 0.934 0.064 0.092
0 0.761 0.972 0.05 0.052
0 0.942 0.812 0.044 0.072
0 0.858 0.839 0.06 0.078
0 0.77 0.769 0.04 0.046
0 0.743 0.656 0.058 0.088
0 0.593 0.742 0.03 0.044
0 0.47 0.957 0.056 0.082
0 0.582 0.792 0.036 0.04
0 0.527 0.871 0.042 0.062
0 0.451 0.865 0.046 0.09
0 0.326 0.979 0.048 0.038
0 0.299 0.896 0.042 0.068
0 0.329 0.823 0.05 0.07
0 0.964 0.397 0.06 0.066
0 0.976 0.334 0.044 0.052
0 0.895 0.304 0.054 0.076
0 0.872 0.236 0.044 0.056
0 0.757 0.16 0.05 0.076
0 0.92 0.214 0.036 0.052
0 0.841 0.117 0.038 0.046
0 0.834 0.048 0.044 0.072
0 0.936 0.11 0.068 0.052
0 0.888 0.028 0.048 0.052
0 0.985 0.067 0.026 0.042
0 0.728 0.189 0.052 0.042
0 0.719 0.123 0.038 0.074
0 0.692 0.066 0.056 0.06
0 0.702 0.014 0.036 0.024
0 0.642 0.018 0.036 0.032
0 0.607 0.018 0.03 0.032
0 0.522 0.051 0.044 0.078
0 0.469 0.051 0.058 0.074
0 0.641 0.23 0.042 0.064
0 0.612 0.264 0.048 0.064
0 0.417 0.057 0.05 0.066
0 0.633 0.118 0.038 0.052
0 0.571 0.129 0.038 0.034
0 0.592 0.222 0.036 0.04
0 0.516 0.225 0.044 0.066
0 0.506 0.167 0.052 0.074
0 0.758 0.238 0.048 0.068
0 0.724 0.248 0.036 0.048
0 0.8 0.36 0.044 0.048
0 0.795 0.421 0.03 0.058
0 0.769 0.557 0.05 0.074
0 0.344 0.159 0.056 0.058
0 0.279 0.176 0.03 0.048
0 0.218 0.15 0.044 0.076
0 0.18 0.123 0.048 0.086
0 0.12 0.84 0.04 0.08
0 0.139 0.744 0.046 0.048
0 0.207 0.552 0.05 0.076
0 0.15 0.52 0.048 0.064
0 0.27 0.24 0.04 0.064
0 0.233 0.255 0.042 0.062
0 0.162 0.253 0.048 0.074
0 0.123 0.314 0.054 0.064
0 0.123 0.149 0.038 0.062
0 0.049 0.165 0.054 0.082
0 0.017 0.155 0.03 0.05
0 0.622 0.561 0.048 0.042
0 0.563 0.463 0.05 0.062
0 0.456 0.496 0.036 0.096
0 0.432 0.311 0.044 0.09
0 0.3 0.364 0.06 0.056
0 0.342 0.423 0.052 0.066
0 0.114 0.426 0.044 0.072
0 0.309 0.62 0.034 0.04
0 0.141 0.604 0.042 0.048
0 0.121 0.564 0.042 0.036
0 0.023 0.615 0.042 0.062
0 0.309 0.583 0.054 0.038
0 0.321 0.486 0.042 0.052
0 0.139 0.908 0.046 0.036
0 0.054 0.833 0.04 0.046
0 0.661 0.357 0.03 0.042
0 0.236 0.329 0.036 0.042
0 0.171 0.368 0.034 0.04
0 0.857 0.342 0.022 0.036
0 0.053 0.22 0.038 0.06
1 0.935 0.887 0.022 0.022
1 0.837 0.916 0.034 0.04
1 0.919 0.839 0.022 0.03
1 0.907 0.747 0.022 0.022
1 0.831 0.724 0.022 0.016
1 0.699 0.694 0.05 0.024
1 0.704 0.646 0.02 0.052
1 0.609 0.942 0.022 0.02
1 0.574 0.953 0.016 0.018
1 0.64 0.759 0.02 0.022
1 0.606 0.783 0.024 0.026
1 0.544 0.808 0.028 0.06
1 0.527 0.718 0.022 0.02
1 0.452 0.735 0.024 0.022
1 0.463 0.69 0.022 0.012
1 0.345 0.757 0.018 0.026
1 0.974 0.451 0.028 0.022
1 0.917 0.415 0.022 0.026
1 0.904 0.394 0.016 0.028
1 0.805 0.098 0.018 0.02
1 0.798 0.065 0.02 0.03
1 0.869 0.074 0.026 0.024
1 0.869 0.193 0.042 0.03
1 0.612 0.053 0.024 0.034
1 0.603 0.182 0.026 0.028
1 0.575 0.193 0.026 0.03
1 0.742 0.273 0.016 0.03
1 0.759 0.325 0.03 0.018
1 0.814 0.435 0.012 0.042
1 0.799 0.501 0.042 0.026
1 0.747 0.482 0.018 0.024
1 0.829 0.561 0.022 0.026
1 0.247 0.144 0.022 0.02
1 0.16 0.051 0.02 0.022
1 0.175 0.744 0.026 0.02
1 0.257 0.731 0.018 0.026
1 0.259 0.8 0.022 0.024
1 0.044 0.888 0.02 0.02
1 0.2 0.509 0.048 0.026
1 0.418 0.487 0.024 0.038
1 0.275 0.436 0.026 0.02
1 0.301 0.413 0.026 0.018
1 0.259 0.401 0.022 0.026
1 0.147 0.963 0.03 0.022
1 0.073 0.96 0.026 0.032
1 0.051 0.731 0.03 0.03
1 0.435 0.959 0.022 0.038
1 0.716 0.987 0.028 0.022
1 0.326 0.882 0.012 0.016
1 0.993 0.779 0.01 0.014
1 0.892 0.558 0.024 0.024
1 0.885 0.643 0.03 0.03
1 0.706 0.554 0.024 0.02
1 0.646 0.52 0.032 0.028
1 0.566 0.516 0.02 0.032
1 0.326 0.76 0.024 0.04
1 0.377 0.784 0.014 0.024
1 0.469 0.593 0.022 0.03
1 0.373 0.595 0.018 0.022
1 0.404 0.441 0.032 0.038
1 0.601 0.517 0.03 0.042
1 0.544 0.489 0.016 0.026
1 0.27 0.502 0.044 0.04
1 0.49 0.296 0.032 0.024
1 0.477 0.255 0.014 0.046
1 0.564 0.312 0.04 0.016
1 0.122 0.373 0.02 0.026
1 0.076 0.24 0.02 0.028
1 0.214 0.089 0.024 0.026
1 0.228 0.041 0.032 0.018
1 0.245 0.07 0.03 0.032
2 0.675 0.426 0.042 0.056
2 0.785 0.695 0.018 0.014
2 0.805 0.129 0.022 0.018
2 0.92 0.959 0.032 0.066
2 0.753 0.841 0.01 0.018
2 0.929 0.591 0.038 0.058
2 0.969 0.758 0.018 0.02
2 0.943 0.768 0.03 0.02
2 0.934 0.752 0.024 0.032
2 0.527 0.745 0.018 0.022
2 0.51 0.76 0.008 0.016
2 0.534 0.68 0.036 0.044
2 0.36 0.677 0.036 0.042
2 0.227 0.654 0.022 0.04
2 0.439 0.56 0.014 0.032
2 0.392 0.532 0.044 0.052
2 0.263 0.537 0.014 0.014
2 0.914 0.483 0.016 0.014
2 0.913 0.468 0.014 0.02
2 0.6 0.312 0.028 0.04
2 0.565 0.4 0.046 0.048
2 0.602 0.429 0.04 0.034
2 0.367 0.335 0.022 0.042
2 0.208 0.406 0.02 0.028
2 0.19 0.417 0.016 0.014
2 0.591 0.451 0.022 0.018
2 0.603 0.475 0.014 0.014
2 0.839 0.328 0.014 0.012
2 0.1 0.247 0.016 0.03
2 0.201 0.062 0.018 0.016