0 0.967 0.813 0.046 0.046
0 0.978 0.924 0.036 0.052
0 0.935 0.977 0.034 0.042
0 0.912 0.996 0.028 0.004
0 0.861 0.992 0.03 0.012
0 0.883 0.98 0.018 0.02
0 0.868 0.939 0.036 0.05
0 0.782 0.98 0.036 0.036
0 0.852 0.853 0.04 0.066
0 0.824 0.864 0.024 0.044
0 0.789 0.866 0.022 0.036
0 0.737 0.866 0.03 0.044
0 0.786 0.807 0.052 0.042
0 0.771 0.965 0.03 0.038
0 0.74 0.969 0.032 0.042
0 0.682 0.985 0.032 0.026
0 0.646 0.974 0.032 0.04
0 0.661 0.927 0.03 0.034
0 0.646 0.872 0.032 0.036
0 0.643 0.831 0.038 0.042
0 0.997 0.737 0.002 0.018
0 0.942 0.726 0.024 0.032
0 0.868 0.703 0.032 0.046
0 0.791 0.686 0.038 0.06
0 0.922 0.666 0.032 0.04
0 0.921 0.617 0.03 0.034
0 0.964 0.585 0.044 0.042
0 0.993 0.595 0.01 0.042
0 0.933 0.527 0.03 0.046
0 0.877 0.54 0.034 0.052
0 0.986 0.462 0.024 0.056
0 0.995 0.425 0.006 0.042
0 0.941 0.448 0.03 0.028
0 0.942 0.422 0.032 0.036
0 0.994 0.369 0.008 0.046
0 0.988 0.264 0.02 0.048
0 0.957 0.236 0.034 0.04
0 0.906 0.225 0.036 0.034
0 0.886 0.204 0.032 0.048
0 0.843 0.265 0.018 0.022
0 0.923 0.113 0.014 0.018
0 0.915 0.097 0.022 0.022
0 0.941 0.045 0.026 0.022
0 0.961 0.021 0.03 0.038
0 0.871 0.031 0.034 0.034
0 0.822 0.044 0.032 0.04
0 0.81 0.061 0.024 0.038
0 0.856 0.116 0.04 0.028
0 0.861 0.145 0.034 0.034
0 0.864 0.181 0.028 0.038
0 0.838 0.172 0.028 0.036
0 0.804 0.167 0.036 0.058
0 0.77 0.166 0.04 0.052
0 0.735 0.159 0.018 0.034
0 0.705 0.189 0.026 0.022
0 0.792 0.211 0.028 0.034
0 0.759 0.036 0.034 0.036
0 0.705 0.03 0.03 0.036
0 0.78 0.097 0.04 0.038
0 0.688 0.095 0.036 0.054
0 0.628 0.11 0.036 0.04
0 0.65 0.099 0.028 0.034
0 0.622 0.081 0.048 0.042
0 0.577 0.06 0.034 0.032
0 0.478 0.046 0.04 0.056
0 0.422 0.04 0.036 0.04
0 0.395 0.006 0.038 0.008
0 0.379 0.033 0.034 0.018
0 0.395 0.068 0.03 0.044
0 0.253 0.063 0.038 0.05
0 0.182 0.081 0.024 0.026
0 0.166 0.057 0.02 0.022
0 0.106 0.059 0.024 0.03
0 0.099 0.092 0.038 0.036
0 0.013 0.045 0.022 0.046
0 0.046 0.092 0.032 0.048
0 0.009 0.145 0.014 0.042
0 0.036 0.141 0.036 0.042
0 0.021 0.215 0.034 0.042
0 0.094 0.155 0.032 0.058
0 0.127 0.128 0.034 0.04
0 0.133 0.175 0.03 0.046
0 0.154 0.163 0.024 0.038
0 0.177 0.169 0.026 0.054
0 0.218 0.154 0.028 0.044
0 0.066 0.258 0.02 0.036
0 0.066 0.299 0.036 0.046
0 0.098 0.265 0.036 0.026
0 0.319 0.122 0.026 0.056
0 0.351 0.151 0.042 0.034
0 0.178 0.236 0.036 0.048
0 0.212 0.257 0.028 0.034
0 0.204 0.282 0.02 0.024
0 0.227 0.295 0.026 0.022
0 0.449 0.179 0.026 0.038
0 0.553 0.148 0.03 0.044
0 0.545 0.188 0.022 0.028
0 0.481 0.234 0.03 0.052
0 0.343 0.236 0.034 0.036
0 0.368 0.259 0.04 0.054
0 0.406 0.259 0.036 0.046
0 0.319 0.28 0.03 0.032
0 0.308 0.258 0.032 0.028
0 0.348 0.309 0.04 0.03
0 0.376 0.321 0.024 0.046
0 0.396 0.3 0.024 0.028
0 0.446 0.335 0.036 0.038
0 0.481 0.347 0.038 0.038
0 0.334 0.363 0.02 0.038
0 0.348 0.355 0.02 0.026
0 0.291 0.366 0.026 0.056
0 0.231 0.354 0.038 0.044
0 0.215 0.389 0.03 0.034
0 0.175 0.376 0.03 0.036
0 0.864 0.318 0.032 0.04
0 0.907 0.373 0.022 0.038
0 0.839 0.347 0.022 0.034
0 0.829 0.327 0.018 0.03
0 0.795 0.345 0.022 0.046
0 0.781 0.318 0.022 0.024
0 0.787 0.29 0.026 0.04
0 0.769 0.296 0.026 0.036
0 0.812 0.441 0.036 0.05
0 0.906 0.428 0.024 0.024
0 0.865 0.589 0.026 0.03
0 0.815 0.552 0.026 0.048
0 0.789 0.482 0.038 0.044
0 0.753 0.463 0.034 0.042
0 0.716 0.456 0.032 0.044
0 0.731 0.502 0.022 0.04
0 0.772 0.541 0.032 0.046
0 0.758 0.603 0.028 0.05
0 0.689 0.611 0.03 0.046
0 0.623 0.641 0.038 0.042
0 0.618 0.69 0.032 0.032
0 0.684 0.708 0.028 0.052
0 0.682 0.762 0.036 0.044
0 0.638 0.747 0.048 0.058
0 0.567 0.806 0.03 0.052
0 0.5 0.983 0.032 0.03
0 0.476 0.968 0.032 0.04
0 0.461 0.956 0.042 0.044
0 0.483 0.92 0.026 0.044
0 0.388 0.961 0.032 0.05
0 0.048 0.378 0.024 0.032
0 0.115 0.482 0.03 0.048
0 0.008 0.501 0.012 0.046
0 0.039 0.531 0.034 0.038
0 0.079 0.557 0.022 0.038
0 0.074 0.581 0.02 0.022
0 0.032 0.619 0.032 0.038
0 0.06 0.644 0.044 0.044
0 0.741 0.364 0.022 0.028
0 0.678 0.369 0.04 0.026
0 0.707 0.325 0.038 0.042
0 0.715 0.292 0.034 0.036
0 0.666 0.323 0.036 0.046
0 0.543 0.28 0.038 0.048
0 0.576 0.3 0.032 0.044
0 0.469 0.415 0.03 0.03
0 0.561 0.414 0.034 0.032
0 0.594 0.423 0.024 0.042
0 0.628 0.422 0.032 0.068
0 0.567 0.495 0.034 0.03
0 0.604 0.487 0.032 0.05
0 0.627 0.509 0.026 0.042
0 0.592 0.574 0.032 0.036
0 0.532 0.567 0.032 0.042
0 0.51 0.728 0.028 0.04
0 0.487 0.738 0.034 0.036
0 0.483 0.654 0.042 0.04
0 0.444 0.696 0.052 0.06
0 0.451 0.566 0.046 0.06
0 0.382 0.458 0.024 0.028
0 0.225 0.476 0.042 0.056
0 0.257 0.475 0.034 0.07
0 0.313 0.523 0.03 0.042
0 0.354 0.51 0.032 0.048
0 0.32 0.561 0.032 0.034
0 0.328 0.546 0.028 0.024
0 0.411 0.538 0.026 0.036
0 0.384 0.561 0.036 0.054
0 0.311 0.634 0.03 0.048
0 0.332 0.614 0.024 0.044
0 0.355 0.672 0.042 0.052
0 0.283 0.709 0.034 0.054
0 0.17 0.659 0.024 0.046
0 0.149 0.628 0.022 0.06
0 0.122 0.643 0.024 0.05
0 0.094 0.705 0.032 0.034
0 0.061 0.732 0.038 0.04
0 0.025 0.747 0.03 0.03
0 0.056 0.823 0.036 0.038
0 0.22 0.782 0.04 0.04
0 0.456 0.825 0.032 0.046
0 0.459 0.864 0.046 0.036
0 0.391 0.849 0.034 0.042
0 0.323 0.87 0.034 0.056
0 0.357 0.836 0.038 0.044
0 0.358 0.792 0.04 0.04
0 0.383 0.781 0.022 0.026
0 0.331 0.762 0.05 0.06
0 0.291 0.786 0.03 0.044
0 0.149 0.825 0.03 0.062
0 0.03 0.889 0.036 0.058
0 0.006 0.894 0.008 0.024
0 0.14 0.979 0.036 0.038
0 0.078 0.99 0.032 0.016
0 0.041 0.992 0.022 0.012
0 0.08 0.913 0.032 0.058
0 0.102 0.895 0.024 0.046
0 0.124 0.892 0.028 0.06
0 0.15 0.892 0.024 0.044
0 0.168 0.887 0.02 0.03
0 0.159 0.921 0.042 0.046
1 0.988 0.827 0.02 0.034
1 0.932 0.953 0.028 0.014
1 0.816 0.94 0.02 0.02
1 0.756 0.833 0.02 0.03
1 0.864 0.807 0.012 0.014
1 0.87 0.789 0.012 0.026
1 0.763 0.943 0.018 0.022
1 0.723 0.926 0.022 0.02
1 0.648 0.948 0.016 0.028
1 0.825 0.702 0.014 0.036
1 0.826 0.664 0.02 0.02
1 0.969 0.623 0.022 0.018
1 0.993 0.52 0.01 0.032
1 0.957 0.372 0.018 0.028
1 0.967 0.093 0.018 0.022
1 0.734 0.187 0.008 0.014
1 0.727 0.234 0.014 0.036
1 0.782 0.252 0.028 0.02
1 0.81 0.263 0.032 0.014
1 0.54 0.034 0.02 0.036
1 0.451 0.087 0.026 0.018
1 0.387 0.107 0.038 0.026
1 0.304 0.015 0.032 0.026
1 0.221 0.074 0.018 0.024
1 0.252 0.027 0.012 0.018
1 0.107 0.22 0.018 0.02
1 0.299 0.122 0.022 0.028
1 0.28 0.199 0.02 0.026
1 0.211 0.222 0.018 0.024
1 0.168 0.273 0.024 0.018
1 0.535 0.21 0.022 0.024
1 0.498 0.205 0.024 0.034
1 0.494 0.25 0.012 0.016
1 0.393 0.353 0.018 0.03
1 0.316 0.386 0.016 0.016
1 0.151 0.417 0.022 0.018
1 0.918 0.351 0.016 0.01
1 0.928 0.349 0.008 0.014
1 0.914 0.324 0.02 0.02
1 0.887 0.464 0.022 0.028
1 0.895 0.48 0.022 0.02
1 0.823 0.601 0.022 0.026
1 0.757 0.567 0.014 0.014
1 0.734 0.576 0.02 0.024
1 0.611 0.726 0.03 0.02
1 0.538 0.874 0.016 0.024
1 0.423 0.992 0.018 0.012
1 0.321 0.989 0.03 0.018
1 0.084 0.356 0.02 0.02
1 0.148 0.473 0.016 0.018
1 0.02 0.591 0.016 0.014
1 0.659 0.277 0.014 0.018
1 0.664 0.264 0.016 0.016
1 0.641 0.158 0.018 0.028
1 0.646 0.185 0.016 0.03
1 0.557 0.336 0.026 0.028
1 0.546 0.461 0.02 0.018
1 0.568 0.551 0.024 0.022
1 0.534 0.548 0.02 0.016
1 0.556 0.733 0.016 0.026
1 0.56 0.709 0.02 0.022
1 0.569 0.682 0.014 0.008
1 0.45 0.767 0.02 0.022
1 0.412 0.47 0.016 0.024
1 0.263 0.549 0.03 0.022
1 0.262 0.58 0.028 0.02
1 0.367 0.547 0.01 0.018
1 0.263 0.727 0.01 0.026
1 0.257 0.679 0.006 0.034
1 0.24 0.683 0.02 0.026
1 0.203 0.625 0.022 0.022
1 0.149 0.542 0.026 0.024
1 0.132 0.753 0.02 0.03
1 0.253 0.816 0.022 0.028
1 0.006 0.967 0.008 0.014
1 0.007 0.981 0.01 0.01
1 0.26 0.953 0.016 0.058
1 0.233 0.945 0.026 0.034
1 0.242 0.901 0.032 0.022
2 0.985 0.892 0.026 0.028
2 0.673 0.841 0.022 0.042
2 0.869 0.009 0.026 0.014
2 0.748 0.195 0.016 0.018
2 0.78 0.01 0.032 0.016
2 0.183 0.26 0.022 0.012
2 0.354 0.391 0.016 0.018
2 0.573 0.974 0.022 0.028
2 0.133 0.389 0.014 0.014
2 0.063 0.615 0.022 0.018
2 0.58 0.23 0.016 0.036
2 0.618 0.212 0.016 0.024
2 0.518 0.323 0.02 0.034
2 0.537 0.399 0.026 0.03
2 0.368 0.633 0.028 0.042
2 0.253 0.8 0.03 0.028
2 0.298 0.835 0.024 0.03
2 0.165 0.815 0.03 0.042
2 0.561 0.936 0.018 0.012