0 0.175 0.548 0.054 0.096
0 0.035 0.511 0.054 0.098
0 0.1 0.543 0.036 0.074
0 0.044 0.611 0.04 0.034
0 0.249 0.548 0.058 0.08
0 0.297 0.662 0.046 0.072
0 0.397 0.654 0.03 0.06
0 0.34 0.752 0.04 0.06
0 0.243 0.773 0.046 0.058
0 0.265 0.803 0.03 0.05
0 0.332 0.827 0.048 0.054
0 0.325 0.862 0.038 0.032
0 0.411 0.841 0.062 0.054
0 0.274 0.965 0.036 0.05
0 0.183 0.938 0.066 0.108
0 0.096 0.922 0.044 0.064
0 0.073 0.955 0.03 0.034
0 0.086 0.983 0.04 0.03
0 0.027 0.786 0.042 0.06
0 0.138 0.721 0.06 0.062
0 0.13 0.66 0.06 0.06
0 0.049 0.37 0.042 0.044
0 0.097 0.288 0.058 0.072
0 0.028 0.247 0.048 0.062
0 0.107 0.229 0.042 0.058
0 0.058 0.155 0.048 0.066
0 0.139 0.143 0.03 0.046
0 0.203 0.136 0.066 0.068
0 0.255 0.22 0.042 0.06
0 0.3 0.225 0.028 0.046
0 0.306 0.173 0.04 0.042
0 0.392 0.21 0.044 0.068
0 0.432 0.216 0.04 0.052
0 0.154 0.387 0.04 0.042
0 0.126 0.351 0.036 0.046
0 0.193 0.336 0.034 0.048
0 0.257 0.378 0.046 0.06
0 0.283 0.477 0.046 0.062
0 0.233 0.462 0.042 0.032
0 0.304 0.34 0.036 0.056
0 0.325 0.348 0.022 0.048
0 0.345 0.37 0.034 0.044
0 0.36 0.33 0.04 0.036
0 0.378 0.312 0.032 0.052
0 0.376 0.484 0.052 0.064
0 0.431 0.424 0.062 0.072
0 0.373 0.392 0.062 0.076
0 0.489 0.245 0.038 0.07
0 0.486 0.303 0.032 0.038
0 0.541 0.284 0.05 0.08
0 0.565 0.242 0.05 0.04
0 0.622 0.206 0.04 0.036
0 0.616 0.179 0.052 0.038
0 0.461 0.962 0.054 0.072
0 0.546 0.958 0.056 0.072
0 0.573 0.813 0.046 0.066
0 0.526 0.764 0.068 0.084
0 0.474 0.74 0.032 0.08
0 0.635 0.964 0.054 0.068
0 0.65 0.902 0.056 0.084
0 0.746 0.97 0.048 0.056
0 0.793 0.968 0.046 0.06
0 0.917 0.943 0.042 0.042
0 0.244 0.085 0.036 0.042
0 0.29 0.082 0.04 0.068
0 0.33 0.08 0.04 0.068
0 0.389 0.072 0.046 0.064
0 0.415 0.146 0.05 0.048
0 0.492 0.081 0.044 0.078
0 0.546 0.071 0.036 0.074
0 0.586 0.058 0.036 0.044
0 0.104 0.031 0.044 0.058
0 0.114 0.06 0.04 0.064
0 0.161 0.031 0.05 0.058
0 0.046 0.049 0.044 0.082
0 0.634 0.091 0.048 0.094
0 0.675 0.063 0.046 0.07
0 0.747 0.039 0.054 0.042
0 0.743 0.104 0.058 0.076
0 0.797 0.165 0.058 0.082
0 0.76 0.202 0.032 0.052
0 0.726 0.185 0.032 0.03
0 0.838 0.089 0.04 0.066
0 0.89 0.226 0.036 0.048
0 0.897 0.169 0.03 0.042
0 0.844 0.208 0.032 0.056
0 0.915 0.258 0.034 0.04
0 0.949 0.267 0.026 0.042
0 0.978 0.172 0.032 0.032
0 0.923 0.083 0.038 0.05
0 0.879 0.891 0.046 0.054
0 0.855 0.852 0.058 0.056
0 0.832 0.807 0.04 0.066
0 0.942 0.853 0.036 0.058
0 0.685 0.74 0.066 0.088
0 0.78 0.723 0.048 0.082
0 0.72 0.655 0.048 0.074
0 0.722 0.603 0.048 0.042
0 0.753 0.696 0.034 0.056
0 0.82 0.729 0.036 0.034
0 0.807 0.657 0.054 0.086
0 0.749 0.554 0.046 0.06
0 0.866 0.594 0.04 0.056
0 0.95 0.593 0.04 0.054
0 0.963 0.698 0.058 0.068
0 0.908 0.671 0.036 0.038
0 0.546 0.619 0.036 0.054
0 0.608 0.634 0.056 0.068
0 0.541 0.509 0.066 0.05
0 0.51 0.435 0.06 0.054
0 0.689 0.341 0.058 0.082
0 0.682 0.269 0.032 0.05
0 0.683 0.458 0.05 0.068
0 0.656 0.463 0.052 0.058
0 0.718 0.397 0.04 0.042
0 0.815 0.4 0.042 0.04
0 0.855 0.413 0.042 0.05
0 0.82 0.48 0.032 0.04
0 0.858 0.454 0.04 0.048
0 0.943 0.406 0.034 0.06
0 0.982 0.411 0.032 0.058
0 0.864 0.295 0.036 0.062
0 0.899 0.308 0.054 0.064
0 0.975 0.496 0.046 0.044
1 0.109 0.606 0.022 0.028
1 0.022 0.638 0.008 0.016
1 0.037 0.646 0.018 0.02
1 0.042 0.673 0.024 0.018
1 0.282 0.58 0.02 0.024
1 0.377 0.853 0.018 0.018
1 0.403 0.895 0.022 0.018
1 0.395 0.923 0.018 0.014
1 0.364 0.943 0.024 0.018
1 0.151 0.969 0.018 0.022
1 0.221 0.916 0.018 0.02
1 0.079 0.87 0.034 0.032
1 0.132 0.862 0.024 0.02
1 0.161 0.873 0.026 0.01
1 0.098 0.867 0.008 0.018
1 0.061 0.828 0.022 0.02
1 0.006 0.815 0.012 0.022
1 0.209 0.752 0.014 0.028
1 0.172 0.607 0.032 0.022
1 0.238 0.653 0.016 0.026
1 0.224 0.636 0.016 0.02
1 0.016 0.326 0.024 0.02
1 0.081 0.199 0.018 0.03
1 0.21 0.185 0.02 0.014
1 0.239 0.153 0.014 0.018
1 0.333 0.195 0.022 0.022
1 0.458 0.215 0.016 0.038
1 0.465 0.184 0.018 0.028
1 0.211 0.439 0.022 0.026
1 0.097 0.405 0.022 0.022
1 0.409 0.47 0.018 0.028
1 0.421 0.268 0.03 0.024
1 0.473 0.248 0.03 0.024
1 0.566 0.211 0.02 0.014
1 0.41 0.975 0.024 0.022
1 0.488 0.987 0.016 0.022
1 0.523 0.905 0.022 0.022
1 0.573 0.869 0.026 0.034
1 0.528 0.851 0.02 0.03
1 0.393 0.711 0.026 0.022
1 0.381 0.733 0.022 0.022
1 0.536 0.714 0.028 0.024
1 0.554 0.732 0.016 0.012
1 0.348 0.615 0.028 0.014
1 0.414 0.026 0.02 0.032
1 0.402 0.106 0.016 0.04
1 0.013 0.077 0.014 0.022
1 0.735 0.21 0.018 0.02
1 0.644 0.143 0.036 0.026
1 0.674 0.146 0.016 0.032
1 0.842 0.038 0.016 0.028
1 0.842 0.015 0.024 0.022
1 0.873 0.823 0.018 0.022
1 0.637 0.779 0.03 0.042
1 0.794 0.79 0.02 0.024
1 0.81 0.773 0.024 0.026
1 0.74 0.745 0.024 0.03
1 0.769 0.6 0.03 0.024
1 0.858 0.629 0.032 0.018
1 0.919 0.612 0.026 0.016
1 0.99 0.564 0.016 0.036
1 0.915 0.712 0.014 0.016
1 0.477 0.659 0.026 0.034
1 0.452 0.598 0.028 0.032
1 0.479 0.625 0.034 0.034
1 0.586 0.549 0.02 0.046
1 0.648 0.619 0.02 0.042
1 0.572 0.627 0.024 0.03
1 0.647 0.64 0.034 0.044
1 0.499 0.646 0.022 0.02
1 0.516 0.628 0.02 0.016
1 0.488 0.479 0.024 0.014
1 0.525 0.441 0.014 0.034
1 0.546 0.434 0.028 0.016
1 0.71 0.365 0.024 0.022
1 0.715 0.288 0.022 0.032
1 0.66 0.264 0.024 0.028
1 0.757 0.376 0.022 0.02
1 0.809 0.438 0.022 0.024
1 0.779 0.486 0.018 0.016
1 0.889 0.534 0.014 0.02
1 0.846 0.318 0.024 0.036
1 0.948 0.312 0.02 0.032
2 0.054 0.531 0.02 0.038
2 0.079 0.572 0.03 0.036
2 0.082 0.697 0.024 0.026
2 0.056 0.686 0.024 0.036
2 0.107 0.186 0.022 0.02
2 0.37 0.754 0.024 0.024
2 0.41 0.739 0.02 0.022
2 0.446 0.734 0.02 0.016
2 0.447 0.713 0.018 0.018
2 0.696 0.9 0.02 0.02
2 0.581 0.016 0.034 0.028
2 0.535 0.188 0.022 0.056
2 0.666 0.816 0.032 0.04
2 0.705 0.834 0.03 0.052
2 0.975 0.606 0.046 0.02
2 0.535 0.396 0.026 0.028
2 0.511 0.365 0.018 0.026
2 0.563 0.338 0.022 0.02
2 0.702 0.498 0.02 0.02
2 0.821 0.32 0.022 0.044