0 0.104 0.024 0.036 0.036
0 0.146 0.035 0.036 0.042
0 0.167 0.051 0.026 0.026
0 0.101 0.112 0.038 0.036
0 0.01 0.085 0.02 0.03
0 0.025 0.114 0.042 0.048
0 0.016 0.185 0.032 0.03
0 0.036 0.169 0.04 0.034
0 0.074 0.168 0.048 0.044
0 0.006 0.272 0.012 0.044
0 0.053 0.337 0.034 0.05
0 0.109 0.305 0.042 0.042
0 0.179 0.23 0.042 0.056
0 0.188 0.285 0.052 0.046
0 0.194 0.153 0.036 0.042
0 0.238 0.066 0.036 0.048
0 0.322 0.079 0.052 0.07
0 0.319 0.135 0.034 0.042
0 0.446 0.041 0.048 0.066
0 0.483 0.057 0.038 0.046
0 0.383 0.133 0.05 0.05
0 0.408 0.141 0.028 0.022
0 0.459 0.153 0.042 0.038
0 0.566 0.125 0.028 0.03
0 0.459 0.21 0.038 0.048
0 0.24 0.262 0.028 0.028
0 0.189 0.334 0.058 0.032
0 0.141 0.372 0.042 0.044
0 0.122 0.412 0.04 0.028
0 0.065 0.459 0.022 0.03
0 0.051 0.48 0.03 0.024
0 0.034 0.488 0.02 0.024
0 0.043 0.535 0.034 0.034
0 0.015 0.698 0.03 0.028
0 0.011 0.726 0.022 0.028
0 0.077 0.877 0.042 0.034
0 0.116 0.828 0.044 0.032
0 0.162 0.827 0.04 0.038
0 0.219 0.888 0.054 0.036
0 0.205 0.994 0.03 0.008
0 0.296 0.993 0.032 0.01
0 0.346 0.948 0.024 0.028
0 0.392 0.945 0.02 0.022
0 0.274 0.892 0.044 0.028
0 0.318 0.901 0.052 0.034
0 0.289 0.836 0.054 0.044
0 0.18 0.774 0.048 0.044
0 0.15 0.756 0.052 0.04
0 0.158 0.658 0.036 0.032
0 0.196 0.685 0.04 0.03
0 0.216 0.698 0.036 0.032
0 0.251 0.718 0.042 0.028
0 0.346 0.831 0.032 0.026
0 0.357 0.798 0.03 0.024
0 0.379 0.794 0.03 0.028
0 0.401 0.789 0.026 0.026
0 0.375 0.745 0.034 0.022
0 0.32 0.743 0.048 0.026
0 0.325 0.706 0.042 0.052
0 0.322 0.645 0.048 0.05
0 0.316 0.613 0.024 0.03
0 0.273 0.616 0.022 0.028
0 0.241 0.638 0.038 0.032
0 0.267 0.589 0.042 0.022
0 0.262 0.554 0.036 0.044
0 0.199 0.516 0.042 0.048
0 0.147 0.6 0.022 0.02
0 0.143 0.573 0.05 0.038
0 0.17 0.575 0.04 0.03
0 0.104 0.574 0.032 0.028
0 0.11 0.545 0.024 0.018
0 0.226 0.422 0.048 0.036
0 0.259 0.383 0.038 0.026
0 0.325 0.342 0.038 0.028
0 0.366 0.297 0.032 0.042
0 0.421 0.272 0.022 0.016
0 0.42 0.299 0.016 0.018
0 0.411 0.228 0.026 0.052
0 0.461 0.31 0.042 0.04
0 0.393 0.449 0.038 0.034
0 0.428 0.445 0.02 0.018
0 0.425 0.396 0.042 0.024
0 0.41 0.515 0.052 0.046
0 0.461 0.518 0.038 0.04
0 0.527 0.459 0.03 0.042
0 0.556 0.461 0.036 0.058
0 0.419 0.632 0.038 0.04
0 0.448 0.693 0.044 0.05
0 0.522 0.985 0.096 0.026
0 0.485 0.944 0.046 0.024
0 0.451 0.942 0.038 0.032
0 0.445 0.914 0.03 0.024
0 0.392 0.917 0.028 0.026
0 0.514 0.866 0.04 0.032
0 0.567 0.884 0.038 0.036
0 0.602 0.841 0.024 0.022
0 0.579 0.81 0.058 0.036
0 0.534 0.794 0.028 0.02
0 0.464 0.782 0.028 0.024
0 0.481 0.763 0.034 0.038
0 0.511 0.741 0.05 0.03
0 0.553 0.753 0.03 0.026
0 0.526 0.679 0.036 0.046
0 0.531 0.624 0.03 0.028
0 0.555 0.209 0.046 0.05
0 0.572 0.291 0.044 0.066
0 0.504 0.378 0.044 0.032
0 0.542 0.39 0.04 0.032
0 0.569 0.405 0.042 0.03
0 0.669 0.434 0.042 0.032
0 0.652 0.408 0.056 0.028
0 0.685 0.006 0.03 0.012
0 0.804 0.016 0.044 0.032
0 0.683 0.05 0.042 0.036
0 0.644 0.101 0.044 0.042
0 0.682 0.128 0.048 0.044
0 0.752 0.149 0.04 0.042
0 0.708 0.068 0.016 0.028
0 0.799 0.07 0.034 0.052
0 0.97 0.016 0.048 0.032
0 0.904 0.062 0.052 0.044
0 0.89 0.092 0.032 0.052
0 0.901 0.153 0.054 0.042
0 0.837 0.19 0.038 0.028
0 0.875 0.196 0.034 0.02
0 0.895 0.214 0.018 0.016
0 0.858 0.251 0.04 0.034
0 0.817 0.242 0.046 0.032
0 0.832 0.278 0.04 0.048
0 0.956 0.228 0.036 0.04
0 0.992 0.189 0.012 0.026
0 0.64 0.332 0.032 0.048
0 0.697 0.357 0.03 0.022
0 0.714 0.295 0.02 0.03
0 0.734 0.32 0.052 0.036
0 0.735 0.369 0.034 0.026
0 0.718 0.442 0.028 0.036
0 0.914 0.44 0.084 0.048
0 0.988 0.57 0.02 0.024
0 0.948 0.583 0.044 0.038
0 0.993 0.71 0.01 0.028
0 0.855 0.619 0.034 0.042
0 0.836 0.668 0.036 0.036
0 0.662 0.683 0.056 0.05
0 0.713 0.777 0.042 0.026
0 0.672 0.825 0.052 0.026
0 0.687 0.849 0.046 0.03
0 0.668 0.91 0.044 0.028
0 0.697 0.932 0.046 0.028
0 0.659 0.955 0.042 0.018
0 0.651 0.986 0.046 0.024
0 0.733 0.996 0.018 0.004
0 0.735 0.962 0.026 0.024
0 0.77 0.954 0.02 0.024
0 0.992 0.993 0.012 0.01
0 0.953 0.986 0.046 0.024
0 0.989 0.956 0.018 0.028
0 0.876 0.975 0.064 0.038
0 0.847 0.945 0.042 0.03
0 0.955 0.882 0.03 0.052
0 0.924 0.88 0.032 0.048
0 0.886 0.857 0.032 0.042
0 0.846 0.884 0.044 0.044
0 0.924 0.797 0.04 0.034
0 0.911 0.772 0.046 0.032
0 0.807 0.845 0.05 0.034
0 0.784 0.8 0.044 0.024
0 0.805 0.771 0.046 0.034
1 0.068 0.28 0.02 0.016
1 0.008 0.436 0.016 0.016
1 0.216 0.08 0.016 0.02
1 0.338 0.006 0.02 0.012
1 0.365 0.064 0.022 0.028
1 0.294 0.138 0.012 0.02
1 0.559 0.098 0.014 0.012
1 0.033 0.779 0.026 0.014
1 0.037 0.83 0.022 0.028
1 0.049 0.816 0.022 0.032
1 0.009 0.915 0.018 0.01
1 0.094 0.927 0.028 0.014
1 0.226 0.975 0.016 0.018
1 0.17 0.636 0.012 0.016
1 0.276 0.735 0.024 0.018
1 0.234 0.778 0.016 0.016
1 0.327 0.687 0.018 0.018
1 0.264 0.438 0.016 0.028
1 0.317 0.52 0.038 0.04
1 0.487 0.481 0.018 0.026
1 0.524 0.554 0.024 0.024
1 0.517 0.909 0.022 0.022
1 0.424 0.887 0.016 0.022
1 0.588 0.778 0.028 0.016
1 0.525 0.596 0.026 0.016
1 0.574 0.585 0.024 0.026
1 0.73 0.002 0.02 0.004
1 0.631 0.064 0.022 0.032
1 0.738 0.079 0.024 0.026
1 0.836 0.069 0.012 0.062
1 0.993 0.098 0.01 0.036
1 0.898 0.143 0.032 0.022
1 0.94 0.201 0.024 0.014
1 0.961 0.169 0.026 0.018
1 0.756 0.227 0.028 0.018
1 0.728 0.223 0.036 0.03
1 0.694 0.209 0.028 0.014
1 0.681 0.221 0.018 0.014
1 0.622 0.368 0.04 0.016
1 0.647 0.379 0.03 0.018
1 0.69 0.496 0.028 0.032
1 0.729 0.519 0.03 0.022
1 0.796 0.514 0.032 0.016
1 0.812 0.38 0.02 0.02
1 0.922 0.326 0.024 0.02
1 0.87 0.333 0.024 0.01
1 0.959 0.321 0.01 0.018
1 0.933 0.499 0.022 0.034
1 0.89 0.542 0.02 0.02
1 0.916 0.534 0.016 0.016
1 0.95 0.531 0.028 0.018
1 0.977 0.512 0.026 0.02
1 0.928 0.62 0.036 0.024
1 0.955 0.682 0.026 0.036
1 0.789 0.601 0.038 0.026
1 0.756 0.574 0.024 0.036
1 0.622 0.653 0.036 0.034
1 0.612 0.746 0.016 0.016
1 0.631 0.749 0.018 0.018
1 0.651 0.766 0.022 0.02
1 0.672 0.762 0.02 0.024
1 0.638 0.893 0.028 0.026
1 0.781 0.97 0.01 0.008
1 0.758 0.934 0.02 0.016
1 0.759 0.903 0.018 0.026
1 0.983 0.83 0.026 0.02
1 0.991 0.775 0.014 0.022
1 0.949 0.754 0.018 0.02
1 0.863 0.705 0.018 0.014
2 0.281 0.057 0.03 0.018
2 0.106 0.369 0.016 0.014
2 0.044 0.583 0.02 0.018
2 0.029 0.728 0.014 0.02
2 0.1 0.858 0.016 0.024
2 0.069 0.93 0.034 0.028
2 0.081 0.986 0.038 0.024
2 0.112 0.987 0.032 0.022
2 0.401 0.268 0.01 0.024
2 0.402 0.39 0.036 0.032
2 0.338 0.485 0.016 0.026
2 0.286 0.505 0.012 0.022
2 0.209 0.563 0.018 0.022
2 0.665 0.244 0.022 0.024
2 0.789 0.5 0.042 0.036
2 0.793 0.36 0.03 0.024
2 0.952 0.28 0.032 0.04
2 0.933 0.381 0.042 0.046
2 0.661 0.614 0.038 0.04
2 0.599 0.62 0.014 0.02
2 0.702 0.692 0.02 0.028
2 0.872 0.679 0.024 0.022
2 0.925 0.73 0.018 0.036
2 0.882 0.74 0.02 0.02
2 0.883 0.715 0.022 0.014
2 0.867 0.794 0.026 0.02
2 0.85 0.791 0.012 0.014
2 0.836 0.777 0.008 0.014
2 0.863 0.856 0.014 0.028
2 0.898 0.942 0.012 0.028
2 0.973 0.951 0.014 0.014
2 0.764 0.772 0.02 0.012
2 0.782 0.756 0.016 0.02
2 0.804 0.637 0.012 0.014
2 0.831 0.635 0.01 0.014
2 0.041 0.014 0.014 0.028
2 0.076 0.134 0.012 0.024
2 0.232 0.114 0.028 0.028
2 0.073 0.203 0.03 0.022
2 0.159 0.267 0.026 0.022
2 0.155 0.326 0.01 0.012