0 0.94 0.961 0.044 0.058
0 0.953 0.863 0.046 0.07
0 0.784 0.951 0.04 0.058
0 0.754 0.946 0.036 0.044
0 0.909 0.833 0.038 0.05
0 0.932 0.813 0.036 0.054
0 0.776 0.696 0.032 0.056
0 0.868 0.773 0.032 0.042
0 0.661 0.842 0.038 0.04
0 0.633 0.862 0.026 0.064
0 0.604 0.832 0.032 0.048
0 0.564 0.849 0.048 0.066
0 0.726 0.838 0.036 0.044
0 0.71 0.797 0.036 0.042
0 0.776 0.794 0.032 0.036
0 0.864 0.878 0.032 0.036
0 0.918 0.988 0.052 0.02
0 0.992 0.985 0.012 0.026
0 0.993 0.937 0.01 0.046
0 0.991 0.883 0.014 0.058
0 0.988 0.753 0.02 0.058
0 0.984 0.603 0.028 0.05
0 0.984 0.66 0.028 0.088
0 0.962 0.545 0.032 0.046
0 0.846 0.638 0.048 0.044
0 0.846 0.666 0.032 0.02
0 0.788 0.635 0.036 0.046
0 0.862 0.61 0.032 0.064
0 0.928 0.408 0.036 0.052
0 0.916 0.343 0.04 0.05
0 0.899 0.285 0.034 0.05
0 0.953 0.221 0.038 0.046
0 0.982 0.342 0.032 0.052
0 0.984 0.3 0.028 0.04
0 0.823 0.365 0.034 0.042
0 0.829 0.421 0.042 0.046
0 0.876 0.444 0.036 0.044
0 0.796 0.459 0.032 0.046
0 0.626 0.522 0.036 0.04
0 0.633 0.424 0.03 0.052
0 0.545 0.392 0.034 0.048
0 0.5 0.34 0.028 0.04
0 0.521 0.327 0.026 0.038
0 0.52 0.572 0.04 0.044
0 0.496 0.581 0.036 0.042
0 0.345 0.632 0.046 0.052
0 0.416 0.671 0.04 0.058
0 0.483 0.729 0.034 0.05
0 0.515 0.718 0.034 0.052
0 0.502 0.681 0.036 0.046
0 0.462 0.691 0.04 0.046
0 0.616 0.797 0.04 0.046
0 0.597 0.728 0.046 0.052
0 0.654 0.667 0.036 0.074
0 0.581 0.668 0.042 0.06
0 0.524 0.619 0.032 0.042
0 0.609 0.634 0.042 0.044
0 0.587 0.61 0.038 0.052
0 0.498 0.839 0.048 0.066
0 0.444 0.86 0.04 0.064
0 0.442 0.976 0.036 0.044
0 0.512 0.936 0.036 0.06
0 0.371 0.98 0.03 0.036
0 0.294 0.942 0.04 0.076
0 0.264 0.973 0.028 0.046
0 0.283 0.99 0.03 0.016
0 0.134 0.988 0.036 0.02
0 0.041 0.988 0.034 0.02
0 0.117 0.95 0.038 0.088
0 0.081 0.955 0.03 0.066
0 0.021 0.818 0.03 0.06
0 0.082 0.829 0.028 0.062
0 0.116 0.815 0.04 0.046
0 0.116 0.855 0.036 0.042
0 0.165 0.815 0.05 0.042
0 0.208 0.866 0.028 0.048
0 0.242 0.847 0.028 0.054
0 0.319 0.779 0.038 0.062
0 0.309 0.735 0.038 0.054
0 0.274 0.745 0.028 0.05
0 0.231 0.773 0.034 0.062
0 0.357 0.81 0.034 0.088
0 0.398 0.844 0.04 0.044
0 0.396 0.79 0.04 0.04
0 0.226 0.625 0.04 0.046
0 0.167 0.673 0.026 0.046
0 0.112 0.744 0.032 0.068
0 0.02 0.679 0.036 0.058
0 0.145 0.583 0.042 0.046
0 0.033 0.596 0.038 0.048
0 0.016 0.552 0.028 0.056
0 0.097 0.54 0.046 0.048
0 0.122 0.485 0.032 0.054
0 0.057 0.465 0.038 0.042
0 0.014 0.469 0.024 0.046
0 0.06 0.425 0.052 0.042
0 0.081 0.357 0.03 0.05
0 0.104 0.365 0.032 0.046
0 0.015 0.324 0.026 0.064
0 0.023 0.28 0.034 0.044
0 0.092 0.287 0.056 0.046
0 0.163 0.227 0.042 0.042
0 0.19 0.245 0.04 0.046
0 0.262 0.231 0.032 0.038
0 0.295 0.221 0.026 0.054
0 0.333 0.206 0.038 0.06
0 0.352 0.178 0.032 0.036
0 0.373 0.231 0.034 0.034
0 0.397 0.242 0.038 0.04
0 0.319 0.329 0.05 0.054
0 0.341 0.375 0.038 0.046
0 0.303 0.398 0.038 0.036
0 0.379 0.373 0.03 0.042
0 0.317 0.466 0.034 0.048
0 0.274 0.545 0.044 0.05
0 0.225 0.525 0.038 0.046
0 0.171 0.537 0.034 0.05
0 0.326 0.558 0.04 0.048
0 0.352 0.58 0.032 0.016
0 0.416 0.526 0.028 0.036
0 0.418 0.554 0.032 0.044
0 0.58 0.443 0.036 0.038
0 0.819 0.469 0.03 0.042
0 0.825 0.486 0.038 0.052
0 0.682 0.453 0.04 0.046
0 0.7 0.367 0.036 0.038
0 0.722 0.396 0.032 0.052
0 0.721 0.345 0.03 0.042
0 0.661 0.344 0.038 0.044
0 0.692 0.294 0.032 0.036
0 0.746 0.286 0.032 0.044
0 0.624 0.316 0.04 0.044
0 0.636 0.241 0.028 0.042
0 0.67 0.23 0.032 0.048
0 0.65 0.15 0.044 0.044
0 0.604 0.149 0.036 0.05
0 0.589 0.192 0.034 0.036
0 0.593 0.25 0.038 0.036
0 0.511 0.258 0.034 0.036
0 0.549 0.191 0.03 0.038
0 0.486 0.125 0.032 0.042
0 0.585 0.011 0.038 0.018
0 0.585 0.058 0.042 0.044
0 0.64 0.054 0.044 0.048
0 0.653 0.027 0.03 0.042
0 0.721 0.074 0.038 0.048
0 0.756 0.02 0.044 0.036
0 0.878 0.02 0.032 0.036
0 0.956 0.039 0.04 0.062
0 0.922 0.154 0.032 0.048
0 0.97 0.095 0.04 0.05
0 0.989 0.107 0.018 0.046
0 0.829 0.275 0.026 0.058
0 0.228 0.477 0.032 0.046
0 0.187 0.455 0.038 0.046
0 0.211 0.392 0.038 0.048
0 0.2 0.305 0.032 0.054
0 0.244 0.317 0.036 0.046
0 0.016 0.169 0.028 0.07
0 0.004 0.22 0.004 0.032
0 0.074 0.108 0.036 0.044
0 0.108 0.133 0.036 0.054
0 0.133 0.105 0.034 0.05
0 0.095 0.065 0.042 0.038
0 0.032 0.051 0.04 0.05
0 0.228 0.103 0.04 0.046
0 0.282 0.066 0.036 0.04
0 0.278 0.128 0.032 0.044
0 0.32 0.049 0.036 0.058
0 0.355 0.058 0.03 0.06
0 0.439 0.049 0.038 0.054
0 0.489 0.023 0.042 0.042
0 0.426 0.01 0.028 0.016
0 0.466 0.224 0.032 0.032
0 0.403 0.448 0.042 0.052
0 0.254 0.052 0.032 0.068
1 0.693 0.83 0.018 0.02
1 0.675 0.872 0.018 0.028
1 0.853 0.916 0.018 0.028
1 0.837 0.943 0.014 0.018
1 0.392 0.657 0.032 0.03
1 0.392 0.614 0.024 0.028
1 0.165 0.841 0.03 0.026
1 0.265 0.824 0.018 0.044
1 0.272 0.784 0.028 0.028
1 0.463 0.778 0.026 0.02
1 0.469 0.756 0.03 0.032
1 0.362 0.745 0.024 0.034
1 0.323 0.692 0.018 0.024
1 0.046 0.684 0.02 0.044
1 0.104 0.648 0.036 0.032
1 0.079 0.577 0.022 0.014
1 0.08 0.56 0.012 0.02
1 0.118 0.453 0.036 0.018
1 0.034 0.344 0.012 0.036
1 0.05 0.294 0.024 0.024
1 0.134 0.281 0.02 0.026
1 0.214 0.241 0.016 0.018
1 0.215 0.216 0.014 0.032
1 0.217 0.169 0.018 0.026
1 0.192 0.522 0.012 0.02
1 0.253 0.452 0.018 0.028
1 0.491 0.454 0.022 0.024
1 0.513 0.384 0.026 0.024
1 0.712 0.511 0.02 0.026
1 0.687 0.489 0.026 0.022
1 0.474 0.103 0.024 0.022
1 0.559 0.011 0.026 0.018
1 0.683 0.027 0.022 0.018
1 0.979 0.145 0.022 0.026
1 0.827 0.175 0.03 0.026
1 0.839 0.223 0.03 0.022
1 0.784 0.275 0.02 0.03
1 0.903 0.59 0.034 0.016
1 0.914 0.569 0.024 0.022
1 0.699 0.697 0.018 0.034
1 0.697 0.736 0.022 0.028
1 0.663 0.763 0.026 0.038
1 0.691 0.573 0.038 0.03
1 0.337 0.949 0.026 0.042
1 0.35 0.912 0.032 0.032
1 0.183 0.96 0.026 0.04
1 0.063 0.924 0.022 0.04
1 0.21 0.325 0.016 0.03
1 0.038 0.014 0.024 0.016
1 0.039 0.108 0.022 0.024
1 0.164 0.028 0.024 0.02
1 0.372 0.015 0.024 0.026
1 0.575 0.15 0.026 0.024
1 0.686 0.144 0.016 0.02
1 0.68 0.067 0.016 0.022
1 0.727 0.222 0.026 0.028
1 0.661 0.295 0.026 0.026
1 0.459 0.273 0.022 0.026
1 0.456 0.249 0.02 0.014
1 0.616 0.894 0.032 0.036
1 0.391 0.114 0.026 0.024
1 0.885 0.079 0.018 0.026
1 0.85 0.257 0.028 0.034
1 0.744 0.106 0.024 0.024
1 0.534 0.289 0.016 0.03
1 0.526 0.425 0.02 0.03
1 0.332 0.285 0.016 0.022
1 0.596 0.986 0.036 0.024
2 0.253 0.618 0.022 0.036
2 0.11 0.24 0.028 0.028
2 0.193 0.542 0.01 0.016
2 0.079 0.642 0.022 0.032
2 0.147 0.7 0.054 0.044
2 0.219 0.72 0.03 0.024
2 0.189 0.613 0.03 0.022
2 0.346 0.527 0.02 0.03
2 0.282 0.509 0.016 0.018
2 0.482 0.514 0.04 0.052
2 0.589 0.495 0.042 0.03
2 0.623 0.469 0.026 0.038
2 0.765 0.491 0.03 0.066
2 0.801 0.511 0.022 0.026
2 0.694 0.011 0.028 0.018
2 0.855 0.199 0.034 0.034
2 0.791 0.191 0.022 0.038
2 0.758 0.354 0.028 0.044
2 0.86 0.357 0.032 0.026
2 0.844 0.449 0.02 0.022
2 0.875 0.507 0.03 0.038
2 0.902 0.554 0.02 0.024
2 0.758 0.558 0.032 0.036
2 0.723 0.628 0.026 0.024
2 0.542 0.742 0.028 0.044
2 0.836 0.828 0.036 0.028
2 0.868 0.742 0.032 0.048
2 0.025 0.955 0.03 0.046
2 0.222 0.423 0.028 0.038
2 0.154 0.433 0.032 0.05
2 0.108 0.024 0.036 0.044
2 0.188 0.047 0.032 0.022
2 0.557 0.121 0.026 0.046
2 0.802 0.013 0.064 0.022
2 0.431 0.188 0.03 0.028
2 0.469 0.181 0.026 0.026
2 0.411 0.403 0.046 0.05
2 0.517 0.024 0.026 0.04
2 0.887 0.205 0.022 0.018
2 0.773 0.218 0.034 0.04