0 0.146 0.952 0.036 0.032
0 0.202 0.983 0.032 0.03
0 0.007 0.744 0.014 0.036
0 0.016 0.61 0.032 0.048
0 0.064 0.652 0.024 0.04
0 0.115 0.636 0.042 0.052
0 0.015 0.367 0.03 0.062
0 0.054 0.276 0.032 0.044
0 0.022 0.141 0.028 0.042
0 0.007 0.029 0.014 0.046
0 0.046 0.079 0.032 0.05
0 0.09 0.033 0.044 0.062
0 0.142 0.082 0.036 0.044
0 0.225 0.082 0.038 0.052
0 0.275 0.009 0.042 0.014
0 0.39 0.035 0.036 0.038
0 0.361 0.073 0.034 0.042
0 0.51 0.046 0.044 0.068
0 0.767 0.061 0.03 0.022
0 0.861 0.022 0.034 0.04
0 0.986 0.026 0.024 0.048
0 0.882 0.173 0.04 0.05
0 0.984 0.264 0.028 0.044
0 0.734 0.144 0.04 0.068
0 0.688 0.142 0.036 0.048
0 0.553 0.093 0.026 0.05
0 0.578 0.136 0.052 0.06
0 0.625 0.185 0.038 0.042
0 0.728 0.266 0.028 0.036
0 0.845 0.327 0.042 0.054
0 0.926 0.337 0.04 0.046
0 0.474 0.124 0.028 0.036
0 0.466 0.159 0.032 0.05
0 0.413 0.135 0.03 0.038
0 0.418 0.17 0.04 0.048
0 0.218 0.192 0.028 0.044
0 0.139 0.205 0.03 0.05
0 0.101 0.254 0.03 0.036
0 0.313 0.219 0.042 0.058
0 0.943 0.463 0.034 0.05
0 0.788 0.425 0.056 0.062
0 0.63 0.293 0.044 0.05
0 0.522 0.245 0.032 0.038
0 0.618 0.359 0.032 0.046
0 0.678 0.359 0.028 0.026
0 0.72 0.4 0.036 0.052
0 0.411 0.248 0.038 0.04
0 0.393 0.262 0.038 0.032
0 0.388 0.28 0.036 0.032
0 0.391 0.309 0.034 0.034
0 0.452 0.302 0.028 0.052
0 0.476 0.319 0.024 0.026
0 0.382 0.338 0.036 0.036
0 0.471 0.36 0.03 0.04
0 0.517 0.357 0.03 0.042
0 0.584 0.387 0.036 0.026
0 0.563 0.428 0.034 0.036
0 0.84 0.5 0.044 0.04
0 0.824 0.509 0.036 0.042
0 0.761 0.512 0.026 0.044
0 0.708 0.498 0.04 0.036
0 0.665 0.499 0.03 0.03
0 0.969 0.59 0.046 0.04
0 0.83 0.613 0.044 0.062
0 0.971 0.718 0.05 0.068
0 0.99 0.874 0.016 0.048
0 0.976 0.916 0.044 0.064
0 0.924 0.914 0.056 0.072
0 0.921 0.974 0.07 0.048
0 0.826 0.95 0.044 0.052
0 0.852 0.783 0.036 0.042
0 0.771 0.772 0.038 0.04
0 0.727 0.764 0.03 0.036
0 0.236 0.307 0.04 0.054
0 0.113 0.302 0.026 0.028
0 0.129 0.325 0.03 0.046
0 0.166 0.354 0.028 0.064
0 0.134 0.399 0.044 0.074
0 0.215 0.442 0.026 0.036
0 0.239 0.414 0.03 0.044
0 0.26 0.388 0.024 0.032
0 0.322 0.393 0.044 0.062
0 0.367 0.392 0.026 0.04
0 0.435 0.434 0.038 0.064
0 0.631 0.521 0.03 0.034
0 0.583 0.557 0.046 0.042
0 0.612 0.586 0.04 0.024
0 0.634 0.653 0.024 0.062
0 0.677 0.684 0.038 0.052
0 0.667 0.701 0.034 0.03
0 0.315 0.485 0.022 0.022
0 0.329 0.503 0.034 0.038
0 0.358 0.575 0.032 0.026
0 0.181 0.481 0.042 0.058
0 0.266 0.705 0.056 0.074
0 0.347 0.698 0.038 0.052
0 0.2 0.733 0.032 0.026
0 0.096 0.747 0.032 0.026
0 0.122 0.836 0.032 0.056
0 0.204 0.825 0.056 0.066
0 0.317 0.935 0.038 0.05
0 0.389 0.924 0.05 0.044
0 0.394 0.868 0.056 0.068
0 0.308 0.774 0.036 0.052
0 0.537 0.757 0.054 0.054
0 0.764 0.812 0.028 0.036
0 0.787 0.844 0.034 0.048
0 0.725 0.822 0.034 0.04
0 0.724 0.865 0.028 0.046
0 0.625 0.839 0.038 0.058
0 0.564 0.857 0.02 0.046
0 0.524 0.815 0.032 0.038
0 0.513 0.838 0.038 0.044
0 0.515 0.909 0.034 0.062
0 0.57 0.978 0.044 0.04
0 0.462 0.963 0.036 0.046
0 0.666 0.98 0.052 0.036
0 0.749 0.965 0.05 0.05
0 0.006 0.854 0.012 0.048
0 0.809 0.766 0.03 0.032
0 0.796 0.763 0.028 0.046
0 0.885 0.038 0.018 0.024
0 0.017 0.319 0.022 0.05
1 0.028 0.047 0.02 0.022
1 0.086 0.08 0.02 0.028
1 0.059 0.012 0.018 0.02
1 0.119 0.111 0.018 0.026
1 0.129 0.09 0.014 0.024
1 0.151 0.114 0.018 0.02
1 0.222 0.05 0.032 0.02
1 0.873 0.067 0.026 0.018
1 0.889 0.065 0.014 0.01
1 0.652 0.24 0.02 0.024
1 0.667 0.255 0.022 0.018
1 0.77 0.292 0.024 0.02
1 0.425 0.097 0.022 0.018
1 0.407 0.111 0.022 0.018
1 0.163 0.176 0.022 0.028
1 0.091 0.214 0.026 0.02
1 0.54 0.377 0.024 0.026
1 0.826 0.555 0.028 0.022
1 0.914 0.602 0.028 0.028
1 0.911 0.647 0.022 0.03
1 0.86 0.909 0.02 0.022
1 0.703 0.557 0.014 0.018
1 0.409 0.407 0.014 0.022
1 0.496 0.493 0.024 0.022
1 0.569 0.674 0.018 0.028
1 0.31 0.549 0.024 0.018
1 0.252 0.898 0.024 0.032
1 0.374 0.953 0.032 0.03
1 0.372 0.759 0.02 0.022
1 0.583 0.697 0.018 0.014
1 0.348 0.794 0.012 0.016
1 0.184 0.129 0.016 0.026
1 0.28 0.154 0.012 0.016
1 0.333 0.188 0.01 0.016
1 0.181 0.974 0.018 0.028
1 0.025 0.994 0.018 0.008
1 0.027 0.898 0.018 0.024
1 0.043 0.212 0.01 0.016
1 0.045 0.202 0.018 0.016
1 0.73 0.05 0.008 0.016
1 0.907 0.046 0.018 0.024
1 0.83 0.121 0.016 0.026
1 0.904 0.227 0.016 0.01
1 0.648 0.106 0.016 0.02
1 0.803 0.15 0.018 0.012
1 0.34 0.132 0.02 0.028
1 0.271 0.181 0.026 0.038
1 0.875 0.409 0.026 0.018
1 0.737 0.358 0.018 0.02
1 0.605 0.257 0.022 0.018
1 0.531 0.272 0.03 0.024
1 0.594 0.314 0.028 0.016
1 0.645 0.447 0.026 0.022
1 0.918 0.572 0.016 0.02
1 0.868 0.673 0.024 0.034
1 0.838 0.824 0.024 0.012
1 0.802 0.709 0.016 0.018
1 0.671 0.588 0.018 0.02
1 0.268 0.284 0.024 0.02
1 0.291 0.292 0.01 0.016
1 0.198 0.421 0.016 0.022
1 0.38 0.402 0.012 0.02
1 0.505 0.453 0.018 0.018
1 0.529 0.494 0.018 0.02
1 0.471 0.6 0.026 0.036
1 0.393 0.531 0.018 0.026
1 0.275 0.533 0.018 0.018
1 0.261 0.56 0.018 0.02
1 0.223 0.553 0.018 0.018
1 0.15 0.569 0.02 0.038
1 0.243 0.621 0.018 0.014
1 0.184 0.769 0.02 0.018
1 0.074 0.776 0.024 0.02
1 0.118 0.789 0.012 0.01
1 0.068 0.824 0.02 0.024
1 0.052 0.814 0.012 0.028
1 0.169 0.88 0.014 0.016
1 0.282 0.946 0.012 0.012
1 0.333 0.835 0.018 0.026
1 0.453 0.751 0.022 0.022
1 0.593 0.757 0.022 0.018
1 0.392 0.591 0.012 0.014
1 0.676 0.844 0.024 0.024
1 0.668 0.833 0.012 0.014
1 0.608 0.862 0.024 0.028
1 0.542 0.944 0.02 0.02
1 0.508 0.992 0.032 0.012
1 0.474 0.957 0.016 0.026
1 0.69 0.935 0.02 0.022
1 0.414 0.825 0.012 0.026
1 0.479 0.801 0.038 0.014
1 0.433 0.801 0.022 0.014
1 0.124 0.891 0.02 0.014
1 0.023 0.834 0.026 0.028
1 0.067 0.988 0.03 0.02
1 0.104 0.987 0.016 0.022
1 0.636 0.005 0.028 0.006
1 0.774 0.005 0.024 0.006
1 0.996 0.631 0.004 0.038
1 0.195 0.057 0.03 0.026
1 0.548 0.201 0.016 0.026
1 0.836 0.264 0.024 0.036
1 0.286 0.621 0.032 0.054
1 0.556 0.608 0.02 0.024
1 0.567 0.632 0.014 0.02
1 0.533 0.575 0.026 0.034
1 0.049 0.558 0.022 0.024
1 0.058 0.533 0.028 0.034
2 0.79 0.6 0.024 0.02
2 0.609 0.644 0.022 0.04
2 0.455 0.657 0.026 0.046
2 0.478 0.889 0.016 0.022
2 0.908 0.86 0.02 0.02
2 0.436 0.535 0.016 0.034
2 0.042 0.51 0.016 0.02
2 0.081 0.58 0.014 0.016
2 0.556 0.659 0.016 0.014
2 0.112 0.764 0.016 0.024
2 0.092 0.48 0.024 0.02
2 0.163 0.53 0.018 0.016
2 0.295 0.533 0.014 0.014
2 0.322 0.463 0.016 0.014