0 0.147 0.968 0.05 0.06
0 0.103 0.919 0.05 0.042
0 0.009 0.845 0.018 0.058
0 0.095 0.68 0.046 0.04
0 0.165 0.758 0.046 0.052
0 0.217 0.808 0.05 0.044
0 0.413 0.836 0.054 0.044
0 0.387 0.883 0.066 0.054
0 0.349 0.994 0.046 0.008
0 0.516 0.858 0.056 0.056
0 0.506 0.895 0.04 0.038
0 0.271 0.434 0.038 0.056
0 0.349 0.467 0.034 0.034
0 0.233 0.577 0.038 0.054
0 0.069 0.639 0.03 0.046
0 0.308 0.692 0.04 0.04
0 0.284 0.656 0.056 0.032
0 0.057 0.943 0.038 0.058
0 0.098 0.592 0.036 0.052
0 0.117 0.626 0.034 0.044
0 0.052 0.45 0.032 0.04
0 0.084 0.441 0.076 0.062
0 0.151 0.453 0.042 0.05
0 0.217 0.451 0.046 0.05
0 0.229 0.431 0.038 0.042
0 0.302 0.502 0.04 0.056
0 0.421 0.495 0.042 0.042
0 0.504 0.568 0.036 0.036
0 0.512 0.551 0.04 0.03
0 0.513 0.677 0.066 0.058
0 0.594 0.689 0.052 0.046
0 0.709 0.806 0.062 0.088
0 0.556 0.91 0.072 0.052
0 0.616 0.77 0.08 0.068
0 0.664 0.712 0.04 0.032
0 0.824 0.991 0.032 0.014
0 0.881 0.984 0.042 0.028
0 0.93 0.981 0.06 0.034
0 0.966 0.723 0.048 0.054
0 0.99 0.732 0.016 0.056
0 0.896 0.689 0.04 0.042
0 0.799 0.579 0.042 0.042
0 0.61 0.652 0.032 0.044
0 0.661 0.625 0.054 0.07
0 0.736 0.668 0.04 0.044
0 0.99 0.56 0.016 0.048
0 0.937 0.505 0.046 0.05
0 0.983 0.356 0.03 0.04
0 0.787 0.4 0.042 0.06
0 0.915 0.42 0.05 0.064
0 0.782 0.502 0.04 0.04
0 0.694 0.493 0.056 0.05
0 0.659 0.482 0.042 0.052
0 0.561 0.503 0.034 0.034
0 0.603 0.508 0.034 0.028
0 0.521 0.383 0.038 0.046
0 0.587 0.46 0.03 0.064
0 0.561 0.41 0.042 0.036
0 0.706 0.39 0.044 0.036
0 0.719 0.364 0.042 0.04
0 0.758 0.297 0.04 0.034
0 0.722 0.242 0.04 0.04
0 0.742 0.203 0.028 0.038
0 0.781 0.194 0.038 0.032
0 0.739 0.139 0.034 0.03
0 0.567 0.288 0.034 0.032
0 0.602 0.252 0.036 0.04
0 0.375 0.415 0.038 0.058
0 0.303 0.39 0.042 0.052
0 0.144 0.321 0.036 0.038
0 0.184 0.311 0.036 0.05
0 0.045 0.268 0.05 0.056
0 0.134 0.253 0.036 0.042
0 0.088 0.345 0.04 0.05
0 0.063 0.347 0.05 0.046
0 0.068 0.248 0.024 0.04
0 0.09 0.239 0.036 0.03
0 0.213 0.249 0.046 0.034
0 0.289 0.292 0.03 0.036
0 0.268 0.263 0.04 0.038
0 0.349 0.303 0.05 0.046
0 0.311 0.235 0.046 0.046
0 0.003 0.268 0.006 0.04
0 0.147 0.079 0.034 0.042
0 0.107 0.056 0.05 0.064
0 0.176 0.163 0.06 0.046
0 0.225 0.151 0.046 0.03
0 0.199 0.128 0.05 0.028
0 0.29 0.068 0.036 0.048
0 0.341 0.083 0.038 0.034
0 0.312 0.031 0.036 0.046
0 0.268 0.016 0.036 0.028
0 0.383 0.143 0.038 0.046
0 0.415 0.12 0.046 0.06
0 0.463 0.136 0.034 0.044
0 0.463 0.112 0.034 0.032
0 0.43 0.023 0.028 0.042
0 0.389 0.026 0.046 0.048
0 0.4 0.012 0.044 0.02
0 0.389 0.227 0.042 0.058
0 0.435 0.226 0.046 0.056
0 0.498 0.17 0.036 0.044
0 0.411 0.334 0.042 0.036
0 0.415 0.38 0.034 0.044
0 0.529 0.263 0.034 0.042
0 0.559 0.223 0.046 0.062
0 0.552 0.167 0.036 0.034
0 0.879 0.589 0.042 0.038
0 0.598 0.184 0.04 0.052
0 0.609 0.11 0.054 0.04
0 0.557 0.075 0.038 0.038
0 0.597 0.065 0.05 0.054
0 0.627 0.043 0.042 0.062
0 0.784 0.111 0.044 0.046
0 0.771 0.041 0.034 0.038
0 0.765 0.013 0.034 0.022
0 0.699 0.133 0.03 0.034
0 0.962 0.013 0.048 0.022
0 0.979 0.078 0.038 0.036
0 0.98 0.032 0.036 0.048
0 0.987 0.166 0.022 0.056
0 0.89 0.165 0.04 0.05
0 0.847 0.046 0.038 0.036
0 0.842 0.024 0.032 0.024
0 0.003 0.042 0.006 0.028
0 0.057 0.011 0.042 0.018
0 0.13 0.399 0.02 0.046
0 0.019 0.453 0.034 0.038
0 0.012 0.561 0.024 0.05
0 0.008 0.647 0.016 0.054
0 0.094 0.98 0.068 0.036
0 0.249 0.994 0.022 0.008
0 0.91 0.762 0.036 0.04
0 0.378 0.556 0.048 0.072
0 0.63 0.384 0.04 0.032
0 0.996 0.283 0.004 0.03
0 0.95 0.648 0.024 0.048
0 0.039 0.967 0.042 0.058
1 0.273 0.81 0.03 0.032
1 0.296 0.762 0.024 0.028
1 0.358 0.974 0.024 0.02
1 0.177 0.658 0.038 0.032
1 0.827 0.789 0.022 0.026
1 0.51 0.957 0.02 0.026
1 0.543 0.978 0.022 0.02
1 0.549 0.99 0.018 0.016
1 0.483 0.948 0.034 0.024
1 0.489 0.908 0.018 0.028
1 0.076 0.197 0.028 0.03
1 0.111 0.192 0.018 0.032
1 0.097 0.156 0.034 0.032
1 0.081 0.095 0.026 0.03
1 0.265 0.123 0.022 0.022
1 0.474 0.09 0.012 0.012
1 0.995 0.122 0.006 0.02
1 0.858 0.205 0.028 0.03
1 0.929 0.211 0.026 0.026
1 0.847 0.066 0.03 0.02
1 0.618 0.326 0.032 0.02
1 0.624 0.296 0.032 0.028
1 0.342 0.385 0.024 0.014
1 0.265 0.361 0.022 0.026
1 0.466 0.028 0.032 0.024
1 0.501 0.041 0.022 0.03
1 0.495 0.009 0.022 0.014
1 0.024 0.135 0.028 0.034
1 0.045 0.086 0.038 0.036
1 0.26 0.324 0.024 0.04
1 0.227 0.355 0.022 0.022
1 0.054 0.493 0.032 0.026
1 0.144 0.566 0.024 0.02
1 0.258 0.725 0.044 0.034
1 0.316 0.733 0.036 0.03
1 0.2 0.997 0.016 0.002
1 0.592 0.977 0.036 0.018
1 0.645 0.994 0.022 0.008
1 0.679 0.92 0.022 0.028
1 0.691 0.966 0.022 0.04
1 0.645 0.936 0.034 0.024
1 0.909 0.468 0.034 0.028
1 0.844 0.485 0.02 0.03
1 0.411 0.436 0.026 0.036
1 0.709 0.327 0.03 0.022
1 0.617 0.416 0.022 0.032
1 0.876 0.489 0.032 0.034
1 0.559 0.659 0.026 0.026
1 0.415 0.745 0.034 0.03
1 0.393 0.796 0.018 0.028
1 0.848 0.774 0.02 0.028
1 0.765 0.712 0.026 0.016
1 0.286 0.96 0.028 0.028
1 0.451 0.936 0.034 0.02
1 0.732 0.93 0.028 0.02
1 0.438 0.79 0.036 0.052
1 0.499 0.763 0.018 0.022
1 0.559 0.774 0.042 0.028
1 0.825 0.884 0.034 0.028
1 0.891 0.951 0.026 0.03
1 0.883 0.852 0.018 0.048
1 0.939 0.894 0.03 0.028
1 0.981 0.78 0.022 0.036
1 0.996 0.882 0.004 0.032
1 0.968 0.934 0.032 0.036
1 0.979 0.993 0.014 0.01
1 0.963 0.965 0.018 0.018
1 0.94 0.957 0.024 0.018
2 0.455 0.508 0.026 0.04
2 0.773 0.66 0.042 0.04
2 0.671 0.178 0.046 0.044
2 0.954 0.138 0.02 0.016
2 0.897 0.153 0.082 0.042
2 0.547 0.327 0.03 0.026
2 0.524 0.303 0.036 0.03
2 0.436 0.274 0.032 0.024
2 0.429 0.185 0.038 0.022
2 0.515 0.072 0.022 0.028
2 0.533 0.044 0.05 0.02
2 0.237 0.111 0.026 0.022
2 0.214 0.009 0.036 0.014
2 0.043 0.401 0.03 0.034
2 0.028 0.727 0.036 0.054
2 0.196 0.709 0.02 0.03
2 0.293 0.883 0.054 0.082
2 0.338 0.811 0.056 0.058
2 0.341 0.54 0.022 0.024
2 0.473 0.336 0.042 0.032
2 0.732 0.336 0.06 0.072
2 0.553 0.247 0.038 0.022
2 0.782 0.351 0.036 0.018
2 0.828 0.29 0.012 0.012
2 0.942 0.397 0.016 0.018
2 0.945 0.348 0.006 0.016
2 0.942 0.331 0.008 0.018
2 0.994 0.387 0.008 0.022
2 0.83 0.505 0.024 0.018
2 0.644 0.684 0.02 0.024
2 0.702 0.72 0.032 0.032
2 0.593 0.611 0.026 0.03
2 0.502 0.502 0.036 0.024
2 0.534 0.536 0.012 0.012
2 0.47 0.472 0.016 0.04
2 0.399 0.969 0.018 0.026
2 0.212 0.957 0.016 0.022
2 0.306 0.988 0.016 0.012
2 0.386 0.702 0.052 0.036
2 0.607 0.815 0.054 0.058
2 0.829 0.953 0.034 0.026
2 0.855 0.614 0.026 0.028
2 0.807 0.761 0.026 0.026
2 0.479 0.362 0.022 0.024
2 0.467 0.905 0.014 0.014