0 0.008 0.728 0.016 0.076
0 0.034 0.667 0.04 0.034
0 0.064 0.683 0.052 0.042
0 0.107 0.665 0.046 0.046
0 0.253 0.573 0.05 0.046
0 0.283 0.618 0.034 0.056
0 0.344 0.579 0.048 0.054
0 0.313 0.545 0.058 0.054
0 0.365 0.647 0.034 0.062
0 0.298 0.717 0.048 0.038
0 0.476 0.685 0.052 0.05
0 0.494 0.563 0.04 0.042
0 0.497 0.645 0.062 0.058
0 0.545 0.605 0.058 0.05
0 0.522 0.501 0.036 0.034
0 0.459 0.5 0.042 0.04
0 0.541 0.482 0.026 0.028
0 0.617 0.583 0.062 0.046
0 0.586 0.636 0.032 0.048
0 0.574 0.705 0.044 0.03
0 0.499 0.733 0.042 0.046
0 0.635 0.672 0.058 0.044
0 0.814 0.598 0.048 0.068
0 0.663 0.715 0.042 0.042
0 0.711 0.729 0.034 0.038
0 0.638 0.619 0.044 0.034
0 0.774 0.534 0.052 0.052
0 0.696 0.488 0.036 0.064
0 0.74 0.483 0.028 0.034
0 0.772 0.463 0.032 0.046
0 0.797 0.503 0.03 0.046
0 0.83 0.509 0.044 0.062
0 0.884 0.507 0.06 0.066
0 0.873 0.597 0.03 0.038
0 0.823 0.397 0.058 0.046
0 0.793 0.332 0.038 0.048
0 0.694 0.319 0.044 0.074
0 0.823 0.348 0.042 0.052
0 0.891 0.322 0.046 0.064
0 0.919 0.359 0.038 0.05
0 0.939 0.325 0.038 0.042
0 0.952 0.411 0.036 0.034
0 0.749 0.291 0.042 0.054
0 0.765 0.253 0.042 0.038
0 0.706 0.158 0.064 0.052
0 0.781 0.143 0.042 0.034
0 0.816 0.161 0.04 0.038
0 0.811 0.26 0.042 0.032
0 0.623 0.265 0.046 0.05
0 0.576 0.321 0.048 0.05
0 0.545 0.31 0.042 0.068
0 0.503 0.328 0.046 0.068
0 0.553 0.144 0.042 0.064
0 0.805 0.079 0.05 0.034
0 0.861 0.083 0.058 0.046
0 0.709 0.103 0.054 0.046
0 0.456 0.086 0.076 0.068
0 0.385 0.248 0.038 0.048
0 0.076 0.982 0.044 0.032
0 0.046 0.838 0.044 0.064
0 0.075 0.816 0.038 0.064
0 0.237 0.819 0.046 0.054
0 0.374 0.933 0.072 0.082
0 0.313 0.835 0.046 0.07
0 0.284 0.798 0.04 0.04
0 0.411 0.816 0.038 0.056
0 0.123 0.781 0.038 0.05
0 0.527 0.802 0.038 0.052
0 0.5 0.867 0.028 0.034
0 0.469 0.932 0.038 0.044
0 0.62 0.916 0.048 0.052
0 0.662 0.803 0.048 0.05
0 0.737 0.867 0.038 0.046
0 0.581 0.856 0.042 0.052
0 0.039 0.563 0.046 0.042
0 0.034 0.497 0.048 0.046
0 0.013 0.462 0.026 0.048
0 0.103 0.441 0.058 0.046
0 0.285 0.426 0.066 0.068
0 0.167 0.381 0.038 0.03
0 0.061 0.333 0.042 0.05
0 0.174 0.301 0.04 0.058
0 0.191 0.221 0.042 0.046
0 0.195 0.182 0.046 0.044
0 0.228 0.118 0.044 0.04
0 0.243 0.211 0.046 0.038
0 0.067 0.146 0.054 0.06
0 0.057 0.113 0.046 0.042
0 0.015 0.097 0.03 0.042
0 0.061 0.256 0.062 0.068
0 0.014 0.243 0.028 0.05
0 0.135 0.057 0.054 0.046
0 0.243 0.045 0.058 0.05
0 0.141 0.324 0.05 0.04
0 0.33 0.353 0.044 0.038
0 0.352 0.227 0.036 0.046
0 0.33 0.173 0.036 0.038
0 0.341 0.014 0.05 0.024
0 0.456 0.163 0.04 0.042
0 0.458 0.285 0.044 0.038
0 0.369 0.438 0.05 0.044
0 0.1 0.207 0.036 0.042
0 0.635 0.426 0.046 0.036
0 0.615 0.4 0.05 0.028
0 0.573 0.412 0.038 0.032
0 0.945 0.509 0.046 0.074
0 0.8 0.674 0.044 0.052
0 0.892 0.631 0.04 0.046
0 0.838 0.763 0.04 0.046
0 0.78 0.868 0.04 0.052
0 0.98 0.824 0.036 0.056
0 0.871 0.974 0.062 0.048
0 0.72 0.907 0.032 0.034
0 0.83 0.867 0.04 0.046
0 0.895 0.719 0.042 0.038
0 0.954 0.76 0.04 0.036
0 0.954 0.665 0.04 0.054
0 0.936 0.587 0.036 0.042
0 0.294 0.197 0.048 0.062
0 0.343 0.098 0.042 0.032
0 0.608 0.188 0.036 0.04
0 0.975 0.52 0.046 0.06
0 0.987 0.546 0.022 0.052
0 0.642 0.513 0.04 0.046
0 0.789 0.194 0.042 0.04
0 0.805 0.233 0.042 0.03
0 0.554 0.983 0.056 0.03
0 0.283 0.885 0.066 0.034
0 0.585 0.797 0.042 0.082
0 0.928 0.146 0.032 0.04
0 0.987 0.192 0.022 0.052
0 0.986 0.072 0.024 0.048
0 0.952 0.11 0.04 0.036
0 0.626 0.348 0.048 0.06
0 0.498 0.227 0.044 0.058
0 0.987 0.464 0.022 0.056
0 0.663 0.979 0.042 0.038
0 0.533 0.905 0.03 0.03
0 0.179 0.517 0.038 0.042
0 0.302 0.618 0.032 0.044
0 0.797 0.715 0.034 0.038
0 0.771 0.756 0.046 0.044
1 0.018 0.961 0.032 0.03
1 0.12 0.92 0.028 0.032
1 0.118 0.854 0.024 0.048
1 0.132 0.725 0.032 0.03
1 0.083 0.78 0.026 0.028
1 0.195 0.735 0.034 0.042
1 0.241 0.927 0.022 0.022
1 0.34 0.841 0.024 0.034
1 0.353 0.793 0.03 0.03
1 0.111 0.621 0.03 0.03
1 0.138 0.479 0.048 0.022
1 0.11 0.505 0.02 0.038
1 0.272 0.495 0.028 0.03
1 0.016 0.417 0.028 0.022
1 0.27 0.379 0.04 0.022
1 0.334 0.419 0.02 0.022
1 0.435 0.394 0.03 0.036
1 0.287 0.131 0.034 0.03
1 0.18 0.137 0.04 0.034
1 0.358 0.129 0.032 0.026
1 0.374 0.059 0.028 0.034
1 0.63 0.115 0.044 0.03
1 0.566 0.377 0.04 0.034
1 0.475 0.443 0.03 0.03
1 0.485 0.412 0.034 0.028
1 0.434 0.35 0.036 0.02
1 0.604 0.532 0.032 0.024
1 0.581 0.552 0.03 0.032
1 0.707 0.429 0.034 0.034
1 0.758 0.601 0.032 0.026
1 0.809 0.431 0.034 0.022
1 0.877 0.547 0.022 0.026
1 0.983 0.375 0.026 0.03
1 0.776 0.808 0.028 0.044
1 0.505 0.918 0.026 0.024
1 0.463 0.87 0.014 0.028
1 0.629 0.867 0.034 0.038
1 0.676 0.95 0.028 0.024
1 0.9 0.882 0.036 0.028
1 0.966 0.015 0.028 0.026
1 0.667 0.015 0.042 0.026
1 0.605 0.008 0.034 0.012
1 0.506 0.051 0.028 0.038
1 0.194 0.514 0.024 0.024
1 0.15 0.52 0.024 0.02
1 0.141 0.541 0.026 0.026
1 0.729 0.978 0.03 0.024
1 0.754 0.988 0.024 0.02
2 0.515 0.765 0.038 0.058
2 0.894 0.68 0.056 0.032
2 0.934 0.642 0.036 0.044
2 0.992 0.617 0.012 0.054
2 0.908 0.784 0.036 0.048
2 0.932 0.814 0.032 0.044
2 0.974 0.891 0.036 0.046
2 0.971 0.939 0.038 0.038
2 0.139 0.279 0.046 0.034
2 0.357 0.526 0.034 0.024
2 0.595 0.454 0.034 0.032
2 0.923 0.44 0.034 0.036
2 0.547 0.648 0.03 0.032
2 0.858 0.303 0.032 0.038
2 0.612 0.068 0.04 0.036
2 0.652 0.298 0.032 0.036
2 0.476 0.054 0.024 0.032
2 0.3 0.149 0.024 0.026
2 0.094 0.347 0.028 0.046
2 0.017 0.319 0.034 0.042
2 0.01 0.176 0.02 0.048
2 0.18 0.662 0.036 0.028
2 0.426 0.181 0.036 0.026