0 0.793 0.241 0.038 0.114
0 0.925 0.258 0.034 0.052
0 0.893 0.212 0.03 0.048
0 0.869 0.245 0.038 0.046
0 0.961 0.22 0.046 0.096
0 0.939 0.328 0.03 0.052
0 0.866 0.374 0.036 0.08
0 0.982 0.467 0.032 0.074
0 0.915 0.596 0.03 0.04
0 0.805 0.597 0.038 0.058
0 0.858 0.677 0.036 0.038
0 0.749 0.736 0.03 0.048
0 0.73 0.741 0.048 0.102
0 0.704 0.729 0.036 0.042
0 0.656 0.643 0.036 0.038
0 0.599 0.622 0.034 0.06
0 0.549 0.611 0.03 0.07
0 0.6 0.75 0.032 0.056
0 0.471 0.726 0.034 0.068
0 0.372 0.703 0.028 0.05
0 0.419 0.794 0.03 0.06
0 0.386 0.822 0.028 0.036
0 0.297 0.798 0.034 0.044
0 0.353 0.853 0.026 0.066
0 0.343 0.889 0.03 0.05
0 0.606 0.964 0.04 0.032
0 0.623 0.99 0.038 0.016
0 0.53 0.912 0.028 0.056
0 0.553 0.975 0.034 0.026
0 0.73 0.918 0.04 0.052
0 0.555 0.821 0.026 0.054
0 0.548 0.858 0.032 0.044
0 0.486 0.901 0.024 0.046
0 0.777 0.324 0.03 0.064
0 0.839 0.325 0.046 0.054
0 0.636 0.368 0.044 0.056
0 0.602 0.321 0.032 0.046
0 0.561 0.387 0.034 0.05
0 0.514 0.426 0.04 0.064
0 0.467 0.394 0.026 0.052
0 0.359 0.392 0.03 0.048
0 0.379 0.458 0.026 0.056
0 0.373 0.523 0.038 0.05
0 0.304 0.469 0.028 0.046
0 0.236 0.44 0.028 0.052
0 0.171 0.392 0.03 0.048
0 0.074 0.373 0.036 0.054
0 0.072 0.416 0.032 0.04
0 0.076 0.477 0.032 0.042
0 0.147 0.488 0.03 0.04
0 0.035 0.477 0.026 0.062
0 0.137 0.588 0.038 0.06
0 0.181 0.566 0.034 0.06
0 0.346 0.611 0.032 0.05
0 0.334 0.663 0.032 0.038
0 0.241 0.632 0.03 0.048
0 0.181 0.629 0.026 0.062
0 0.17 0.696 0.036 0.064
0 0.123 0.704 0.034 0.064
0 0.113 0.731 0.03 0.05
0 0.014 0.63 0.024 0.052
0 0.031 0.703 0.026 0.038
0 0.096 0.802 0.032 0.052
0 0.075 0.827 0.026 0.054
0 0.037 0.874 0.042 0.036
0 0.058 0.907 0.032 0.034
0 0.249 0.896 0.03 0.04
0 0.264 0.95 0.04 0.048
0 0.328 0.96 0.032 0.048
0 0.356 0.962 0.032 0.052
0 0.423 0.959 0.03 0.046
0 0.413 0.933 0.03 0.038
0 0.376 0.979 0.032 0.038
0 0.372 0.939 0.024 0.042
0 0.636 0.888 0.028 0.036
0 0.615 0.863 0.038 0.042
0 0.619 0.818 0.03 0.052
0 0.764 0.883 0.036 0.054
0 0.761 0.921 0.026 0.026
0 0.711 0.851 0.022 0.038
0 0.991 0.94 0.014 0.04
0 0.933 0.949 0.026 0.042
0 0.908 0.952 0.024 0.044
0 0.971 0.875 0.03 0.038
0 0.974 0.783 0.032 0.038
0 0.968 0.813 0.032 0.038
0 0.95 0.848 0.032 0.056
0 0.932 0.827 0.036 0.054
0 0.901 0.81 0.05 0.068
0 0.714 0.659 0.036 0.038
0 0.719 0.689 0.03 0.034
0 0.597 0.696 0.026 0.04
0 0.978 0.136 0.036 0.08
0 0.983 0.189 0.03 0.03
0 0.846 0.113 0.028 0.054
0 0.824 0.141 0.032 0.046
0 0.816 0.16 0.036 0.036
0 0.858 0.016 0.04 0.028
0 0.766 0.057 0.04 0.09
0 0.74 0.018 0.036 0.036
0 0.68 0.06 0.028 0.052
0 0.612 0.067 0.044 0.05
0 0.596 0.082 0.028 0.044
0 0.558 0.043 0.028 0.046
0 0.485 0.036 0.042 0.052
0 0.522 0.132 0.032 0.04
0 0.438 0.1 0.036 0.072
0 0.354 0.098 0.032 0.052
0 0.321 0.118 0.034 0.072
0 0.39 0.205 0.028 0.07
0 0.369 0.301 0.026 0.082
0 0.31 0.283 0.04 0.074
0 0.331 0.334 0.05 0.044
0 0.427 0.282 0.038 0.036
0 0.301 0.214 0.03 0.048
0 0.238 0.25 0.028 0.048
0 0.249 0.327 0.026 0.05
0 0.309 0.372 0.034 0.084
0 0.652 0.202 0.032 0.052
0 0.619 0.181 0.034 0.058
0 0.602 0.17 0.032 0.056
0 0.604 0.222 0.024 0.04
0 0.523 0.242 0.034 0.052
0 0.105 0.014 0.042 0.028
0 0.085 0.018 0.022 0.032
0 0.02 0.028 0.036 0.056
0 0.194 0.03 0.056 0.056
0 0.079 0.066 0.038 0.064
0 0.105 0.081 0.046 0.07
0 0.008 0.161 0.012 0.042
0 0.152 0.217 0.032 0.038
0 0.114 0.208 0.032 0.04
0 0.111 0.237 0.03 0.042
0 0.03 0.229 0.028 0.046
0 0.043 0.306 0.034 0.036
0 0.017 0.296 0.022 0.048
0 0.011 0.378 0.018 0.06
0 0.015 0.441 0.026 0.054
0 0.034 0.536 0.044 0.048
0 0.129 0.533 0.038 0.058
0 0.305 0.618 0.026 0.044
0 0.304 0.589 0.032 0.034
0 0.467 0.133 0.03 0.054
0 0.539 0.182 0.03 0.044
0 0.528 0.198 0.028 0.036
0 0.251 0.05 0.042 0.096
0 0.221 0.065 0.038 0.062
0 0.224 0.103 0.024 0.038
0 0.214 0.292 0.032 0.044
0 0.616 0.283 0.028 0.054
0 0.736 0.324 0.028 0.04
0 0.729 0.452 0.03 0.048
0 0.551 0.51 0.03 0.044
0 0.509 0.517 0.03 0.054
0 0.691 0.518 0.026 0.028
0 0.661 0.501 0.034 0.038
0 0.714 0.561 0.052 0.062
0 0.873 0.761 0.05 0.066
0 0.862 0.812 0.024 0.048
0 0.816 0.493 0.06 0.07
0 0.776 0.579 0.032 0.058
0 0.234 0.805 0.036 0.046
0 0.229 0.773 0.026 0.03
0 0.087 0.674 0.038 0.064
0 0.919 0.444 0.054 0.068
0 0.932 0.48 0.04 0.028
0 0.613 0.416 0.042 0.056
0 0.982 0.693 0.032 0.11
0 0.955 0.68 0.05 0.072
0 0.943 0.014 0.038 0.028
0 0.746 0.249 0.044 0.066
0 0.726 0.18 0.044 0.036
0 0.54 0.093 0.028 0.042
0 0.491 0.237 0.038 0.062
0 0.24 0.181 0.04 0.098
0 0.062 0.207 0.028 0.058
0 0.077 0.199 0.022 0.046
0 0.115 0.386 0.03 0.064
0 0.401 0.13 0.038 0.088
0 0.408 0.012 0.02 0.024
0 0.573 0.204 0.026 0.064
0 0.334 0.709 0.024 0.05
0 0.349 0.71 0.022 0.028
0 0.803 0.54 0.046 0.024
0 0.704 0.942 0.024 0.056
0 0.686 0.989 0.036 0.018
0 0.778 0.922 0.024 0.032
0 0.262 0.989 0.032 0.018
0 0.196 0.981 0.044 0.034
0 0.146 0.983 0.052 0.03
0 0.066 0.962 0.048 0.072
0 0.005 0.913 0.006 0.042
0 0.012 0.991 0.024 0.014
0 0.016 0.757 0.028 0.034
0 0.43 0.33 0.024 0.04
0 0.495 0.376 0.022 0.04
0 0.14 0.147 0.044 0.074
0 0.268 0.099 0.028 0.042
0 0.451 0.853 0.046 0.042
0 0.288 0.005 0.02 0.01
0 0.096 0.992 0.012 0.012
0 0.645 0.46 0.058 0.036
1 0.895 0.546 0.026 0.032
1 0.651 0.851 0.022 0.038
1 0.493 0.94 0.026 0.032
1 0.473 0.675 0.026 0.026
1 0.509 0.654 0.026 0.028
1 0.795 0.123 0.03 0.034
1 0.943 0.051 0.038 0.034
1 0.779 0.16 0.038 0.016
1 0.716 0.245 0.02 0.022
1 0.742 0.166 0.02 0.024
1 0.7 0.288 0.012 0.048
1 0.527 0.342 0.018 0.02
1 0.438 0.247 0.028 0.022
1 0.409 0.328 0.022 0.028
1 0.354 0.445 0.02 0.022
1 0.654 0.524 0.02 0.024
1 0.49 0.649 0.016 0.034
1 0.935 0.393 0.026 0.026
1 0.278 0.37 0.012 0.024
1 0.566 0.481 0.016 0.018
1 0.568 0.08 0.016 0.016
1 0.545 0.064 0.014 0.012
1 0.525 0.273 0.042 0.026
1 0.956 0.572 0.024 0.02
1 0.839 0.555 0.026 0.018
1 0.922 0.665 0.02 0.026
1 0.795 0.812 0.014 0.016
1 0.987 0.905 0.014 0.026
1 0.6 0.834 0.016 0.016
1 0.767 0.476 0.018 0.036
1 0.207 0.498 0.018 0.032
1 0.157 0.518 0.026 0.016
1 0.046 0.673 0.016 0.038
1 0.151 0.781 0.022 0.03
1 0.152 0.831 0.016 0.018
1 0.162 0.888 0.02 0.028
1 0.144 0.88 0.016 0.028
1 0.228 0.836 0.02 0.02
1 0.195 0.931 0.018 0.038
1 0.519 0.595 0.03 0.022
1 0.833 0.696 0.022 0.02
1 0.871 0.541 0.022 0.038
1 0.842 0.581 0.036 0.018
1 0.752 0.425 0.028 0.03
1 0.223 0.229 0.014 0.03
1 0.18 0.337 0.036 0.018
1 0.239 0.119 0.022 0.026
1 0.019 0.085 0.034 0.022
1 0.165 0.044 0.018 0.028
1 0.597 0.286 0.018 0.024
1 0.759 0.945 0.018 0.022
1 0.357 0.484 0.022 0.024
1 0.716 0.126 0.02 0.016
1 0.533 0.305 0.022 0.03
1 0.472 0.194 0.016 0.02
1 0.18 0.2 0.028 0.028
1 0.538 0.951 0.016 0.022
1 0.648 0.585 0.024 0.034
1 0.568 0.655 0.024 0.026
1 0.351 0.744 0.022 0.02
1 0.321 0.817 0.022 0.034
1 0.332 0.386 0.016 0.024
1 0.137 0.363 0.026 0.022
1 0.3 0.159 0.024 0.03
1 0.282 0.528 0.032 0.032
1 0.275 0.57 0.014 0.032
1 0.258 0.578 0.012 0.028
1 0.647 0.29 0.026 0.02
1 0.776 0.662 0.016 0.024
1 0.45 0.826 0.024 0.028
1 0.263 0.603 0.014 0.03
1 0.532 0.789 0.012 0.022
1 0.52 0.79 0.016 0.016
1 0.522 0.802 0.012 0.008
1 0.478 0.58 0.024 0.028
1 0.46 0.554 0.028 0.044
2 0.7 0.495 0.052 0.034
2 0.837 0.845 0.042 0.022
2 0.817 0.892 0.034 0.052
2 0.786 0.431 0.032 0.034
2 0.577 0.44 0.038 0.032
2 0.785 0.387 0.05 0.038
2 0.835 0.058 0.018 0.032
2 0.682 0.967 0.02 0.01
2 0.635 0.012 0.03 0.024
2 0.213 0.002 0.022 0.004
2 0.434 0.18 0.016 0.028
2 0.353 0.144 0.01 0.016
2 0.647 0.164 0.01 0.02
2 0.796 0.718 0.008 0.012
2 0.415 0.994 0.022 0.008
2 0.466 0.932 0.016 0.028
2 0.447 0.889 0.01 0.01
2 0.41 0.88 0.008 0.024
2 0.28 0.856 0.02 0.012
2 0.242 0.723 0.016 0.006
2 0.151 0.445 0.014 0.034
2 0.027 0.379 0.01 0.018
2 0.048 0.418 0.016 0.012
2 0.448 0.803 0.008 0.014
2 0.444 0.778 0.004 0.012
2 0.581 0.52 0.014 0.008
2 0.401 0.444 0.018 0.024
2 0.142 0.289 0.008 0.01
2 0.963 0.546 0.014 0.012
2 0.988 0.553 0.004 0.01
2 0.784 0.852 0.008 0.008
2 0.776 0.841 0.008 0.01
2 0.779 0.987 0.01 0.022