0 0.77 0.966 0.052 0.064
0 0.707 0.979 0.034 0.038
0 0.645 0.991 0.03 0.014
0 0.607 0.993 0.026 0.01
0 0.459 0.925 0.046 0.066
0 0.528 0.857 0.044 0.05
0 0.597 0.845 0.034 0.046
0 0.484 0.879 0.036 0.05
0 0.432 0.962 0.044 0.068
0 0.39 0.983 0.04 0.03
0 0.322 0.939 0.036 0.054
0 0.289 0.918 0.038 0.068
0 0.352 0.885 0.056 0.078
0 0.401 0.856 0.026 0.028
0 0.39 0.866 0.04 0.04
0 0.331 0.807 0.042 0.046
0 0.377 0.773 0.054 0.05
0 0.448 0.739 0.04 0.062
0 0.233 0.84 0.034 0.052
0 0.206 0.98 0.04 0.036
0 0.138 0.909 0.032 0.046
0 0.164 0.979 0.044 0.03
0 0.091 0.958 0.038 0.048
0 0.112 0.934 0.024 0.068
0 0.067 0.913 0.03 0.046
0 0.058 0.869 0.056 0.054
0 0.153 0.853 0.038 0.038
0 0.138 0.812 0.036 0.036
0 0.032 0.953 0.048 0.066
0 0.07 0.803 0.036 0.038
0 0.019 0.81 0.034 0.036
0 0.017 0.793 0.03 0.022
0 0.161 0.781 0.03 0.042
0 0.239 0.719 0.034 0.046
0 0.097 0.661 0.042 0.034
0 0.219 0.656 0.042 0.036
0 0.2 0.626 0.032 0.04
0 0.166 0.596 0.044 0.052
0 0.087 0.529 0.046 0.034
0 0.072 0.512 0.024 0.024
0 0.004 0.574 0.004 0.02
0 0.229 0.552 0.034 0.04
0 0.269 0.592 0.038 0.04
0 0.303 0.744 0.022 0.048
0 0.292 0.703 0.032 0.038
0 0.472 0.709 0.04 0.046
0 0.49 0.666 0.036 0.044
0 0.461 0.675 0.034 0.034
0 0.514 0.805 0.044 0.034
0 0.575 0.757 0.034 0.062
0 0.597 0.778 0.038 0.044
0 0.136 0.448 0.036 0.044
0 0.173 0.482 0.034 0.04
0 0.281 0.493 0.034 0.026
0 0.294 0.521 0.032 0.038
0 0.315 0.6 0.042 0.044
0 0.219 0.474 0.042 0.044
0 0.196 0.472 0.028 0.028
0 0.281 0.448 0.042 0.032
0 0.223 0.4 0.038 0.052
0 0.024 0.369 0.044 0.042
0 0.097 0.34 0.038 0.052
0 0.174 0.328 0.04 0.044
0 0.288 0.415 0.044 0.05
0 0.359 0.41 0.038 0.044
0 0.364 0.601 0.056 0.07
0 0.45 0.619 0.036 0.042
0 0.436 0.641 0.044 0.026
0 0.539 0.642 0.038 0.044
0 0.529 0.585 0.042 0.046
0 0.469 0.591 0.038 0.026
0 0.392 0.514 0.04 0.036
0 0.388 0.45 0.04 0.044
0 0.483 0.507 0.038 0.046
0 0.573 0.461 0.038 0.042
0 0.704 0.541 0.02 0.038
0 0.736 0.517 0.032 0.05
0 0.771 0.539 0.042 0.054
0 0.683 0.593 0.038 0.054
0 0.708 0.68 0.036 0.056
0 0.667 0.752 0.034 0.052
0 0.69 0.782 0.028 0.036
0 0.803 0.745 0.042 0.054
0 0.784 0.703 0.036 0.05
0 0.806 0.67 0.036 0.044
0 0.874 0.7 0.044 0.076
0 0.945 0.739 0.038 0.058
0 0.937 0.795 0.046 0.034
0 0.858 0.811 0.04 0.054
0 0.992 0.903 0.012 0.034
0 0.985 0.939 0.026 0.058
0 0.941 0.656 0.046 0.032
0 0.846 0.568 0.036 0.036
0 0.898 0.566 0.04 0.048
0 0.958 0.584 0.048 0.036
0 0.981 0.595 0.034 0.042
0 0.917 0.523 0.046 0.062
0 0.816 0.49 0.052 0.04
0 0.827 0.514 0.038 0.02
0 0.761 0.49 0.026 0.02
0 0.863 0.484 0.034 0.028
0 0.86 0.444 0.04 0.036
0 0.997 0.389 0.002 0.022
0 0.934 0.387 0.036 0.026
0 0.987 0.365 0.018 0.038
0 0.925 0.322 0.042 0.04
0 0.773 0.453 0.026 0.03
0 0.817 0.388 0.066 0.056
0 0.814 0.328 0.036 0.048
0 0.744 0.341 0.048 0.042
0 0.76 0.311 0.072 0.038
0 0.674 0.331 0.044 0.05
0 0.599 0.324 0.054 0.068
0 0.572 0.399 0.036 0.042
0 0.503 0.382 0.038 0.032
0 0.483 0.426 0.034 0.032
0 0.439 0.418 0.042 0.04
0 0.422 0.451 0.028 0.026
0 0.42 0.359 0.048 0.046
0 0.28 0.27 0.04 0.04
0 0.144 0.251 0.052 0.034
0 0.135 0.179 0.042 0.046
0 0.042 0.276 0.036 0.036
0 0.007 0.297 0.01 0.022
0 0.013 0.215 0.022 0.034
0 0.078 0.203 0.052 0.03
0 0.055 0.109 0.03 0.034
0 0.109 0.12 0.03 0.028
0 0.176 0.124 0.048 0.036
0 0.25 0.134 0.036 0.036
0 0.196 0.155 0.044 0.03
0 0.054 0.018 0.04 0.032
0 0.132 0.061 0.036 0.038
0 0.302 0.043 0.06 0.042
0 0.37 0.006 0.028 0.008
0 0.353 0.034 0.034 0.024
0 0.368 0.051 0.02 0.042
0 0.416 0.046 0.064 0.032
0 0.337 0.087 0.042 0.034
0 0.349 0.114 0.054 0.036
0 0.327 0.159 0.046 0.026
0 0.325 0.226 0.034 0.028
0 0.378 0.266 0.032 0.028
0 0.39 0.2 0.036 0.044
0 0.447 0.268 0.046 0.032
0 0.455 0.237 0.034 0.042
0 0.499 0.232 0.038 0.04
0 0.486 0.009 0.04 0.014
0 0.526 0.053 0.044 0.034
0 0.536 0.099 0.04 0.03
0 0.581 0.098 0.05 0.056
0 0.557 0.23 0.05 0.044
0 0.612 0.249 0.048 0.034
0 0.66 0.214 0.036 0.044
0 0.704 0.181 0.036 0.054
0 0.754 0.246 0.04 0.04
0 0.824 0.271 0.036 0.05
0 0.787 0.181 0.042 0.038
0 0.835 0.242 0.038 0.052
0 0.878 0.263 0.04 0.042
0 0.836 0.159 0.052 0.046
0 0.931 0.129 0.046 0.026
0 0.983 0.104 0.03 0.044
0 0.912 0.081 0.044 0.034
0 0.924 0.009 0.048 0.014
0 0.652 0.061 0.048 0.05
0 0.671 0.03 0.062 0.036
1 0.433 0.879 0.026 0.022
1 0.236 0.984 0.02 0.028
1 0.236 0.943 0.016 0.018
1 0.24 0.953 0.016 0.018
1 0.128 0.94 0.02 0.028
1 0.263 0.973 0.022 0.034
1 0.179 0.938 0.026 0.032
1 0.11 0.701 0.02 0.022
1 0.087 0.721 0.026 0.022
1 0.09 0.69 0.024 0.032
1 0.064 0.723 0.024 0.026
1 0.057 0.69 0.026 0.032
1 0.209 0.681 0.018 0.03
1 0.384 0.805 0.028 0.018
1 0.429 0.791 0.018 0.026
1 0.371 0.72 0.022 0.032
1 0.158 0.521 0.032 0.026
1 0.44 0.575 0.024 0.022
1 0.523 0.551 0.022 0.018
1 0.445 0.541 0.03 0.022
1 0.412 0.547 0.016 0.022
1 0.561 0.696 0.022 0.02
1 0.98 0.768 0.024 0.036
1 0.997 0.85 0.002 0.02
1 0.732 0.913 0.016 0.026
1 0.813 0.433 0.014 0.022
1 0.997 0.296 0.002 0.016
1 0.546 0.396 0.016 0.028
1 0.308 0.349 0.024 0.03
1 0.207 0.193 0.022 0.018
1 0.218 0.215 0.012 0.022
1 0.201 0.21 0.03 0.028
1 0.076 0.263 0.028 0.034
1 0.067 0.279 0.022 0.026
1 0.072 0.122 0.012 0.024
1 0.113 0.146 0.018 0.02
1 0.062 0.049 0.024 0.026
1 0.265 0.031 0.026 0.018
1 0.382 0.041 0.012 0.018
1 0.411 0.249 0.022 0.026
1 0.516 0.197 0.024 0.026
1 0.501 0.046 0.022 0.024
1 0.583 0.153 0.026 0.022
1 0.606 0.189 0.028 0.026
1 0.981 0.242 0.03 0.024
1 0.722 0.119 0.024 0.03
1 0.908 0.163 0.028 0.022
1 0.621 0.022 0.01 0.012
2 0.699 0.867 0.03 0.034
2 0.288 0.827 0.02 0.022
2 0.118 0.681 0.016 0.018
2 0.329 0.747 0.014 0.022
2 0.399 0.76 0.014 0.02
2 0.359 0.815 0.014 0.03
2 0.031 0.489 0.034 0.03
2 0.572 0.57 0.028 0.04
2 0.519 0.603 0.022 0.03
2 0.451 0.498 0.018 0.016
2 0.424 0.493 0.024 0.022
2 0.602 0.503 0.028 0.03
2 0.702 0.475 0.028 0.046
2 0.744 0.776 0.012 0.028
2 0.735 0.768 0.014 0.028
2 0.774 0.731 0.028 0.03
2 0.905 0.722 0.038 0.068
2 0.985 0.861 0.026 0.034
2 0.819 0.858 0.018 0.024
2 0.966 0.926 0.024 0.036
2 0.95 0.926 0.012 0.012
2 0.965 0.969 0.026 0.042
2 0.899 0.946 0.05 0.028
2 0.891 0.917 0.03 0.042
2 0.87 0.944 0.032 0.048
2 0.818 0.985 0.012 0.018
2 0.921 0.993 0.022 0.01
2 0.676 0.975 0.012 0.018
2 0.594 0.956 0.036 0.02
2 0.592 0.918 0.028 0.028
2 0.543 0.968 0.022 0.032
2 0.632 0.8 0.02 0.02
2 0.819 0.593 0.038 0.046
2 0.847 0.487 0.03 0.034
2 0.905 0.461 0.046 0.042
2 0.885 0.43 0.026 0.02
2 0.989 0.449 0.018 0.026
2 0.972 0.44 0.012 0.024
2 0.789 0.461 0.014 0.018
2 0.759 0.438 0.014 0.02
2 0.748 0.425 0.016 0.022
2 0.761 0.417 0.022 0.022
2 0.827 0.424 0.014 0.016
2 0.801 0.344 0.026 0.028
2 0.499 0.406 0.026 0.024
2 0.511 0.44 0.022 0.028
2 0.451 0.386 0.014 0.02
2 0.396 0.395 0.016 0.022
2 0.286 0.331 0.036 0.034
2 0.203 0.258 0.018 0.016
2 0.057 0.188 0.01 0.016
2 0.014 0.161 0.024 0.03
2 0.02 0.132 0.032 0.016
2 0.089 0.124 0.014 0.016
2 0.138 0.099 0.032 0.026
2 0.076 0.076 0.012 0.02
2 0.046 0.068 0.02 0.024
2 0.006 0.016 0.008 0.028
2 0.194 0.052 0.02 0.016
2 0.179 0.051 0.022 0.022
2 0.25 0.084 0.032 0.036
2 0.236 0.024 0.024 0.032
2 0.207 0.006 0.018 0.008
2 0.395 0.247 0.018 0.026
2 0.385 0.164 0.046 0.024
2 0.418 0.132 0.02 0.016
2 0.407 0.282 0.026 0.02
2 0.457 0.129 0.034 0.018
2 0.734 0.215 0.028 0.03
2 0.88 0.291 0.056 0.022
2 0.897 0.261 0.01 0.01
2 0.849 0.133 0.034 0.038
2 0.945 0.093 0.026 0.026
2 0.939 0.039 0.046 0.03
2 0.806 0.04 0.036 0.04
2 0.788 0.053 0.04 0.046
2 0.717 0.043 0.022 0.022
2 0.679 0.049 0.034 0.03
2 0.646 0.018 0.028 0.024