0 0.043 0.907 0.05 0.034
0 0.119 0.929 0.034 0.026
0 0.074 0.852 0.048 0.036
0 0.189 0.853 0.054 0.042
0 0.259 0.931 0.038 0.034
0 0.294 0.891 0.068 0.05
0 0.236 0.705 0.044 0.034
0 0.365 0.751 0.05 0.03
0 0.295 0.652 0.046 0.036
0 0.545 0.684 0.054 0.036
0 0.383 0.788 0.05 0.028
0 0.419 0.703 0.05 0.038
0 0.386 0.674 0.028 0.024
0 0.438 0.667 0.044 0.03
0 0.431 0.626 0.05 0.032
0 0.537 0.759 0.05 0.03
0 0.151 0.643 0.042 0.034
0 0.026 0.689 0.044 0.034
0 0.097 0.696 0.042 0.052
0 0.064 0.523 0.044 0.046
0 0.075 0.459 0.046 0.034
0 0.116 0.416 0.036 0.036
0 0.203 0.462 0.038 0.028
0 0.264 0.515 0.044 0.034
0 0.447 0.469 0.042 0.05
0 0.486 0.364 0.04 0.044
0 0.377 0.397 0.026 0.034
0 0.358 0.357 0.024 0.026
0 0.368 0.263 0.044 0.046
0 0.646 0.323 0.064 0.034
0 0.582 0.282 0.064 0.04
0 0.579 0.323 0.042 0.034
0 0.61 0.243 0.044 0.026
0 0.59 0.245 0.044 0.026
0 0.707 0.238 0.05 0.032
0 0.834 0.286 0.048 0.036
0 0.742 0.276 0.064 0.044
0 0.481 0.16 0.05 0.028
0 0.333 0.16 0.034 0.04
0 0.172 0.282 0.048 0.048
0 0.144 0.316 0.044 0.032
0 0.073 0.292 0.05 0.036
0 0.363 0.321 0.038 0.034
0 0.626 0.41 0.056 0.032
0 0.737 0.455 0.042 0.034
0 0.83 0.383 0.056 0.038
0 0.83 0.336 0.048 0.036
0 0.882 0.168 0.044 0.028
0 0.959 0.113 0.05 0.058
0 0.715 0.147 0.046 0.046
0 0.692 0.156 0.032 0.044
0 0.583 0.122 0.046 0.072
0 0.493 0.063 0.042 0.046
0 0.614 0.14 0.028 0.032
0 0.846 0.755 0.044 0.042
0 0.788 0.721 0.052 0.034
0 0.837 0.701 0.046 0.034
0 0.829 0.73 0.046 0.04
0 0.779 0.671 0.034 0.034
0 0.937 0.676 0.038 0.032
0 0.906 0.679 0.036 0.03
0 0.591 0.502 0.042 0.032
0 0.451 0.857 0.058 0.038
0 0.49 0.912 0.048 0.04
0 0.578 0.918 0.04 0.032
0 0.563 0.982 0.042 0.032
0 0.702 0.741 0.048 0.038
0 0.671 0.747 0.026 0.03
0 0.653 0.725 0.018 0.018
0 0.604 0.622 0.04 0.028
0 0.575 0.628 0.038 0.032
0 0.577 0.6 0.042 0.028
0 0.472 0.501 0.048 0.034
0 0.49 0.549 0.02 0.038
0 0.211 0.752 0.03 0.036
0 0.248 0.749 0.048 0.034
0 0.334 0.734 0.036 0.028
0 0.267 0.743 0.014 0.014
0 0.291 0.719 0.03 0.026
0 0.331 0.395 0.054 0.042
0 0.217 0.314 0.046 0.024
0 0.256 0.247 0.052 0.038
0 0.262 0.37 0.052 0.044
0 0.208 0.3 0.04 0.044
0 0.417 0.259 0.022 0.042
0 0.077 0.129 0.038 0.038
0 0.105 0.065 0.054 0.062
0 0.297 0.052 0.046 0.048
0 0.045 0.19 0.034 0.048
0 0.429 0.204 0.042 0.032
0 0.546 0.026 0.036 0.032
0 0.738 0.032 0.04 0.028
0 0.625 0.016 0.038 0.028
0 0.879 0.117 0.058 0.054
0 0.812 0.447 0.052 0.03
0 0.768 0.423 0.052 0.03
0 0.963 0.5 0.05 0.044
0 0.945 0.532 0.042 0.04
0 0.865 0.503 0.026 0.03
0 0.796 0.592 0.04 0.04
0 0.736 0.525 0.044 0.038
0 0.912 0.532 0.028 0.04
0 0.978 0.395 0.04 0.038
0 0.571 0.464 0.038 0.044
0 0.548 0.458 0.028 0.028
0 0.238 0.468 0.032 0.032
0 0.914 0.899 0.044 0.034
0 0.743 0.844 0.042 0.028
0 0.603 0.862 0.03 0.036
0 0.765 0.887 0.05 0.03
0 0.447 0.8 0.05 0.024
0 0.218 0.893 0.056 0.03
0 0.029 0.803 0.046 0.038
0 0.018 0.739 0.036 0.038
0 0.331 0.865 0.022 0.054
0 0.257 0.847 0.058 0.026
0 0.391 0.607 0.038 0.026
0 0.488 0.704 0.032 0.032
0 0.367 0.696 0.034 0.024
0 0.152 0.828 0.024 0.048
0 0.197 0.961 0.046 0.026
0 0.238 0.939 0.028 0.022
0 0.349 0.947 0.038 0.022
0 0.498 0.87 0.028 0.032
0 0.601 0.95 0.026 0.028
0 0.311 0.954 0.038 0.032
0 0.813 0.844 0.042 0.02
0 0.803 0.881 0.026 0.022
0 0.801 0.907 0.022 0.03
0 0.778 0.801 0.036 0.026
0 0.909 0.742 0.03 0.028
0 0.953 0.772 0.018 0.016
0 0.951 0.784 0.014 0.012
0 0.941 0.8 0.014 0.028
0 0.93 0.986 0.088 0.024
0 0.971 0.963 0.05 0.042
0 0.621 0.99 0.058 0.016
0 0.675 0.648 0.038 0.036
0 0.724 0.625 0.056 0.022
0 0.616 0.515 0.028 0.026
0 0.697 0.526 0.03 0.024
0 0.788 0.432 0.024 0.024
0 0.937 0.604 0.03 0.028
0 0.851 0.623 0.034 0.03
0 0.957 0.684 0.018 0.02
0 0.99 0.676 0.016 0.036
0 0.489 0.294 0.022 0.024
0 0.408 0.056 0.036 0.024
0 0.264 0.445 0.048 0.038
0 0.264 0.546 0.044 0.036
0 0.242 0.607 0.04 0.026
0 0.016 0.566 0.032 0.04
0 0.775 0.014 0.046 0.024
0 0.983 0.019 0.03 0.034
0 0.982 0.18 0.032 0.064
0 0.236 0.238 0.028 0.04
0 0.532 0.068 0.028 0.028
0 0.503 0.012 0.042 0.02
0 0.012 0.293 0.024 0.034
0 0.048 0.319 0.044 0.026
0 0.031 0.305 0.038 0.046
0 0.04 0.137 0.024 0.054
0 0.011 0.115 0.022 0.046
0 0.384 0.01 0.048 0.016
0 0.049 0.501 0.03 0.026
0 0.011 0.724 0.022 0.032
0 0.826 0.147 0.032 0.042
0 0.803 0.116 0.034 0.028
0 0.671 0.495 0.03 0.034
0 0.721 0.841 0.018 0.022
1 0.204 0.502 0.028 0.02
1 0.636 0.476 0.028 0.024
1 0.872 0.308 0.02 0.028
1 0.504 0.582 0.024 0.024
1 0.497 0.592 0.03 0.028
1 0.348 0.695 0.016 0.018
1 0.088 0.897 0.028 0.022
1 0.404 0.964 0.024 0.024
1 0.605 0.935 0.01 0.014
1 0.826 0.866 0.024 0.024
1 0.811 0.976 0.026 0.028
1 0.788 0.977 0.02 0.022
1 0.778 0.992 0.032 0.012
1 0.849 0.494 0.014 0.024
1 0.821 0.49 0.018 0.028
1 0.889 0.595 0.03 0.018
1 0.485 0.43 0.034 0.032
1 0.505 0.292 0.018 0.02
1 0.535 0.305 0.026 0.018
1 0.596 0.314 0.028 0.024
1 0.605 0.331 0.01 0.018
1 0.44 0.068 0.02 0.028
1 0.428 0.063 0.024 0.022
1 0.608 0.188 0.028 0.024
1 0.287 0.363 0.018 0.022
1 0.248 0.342 0.02 0.032
1 0.115 0.479 0.018 0.022
1 0.103 0.474 0.022 0.02
1 0.142 0.456 0.02 0.02
1 0.572 0.168 0.024 0.028
1 0.303 0.209 0.022 0.018
1 0.275 0.137 0.034 0.038
1 0.796 0.229 0.02 0.022
1 0.098 0.221 0.028 0.03
1 0.097 0.2 0.014 0.016
1 0.251 0.485 0.022 0.014
1 0.013 0.341 0.026 0.03
1 0.175 0.06 0.026 0.04
1 0.476 0.017 0.028 0.022
1 0.936 0.031 0.028 0.026
1 0.013 0.195 0.022 0.026
1 0.004 0.183 0.008 0.026
1 0.595 0.454 0.022 0.024
1 0.187 0.714 0.026 0.028
1 0.162 0.664 0.024 0.012
1 0.008 0.815 0.016 0.026
1 0.995 0.38 0.006 0.024
1 0.997 0.341 0.002 0.018
1 0.993 0.505 0.01 0.034
1 0.023 0.994 0.038 0.008
1 0.466 0.671 0.012 0.01
1 0.007 0.548 0.014 0.028
2 0.855 0.859 0.022 0.026
2 0.884 0.531 0.036 0.034
2 0.935 0.787 0.026 0.026
2 0.797 0.168 0.03 0.032
2 0.669 0.722 0.026 0.02
2 0.474 0.558 0.02 0.012
2 0.214 0.71 0.024 0.024
2 0.164 0.809 0.02 0.03
2 0.18 0.77 0.028 0.028
2 0.103 0.906 0.022 0.016
2 0.416 0.891 0.028 0.038
2 0.395 0.884 0.022 0.032
2 0.496 0.846 0.032 0.016
2 0.848 0.877 0.024 0.03
2 0.701 0.841 0.034 0.03
2 0.78 0.864 0.036 0.024
2 0.764 0.789 0.02 0.014
2 0.745 0.742 0.018 0.016
2 0.878 0.935 0.024 0.034
2 0.858 0.951 0.032 0.026
2 0.604 0.888 0.02 0.016
2 0.676 0.907 0.024 0.026
2 0.664 0.914 0.016 0.02
2 0.586 0.682 0.024 0.028
2 0.599 0.531 0.018 0.018
2 0.648 0.491 0.016 0.026
2 0.511 0.386 0.018 0.024
2 0.523 0.283 0.058 0.038
2 0.62 0.338 0.024 0.02
2 0.787 0.342 0.034 0.016
2 0.801 0.35 0.014 0.016
2 0.127 0.459 0.026 0.018
2 0.2 0.555 0.036 0.026
2 0.033 0.611 0.026 0.022
2 0.574 0.206 0.032 0.032
2 0.783 0.042 0.034 0.024
2 0.757 0.077 0.026 0.03
2 0.921 0.208 0.042 0.024
2 0.457 0.184 0.026 0.028
2 0.303 0.146 0.03 0.016
2 0.832 0.235 0.016 0.018
2 0.06 0.346 0.02 0.032
2 0.165 0.015 0.038 0.026
2 0.267 0.015 0.026 0.022
2 0.233 0.008 0.026 0.012
2 0.831 0.012 0.022 0.02
2 0.279 0.464 0.05 0.02
2 0.924 0.121 0.024 0.03
2 0.363 0.213 0.014 0.018
2 0.196 0.486 0.04 0.028
2 0.214 0.788 0.028 0.024
2 0.854 0.349 0.028 0.018
2 0.701 0.325 0.018 0.01
2 0.896 0.36 0.02 0.012
2 0.866 0.393 0.012 0.014
2 0.792 0.379 0.012 0.014
2 0.987 0.548 0.022 0.024
2 0.986 0.529 0.024 0.026
2 0.964 0.54 0.02 0.024
2 0.341 0.466 0.022 0.024
2 0.138 0.791 0.02 0.014
2 0.064 0.988 0.036 0.02
2 0.705 0.673 0.014 0.01
2 0.636 0.658 0.024 0.024
2 0.042 0.655 0.02 0.014
2 0.12 0.665 0.012 0.01
2 0.483 0.988 0.03 0.02
2 0.557 0.068 0.022 0.012
2 0.6 0.341 0.012 0.014