0 0.909 0.989 0.07 0.018
0 0.698 0.996 0.028 0.004
0 0.657 0.981 0.046 0.034
0 0.616 0.983 0.06 0.03
0 0.588 0.989 0.052 0.018
0 0.403 0.991 0.034 0.014
0 0.405 0.962 0.058 0.04
0 0.349 0.965 0.054 0.034
0 0.297 0.975 0.058 0.038
0 0.276 0.957 0.028 0.018
0 0.044 0.938 0.032 0.024
0 0.034 0.976 0.036 0.028
0 0.192 0.904 0.044 0.032
0 0.396 0.897 0.064 0.05
0 0.483 0.934 0.042 0.028
0 0.482 0.963 0.052 0.042
0 0.519 0.949 0.026 0.022
0 0.585 0.927 0.022 0.03
0 0.599 0.934 0.022 0.016
0 0.637 0.928 0.046 0.04
0 0.585 0.868 0.042 0.032
0 0.679 0.909 0.042 0.042
0 0.654 0.894 0.044 0.036
0 0.691 0.882 0.046 0.032
0 0.752 0.905 0.04 0.03
0 0.724 0.856 0.064 0.06
0 0.694 0.819 0.052 0.042
0 0.786 0.956 0.048 0.048
0 0.805 0.958 0.018 0.024
0 0.834 0.925 0.032 0.026
0 0.92 0.926 0.064 0.04
0 0.959 0.884 0.026 0.048
0 0.914 0.875 0.032 0.03
0 0.934 0.882 0.032 0.036
0 0.891 0.862 0.05 0.032
0 0.75 0.791 0.048 0.038
0 0.589 0.763 0.038 0.03
0 0.494 0.845 0.02 0.026
0 0.477 0.827 0.034 0.03
0 0.471 0.777 0.026 0.038
0 0.406 0.842 0.052 0.044
0 0.278 0.858 0.052 0.032
0 0.253 0.842 0.022 0.024
0 0.152 0.837 0.028 0.026
0 0.04 0.878 0.028 0.04
0 0.008 0.786 0.012 0.032
0 0.045 0.739 0.046 0.034
0 0.103 0.625 0.046 0.03
0 0.143 0.734 0.038 0.04
0 0.116 0.733 0.02 0.042
0 0.183 0.756 0.05 0.052
0 0.278 0.804 0.052 0.04
0 0.322 0.799 0.044 0.042
0 0.365 0.776 0.042 0.032
0 0.397 0.753 0.046 0.042
0 0.417 0.713 0.03 0.026
0 0.393 0.702 0.038 0.036
0 0.351 0.695 0.042 0.03
0 0.345 0.667 0.034 0.026
0 0.309 0.655 0.054 0.038
0 0.228 0.657 0.06 0.03
0 0.207 0.61 0.074 0.036
0 0.15 0.684 0.028 0.032
0 0.169 0.673 0.062 0.05
0 0.987 0.772 0.022 0.036
0 0.98 0.754 0.024 0.028
0 0.96 0.724 0.076 0.04
0 0.889 0.744 0.066 0.076
0 0.821 0.764 0.09 0.048
0 0.591 0.676 0.062 0.036
0 0.493 0.712 0.046 0.032
0 0.496 0.681 0.048 0.042
0 0.47 0.64 0.052 0.044
0 0.345 0.629 0.038 0.026
0 0.417 0.654 0.038 0.028
0 0.408 0.636 0.04 0.032
0 0.549 0.615 0.066 0.046
0 0.603 0.585 0.038 0.034
0 0.642 0.595 0.044 0.042
0 0.672 0.618 0.044 0.036
0 0.873 0.684 0.078 0.044
0 0.996 0.686 0.004 0.02
0 0.933 0.613 0.038 0.03
0 0.987 0.62 0.022 0.048
0 0.765 0.599 0.054 0.034
0 0.755 0.574 0.062 0.028
0 0.963 0.656 0.058 0.028
0 0.92 0.655 0.036 0.046
0 0.854 0.604 0.052 0.052
0 0.661 0.572 0.026 0.032
0 0.97 0.545 0.052 0.034
0 0.976 0.52 0.044 0.032
0 0.952 0.487 0.048 0.046
0 0.812 0.482 0.064 0.036
0 0.777 0.435 0.062 0.034
0 0.743 0.662 0.074 0.048
0 0.711 0.523 0.046 0.05
0 0.76 0.519 0.052 0.038
0 0.878 0.468 0.064 0.048
0 0.991 0.481 0.014 0.03
0 0.994 0.449 0.008 0.042
0 0.95 0.429 0.08 0.062
0 0.668 0.435 0.048 0.03
0 0.475 0.481 0.038 0.03
0 0.011 0.594 0.018 0.032
0 0.021 0.544 0.038 0.036
0 0.186 0.56 0.068 0.04
0 0.33 0.583 0.024 0.03
0 0.357 0.588 0.018 0.028
0 0.4 0.571 0.092 0.05
0 0.196 0.513 0.048 0.034
0 0.39 0.533 0.036 0.022
0 0.355 0.523 0.038 0.022
0 0.01 0.494 0.016 0.024
0 0.015 0.442 0.026 0.02
0 0.03 0.395 0.044 0.03
0 0.035 0.321 0.054 0.034
0 0.179 0.383 0.066 0.038
0 0.131 0.444 0.062 0.052
0 0.234 0.467 0.056 0.038
0 0.248 0.395 0.036 0.042
0 0.374 0.419 0.064 0.042
0 0.279 0.389 0.038 0.022
0 0.053 0.207 0.074 0.03
0 0.025 0.134 0.046 0.032
0 0.44 0.509 0.068 0.042
0 0.439 0.453 0.05 0.038
0 0.49 0.378 0.068 0.044
0 0.483 0.425 0.042 0.038
0 0.988 0.372 0.02 0.02
0 0.967 0.334 0.042 0.032
0 0.778 0.355 0.044 0.034
0 0.726 0.343 0.052 0.042
0 0.734 0.293 0.08 0.046
0 0.516 0.267 0.06 0.046
0 0.426 0.256 0.056 0.028
0 0.319 0.255 0.066 0.03
0 0.314 0.218 0.048 0.04
0 0.192 0.171 0.064 0.03
0 0.27 0.076 0.068 0.028
0 0.987 0.018 0.022 0.032
0 0.951 0.102 0.066 0.036
0 0.823 0.015 0.074 0.026
0 0.922 0.013 0.068 0.022
0 0.878 0.011 0.024 0.018
0 0.808 0.06 0.092 0.048
0 0.863 0.133 0.05 0.034
0 0.326 0.188 0.048 0.032
0 0.218 0.235 0.06 0.046
0 0.229 0.201 0.062 0.034
0 0.502 0.199 0.056 0.03
0 0.585 0.2 0.058 0.04
0 0.477 0.287 0.042 0.042
0 0.535 0.309 0.058 0.03
0 0.878 0.29 0.056 0.044
0 0.824 0.233 0.068 0.026
0 0.558 0.047 0.048 0.038
0 0.107 0.086 0.058 0.028
0 0.202 0.033 0.02 0.026
0 0.279 0.013 0.046 0.022
0 0.418 0.008 0.032 0.012
0 0.374 0.013 0.028 0.022
0 0.409 0.04 0.046 0.032
0 0.961 0.256 0.066 0.044
0 0.783 0.133 0.082 0.058
0 0.675 0.487 0.026 0.03
0 0.658 0.501 0.032 0.05
0 0.63 0.517 0.044 0.046
0 0.672 0.524 0.04 0.016
0 0.533 0.572 0.042 0.032
0 0.521 0.555 0.03 0.018
0 0.524 0.54 0.032 0.02
0 0.503 0.538 0.014 0.028
0 0.25 0.53 0.084 0.036
0 0.169 0.493 0.046 0.038
0 0.169 0.435 0.026 0.03
0 0.313 0.422 0.022 0.028
0 0.324 0.446 0.02 0.02
0 0.311 0.494 0.034 0.036
0 0.719 0.418 0.046 0.032
0 0.687 0.407 0.038 0.03
0 0.932 0.378 0.044 0.032
0 0.875 0.399 0.078 0.026
0 0.89 0.368 0.036 0.048
0 0.86 0.368 0.044 0.048
0 0.924 0.307 0.044 0.046
0 0.895 0.252 0.074 0.04
0 0.975 0.2 0.046 0.04
0 0.979 0.159 0.038 0.046
0 0.952 0.137 0.044 0.026
0 0.729 0.059 0.082 0.054
0 0.587 0.028 0.026 0.024
0 0.828 0.29 0.056 0.052
0 0.835 0.311 0.026 0.022
0 0.426 0.408 0.052 0.036
0 0.4 0.384 0.048 0.04
0 0.208 0.318 0.032 0.036
0 0.187 0.286 0.07 0.036
0 0.149 0.317 0.05 0.034
0 0.17 0.308 0.044 0.04
0 0.02 0.052 0.02 0.024
0 0.322 0.145 0.048 0.034
0 0.725 0.128 0.042 0.032
0 0.439 0.146 0.03 0.028
0 0.507 0.094 0.018 0.02
0 0.495 0.111 0.098 0.038
0 0.547 0.105 0.022 0.042
0 0.531 0.102 0.022 0.024
1 0.018 0.923 0.02 0.014
1 0.193 0.946 0.022 0.028
1 0.819 0.806 0.022 0.016
1 0.68 0.789 0.032 0.018
1 0.637 0.764 0.034 0.024
1 0.499 0.782 0.022 0.036
1 0.094 0.839 0.02 0.038
1 0.964 0.775 0.02 0.018
1 0.538 0.705 0.012 0.014
1 0.903 0.528 0.026 0.028
1 0.183 0.462 0.034 0.02
1 0.087 0.171 0.022 0.03
1 0.755 0.181 0.026 0.014
1 0.526 0.363 0.02 0.014
1 0.636 0.37 0.02 0.016
1 0.169 0.045 0.018 0.026
1 0.226 0.067 0.02 0.038
1 0.229 0.103 0.026 0.03
1 0.469 0.141 0.018 0.026
2 0.24 0.922 0.052 0.02
2 0.516 0.905 0.048 0.026
2 0.511 0.864 0.05 0.024
2 0.559 0.914 0.026 0.032
2 0.75 0.953 0.028 0.026
2 0.856 0.914 0.048 0.036
2 0.84 0.821 0.02 0.018
2 0.203 0.85 0.026 0.028
2 0.004 0.891 0.004 0.018
2 0.079 0.727 0.054 0.042
2 0.042 0.714 0.02 0.016
2 0.101 0.678 0.042 0.028
2 0.324 0.774 0.052 0.036
2 0.256 0.702 0.02 0.024
2 0.776 0.662 0.024 0.02
2 0.845 0.567 0.022 0.01
2 0.798 0.647 0.068 0.046
2 0.798 0.685 0.044 0.026
2 0.164 0.011 0.056 0.018
2 0.475 0.58 0.018 0.02
2 0.311 0.452 0.022 0.02
2 0.288 0.493 0.02 0.01
2 0.319 0.517 0.026 0.018
2 0.327 0.487 0.022 0.022
2 0.326 0.468 0.016 0.012
2 0.3 0.507 0.02 0.018
2 0.273 0.48 0.018 0.012
2 0.944 0.194 0.036 0.028
2 0.663 0.019 0.042 0.03
2 0.05 0.018 0.032 0.032
2 0.012 0.028 0.02 0.024
2 0.109 0.054 0.042 0.028
2 0.177 0.199 0.03 0.022
2 0.296 0.15 0.032 0.028
2 0.522 0.062 0.04 0.044