0 0.987 0.963 0.022 0.05
0 0.93 0.947 0.032 0.054
0 0.989 0.883 0.018 0.054
0 0.886 0.853 0.032 0.062
0 0.815 0.836 0.038 0.052
0 0.768 0.989 0.048 0.018
0 0.667 0.966 0.046 0.048
0 0.627 0.981 0.05 0.034
0 0.96 0.695 0.04 0.046
0 0.874 0.736 0.032 0.052
0 0.919 0.672 0.022 0.032
0 0.746 0.844 0.044 0.044
0 0.791 0.767 0.046 0.042
0 0.829 0.603 0.046 0.034
0 0.75 0.671 0.044 0.038
0 0.965 0.409 0.046 0.026
0 0.945 0.437 0.042 0.034
0 0.988 0.358 0.02 0.024
0 0.975 0.009 0.046 0.014
0 0.969 0.034 0.058 0.032
0 0.83 0.029 0.056 0.038
0 0.875 0.064 0.054 0.028
0 0.796 0.08 0.048 0.044
0 0.95 0.121 0.048 0.046
0 0.953 0.167 0.042 0.038
0 0.93 0.255 0.06 0.042
0 0.869 0.258 0.046 0.04
0 0.839 0.232 0.05 0.04
0 0.899 0.17 0.022 0.04
0 0.827 0.178 0.022 0.024
0 0.096 0.037 0.044 0.058
0 0.024 0.056 0.024 0.04
0 0.105 0.105 0.042 0.038
0 0.143 0.069 0.058 0.018
0 0.208 0.024 0.036 0.04
0 0.166 0.004 0.048 0.004
0 0.248 0.029 0.044 0.026
0 0.263 0.062 0.05 0.044
0 0.294 0.111 0.032 0.038
0 0.36 0.071 0.044 0.042
0 0.423 0.015 0.07 0.026
0 0.518 0.078 0.04 0.04
0 0.635 0.056 0.026 0.04
0 0.06 0.174 0.028 0.04
0 0.018 0.22 0.032 0.028
0 0.065 0.22 0.022 0.024
0 0.089 0.206 0.034 0.056
0 0.031 0.284 0.034 0.048
0 0.157 0.26 0.034 0.036
0 0.191 0.172 0.03 0.06
0 0.219 0.213 0.054 0.038
0 0.35 0.159 0.036 0.046
0 0.32 0.188 0.028 0.036
0 0.737 0.202 0.046 0.044
0 0.626 0.188 0.032 0.04
0 0.532 0.185 0.04 0.046
0 0.258 0.228 0.028 0.028
0 0.217 0.244 0.03 0.024
0 0.296 0.247 0.024 0.034
0 0.276 0.276 0.048 0.044
0 0.246 0.311 0.04 0.038
0 0.22 0.328 0.048 0.052
0 0.399 0.254 0.03 0.032
0 0.379 0.285 0.034 0.042
0 0.558 0.241 0.044 0.042
0 0.664 0.234 0.04 0.032
0 0.67 0.27 0.036 0.04
0 0.64 0.304 0.036 0.044
0 0.795 0.277 0.038 0.058
0 0.764 0.279 0.012 0.034
0 0.878 0.388 0.048 0.048
0 0.76 0.424 0.04 0.04
0 0.78 0.464 0.052 0.044
0 0.674 0.415 0.036 0.03
0 0.68 0.375 0.052 0.03
0 0.757 0.541 0.054 0.046
0 0.472 0.303 0.04 0.054
0 0.402 0.375 0.036 0.054
0 0.351 0.397 0.018 0.034
0 0.432 0.425 0.032 0.038
0 0.368 0.467 0.052 0.042
0 0.546 0.449 0.048 0.046
0 0.594 0.561 0.044 0.05
0 0.621 0.643 0.042 0.046
0 0.651 0.716 0.034 0.036
0 0.64 0.753 0.04 0.042
0 0.634 0.79 0.024 0.028
0 0.615 0.767 0.018 0.026
0 0.582 0.769 0.04 0.05
0 0.553 0.79 0.026 0.02
0 0.542 0.729 0.048 0.038
0 0.566 0.69 0.044 0.044
0 0.493 0.69 0.038 0.036
0 0.223 0.375 0.026 0.014
0 0.068 0.417 0.02 0.014
0 0.055 0.512 0.018 0.024
0 0.176 0.464 0.024 0.028
0 0.162 0.52 0.028 0.056
0 0.173 0.566 0.03 0.04
0 0.232 0.523 0.04 0.038
0 0.223 0.552 0.022 0.04
0 0.251 0.573 0.038 0.042
0 0.331 0.515 0.034 0.05
0 0.283 0.622 0.038 0.048
0 0.396 0.608 0.044 0.036
0 0.492 0.515 0.036 0.042
0 0.451 0.599 0.034 0.034
0 0.437 0.623 0.046 0.042
0 0.222 0.664 0.04 0.048
0 0.245 0.625 0.022 0.03
0 0.213 0.722 0.042 0.048
0 0.249 0.73 0.022 0.024
0 0.489 0.806 0.034 0.032
0 0.458 0.799 0.028 0.03
0 0.441 0.81 0.042 0.028
0 0.401 0.853 0.038 0.03
0 0.146 0.888 0.028 0.048
0 0.292 0.784 0.044 0.036
0 0.338 0.746 0.032 0.04
0 0.366 0.767 0.028 0.042
0 0.405 0.748 0.03 0.044
0 0.39 0.811 0.048 0.034
1 0.984 0.814 0.024 0.02
1 0.942 0.832 0.024 0.024
1 0.988 0.605 0.02 0.042
1 0.963 0.606 0.01 0.02
1 0.899 0.741 0.014 0.03
1 0.743 0.799 0.022 0.014
1 0.743 0.779 0.01 0.006
1 0.804 0.725 0.016 0.01
1 0.847 0.686 0.018 0.012
1 0.831 0.651 0.014 0.014
1 0.848 0.19 0.02 0.016
1 0.07 0.1 0.024 0.016
1 0.049 0.084 0.018 0.016
1 0.652 0.038 0.02 0.028
1 0.626 0.034 0.028 0.016
1 0.604 0.07 0.016 0.02
1 0.594 0.936 0.028 0.032
1 0.709 0.071 0.01 0.018
1 0.681 0.06 0.014 0.016
1 0.674 0.037 0.012 0.018
1 0.597 0.005 0.022 0.006
1 0.006 0.333 0.008 0.042
1 0.452 0.182 0.02 0.028
1 0.449 0.225 0.018 0.01
1 0.431 0.185 0.018 0.01
1 0.354 0.268 0.016 0.02
1 0.595 0.28 0.018 0.02
1 0.909 0.394 0.018 0.024
1 0.717 0.412 0.022 0.02
1 0.473 0.363 0.034 0.022
1 0.447 0.48 0.018 0.036
1 0.409 0.516 0.014 0.016
1 0.63 0.512 0.024 0.016
1 0.632 0.497 0.028 0.014
1 0.605 0.5 0.026 0.016
1 0.201 0.378 0.01 0.016
1 0.209 0.41 0.038 0.012
1 0.157 0.384 0.018 0.008
1 0.123 0.403 0.026 0.014
1 0.082 0.42 0.016 0.032
1 0.019 0.433 0.022 0.01
1 0.123 0.505 0.014 0.034
1 0.149 0.479 0.018 0.026
1 0.49 0.567 0.024 0.014
1 0.468 0.578 0.02 0.012
1 0.046 0.604 0.02 0.02
1 0.062 0.616 0.02 0.02
1 0.113 0.662 0.03 0.044
1 0.163 0.666 0.01 0.016
1 0.152 0.666 0.012 0.02
1 0.122 0.702 0.02 0.032
1 0.346 0.647 0.032 0.018
1 0.194 0.764 0.02 0.024
1 0.54 0.849 0.008 0.018
1 0.526 0.866 0.02 0.02
1 0.389 0.922 0.022 0.024
1 0.291 0.957 0.018 0.038
1 0.201 0.994 0.03 0.008
1 0.005 0.989 0.006 0.018
1 0.064 0.965 0.016 0.014
1 0.049 0.968 0.018 0.012
1 0.05 0.899 0.028 0.034
1 0.221 0.849 0.014 0.03
1 0.055 0.819 0.018 0.03
1 0.11 0.74 0.012 0.024
1 0.132 0.756 0.012 0.008
1 0.004 0.68 0.004 0.024
2 0.839 0.857 0.014 0.042
2 0.903 0.781 0.03 0.03
2 0.913 0.471 0.042 0.042
2 0.983 0.338 0.018 0.02
2 0.996 0.319 0.004 0.022
2 0.864 0.142 0.012 0.016
2 0.48 0.039 0.04 0.03
2 0.586 0.885 0.024 0.038
2 0.552 0.914 0.036 0.032
2 0.696 0.089 0.04 0.022
2 0.117 0.169 0.014 0.034
2 0.048 0.142 0.008 0.016
2 0.673 0.163 0.018 0.03
2 0.653 0.171 0.026 0.018
2 0.603 0.61 0.03 0.036
2 0.478 0.875 0.02 0.03
2 0.46 0.885 0.02 0.026
2 0.392 0.681 0.016 0.018
2 0.239 0.753 0.014 0.018
2 0.249 0.765 0.01 0.01
2 0.268 0.768 0.008 0.008
2 0.481 0.194 0.01 0.028
2 0.497 0.104 0.01 0.02
2 0.327 0.078 0.022 0.012
2 0.179 0.089 0.014 0.026
2 0.24 0.06 0.012 0.016
2 0.507 0.733 0.014 0.018
2 0.538 0.695 0.016 0.018
2 0.471 0.535 0.022 0.022
2 0.241 0.414 0.018 0.012
2 0.066 0.581 0.012 0.01