0 0.906 0.753 0.064 0.066
0 0.788 0.877 0.084 0.074
0 0.835 0.765 0.05 0.054
0 0.963 0.781 0.07 0.066
0 0.865 0.625 0.05 0.062
0 0.795 0.629 0.05 0.05
0 0.729 0.72 0.062 0.052
0 0.767 0.583 0.098 0.082
0 0.763 0.477 0.054 0.05
0 0.61 0.861 0.04 0.042
0 0.862 0.514 0.06 0.048
0 0.566 0.754 0.072 0.056
0 0.505 0.74 0.07 0.068
0 0.954 0.436 0.052 0.048
0 0.825 0.47 0.042 0.044
0 0.573 0.543 0.05 0.058
0 0.51 0.527 0.068 0.058
0 0.951 0.38 0.046 0.044
0 0.925 0.253 0.042 0.038
0 0.852 0.283 0.036 0.038
0 0.596 0.986 0.048 0.024
0 0.643 0.985 0.03 0.026
0 0.504 0.916 0.072 0.072
0 0.747 0.33 0.046 0.044
0 0.739 0.315 0.038 0.03
0 0.715 0.362 0.046 0.04
0 0.646 0.379 0.056 0.05
0 0.581 0.448 0.062 0.06
0 0.798 0.177 0.072 0.058
0 0.974 0.192 0.044 0.052
0 0.862 0.05 0.052 0.052
0 0.842 0.014 0.04 0.024
0 0.847 0.089 0.042 0.046
0 0.943 0.113 0.042 0.026
0 0.928 0.086 0.032 0.028
0 0.733 0.22 0.058 0.052
0 0.736 0.242 0.02 0.028
0 0.523 0.295 0.054 0.046
0 0.462 0.226 0.068 0.072
0 0.777 0.068 0.05 0.04
0 0.664 0.107 0.06 0.046
0 0.621 0.45 0.034 0.04
0 0.373 0.263 0.058 0.062
0 0.312 0.201 0.048 0.066
0 0.289 0.148 0.058 0.048
0 0.257 0.177 0.042 0.05
0 0.592 0.112 0.048 0.04
0 0.559 0.074 0.07 0.052
0 0.494 0.075 0.064 0.054
0 0.709 0.168 0.05 0.036
0 0.606 0.289 0.052 0.042
0 0.595 0.327 0.054 0.042
0 0.542 0.611 0.028 0.042
0 0.554 0.372 0.04 0.036
0 0.497 0.415 0.042 0.062
0 0.301 0.475 0.054 0.046
0 0.411 0.819 0.066 0.066
0 0.384 0.695 0.036 0.03
0 0.294 0.645 0.036 0.054
0 0.272 0.681 0.044 0.038
0 0.333 0.063 0.086 0.046
0 0.214 0.086 0.048 0.04
0 0.132 0.072 0.072 0.052
0 0.131 0.132 0.058 0.036
0 0.124 0.264 0.036 0.044
0 0.03 0.295 0.056 0.05
0 0.025 0.265 0.034 0.03
0 0.055 0.127 0.058 0.054
0 0.261 0.418 0.078 0.06
0 0.35 0.351 0.048 0.03
0 0.24 0.369 0.056 0.046
0 0.175 0.378 0.058 0.056
0 0.106 0.41 0.076 0.06
0 0.043 0.473 0.05 0.05
0 0.13 0.558 0.084 0.044
0 0.016 0.555 0.028 0.038
0 0.387 0.582 0.046 0.052
0 0.136 0.636 0.044 0.044
0 0.044 0.626 0.04 0.04
0 0.093 0.643 0.034 0.054
0 0.08 0.663 0.044 0.034
0 0.243 0.779 0.046 0.054
0 0.24 0.723 0.044 0.034
0 0.191 0.716 0.038 0.04
0 0.275 0.954 0.046 0.044
0 0.291 0.932 0.022 0.024
0 0.238 0.953 0.032 0.03
0 0.28 0.918 0.024 0.024
0 0.265 0.893 0.042 0.038
0 0.242 0.842 0.044 0.036
0 0.204 0.876 0.036 0.04
0 0.178 0.797 0.032 0.034
0 0.062 0.845 0.032 0.042
0 0.054 0.735 0.04 0.034
0 0.134 0.838 0.028 0.032
0 0.087 0.802 0.03 0.036
0 0.345 0.833 0.026 0.026
0 0.418 0.906 0.044 0.028
1 0.934 0.638 0.028 0.02
1 0.958 0.551 0.024 0.026
1 0.806 0.724 0.044 0.032
1 0.805 0.673 0.022 0.034
1 0.896 0.808 0.024 0.024
1 0.966 0.95 0.036 0.028
1 0.987 0.924 0.022 0.028
1 0.572 0.817 0.02 0.03
1 0.774 0.854 0.016 0.012
1 0.774 0.844 0.028 0.016
1 0.731 0.858 0.03 0.028
1 0.919 0.502 0.03 0.02
1 0.93 0.469 0.024 0.042
1 0.916 0.462 0.028 0.032
1 0.782 0.692 0.02 0.036
1 0.705 0.497 0.034 0.034
1 0.671 0.542 0.038 0.028
1 0.621 0.573 0.034 0.042
1 0.975 0.332 0.034 0.02
1 0.885 0.302 0.018 0.024
1 0.645 0.751 0.018 0.018
1 0.605 0.748 0.018 0.012
1 0.627 0.967 0.018 0.014
1 0.849 0.921 0.034 0.042
1 0.549 0.84 0.03 0.028
1 0.81 0.108 0.02 0.036
1 0.791 0.118 0.03 0.024
1 0.716 0.284 0.024 0.02
1 0.833 0.232 0.026 0.028
1 0.807 0.416 0.022 0.024
1 0.901 0.308 0.018 0.02
1 0.723 0.087 0.038 0.026
1 0.278 0.214 0.02 0.04
1 0.509 0.116 0.01 0.024
1 0.496 0.119 0.008 0.022
1 0.647 0.295 0.022 0.034
1 0.566 0.314 0.024 0.036
1 0.684 0.239 0.032 0.03
1 0.74 0.128 0.02 0.028
1 0.526 0.58 0.024 0.036
1 0.499 0.577 0.03 0.042
1 0.437 0.419 0.038 0.022
1 0.329 0.464 0.022 0.024
1 0.348 0.511 0.024 0.026
1 0.416 0.772 0.024 0.032
1 0.286 0.05 0.02 0.02
1 0.202 0.184 0.028 0.024
1 0.115 0.198 0.046 0.028
1 0.077 0.247 0.022 0.022
1 0.164 0.422 0.028 0.028
1 0.089 0.372 0.046 0.036
1 0.089 0.522 0.022 0.028
1 0.038 0.533 0.02 0.03
1 0.355 0.395 0.014 0.018
1 0.162 0.62 0.02 0.048
1 0.102 0.609 0.02 0.014
1 0.024 0.732 0.016 0.028
1 0.117 0.821 0.018 0.05
1 0.103 0.818 0.014 0.016
1 0.15 0.946 0.024 0.04
1 0.917 0.034 0.022 0.024
2 0.587 0.875 0.03 0.03
2 0.88 0.936 0.028 0.02
2 0.616 0.901 0.02 0.034
2 0.716 0.144 0.032 0.016
2 0.746 0.142 0.028 0.024
2 0.517 0.347 0.038 0.018
2 0.476 0.359 0.044 0.03
2 0.272 0.077 0.048 0.03
2 0.305 0.297 0.018 0.022
2 0.281 0.509 0.026 0.026
2 0.174 0.583 0.012 0.014
2 0.139 0.514 0.018 0.012
2 0.342 0.938 0.024 0.024
2 0.201 0.932 0.01 0.016
2 0.05 0.896 0.016 0.016
2 0.419 0.929 0.022 0.018
2 0.953 0.687 0.03 0.014
2 0.915 0.704 0.014 0.008
2 0.565 0.682 0.022 0.02
2 0.626 0.651 0.02 0.014
2 0.858 0.169 0.02 0.018
2 0.678 0.167 0.024 0.026
2 0.09 0.341 0.024 0.01
2 0.093 0.333 0.01 0.006
2 0.988 0.644 0.012 0.016
2 0.914 0.601 0.012 0.018
2 0.913 0.357 0.01 0.01