0 0.117 0.577 0.062 0.05
0 0.155 0.015 0.058 0.026
0 0.258 0.027 0.064 0.05
0 0.345 0.025 0.062 0.046
0 0.307 0.153 0.054 0.038
0 0.171 0.203 0.066 0.05
0 0.094 0.114 0.056 0.048
0 0.041 0.167 0.062 0.042
0 0.046 0.206 0.056 0.044
0 0.027 0.434 0.054 0.032
0 0.071 0.341 0.062 0.05
0 0.03 0.365 0.06 0.062
0 0.21 0.275 0.08 0.05
0 0.092 0.691 0.064 0.038
0 0.175 0.703 0.062 0.038
0 0.223 0.677 0.074 0.038
0 0.204 0.575 0.048 0.042
0 0.234 0.807 0.056 0.034
0 0.164 0.626 0.076 0.052
0 0.175 0.057 0.058 0.054
0 0.327 0.562 0.062 0.052
0 0.425 0.535 0.078 0.05
0 0.386 0.554 0.044 0.032
0 0.486 0.555 0.056 0.046
0 0.469 0.585 0.078 0.042
0 0.257 0.738 0.062 0.048
0 0.527 0.67 0.066 0.048
0 0.45 0.653 0.072 0.038
0 0.575 0.599 0.066 0.054
0 0.357 0.817 0.078 0.046
0 0.428 0.797 0.072 0.046
0 0.534 0.947 0.076 0.054
0 0.551 0.804 0.058 0.048
0 0.611 0.819 0.062 0.038
0 0.251 0.865 0.07 0.058
0 0.449 0.402 0.074 0.048
0 0.195 0.975 0.07 0.046
0 0.143 0.865 0.054 0.038
0 0.749 0.941 0.038 0.058
0 0.735 0.882 0.042 0.04
0 0.714 0.752 0.064 0.064
0 0.568 0.882 0.04 0.044
0 0.398 0.706 0.052 0.04
0 0.386 0.652 0.056 0.032
0 0.672 0.694 0.06 0.052
0 0.771 0.765 0.058 0.054
0 0.755 0.685 0.05 0.05
0 0.891 0.888 0.034 0.032
0 0.861 0.894 0.022 0.036
0 0.974 0.859 0.036 0.038
0 0.821 0.823 0.05 0.054
0 0.878 0.83 0.036 0.04
0 0.922 0.825 0.052 0.038
0 0.945 0.763 0.038 0.054
0 0.889 0.724 0.042 0.036
0 0.876 0.771 0.044 0.038
0 0.972 0.74 0.044 0.036
0 0.975 0.694 0.034 0.052
0 0.802 0.595 0.036 0.058
0 0.857 0.606 0.05 0.044
0 0.965 0.647 0.042 0.046
0 0.757 0.531 0.046 0.042
0 0.84 0.537 0.04 0.042
0 0.783 0.53 0.042 0.044
0 0.562 0.525 0.076 0.046
0 0.552 0.476 0.072 0.056
0 0.808 0.476 0.044 0.052
0 0.899 0.458 0.042 0.044
0 0.934 0.505 0.056 0.042
0 0.369 0.942 0.058 0.044
0 0.505 0.192 0.082 0.056
0 0.883 0.394 0.058 0.052
0 0.678 0.37 0.064 0.048
0 0.741 0.346 0.05 0.048
0 0.815 0.304 0.042 0.032
0 0.843 0.316 0.038 0.052
0 0.91 0.277 0.044 0.054
0 0.942 0.302 0.036 0.06
0 0.25 0.089 0.06 0.05
0 0.468 0.282 0.08 0.048
0 0.416 0.306 0.044 0.036
0 0.501 0.375 0.062 0.03
0 0.458 0.341 0.048 0.03
0 0.601 0.162 0.07 0.048
0 0.562 0.117 0.084 0.046
0 0.389 0.093 0.038 0.042
0 0.504 0.06 0.068 0.06
0 0.581 0.063 0.058 0.05
0 0.619 0.022 0.066 0.04
0 0.657 0.241 0.046 0.034
0 0.758 0.115 0.056 0.058
0 0.751 0.169 0.05 0.042
0 0.801 0.254 0.058 0.06
0 0.97 0.382 0.056 0.068
0 0.798 0.176 0.04 0.032
0 0.804 0.196 0.052 0.032
0 0.672 0.191 0.06 0.042
0 0.757 0.039 0.062 0.042
0 0.827 0.019 0.058 0.034
0 0.817 0.069 0.054 0.042
0 0.964 0.222 0.044 0.04
0 0.988 0.241 0.02 0.03
0 0.458 0.248 0.04 0.036
0 0.423 0.26 0.042 0.04
0 0.039 0.889 0.078 0.042
0 0.129 0.753 0.07 0.062
0 0.036 0.6 0.064 0.068
0 0.602 0.862 0.076 0.048
0 0.481 0.674 0.038 0.04
0 0.309 0.532 0.062 0.036
0 0.268 0.524 0.028 0.032
0 0.306 0.388 0.052 0.048
0 0.478 0.1 0.048 0.044
0 0.133 0.099 0.034 0.038
0 0.097 0.264 0.058 0.056
1 0.095 0.167 0.026 0.026
1 0.228 0.208 0.032 0.024
1 0.144 0.328 0.028 0.024
1 0.236 0.312 0.028 0.024
1 0.362 0.339 0.024 0.03
1 0.36 0.274 0.016 0.016
1 0.109 0.415 0.022 0.03
1 0.123 0.431 0.014 0.022
1 0.106 0.37 0.036 0.02
1 0.101 0.672 0.018 0.024
1 0.215 0.64 0.03 0.02
1 0.115 0.622 0.034 0.024
1 0.14 0.604 0.024 0.024
1 0.173 0.595 0.014 0.018
1 0.319 0.652 0.03 0.02
1 0.221 0.761 0.022 0.026
1 0.5 0.844 0.048 0.024
1 0.163 0.893 0.03 0.026
1 0.628 0.77 0.02 0.032
1 0.666 0.766 0.016 0.028
1 0.667 0.918 0.03 0.028
1 0.738 0.984 0.028 0.024
1 0.794 0.96 0.032 0.028
1 0.818 0.957 0.016 0.022
1 0.815 0.93 0.014 0.032
1 0.8 0.891 0.016 0.022
1 0.699 0.882 0.03 0.036
1 0.72 0.84 0.036 0.024
1 0.86 0.974 0.04 0.024
1 0.907 0.975 0.038 0.014
1 0.848 0.94 0.044 0.036
1 0.946 0.894 0.024 0.028
1 0.946 0.965 0.02 0.026
1 0.863 0.802 0.022 0.024
1 0.848 0.749 0.024 0.046
1 0.671 0.645 0.022 0.03
1 0.738 0.615 0.02 0.03
1 0.562 0.683 0.028 0.03
1 0.965 0.801 0.034 0.022
1 0.913 0.63 0.022 0.032
1 0.933 0.648 0.03 0.028
1 0.988 0.648 0.02 0.028
1 0.839 0.717 0.042 0.07
1 0.868 0.685 0.02 0.026
1 0.863 0.641 0.018 0.018
1 0.788 0.405 0.016 0.034
1 0.842 0.431 0.024 0.03
1 0.886 0.486 0.036 0.032
1 0.935 0.541 0.034 0.026
1 0.861 0.311 0.01 0.022
1 0.622 0.873 0.02 0.034
1 0.423 0.356 0.026 0.036
1 0.326 0.938 0.028 0.024
1 0.334 0.916 0.036 0.016
1 0.641 0.124 0.034 0.012
1 0.64 0.114 0.024 0.008
1 0.73 0.293 0.024 0.034
1 0.777 0.276 0.018 0.028
1 0.718 0.037 0.028 0.03
1 0.93 0.126 0.032 0.028
1 0.955 0.051 0.026 0.022
1 0.926 0.014 0.012 0.024
1 0.966 0.198 0.028 0.02
1 0.873 0.351 0.034 0.03
1 0.987 0.292 0.022 0.028
1 0.073 0.873 0.03 0.03
1 0.08 0.813 0.02 0.034
1 0.091 0.801 0.022 0.022
1 0.125 0.793 0.05 0.014
1 0.168 0.762 0.024 0.036
1 0.3 0.921 0.028 0.026
1 0.975 0.918 0.026 0.028
1 0.99 0.906 0.016 0.036
1 0.237 0.52 0.026 0.032
1 0.14 0.505 0.04 0.042
1 0.115 0.273 0.03 0.034
1 0.051 0.095 0.018 0.01
1 0.162 0.437 0.012 0.014
1 0.162 0.437 0.04 0.038
1 0.405 0.491 0.022 0.014
1 0.43 0.468 0.028 0.024
2 0.406 0.376 0.016 0.012
2 0.375 0.348 0.01 0.012
2 0.216 0.845 0.044 0.03
2 0.184 0.807 0.044 0.03
2 0.838 0.785 0.036 0.03
2 0.588 0.361 0.048 0.038
2 0.55 0.336 0.024 0.02
2 0.525 0.417 0.034 0.018
2 0.569 0.433 0.022 0.03
2 0.622 0.454 0.016 0.02
2 0.535 0.223 0.058 0.054
2 0.449 0.163 0.034 0.03
2 0.459 0.48 0.026 0.024
2 0.319 0.429 0.042 0.018
2 0.311 0.354 0.022 0.02
2 0.266 0.352 0.04 0.028
2 0.664 0.411 0.048 0.042
2 0.699 0.414 0.018 0.028
2 0.71 0.394 0.016 0.016
2 0.812 0.358 0.028 0.04
2 0.817 0.394 0.006 0.016