0 0.943 0.148 0.034 0.06
0 0.871 0.105 0.038 0.074
0 0.985 0.047 0.026 0.058
0 0.834 0.083 0.04 0.046
0 0.773 0.02 0.042 0.04
0 0.913 0.064 0.022 0.044
0 0.926 0.036 0.02 0.028
0 0.837 0.112 0.03 0.024
0 0.955 0.197 0.05 0.046
0 0.779 0.149 0.046 0.066
0 0.71 0.05 0.044 0.052
0 0.885 0.245 0.054 0.062
0 0.945 0.264 0.05 0.06
0 0.933 0.315 0.034 0.054
0 0.868 0.275 0.044 0.07
0 0.954 0.326 0.036 0.048
0 0.83 0.248 0.04 0.052
0 0.981 0.303 0.034 0.062
0 0.78 0.223 0.036 0.046
0 0.682 0.165 0.052 0.054
0 0.654 0.107 0.04 0.05
0 0.619 0.161 0.038 0.046
0 0.558 0.116 0.048 0.056
0 0.675 0.037 0.022 0.034
0 0.533 0.011 0.042 0.022
0 0.479 0.031 0.046 0.05
0 0.438 0.029 0.036 0.038
0 0.496 0.105 0.04 0.066
0 0.492 0.008 0.032 0.016
0 0.357 0.032 0.042 0.052
0 0.326 0.074 0.06 0.04
0 0.318 0.041 0.036 0.03
0 0.239 0.014 0.042 0.028
0 0.202 0.052 0.06 0.06
0 0.192 0.015 0.06 0.03
0 0.202 0.169 0.044 0.046
0 0.107 0.154 0.05 0.056
0 0.199 0.115 0.042 0.038
0 0.156 0.092 0.04 0.04
0 0.021 0.027 0.038 0.038
0 0.059 0.136 0.042 0.04
0 0.057 0.099 0.026 0.03
0 0.17 0.297 0.048 0.046
0 0.138 0.244 0.052 0.044
0 0.165 0.332 0.046 0.036
0 0.11 0.314 0.036 0.044
0 0.125 0.41 0.046 0.06
0 0.078 0.282 0.044 0.044
0 0.087 0.335 0.038 0.042
0 0.039 0.291 0.03 0.038
0 0.015 0.295 0.026 0.046
0 0.268 0.306 0.044 0.06
0 0.333 0.375 0.042 0.058
0 0.899 0.361 0.046 0.062
0 0.877 0.409 0.05 0.058
0 0.785 0.312 0.058 0.06
0 0.776 0.392 0.044 0.072
0 0.62 0.377 0.052 0.054
0 0.593 0.296 0.042 0.052
0 0.629 0.259 0.042 0.07
0 0.652 0.254 0.044 0.052
0 0.579 0.385 0.054 0.058
0 0.472 0.187 0.056 0.058
0 0.448 0.193 0.04 0.046
0 0.324 0.162 0.044 0.032
0 0.812 0.561 0.036 0.062
0 0.708 0.534 0.048 0.06
0 0.578 0.53 0.052 0.056
0 0.766 0.502 0.044 0.068
0 0.954 0.503 0.04 0.066
0 0.984 0.488 0.028 0.068
0 0.989 0.597 0.018 0.07
0 0.865 0.655 0.05 0.07
0 0.701 0.633 0.046 0.07
0 0.612 0.623 0.048 0.062
0 0.434 0.468 0.052 0.064
0 0.478 0.541 0.048 0.058
0 0.36 0.616 0.052 0.072
0 0.365 0.663 0.062 0.062
0 0.396 0.547 0.04 0.066
0 0.287 0.124 0.062 0.04
0 0.305 0.279 0.066 0.074
0 0.697 0.281 0.038 0.05
0 0.691 0.251 0.022 0.026
0 0.055 0.397 0.054 0.058
0 0.057 0.339 0.026 0.034
0 0.101 0.485 0.026 0.026
0 0.034 0.491 0.032 0.026
0 0.02 0.459 0.036 0.062
0 0.064 0.464 0.032 0.024
0 0.013 0.523 0.022 0.026
0 0.108 0.546 0.048 0.068
0 0.069 0.554 0.046 0.052
0 0.051 0.594 0.058 0.056
0 0.019 0.61 0.034 0.048
0 0.158 0.596 0.052 0.06
0 0.22 0.602 0.04 0.056
0 0.219 0.664 0.05 0.064
0 0.735 0.447 0.022 0.042
0 0.542 0.408 0.048 0.06
0 0.513 0.398 0.038 0.052
0 0.392 0.441 0.052 0.054
0 0.322 0.583 0.032 0.042
0 0.319 0.664 0.034 0.06
0 0.402 0.613 0.044 0.058
0 0.248 0.596 0.048 0.068
0 0.176 0.731 0.048 0.086
0 0.138 0.796 0.048 0.06
0 0.283 0.783 0.046 0.058
0 0.231 0.802 0.054 0.06
0 0.057 0.784 0.042 0.052
0 0.034 0.806 0.048 0.06
0 0.073 0.69 0.05 0.052
0 0.267 0.72 0.054 0.076
0 0.359 0.756 0.042 0.06
0 0.414 0.764 0.048 0.072
0 0.559 0.719 0.058 0.07
0 0.609 0.725 0.046 0.066
0 0.743 0.791 0.054 0.066
0 0.835 0.766 0.042 0.064
0 0.686 0.734 0.04 0.056
0 0.755 0.693 0.042 0.066
0 0.701 0.688 0.046 0.064
0 0.726 0.678 0.02 0.044
0 0.803 0.647 0.022 0.026
0 0.485 0.682 0.034 0.032
0 0.58 0.953 0.044 0.046
0 0.506 0.941 0.052 0.07
0 0.425 0.955 0.046 0.05
0 0.374 0.926 0.056 0.072
0 0.345 0.951 0.054 0.058
0 0.289 0.941 0.054 0.058
0 0.225 0.941 0.05 0.062
0 0.648 0.95 0.044 0.06
0 0.629 0.867 0.046 0.058
0 0.743 0.973 0.042 0.05
0 0.754 0.859 0.052 0.066
0 0.677 0.89 0.034 0.032
0 0.688 0.922 0.044 0.044
0 0.116 0.909 0.048 0.054
0 0.055 0.938 0.046 0.052
0 0.02 0.972 0.036 0.052
0 0.187 0.919 0.042 0.05
0 0.166 0.89 0.024 0.044
0 0.405 0.847 0.046 0.054
0 0.581 0.985 0.046 0.026
0 0.166 0.985 0.036 0.026
0 0.535 0.868 0.054 0.056
0 0.976 0.959 0.044 0.058
0 0.81 0.958 0.056 0.052
0 0.89 0.954 0.028 0.044
0 0.906 0.974 0.028 0.044
0 0.972 0.785 0.048 0.054
0 0.971 0.735 0.034 0.026
0 0.947 0.707 0.022 0.03
0 0.865 0.826 0.038 0.044
0 0.972 0.712 0.028 0.024
0 0.892 0.548 0.044 0.052
0 0.915 0.582 0.046 0.044
0 0.927 0.608 0.046 0.04
0 0.022 0.868 0.04 0.052
0 0.531 0.777 0.05 0.062
0 0.467 0.798 0.05 0.056
0 0.807 0.296 0.03 0.028
0 0.726 0.489 0.028 0.014
1 0.803 0.072 0.022 0.024
1 0.866 0.01 0.024 0.02
1 0.11 0.021 0.028 0.026
1 0.895 0.061 0.014 0.014
1 0.968 0.021 0.012 0.014
1 0.772 0.423 0.024 0.022
1 0.686 0.327 0.016 0.014
1 0.288 0.145 0.016 0.026
1 0.697 0.325 0.014 0.014
1 0.19 0.289 0.024 0.03
1 0.202 0.399 0.02 0.022
1 0.749 0.488 0.022 0.02
1 0.1 0.763 0.016 0.018
1 0.48 0.33 0.016 0.028
1 0.491 0.48 0.018 0.016
1 0.86 0.788 0.02 0.016
1 0.657 0.684 0.018 0.02
1 0.455 0.67 0.018 0.028
1 0.474 0.611 0.02 0.03
1 0.944 0.973 0.016 0.03
1 0.885 0.608 0.022 0.032
1 0.771 0.754 0.026 0.016
1 0.243 0.638 0.018 0.02
1 0.181 0.658 0.014 0.032
2 0.951 0.05 0.026 0.04
2 0.939 0.083 0.014 0.034
2 0.827 0.045 0.03 0.03
2 0.893 0.223 0.042 0.042
2 0.984 0.226 0.028 0.068
2 0.758 0.198 0.028 0.024
2 0.736 0.179 0.028 0.026
2 0.688 0.08 0.024 0.02
2 0.65 0.123 0.048 0.054
2 0.287 0.037 0.042 0.046
2 0.166 0.069 0.032 0.046
2 0.07 0.045 0.028 0.046
2 0.08 0.099 0.02 0.022
2 0.007 0.175 0.01 0.022
2 0.523 0.298 0.058 0.036
2 0.389 0.125 0.046 0.022
2 0.387 0.198 0.026 0.02
2 0.359 0.143 0.026 0.03
2 0.55 0.255 0.032 0.046
2 0.097 0.372 0.054 0.04
2 0.008 0.404 0.012 0.036
2 0.19 0.457 0.024 0.03
2 0.171 0.5 0.042 0.036
2 0.705 0.481 0.018 0.026
2 0.483 0.398 0.038 0.036
2 0.674 0.373 0.028 0.042
2 0.614 0.467 0.028 0.038
2 0.3 0.533 0.036 0.054
2 0.282 0.671 0.032 0.026
2 0.332 0.694 0.056 0.04
2 0.779 0.679 0.054 0.058
2 0.528 0.612 0.04 0.028
2 0.425 0.607 0.038 0.05
2 0.405 0.887 0.046 0.046
2 0.276 0.829 0.032 0.05
2 0.225 0.85 0.026 0.036
2 0.334 0.85 0.028 0.028
2 0.322 0.989 0.048 0.018
2 0.45 0.737 0.06 0.058
2 0.802 0.804 0.024 0.032
2 0.918 0.499 0.036 0.038
2 0.966 0.677 0.028 0.03
2 0.991 0.726 0.014 0.04
2 0.009 0.745 0.014 0.046
2 0.922 0.846 0.028 0.052
2 0.945 0.862 0.034 0.036
2 0.927 0.987 0.038 0.022
2 0.869 0.945 0.022 0.046
2 0.546 0.949 0.032 0.054
2 0.535 0.902 0.026 0.024
2 0.409 0.813 0.03 0.034
2 0.745 0.739 0.046 0.014
2 0.812 0.982 0.024 0.024
2 0.642 0.741 0.024 0.03
2 0.52 0.244 0.032 0.052
2 0.034 0.974 0.036 0.048
2 0.806 0.863 0.036 0.034
2 0.803 0.919 0.05 0.03
2 0.448 0.408 0.032 0.032
2 0.375 0.562 0.022 0.032