0 0.143 0.046 0.046 0.084
0 0.024 0.216 0.044 0.06
0 0.123 0.187 0.038 0.054
0 0.091 0.178 0.038 0.036
0 0.391 0.188 0.042 0.072
0 0.435 0.545 0.062 0.082
0 0.517 0.578 0.046 0.06
0 0.299 0.126 0.046 0.044
0 0.739 0.918 0.07 0.08
0 0.774 0.977 0.04 0.038
0 0.811 0.896 0.042 0.052
0 0.801 0.836 0.05 0.076
0 0.762 0.255 0.036 0.054
0 0.83 0.276 0.036 0.056
0 0.982 0.231 0.032 0.054
0 0.966 0.339 0.04 0.09
0 0.55 0.602 0.068 0.136
0 0.704 0.606 0.052 0.088
0 0.509 0.486 0.062 0.088
0 0.197 0.544 0.066 0.072
0 0.192 0.477 0.056 0.042
0 0.116 0.377 0.048 0.078
0 0.35 0.32 0.048 0.076
0 0.361 0.372 0.046 0.072
0 0.625 0.039 0.042 0.062
0 0.711 0.03 0.038 0.048
0 0.737 0.095 0.042 0.066
0 0.764 0.125 0.044 0.05
0 0.841 0.529 0.066 0.062
0 0.71 0.248 0.036 0.076
0 0.492 0.4 0.044 0.072
0 0.52 0.409 0.04 0.046
0 0.03 0.763 0.056 0.126
0 0.102 0.76 0.052 0.112
0 0.38 0.92 0.052 0.104
0 0.246 0.393 0.056 0.106
0 0.742 0.676 0.044 0.064
0 0.818 0.731 0.048 0.09
0 0.631 0.624 0.046 0.048
0 0.243 0.754 0.058 0.096
0 0.732 0.505 0.052 0.042
0 0.731 0.542 0.05 0.032
0 0.842 0.615 0.056 0.082
0 0.752 0.43 0.044 0.06
0 0.488 0.135 0.048 0.086
0 0.432 0.191 0.032 0.054
0 0.641 0.108 0.046 0.072
0 0.035 0.962 0.046 0.072
0 0.334 0.836 0.04 0.056
0 0.555 0.25 0.07 0.076
0 0.519 0.248 0.022 0.056
0 0.256 0.085 0.044 0.078
0 0.474 0.769 0.044 0.05
0 0.475 0.831 0.042 0.054
0 0.623 0.86 0.054 0.044
0 0.91 0.723 0.044 0.042
0 0.526 0.693 0.052 0.062
0 0.081 0.142 0.042 0.04
0 0.151 0.178 0.03 0.056
0 0.134 0.29 0.032 0.044
0 0.161 0.294 0.022 0.06
0 0.326 0.731 0.044 0.078
0 0.396 0.749 0.036 0.086
0 0.357 0.552 0.034 0.056
0 0.314 0.529 0.064 0.078
0 0.247 0.292 0.046 0.068
0 0.474 0.008 0.032 0.012
0 0.552 0.01 0.032 0.02
0 0.594 0.021 0.04 0.038
0 0.787 0.046 0.042 0.088
0 0.821 0.082 0.038 0.068
0 0.844 0.021 0.044 0.042
0 0.931 0.02 0.03 0.04
0 0.891 0.012 0.034 0.02
0 0.973 0.132 0.046 0.048
0 0.69 0.449 0.06 0.07
0 0.869 0.418 0.038 0.084
0 0.891 0.808 0.054 0.076
0 0.905 0.842 0.05 0.056
0 0.439 0.951 0.094 0.094
0 0.587 0.987 0.058 0.022
0 0.501 0.99 0.038 0.016
0 0.134 0.986 0.032 0.024
0 0.951 0.554 0.05 0.056
0 0.82 0.946 0.044 0.044
0 0.764 0.174 0.044 0.052
0 0.688 0.129 0.048 0.046
0 0.857 0.076 0.026 0.04
0 0.212 0.989 0.024 0.018
1 0.045 0.472 0.026 0.032
1 0.399 0.638 0.042 0.036
1 0.293 0.279 0.018 0.018
1 0.257 0.218 0.022 0.024
1 0.032 0.653 0.032 0.034
1 0.053 0.905 0.018 0.03
1 0.803 0.384 0.022 0.02
1 0.915 0.496 0.026 0.016
1 0.905 0.478 0.026 0.02
1 0.786 0.486 0.016 0.032
1 0.631 0.584 0.026 0.028
1 0.221 0.905 0.018 0.026
1 0.233 0.952 0.018 0.052
1 0.308 0.445 0.032 0.026
1 0.422 0.288 0.024 0.028
1 0.619 0.275 0.018 0.034
1 0.588 0.311 0.028 0.042
1 0.986 0.466 0.02 0.024
1 0.973 0.485 0.03 0.022
1 0.721 0.309 0.018 0.03
1 0.539 0.314 0.026 0.024
1 0.525 0.339 0.026 0.022
1 0.329 0.038 0.03 0.02
1 0.24 0.055 0.024 0.058
1 0.453 0.18 0.022 0.024
1 0.447 0.101 0.03 0.034
1 0.682 0.159 0.02 0.022
1 0.589 0.847 0.014 0.018
1 0.861 0.918 0.018 0.032
1 0.39 0.378 0.02 0.028
1 0.897 0.757 0.018 0.018
1 0.299 0.094 0.022 0.016
1 0.142 0.124 0.024 0.032
1 0.123 0.107 0.018 0.018
1 0.055 0.276 0.038 0.024
1 0.045 0.388 0.026 0.036
1 0.072 0.414 0.024 0.028
1 0.899 0.139 0.022 0.03
1 0.955 0.026 0.022 0.028
1 0.836 0.46 0.028 0.048
1 0.393 0.583 0.022 0.022
1 0.486 0.922 0.04 0.056
1 0.53 0.958 0.024 0.024
1 0.541 0.945 0.026 0.026
1 0.15 0.712 0.016 0.02
1 0.846 0.968 0.028 0.024
1 0.795 0.206 0.026 0.024
1 0.949 0.302 0.022 0.028
1 0.896 0.266 0.024 0.028
1 0.91 0.084 0.024 0.028
1 0.886 0.113 0.02 0.03
1 0.86 0.857 0.008 0.018
1 0.299 0.47 0.018 0.012
1 0.496 0.969 0.032 0.022
1 0.712 0.721 0.032 0.058
1 0.903 0.941 0.034 0.042
1 0.893 0.95 0.022 0.032
1 0.324 0.583 0.024 0.038
1 0.33 0.608 0.04 0.028
1 0.124 0.7 0.02 0.024
1 0.136 0.711 0.012 0.014
1 0.657 0.225 0.006 0.022
1 0.652 0.246 0.016 0.028
1 0.178 0.892 0.008 0.016
1 0.164 0.895 0.02 0.018
1 0.153 0.907 0.014 0.014
1 0.151 0.921 0.026 0.014
1 0.273 0.361 0.026 0.038
2 0.973 0.713 0.034 0.026
2 0.661 0.694 0.062 0.04
2 0.625 0.724 0.01 0.028
2 0.7 0.679 0.032 0.026
2 0.635 0.466 0.034 0.032
2 0.972 0.881 0.032 0.07
2 0.924 0.621 0.028 0.038
2 0.902 0.675 0.052 0.046
2 0.317 0.897 0.034 0.054
2 0.209 0.629 0.022 0.026
2 0.256 0.6 0.024 0.016
2 0.161 0.774 0.03 0.056
2 0.198 0.756 0.024 0.044
2 0.61 0.8 0.02 0.028
2 0.013 0.468 0.014 0.028
2 0.085 0.632 0.018 0.024
2 0.084 0.848 0.032 0.02
2 0.142 0.846 0.024 0.032
2 0.247 0.836 0.038 0.048
2 0.763 0.601 0.018 0.03
2 0.828 0.581 0.028 0.014
2 0.263 0.127 0.022 0.03
2 0.365 0.099 0.014 0.03
2 0.385 0.048 0.018 0.016
2 0.415 0.116 0.01 0.016
2 0.019 0.021 0.026 0.026
2 0.129 0.008 0.042 0.016
2 0.407 0.355 0.026 0.07
2 0.019 0.585 0.034 0.138
2 0.624 0.169 0.024 0.03
2 0.169 0.248 0.038 0.032
2 0.204 0.313 0.024 0.034
2 0.267 0.259 0.038 0.034
2 0.009 0.314 0.018 0.012
2 0.12 0.088 0.016 0.016
2 0.684 0.005 0.02 0.01
2 0.991 0.036 0.014 0.028
2 0.99 0.013 0.016 0.026
2 0.718 0.433 0.028 0.026
2 0.896 0.401 0.024 0.026
2 0.564 0.938 0.024 0.032
2 0.582 0.957 0.02 0.022
2 0.994 0.496 0.008 0.02
2 0.934 0.271 0.044 0.062
2 0.921 0.244 0.046 0.052
2 0.961 0.085 0.03 0.03
2 0.231 0.989 0.022 0.018
2 0.773 0.366 0.022 0.02
2 0.373 0.798 0.022 0.04
2 0.132 0.69 0.02 0.024
2 0.642 0.182 0.028 0.024
2 0.797 0.261 0.026 0.034
2 0.768 0.301 0.048 0.042
2 0.813 0.233 0.018 0.014
2 0.652 0.271 0.024 0.034