0 0.787 0.284 0.062 0.08
0 0.246 0.855 0.06 0.086
0 0.344 0.909 0.04 0.054
0 0.425 0.93 0.03 0.036
0 0.149 0.791 0.05 0.074
0 0.107 0.773 0.038 0.07
0 0.138 0.706 0.044 0.06
0 0.173 0.749 0.05 0.074
0 0.227 0.765 0.038 0.034
0 0.042 0.665 0.044 0.066
0 0.061 0.608 0.042 0.072
0 0.138 0.606 0.052 0.072
0 0.175 0.515 0.042 0.07
0 0.233 0.487 0.038 0.054
0 0.287 0.446 0.034 0.068
0 0.237 0.363 0.034 0.062
0 0.27 0.343 0.032 0.062
0 0.332 0.305 0.04 0.054
0 0.546 0.34 0.04 0.072
0 0.561 0.273 0.054 0.066
0 0.647 0.319 0.054 0.054
0 0.736 0.322 0.052 0.04
0 0.749 0.425 0.054 0.054
0 0.735 0.399 0.038 0.03
0 0.803 0.38 0.03 0.04
0 0.848 0.376 0.036 0.056
0 0.892 0.352 0.04 0.06
0 0.885 0.41 0.026 0.052
0 0.558 0.912 0.044 0.08
0 0.637 0.898 0.054 0.068
0 0.642 0.955 0.044 0.046
0 0.761 0.875 0.038 0.038
0 0.864 0.94 0.048 0.056
0 0.931 0.951 0.042 0.054
0 0.959 0.977 0.05 0.042
0 0.942 0.906 0.044 0.064
0 0.038 0.953 0.032 0.046
0 0.113 0.952 0.05 0.04
0 0.124 0.979 0.04 0.038
0 0.082 0.913 0.032 0.046
0 0.372 0.796 0.048 0.068
0 0.409 0.779 0.038 0.082
0 0.517 0.812 0.034 0.064
0 0.555 0.831 0.034 0.038
0 0.637 0.831 0.058 0.074
0 0.367 0.67 0.058 0.04
0 0.359 0.603 0.038 0.07
0 0.442 0.623 0.056 0.078
0 0.426 0.547 0.052 0.062
0 0.5 0.599 0.028 0.062
0 0.534 0.607 0.032 0.046
0 0.428 0.468 0.064 0.068
0 0.249 0.707 0.046 0.082
0 0.284 0.719 0.044 0.05
0 0.467 0.736 0.046 0.06
0 0.46 0.67 0.036 0.044
0 0.861 0.836 0.058 0.072
0 0.966 0.837 0.036 0.066
0 0.941 0.765 0.03 0.034
0 0.17 0.397 0.044 0.074
0 0.132 0.329 0.036 0.046
0 0.089 0.28 0.062 0.064
0 0.274 0.136 0.052 0.088
0 0.38 0.127 0.06 0.102
0 0.388 0.041 0.056 0.042
0 0.425 0.046 0.03 0.056
0 0.461 0.049 0.034 0.054
0 0.51 0.086 0.048 0.068
0 0.589 0.097 0.038 0.058
0 0.217 0.06 0.042 0.064
0 0.246 0.03 0.056 0.056
0 0.315 0.099 0.034 0.066
0 0.48 0.199 0.06 0.102
0 0.456 0.252 0.044 0.052
0 0.729 0.652 0.038 0.076
0 0.702 0.592 0.044 0.064
0 0.662 0.691 0.032 0.042
0 0.667 0.495 0.042 0.07
0 0.858 0.724 0.052 0.04
0 0.877 0.668 0.078 0.076
0 0.929 0.657 0.042 0.082
0 0.956 0.668 0.024 0.052
0 0.832 0.533 0.048 0.058
0 0.906 0.562 0.048 0.056
0 0.936 0.495 0.044 0.058
0 0.974 0.542 0.048 0.056
0 0.98 0.5 0.036 0.032
0 0.983 0.466 0.026 0.04
0 0.841 0.256 0.046 0.052
0 0.882 0.278 0.056 0.048
0 0.794 0.206 0.04 0.064
0 0.616 0.174 0.036 0.076
0 0.654 0.225 0.072 0.074
0 0.781 0.106 0.066 0.104
0 0.905 0.128 0.042 0.056
0 0.975 0.172 0.034 0.044
0 0.866 0.02 0.048 0.036
0 0.661 0.031 0.046 0.05
0 0.733 0.028 0.05 0.052
0 0.689 0.023 0.026 0.042
0 0.072 0.027 0.044 0.05
0 0.069 0.152 0.046 0.064
0 0.954 0.24 0.052 0.064
0 0.125 0.909 0.062 0.074
0 0.206 0.844 0.024 0.052
0 0.764 0.753 0.028 0.042
0 0.055 0.504 0.03 0.048
0 0.027 0.325 0.046 0.054
0 0.037 0.353 0.03 0.042
0 0.327 0.382 0.05 0.072
0 0.506 0.224 0.032 0.044
1 0.378 0.949 0.02 0.03
1 0.218 0.745 0.02 0.018
1 0.164 0.593 0.02 0.038
1 0.124 0.538 0.02 0.028
1 0.237 0.555 0.026 0.034
1 0.31 0.428 0.024 0.024
1 0.304 0.388 0.012 0.032
1 0.418 0.309 0.02 0.026
1 0.462 0.354 0.024 0.02
1 0.511 0.353 0.026 0.026
1 0.735 0.359 0.018 0.018
1 0.816 0.419 0.028 0.03
1 0.67 0.923 0.02 0.022
1 0.791 0.881 0.026 0.018
1 0.813 0.871 0.022 0.026
1 0.836 0.899 0.024 0.03
1 0.009 0.968 0.018 0.024
1 0.455 0.805 0.022 0.03
1 0.519 0.584 0.014 0.02
1 0.417 0.418 0.022 0.024
1 0.345 0.754 0.022 0.028
1 0.356 0.738 0.02 0.02
1 0.452 0.698 0.024 0.02
1 0.159 0.914 0.018 0.028
1 0.238 0.939 0.024 0.018
1 0.883 0.88 0.014 0.012
1 0.166 0.289 0.016 0.022
1 0.136 0.241 0.028 0.018
1 0.248 0.279 0.024 0.03
1 0.143 0.151 0.018 0.034
1 0.128 0.134 0.012 0.024
1 0.159 0.137 0.034 0.042
1 0.186 0.186 0.036 0.056
1 0.232 0.213 0.028 0.034
1 0.251 0.221 0.022 0.026
1 0.355 0.066 0.042 0.016
1 0.558 0.095 0.032 0.014
1 0.214 0.103 0.024 0.022
1 0.498 0.256 0.024 0.028
1 0.292 0.637 0.016 0.018
1 0.317 0.644 0.022 0.028
1 0.336 0.645 0.02 0.03
1 0.482 0.853 0.032 0.026
1 0.768 0.562 0.036 0.04
1 0.821 0.565 0.022 0.018
1 0.647 0.712 0.018 0.02
1 0.648 0.735 0.032 0.018
1 0.636 0.484 0.02 0.036
1 0.586 0.494 0.04 0.02
1 0.566 0.454 0.032 0.024
1 0.591 0.387 0.018 0.038
1 0.67 0.445 0.028 0.042
1 0.728 0.805 0.028 0.022
1 0.824 0.79 0.032 0.036
1 0.818 0.731 0.016 0.022
1 0.952 0.58 0.024 0.02
1 0.934 0.591 0.016 0.018
1 0.946 0.596 0.008 0.012
1 0.903 0.459 0.022 0.014
1 0.921 0.456 0.018 0.012
1 0.94 0.452 0.02 0.02
1 0.609 0.249 0.018 0.03
1 0.635 0.25 0.026 0.036
1 0.666 0.234 0.02 0.024
1 0.697 0.169 0.018 0.03
1 0.73 0.184 0.024 0.036
1 0.721 0.124 0.022 0.032
1 0.826 0.08 0.016 0.028
1 0.887 0.057 0.022 0.03
1 0.915 0.043 0.018 0.026
1 0.948 0.029 0.032 0.034
1 0.939 0.172 0.034 0.064
1 0.629 0.019 0.014 0.018
1 0.644 0.01 0.012 0.016
1 0.018 0.102 0.032 0.04
1 0.161 0.016 0.018 0.016
1 0.1 0.103 0.036 0.022
1 0.101 0.156 0.018 0.036
1 0.985 0.266 0.018 0.016
1 0.058 0.859 0.032 0.018
1 0.036 0.739 0.028 0.034
1 0.54 0.693 0.032 0.034
1 0.582 0.733 0.028 0.03
1 0.757 0.78 0.026 0.024
1 0.739 0.758 0.022 0.028
1 0.015 0.598 0.022 0.028
1 0.08 0.423 0.016 0.026
1 0.108 0.376 0.028 0.024
1 0.354 0.364 0.024 0.024
1 0.901 0.48 0.03 0.028
1 0.008 0.269 0.016 0.022
1 0.836 0.982 0.02 0.032
1 0.811 0.93 0.022 0.012
1 0.797 0.915 0.03 0.014
2 0.774 0.892 0.016 0.02
2 0.315 0.756 0.022 0.036
2 0.044 0.035 0.036 0.022
2 0.393 0.865 0.026 0.042
2 0.538 0.738 0.028 0.024
2 0.545 0.768 0.022 0.02
2 0.988 0.769 0.02 0.026
2 0.328 0.678 0.024 0.032
2 0.551 0.642 0.01 0.02
2 0.557 0.626 0.014 0.016
2 0.247 0.614 0.022 0.02
2 0.125 0.45 0.03 0.04
2 0.557 0.52 0.03 0.056
2 0.568 0.555 0.036 0.026
2 0.202 0.253 0.02 0.018