0 0.134 0.714 0.036 0.084
0 0.261 0.756 0.046 0.06
0 0.277 0.728 0.046 0.064
0 0.28 0.674 0.044 0.048
0 0.369 0.726 0.034 0.072
0 0.423 0.792 0.042 0.056
0 0.459 0.785 0.034 0.05
0 0.446 0.843 0.044 0.07
0 0.495 0.823 0.042 0.058
0 0.517 0.86 0.038 0.06
0 0.538 0.947 0.036 0.05
0 0.563 0.919 0.038 0.05
0 0.036 0.66 0.04 0.056
0 0.062 0.662 0.032 0.06
0 0.086 0.672 0.024 0.036
0 0.113 0.665 0.03 0.058
0 0.511 0.77 0.042 0.076
0 0.574 0.837 0.056 0.062
0 0.62 0.823 0.036 0.058
0 0.689 0.832 0.054 0.06
0 0.729 0.816 0.038 0.06
0 0.787 0.762 0.054 0.064
0 0.808 0.925 0.052 0.05
0 0.856 0.921 0.044 0.05
0 0.898 0.882 0.044 0.048
0 0.932 0.865 0.028 0.046
0 0.95 0.924 0.044 0.064
0 0.982 0.947 0.032 0.046
0 0.763 0.873 0.038 0.054
0 0.799 0.866 0.03 0.036
0 0.827 0.822 0.042 0.08
0 0.75 0.96 0.04 0.052
0 0.432 0.565 0.06 0.066
0 0.251 0.578 0.038 0.068
0 0.216 0.631 0.044 0.05
0 0.173 0.637 0.026 0.042
0 0.376 0.583 0.048 0.062
0 0.394 0.562 0.032 0.052
0 0.273 0.476 0.058 0.06
0 0.252 0.431 0.048 0.05
0 0.283 0.385 0.054 0.05
0 0.294 0.361 0.032 0.046
0 0.375 0.399 0.038 0.058
0 0.416 0.433 0.048 0.066
0 0.463 0.433 0.026 0.066
0 0.503 0.417 0.042 0.05
0 0.517 0.362 0.042 0.044
0 0.023 0.743 0.046 0.058
0 0.009 0.71 0.018 0.044
0 0.082 0.717 0.036 0.054
0 0.186 0.747 0.056 0.11
0 0.115 0.863 0.046 0.054
0 0.19 0.869 0.04 0.046
0 0.02 0.942 0.04 0.044
0 0.024 0.879 0.048 0.046
0 0.081 0.985 0.05 0.026
0 0.066 0.963 0.036 0.054
0 0.175 0.95 0.038 0.044
0 0.214 0.947 0.044 0.038
0 0.28 0.926 0.036 0.048
0 0.322 0.918 0.044 0.068
0 0.316 0.978 0.04 0.04
0 0.362 0.991 0.048 0.014
0 0.339 0.965 0.026 0.058
0 0.455 0.912 0.042 0.06
0 0.285 0.844 0.034 0.076
0 0.468 0.713 0.032 0.034
0 0.448 0.686 0.036 0.052
0 0.464 0.665 0.036 0.05
0 0.55 0.696 0.04 0.068
0 0.474 0.621 0.036 0.054
0 0.086 0.577 0.048 0.062
0 0.038 0.522 0.044 0.068
0 0.068 0.515 0.036 0.066
0 0.169 0.484 0.038 0.056
0 0.194 0.44 0.036 0.068
0 0.056 0.392 0.04 0.064
0 0.091 0.398 0.026 0.04
0 0.109 0.423 0.034 0.034
0 0.075 0.366 0.026 0.02
0 0.111 0.322 0.05 0.052
0 0.151 0.28 0.034 0.044
0 0.137 0.244 0.038 0.032
0 0.186 0.228 0.052 0.056
0 0.2 0.181 0.044 0.042
0 0.265 0.179 0.054 0.058
0 0.355 0.14 0.034 0.064
0 0.184 0.331 0.052 0.062
0 0.242 0.299 0.04 0.042
0 0.299 0.254 0.042 0.052
0 0.334 0.279 0.036 0.046
0 0.378 0.309 0.036 0.058
0 0.385 0.257 0.042 0.046
0 0.397 0.198 0.038 0.04
0 0.456 0.214 0.04 0.056
0 0.508 0.228 0.024 0.044
0 0.544 0.201 0.036 0.046
0 0.037 0.321 0.042 0.05
0 0.044 0.258 0.032 0.052
0 0.293 0.224 0.042 0.032
0 0.319 0.171 0.038 0.046
0 0.02 0.055 0.04 0.038
0 0.225 0.04 0.042 0.048
0 0.276 0.048 0.044 0.048
0 0.263 0.064 0.038 0.072
0 0.195 0.111 0.038 0.042
0 0.197 0.067 0.034 0.038
0 0.467 0.113 0.038 0.038
0 0.448 0.065 0.036 0.038
0 0.391 0.054 0.038 0.052
0 0.321 0.034 0.042 0.052
0 0.628 0.018 0.044 0.032
0 0.671 0.014 0.042 0.024
0 0.708 0.043 0.04 0.042
0 0.607 0.14 0.05 0.052
0 0.665 0.177 0.034 0.054
0 0.582 0.506 0.032 0.056
0 0.649 0.535 0.042 0.066
0 0.675 0.602 0.05 0.068
0 0.724 0.674 0.044 0.06
0 0.783 0.664 0.042 0.056
0 0.707 0.733 0.046 0.054
0 0.64 0.726 0.036 0.052
0 0.585 0.575 0.05 0.066
0 0.62 0.59 0.028 0.044
0 0.506 0.514 0.064 0.084
0 0.596 0.373 0.04 0.07
0 0.567 0.354 0.03 0.06
0 0.54 0.333 0.032 0.05
0 0.677 0.422 0.038 0.048
0 0.647 0.389 0.046 0.086
0 0.629 0.459 0.046 0.07
0 0.824 0.47 0.044 0.06
0 0.884 0.449 0.04 0.058
0 0.925 0.448 0.042 0.064
0 0.987 0.469 0.022 0.086
0 0.917 0.548 0.046 0.08
0 0.976 0.732 0.044 0.068
0 0.989 0.777 0.018 0.05
0 0.989 0.824 0.018 0.036
0 0.576 0.277 0.048 0.062
0 0.73 0.286 0.04 0.072
0 0.836 0.094 0.032 0.06
0 0.84 0.141 0.04 0.042
0 0.802 0.212 0.052 0.06
0 0.887 0.123 0.038 0.062
0 0.893 0.172 0.042 0.048
0 0.956 0.158 0.048 0.072
0 0.979 0.198 0.038 0.056
0 0.965 0.244 0.05 0.072
0 0.952 0.346 0.032 0.052
0 0.983 0.402 0.03 0.064
0 0.925 0.297 0.05 0.05
0 0.847 0.331 0.038 0.058
0 0.783 0.377 0.046 0.062
0 0.8 0.381 0.02 0.038
0 0.634 0.251 0.048 0.066
0 0.684 0.271 0.052 0.054
0 0.778 0.556 0.056 0.064
0 0.913 0.694 0.05 0.072
0 0.919 0.987 0.046 0.022
0 0.45 0.289 0.04 0.046
0 0.859 0.013 0.046 0.022
0 0.515 0.984 0.05 0.028
0 0.687 0.986 0.05 0.024
0 0.103 0.05 0.03 0.048
0 0.071 0.053 0.034 0.054
0 0.134 0.012 0.032 0.02
0 0.091 0.014 0.034 0.024
0 0.019 0.911 0.026 0.022
0 0.392 0.948 0.04 0.044
0 0.429 0.977 0.054 0.042
0 0.669 0.319 0.054 0.038
0 0.743 0.334 0.042 0.044
0 0.588 0.077 0.048 0.034
0 0.798 0.148 0.036 0.044
0 0.434 0.307 0.028 0.038
0 0.444 0.039 0.036 0.026
1 0.34 0.71 0.016 0.032
1 0.397 0.739 0.018 0.026
1 0.506 0.895 0.028 0.022
1 0.188 0.609 0.02 0.026
1 0.219 0.598 0.018 0.036
1 0.302 0.549 0.012 0.05
1 0.13 0.818 0.02 0.032
1 0.427 0.897 0.014 0.018
1 0.376 0.87 0.016 0.056
1 0.348 0.885 0.024 0.038
1 0.342 0.902 0.028 0.048
1 0.262 0.825 0.016 0.042
1 0.416 0.73 0.032 0.024
1 0.459 0.745 0.026 0.026
1 0.515 0.705 0.022 0.038
1 0.581 0.673 0.03 0.022
1 0.185 0.196 0.03 0.036
1 0.316 0.1 0.02 0.024
1 0.122 0.345 0.032 0.018
1 0.16 0.368 0.024 0.024
1 0.24 0.351 0.024 0.026
1 0.241 0.265 0.022 0.034
1 0.531 0.234 0.022 0.028
1 0.117 0.276 0.03 0.028
1 0.105 0.29 0.026 0.02
1 0.307 0.199 0.026 0.018
1 0.313 0.142 0.026 0.028
1 0.021 0.015 0.022 0.026
1 0.052 0.01 0.028 0.016
1 0.196 0.009 0.024 0.014
1 0.168 0.13 0.028 0.024
1 0.615 0.562 0.022 0.016
1 0.675 0.459 0.03 0.026
1 0.994 0.534 0.008 0.044
1 0.987 0.608 0.022 0.084
1 0.993 0.292 0.01 0.044
1 0.907 0.744 0.022 0.024
1 0.992 0.986 0.012 0.028
1 0.562 0.407 0.032 0.058
1 0.661 0.245 0.022 0.022
1 0.737 0.993 0.042 0.01
1 0.044 0.176 0.028 0.024
1 0.035 0.144 0.022 0.028
1 0.064 0.128 0.024 0.024
1 0.096 0.124 0.036 0.028
1 0.107 0.112 0.022 0.02
1 0.127 0.162 0.014 0.028
1 0.05 0.077 0.028 0.026
1 0.035 0.102 0.03 0.024
1 0.028 0.081 0.012 0.026
1 0.026 0.979 0.012 0.03
1 0.354 0.957 0.02 0.014
1 0.907 0.774 0.034 0.02
1 0.804 0.687 0.012 0.034
1 0.898 0.638 0.02 0.044
1 0.963 0.686 0.03 0.048
1 0.664 0.714 0.024 0.036
1 0.661 0.677 0.022 0.022
1 0.761 0.632 0.014 0.024
1 0.692 0.565 0.024 0.018
1 0.742 0.538 0.02 0.02
1 0.722 0.536 0.028 0.036
1 0.807 0.523 0.022 0.034
1 0.455 0.521 0.03 0.046
1 0.553 0.798 0.026 0.028
1 0.799 0.279 0.034 0.038
1 0.903 0.246 0.014 0.012
1 0.028 0.461 0.032 0.026
1 0.501 0.14 0.03 0.028
1 0.502 0.184 0.02 0.024
1 0.49 0.038 0.028 0.032
1 0.693 0.182 0.022 0.024
1 0.743 0.144 0.018 0.024
1 0.848 0.491 0.012 0.018
1 0.411 0.309 0.018 0.014
1 0.657 0.12 0.014 0.024
1 0.617 0.038 0.018 0.012
1 0.678 0.04 0.02 0.028
1 0.729 0.162 0.01 0.028
1 0.988 0.124 0.02 0.028
1 0.905 0.065 0.018 0.03
1 0.813 0.02 0.022 0.024
1 0.46 0.094 0.036 0.02
2 0.783 0.971 0.03 0.034
2 0.145 0.942 0.026 0.028
2 0.134 0.921 0.012 0.018
2 0.098 0.491 0.02 0.034
2 0.699 0.876 0.026 0.02
2 0.279 0.777 0.014 0.018
2 0.378 0.804 0.012 0.024
2 0.365 0.787 0.014 0.01
2 0.876 0.854 0.016 0.028
2 0.895 0.85 0.018 0.02
2 0.875 0.71 0.03 0.028
2 0.665 0.643 0.022 0.034
2 0.574 0.617 0.016 0.03
2 0.83 0.54 0.036 0.032
2 0.774 0.24 0.024 0.032
2 0.851 0.242 0.026 0.032
2 0.332 0.806 0.008 0.012
2 0.344 0.821 0.004 0.022
2 0.32 0.777 0.012 0.03
2 0.332 0.777 0.008 0.026
2 0.343 0.777 0.014 0.01
2 0.325 0.776 0.006 0.024
2 0.621 0.068 0.022 0.024
2 0.912 0.017 0.02 0.022
2 0.388 0.106 0.024 0.02
2 0.394 0.141 0.008 0.01
2 0.919 0.265 0.034 0.022