0 0.01 0.087 0.02 0.022
0 0.015 0.134 0.03 0.036
0 0.053 0.126 0.034 0.036
0 0.068 0.1 0.024 0.024
0 0.121 0.089 0.03 0.03
0 0.074 0.228 0.044 0.044
0 0.139 0.178 0.05 0.044
0 0.177 0.171 0.042 0.034
0 0.297 0.112 0.046 0.024
0 0.343 0.064 0.038 0.024
0 0.019 0.288 0.026 0.04
0 0.045 0.285 0.026 0.034
0 0.126 0.295 0.024 0.022
0 0.122 0.314 0.024 0.032
0 0.142 0.247 0.02 0.022
0 0.137 0.257 0.022 0.022
0 0.192 0.243 0.036 0.042
0 0.254 0.201 0.04 0.034
0 0.315 0.191 0.046 0.034
0 0.252 0.243 0.04 0.05
0 0.286 0.273 0.036 0.062
0 0.329 0.298 0.042 0.036
0 0.328 0.334 0.06 0.048
0 0.309 0.38 0.042 0.052
0 0.199 0.372 0.046 0.04
0 0.086 0.399 0.044 0.038
0 0.122 0.399 0.028 0.038
0 0.02 0.493 0.04 0.054
0 0.056 0.506 0.032 0.052
0 0.147 0.472 0.05 0.036
0 0.218 0.51 0.04 0.044
0 0.243 0.456 0.038 0.024
0 0.01 0.619 0.02 0.058
0 0.032 0.633 0.036 0.026
0 0.049 0.67 0.038 0.052
0 0.101 0.622 0.034 0.052
0 0.102 0.679 0.04 0.058
0 0.168 0.669 0.032 0.042
0 0.183 0.626 0.038 0.052
0 0.004 0.769 0.008 0.038
0 0.065 0.783 0.034 0.042
0 0.078 0.798 0.024 0.044
0 0.102 0.795 0.028 0.042
0 0.004 0.891 0.008 0.034
0 0.036 0.896 0.024 0.028
0 0.018 0.901 0.012 0.018
0 0.018 0.928 0.02 0.036
0 0.086 0.905 0.02 0.026
0 0.083 0.875 0.038 0.03
0 0.13 0.925 0.04 0.07
0 0.159 0.878 0.034 0.056
0 0.206 0.853 0.028 0.03
0 0.2 0.879 0.032 0.026
0 0.192 0.836 0.02 0.036
0 0.22 0.803 0.036 0.046
0 0.222 0.758 0.036 0.048
0 0.247 0.841 0.05 0.058
0 0.184 0.985 0.04 0.026
0 0.203 0.982 0.022 0.032
0 0.222 0.967 0.036 0.062
0 0.249 0.901 0.014 0.014
0 0.282 0.901 0.024 0.042
0 0.3 0.88 0.024 0.048
0 0.335 0.892 0.034 0.056
0 0.355 0.978 0.034 0.04
0 0.262 0.996 0.032 0.004
0 0.422 0.992 0.04 0.012
0 0.422 0.942 0.04 0.056
0 0.499 0.978 0.05 0.04
0 0.55 0.984 0.032 0.028
0 0.511 0.916 0.046 0.056
0 0.613 0.917 0.046 0.054
0 0.758 0.944 0.036 0.056
0 0.774 0.968 0.036 0.052
0 0.801 0.965 0.046 0.066
0 0.881 0.949 0.03 0.05
0 0.975 0.976 0.038 0.044
0 0.881 0.989 0.018 0.018
0 0.978 0.818 0.036 0.068
0 0.997 0.822 0.002 0.04
0 0.956 0.784 0.04 0.056
0 0.926 0.828 0.036 0.048
0 0.885 0.784 0.034 0.052
0 0.864 0.841 0.048 0.066
0 0.814 0.787 0.04 0.062
0 0.795 0.75 0.042 0.048
0 0.888 0.736 0.02 0.028
0 0.979 0.714 0.026 0.044
0 0.952 0.71 0.044 0.044
0 0.943 0.694 0.014 0.012
0 0.411 0.163 0.054 0.038
0 0.485 0.161 0.046 0.038
0 0.397 0.237 0.038 0.026
0 0.401 0.27 0.042 0.024
0 0.479 0.272 0.074 0.044
0 0.438 0.33 0.044 0.048
0 0.389 0.369 0.042 0.042
0 0.431 0.373 0.042 0.042
0 0.464 0.393 0.032 0.026
0 0.418 0.416 0.04 0.044
0 0.422 0.456 0.036 0.036
0 0.477 0.504 0.046 0.048
0 0.527 0.518 0.03 0.048
0 0.263 0.544 0.034 0.044
0 0.286 0.535 0.032 0.03
0 0.298 0.526 0.024 0.016
0 0.342 0.55 0.032 0.06
0 0.287 0.586 0.038 0.044
0 0.242 0.634 0.028 0.024
0 0.239 0.663 0.026 0.034
0 0.338 0.646 0.036 0.044
0 0.428 0.647 0.036 0.054
0 0.395 0.671 0.034 0.042
0 0.462 0.653 0.04 0.046
0 0.489 0.623 0.026 0.038
0 0.498 0.658 0.04 0.064
0 0.519 0.71 0.038 0.04
0 0.484 0.721 0.036 0.046
0 0.557 0.757 0.042 0.046
0 0.298 0.751 0.04 0.046
0 0.267 0.747 0.026 0.05
0 0.369 0.775 0.03 0.062
0 0.391 0.868 0.034 0.048
0 0.43 0.845 0.028 0.034
0 0.772 0.043 0.036 0.03
0 0.896 0.052 0.036 0.028
0 0.75 0.095 0.048 0.038
0 0.913 0.233 0.042 0.026
0 0.867 0.259 0.042 0.026
0 0.735 0.191 0.042 0.026
0 0.606 0.227 0.036 0.022
0 0.627 0.221 0.018 0.026
0 0.601 0.273 0.054 0.03
0 0.55 0.353 0.032 0.038
0 0.577 0.338 0.042 0.044
0 0.628 0.332 0.036 0.032
0 0.689 0.313 0.046 0.042
0 0.775 0.262 0.026 0.032
0 0.511 0.415 0.042 0.038
0 0.552 0.403 0.044 0.058
0 0.594 0.381 0.028 0.03
0 0.616 0.403 0.044 0.046
0 0.669 0.391 0.046 0.05
0 0.695 0.423 0.034 0.034
0 0.744 0.433 0.036 0.05
0 0.8 0.435 0.052 0.046
0 0.843 0.388 0.042 0.036
0 0.948 0.372 0.048 0.044
0 0.882 0.43 0.044 0.036
0 0.792 0.48 0.048 0.04
0 0.981 0.541 0.034 0.054
0 0.981 0.507 0.03 0.038
0 0.959 0.51 0.022 0.032
0 0.947 0.513 0.038 0.058
0 0.941 0.622 0.034 0.044
0 0.926 0.639 0.028 0.034
0 0.893 0.661 0.034 0.034
0 0.864 0.667 0.04 0.062
0 0.885 0.621 0.03 0.026
0 0.921 0.564 0.018 0.028
0 0.84 0.587 0.036 0.042
0 0.843 0.618 0.038 0.036
0 0.935 0.441 0.038 0.038
0 0.796 0.536 0.02 0.028
0 0.762 0.527 0.036 0.042
0 0.741 0.509 0.042 0.034
0 0.711 0.543 0.038 0.042
0 0.689 0.478 0.046 0.044
0 0.678 0.522 0.04 0.044
0 0.574 0.51 0.048 0.048
0 0.425 0.555 0.042 0.05
0 0.434 0.523 0.008 0.018
0 0.46 0.556 0.02 0.024
0 0.2 0.676 0.02 0.032
0 0.569 0.588 0.046 0.036
0 0.605 0.572 0.03 0.044
0 0.631 0.617 0.038 0.046
0 0.66 0.639 0.044 0.046
0 0.697 0.625 0.034 0.038
0 0.728 0.586 0.036 0.044
0 0.736 0.676 0.028 0.032
0 0.675 0.703 0.026 0.042
0 0.731 0.741 0.046 0.054
0 0.769 0.734 0.034 0.044
0 0.715 0.78 0.03 0.032
0 0.55 0.829 0.052 0.054
0 0.618 0.861 0.04 0.054
0 0.624 0.791 0.04 0.062
0 0.639 0.826 0.026 0.052
0 0.687 0.87 0.03 0.028
0 0.667 0.915 0.018 0.026
0 0.677 0.891 0.026 0.038
0 0.717 0.824 0.034 0.036
0 0.739 0.897 0.018 0.03
0 0.756 0.877 0.036 0.042
0 0.777 0.651 0.022 0.03
0 0.005 0.403 0.01 0.058
0 0.368 0.465 0.02 0.014
0 0.022 0.991 0.044 0.014
1 0.023 0.042 0.014 0.02
1 0.08 0.037 0.016 0.014
1 0.21 0.056 0.02 0.028
1 0.243 0.052 0.014 0.012
1 0.233 0.06 0.018 0.016
1 0.052 0.177 0.016 0.022
1 0.003 0.241 0.006 0.034
1 0.455 0.035 0.018 0.018
1 0.416 0.062 0.008 0.008
1 0.411 0.092 0.034 0.016
1 0.386 0.11 0.012 0.012
1 0.4 0.122 0.016 0.016
1 0.521 0.083 0.026 0.014
1 0.353 0.255 0.034 0.018
1 0.221 0.415 0.022 0.026
1 0.132 0.658 0.016 0.016
1 0.055 0.742 0.018 0.02
1 0.112 0.822 0.016 0.032
1 0.036 0.86 0.016 0.016
1 0.249 0.797 0.018 0.026
1 0.256 0.926 0.024 0.016
1 0.27 0.873 0.012 0.014
1 0.267 0.886 0.014 0.016
1 0.295 0.992 0.014 0.012
1 0.392 0.958 0.012 0.052
1 0.366 0.94 0.02 0.024
1 0.379 0.917 0.014 0.034
1 0.633 0.995 0.026 0.006
1 0.732 0.963 0.012 0.026
1 0.987 0.928 0.01 0.012
1 0.827 0.825 0.034 0.022
1 0.837 0.716 0.014 0.016
1 0.94 0.705 0.008 0.01
1 0.933 0.711 0.002 0.018
1 0.885 0.697 0.026 0.018
1 0.424 0.196 0.012 0.028
1 0.387 0.198 0.018 0.024
1 0.477 0.313 0.018 0.018
1 0.383 0.484 0.014 0.02
1 0.45 0.482 0.012 0.024
1 0.233 0.65 0.022 0.012
1 0.318 0.643 0.008 0.018
1 0.549 0.651 0.018 0.018
1 0.554 0.677 0.02 0.022
1 0.373 0.881 0.03 0.018
1 0.352 0.841 0.036 0.022
1 0.648 0.029 0.02 0.022
1 0.67 0.026 0.02 0.016
1 0.724 0.011 0.024 0.022
1 0.74 0.004 0.008 0.008
1 0.96 0.032 0.028 0.016
1 0.839 0.035 0.018 0.03
1 0.897 0.113 0.026 0.018
1 0.815 0.106 0.022 0.032
1 0.792 0.169 0.016 0.026
1 0.958 0.232 0.028 0.016
1 0.868 0.241 0.024 0.014
1 0.59 0.1 0.028 0.024
1 0.584 0.122 0.016 0.016
1 0.644 0.088 0.02 0.02
1 0.623 0.143 0.026 0.018
1 0.718 0.214 0.032 0.008
1 0.52 0.33 0.016 0.024
1 0.546 0.306 0.016 0.016
1 0.795 0.249 0.014 0.042
1 0.857 0.31 0.026 0.024
1 0.742 0.388 0.024 0.02
1 0.921 0.664 0.018 0.032
1 0.894 0.598 0.02 0.02
1 0.914 0.598 0.02 0.024
1 0.914 0.581 0.028 0.022
1 0.902 0.498 0.032 0.028
1 0.808 0.533 0.012 0.018
1 0.66 0.546 0.008 0.008
1 0.65 0.545 0.008 0.014
1 0.523 0.56 0.022 0.024
1 0.628 0.577 0.012 0.022
1 0.546 0.799 0.028 0.022
1 0.504 0.846 0.024 0.012
1 0.57 0.455 0.008 0.01
1 0.184 0.59 0.012 0.02
2 0.097 0.074 0.014 0.02
2 0.086 0.198 0.016 0.016
2 0.005 0.555 0.01 0.054
2 0.132 0.977 0.024 0.018
2 0.418 0.133 0.02 0.018
2 0.305 0.507 0.022 0.03
2 0.274 0.509 0.02 0.026
2 0.315 0.724 0.018 0.024
2 0.431 0.769 0.022 0.03
2 0.347 0.822 0.038 0.036
2 0.803 0.007 0.034 0.014
2 0.991 0.012 0.014 0.024
2 0.861 0.07 0.018 0.02
2 0.92 0.181 0.036 0.034
2 0.625 0.064 0.03 0.028
2 0.476 0.239 0.016 0.014
2 0.507 0.342 0.022 0.024
2 0.49 0.361 0.024 0.022
2 0.78 0.326 0.032 0.024
2 0.835 0.47 0.022 0.032
2 0.447 0.809 0.014 0.022
2 0.779 0.893 0.014 0.018
2 0.606 0.96 0.02 0.02
2 0.966 0.61 0.02 0.024
2 0.65 0.456 0.02 0.028
2 0.273 0.465 0.026 0.022
2 0.177 0.451 0.014 0.014
2 0.656 0.362 0.028 0.024
2 0.644 0.31 0.02 0.02
2 0.715 0.288 0.014 0.012
2 0.142 0.392 0.024 0.036
2 0.083 0.748 0.014 0.02