0 0.06 0.045 0.052 0.066
0 0.014 0.032 0.028 0.028
0 0.119 0.858 0.05 0.064
0 0.234 0.937 0.072 0.098
0 0.132 0.783 0.084 0.094
0 0.314 0.769 0.048 0.058
0 0.161 0.714 0.042 0.036
0 0.125 0.706 0.066 0.072
0 0.416 0.675 0.044 0.074
0 0.377 0.638 0.066 0.08
0 0.421 0.578 0.046 0.06
0 0.368 0.719 0.04 0.038
0 0.211 0.554 0.05 0.064
0 0.178 0.591 0.032 0.054
0 0.283 0.528 0.054 0.064
0 0.362 0.542 0.048 0.06
0 0.342 0.612 0.044 0.072
0 0.105 0.597 0.046 0.054
0 0.03 0.568 0.048 0.068
0 0.029 0.404 0.058 0.06
0 0.273 0.348 0.05 0.048
0 0.337 0.369 0.05 0.054
0 0.392 0.354 0.056 0.064
0 0.429 0.344 0.038 0.08
0 0.353 0.449 0.058 0.09
0 0.5 0.683 0.048 0.062
0 0.518 0.745 0.052 0.07
0 0.489 0.849 0.05 0.046
0 0.388 0.951 0.048 0.07
0 0.469 0.975 0.05 0.046
0 0.506 0.352 0.04 0.06
0 0.519 0.41 0.042 0.068
0 0.546 0.477 0.052 0.054
0 0.52 0.525 0.024 0.054
0 0.588 0.521 0.032 0.066
0 0.553 0.543 0.046 0.05
0 0.597 0.31 0.038 0.056
0 0.634 0.268 0.04 0.04
0 0.686 0.314 0.044 0.052
0 0.713 0.38 0.054 0.068
0 0.622 0.452 0.052 0.056
0 0.648 0.564 0.04 0.052
0 0.649 0.678 0.07 0.052
0 0.675 0.606 0.034 0.056
0 0.74 0.772 0.048 0.072
0 0.733 0.836 0.046 0.048
0 0.626 0.92 0.052 0.04
0 0.673 0.961 0.03 0.042
0 0.95 0.899 0.056 0.054
0 0.986 0.953 0.024 0.062
0 0.953 0.986 0.042 0.024
0 0.89 0.771 0.052 0.082
0 0.84 0.707 0.04 0.05
0 0.961 0.618 0.038 0.056
0 0.983 0.661 0.03 0.05
0 0.804 0.476 0.044 0.06
0 0.838 0.478 0.036 0.068
0 0.817 0.563 0.05 0.07
0 0.826 0.637 0.04 0.058
0 0.884 0.476 0.032 0.048
0 0.937 0.457 0.05 0.054
0 0.942 0.504 0.04 0.044
0 0.93 0.421 0.04 0.046
0 0.873 0.384 0.03 0.044
0 0.898 0.364 0.028 0.056
0 0.946 0.367 0.044 0.062
0 0.93 0.329 0.032 0.05
0 0.158 0.047 0.036 0.054
0 0.142 0.066 0.052 0.036
0 0.219 0.065 0.05 0.066
0 0.179 0.126 0.05 0.044
0 0.091 0.109 0.038 0.054
0 0.039 0.199 0.046 0.058
0 0.117 0.213 0.042 0.058
0 0.155 0.271 0.05 0.038
0 0.148 0.317 0.036 0.054
0 0.283 0.062 0.038 0.048
0 0.344 0.054 0.044 0.044
0 0.34 0.111 0.032 0.046
0 0.282 0.149 0.036 0.046
0 0.316 0.209 0.044 0.054
0 0.431 0.092 0.038 0.048
0 0.434 0.129 0.036 0.038
0 0.459 0.19 0.042 0.068
0 0.445 0.277 0.042 0.054
0 0.431 0.24 0.042 0.048
0 0.515 0.147 0.034 0.058
0 0.497 0.092 0.03 0.04
0 0.532 0.106 0.044 0.028
0 0.522 0.201 0.04 0.054
0 0.531 0.247 0.034 0.05
0 0.608 0.144 0.04 0.04
0 0.644 0.171 0.044 0.078
0 0.609 0.196 0.042 0.04
0 0.676 0.215 0.04 0.054
0 0.732 0.217 0.044 0.05
0 0.708 0.358 0.036 0.04
0 0.836 0.28 0.04 0.036
0 0.815 0.318 0.046 0.044
0 0.788 0.286 0.044 0.056
0 0.775 0.101 0.034 0.038
0 0.768 0.148 0.028 0.04
0 0.805 0.129 0.026 0.042
0 0.801 0.166 0.038 0.032
0 0.851 0.174 0.03 0.036
0 0.82 0.185 0.032 0.046
0 0.862 0.221 0.04 0.046
0 0.886 0.296 0.028 0.04
0 0.978 0.282 0.04 0.048
0 0.978 0.221 0.04 0.07
0 0.894 0.025 0.036 0.046
0 0.82 0.066 0.032 0.036
0 0.881 0.1 0.03 0.04
0 0.93 0.15 0.032 0.036
0 0.988 0.074 0.02 0.036
0 0.7 0.045 0.036 0.038
0 0.677 0.035 0.046 0.046
0 0.636 0.026 0.036 0.036
0 0.775 0.026 0.03 0.024
1 0.041 0.768 0.022 0.036
1 0.031 0.834 0.014 0.044
1 0.03 0.914 0.016 0.036
1 0.187 0.908 0.026 0.02
1 0.203 0.8 0.022 0.028
1 0.329 0.814 0.014 0.02
1 0.346 0.809 0.02 0.03
1 0.195 0.714 0.022 0.028
1 0.071 0.67 0.026 0.028
1 0.063 0.705 0.026 0.022
1 0.117 0.642 0.038 0.032
1 0.198 0.675 0.032 0.038
1 0.231 0.645 0.026 0.03
1 0.226 0.669 0.032 0.038
1 0.322 0.506 0.028 0.02
1 0.28 0.483 0.028 0.03
1 0.271 0.605 0.038 0.026
1 0.118 0.568 0.028 0.02
1 0.086 0.46 0.024 0.056
1 0.127 0.505 0.038 0.018
1 0.159 0.491 0.034 0.022
1 0.167 0.444 0.018 0.028
1 0.431 0.472 0.03 0.036
1 0.519 0.716 0.03 0.024
1 0.602 0.734 0.024 0.016
1 0.363 0.916 0.018 0.024
1 0.386 0.909 0.028 0.018
1 0.452 0.931 0.024 0.026
1 0.457 0.952 0.038 0.032
1 0.543 0.323 0.022 0.026
1 0.508 0.47 0.032 0.032
1 0.544 0.515 0.024 0.022
1 0.567 0.288 0.026 0.028
1 0.685 0.402 0.022 0.028
1 0.612 0.526 0.024 0.024
1 0.76 0.634 0.024 0.04
1 0.745 0.714 0.022 0.032
1 0.683 0.808 0.026 0.036
1 0.768 0.885 0.024 0.042
1 0.826 0.83 0.028 0.036
1 0.927 0.699 0.026 0.03
1 0.945 0.674 0.022 0.028
1 0.822 0.668 0.016 0.016
1 0.805 0.661 0.022 0.022
1 0.978 0.326 0.024 0.024
1 0.176 0.21 0.028 0.02
1 0.223 0.176 0.022 0.024
1 0.02 0.255 0.024 0.022
1 0.166 0.362 0.036 0.02
1 0.173 0.344 0.018 0.02
1 0.347 0.155 0.034 0.034
1 0.534 0.156 0.02 0.024
1 0.507 0.055 0.026 0.018
1 0.795 0.256 0.026 0.028
1 0.298 0.273 0.036 0.022
1 0.859 0.339 0.022 0.026
1 0.894 0.323 0.024 0.022
1 0.92 0.252 0.04 0.04
1 0.953 0.126 0.038 0.02
1 0.986 0.106 0.024 0.024
1 0.969 0.075 0.018 0.018
1 0.97 0.02 0.02 0.032
1 0.843 0.01 0.026 0.02
1 0.842 0.026 0.02 0.016
1 0.624 0.066 0.024 0.02
1 0.6 0.981 0.016 0.014
1 0.016 0.16 0.02 0.02
1 0.009 0.145 0.018 0.018
2 0.1 0.559 0.044 0.042
2 0.076 0.543 0.02 0.018
2 0.062 0.563 0.008 0.018
2 0.073 0.58 0.018 0.016
2 0.007 0.501 0.014 0.03
2 0.03 0.499 0.016 0.014
2 0.022 0.486 0.016 0.012
2 0.092 0.43 0.052 0.056
2 0.136 0.42 0.028 0.044
2 0.28 0.666 0.012 0.016
2 0.334 0.71 0.016 0.012
2 0.484 0.885 0.016 0.022
2 0.507 0.886 0.026 0.028
2 0.682 0.894 0.02 0.04
2 0.578 0.85 0.016 0.024
2 0.897 0.875 0.018 0.03
2 0.223 0.109 0.022 0.022
2 0.094 0.063 0.04 0.034
2 0.554 0.091 0.032 0.026
2 0.234 0.243 0.036 0.05
2 0.286 0.253 0.04 0.034
2 0.386 0.229 0.032 0.058
2 0.867 0.31 0.014 0.02
2 0.775 0.362 0.026 0.02
2 0.711 0.157 0.03 0.054
2 0.736 0.514 0.028 0.036
2 0.77 0.442 0.02 0.028
2 0.911 0.956 0.026 0.032
2 0.928 0.93 0.016 0.02
2 0.721 0.712 0.026 0.024
2 0.176 0.687 0.016 0.018
2 0.172 0.665 0.02 0.022
2 0.149 0.66 0.022 0.028