0 0.875 0.1 0.046 0.06
0 0.98 0.063 0.036 0.074
0 0.787 0.049 0.05 0.062
0 0.915 0.023 0.042 0.046
0 0.87 0.03 0.036 0.052
0 0.673 0.058 0.05 0.06
0 0.913 0.165 0.042 0.062
0 0.867 0.179 0.038 0.054
0 0.54 0.067 0.044 0.078
0 0.776 0.094 0.04 0.04
0 0.834 0.08 0.044 0.068
0 0.831 0.239 0.042 0.054
0 0.787 0.146 0.046 0.056
0 0.92 0.315 0.044 0.07
0 0.918 0.236 0.044 0.044
0 0.729 0.144 0.042 0.064
0 0.562 0.155 0.036 0.038
0 0.721 0.204 0.03 0.04
0 0.827 0.298 0.042 0.06
0 0.648 0.168 0.052 0.068
0 0.824 0.188 0.04 0.052
0 0.736 0.27 0.04 0.044
0 0.744 0.286 0.036 0.04
0 0.792 0.292 0.028 0.036
0 0.745 0.231 0.034 0.05
0 0.631 0.275 0.038 0.062
0 0.653 0.302 0.038 0.06
0 0.558 0.301 0.064 0.086
0 0.764 0.34 0.044 0.052
0 0.777 0.361 0.034 0.03
0 0.541 0.346 0.034 0.052
0 0.859 0.409 0.038 0.042
0 0.724 0.435 0.044 0.062
0 0.454 0.3 0.048 0.056
0 0.901 0.516 0.042 0.076
0 0.855 0.522 0.038 0.032
0 0.807 0.546 0.066 0.056
0 0.911 0.638 0.058 0.084
0 0.75 0.544 0.036 0.068
0 0.795 0.623 0.046 0.058
0 0.813 0.644 0.03 0.052
0 0.715 0.641 0.034 0.066
0 0.619 0.555 0.034 0.05
0 0.635 0.62 0.034 0.044
0 0.599 0.607 0.034 0.078
0 0.863 0.678 0.042 0.048
0 0.863 0.819 0.058 0.086
0 0.937 0.822 0.038 0.064
0 0.952 0.862 0.028 0.036
0 0.796 0.761 0.024 0.03
0 0.816 0.825 0.036 0.054
0 0.66 0.775 0.036 0.054
0 0.758 0.83 0.048 0.076
0 0.772 0.875 0.044 0.054
0 0.639 0.925 0.042 0.062
0 0.746 0.922 0.048 0.064
0 0.726 0.951 0.06 0.094
0 0.699 0.955 0.042 0.07
0 0.682 0.902 0.052 0.092
0 0.53 0.46 0.032 0.052
0 0.495 0.515 0.046 0.074
0 0.518 0.627 0.04 0.066
0 0.498 0.653 0.028 0.046
0 0.496 0.681 0.036 0.034
0 0.459 0.599 0.038 0.058
0 0.562 0.615 0.028 0.03
0 0.447 0.735 0.054 0.062
0 0.478 0.77 0.032 0.04
0 0.548 0.929 0.052 0.07
0 0.497 0.916 0.046 0.06
0 0.473 0.949 0.046 0.062
0 0.438 0.86 0.036 0.056
0 0.428 0.89 0.036 0.06
0 0.395 0.873 0.034 0.066
0 0.375 0.797 0.042 0.074
0 0.421 0.596 0.05 0.064
0 0.38 0.572 0.04 0.088
0 0.349 0.564 0.03 0.064
0 0.322 0.55 0.036 0.052
0 0.409 0.386 0.066 0.096
0 0.441 0.394 0.026 0.052
0 0.381 0.496 0.058 0.048
0 0.371 0.444 0.042 0.056
0 0.545 0.221 0.026 0.042
0 0.479 0.051 0.046 0.062
0 0.502 0.257 0.052 0.09
0 0.484 0.19 0.056 0.084
0 0.292 0.644 0.048 0.08
0 0.257 0.752 0.046 0.072
0 0.32 0.772 0.028 0.052
0 0.213 0.774 0.038 0.06
0 0.428 0.093 0.044 0.054
0 0.434 0.065 0.028 0.046
0 0.449 0.125 0.038 0.054
0 0.427 0.203 0.042 0.074
0 0.116 0.614 0.04 0.04
0 0.321 0.297 0.05 0.082
0 0.271 0.235 0.05 0.074
0 0.151 0.157 0.03 0.05
0 0.329 0.48 0.042 0.076
0 0.315 0.934 0.034 0.068
0 0.417 0.985 0.042 0.026
0 0.362 0.985 0.04 0.026
0 0.191 0.982 0.046 0.032
0 0.1 0.97 0.036 0.04
0 0.113 0.988 0.042 0.02
0 0.229 0.494 0.054 0.076
0 0.135 0.536 0.042 0.064
0 0.186 0.548 0.032 0.044
0 0.122 0.353 0.056 0.078
0 0.313 0.399 0.042 0.05
0 0.016 0.456 0.028 0.068
0 0.311 0.429 0.042 0.038
0 0.24 0.319 0.052 0.082
0 0.313 0.21 0.042 0.056
0 0.339 0.034 0.05 0.068
0 0.297 0.099 0.058 0.062
0 0.059 0.193 0.038 0.074
0 0.015 0.253 0.026 0.054
0 0.261 0.026 0.038 0.052
0 0.209 0.042 0.038 0.072
0 0.454 0.009 0.04 0.018
0 0.405 0.017 0.038 0.034
0 0.159 0.682 0.046 0.068
0 0.221 0.841 0.046 0.046
0 0.169 0.877 0.03 0.042
0 0.098 0.803 0.052 0.066
0 0.1 0.74 0.052 0.076
0 0.039 0.732 0.046 0.072
0 0.021 0.694 0.038 0.044
0 0.009 0.864 0.014 0.064
0 0.076 0.986 0.032 0.024
0 0.021 0.818 0.038 0.024
0 0.654 0.976 0.04 0.044
0 0.796 0.987 0.04 0.022
0 0.875 0.975 0.038 0.046
0 0.076 0.082 0.04 0.056
0 0.148 0.038 0.048 0.076
0 0.012 0.17 0.02 0.06
0 0.982 0.584 0.032 0.056
0 0.984 0.52 0.028 0.072
0 0.979 0.718 0.038 0.052
0 0.986 0.823 0.024 0.07
0 0.975 0.909 0.034 0.042
0 0.99 0.425 0.016 0.046
0 0.986 0.339 0.024 0.074
0 0.095 0.386 0.034 0.048
0 0.228 0.263 0.044 0.046
0 0.364 0.678 0.04 0.056
0 0.856 0.502 0.04 0.028
1 0.689 0.255 0.034 0.03
1 0.203 0.19 0.03 0.032
1 0.862 0.559 0.024 0.034
1 0.947 0.36 0.018 0.04
1 0.641 0.47 0.026 0.06
1 0.222 0.451 0.032 0.03
1 0.892 0.009 0.024 0.018
1 0.633 0.18 0.03 0.048
1 0.677 0.137 0.03 0.026
1 0.652 0.212 0.036 0.02
1 0.798 0.311 0.02 0.018
1 0.874 0.346 0.028 0.02
1 0.876 0.369 0.024 0.018
1 0.867 0.429 0.026 0.026
1 0.884 0.545 0.028 0.026
1 0.858 0.577 0.02 0.03
1 0.564 0.669 0.024 0.038
1 0.552 0.679 0.028 0.034
1 0.439 0.695 0.026 0.026
1 0.55 0.954 0.028 0.028
1 0.398 0.46 0.024 0.028
1 0.167 0.113 0.026 0.03
1 0.299 0.457 0.026 0.022
1 0.066 0.313 0.024 0.026
1 0.058 0.331 0.028 0.022
1 0.194 0.176 0.02 0.024
1 0.268 0.961 0.024 0.026
1 0.264 0.94 0.024 0.024
1 0.235 0.014 0.018 0.028
1 0.378 0.012 0.02 0.024
1 0.027 0.658 0.022 0.032
1 0.006 0.704 0.008 0.024
1 0.013 0.756 0.022 0.024
1 0.005 0.792 0.006 0.036
1 0.161 0.023 0.026 0.046
1 0.996 0.912 0.004 0.024
1 0.724 0.007 0.02 0.014
1 0.611 0.391 0.022 0.026
1 0.923 0.743 0.038 0.03
1 0.851 0.93 0.03 0.036
1 0.779 0.012 0.018 0.024
1 0.567 0.017 0.026 0.026
1 0.335 0.704 0.026 0.028
1 0.368 0.175 0.024 0.022
1 0.292 0.18 0.028 0.028
1 0.061 0.136 0.022 0.028
1 0.241 0.566 0.026 0.032
1 0.172 0.374 0.036 0.028
1 0.041 0.47 0.022 0.02
1 0.067 0.23 0.03 0.032
1 0.013 0.926 0.022 0.024
1 0.04 0.86 0.024 0.032
1 0.096 0.076 0.032 0.048
1 0.076 0.042 0.032 0.032
1 0.994 0.139 0.008 0.03
1 0.822 0.871 0.032 0.038
1 0.914 0.921 0.04 0.022
1 0.573 0.812 0.034 0.04
1 0.594 0.189 0.028 0.038
1 0.58 0.067 0.028 0.03
1 0.613 0.017 0.034 0.034
1 0.403 0.707 0.03 0.038
1 0.282 0.674 0.028 0.028
1 0.222 0.678 0.028 0.032
1 0.664 0.82 0.024 0.02
1 0.778 0.675 0.024 0.022
1 0.764 0.662 0.02 0.02
2 0.694 0.305 0.024 0.03
2 0.771 0.451 0.034 0.042
2 0.644 0.559 0.032 0.074
2 0.815 0.776 0.03 0.052
2 0.959 0.11 0.038 0.028
2 0.92 0.368 0.044 0.068
2 0.9 0.271 0.036 0.046
2 0.881 0.612 0.026 0.04
2 0.911 0.688 0.018 0.016
2 0.87 0.759 0.032 0.034
2 0.902 0.882 0.04 0.028
2 0.572 0.469 0.028 0.042
2 0.573 0.62 0.03 0.048
2 0.546 0.704 0.036 0.048
2 0.471 0.682 0.038 0.036
2 0.475 0.87 0.042 0.052
2 0.442 0.466 0.032 0.036
2 0.546 0.238 0.02 0.032
2 0.364 0.724 0.04 0.044
2 0.316 0.798 0.044 0.064
2 0.41 0.263 0.028 0.034
2 0.331 0.264 0.018 0.024
2 0.176 0.223 0.032 0.03
2 0.028 0.509 0.028 0.034
2 0.156 0.443 0.032 0.05
2 0.114 0.429 0.036 0.03
2 0.331 0.345 0.03 0.026
2 0.172 0.173 0.032 0.062
2 0.281 0.99 0.026 0.016
2 0.142 0.579 0.032 0.03
2 0.087 0.352 0.018 0.02
2 0.079 0.245 0.034 0.042
2 0.295 0.359 0.018 0.034
2 0.218 0.079 0.02 0.018
2 0.232 0.866 0.04 0.028
2 0.084 0.69 0.028 0.032
2 0.035 0.806 0.018 0.016
2 0.087 0.873 0.026 0.03
2 0.006 0.203 0.008 0.026
2 0.148 0.078 0.032 0.016
2 0.247 0.084 0.042 0.108
2 0.135 0.105 0.026 0.038
2 0.993 0.874 0.01 0.024
2 0.966 0.324 0.028 0.048
2 0.991 0.636 0.014 0.052
2 0.741 0.611 0.042 0.05