0 0.97 0.886 0.056 0.064
0 0.883 0.958 0.106 0.08
0 0.959 0.851 0.03 0.034
0 0.868 0.873 0.06 0.038
0 0.878 0.899 0.052 0.03
0 0.836 0.921 0.044 0.034
0 0.721 0.927 0.042 0.042
0 0.701 0.95 0.038 0.028
0 0.599 0.941 0.038 0.038
0 0.517 0.986 0.066 0.024
0 0.451 0.956 0.054 0.056
0 0.573 0.903 0.042 0.07
0 0.477 0.906 0.05 0.032
0 0.371 0.956 0.038 0.036
0 0.295 0.986 0.05 0.024
0 0.052 0.989 0.04 0.018
0 0.046 0.964 0.028 0.032
0 0.02 0.943 0.036 0.05
0 0.01 0.832 0.016 0.068
0 0.069 0.83 0.026 0.028
0 0.102 0.79 0.04 0.036
0 0.096 0.817 0.028 0.03
0 0.061 0.772 0.05 0.04
0 0.056 0.732 0.048 0.04
0 0.103 0.742 0.042 0.04
0 0.097 0.849 0.07 0.034
0 0.132 0.855 0.056 0.038
0 0.191 0.931 0.058 0.062
0 0.261 0.881 0.046 0.07
0 0.243 0.882 0.026 0.024
0 0.152 0.891 0.068 0.03
0 0.21 0.856 0.044 0.028
0 0.99 0.829 0.016 0.03
0 0.967 0.794 0.058 0.052
0 0.988 0.793 0.02 0.026
0 0.956 0.737 0.072 0.058
0 0.936 0.778 0.028 0.024
0 0.811 0.739 0.05 0.034
0 0.654 0.884 0.04 0.048
0 0.699 0.851 0.058 0.046
0 0.588 0.85 0.028 0.032
0 0.674 0.791 0.056 0.042
0 0.653 0.748 0.042 0.056
0 0.697 0.754 0.058 0.056
0 0.485 0.857 0.05 0.054
0 0.372 0.863 0.056 0.058
0 0.898 0.64 0.06 0.048
0 0.844 0.652 0.036 0.04
0 0.719 0.653 0.05 0.054
0 0.144 0.726 0.044 0.044
0 0.142 0.774 0.036 0.04
0 0.21 0.8 0.036 0.04
0 0.291 0.821 0.042 0.034
0 0.244 0.831 0.056 0.046
0 0.156 0.696 0.052 0.052
0 0.223 0.693 0.034 0.054
0 0.197 0.703 0.042 0.054
0 0.269 0.759 0.042 0.042
0 0.332 0.758 0.036 0.044
0 0.334 0.807 0.064 0.05
0 0.322 0.701 0.044 0.038
0 0.449 0.776 0.05 0.06
0 0.38 0.761 0.032 0.05
0 0.561 0.769 0.038 0.05
0 0.532 0.746 0.04 0.048
0 0.497 0.761 0.058 0.062
0 0.47 0.806 0.04 0.04
0 0.588 0.715 0.04 0.058
0 0.627 0.686 0.038 0.032
0 0.441 0.731 0.058 0.058
0 0.955 0.576 0.066 0.056
0 0.992 0.627 0.012 0.03
0 0.797 0.659 0.026 0.026
0 0.661 0.664 0.046 0.056
0 0.385 0.701 0.03 0.062
0 0.403 0.706 0.018 0.04
0 0.019 0.635 0.034 0.066
0 0.116 0.63 0.044 0.08
0 0.092 0.603 0.032 0.034
0 0.032 0.565 0.052 0.07
0 0.079 0.553 0.042 0.038
0 0.154 0.53 0.04 0.04
0 0.173 0.566 0.05 0.036
0 0.187 0.605 0.05 0.034
0 0.197 0.634 0.046 0.036
0 0.037 0.477 0.07 0.07
0 0.271 0.613 0.046 0.062
0 0.203 0.496 0.074 0.072
0 0.322 0.553 0.056 0.054
0 0.33 0.596 0.036 0.036
0 0.317 0.603 0.038 0.066
0 0.495 0.618 0.042 0.052
0 0.502 0.583 0.04 0.03
0 0.506 0.559 0.04 0.05
0 0.55 0.575 0.048 0.05
0 0.59 0.644 0.044 0.052
0 0.566 0.633 0.032 0.038
0 0.991 0.54 0.014 0.036
0 0.991 0.494 0.014 0.044
0 0.979 0.502 0.03 0.04
0 0.98 0.449 0.032 0.038
0 0.827 0.522 0.05 0.072
0 0.925 0.539 0.038 0.03
0 0.861 0.477 0.046 0.062
0 0.871 0.452 0.034 0.024
0 0.816 0.473 0.048 0.046
0 0.77 0.52 0.06 0.044
0 0.776 0.486 0.04 0.056
0 0.768 0.595 0.056 0.05
0 0.743 0.577 0.034 0.038
0 0.736 0.532 0.044 0.036
0 0.695 0.543 0.042 0.05
0 0.675 0.577 0.05 0.058
0 0.618 0.573 0.036 0.042
0 0.629 0.527 0.046 0.054
0 0.574 0.469 0.048 0.058
0 0.556 0.508 0.04 0.056
0 0.529 0.494 0.034 0.064
0 0.454 0.493 0.044 0.066
0 0.351 0.534 0.034 0.048
0 0.382 0.499 0.056 0.07
0 0.39 0.56 0.032 0.04
0 0.982 0.35 0.032 0.048
0 0.971 0.401 0.042 0.046
0 0.922 0.411 0.028 0.03
0 0.738 0.425 0.048 0.046
0 0.668 0.465 0.04 0.046
0 0.489 0.405 0.05 0.062
0 0.398 0.434 0.056 0.076
0 0.351 0.433 0.054 0.058
0 0.235 0.458 0.05 0.044
0 0.181 0.438 0.042 0.036
0 0.035 0.429 0.038 0.046
0 0.251 0.417 0.042 0.05
0 0.223 0.414 0.038 0.044
0 0.99 0.252 0.016 0.04
0 0.965 0.251 0.034 0.038
0 0.929 0.253 0.07 0.07
0 0.926 0.319 0.072 0.058
0 0.799 0.37 0.034 0.044
0 0.772 0.357 0.036 0.038
0 0.017 0.348 0.03 0.048
0 0.053 0.398 0.034 0.04
0 0.116 0.384 0.048 0.036
0 0.094 0.36 0.056 0.04
0 0.987 0.113 0.022 0.042
0 0.985 0.034 0.026 0.06
0 0.918 0.209 0.044 0.038
0 0.918 0.147 0.036 0.078
0 0.89 0.141 0.036 0.046
0 0.935 0.061 0.046 0.054
0 0.864 0.064 0.052 0.044
0 0.86 0.103 0.056 0.042
0 0.78 0.104 0.044 0.044
0 0.739 0.111 0.046 0.05
0 0.721 0.128 0.042 0.056
0 0.681 0.121 0.054 0.062
0 0.839 0.283 0.042 0.05
0 0.812 0.282 0.056 0.052
0 0.661 0.396 0.034 0.036
0 0.844 0.133 0.036 0.038
0 0.721 0.165 0.038 0.034
0 0.7 0.388 0.036 0.032
0 0.657 0.35 0.046 0.04
0 0.753 0.172 0.026 0.028
0 0.797 0.158 0.042 0.036
0 0.81 0.218 0.068 0.052
0 0.785 0.215 0.046 0.03
0 0.756 0.264 0.044 0.072
0 0.814 0.323 0.036 0.03
0 0.798 0.325 0.02 0.026
0 0.597 0.422 0.022 0.028
0 0.577 0.434 0.046 0.036
0 0.617 0.439 0.042 0.038
0 0.01 0.055 0.016 0.038
0 0.037 0.049 0.03 0.034
0 0.142 0.011 0.024 0.018
0 0.165 0.017 0.03 0.03
0 0.094 0.021 0.056 0.034
0 0.328 0.024 0.048 0.044
0 0.273 0.052 0.05 0.044
0 0.293 0.035 0.034 0.026
0 0.248 0.025 0.036 0.026
0 0.606 0.016 0.044 0.028
0 0.637 0.024 0.054 0.044
0 0.699 0.014 0.062 0.024
0 0.658 0.007 0.032 0.01
0 0.606 0.062 0.056 0.048
0 0.557 0.061 0.038 0.062
0 0.548 0.11 0.032 0.04
0 0.506 0.122 0.056 0.044
0 0.26 0.113 0.052 0.046
0 0.216 0.108 0.036 0.044
0 0.17 0.092 0.04 0.036
0 0.137 0.055 0.038 0.034
0 0.051 0.097 0.05 0.054
0 0.017 0.111 0.026 0.034
0 0.107 0.134 0.042 0.044
0 0.063 0.141 0.046 0.042
0 0.244 0.174 0.056 0.06
0 0.3 0.16 0.04 0.044
0 0.335 0.161 0.046 0.054
0 0.334 0.222 0.036 0.032
0 0.454 0.166 0.044 0.044
0 0.462 0.219 0.048 0.066
0 0.404 0.224 0.044 0.04
0 0.4 0.276 0.06 0.064
0 0.015 0.235 0.026 0.062
0 0.043 0.268 0.058 0.04
0 0.043 0.235 0.038 0.042
0 0.107 0.233 0.038 0.058
0 0.134 0.236 0.032 0.052
0 0.176 0.253 0.056 0.046
0 0.133 0.352 0.046 0.044
0 0.07 0.339 0.048 0.026
0 0.162 0.303 0.052 0.046
0 0.245 0.324 0.062 0.064
0 0.272 0.305 0.036 0.054
0 0.314 0.265 0.052 0.042
0 0.327 0.293 0.042 0.046
0 0.311 0.387 0.042 0.038
0 0.367 0.321 0.03 0.03
0 0.412 0.394 0.04 0.044
0 0.384 0.382 0.036 0.036
0 0.52 0.197 0.052 0.05
0 0.463 0.323 0.042 0.042
0 0.535 0.305 0.058 0.046
0 0.54 0.209 0.032 0.042
0 0.525 0.232 0.022 0.024
0 0.592 0.19 0.036 0.044
0 0.606 0.219 0.032 0.026
0 0.613 0.235 0.038 0.046
0 0.73 0.286 0.032 0.032
0 0.717 0.297 0.046 0.038
1 0.982 0.926 0.032 0.024
1 0.215 0.992 0.034 0.012
1 0.14 0.993 0.032 0.01
1 0.37 0.678 0.024 0.028
1 0.983 0.084 0.03 0.032
1 0.956 0.189 0.028 0.026
1 0.048 0.026 0.036 0.024
1 0.057 0.054 0.014 0.032
1 0.112 0.01 0.036 0.016
1 0.364 0.011 0.036 0.018
1 0.278 0.011 0.036 0.018
1 0.082 0.151 0.032 0.038
1 0.83 0.987 0.036 0.022
1 0.388 0.93 0.032 0.028
1 0.379 0.934 0.022 0.024
1 0.424 0.966 0.036 0.036
1 0.355 0.993 0.038 0.01
1 0.381 0.986 0.03 0.024
1 0.004 0.78 0.004 0.024
1 0.21 0.913 0.048 0.014
1 0.305 0.901 0.038 0.046
1 0.174 0.874 0.048 0.02
1 0.855 0.716 0.034 0.02
1 0.88 0.706 0.028 0.024
1 0.69 0.887 0.028 0.034
1 0.651 0.809 0.03 0.018
1 0.77 0.697 0.02 0.026
1 0.224 0.811 0.056 0.042
1 0.967 0.656 0.05 0.036
1 0.643 0.715 0.026 0.026
1 0.419 0.781 0.034 0.054
1 0.093 0.505 0.03 0.034
1 0.235 0.528 0.034 0.024
1 0.289 0.509 0.03 0.038
1 0.268 0.511 0.028 0.042
1 0.958 0.498 0.02 0.032
1 0.986 0.522 0.016 0.012
1 0.849 0.56 0.022 0.02
1 0.766 0.554 0.028 0.02
1 0.77 0.636 0.028 0.016
1 0.761 0.624 0.034 0.016
1 0.651 0.486 0.03 0.032
1 0.962 0.382 0.028 0.024
1 0.784 0.426 0.036 0.016
1 0.786 0.413 0.032 0.014
1 0.285 0.454 0.022 0.032
1 0.294 0.479 0.024 0.022
1 0.918 0.027 0.024 0.022
1 0.808 0.11 0.02 0.032
1 0.867 0.353 0.026 0.022
1 0.868 0.162 0.028 0.024
1 0.68 0.218 0.024 0.04
1 0.59 0.408 0.016 0.02
1 0.652 0.051 0.024 0.018
1 0.539 0.047 0.026 0.014
1 0.528 0.151 0.02 0.018
1 0.454 0.109 0.016 0.034
1 0.461 0.112 0.018 0.032
1 0.408 0.067 0.02 0.026
1 0.409 0.048 0.014 0.012
1 0.211 0.145 0.022 0.03
1 0.483 0.202 0.034 0.044
1 0.122 0.314 0.036 0.02
1 0.23 0.345 0.028 0.038
1 0.351 0.302 0.026 0.032
1 0.43 0.357 0.02 0.046
1 0.489 0.254 0.022 0.032
1 0.589 0.282 0.026 0.024
1 0.543 0.271 0.026 0.022
1 0.521 0.281 0.022 0.022
2 0.27 0.461 0.028 0.026
2 0.917 0.92 0.022 0.016
2 0.772 0.934 0.048 0.048
2 0.598 0.977 0.056 0.038
2 0.554 0.992 0.04 0.012
2 0.639 0.927 0.034 0.026
2 0.403 0.971 0.05 0.038
2 0.321 0.963 0.038 0.05
2 0.008 0.985 0.012 0.018
2 0.024 0.994 0.012 0.008
2 0.028 0.989 0.008 0.014
2 0.023 0.983 0.01 0.014
2 0.027 0.779 0.042 0.038
2 0.152 0.915 0.028 0.026
2 0.213 0.88 0.038 0.032
2 0.98 0.814 0.036 0.032
2 0.82 0.81 0.032 0.032
2 0.763 0.871 0.026 0.03
2 0.866 0.764 0.06 0.04
2 0.856 0.734 0.044 0.036
2 0.906 0.736 0.024 0.024
2 0.917 0.724 0.018 0.016
2 0.925 0.675 0.022 0.03
2 0.856 0.612 0.032 0.016
2 0.428 0.814 0.032 0.012
2 0.457 0.843 0.006 0.01
2 0.439 0.827 0.022 0.014
2 0.326 0.836 0.02 0.016
2 0.013 0.51 0.022 0.036
2 0.19 0.662 0.036 0.02
2 0.047 0.529 0.014 0.014
2 0.068 0.529 0.012 0.014
2 0.206 0.579 0.024 0.038
2 0.352 0.618 0.008 0.016
2 0.476 0.557 0.016 0.014
2 0.525 0.651 0.038 0.038
2 0.542 0.658 0.024 0.028
2 0.814 0.54 0.016 0.008
2 0.889 0.464 0.046 0.068
2 0.794 0.57 0.048 0.04
2 0.383 0.523 0.022 0.01
2 0.413 0.554 0.034 0.044
2 0.419 0.581 0.018 0.01
2 0.985 0.371 0.014 0.018
2 0.885 0.408 0.038 0.016
2 0.936 0.409 0.02 0.03
2 0.922 0.355 0.028 0.018
2 0.906 0.343 0.02 0.014
2 0.109 0.411 0.038 0.038
2 0.063 0.426 0.022 0.036
2 0.086 0.428 0.036 0.048
2 0.853 0.354 0.026 0.02
2 0.828 0.348 0.024 0.016
2 0.939 0.346 0.018 0.016
2 0.862 0.313 0.008 0.01
2 0.863 0.282 0.03 0.032
2 0.996 0.21 0.004 0.024
2 0.701 0.429 0.022 0.03
2 0.816 0.081 0.052 0.046
2 0.768 0.141 0.028 0.038
2 0.775 0.181 0.018 0.01
2 0.314 0.051 0.028 0.018
2 0.213 0.014 0.042 0.024
2 0.471 0.013 0.042 0.022
2 0.565 0.009 0.03 0.014
2 0.685 0.063 0.058 0.026
2 0.659 0.041 0.01 0.01
2 0.681 0.082 0.014 0.012
2 0.459 0.045 0.038 0.022
2 0.49 0.052 0.032 0.024
2 0.476 0.068 0.028 0.02
2 0.503 0.085 0.038 0.022
2 0.121 0.038 0.014 0.012
2 0.139 0.099 0.026 0.03
2 0.278 0.2 0.036 0.028
2 0.292 0.182 0.052 0.04
2 0.408 0.12 0.036 0.036
2 0.419 0.151 0.046 0.038
2 0.397 0.173 0.03 0.03
2 0.083 0.256 0.042 0.048
2 0.073 0.292 0.034 0.024
2 0.218 0.276 0.032 0.032
2 0.302 0.353 0.04 0.03
2 0.466 0.352 0.064 0.044
2 0.681 0.331 0.03 0.03
2 0.684 0.352 0.032 0.032
2 0.721 0.333 0.026 0.038
2 0.757 0.322 0.042 0.032
2 0.606 0.287 0.02 0.03
2 0.579 0.383 0.026 0.026
2 0.575 0.362 0.026 0.02
2 0.577 0.345 0.018 0.022
2 0.572 0.327 0.008 0.014