0 0.902 0.968 0.064 0.052
0 0.885 0.888 0.038 0.044
0 0.865 0.914 0.026 0.032
0 0.812 0.916 0.016 0.032
0 0.814 0.984 0.032 0.028
0 0.956 0.68 0.06 0.052
0 0.797 0.785 0.034 0.042
0 0.903 0.696 0.042 0.04
0 0.878 0.718 0.028 0.036
0 0.822 0.706 0.016 0.024
0 0.951 0.587 0.042 0.054
0 0.993 0.589 0.01 0.038
0 0.986 0.425 0.024 0.046
0 0.982 0.119 0.032 0.046
0 0.976 0.016 0.04 0.024
0 0.946 0.045 0.032 0.026
0 0.948 0.075 0.06 0.046
0 0.847 0.05 0.046 0.04
0 0.762 0.043 0.056 0.05
0 0.69 0.036 0.036 0.028
0 0.388 0.077 0.044 0.042
0 0.288 0.011 0.044 0.018
0 0.298 0.058 0.04 0.036
0 0.237 0.025 0.042 0.034
0 0.14 0.021 0.052 0.034
0 0.035 0.132 0.066 0.024
0 0.148 0.085 0.044 0.026
0 0.234 0.113 0.044 0.026
0 0.101 0.188 0.074 0.052
0 0.143 0.168 0.038 0.032
0 0.244 0.175 0.044 0.03
0 0.246 0.152 0.048 0.024
0 0.376 0.159 0.048 0.03
0 0.287 0.218 0.05 0.04
0 0.264 0.241 0.04 0.026
0 0.335 0.268 0.042 0.028
0 0.362 0.315 0.04 0.034
0 0.124 0.349 0.052 0.03
0 0.022 0.41 0.04 0.032
0 0.256 0.335 0.04 0.03
0 0.407 0.234 0.034 0.04
0 0.701 0.137 0.022 0.014
0 0.027 0.466 0.05 0.04
0 0.018 0.509 0.032 0.03
0 0.022 0.572 0.04 0.032
0 0.095 0.562 0.042 0.04
0 0.149 0.535 0.05 0.042
0 0.194 0.516 0.048 0.032
0 0.176 0.442 0.048 0.036
0 0.233 0.421 0.05 0.042
0 0.109 0.263 0.046 0.03
0 0.004 0.284 0.004 0.024
0 0.308 0.385 0.04 0.034
0 0.338 0.476 0.044 0.04
0 0.508 0.239 0.048 0.046
0 0.482 0.274 0.036 0.036
0 0.521 0.299 0.046 0.034
0 0.595 0.224 0.042 0.036
0 0.64 0.19 0.052 0.028
0 0.866 0.235 0.036 0.046
0 0.785 0.221 0.03 0.034
0 0.854 0.28 0.032 0.028
0 0.801 0.324 0.054 0.04
0 0.861 0.361 0.034 0.03
0 0.811 0.361 0.014 0.026
0 0.755 0.358 0.054 0.052
0 0.706 0.289 0.06 0.05
0 0.675 0.319 0.03 0.034
0 0.552 0.383 0.052 0.038
0 0.551 0.43 0.022 0.02
0 0.516 0.44 0.04 0.044
0 0.47 0.462 0.036 0.04
0 0.385 0.498 0.07 0.052
0 0.148 0.624 0.044 0.036
0 0.053 0.652 0.058 0.036
0 0.018 0.67 0.032 0.036
0 0.014 0.863 0.024 0.038
0 0.065 0.809 0.046 0.034
0 0.113 0.782 0.05 0.028
0 0.138 0.759 0.032 0.046
0 0.155 0.679 0.046 0.038
0 0.751 0.416 0.026 0.028
0 0.771 0.47 0.054 0.044
0 0.71 0.476 0.04 0.04
0 0.913 0.497 0.026 0.026
0 0.86 0.519 0.032 0.038
0 0.899 0.549 0.018 0.026
0 0.822 0.57 0.044 0.04
0 0.86 0.626 0.028 0.04
0 0.817 0.634 0.022 0.036
0 0.724 0.625 0.048 0.062
0 0.705 0.711 0.03 0.042
0 0.716 0.687 0.016 0.03
0 0.61 0.661 0.036 0.042
0 0.701 0.523 0.034 0.026
0 0.769 0.884 0.026 0.032
0 0.746 0.925 0.032 0.026
0 0.678 0.945 0.016 0.03
0 0.639 0.975 0.038 0.018
0 0.576 0.569 0.036 0.03
0 0.529 0.6 0.05 0.048
0 0.475 0.56 0.046 0.028
0 0.43 0.588 0.032 0.028
0 0.434 0.536 0.028 0.028
0 0.27 0.572 0.032 0.028
0 0.205 0.652 0.05 0.036
0 0.209 0.693 0.05 0.034
0 0.348 0.669 0.044 0.03
0 0.42 0.655 0.044 0.042
0 0.465 0.705 0.05 0.03
0 0.252 0.735 0.024 0.018
0 0.092 0.872 0.048 0.036
0 0.091 0.986 0.046 0.024
0 0.146 0.909 0.044 0.038
0 0.244 0.871 0.016 0.026
0 0.222 0.866 0.024 0.016
0 0.279 0.917 0.038 0.034
0 0.332 0.873 0.044 0.042
0 0.402 0.805 0.04 0.038
0 0.41 0.882 0.028 0.04
0 0.611 0.888 0.018 0.024
0 0.59 0.888 0.024 0.02
0 0.592 0.85 0.052 0.04
0 0.589 0.739 0.022 0.018
0 0.627 0.71 0.018 0.02
0 0.593 0.722 0.022 0.016
0 0.539 0.769 0.038 0.034
0 0.466 0.939 0.028 0.018
0 0.397 0.987 0.038 0.022
0 0.344 0.951 0.032 0.026
0 0.271 0.977 0.034 0.03
0 0.813 0.07 0.018 0.012
1 0.965 0.979 0.014 0.014
1 0.74 0.993 0.024 0.01
1 0.632 0.993 0.012 0.01
1 0.967 0.749 0.018 0.022
1 0.842 0.768 0.02 0.028
1 0.854 0.692 0.012 0.02
1 0.829 0.063 0.022 0.022
1 0.864 0.028 0.02 0.02
1 0.85 0.092 0.02 0.02
1 0.675 0.071 0.026 0.026
1 0.526 0.055 0.044 0.026
1 0.419 0.021 0.018 0.014
1 0.056 0.057 0.028 0.022
1 0.018 0.079 0.016 0.018
1 0.262 0.104 0.02 0.02
1 0.351 0.236 0.018 0.028
1 0.157 0.342 0.022 0.012
1 0.458 0.29 0.024 0.016
1 0.509 0.14 0.034 0.02
1 0.583 0.145 0.018 0.022
1 0.635 0.147 0.026 0.018
1 0.772 0.147 0.036 0.018
1 0.029 0.293 0.046 0.014
1 0.103 0.312 0.01 0.008
1 0.387 0.388 0.042 0.016
1 0.361 0.437 0.006 0.018
1 0.56 0.19 0.024 0.02
1 0.659 0.171 0.018 0.018
1 0.961 0.21 0.018 0.028
1 0.935 0.244 0.03 0.024
1 0.898 0.191 0.024 0.022
1 0.8 0.328 0.016 0.008
1 0.656 0.279 0.02 0.022
1 0.586 0.34 0.028 0.024
1 0.636 0.356 0.016 0.02
1 0.513 0.475 0.014 0.018
1 0.35 0.527 0.02 0.022
1 0.216 0.551 0.02 0.014
1 0.003 0.697 0.002 0.018
1 0.85 0.403 0.016 0.022
1 0.895 0.442 0.01 0.028
1 0.932 0.487 0.008 0.01
1 0.913 0.552 0.022 0.012
1 0.658 0.638 0.02 0.028
1 0.786 0.523 0.016 0.014
1 0.686 0.539 0.012 0.018
1 0.748 0.886 0.016 0.02
1 0.59 0.995 0.032 0.006
1 0.546 0.997 0.02 0.002
1 0.575 0.966 0.01 0.012
1 0.609 0.498 0.022 0.028
1 0.61 0.469 0.016 0.018
1 0.495 0.49 0.01 0.012
1 0.347 0.588 0.014 0.02
1 0.431 0.704 0.026 0.02
1 0.356 0.708 0.02 0.016
1 0.361 0.727 0.018 0.014
1 0.31 0.711 0.02 0.022
1 0.227 0.774 0.026 0.02
1 0.576 0.599 0.008 0.014
1 0.492 0.594 0.02 0.012
1 0.059 0.906 0.022 0.016
1 0.175 0.847 0.018 0.022
1 0.494 0.888 0.02 0.02
1 0.462 0.906 0.02 0.02
1 0.667 0.89 0.01 0.012
1 0.669 0.739 0.01 0.014
1 0.631 0.739 0.022 0.018
1 0.596 0.766 0.02 0.024
1 0.609 0.712 0.014 0.012
1 0.452 0.987 0.016 0.018
1 0.351 0.992 0.022 0.012
1 0.273 0.995 0.034 0.006
1 0.213 0.996 0.046 0.004
1 0.236 0.889 0.012 0.014
2 0.796 0.816 0.032 0.024
2 0.738 0.213 0.052 0.046
2 0.461 0.168 0.018 0.028
2 0.61 0.049 0.028 0.026
2 0.164 0.138 0.02 0.02
2 0.09 0.29 0.044 0.016
2 0.107 0.413 0.054 0.03
2 0.019 0.744 0.034 0.04
2 0.734 0.56 0.036 0.02
2 0.74 0.517 0.012 0.014
2 0.993 0.914 0.01 0.028
2 0.787 0.909 0.022 0.018
2 0.703 0.95 0.014 0.024
2 0.677 0.371 0.042 0.022
2 0.679 0.346 0.022 0.012
2 0.571 0.491 0.014 0.014
2 0.327 0.589 0.022 0.03
2 0.26 0.668 0.028 0.04
2 0.563 0.617 0.022 0.034
2 0.211 0.853 0.038 0.026
2 0.271 0.848 0.014 0.032
2 0.378 0.78 0.04 0.036
2 0.465 0.864 0.022 0.032
2 0.483 0.902 0.034 0.02
2 0.675 0.87 0.026 0.024
2 0.558 0.977 0.028 0.03
2 0.552 0.946 0.012 0.028
2 0.539 0.821 0.03 0.058
2 0.849 0.716 0.018 0.016
2 0.269 0.458 0.01 0.02
2 0.242 0.473 0.024 0.018
2 0.689 0.634 0.022 0.028
2 0.62 0.938 0.012 0.02
2 0.299 0.726 0.018 0.016
2 0.018 0.71 0.016 0.008
2 0.01 0.643 0.016 0.014