0 0.883 0.397 0.034 0.026
0 0.941 0.37 0.034 0.036
0 0.965 0.39 0.03 0.02
0 0.963 0.421 0.03 0.038
0 0.818 0.543 0.024 0.026
0 0.948 0.816 0.016 0.02
0 0.864 0.853 0.028 0.03
0 0.772 0.84 0.036 0.036
0 0.723 0.065 0.034 0.046
0 0.694 0.061 0.032 0.03
0 0.704 0.085 0.036 0.034
0 0.649 0.024 0.042 0.032
0 0.546 0.016 0.06 0.032
0 0.426 0.011 0.048 0.022
0 0.357 0.023 0.042 0.038
0 0.28 0.028 0.024 0.036
0 0.3 0.032 0.02 0.024
0 0.302 0.069 0.036 0.034
0 0.202 0.01 0.044 0.02
0 0.156 0.025 0.032 0.042
0 0.127 0.034 0.026 0.044
0 0.154 0.066 0.048 0.036
0 0.07 0.024 0.036 0.04
0 0.023 0.099 0.042 0.042
0 0.029 0.145 0.022 0.03
0 0.052 0.136 0.016 0.02
0 0.15 0.123 0.04 0.034
0 0.289 0.105 0.038 0.034
0 0.272 0.111 0.028 0.03
0 0.243 0.15 0.042 0.032
0 0.378 0.096 0.048 0.032
0 0.432 0.094 0.052 0.04
0 0.468 0.07 0.036 0.044
0 0.548 0.048 0.056 0.036
0 0.582 0.08 0.044 0.024
0 0.597 0.095 0.038 0.026
0 0.649 0.127 0.038 0.042
0 0.61 0.146 0.032 0.028
0 0.595 0.129 0.026 0.026
0 0.537 0.122 0.058 0.044
0 0.639 0.196 0.034 0.036
0 0.676 0.18 0.052 0.048
0 0.712 0.152 0.024 0.024
0 0.717 0.221 0.038 0.03
0 0.72 0.288 0.052 0.036
0 0.737 0.332 0.034 0.036
0 0.018 0.995 0.024 0.006
0 0.038 0.968 0.04 0.036
0 0.048 0.907 0.04 0.042
0 0.084 0.922 0.04 0.032
0 0.119 0.952 0.046 0.04
0 0.208 0.941 0.044 0.038
0 0.322 0.977 0.036 0.034
0 0.38 0.993 0.028 0.01
0 0.416 0.969 0.064 0.034
0 0.487 0.986 0.054 0.024
0 0.527 0.981 0.05 0.034
0 0.554 0.945 0.052 0.034
0 0.583 0.934 0.03 0.024
0 0.618 0.924 0.044 0.04
0 0.581 0.899 0.03 0.026
0 0.605 0.864 0.042 0.04
0 0.579 0.857 0.022 0.038
0 0.558 0.853 0.036 0.034
0 0.559 0.818 0.042 0.036
0 0.52 0.796 0.04 0.036
0 0.043 0.812 0.05 0.032
0 0.042 0.776 0.052 0.028
0 0.042 0.695 0.048 0.05
0 0.046 0.652 0.048 0.032
0 0.034 0.62 0.032 0.032
0 0.022 0.528 0.04 0.032
0 0.012 0.485 0.02 0.038
0 0.021 0.406 0.038 0.04
0 0.01 0.327 0.016 0.05
0 0.058 0.221 0.024 0.03
0 0.035 0.221 0.03 0.038
0 0.072 0.268 0.04 0.04
0 0.17 0.234 0.04 0.036
0 0.251 0.25 0.03 0.044
0 0.227 0.302 0.038 0.036
0 0.19 0.335 0.04 0.046
0 0.173 0.379 0.038 0.042
0 0.095 0.339 0.042 0.038
0 0.078 0.409 0.028 0.022
0 0.089 0.438 0.042 0.032
0 0.082 0.46 0.024 0.02
0 0.14 0.412 0.04 0.04
0 0.285 0.197 0.046 0.03
0 0.322 0.227 0.048 0.03
0 0.372 0.159 0.044 0.046
0 0.429 0.148 0.058 0.036
0 0.488 0.155 0.056 0.038
0 0.547 0.167 0.03 0.026
0 0.507 0.178 0.05 0.028
0 0.475 0.221 0.05 0.038
0 0.447 0.249 0.054 0.034
0 0.432 0.27 0.06 0.04
0 0.547 0.268 0.054 0.04
0 0.596 0.253 0.036 0.026
0 0.609 0.284 0.062 0.06
0 0.681 0.331 0.022 0.022
0 0.676 0.315 0.012 0.014
0 0.64 0.336 0.048 0.04
0 0.623 0.366 0.05 0.044
0 0.67 0.36 0.028 0.032
0 0.684 0.493 0.04 0.034
0 0.659 0.47 0.026 0.032
0 0.638 0.473 0.02 0.03
0 0.616 0.474 0.02 0.028
0 0.623 0.811 0.046 0.034
0 0.604 0.802 0.024 0.028
0 0.592 0.782 0.032 0.032
0 0.661 0.786 0.054 0.04
0 0.661 0.747 0.05 0.026
0 0.614 0.711 0.036 0.03
0 0.669 0.706 0.022 0.04
0 0.687 0.648 0.026 0.036
0 0.665 0.608 0.038 0.04
0 0.619 0.602 0.034 0.032
0 0.574 0.601 0.028 0.03
0 0.638 0.635 0.056 0.034
0 0.659 0.662 0.03 0.028
0 0.638 0.662 0.016 0.024
0 0.611 0.663 0.042 0.034
0 0.59 0.646 0.028 0.028
0 0.467 0.876 0.05 0.036
0 0.356 0.811 0.044 0.042
0 0.365 0.845 0.054 0.038
0 0.438 0.794 0.052 0.036
0 0.46 0.816 0.04 0.04
0 0.266 0.923 0.052 0.038
0 0.272 0.901 0.044 0.042
0 0.296 0.904 0.032 0.036
0 0.138 0.828 0.044 0.036
0 0.144 0.798 0.032 0.036
0 0.168 0.805 0.032 0.038
0 0.205 0.775 0.026 0.034
0 0.231 0.784 0.046 0.036
0 0.229 0.689 0.042 0.046
0 0.13 0.662 0.032 0.032
0 0.115 0.632 0.038 0.04
0 0.146 0.629 0.04 0.038
0 0.223 0.615 0.042 0.034
0 0.186 0.568 0.044 0.036
0 0.228 0.539 0.044 0.038
0 0.245 0.505 0.038 0.034
0 0.184 0.506 0.016 0.028
0 0.16 0.521 0.052 0.046
0 0.305 0.482 0.034 0.028
0 0.312 0.346 0.048 0.04
0 0.295 0.314 0.038 0.032
0 0.346 0.366 0.052 0.04
0 0.367 0.333 0.042 0.034
0 0.399 0.351 0.042 0.038
0 0.467 0.315 0.03 0.03
0 0.447 0.302 0.034 0.024
0 0.504 0.319 0.036 0.034
0 0.519 0.32 0.03 0.032
0 0.532 0.34 0.048 0.036
0 0.519 0.375 0.062 0.026
0 0.504 0.408 0.036 0.032
0 0.522 0.41 0.016 0.028
0 0.544 0.416 0.036 0.024
0 0.564 0.447 0.052 0.038
0 0.406 0.459 0.06 0.042
0 0.372 0.491 0.044 0.034
0 0.437 0.503 0.05 0.038
0 0.554 0.487 0.048 0.03
0 0.516 0.513 0.02 0.026
0 0.537 0.513 0.022 0.026
0 0.55 0.517 0.016 0.022
0 0.561 0.53 0.03 0.028
0 0.595 0.516 0.038 0.028
0 0.617 0.545 0.046 0.038
0 0.585 0.546 0.038 0.044
0 0.547 0.559 0.034 0.026
0 0.511 0.559 0.042 0.03
0 0.513 0.592 0.054 0.036
0 0.525 0.62 0.05 0.024
0 0.528 0.645 0.056 0.034
0 0.584 0.69 0.02 0.016
0 0.569 0.686 0.01 0.024
0 0.553 0.684 0.03 0.032
0 0.376 0.758 0.044 0.032
0 0.404 0.746 0.036 0.044
0 0.43 0.747 0.02 0.018
0 0.462 0.737 0.032 0.034
0 0.478 0.732 0.032 0.032
0 0.532 0.708 0.04 0.036
0 0.424 0.707 0.032 0.018
0 0.395 0.704 0.026 0.032
0 0.377 0.695 0.026 0.026
0 0.326 0.673 0.056 0.034
0 0.397 0.621 0.042 0.026
0 0.421 0.599 0.05 0.026
0 0.381 0.558 0.05 0.028
0 0.373 0.618 0.026 0.024
1 0.947 0.101 0.014 0.026
1 0.864 0.033 0.016 0.022
1 0.823 0.048 0.026 0.02
1 0.952 0.159 0.016 0.014
1 0.993 0.3 0.01 0.028
1 0.811 0.204 0.022 0.02
1 0.843 0.293 0.038 0.01
1 0.838 0.324 0.036 0.02
1 0.935 0.402 0.022 0.012
1 0.978 0.491 0.016 0.026
1 0.954 0.528 0.02 0.024
1 0.959 0.557 0.014 0.018
1 0.874 0.525 0.016 0.022
1 0.976 0.641 0.02 0.018
1 0.975 0.656 0.014 0.02
1 0.979 0.704 0.018 0.028
1 0.918 0.684 0.012 0.012
1 0.925 0.692 0.01 0.008
1 0.921 0.736 0.01 0.016
1 0.836 0.88 0.02 0.012
1 0.852 0.888 0.012 0.008
1 0.716 0.91 0.028 0.012
1 0.821 0.659 0.014 0.03
1 0.86 0.638 0.024 0.02
1 0.331 0.004 0.014 0.008
1 0.24 0.039 0.024 0.014
1 0.021 0.01 0.018 0.02
1 0.196 0.165 0.036 0.014
1 0.203 0.068 0.018 0.02
1 0.258 0.12 0.02 0.024
1 0.344 0.115 0.02 0.03
1 0.609 0.11 0.03 0.016
1 0.678 0.113 0.012 0.014
1 0.586 0.15 0.02 0.016
1 0.66 0.196 0.024 0.024
1 0.772 0.332 0.02 0.016
1 0.762 0.31 0.024 0.02
1 0.716 0.307 0.04 0.01
1 0.038 0.997 0.016 0.002
1 0.122 0.985 0.048 0.018
1 0.198 0.902 0.016 0.032
1 0.593 0.948 0.018 0.008
1 0.645 0.94 0.018 0.02
1 0.639 0.855 0.022 0.022
1 0.014 0.735 0.02 0.026
1 0.021 0.721 0.022 0.026
1 0.011 0.348 0.018 0.02
1 0.024 0.323 0.024 0.018
1 0.136 0.254 0.032 0.02
1 0.141 0.267 0.018 0.014
1 0.126 0.207 0.04 0.022
1 0.158 0.442 0.016 0.028
1 0.649 0.299 0.046 0.022
1 0.695 0.422 0.03 0.024
1 0.683 0.447 0.022 0.014
1 0.696 0.783 0.024 0.022
1 0.653 0.724 0.01 0.04
1 0.64 0.723 0.012 0.01
1 0.699 0.606 0.026 0.012
1 0.295 0.859 0.022 0.022
1 0.276 0.848 0.02 0.012
1 0.147 0.875 0.026 0.018
1 0.178 0.847 0.02 0.018
1 0.153 0.848 0.026 0.02
1 0.255 0.76 0.014 0.024
1 0.295 0.741 0.022 0.014
1 0.204 0.696 0.012 0.028
1 0.168 0.68 0.032 0.012
1 0.273 0.499 0.018 0.022
1 0.276 0.573 0.02 0.014
1 0.301 0.568 0.018 0.024
1 0.323 0.424 0.034 0.02
1 0.346 0.397 0.02 0.014
1 0.46 0.33 0.024 0.02
1 0.551 0.398 0.034 0.016
1 0.425 0.415 0.034 0.034
1 0.502 0.511 0.016 0.026
1 0.647 0.51 0.022 0.012
1 0.634 0.69 0.008 0.012
1 0.484 0.674 0.036 0.024
1 0.425 0.635 0.03 0.018
1 0.293 0.266 0.03 0.012
1 0.349 0.258 0.014 0.02
2 0.984 0.955 0.028 0.022
2 0.614 0.054 0.016 0.016
2 0.648 0.061 0.02 0.018
2 0.442 0.946 0.028 0.024
2 0.13 0.181 0.044 0.018
2 0.656 0.322 0.032 0.024
2 0.508 0.834 0.044 0.028
2 0.5 0.717 0.012 0.014
2 0.498 0.727 0.016 0.01
2 0.297 0.824 0.03 0.02
2 0.346 0.715 0.016 0.014
2 0.345 0.697 0.014 0.018