0 0.903 0.169 0.034 0.038
0 0.922 0.164 0.012 0.028
0 0.851 0.072 0.03 0.052
0 0.792 0.023 0.04 0.038
0 0.734 0.046 0.028 0.028
0 0.781 0.11 0.034 0.036
0 0.802 0.136 0.02 0.028
0 0.807 0.156 0.022 0.024
0 0.752 0.172 0.012 0.024
0 0.784 0.15 0.012 0.016
0 0.783 0.172 0.018 0.028
0 0.824 0.233 0.048 0.042
0 0.784 0.247 0.048 0.042
0 0.772 0.279 0.036 0.042
0 0.982 0.455 0.032 0.05
0 0.904 0.405 0.032 0.03
0 0.867 0.373 0.046 0.054
0 0.864 0.433 0.048 0.038
0 0.756 0.418 0.02 0.04
0 0.734 0.367 0.04 0.054
0 0.969 0.511 0.026 0.026
0 0.996 0.514 0.004 0.024
0 0.997 0.574 0.002 0.02
0 0.967 0.65 0.038 0.032
0 0.966 0.621 0.048 0.042
0 0.995 0.763 0.006 0.038
0 0.943 0.842 0.042 0.06
0 0.966 0.824 0.016 0.02
0 0.975 0.847 0.022 0.026
0 0.927 0.953 0.042 0.038
0 0.908 0.988 0.04 0.02
0 0.868 0.978 0.04 0.04
0 0.783 0.991 0.038 0.014
0 0.592 0.949 0.04 0.042
0 0.64 0.922 0.04 0.044
0 0.704 0.916 0.04 0.052
0 0.821 0.881 0.034 0.05
0 0.861 0.848 0.038 0.044
0 0.818 0.816 0.036 0.048
0 0.861 0.761 0.03 0.058
0 0.885 0.718 0.05 0.056
0 0.851 0.654 0.054 0.044
0 0.802 0.674 0.044 0.036
0 0.802 0.723 0.044 0.042
0 0.786 0.758 0.06 0.04
0 0.742 0.763 0.032 0.046
0 0.751 0.794 0.03 0.032
0 0.7 0.821 0.036 0.054
0 0.653 0.796 0.034 0.048
0 0.616 0.864 0.044 0.052
0 0.541 0.833 0.034 0.042
0 0.493 0.857 0.038 0.054
0 0.477 0.931 0.042 0.046
0 0.402 0.908 0.036 0.052
0 0.46 0.989 0.044 0.018
0 0.318 0.986 0.036 0.024
0 0.291 0.94 0.034 0.04
0 0.299 0.836 0.046 0.056
0 0.057 0.98 0.038 0.036
0 0.037 0.902 0.042 0.048
0 0.004 0.865 0.004 0.034
0 0.133 0.879 0.042 0.05
0 0.093 0.839 0.03 0.05
0 0.096 0.802 0.044 0.032
0 0.111 0.778 0.022 0.028
0 0.01 0.632 0.016 0.044
0 0.013 0.66 0.022 0.044
0 0.11 0.708 0.04 0.048
0 0.081 0.672 0.038 0.052
0 0.084 0.608 0.036 0.072
0 0.029 0.59 0.026 0.056
0 0.211 0.778 0.034 0.04
0 0.202 0.791 0.028 0.034
0 0.23 0.77 0.02 0.028
0 0.219 0.729 0.038 0.05
0 0.381 0.785 0.038 0.046
0 0.429 0.848 0.03 0.048
0 0.48 0.787 0.04 0.042
0 0.456 0.74 0.044 0.048
0 0.407 0.725 0.03 0.058
0 0.009 0.466 0.014 0.036
0 0.103 0.563 0.026 0.034
0 0.132 0.537 0.02 0.022
0 0.152 0.53 0.02 0.024
0 0.201 0.624 0.034 0.036
0 0.22 0.555 0.048 0.05
0 0.249 0.564 0.03 0.032
0 0.235 0.59 0.018 0.012
0 0.303 0.629 0.03 0.046
0 0.306 0.581 0.032 0.038
0 0.359 0.651 0.034 0.046
0 0.395 0.623 0.034 0.042
0 0.894 0.535 0.036 0.022
0 0.92 0.523 0.024 0.022
0 0.85 0.506 0.056 0.068
0 0.763 0.5 0.03 0.048
0 0.73 0.528 0.024 0.016
0 0.742 0.542 0.016 0.016
0 0.712 0.562 0.028 0.024
0 0.644 0.637 0.032 0.034
0 0.699 0.64 0.03 0.024
0 0.707 0.664 0.05 0.044
0 0.697 0.71 0.038 0.04
0 0.617 0.73 0.046 0.06
0 0.571 0.69 0.038 0.052
0 0.609 0.686 0.034 0.036
0 0.65 0.52 0.036 0.044
0 0.683 0.446 0.046 0.052
0 0.607 0.395 0.03 0.046
0 0.611 0.442 0.034 0.044
0 0.558 0.498 0.044 0.044
0 0.505 0.527 0.038 0.042
0 0.124 0.455 0.04 0.046
0 0.094 0.437 0.036 0.026
0 0.178 0.484 0.036 0.052
0 0.012 0.349 0.02 0.042
0 0.061 0.383 0.03 0.05
0 0.115 0.384 0.042 0.036
0 0.258 0.373 0.032 0.046
0 0.214 0.382 0.032 0.024
0 0.3 0.439 0.036 0.05
0 0.334 0.458 0.028 0.048
0 0.354 0.411 0.024 0.046
0 0.366 0.552 0.032 0.044
0 0.447 0.459 0.034 0.042
0 0.501 0.466 0.05 0.056
0 0.658 0.31 0.028 0.044
0 0.617 0.296 0.038 0.04
0 0.601 0.336 0.042 0.048
0 0.56 0.294 0.036 0.056
0 0.588 0.28 0.028 0.036
0 0.616 0.197 0.036 0.058
0 0.58 0.201 0.04 0.038
0 0.57 0.014 0.052 0.028
0 0.462 0.354 0.04 0.044
0 0.399 0.363 0.034 0.038
0 0.428 0.295 0.032 0.046
0 0.397 0.274 0.022 0.032
0 0.378 0.27 0.016 0.024
0 0.366 0.286 0.028 0.048
0 0.076 0.33 0.044 0.048
0 0.088 0.264 0.036 0.044
0 0.126 0.28 0.024 0.028
0 0.182 0.274 0.044 0.048
0 0.235 0.293 0.046 0.05
0 0.282 0.323 0.016 0.018
0 0.268 0.236 0.036 0.044
0 0.212 0.199 0.044 0.046
0 0.134 0.182 0.02 0.04
0 0.079 0.159 0.034 0.042
0 0.018 0.176 0.032 0.044
0 0.053 0.107 0.034 0.05
0 0.022 0.038 0.04 0.06
0 0.009 0.009 0.014 0.018
0 0.147 0.008 0.034 0.016
0 0.22 0.004 0.04 0.008
0 0.269 0.013 0.05 0.026
0 0.323 0.08 0.042 0.036
0 0.396 0.103 0.024 0.026
0 0.52 0.165 0.048 0.046
0 0.474 0.13 0.044 0.04
0 0.505 0.208 0.042 0.048
0 0.453 0.233 0.034 0.042
0 0.429 0.202 0.042 0.036
0 0.442 0.174 0.044 0.032
0 0.396 0.179 0.032 0.042
0 0.312 0.16 0.036 0.044
0 0.273 0.171 0.038 0.05
0 0.252 0.097 0.048 0.038
0 0.229 0.071 0.022 0.018
0 0.209 0.081 0.03 0.026
0 0.131 0.073 0.05 0.038
0 0.536 0.124 0.032 0.028
1 0.981 0.302 0.03 0.024
1 0.874 0.028 0.024 0.02
1 0.804 0.11 0.012 0.012
1 0.769 0.168 0.01 0.008
1 0.911 0.222 0.026 0.024
1 0.898 0.266 0.024 0.02
1 0.902 0.249 0.012 0.014
1 0.995 0.404 0.006 0.024
1 0.805 0.422 0.018 0.028
1 0.786 0.425 0.012 0.014
1 0.978 0.586 0.016 0.008
1 0.943 0.522 0.01 0.012
1 0.958 0.586 0.016 0.012
1 0.925 0.982 0.01 0.012
1 0.671 0.992 0.03 0.012
1 0.603 0.985 0.014 0.022
1 0.796 0.888 0.02 0.024
1 0.892 0.9 0.016 0.016
1 0.92 0.713 0.016 0.01
1 0.781 0.768 0.018 0.02
1 0.78 0.788 0.024 0.02
1 0.568 0.848 0.024 0.016
1 0.446 0.938 0.016 0.032
1 0.548 0.902 0.008 0.016
1 0.539 0.924 0.018 0.02
1 0.359 0.975 0.018 0.03
1 0.338 0.915 0.016 0.034
1 0.229 0.887 0.022 0.026
1 0.281 0.875 0.034 0.026
1 0.09 0.989 0.024 0.018
1 0.114 0.989 0.024 0.018
1 0.022 0.93 0.024 0.02
1 0.152 0.922 0.016 0.032
1 0.126 0.79 0.008 0.024
1 0.12 0.789 0.008 0.018
1 0.14 0.758 0.024 0.012
1 0.021 0.689 0.022 0.022
1 0.424 0.786 0.02 0.02
1 0.498 0.77 0.02 0.02
1 0.082 0.493 0.016 0.022
1 0.188 0.628 0.024 0.032
1 0.217 0.618 0.01 0.008
1 0.2 0.583 0.024 0.018
1 0.245 0.58 0.026 0.016
1 0.346 0.686 0.028 0.024
1 0.877 0.552 0.022 0.02
1 0.822 0.531 0.024 0.022
1 0.838 0.521 0.016 0.022
1 0.795 0.47 0.022 0.024
1 0.787 0.504 0.006 0.012
1 0.741 0.51 0.014 0.016
1 0.717 0.544 0.018 0.016
1 0.738 0.591 0.02 0.018
1 0.726 0.581 0.008 0.006
1 0.715 0.616 0.018 0.024
1 0.676 0.624 0.032 0.032
1 0.62 0.764 0.02 0.024
1 0.683 0.588 0.046 0.024
1 0.657 0.576 0.018 0.024
1 0.636 0.591 0.012 0.014
1 0.677 0.556 0.01 0.024
1 0.757 0.465 0.018 0.03
1 0.62 0.379 0.012 0.026
1 0.547 0.569 0.018 0.03
1 0.583 0.574 0.01 0.008
1 0.199 0.355 0.034 0.026
1 0.337 0.496 0.026 0.028
1 0.375 0.517 0.018 0.014
1 0.282 0.529 0.016 0.022
1 0.408 0.566 0.024 0.024
1 0.683 0.288 0.026 0.024
1 0.662 0.058 0.024 0.036
1 0.631 0.044 0.026 0.016
1 0.629 0.03 0.014 0.016
1 0.618 0.023 0.016 0.022
1 0.526 0.399 0.02 0.018
1 0.519 0.369 0.018 0.018
1 0.354 0.322 0.02 0.032
1 0.38 0.312 0.016 0.008
1 0.125 0.231 0.03 0.018
1 0.305 0.294 0.014 0.036
1 0.025 0.114 0.014 0.02
1 0.279 0.035 0.022 0.014
1 0.398 0.047 0.024 0.022
1 0.559 0.09 0.034 0.016
1 0.711 0.115 0.018 0.018
1 0.355 0.139 0.01 0.026
1 0.302 0.098 0.02 0.008
1 0.289 0.104 0.014 0.012
1 0.12 0.006 0.016 0.012
1 0.1 0.01 0.024 0.02
1 0.089 0.022 0.022 0.024
1 0.083 0.069 0.018 0.022
1 0.541 0.102 0.014 0.016
1 0.555 0.162 0.026 0.02
1 0.61 0.111 0.024 0.038
1 0.782 0.564 0.024 0.028
1 0.014 0.762 0.008 0.012
1 0.003 0.764 0.002 0.02
2 0.921 0.728 0.026 0.02
2 0.668 0.266 0.024 0.036
2 0.287 0.114 0.018 0.02
2 0.449 0.679 0.038 0.026
2 0.575 0.66 0.022 0.016
2 0.392 0.471 0.024 0.014
2 0.229 0.966 0.026 0.032
2 0.369 0.677 0.018 0.018
2 0.53 0.621 0.02 0.026
2 0.508 0.729 0.028 0.022
2 0.514 0.945 0.016 0.038
2 0.803 0.189 0.022 0.01
2 0.792 0.198 0.02 0.016
2 0.681 0.362 0.014 0.016
2 0.288 0.296 0.02 0.024
2 0.22 0.238 0.024 0.02
2 0.192 0.027 0.024 0.022