0 0.561 0.389 0.046 0.054
0 0.895 0.85 0.038 0.032
0 0.855 0.833 0.038 0.054
0 0.774 0.852 0.032 0.04
0 0.795 0.856 0.022 0.032
0 0.766 0.946 0.036 0.036
0 0.766 0.92 0.048 0.036
0 0.983 0.921 0.03 0.062
0 0.918 0.924 0.044 0.044
0 0.934 0.863 0.048 0.05
0 0.947 0.929 0.026 0.034
0 0.946 0.895 0.044 0.034
0 0.653 0.946 0.042 0.044
0 0.519 0.961 0.038 0.058
0 0.539 0.909 0.046 0.058
0 0.388 0.939 0.036 0.03
0 0.382 0.967 0.04 0.03
0 0.373 0.866 0.05 0.056
0 0.323 0.919 0.038 0.054
0 0.24 0.852 0.036 0.052
0 0.209 0.896 0.042 0.048
0 0.14 0.842 0.036 0.04
0 0.076 0.841 0.032 0.034
0 0.032 0.817 0.028 0.046
0 0.105 0.793 0.034 0.046
0 0.074 0.733 0.032 0.046
0 0.105 0.723 0.046 0.05
0 0.108 0.689 0.036 0.038
0 0.174 0.76 0.036 0.052
0 0.2 0.76 0.028 0.048
0 0.374 0.811 0.044 0.042
0 0.623 0.861 0.038 0.05
0 0.678 0.821 0.036 0.03
0 0.696 0.807 0.032 0.03
0 0.694 0.763 0.052 0.042
0 0.562 0.817 0.04 0.05
0 0.588 0.827 0.036 0.046
0 0.49 0.858 0.04 0.06
0 0.452 0.911 0.044 0.038
0 0.427 0.945 0.026 0.038
0 0.438 0.957 0.012 0.022
0 0.615 0.96 0.018 0.032
0 0.804 0.992 0.044 0.012
0 0.854 0.977 0.044 0.042
0 0.965 0.796 0.034 0.052
0 0.96 0.667 0.052 0.042
0 0.935 0.572 0.046 0.048
0 0.9 0.581 0.028 0.038
0 0.92 0.492 0.036 0.044
0 0.853 0.536 0.034 0.06
0 0.726 0.682 0.044 0.036
0 0.685 0.707 0.042 0.042
0 0.649 0.716 0.034 0.04
0 0.592 0.752 0.036 0.036
0 0.496 0.728 0.052 0.036
0 0.462 0.723 0.024 0.03
0 0.508 0.693 0.028 0.038
0 0.473 0.632 0.038 0.048
0 0.402 0.586 0.04 0.048
0 0.364 0.509 0.04 0.05
0 0.31 0.488 0.04 0.056
0 0.254 0.438 0.032 0.048
0 0.211 0.47 0.026 0.024
0 0.18 0.549 0.02 0.03
0 0.179 0.532 0.034 0.044
0 0.178 0.674 0.044 0.052
0 0.248 0.694 0.04 0.056
0 0.36 0.734 0.036 0.048
0 0.27 0.966 0.048 0.056
0 0.257 0.991 0.03 0.014
0 0.289 0.986 0.042 0.024
0 0.844 0.644 0.036 0.044
0 0.855 0.673 0.03 0.034
0 0.918 0.753 0.036 0.05
0 0.891 0.709 0.034 0.042
0 0.745 0.635 0.042 0.058
0 0.737 0.502 0.038 0.044
0 0.755 0.472 0.026 0.04
0 0.736 0.454 0.028 0.052
0 0.682 0.52 0.036 0.06
0 0.69 0.598 0.044 0.044
0 0.723 0.594 0.034 0.056
0 0.85 0.457 0.044 0.042
0 0.817 0.538 0.034 0.04
0 0.792 0.459 0.048 0.058
0 0.779 0.385 0.034 0.05
0 0.827 0.383 0.046 0.05
0 0.83 0.342 0.036 0.04
0 0.83 0.235 0.04 0.054
0 0.923 0.178 0.042 0.048
0 0.966 0.172 0.036 0.06
0 0.952 0.25 0.036 0.048
0 0.926 0.328 0.044 0.068
0 0.922 0.369 0.044 0.038
0 0.895 0.45 0.034 0.032
0 0.69 0.369 0.036 0.062
0 0.654 0.377 0.04 0.05
0 0.601 0.481 0.054 0.058
0 0.614 0.602 0.028 0.04
0 0.555 0.564 0.042 0.036
0 0.487 0.559 0.042 0.058
0 0.526 0.453 0.036 0.05
0 0.41 0.509 0.028 0.046
0 0.387 0.483 0.022 0.026
0 0.37 0.417 0.04 0.062
0 0.394 0.388 0.04 0.048
0 0.382 0.356 0.048 0.04
0 0.322 0.42 0.04 0.048
0 0.196 0.353 0.036 0.042
0 0.259 0.571 0.038 0.05
0 0.084 0.631 0.028 0.05
0 0.011 0.723 0.018 0.038
0 0.038 0.592 0.044 0.036
0 0.024 0.599 0.032 0.054
0 0.011 0.57 0.018 0.06
0 0.095 0.477 0.038 0.046
0 0.109 0.421 0.034 0.066
0 0.165 0.424 0.03 0.036
0 0.17 0.406 0.024 0.024
0 0.128 0.305 0.036 0.058
0 0.097 0.229 0.026 0.046
0 0.167 0.243 0.034 0.042
0 0.127 0.188 0.03 0.04
0 0.065 0.224 0.022 0.036
0 0.01 0.15 0.016 0.032
0 0.235 0.329 0.03 0.03
0 0.241 0.317 0.042 0.038
0 0.236 0.289 0.032 0.026
0 0.233 0.273 0.046 0.018
0 0.228 0.254 0.04 0.028
0 0.41 0.248 0.036 0.048
0 0.463 0.265 0.042 0.05
0 0.355 0.212 0.046 0.064
0 0.329 0.205 0.03 0.03
0 0.302 0.186 0.04 0.028
0 0.31 0.154 0.032 0.036
0 0.316 0.132 0.024 0.032
0 0.333 0.119 0.03 0.034
0 0.258 0.109 0.036 0.058
0 0.313 0.035 0.026 0.054
0 0.369 0.079 0.03 0.042
0 0.355 0.018 0.026 0.024
0 0.395 0.019 0.03 0.034
0 0.24 0.015 0.04 0.026
0 0.182 0.04 0.032 0.032
0 0.195 0.066 0.042 0.04
0 0.104 0.033 0.032 0.034
0 0.085 0.07 0.026 0.04
0 0.083 0.049 0.03 0.03
0 0.058 0.058 0.028 0.036
0 0.048 0.025 0.024 0.038
0 0.016 0.104 0.028 0.036
0 0.121 0.124 0.03 0.028
0 0.134 0.093 0.044 0.026
0 0.432 0.108 0.044 0.06
0 0.464 0.158 0.04 0.048
0 0.489 0.105 0.034 0.058
0 0.612 0.138 0.044 0.044
0 0.567 0.181 0.038 0.042
0 0.575 0.208 0.026 0.036
0 0.616 0.239 0.032 0.038
0 0.652 0.181 0.044 0.05
0 0.69 0.169 0.032 0.046
0 0.732 0.184 0.036 0.052
0 0.723 0.232 0.038 0.04
0 0.69 0.237 0.024 0.018
0 0.666 0.239 0.028 0.034
0 0.621 0.306 0.038 0.04
0 0.623 0.331 0.026 0.026
0 0.513 0.378 0.026 0.032
0 0.523 0.358 0.034 0.036
0 0.66 0.441 0.024 0.026
0 0.649 0.425 0.034 0.034
0 0.829 0.155 0.042 0.046
0 0.831 0.055 0.034 0.046
0 0.859 0.087 0.034 0.038
0 0.865 0.117 0.022 0.018
0 0.873 0.147 0.034 0.046
0 0.556 0.06 0.04 0.052
0 0.71 0.094 0.02 0.036
0 0.71 0.082 0.028 0.032
0 0.614 0.021 0.036 0.038
0 0.653 0.014 0.038 0.024
0 0.704 0.03 0.036 0.036
0 0.882 0.024 0.04 0.044
0 0.957 0.031 0.03 0.026
0 0.959 0.046 0.042 0.02
0 0.944 0.069 0.02 0.022
0 0.952 0.087 0.036 0.034
0 0.967 0.105 0.034 0.042
0 0.043 0.402 0.042 0.048
0 0.075 0.379 0.038 0.046
0 0.197 0.405 0.03 0.038
0 0.019 0.479 0.034 0.062
0 0.163 0.981 0.038 0.034
0 0.295 0.325 0.042 0.054
0 0.488 0.939 0.06 0.054
0 0.437 0.88 0.042 0.032
0 0.082 0.934 0.036 0.048
0 0.564 0.648 0.028 0.068
0 0.527 0.649 0.034 0.062
0 0.657 0.557 0.038 0.058
0 0.479 0.352 0.038 0.068
0 0.518 0.088 0.04 0.044
0 0.963 0.73 0.042 0.044
0 0.297 0.915 0.022 0.042
0 0.792 0.637 0.04 0.05
0 0.421 0.724 0.034 0.048
0 0.619 0.821 0.03 0.034
0 0.593 0.61 0.014 0.02
0 0.319 0.604 0.034 0.048
0 0.012 0.86 0.02 0.056
0 0.096 0.76 0.032 0.032
0 0.953 0.633 0.026 0.038
0 0.272 0.486 0.032 0.044
0 0.064 0.352 0.02 0.016
0 0.047 0.482 0.026 0.036
0 0.552 0.462 0.024 0.036
0 0.439 0.249 0.022 0.042
0 0.782 0.144 0.028 0.044
0 0.433 0.024 0.042 0.044
0 0.551 0.027 0.026 0.022
1 0.03 0.785 0.024 0.03
1 0.537 0.853 0.022 0.03
1 0.891 0.423 0.022 0.018
1 0.594 0.585 0.02 0.018
1 0.37 0.112 0.016 0.028
1 0.936 0.958 0.02 0.032
1 0.139 0.816 0.026 0.016
1 0.274 0.896 0.028 0.024
1 0.178 0.198 0.02 0.028
1 0.055 0.167 0.022 0.022
1 0.131 0.071 0.018 0.022
1 0.179 0.179 0.022 0.022
1 0.171 0.163 0.018 0.022
1 0.262 0.233 0.02 0.03
1 0.524 0.055 0.024 0.022
1 0.458 0.066 0.016 0.024
1 0.138 0.363 0.024 0.022
1 0.578 0.92 0.024 0.028
1 0.31 0.878 0.024 0.024
1 0.152 0.888 0.028 0.024
1 0.084 0.894 0.016 0.028
1 0.32 0.776 0.02 0.028
1 0.624 0.797 0.04 0.022
1 0.479 0.701 0.022 0.022
1 0.736 0.874 0.016 0.016
1 0.439 0.444 0.03 0.016
1 0.346 0.439 0.016 0.014
1 0.338 0.45 0.008 0.012
1 0.089 0.987 0.022 0.022
1 0.006 0.953 0.008 0.01
1 0.22 0.699 0.02 0.022
1 0.147 0.652 0.014 0.036
1 0.603 0.091 0.026 0.03
1 0.578 0.08 0.024 0.024
1 0.554 0.101 0.016 0.022
1 0.511 0.186 0.018 0.036
1 0.485 0.194 0.01 0.016
1 0.923 0.839 0.018 0.018
1 0.891 0.55 0.018 0.028
1 0.381 0.673 0.026 0.038
1 0.304 0.673 0.032 0.026
1 0.291 0.641 0.026 0.026
1 0.397 0.148 0.022 0.028
1 0.375 0.264 0.026 0.036
1 0.332 0.266 0.02 0.024
1 0.311 0.278 0.022 0.032
1 0.392 0.765 0.012 0.018
1 0.335 0.733 0.018 0.018
1 0.874 0.752 0.024 0.024
1 0.852 0.739 0.016 0.014
1 0.229 0.387 0.022 0.03
1 0.01 0.355 0.016 0.046
1 0.068 0.275 0.024 0.038
1 0.063 0.526 0.018 0.024
1 0.017 0.437 0.014 0.018
1 0.926 0.42 0.02 0.02
1 0.949 0.465 0.022 0.026
1 0.986 0.493 0.024 0.026
1 0.954 0.31 0.024 0.028
1 0.98 0.367 0.024 0.03
1 0.855 0.256 0.022 0.028
1 0.794 0.275 0.028 0.03
1 0.768 0.274 0.024 0.02
1 0.57 0.282 0.016 0.016
1 0.475 0.014 0.026 0.024
1 0.498 0.013 0.024 0.022
2 0.283 0.769 0.03 0.046
2 0.831 0.902 0.042 0.028
2 0.452 0.398 0.036 0.036
2 0.184 0.925 0.024 0.03
2 0.157 0.941 0.022 0.018
2 0.132 0.932 0.028 0.028
2 0.901 0.084 0.026 0.028
2 0.488 0.779 0.024 0.022
2 0.468 0.807 0.024 0.022
2 0.75 0.985 0.032 0.026
2 0.621 0.622 0.018 0.028
2 0.517 0.577 0.026 0.054
2 0.39 0.556 0.028 0.02
2 0.14 0.399 0.02 0.03
2 0.126 0.382 0.02 0.012
2 0.823 0.476 0.022 0.044
2 0.22 0.497 0.02 0.022
2 0.169 0.466 0.018 0.016
2 0.718 0.281 0.024 0.026
2 0.15 0.014 0.024 0.024
2 0.754 0.033 0.024 0.034
2 0.808 0.049 0.016 0.018
2 0.278 0.073 0.028 0.038
2 0.282 0.036 0.02 0.028