0 0.099 0.136 0.042 0.044
0 0.041 0.089 0.038 0.042
0 0.045 0.039 0.062 0.042
0 0.056 0.011 0.052 0.022
0 0.08 0.053 0.056 0.042
0 0.09 0.07 0.048 0.028
0 0.115 0.027 0.042 0.046
0 0.108 0.003 0.02 0.006
0 0.022 0.178 0.044 0.044
0 0.075 0.177 0.05 0.05
0 0.138 0.098 0.044 0.04
0 0.191 0.109 0.046 0.038
0 0.175 0.032 0.042 0.04
0 0.208 0.039 0.048 0.062
0 0.247 0.018 0.042 0.036
0 0.276 0.069 0.036 0.034
0 0.266 0.168 0.044 0.04
0 0.284 0.14 0.036 0.036
0 0.236 0.189 0.036 0.038
0 0.273 0.196 0.046 0.036
0 0.226 0.194 0.024 0.028
0 0.253 0.072 0.014 0.028
0 0.238 0.252 0.056 0.056
0 0.209 0.229 0.034 0.042
0 0.106 0.249 0.04 0.046
0 0.064 0.292 0.048 0.06
0 0.024 0.253 0.044 0.042
0 0.2 0.268 0.044 0.048
0 0.106 0.369 0.04 0.058
0 0.014 0.481 0.028 0.058
0 0.011 0.55 0.022 0.064
0 0.047 0.571 0.042 0.046
0 0.04 0.546 0.024 0.024
0 0.149 0.414 0.038 0.064
0 0.16 0.365 0.048 0.03
0 0.107 0.593 0.042 0.046
0 0.138 0.543 0.04 0.054
0 0.088 0.656 0.044 0.044
0 0.178 0.502 0.044 0.056
0 0.067 0.586 0.046 0.06
0 0.201 0.647 0.05 0.07
0 0.171 0.647 0.026 0.054
0 0.032 0.768 0.032 0.052
0 0.013 0.842 0.026 0.048
0 0.058 0.984 0.04 0.028
0 0.042 0.947 0.04 0.054
0 0.094 0.785 0.04 0.066
0 0.165 0.748 0.042 0.064
0 0.409 0.457 0.046 0.058
0 0.322 0.354 0.04 0.048
0 0.668 0.377 0.036 0.042
0 0.341 0.419 0.038 0.054
0 0.35 0.291 0.044 0.054
0 0.412 0.295 0.052 0.046
0 0.504 0.26 0.048 0.056
0 0.613 0.269 0.046 0.046
0 0.617 0.327 0.034 0.042
0 0.603 0.309 0.038 0.03
0 0.579 0.341 0.046 0.058
0 0.422 0.322 0.044 0.04
0 0.541 0.432 0.038 0.052
0 0.437 0.41 0.042 0.044
0 0.686 0.374 0.028 0.06
0 0.755 0.369 0.042 0.042
0 0.777 0.325 0.05 0.05
0 0.846 0.309 0.04 0.066
0 0.767 0.269 0.042 0.046
0 0.93 0.341 0.044 0.046
0 0.95 0.334 0.032 0.048
0 0.332 0.19 0.04 0.036
0 0.257 0.295 0.038 0.038
0 0.265 0.275 0.026 0.022
0 0.355 0.008 0.046 0.016
0 0.268 0.542 0.052 0.044
0 0.257 0.487 0.066 0.038
0 0.27 0.779 0.048 0.07
0 0.285 0.466 0.046 0.032
0 0.242 0.513 0.04 0.034
0 0.365 0.473 0.03 0.058
0 0.337 0.546 0.054 0.044
0 0.376 0.553 0.044 0.05
0 0.316 0.702 0.04 0.056
0 0.225 0.894 0.038 0.052
0 0.289 0.898 0.042 0.048
0 0.161 0.979 0.042 0.038
0 0.2 0.891 0.032 0.046
0 0.318 0.88 0.044 0.052
0 0.348 0.975 0.04 0.046
0 0.391 0.934 0.034 0.044
0 0.364 0.836 0.036 0.06
0 0.447 0.489 0.046 0.058
0 0.487 0.5 0.042 0.052
0 0.449 0.595 0.042 0.038
0 0.481 0.583 0.038 0.042
0 0.36 0.71 0.036 0.064
0 0.356 0.802 0.04 0.04
0 0.411 0.98 0.042 0.036
0 0.439 0.666 0.042 0.056
0 0.466 0.668 0.04 0.052
0 0.446 0.764 0.044 0.04
0 0.426 0.865 0.032 0.042
0 0.449 0.91 0.038 0.044
0 0.467 0.963 0.034 0.046
0 0.47 0.836 0.048 0.056
0 0.542 0.679 0.052 0.042
0 0.538 0.849 0.044 0.054
0 0.503 0.873 0.038 0.038
0 0.524 0.918 0.036 0.048
0 0.55 0.897 0.04 0.058
0 0.567 0.925 0.046 0.038
0 0.584 0.98 0.028 0.028
0 0.577 0.825 0.046 0.054
0 0.59 0.779 0.04 0.026
0 0.602 0.842 0.036 0.044
0 0.634 0.83 0.036 0.056
0 0.694 0.966 0.04 0.036
0 0.747 0.898 0.054 0.04
0 0.808 0.985 0.036 0.026
0 0.542 0.542 0.044 0.068
0 0.597 0.659 0.05 0.05
0 0.635 0.617 0.046 0.046
0 0.677 0.72 0.038 0.048
0 0.703 0.567 0.046 0.05
0 0.764 0.579 0.028 0.034
0 0.734 0.65 0.036 0.048
0 0.714 0.764 0.04 0.048
0 0.744 0.85 0.04 0.048
0 0.634 0.476 0.04 0.056
0 0.641 0.436 0.034 0.036
0 0.715 0.361 0.038 0.046
0 0.845 0.465 0.042 0.046
0 0.773 0.812 0.026 0.036
0 0.792 0.844 0.044 0.044
0 0.804 0.91 0.032 0.032
0 0.813 0.797 0.042 0.058
0 0.85 0.783 0.048 0.046
0 0.7 0.482 0.044 0.052
0 0.681 0.496 0.03 0.044
0 0.73 0.457 0.032 0.03
0 0.78 0.52 0.04 0.056
0 0.887 0.84 0.042 0.048
0 0.907 0.951 0.034 0.05
0 0.931 0.942 0.05 0.052
0 0.934 0.984 0.036 0.028
0 0.978 0.925 0.028 0.042
0 0.957 0.875 0.046 0.054
0 0.874 0.742 0.056 0.052
0 0.945 0.911 0.046 0.026
0 0.928 0.773 0.036 0.05
0 0.909 0.794 0.038 0.048
0 0.963 0.778 0.03 0.032
0 0.884 0.693 0.044 0.054
0 0.891 0.596 0.034 0.048
0 0.934 0.674 0.044 0.048
0 0.869 0.658 0.03 0.032
0 0.982 0.706 0.032 0.048
0 0.993 0.725 0.01 0.03
0 0.845 0.592 0.034 0.052
0 0.883 0.576 0.022 0.032
0 0.858 0.516 0.036 0.052
0 0.497 0.38 0.034 0.04
0 0.931 0.465 0.05 0.054
0 0.971 0.463 0.042 0.058
0 0.963 0.547 0.042 0.046
0 0.983 0.537 0.03 0.062
0 0.459 0.045 0.042 0.062
0 0.513 0.04 0.042 0.048
0 0.564 0.019 0.052 0.03
0 0.587 0.08 0.05 0.044
0 0.808 0.403 0.028 0.03
0 0.775 0.223 0.046 0.046
0 0.923 0.277 0.046 0.058
0 0.421 0.185 0.034 0.05
0 0.529 0.12 0.038 0.044
0 0.677 0.218 0.054 0.048
0 0.617 0.017 0.054 0.034
0 0.911 0.179 0.046 0.054
0 0.924 0.195 0.044 0.054
0 0.934 0.431 0.032 0.034
0 0.915 0.103 0.038 0.058
0 0.984 0.215 0.028 0.058
0 0.967 0.103 0.034 0.042
0 0.869 0.101 0.038 0.026
0 0.889 0.083 0.022 0.03
0 0.865 0.041 0.042 0.05
0 0.927 0.025 0.046 0.05
0 0.631 0.165 0.054 0.046
0 0.604 0.148 0.028 0.048
0 0.301 0.271 0.038 0.026
0 0.375 0.224 0.042 0.052
0 0.479 0.178 0.05 0.052
0 0.491 0.096 0.046 0.036
0 0.529 0.092 0.046 0.06
0 0.531 0.2 0.042 0.052
0 0.629 0.082 0.046 0.052
0 0.671 0.017 0.046 0.034
0 0.708 0.021 0.036 0.042
0 0.736 0.065 0.04 0.05
0 0.984 0.057 0.028 0.038
0 0.73 0.119 0.052 0.058
0 0.781 0.027 0.05 0.038
0 0.581 0.286 0.038 0.028
0 0.381 0.633 0.042 0.07
0 0.878 0.299 0.04 0.074
1 0.031 0.436 0.022 0.028
1 0.03 0.453 0.024 0.018
1 0.163 0.337 0.034 0.014
1 0.191 0.525 0.038 0.03
1 0.027 0.796 0.03 0.032
1 0.008 0.887 0.016 0.046
1 0.205 0.503 0.026 0.042
1 0.193 0.469 0.022 0.038
1 0.015 0.806 0.03 0.028
1 0.269 0.99 0.038 0.016
1 0.35 0.863 0.028 0.022
1 0.337 0.624 0.022 0.028
1 0.45 0.629 0.028 0.03
1 0.461 0.928 0.03 0.028
1 0.485 0.989 0.038 0.018
1 0.559 0.799 0.03 0.022
1 0.611 0.828 0.022 0.032
1 0.656 0.919 0.024 0.03
1 0.667 0.991 0.038 0.014
1 0.734 0.975 0.032 0.03
1 0.783 0.991 0.038 0.014
1 0.712 0.594 0.024 0.02
1 0.837 0.754 0.026 0.016
1 0.883 0.99 0.042 0.016
1 0.944 0.978 0.036 0.028
1 0.987 0.988 0.022 0.02
1 0.992 0.965 0.012 0.038
1 0.975 0.797 0.026 0.018
1 0.99 0.814 0.016 0.052
1 0.937 0.699 0.046 0.026
1 0.824 0.592 0.024 0.028
1 0.82 0.56 0.024 0.04
1 0.897 0.553 0.03 0.026
1 0.822 0.427 0.024 0.022
1 0.808 0.438 0.028 0.02
1 0.79 0.007 0.04 0.014
1 0.841 0.14 0.03 0.028
1 0.853 0.148 0.03 0.032
1 0.868 0.08 0.024 0.024
1 0.796 0.056 0.028 0.024
1 0.793 0.042 0.03 0.02
1 0.436 0.004 0.028 0.008
1 0.009 0.009 0.018 0.018
1 0.223 0.364 0.022 0.036
1 0.207 0.397 0.022 0.03
1 0.289 0.94 0.022 0.032
1 0.544 0.645 0.036 0.026
1 0.567 0.629 0.026 0.03
1 0.645 0.871 0.03 0.026
1 0.814 0.733 0.028 0.018
1 0.859 0.197 0.03 0.034
1 0.668 0.178 0.028 0.024
1 0.404 0.364 0.036 0.028
1 0.346 0.055 0.028 0.026
2 0.235 0.163 0.018 0.026
2 0.013 0.149 0.026 0.046
2 0.014 0.306 0.028 0.044
2 0.101 0.52 0.034 0.024
2 0.145 0.346 0.026 0.024
2 0.209 0.327 0.054 0.07
2 0.052 0.709 0.028 0.034
2 0.095 0.693 0.042 0.034
2 0.199 0.604 0.05 0.044
2 0.182 0.804 0.048 0.06
2 0.148 0.872 0.036 0.032
2 0.921 0.319 0.022 0.018
2 0.248 0.343 0.032 0.038
2 0.063 0.397 0.05 0.042
2 0.1 0.553 0.036 0.042
2 0.172 0.696 0.044 0.044
2 0.119 0.733 0.042 0.046
2 0.12 0.803 0.032 0.03
2 0.225 0.967 0.05 0.038
2 0.218 0.987 0.06 0.022
2 0.233 0.571 0.038 0.042
2 0.3 0.771 0.028 0.054
2 0.342 0.608 0.036 0.072
2 0.385 0.688 0.058 0.052
2 0.332 0.672 0.032 0.032
2 0.323 0.832 0.038 0.056
2 0.193 0.934 0.034 0.036
2 0.083 0.928 0.042 0.064
2 0.13 0.979 0.028 0.026
2 0.133 0.95 0.034 0.044
2 0.247 0.809 0.03 0.034
2 0.248 0.838 0.028 0.032
2 0.286 0.868 0.02 0.024
2 0.073 0.745 0.022 0.03
2 0.049 0.767 0.018 0.018
2 0.253 0.662 0.022 0.016
2 0.385 0.754 0.054 0.084
2 0.349 0.574 0.022 0.024
2 0.051 0.503 0.026 0.03
2 0.258 0.573 0.02 0.022
2 0.411 0.553 0.03 0.034
2 0.338 0.507 0.044 0.046
2 0.419 0.521 0.046 0.034
2 0.489 0.541 0.038 0.03
2 0.455 0.74 0.046 0.04
2 0.431 0.78 0.034 0.048
2 0.513 0.765 0.058 0.066
2 0.594 0.737 0.052 0.038
2 0.509 0.952 0.05 0.044
2 0.486 0.899 0.032 0.042
2 0.601 0.959 0.026 0.034
2 0.646 0.978 0.032 0.04
2 0.712 0.885 0.044 0.042
2 0.716 0.914 0.02 0.024
2 0.809 0.948 0.046 0.036
2 0.772 0.955 0.032 0.018
2 0.721 0.802 0.05 0.04
2 0.644 0.758 0.048 0.052
2 0.525 0.473 0.046 0.054
2 0.56 0.461 0.04 0.066
2 0.59 0.456 0.024 0.048
2 0.694 0.445 0.028 0.026
2 0.783 0.619 0.03 0.038
2 0.725 0.734 0.062 0.06
2 0.781 0.737 0.038 0.026
2 0.816 0.762 0.028 0.02
2 0.85 0.821 0.024 0.034
2 0.9 0.885 0.036 0.05
2 0.872 0.952 0.04 0.048
2 0.97 0.61 0.036 0.044
2 0.489 0.351 0.022 0.018
2 0.602 0.045 0.016 0.026
2 0.882 0.159 0.036 0.034
2 0.813 0.295 0.034 0.034
2 0.857 0.394 0.05 0.068
2 0.953 0.264 0.038 0.06
2 0.915 0.247 0.05 0.03
2 0.822 0.201 0.032 0.042
2 0.394 0.216 0.036 0.056
2 0.473 0.138 0.026 0.032
2 0.449 0.133 0.03 0.034
2 0.692 0.174 0.02 0.032
2 0.356 0.033 0.04 0.034
2 0.813 0.039 0.026 0.038
2 0.84 0.028 0.028 0.028
2 0.76 0.005 0.036 0.01
2 0.42 0.271 0.036 0.034
2 0.452 0.369 0.04 0.026
2 0.295 0.249 0.038 0.034
2 0.384 0.029 0.024 0.03
2 0.136 0.066 0.02 0.032
2 0.185 0.08 0.018 0.024
2 0.675 0.06 0.034 0.048
2 0.367 0.169 0.022 0.018
2 0.192 0.191 0.024 0.034
2 0.496 0.154 0.016 0.02
2 0.256 0.456 0.016 0.02