0 0.844 0.087 0.076 0.058
0 0.943 0.132 0.094 0.052
0 0.845 0.152 0.058 0.036
0 0.843 0.204 0.062 0.036
0 0.645 0.033 0.062 0.05
0 0.697 0.083 0.07 0.05
0 0.615 0.119 0.066 0.054
0 0.536 0.031 0.048 0.038
0 0.981 0.035 0.034 0.054
0 0.965 0.02 0.038 0.036
0 0.407 0.025 0.054 0.042
0 0.315 0.056 0.05 0.044
0 0.47 0.089 0.076 0.038
0 0.403 0.073 0.046 0.034
0 0.388 0.047 0.052 0.034
0 0.148 0.021 0.044 0.042
0 0.083 0.079 0.042 0.038
0 0.054 0.053 0.04 0.046
0 0.678 0.166 0.056 0.04
0 0.489 0.185 0.058 0.046
0 0.03 0.014 0.04 0.028
0 0.023 0.004 0.03 0.008
0 0.174 0.08 0.052 0.048
0 0.017 0.097 0.03 0.058
0 0.026 0.204 0.048 0.04
0 0.582 0.192 0.032 0.04
0 0.547 0.197 0.046 0.05
0 0.671 0.229 0.062 0.046
0 0.703 0.279 0.074 0.07
0 0.74 0.307 0.06 0.05
0 0.814 0.338 0.06 0.044
0 0.34 0.163 0.048 0.034
0 0.296 0.205 0.06 0.038
0 0.177 0.171 0.05 0.046
0 0.133 0.144 0.05 0.048
0 0.239 0.201 0.03 0.062
0 0.199 0.204 0.046 0.04
0 0.922 0.198 0.064 0.04
0 0.907 0.264 0.074 0.044
0 0.975 0.355 0.046 0.046
0 0.97 0.445 0.056 0.046
0 0.57 0.34 0.08 0.028
0 0.841 0.379 0.058 0.038
0 0.818 0.416 0.068 0.036
0 0.9 0.441 0.064 0.054
0 0.623 0.431 0.066 0.062
0 0.703 0.456 0.046 0.032
0 0.616 0.474 0.056 0.036
0 0.477 0.349 0.03 0.038
0 0.255 0.29 0.058 0.056
0 0.306 0.35 0.056 0.04
0 0.118 0.321 0.044 0.038
0 0.105 0.36 0.042 0.032
0 0.108 0.403 0.048 0.03
0 0.09 0.42 0.028 0.04
0 0.022 0.41 0.04 0.052
0 0.017 0.353 0.03 0.038
0 0.325 0.406 0.07 0.044
0 0.255 0.433 0.074 0.03
0 0.183 0.359 0.074 0.034
0 0.243 0.503 0.034 0.046
0 0.189 0.507 0.05 0.046
0 0.372 0.462 0.06 0.048
0 0.342 0.488 0.052 0.048
0 0.124 0.471 0.044 0.034
0 0.109 0.539 0.034 0.038
0 0.15 0.604 0.044 0.036
0 0.392 0.562 0.052 0.032
0 0.432 0.416 0.056 0.056
0 0.408 0.412 0.036 0.028
0 0.354 0.605 0.056 0.03
0 0.285 0.61 0.042 0.048
0 0.505 0.419 0.03 0.046
0 0.488 0.44 0.036 0.028
0 0.101 0.651 0.046 0.03
0 0.054 0.669 0.036 0.034
0 0.35 0.655 0.052 0.042
0 0.296 0.705 0.06 0.046
0 0.261 0.739 0.042 0.03
0 0.598 0.573 0.044 0.046
0 0.576 0.619 0.056 0.042
0 0.539 0.547 0.066 0.05
0 0.975 0.54 0.046 0.044
0 0.825 0.58 0.074 0.068
0 0.694 0.615 0.068 0.054
0 0.795 0.803 0.058 0.042
0 0.464 0.709 0.068 0.054
0 0.708 0.807 0.048 0.05
0 0.647 0.797 0.074 0.062
0 0.57 0.7 0.06 0.044
0 0.645 0.871 0.074 0.05
0 0.666 0.906 0.056 0.048
0 0.889 0.77 0.05 0.06
0 0.811 0.753 0.054 0.054
0 0.747 0.76 0.046 0.04
0 0.809 0.863 0.066 0.054
0 0.913 0.821 0.058 0.042
0 0.912 0.892 0.064 0.04
0 0.524 0.814 0.076 0.052
0 0.33 0.755 0.048 0.054
0 0.187 0.723 0.042 0.058
0 0.16 0.718 0.024 0.036
0 0.473 0.932 0.066 0.056
0 0.449 0.972 0.058 0.044
0 0.323 0.959 0.046 0.05
0 0.155 0.82 0.05 0.044
0 0.174 0.784 0.032 0.036
0 0.021 0.659 0.038 0.066
0 0.238 0.804 0.036 0.04
0 0.141 0.702 0.042 0.04
0 0.189 0.841 0.042 0.03
0 0.136 0.886 0.044 0.036
0 0.064 0.722 0.044 0.04
0 0.014 0.833 0.024 0.038
0 0.019 0.9 0.034 0.048
0 0.022 0.722 0.024 0.036
0 0.204 0.955 0.056 0.042
0 0.16 0.965 0.036 0.03
0 0.872 0.952 0.048 0.036
0 0.502 0.611 0.036 0.046
0 0.522 0.73 0.052 0.052
0 0.5 0.693 0.04 0.042
0 0.545 0.905 0.054 0.042
0 0.431 0.901 0.034 0.046
0 0.717 0.951 0.066 0.05
1 0.561 0.101 0.026 0.026
1 0.568 0.016 0.024 0.032
1 0.505 0.008 0.026 0.016
1 0.88 0.022 0.024 0.028
1 0.091 0.032 0.022 0.048
1 0.072 0.144 0.024 0.028
1 0.068 0.113 0.024 0.022
1 0.485 0.226 0.018 0.024
1 0.865 0.283 0.018 0.03
1 0.806 0.295 0.024 0.03
1 0.375 0.153 0.022 0.026
1 0.128 0.192 0.024 0.024
1 0.905 0.401 0.026 0.018
1 0.784 0.473 0.04 0.022
1 0.014 0.165 0.024 0.038
1 0.025 0.246 0.018 0.04
1 0.353 0.384 0.03 0.016
1 0.238 0.399 0.028 0.018
1 0.169 0.391 0.03 0.026
1 0.248 0.473 0.024 0.014
1 0.062 0.562 0.02 0.036
1 0.358 0.555 0.028 0.034
1 0.958 0.636 0.036 0.02
1 0.906 0.603 0.04 0.03
1 0.859 0.649 0.038 0.018
1 0.803 0.677 0.046 0.026
1 0.713 0.737 0.022 0.022
1 0.875 0.876 0.03 0.024
1 0.373 0.691 0.03 0.026
1 0.394 0.732 0.024 0.028
1 0.372 0.75 0.016 0.024
1 0.365 0.767 0.01 0.026
1 0.404 0.374 0.028 0.02
1 0.35 0.938 0.016 0.02
1 0.33 0.879 0.032 0.018
1 0.274 0.877 0.028 0.026
1 0.106 0.891 0.016 0.03
1 0.085 0.893 0.022 0.03
1 0.075 0.868 0.014 0.02
1 0.045 0.808 0.026 0.02
1 0.132 0.94 0.044 0.02
1 0.664 0.754 0.036 0.024
1 0.975 0.234 0.022 0.028
1 0.933 0.282 0.022 0.02
1 0.914 0.306 0.02 0.036
1 0.846 0.541 0.016 0.022
1 0.855 0.557 0.014 0.018
1 0.902 0.511 0.024 0.026
1 0.98 0.67 0.036 0.028
1 0.407 0.677 0.038 0.026
1 0.43 0.809 0.032 0.026
1 0.584 0.927 0.028 0.026
1 0.562 0.85 0.02 0.016
1 0.473 0.848 0.026 0.024
1 0.633 0.947 0.058 0.022
2 0.629 0.086 0.018 0.02
2 0.105 0.193 0.01 0.022
2 0.716 0.387 0.02 0.03
2 0.678 0.36 0.024 0.028
2 0.201 0.419 0.03 0.034
2 0.181 0.417 0.01 0.01
2 0.151 0.417 0.022 0.014
2 0.791 0.549 0.046 0.054
2 0.272 0.95 0.028 0.016
2 0.051 0.971 0.03 0.03
2 0.014 0.955 0.024 0.022
2 0.871 0.534 0.034 0.032
2 0.944 0.667 0.028 0.034
2 0.747 0.677 0.062 0.046
2 0.621 0.722 0.042 0.032
2 0.378 0.916 0.02 0.024
2 0.311 0.904 0.018 0.02
2 0.319 0.909 0.01 0.01
2 0.33 0.903 0.016 0.014
2 0.25 0.718 0.016 0.028
2 0.189 0.664 0.014 0.012
2 0.308 0.513 0.02 0.01