0 0.632 0.366 0.04 0.044
0 0.957 0.046 0.042 0.048
0 0.706 0.223 0.024 0.018
0 0.736 0.109 0.04 0.046
0 0.716 0.077 0.036 0.046
0 0.297 0.318 0.046 0.052
0 0.945 0.163 0.03 0.03
0 0.579 0.597 0.034 0.03
0 0.887 0.529 0.038 0.038
0 0.739 0.941 0.038 0.046
0 0.919 0.627 0.034 0.042
0 0.381 0.798 0.034 0.036
0 0.89 0.082 0.048 0.048
0 0.858 0.104 0.048 0.056
0 0.871 0.166 0.034 0.036
0 0.812 0.176 0.036 0.036
0 0.807 0.193 0.05 0.062
0 0.893 0.295 0.034 0.038
0 0.802 0.29 0.048 0.036
0 0.614 0.151 0.032 0.05
0 0.776 0.414 0.04 0.04
0 0.723 0.576 0.034 0.036
0 0.288 0.381 0.036 0.062
0 0.222 0.373 0.04 0.07
0 0.73 0.684 0.04 0.052
0 0.688 0.643 0.044 0.034
0 0.62 0.649 0.056 0.05
0 0.575 0.551 0.022 0.018
0 0.598 0.261 0.06 0.046
0 0.577 0.276 0.05 0.036
0 0.868 0.413 0.036 0.038
0 0.33 0.107 0.056 0.062
0 0.976 0.465 0.044 0.07
0 0.42 0.344 0.048 0.056
0 0.476 0.301 0.044 0.05
0 0.387 0.235 0.042 0.05
0 0.776 0.469 0.036 0.054
0 0.893 0.501 0.034 0.03
0 0.791 0.529 0.038 0.038
0 0.862 0.7 0.036 0.04
0 0.869 0.76 0.03 0.044
0 0.828 0.776 0.044 0.052
0 0.822 0.807 0.044 0.026
0 0.707 0.47 0.054 0.048
0 0.678 0.452 0.04 0.048
0 0.781 0.815 0.042 0.042
0 0.771 0.868 0.03 0.02
0 0.75 0.846 0.04 0.032
0 0.746 0.817 0.036 0.03
0 0.89 0.367 0.036 0.042
0 0.919 0.371 0.026 0.026
0 0.926 0.346 0.04 0.048
0 0.967 0.34 0.026 0.032
0 0.874 0.465 0.04 0.026
0 0.854 0.501 0.036 0.034
0 0.674 0.186 0.064 0.06
0 0.785 0.255 0.042 0.038
0 0.974 0.621 0.036 0.034
0 0.896 0.963 0.032 0.038
0 0.859 0.578 0.03 0.044
0 0.847 0.654 0.03 0.036
0 0.614 0.08 0.048 0.06
0 0.698 0.009 0.048 0.018
0 0.807 0.007 0.03 0.014
0 0.466 0.115 0.056 0.058
0 0.242 0.019 0.056 0.034
0 0.186 0.04 0.044 0.076
0 0.059 0.007 0.03 0.01
0 0.01 0.059 0.016 0.054
0 0.035 0.099 0.022 0.034
0 0.013 0.154 0.022 0.048
0 0.018 0.203 0.032 0.038
0 0.026 0.302 0.044 0.056
0 0.282 0.148 0.06 0.072
0 0.265 0.232 0.042 0.048
0 0.225 0.208 0.03 0.032
0 0.225 0.148 0.05 0.052
0 0.1 0.207 0.048 0.058
0 0.21 0.236 0.06 0.068
0 0.922 0.76 0.036 0.04
0 0.899 0.855 0.042 0.05
0 0.981 0.788 0.03 0.036
0 0.979 0.739 0.038 0.054
0 0.98 0.898 0.036 0.036
0 0.949 0.889 0.05 0.046
0 0.98 0.938 0.036 0.048
0 0.961 0.972 0.034 0.032
0 0.857 0.986 0.038 0.024
0 0.912 0.995 0.024 0.006
0 0.814 0.476 0.036 0.044
0 0.836 0.408 0.024 0.048
0 0.981 0.325 0.034 0.042
0 0.512 0.019 0.056 0.038
0 0.459 0.029 0.046 0.054
0 0.514 0.054 0.02 0.024
0 0.553 0.077 0.03 0.034
0 0.554 0.121 0.04 0.062
0 0.799 0.115 0.03 0.05
0 0.641 0.038 0.054 0.056
0 0.634 0.208 0.032 0.032
0 0.585 0.88 0.038 0.036
0 0.469 0.769 0.034 0.038
0 0.466 0.817 0.044 0.038
0 0.459 0.849 0.03 0.042
0 0.401 0.83 0.034 0.024
0 0.34 0.799 0.032 0.03
0 0.338 0.868 0.052 0.084
0 0.39 0.903 0.036 0.038
0 0.439 0.943 0.034 0.038
0 0.218 0.94 0.036 0.052
0 0.204 0.846 0.036 0.036
0 0.254 0.801 0.04 0.046
0 0.189 0.887 0.054 0.05
0 0.551 0.931 0.034 0.034
0 0.581 0.93 0.03 0.032
0 0.527 0.141 0.066 0.074
0 0.473 0.196 0.038 0.056
0 0.448 0.205 0.028 0.038
0 0.445 0.293 0.026 0.03
0 0.454 0.329 0.048 0.046
0 0.523 0.428 0.038 0.04
0 0.603 0.467 0.022 0.034
0 0.787 0.648 0.042 0.04
0 0.746 0.621 0.036 0.038
0 0.707 0.614 0.046 0.044
0 0.643 0.834 0.034 0.036
0 0.612 0.807 0.036 0.038
0 0.566 0.807 0.028 0.026
0 0.534 0.873 0.032 0.038
0 0.423 0.852 0.034 0.032
0 0.422 0.878 0.028 0.024
0 0.424 0.913 0.036 0.03
0 0.364 0.951 0.04 0.026
0 0.636 0.99 0.04 0.016
0 0.559 0.995 0.026 0.006
0 0.552 0.968 0.044 0.032
0 0.486 0.98 0.032 0.036
0 0.645 0.951 0.026 0.042
0 0.62 0.934 0.036 0.036
0 0.513 0.955 0.026 0.022
0 0.444 0.97 0.028 0.02
0 0.365 0.993 0.026 0.01
0 0.3 0.883 0.036 0.046
0 0.17 0.98 0.048 0.036
0 0.121 0.994 0.026 0.008
0 0.041 0.977 0.058 0.042
0 0.469 0.701 0.042 0.046
0 0.472 0.645 0.04 0.054
0 0.511 0.615 0.038 0.042
0 0.626 0.601 0.036 0.042
0 0.522 0.587 0.024 0.03
0 0.421 0.634 0.038 0.044
0 0.943 0.806 0.046 0.044
0 0.649 0.741 0.034 0.034
0 0.443 0.424 0.054 0.06
0 0.387 0.474 0.022 0.016
0 0.395 0.502 0.046 0.032
0 0.362 0.506 0.036 0.036
0 0.237 0.518 0.046 0.044
0 0.217 0.536 0.03 0.024
0 0.155 0.393 0.046 0.07
0 0.099 0.376 0.034 0.052
0 0.377 0.04 0.038 0.028
0 0.984 0.217 0.028 0.046
0 0.992 0.158 0.012 0.028
0 0.755 0.192 0.034 0.052
0 0.182 0.768 0.036 0.048
0 0.098 0.834 0.04 0.04
0 0.073 0.852 0.042 0.052
0 0.032 0.843 0.04 0.046
0 0.005 0.788 0.006 0.024
0 0.024 0.667 0.044 0.066
0 0.015 0.71 0.026 0.048
0 0.125 0.739 0.058 0.05
0 0.1 0.667 0.048 0.058
0 0.17 0.664 0.036 0.048
0 0.225 0.672 0.046 0.048
0 0.234 0.724 0.04 0.048
0 0.262 0.712 0.04 0.036
0 0.179 0.586 0.038 0.052
0 0.074 0.525 0.044 0.042
0 0.086 0.573 0.052 0.046
0 0.321 0.732 0.038 0.052
0 0.159 0.93 0.026 0.032
0 0.021 0.935 0.034 0.034
0 0.015 0.892 0.026 0.06
0 0.324 0.974 0.044 0.036
0 0.703 0.714 0.062 0.064
0 0.542 0.715 0.052 0.05
0 0.541 0.673 0.05 0.07
0 0.335 0.559 0.042 0.054
0 0.55 0.567 0.02 0.038
0 0.478 0.538 0.044 0.04
0 0.463 0.606 0.042 0.036
0 0.301 0.65 0.058 0.052
0 0.964 0.548 0.028 0.032
0 0.933 0.581 0.046 0.038
0 0.785 0.386 0.026 0.036
0 0.73 0.267 0.052 0.038
0 0.505 0.263 0.03 0.03
0 0.362 0.32 0.052 0.052
0 0.109 0.134 0.042 0.028
0 0.053 0.147 0.03 0.046
0 0.084 0.333 0.028 0.03
0 0.735 0.889 0.038 0.034
0 0.784 0.749 0.028 0.046
0 0.687 0.503 0.03 0.03
0 0.679 0.529 0.026 0.014
0 0.549 0.536 0.034 0.024
0 0.53 0.504 0.036 0.04
0 0.373 0.383 0.034 0.034
0 0.809 0.326 0.046 0.028
0 0.969 0.289 0.026 0.022
0 0.589 0.444 0.03 0.028
0 0.565 0.465 0.034 0.034
0 0.547 0.623 0.022 0.014
0 0.495 0.722 0.026 0.036
0 0.628 0.768 0.036 0.028
0 0.346 0.719 0.032 0.038
0 0.407 0.074 0.042 0.028
0 0.372 0.086 0.04 0.032
0 0.019 0.376 0.034 0.064
0 0.215 0.577 0.034 0.038
0 0.178 0.554 0.032 0.032
0 0.9 0.208 0.036 0.064
0 0.854 0.069 0.024 0.03
1 0.238 0.823 0.016 0.022
1 0.064 0.172 0.024 0.028
1 0.987 0.972 0.022 0.02
1 0.285 0.923 0.026 0.022
1 0.263 0.939 0.014 0.026
1 0.874 0.854 0.012 0.032
1 0.863 0.869 0.014 0.034
1 0.287 0.971 0.026 0.022
1 0.357 0.148 0.03 0.02
1 0.964 0.251 0.012 0.034
1 0.533 0.463 0.014 0.01
1 0.985 0.68 0.022 0.02
1 0.27 0.5 0.024 0.024
1 0.543 0.329 0.03 0.03
1 0.953 0.223 0.026 0.034
1 0.784 0.6 0.032 0.028
1 0.676 0.894 0.028 0.032
1 0.393 0.717 0.014 0.014
1 0.29 0.185 0.028 0.018
1 0.14 0.616 0.012 0.016
1 0.125 0.613 0.01 0.01
1 0.116 0.588 0.02 0.02
1 0.936 0.438 0.012 0.02
1 0.529 0.255 0.014 0.026
1 0.949 0.315 0.006 0.01
1 0.985 0.995 0.022 0.006
1 0.89 0.619 0.012 0.014
1 0.501 0.572 0.022 0.02
1 0.688 0.779 0.032 0.046
1 0.622 0.066 0.048 0.052
1 0.369 0.692 0.03 0.036
1 0.366 0.657 0.024 0.034
1 0.349 0.625 0.042 0.026
2 0.574 0.84 0.032 0.028
2 0.146 0.474 0.048 0.048
2 0.028 0.43 0.052 0.04
2 0.094 0.463 0.036 0.03
2 0.255 0.589 0.042 0.03
2 0.429 0.517 0.026 0.026
2 0.729 0.336 0.03 0.02
2 0.164 0.312 0.016 0.016
2 0.136 0.303 0.024 0.022
2 0.777 0.089 0.022 0.026
2 0.763 0.066 0.01 0.012
2 0.739 0.055 0.018 0.018
2 0.971 0.084 0.022 0.012
2 0.874 0.278 0.016 0.016
2 0.937 0.41 0.022 0.036
2 0.715 0.528 0.022 0.02
2 0.377 0.752 0.026 0.024
2 0.376 0.842 0.04 0.02
2 0.125 0.941 0.022 0.03
2 0.871 0.634 0.018 0.028
2 0.341 0.383 0.034 0.058
2 0.838 0.537 0.02 0.018
2 0.566 0.312 0.012 0.008
2 0.893 0.733 0.022 0.022
2 0.834 0.862 0.032 0.036
2 0.814 0.547 0.024 0.022
2 0.926 0.212 0.012 0.012
2 0.116 0.789 0.024 0.014
2 0.273 0.861 0.03 0.026
2 0.288 0.897 0.012 0.014
2 0.067 0.405 0.034 0.026
2 0.172 0.527 0.032 0.026
2 0.287 0.583 0.022 0.022
2 0.369 0.586 0.034 0.02
2 0.139 0.524 0.03 0.04
2 0.268 0.533 0.028 0.034
2 0.315 0.54 0.018 0.036
2 0.956 0.847 0.024 0.022
2 0.995 0.103 0.006 0.054
2 0.821 0.406 0.014 0.06
2 0.147 0.992 0.026 0.012
2 0.494 0.435 0.012 0.03
2 0.67 0.925 0.016 0.022
2 0.086 0.703 0.02 0.018
2 0.678 0.859 0.016 0.014
2 0.661 0.856 0.006 0.02
2 0.863 0.045 0.026 0.034