0 0.347 0.889 0.058 0.058
0 0.023 0.923 0.046 0.07
0 0.232 0.934 0.064 0.092
0 0.241 0.972 0.05 0.052
0 0.058 0.812 0.044 0.072
0 0.142 0.839 0.06 0.078
0 0.23 0.769 0.04 0.046
0 0.257 0.656 0.058 0.088
0 0.407 0.742 0.03 0.044
0 0.532 0.957 0.056 0.082
0 0.418 0.792 0.036 0.04
0 0.473 0.871 0.042 0.062
0 0.549 0.865 0.046 0.09
0 0.676 0.979 0.048 0.038
0 0.701 0.896 0.042 0.068
0 0.671 0.823 0.05 0.07
0 0.036 0.397 0.06 0.066
0 0.023 0.333 0.046 0.05
0 0.105 0.304 0.054 0.076
0 0.128 0.236 0.044 0.056
0 0.243 0.16 0.05 0.076
0 0.08 0.214 0.036 0.052
0 0.159 0.117 0.038 0.046
0 0.166 0.048 0.044 0.072
0 0.064 0.11 0.068 0.052
0 0.112 0.028 0.048 0.052
0 0.014 0.066 0.028 0.04
0 0.272 0.189 0.052 0.042
0 0.281 0.123 0.038 0.074
0 0.308 0.066 0.056 0.06
0 0.298 0.014 0.036 0.024
0 0.358 0.018 0.036 0.032
0 0.393 0.018 0.03 0.032
0 0.478 0.051 0.044 0.078
0 0.531 0.051 0.058 0.074
0 0.359 0.23 0.042 0.064
0 0.388 0.264 0.048 0.064
0 0.583 0.057 0.05 0.066
0 0.367 0.118 0.038 0.052
0 0.429 0.129 0.038 0.034
0 0.408 0.222 0.036 0.04
0 0.484 0.225 0.044 0.066
0 0.494 0.167 0.052 0.074
0 0.242 0.238 0.048 0.068
0 0.276 0.248 0.036 0.048
0 0.2 0.36 0.044 0.048
0 0.205 0.421 0.03 0.058
0 0.231 0.557 0.05 0.074
0 0.656 0.159 0.056 0.058
0 0.721 0.176 0.03 0.048
0 0.782 0.15 0.044 0.076
0 0.82 0.123 0.048 0.086
0 0.88 0.84 0.04 0.08
0 0.861 0.744 0.046 0.048
0 0.793 0.552 0.05 0.076
0 0.85 0.52 0.048 0.064
0 0.73 0.24 0.04 0.064
0 0.767 0.255 0.042 0.062
0 0.838 0.253 0.048 0.074
0 0.877 0.314 0.054 0.064
0 0.877 0.149 0.038 0.062
0 0.951 0.165 0.054 0.082
0 0.983 0.155 0.03 0.05
0 0.378 0.561 0.048 0.042
0 0.437 0.463 0.05 0.062
0 0.544 0.496 0.036 0.096
0 0.568 0.311 0.044 0.09
0 0.7 0.364 0.06 0.056
0 0.658 0.423 0.052 0.066
0 0.886 0.426 0.044 0.072
0 0.691 0.62 0.034 0.04
0 0.859 0.604 0.042 0.048
0 0.879 0.564 0.042 0.036
0 0.977 0.615 0.042 0.062
0 0.691 0.583 0.054 0.038
0 0.679 0.486 0.042 0.052
0 0.861 0.908 0.046 0.036
0 0.946 0.833 0.04 0.046
0 0.339 0.357 0.03 0.042
0 0.764 0.329 0.036 0.042
0 0.829 0.368 0.034 0.04
0 0.143 0.342 0.022 0.036
0 0.947 0.22 0.038 0.06
1 0.065 0.887 0.022 0.022
1 0.163 0.916 0.034 0.04
1 0.081 0.839 0.022 0.03
1 0.093 0.747 0.022 0.022
1 0.169 0.724 0.022 0.016
1 0.301 0.694 0.05 0.024
1 0.296 0.646 0.02 0.052
1 0.391 0.942 0.022 0.02
1 0.426 0.953 0.016 0.018
1 0.36 0.759 0.02 0.022
1 0.394 0.783 0.024 0.026
1 0.456 0.808 0.028 0.06
1 0.473 0.718 0.022 0.02
1 0.548 0.735 0.024 0.022
1 0.537 0.69 0.022 0.012
1 0.655 0.757 0.018 0.026
1 0.026 0.451 0.028 0.022
1 0.083 0.415 0.022 0.026
1 0.096 0.394 0.016 0.028
1 0.195 0.098 0.018 0.02
1 0.202 0.065 0.02 0.03
1 0.131 0.074 0.026 0.024
1 0.131 0.193 0.042 0.03
1 0.388 0.053 0.024 0.034
1 0.397 0.182 0.026 0.028
1 0.425 0.193 0.026 0.03
1 0.258 0.273 0.016 0.03
1 0.241 0.325 0.03 0.018
1 0.186 0.435 0.012 0.042
1 0.201 0.501 0.042 0.026
1 0.253 0.482 0.018 0.024
1 0.171 0.561 0.022 0.026
1 0.753 0.144 0.022 0.02
1 0.84 0.051 0.02 0.022
1 0.825 0.744 0.026 0.02
1 0.743 0.731 0.018 0.026
1 0.741 0.8 0.022 0.024
1 0.956 0.888 0.02 0.02
1 0.8 0.509 0.048 0.026
1 0.582 0.487 0.024 0.038
1 0.725 0.436 0.026 0.02
1 0.699 0.413 0.026 0.018
1 0.741 0.401 0.022 0.026
1 0.853 0.963 0.03 0.022
1 0.927 0.96 0.026 0.032
1 0.949 0.731 0.03 0.03
1 0.565 0.959 0.022 0.038
1 0.286 0.987 0.028 0.022
1 0.674 0.882 0.012 0.016
1 0.006 0.778 0.012 0.012
1 0.108 0.558 0.024 0.024
1 0.115 0.643 0.03 0.03
1 0.294 0.554 0.024 0.02
1 0.354 0.52 0.032 0.028
1 0.434 0.516 0.02 0.032
1 0.674 0.76 0.024 0.04
1 0.623 0.784 0.014 0.024
1 0.531 0.593 0.022 0.03
1 0.627 0.595 0.018 0.022
1 0.596 0.441 0.032 0.038
1 0.399 0.517 0.03 0.042
1 0.456 0.489 0.016 0.026
1 0.73 0.502 0.044 0.04
1 0.51 0.296 0.032 0.024
1 0.523 0.255 0.014 0.046
1 0.436 0.312 0.04 0.016
1 0.878 0.373 0.02 0.026
1 0.924 0.24 0.02 0.028
1 0.786 0.089 0.024 0.026
1 0.772 0.041 0.032 0.018
1 0.755 0.07 0.03 0.032
2 0.325 0.426 0.042 0.056
2 0.215 0.695 0.018 0.014
2 0.195 0.129 0.022 0.018
2 0.08 0.959 0.032 0.066
2 0.247 0.841 0.01 0.018
2 0.071 0.591 0.038 0.058
2 0.031 0.758 0.018 0.02
2 0.057 0.768 0.03 0.02
2 0.066 0.752 0.024 0.032
2 0.473 0.745 0.018 0.022
2 0.49 0.76 0.008 0.016
2 0.466 0.68 0.036 0.044
2 0.64 0.677 0.036 0.042
2 0.773 0.654 0.022 0.04
2 0.561 0.56 0.014 0.032
2 0.608 0.532 0.044 0.052
2 0.737 0.537 0.014 0.014
2 0.086 0.483 0.016 0.014
2 0.087 0.468 0.014 0.02
2 0.4 0.312 0.028 0.04
2 0.435 0.4 0.046 0.048
2 0.398 0.429 0.04 0.034
2 0.633 0.335 0.022 0.042
2 0.792 0.406 0.02 0.028
2 0.81 0.417 0.016 0.014
2 0.409 0.451 0.022 0.018
2 0.397 0.475 0.014 0.014
2 0.161 0.328 0.014 0.012
2 0.9 0.247 0.016 0.03
2 0.799 0.062 0.018 0.016