0 0.098 0.968 0.064 0.052
0 0.115 0.888 0.038 0.044
0 0.135 0.914 0.026 0.032
0 0.188 0.916 0.016 0.032
0 0.188 0.984 0.032 0.028
0 0.044 0.68 0.06 0.052
0 0.203 0.785 0.034 0.042
0 0.097 0.696 0.042 0.04
0 0.122 0.718 0.028 0.036
0 0.178 0.706 0.016 0.024
0 0.049 0.587 0.042 0.054
0 0.006 0.588 0.012 0.036
0 0.013 0.424 0.026 0.044
0 0.017 0.118 0.034 0.044
0 0.024 0.016 0.04 0.024
0 0.054 0.045 0.032 0.026
0 0.052 0.075 0.06 0.046
0 0.153 0.05 0.046 0.04
0 0.238 0.043 0.056 0.05
0 0.31 0.036 0.036 0.028
0 0.612 0.077 0.044 0.042
0 0.712 0.011 0.044 0.018
0 0.702 0.058 0.04 0.036
0 0.763 0.025 0.042 0.034
0 0.86 0.021 0.052 0.034
0 0.965 0.132 0.066 0.024
0 0.852 0.085 0.044 0.026
0 0.766 0.113 0.044 0.026
0 0.899 0.188 0.074 0.052
0 0.857 0.168 0.038 0.032
0 0.756 0.175 0.044 0.03
0 0.754 0.152 0.048 0.024
0 0.624 0.159 0.048 0.03
0 0.713 0.218 0.05 0.04
0 0.736 0.241 0.04 0.026
0 0.665 0.268 0.042 0.028
0 0.638 0.315 0.04 0.034
0 0.876 0.349 0.052 0.03
0 0.978 0.41 0.04 0.032
0 0.744 0.335 0.04 0.03
0 0.593 0.234 0.034 0.04
0 0.299 0.137 0.022 0.014
0 0.973 0.466 0.05 0.04
0 0.982 0.509 0.032 0.03
0 0.978 0.572 0.04 0.032
0 0.905 0.562 0.042 0.04
0 0.851 0.535 0.05 0.042
0 0.806 0.516 0.048 0.032
0 0.824 0.442 0.048 0.036
0 0.767 0.421 0.05 0.042
0 0.891 0.263 0.046 0.03
0 0.996 0.284 0.004 0.024
0 0.692 0.385 0.04 0.034
0 0.662 0.476 0.044 0.04
0 0.492 0.239 0.048 0.046
0 0.518 0.274 0.036 0.036
0 0.479 0.299 0.046 0.034
0 0.405 0.224 0.042 0.036
0 0.36 0.19 0.052 0.028
0 0.134 0.235 0.036 0.046
0 0.215 0.221 0.03 0.034
0 0.146 0.28 0.032 0.028
0 0.199 0.324 0.054 0.04
0 0.139 0.361 0.034 0.03
0 0.189 0.361 0.014 0.026
0 0.245 0.358 0.054 0.052
0 0.294 0.289 0.06 0.05
0 0.325 0.319 0.03 0.034
0 0.448 0.383 0.052 0.038
0 0.449 0.43 0.022 0.02
0 0.484 0.44 0.04 0.044
0 0.53 0.462 0.036 0.04
0 0.615 0.498 0.07 0.052
0 0.852 0.624 0.044 0.036
0 0.947 0.652 0.058 0.036
0 0.982 0.67 0.032 0.036
0 0.986 0.863 0.024 0.038
0 0.935 0.809 0.046 0.034
0 0.887 0.782 0.05 0.028
0 0.862 0.759 0.032 0.046
0 0.845 0.679 0.046 0.038
0 0.249 0.416 0.026 0.028
0 0.229 0.47 0.054 0.044
0 0.29 0.476 0.04 0.04
0 0.087 0.497 0.026 0.026
0 0.14 0.519 0.032 0.038
0 0.101 0.549 0.018 0.026
0 0.178 0.57 0.044 0.04
0 0.14 0.626 0.028 0.04
0 0.183 0.634 0.022 0.036
0 0.276 0.625 0.048 0.062
0 0.295 0.711 0.03 0.042
0 0.284 0.687 0.016 0.03
0 0.39 0.661 0.036 0.042
0 0.299 0.523 0.034 0.026
0 0.231 0.884 0.026 0.032
0 0.254 0.925 0.032 0.026
0 0.322 0.945 0.016 0.03
0 0.361 0.975 0.038 0.018
0 0.424 0.569 0.036 0.03
0 0.471 0.6 0.05 0.048
0 0.525 0.56 0.046 0.028
0 0.57 0.588 0.032 0.028
0 0.566 0.536 0.028 0.028
0 0.73 0.572 0.032 0.028
0 0.795 0.652 0.05 0.036
0 0.791 0.693 0.05 0.034
0 0.652 0.669 0.044 0.03
0 0.58 0.655 0.044 0.042
0 0.535 0.705 0.05 0.03
0 0.748 0.735 0.024 0.018
0 0.908 0.872 0.048 0.036
0 0.911 0.986 0.046 0.024
0 0.854 0.909 0.044 0.038
0 0.756 0.871 0.016 0.026
0 0.778 0.866 0.024 0.016
0 0.721 0.917 0.038 0.034
0 0.668 0.873 0.044 0.042
0 0.598 0.805 0.04 0.038
0 0.59 0.882 0.028 0.04
0 0.389 0.888 0.018 0.024
0 0.41 0.888 0.024 0.02
0 0.408 0.85 0.052 0.04
0 0.411 0.739 0.022 0.018
0 0.373 0.71 0.018 0.02
0 0.407 0.722 0.022 0.016
0 0.461 0.769 0.038 0.034
0 0.534 0.939 0.028 0.018
0 0.605 0.987 0.038 0.022
0 0.656 0.951 0.032 0.026
0 0.729 0.977 0.034 0.03
0 0.187 0.07 0.018 0.012
1 0.035 0.979 0.014 0.014
1 0.262 0.993 0.024 0.01
1 0.37 0.993 0.012 0.01
1 0.033 0.749 0.018 0.022
1 0.158 0.768 0.02 0.028
1 0.146 0.692 0.012 0.02
1 0.171 0.063 0.022 0.022
1 0.136 0.028 0.02 0.02
1 0.15 0.092 0.02 0.02
1 0.325 0.071 0.026 0.026
1 0.474 0.055 0.044 0.026
1 0.581 0.021 0.018 0.014
1 0.944 0.057 0.028 0.022
1 0.982 0.079 0.016 0.018
1 0.738 0.104 0.02 0.02
1 0.649 0.236 0.018 0.028
1 0.843 0.342 0.022 0.012
1 0.542 0.29 0.024 0.016
1 0.491 0.14 0.034 0.02
1 0.417 0.145 0.018 0.022
1 0.365 0.147 0.026 0.018
1 0.228 0.147 0.036 0.018
1 0.971 0.293 0.046 0.014
1 0.897 0.312 0.01 0.008
1 0.613 0.388 0.042 0.016
1 0.639 0.437 0.006 0.018
1 0.44 0.19 0.024 0.02
1 0.341 0.171 0.018 0.018
1 0.039 0.21 0.018 0.028
1 0.065 0.244 0.03 0.024
1 0.102 0.191 0.024 0.022
1 0.2 0.328 0.016 0.008
1 0.344 0.279 0.02 0.022
1 0.414 0.34 0.028 0.024
1 0.364 0.356 0.016 0.02
1 0.487 0.475 0.014 0.018
1 0.65 0.527 0.02 0.022
1 0.784 0.551 0.02 0.014
1 0.997 0.697 0.002 0.018
1 0.15 0.403 0.016 0.022
1 0.105 0.442 0.01 0.028
1 0.068 0.487 0.008 0.01
1 0.087 0.552 0.022 0.012
1 0.342 0.638 0.02 0.028
1 0.214 0.523 0.016 0.014
1 0.314 0.539 0.012 0.018
1 0.252 0.886 0.016 0.02
1 0.412 0.995 0.032 0.006
1 0.456 0.997 0.02 0.002
1 0.425 0.966 0.01 0.012
1 0.391 0.498 0.022 0.028
1 0.39 0.469 0.016 0.018
1 0.505 0.49 0.01 0.012
1 0.653 0.588 0.014 0.02
1 0.569 0.704 0.026 0.02
1 0.644 0.708 0.02 0.016
1 0.639 0.727 0.018 0.014
1 0.69 0.711 0.02 0.022
1 0.773 0.774 0.026 0.02
1 0.424 0.599 0.008 0.014
1 0.508 0.594 0.02 0.012
1 0.941 0.906 0.022 0.016
1 0.825 0.847 0.018 0.022
1 0.506 0.888 0.02 0.02
1 0.538 0.906 0.02 0.02
1 0.333 0.89 0.01 0.012
1 0.331 0.739 0.01 0.014
1 0.369 0.739 0.022 0.018
1 0.404 0.766 0.02 0.024
1 0.391 0.712 0.014 0.012
1 0.548 0.987 0.016 0.018
1 0.651 0.992 0.022 0.012
1 0.729 0.995 0.034 0.006
1 0.789 0.996 0.046 0.004
1 0.764 0.889 0.012 0.014
2 0.204 0.816 0.032 0.024
2 0.262 0.213 0.052 0.046
2 0.539 0.168 0.018 0.028
2 0.39 0.049 0.028 0.026
2 0.836 0.138 0.02 0.02
2 0.91 0.29 0.044 0.016
2 0.893 0.413 0.054 0.03
2 0.981 0.744 0.034 0.04
2 0.266 0.56 0.036 0.02
2 0.26 0.517 0.012 0.014
2 0.006 0.913 0.012 0.026
2 0.213 0.909 0.022 0.018
2 0.297 0.95 0.014 0.024
2 0.323 0.371 0.042 0.022
2 0.321 0.346 0.022 0.012
2 0.429 0.491 0.014 0.014
2 0.673 0.589 0.022 0.03
2 0.74 0.668 0.028 0.04
2 0.437 0.617 0.022 0.034
2 0.789 0.853 0.038 0.026
2 0.729 0.848 0.014 0.032
2 0.622 0.78 0.04 0.036
2 0.535 0.864 0.022 0.032
2 0.517 0.902 0.034 0.02
2 0.325 0.87 0.026 0.024
2 0.442 0.977 0.028 0.03
2 0.448 0.946 0.012 0.028
2 0.461 0.821 0.03 0.058
2 0.151 0.716 0.018 0.016
2 0.731 0.458 0.01 0.02
2 0.758 0.473 0.024 0.018
2 0.311 0.634 0.022 0.028
2 0.38 0.938 0.012 0.02
2 0.701 0.726 0.018 0.016
2 0.982 0.71 0.016 0.008
2 0.99 0.643 0.016 0.014