0 0.974 0.54 0.048 0.088
0 0.899 0.053 0.05 0.062
0 0.966 0.126 0.044 0.044
0 0.965 0.171 0.042 0.054
0 0.874 0.1 0.048 0.06
0 0.783 0.201 0.046 0.046
0 0.829 0.063 0.042 0.054
0 0.719 0.063 0.042 0.058
0 0.88 0.183 0.036 0.046
0 0.931 0.263 0.042 0.066
0 0.939 0.311 0.034 0.054
0 0.872 0.316 0.044 0.064
0 0.832 0.317 0.04 0.054
0 0.804 0.282 0.052 0.056
0 0.781 0.317 0.034 0.046
0 0.737 0.318 0.038 0.048
0 0.847 0.37 0.046 0.052
0 0.657 0.341 0.05 0.066
0 0.604 0.362 0.056 0.064
0 0.556 0.382 0.068 0.072
0 0.517 0.33 0.038 0.06
0 0.445 0.281 0.046 0.058
0 0.377 0.32 0.05 0.052
0 0.328 0.238 0.032 0.044
0 0.3 0.131 0.04 0.05
0 0.241 0.174 0.05 0.064
0 0.299 0.041 0.046 0.038
0 0.169 0.015 0.046 0.03
0 0.122 0.028 0.04 0.04
0 0.061 0.029 0.026 0.046
0 0.147 0.182 0.042 0.04
0 0.584 0.102 0.044 0.048
0 0.655 0.034 0.046 0.052
0 0.708 0.213 0.052 0.05
0 0.256 0.399 0.056 0.074
0 0.164 0.335 0.044 0.062
0 0.118 0.295 0.044 0.046
0 0.233 0.481 0.034 0.046
0 0.291 0.52 0.05 0.056
0 0.317 0.508 0.034 0.048
0 0.203 0.527 0.042 0.046
0 0.17 0.501 0.036 0.062
0 0.135 0.497 0.034 0.05
0 0.081 0.475 0.03 0.038
0 0.109 0.351 0.038 0.034
0 0.151 0.273 0.042 0.054
0 0.491 0.021 0.03 0.042
0 0.506 0.031 0.032 0.034
0 0.592 0.011 0.052 0.022
0 0.553 0.005 0.022 0.01
0 0.641 0.071 0.054 0.046
0 0.674 0.244 0.04 0.044
0 0.624 0.251 0.04 0.054
0 0.636 0.216 0.032 0.028
0 0.497 0.142 0.038 0.036
0 0.411 0.163 0.03 0.042
0 0.451 0.105 0.046 0.046
0 0.448 0.139 0.04 0.034
0 0.446 0.556 0.056 0.064
0 0.386 0.537 0.044 0.054
0 0.373 0.575 0.054 0.07
0 0.156 0.652 0.056 0.068
0 0.187 0.646 0.042 0.056
0 0.202 0.707 0.044 0.046
0 0.113 0.706 0.05 0.048
0 0.148 0.745 0.06 0.078
0 0.156 0.83 0.052 0.072
0 0.085 0.889 0.05 0.054
0 0.146 0.903 0.044 0.07
0 0.038 0.971 0.068 0.054
0 0.272 0.86 0.048 0.06
0 0.302 0.814 0.044 0.056
0 0.513 0.944 0.066 0.08
0 0.504 0.896 0.056 0.06
0 0.584 0.815 0.06 0.042
0 0.707 0.84 0.054 0.064
0 0.437 0.657 0.066 0.106
0 0.552 0.703 0.06 0.054
0 0.372 0.713 0.048 0.05
0 0.913 0.43 0.054 0.088
0 0.819 0.513 0.046 0.046
0 0.66 0.512 0.048 0.064
0 0.581 0.49 0.066 0.084
0 0.526 0.442 0.056 0.048
0 0.765 0.691 0.05 0.066
0 0.812 0.695 0.04 0.07
0 0.921 0.593 0.05 0.07
0 0.803 0.559 0.054 0.042
0 0.803 0.911 0.046 0.102
0 0.801 0.794 0.038 0.048
0 0.783 0.759 0.03 0.038
0 0.887 0.819 0.058 0.098
0 0.936 0.788 0.044 0.076
0 0.87 0.92 0.04 0.048
0 0.876 0.966 0.056 0.064
0 0.973 0.963 0.05 0.062
0 0.986 0.871 0.024 0.07
0 0.959 0.852 0.05 0.068
0 0.886 0.731 0.036 0.058
0 0.863 0.771 0.042 0.042
0 0.725 0.746 0.05 0.072
0 0.715 0.696 0.038 0.064
0 0.568 0.879 0.056 0.054
0 0.572 0.624 0.048 0.056
0 0.712 0.56 0.06 0.092
0 0.455 0.425 0.034 0.07
0 0.42 0.376 0.044 0.088
0 0.49 0.394 0.028 0.04
0 0.201 0.585 0.03 0.054
0 0.338 0.684 0.032 0.036
0 0.317 0.741 0.046 0.038
0 0.038 0.812 0.036 0.036
0 0.007 0.812 0.01 0.04
0 0.014 0.535 0.024 0.066
0 0.03 0.59 0.056 0.052
0 0.04 0.534 0.04 0.064
0 0.251 0.107 0.046 0.05
0 0.147 0.137 0.042 0.05
0 0.025 0.147 0.046 0.062
0 0.072 0.172 0.032 0.02
0 0.074 0.2 0.032 0.028
0 0.572 0.224 0.04 0.056
0 0.577 0.248 0.034 0.036
0 0.466 0.157 0.048 0.05
0 0.682 0.971 0.04 0.054
0 0.87 0.713 0.028 0.058
0 0.8 0.641 0.036 0.05
0 0.395 0.198 0.042 0.036
0 0.378 0.219 0.044 0.038
0 0.367 0.241 0.038 0.038
0 0.368 0.122 0.032 0.048
0 0.284 0.375 0.032 0.07
0 0.35 0.396 0.048 0.056
0 0.06 0.661 0.048 0.046
0 0.421 0.779 0.042 0.046
0 0.396 0.815 0.028 0.038
0 0.909 0.223 0.03 0.034
0 0.764 0.013 0.044 0.026
0 0.724 0.011 0.028 0.022
0 0.794 0.004 0.012 0.008
0 0.912 0.355 0.04 0.03
0 0.551 0.085 0.026 0.042
0 0.683 0.202 0.034 0.052
0 0.982 0.611 0.032 0.042
0 0.977 0.629 0.026 0.022
0 0.679 0.58 0.022 0.052
0 0.569 0.543 0.046 0.034
0 0.553 0.563 0.03 0.026
0 0.34 0.043 0.036 0.038
0 0.257 0.024 0.034 0.048
0 0.605 0.879 0.03 0.062
0 0.503 0.842 0.042 0.044
0 0.717 0.625 0.034 0.03
0 0.614 0.782 0.052 0.048
0 0.295 0.954 0.038 0.048
0 0.107 0.969 0.034 0.042
0 0.124 0.966 0.036 0.048
0 0.376 0.796 0.028 0.048
0 0.294 0.665 0.044 0.086
0 0.206 0.074 0.036 0.036
0 0.155 0.076 0.038 0.036
0 0.038 0.048 0.04 0.04
0 0.07 0.087 0.04 0.038
0 0.045 0.116 0.034 0.032
0 0.02 0.207 0.036 0.05
0 0.056 0.289 0.04 0.038
0 0.022 0.419 0.04 0.066
0 0.094 0.395 0.036 0.026
0 0.12 0.202 0.028 0.036
0 0.346 0.186 0.032 0.044
0 0.331 0.804 0.034 0.052
0 0.314 0.846 0.032 0.028
0 0.042 0.681 0.032 0.038
0 0.167 0.255 0.026 0.042
0 0.254 0.438 0.036 0.02
1 0.476 0.187 0.044 0.018
1 0.74 0.854 0.016 0.02
1 0.772 0.874 0.016 0.02
1 0.759 0.902 0.018 0.024
1 0.726 0.9 0.032 0.036
1 0.93 0.99 0.024 0.016
1 0.829 0.986 0.03 0.016
1 0.884 0.706 0.02 0.028
1 0.808 0.459 0.044 0.022
1 0.718 0.478 0.036 0.032
1 0.645 0.123 0.022 0.026
1 0.152 0.382 0.016 0.032
1 0.138 0.411 0.024 0.03
1 0.117 0.417 0.022 0.022
1 0.173 0.581 0.026 0.022
1 0.131 0.578 0.022 0.024
1 0.125 0.643 0.014 0.026
1 0.451 0.77 0.022 0.028
1 0.986 0.067 0.024 0.026
1 0.94 0.049 0.028 0.018
1 0.874 0.245 0.024 0.022
1 0.91 0.197 0.024 0.014
1 0.777 0.041 0.022 0.026
1 0.777 0.068 0.018 0.036
1 0.763 0.166 0.026 0.028
1 0.567 0.06 0.03 0.024
1 0.568 0.153 0.02 0.014
1 0.703 0.327 0.022 0.026
1 0.453 0.032 0.018 0.024
1 0.464 0.076 0.016 0.028
1 0.73 0.535 0.02 0.018
1 0.441 0.471 0.03 0.018
1 0.47 0.499 0.016 0.022
1 0.213 0.015 0.022 0.026
1 0.336 0.012 0.024 0.024
1 0.627 0.865 0.018 0.014
1 0.429 0.875 0.018 0.03
1 0.673 0.711 0.03 0.03
1 0.605 0.692 0.022 0.024
1 0.557 0.67 0.026 0.024
1 0.477 0.96 0.01 0.032
1 0.406 0.941 0.024 0.022
1 0.085 0.936 0.03 0.016
1 0.267 0.659 0.014 0.03
1 0.381 0.747 0.022 0.01
1 0.376 0.754 0.024 0.012
1 0.329 0.547 0.022 0.022
1 0.148 0.046 0.032 0.028
1 0.135 0.392 0.014 0.012
1 0.121 0.397 0.014 0.014
1 0.21 0.353 0.02 0.026
1 0.254 0.734 0.024 0.024
1 0.453 0.063 0.03 0.022
1 0.425 0.018 0.014 0.02
1 0.42 0.036 0.036 0.02
1 0.383 0.031 0.022 0.018
1 0.41 0.011 0.024 0.022
1 0.443 0.016 0.014 0.02
1 0.058 0.371 0.02 0.018
1 0.763 0.471 0.014 0.018
2 0.95 0.485 0.036 0.034
2 0.954 0.032 0.04 0.016
2 0.91 0.137 0.032 0.038
2 0.865 0.606 0.03 0.04
2 0.89 0.562 0.02 0.024
2 0.908 0.509 0.024 0.022
2 0.772 0.431 0.024 0.014
2 0.719 0.364 0.022 0.028
2 0.73 0.124 0.044 0.024
2 0.772 0.109 0.032 0.058
2 0.574 0.167 0.02 0.022
2 0.629 0.594 0.022 0.036
2 0.607 0.575 0.03 0.034
2 0.658 0.633 0.06 0.05
2 0.605 0.937 0.018 0.026
2 0.202 0.889 0.02 0.034
2 0.228 0.956 0.028 0.024
2 0.174 0.405 0.024 0.05
2 0.52 0.601 0.04 0.046
2 0.495 0.577 0.018 0.022
2 0.371 0.369 0.022 0.038
2 0.314 0.591 0.032 0.022
2 0.257 0.28 0.034 0.032
2 0.435 0.061 0.022 0.018
2 0.964 0.244 0.02 0.024
2 0.441 0.201 0.026 0.034
2 0.118 0.448 0.032 0.028
2 0.105 0.818 0.022 0.024
2 0.373 0.83 0.018 0.024