0 0.684 0.895 0.044 0.098
0 0.977 0.877 0.042 0.054
0 0.938 0.873 0.068 0.07
0 0.866 0.981 0.044 0.034
0 0.936 0.956 0.036 0.048
0 0.956 0.697 0.028 0.05
0 0.8 0.865 0.052 0.046
0 0.845 0.75 0.078 0.104
0 0.851 0.845 0.07 0.09
0 0.682 0.816 0.076 0.088
0 0.905 0.661 0.034 0.042
0 0.744 0.489 0.052 0.054
0 0.873 0.006 0.026 0.008
0 0.717 0.331 0.042 0.058
0 0.748 0.306 0.072 0.088
0 0.659 0.269 0.05 0.114
0 0.629 0.238 0.05 0.096
0 0.641 0.147 0.042 0.054
0 0.714 0.242 0.06 0.064
0 0.735 0.136 0.046 0.048
0 0.721 0.066 0.05 0.048
0 0.754 0.071 0.04 0.042
0 0.747 0.042 0.038 0.036
0 0.473 0.057 0.058 0.054
0 0.366 0.032 0.06 0.06
0 0.114 0.048 0.06 0.048
0 0.046 0.014 0.044 0.024
0 0.21 0.21 0.076 0.08
0 0.412 0.217 0.052 0.042
0 0.452 0.268 0.044 0.068
0 0.031 0.427 0.058 0.078
0 0.346 0.555 0.072 0.174
0 0.532 0.387 0.044 0.082
0 0.623 0.487 0.054 0.054
0 0.642 0.698 0.048 0.068
0 0.577 0.695 0.038 0.062
0 0.637 0.532 0.05 0.04
0 0.465 0.725 0.066 0.102
0 0.216 0.585 0.048 0.082
0 0.144 0.565 0.048 0.042
0 0.183 0.564 0.054 0.124
0 0.476 0.846 0.04 0.076
0 0.532 0.986 0.048 0.024
0 0.555 0.937 0.05 0.074
0 0.019 0.888 0.034 0.064
0 0.245 0.775 0.062 0.086
0 0.335 0.944 0.05 0.064
0 0.387 0.321 0.03 0.05
0 0.991 0.717 0.014 0.046
0 0.732 0.984 0.052 0.028
0 0.978 0.99 0.02 0.016
0 0.991 0.988 0.014 0.02
0 0.626 0.562 0.036 0.024
0 0.554 0.517 0.08 0.078
0 0.552 0.447 0.08 0.078
0 0.305 0.238 0.034 0.04
0 0.546 0.248 0.056 0.068
0 0.45 0.15 0.048 0.056
0 0.307 0.13 0.038 0.036
0 0.197 0.117 0.042 0.066
0 0.231 0.124 0.046 0.056
0 0.216 0.019 0.06 0.034
0 0.067 0.169 0.034 0.086
0 0.13 0.241 0.056 0.062
0 0.134 0.363 0.064 0.102
0 0.339 0.216 0.042 0.052
0 0.53 0.138 0.048 0.056
0 0.635 0.049 0.042 0.05
0 0.827 0.056 0.05 0.056
0 0.84 0.08 0.044 0.036
0 0.958 0.094 0.056 0.076
0 0.973 0.066 0.038 0.04
0 0.981 0.017 0.034 0.03
0 0.946 0.229 0.048 0.05
0 0.898 0.332 0.052 0.076
0 0.728 0.593 0.048 0.102
0 0.756 0.667 0.048 0.066
0 0.842 0.542 0.044 0.044
0 0.842 0.581 0.06 0.046
0 0.878 0.55 0.04 0.044
0 0.871 0.467 0.054 0.042
0 0.957 0.471 0.062 0.054
0 0.937 0.542 0.046 0.048
0 0.944 0.829 0.056 0.046
0 0.97 0.942 0.028 0.056
0 0.83 0.949 0.052 0.066
0 0.499 0.335 0.046 0.042
0 0.312 0.406 0.072 0.104
0 0.289 0.487 0.034 0.046
0 0.35 0.643 0.016 0.026
0 0.378 0.651 0.04 0.058
0 0.408 0.663 0.044 0.042
0 0.276 0.468 0.032 0.032
0 0.404 0.53 0.04 0.064
0 0.012 0.509 0.02 0.05
0 0.074 0.64 0.072 0.124
0 0.023 0.661 0.038 0.046
0 0.141 0.713 0.082 0.09
0 0.046 0.983 0.048 0.03
0 0.148 0.975 0.048 0.046
0 0.318 0.843 0.08 0.074
0 0.325 0.888 0.05 0.044
0 0.291 0.901 0.034 0.066
0 0.276 0.893 0.02 0.026
0 0.324 0.795 0.044 0.03
0 0.408 0.922 0.04 0.056
0 0.419 0.898 0.026 0.028
0 0.396 0.903 0.02 0.034
0 0.653 0.771 0.078 0.082
0 0.059 0.042 0.042 0.036
0 0.201 0.04 0.026 0.02
0 0.915 0.621 0.042 0.046
0 0.891 0.623 0.022 0.03
0 0.141 0.618 0.042 0.048
0 0.138 0.649 0.032 0.026
0 0.156 0.517 0.052 0.054
0 0.501 0.495 0.042 0.038
0 0.086 0.089 0.048 0.046
0 0.427 0.845 0.034 0.046
0 0.853 0.626 0.042 0.052
0 0.166 0.787 0.052 0.062
0 0.513 0.415 0.022 0.038
1 0.987 0.206 0.022 0.024
1 0.898 0.162 0.028 0.02
1 0.849 0.675 0.03 0.03
1 0.491 0.314 0.03 0.024
1 0.608 0.696 0.028 0.036
1 0.13 0.137 0.036 0.026
1 0.898 0.813 0.024 0.026
1 0.581 0.843 0.042 0.03
1 0.935 0.503 0.026 0.03
1 0.923 0.517 0.014 0.018
1 0.959 0.587 0.022 0.034
1 0.971 0.604 0.026 0.032
1 0.907 0.459 0.014 0.018
1 0.683 0.653 0.03 0.038
1 0.812 0.267 0.028 0.03
1 0.815 0.1 0.026 0.024
1 0.457 0.104 0.038 0.02
1 0.558 0.267 0.032 0.03
1 0.248 0.269 0.028 0.018
1 0.196 0.303 0.032 0.038
1 0.356 0.19 0.028 0.024
1 0.064 0.347 0.032 0.018
1 0.073 0.414 0.022 0.04
1 0.452 0.415 0.036 0.03
1 0.391 0.466 0.034 0.02
1 0.248 0.518 0.032 0.028
1 0.061 0.469 0.042 0.034
1 0.174 0.639 0.024 0.026
1 0.477 0.481 0.034 0.038
1 0.34 0.31 0.044 0.036
1 0.076 0.566 0.024 0.024
1 0.047 0.564 0.038 0.028
1 0.538 0.569 0.032 0.022
1 0.224 0.611 0.02 0.026
1 0.469 0.983 0.022 0.03
1 0.425 0.979 0.026 0.038
1 0.395 0.871 0.034 0.026
1 0.476 0.796 0.036 0.032
1 0.533 0.715 0.014 0.014
1 0.417 0.807 0.046 0.022
1 0.13 0.869 0.04 0.022
1 0.72 0.954 0.032 0.056
1 0.639 0.858 0.018 0.02
1 0.359 0.802 0.034 0.032
1 0.411 0.294 0.038 0.052
1 0.997 0.574 0.002 0.032
1 0.853 0.147 0.034 0.038
1 0.778 0.439 0.04 0.034
1 0.675 0.202 0.022 0.02
1 0.944 0.276 0.024 0.028
1 0.884 0.503 0.04 0.03
1 0.286 0.567 0.048 0.03
1 0.285 0.66 0.038 0.036
1 0.128 0.829 0.028 0.026
1 0.076 0.937 0.04 0.034
1 0.062 0.845 0.032 0.034
1 0.902 0.703 0.024 0.042
1 0.853 0.24 0.046 0.048
1 0.71 0.552 0.028 0.024
1 0.79 0.242 0.048 0.04
1 0.863 0.192 0.03 0.016
1 0.756 0.862 0.012 0.036
2 0.98 0.431 0.024 0.034
2 0.906 0.064 0.028 0.028
2 0.413 0.02 0.034 0.036
2 0.287 0.015 0.05 0.026
2 0.158 0.302 0.04 0.04
2 0.651 0.631 0.05 0.034
2 0.028 0.131 0.02 0.018
2 0.452 0.936 0.024 0.032
2 0.669 0.964 0.086 0.068
2 0.236 0.849 0.032 0.03
2 0.339 0.726 0.042 0.032
2 0.942 0.351 0.032 0.026
2 0.291 0.607 0.042 0.05
2 0.987 0.839 0.018 0.026
2 0.851 0.915 0.034 0.026
2 0.721 0.433 0.018 0.026
2 0.155 0.414 0.03 0.032
2 0.544 0.83 0.036 0.02
2 0.432 0.514 0.028 0.048
2 0.617 0.45 0.074 0.06
2 0.546 0.313 0.036 0.062
2 0.211 0.084 0.038 0.02
2 0.878 0.04 0.04 0.052
2 0.99 0.067 0.016 0.03
2 0.961 0.276 0.026 0.028
2 0.989 0.411 0.018 0.054
2 0.53 0.325 0.028 0.03
2 0.406 0.686 0.032 0.02
2 0.263 0.614 0.014 0.036
2 0.021 0.698 0.018 0.036
2 0.064 0.871 0.024 0.022
2 0.832 0.901 0.052 0.03
2 0.736 0.904 0.032 0.044
2 0.181 0.658 0.046 0.068
2 0.313 0.284 0.05 0.092
2 0.387 0.075 0.034 0.03
2 0.613 0.165 0.034 0.042
2 0.122 0.418 0.028 0.024