0 0.819 0.881 0.034 0.054
0 0.847 0.928 0.034 0.064
0 0.934 0.869 0.044 0.058
0 0.743 0.841 0.046 0.066
0 0.765 0.807 0.034 0.042
0 0.821 0.805 0.046 0.062
0 0.799 0.764 0.034 0.052
0 0.508 0.895 0.028 0.046
0 0.577 0.918 0.046 0.076
0 0.092 0.549 0.056 0.098
0 0.117 0.495 0.046 0.05
0 0.157 0.509 0.034 0.05
0 0.155 0.449 0.062 0.066
0 0.193 0.489 0.03 0.042
0 0.231 0.53 0.034 0.044
0 0.068 0.867 0.048 0.09
0 0.161 0.876 0.042 0.056
0 0.219 0.803 0.05 0.114
0 0.285 0.849 0.038 0.058
0 0.269 0.843 0.038 0.106
0 0.17 0.758 0.036 0.08
0 0.181 0.693 0.042 0.05
0 0.21 0.629 0.06 0.118
0 0.057 0.687 0.054 0.082
0 0.056 0.637 0.044 0.046
0 0.337 0.78 0.05 0.1
0 0.34 0.663 0.048 0.058
0 0.393 0.675 0.034 0.046
0 0.065 0.434 0.05 0.108
0 0.111 0.372 0.05 0.056
0 0.159 0.378 0.042 0.072
0 0.205 0.373 0.038 0.09
0 0.011 0.136 0.022 0.052
0 0.041 0.126 0.042 0.092
0 0.046 0.203 0.044 0.066
0 0.163 0.171 0.05 0.086
0 0.251 0.245 0.034 0.07
0 0.125 0.33 0.05 0.052
0 0.222 0.302 0.04 0.044
0 0.145 0.1 0.054 0.096
0 0.262 0.108 0.04 0.044
0 0.237 0.083 0.034 0.046
0 0.323 0.069 0.046 0.042
0 0.332 0.031 0.044 0.058
0 0.408 0.08 0.032 0.056
0 0.45 0.062 0.056 0.044
0 0.533 0.026 0.046 0.048
0 0.32 0.153 0.04 0.066
0 0.442 0.199 0.044 0.086
0 0.501 0.134 0.042 0.08
0 0.366 0.33 0.048 0.04
0 0.404 0.357 0.028 0.05
0 0.463 0.41 0.054 0.084
0 0.503 0.429 0.03 0.066
0 0.545 0.444 0.038 0.044
0 0.486 0.525 0.04 0.058
0 0.532 0.102 0.056 0.064
0 0.535 0.153 0.034 0.042
0 0.613 0.146 0.038 0.08
0 0.677 0.156 0.034 0.064
0 0.673 0.058 0.042 0.032
0 0.716 0.051 0.044 0.054
0 0.764 0.056 0.024 0.064
0 0.401 0.552 0.042 0.06
0 0.463 0.617 0.038 0.078
0 0.502 0.747 0.044 0.062
0 0.338 0.717 0.032 0.042
0 0.304 0.409 0.032 0.054
0 0.475 0.288 0.058 0.08
0 0.548 0.349 0.044 0.07
0 0.581 0.382 0.042 0.052
0 0.405 0.45 0.046 0.068
0 0.559 0.493 0.042 0.066
0 0.537 0.485 0.026 0.038
0 0.337 0.531 0.03 0.046
0 0.587 0.307 0.05 0.07
0 0.637 0.251 0.038 0.082
0 0.671 0.334 0.042 0.048
0 0.395 0.866 0.034 0.052
0 0.634 0.636 0.056 0.104
0 0.821 0.698 0.046 0.056
0 0.6 0.796 0.048 0.072
0 0.708 0.738 0.044 0.072
0 0.602 0.933 0.024 0.05
0 0.663 0.917 0.05 0.078
0 0.703 0.937 0.042 0.034
0 0.474 0.953 0.044 0.058
0 0.51 0.671 0.04 0.054
0 0.585 0.71 0.034 0.052
0 0.974 0.741 0.036 0.034
0 0.947 0.743 0.026 0.034
0 0.882 0.699 0.036 0.054
0 0.662 0.572 0.056 0.096
0 0.713 0.605 0.03 0.066
0 0.78 0.62 0.044 0.076
0 0.815 0.555 0.046 0.05
0 0.873 0.482 0.046 0.108
0 0.918 0.464 0.044 0.06
0 0.768 0.471 0.044 0.054
0 0.835 0.419 0.038 0.05
0 0.946 0.533 0.044 0.074
0 0.971 0.656 0.03 0.044
0 0.985 0.676 0.026 0.028
0 0.788 0.356 0.048 0.048
0 0.948 0.397 0.06 0.098
0 0.962 0.304 0.056 0.068
0 0.819 0.235 0.046 0.062
0 0.863 0.262 0.058 0.084
0 0.802 0.08 0.052 0.076
0 0.836 0.041 0.056 0.062
0 0.868 0.12 0.032 0.056
0 0.94 0.187 0.044 0.082
0 0.972 0.87 0.04 0.064
1 0.096 0.904 0.016 0.028
1 0.187 0.878 0.01 0.012
1 0.198 0.884 0.016 0.02
1 0.174 0.809 0.016 0.03
1 0.1 0.681 0.016 0.026
1 0.109 0.431 0.022 0.026
1 0.092 0.748 0.028 0.036
1 0.06 0.254 0.016 0.036
1 0.142 0.252 0.024 0.052
1 0.193 0.212 0.022 0.028
1 0.021 0.067 0.034 0.018
1 0.034 0.056 0.008 0.016
1 0.111 0.049 0.022 0.022
1 0.111 0.104 0.026 0.072
1 0.362 0.181 0.024 0.03
1 0.492 0.192 0.02 0.028
1 0.38 0.115 0.024 0.022
1 0.457 0.536 0.014 0.016
1 0.698 0.175 0.02 0.026
1 0.502 0.791 0.024 0.026
1 0.354 0.401 0.024 0.026
1 0.377 0.421 0.018 0.026
1 0.358 0.454 0.012 0.028
1 0.349 0.436 0.014 0.02
1 0.335 0.418 0.022 0.044
1 0.291 0.502 0.026 0.032
1 0.306 0.476 0.02 0.028
1 0.285 0.338 0.022 0.028
1 0.277 0.303 0.018 0.022
1 0.309 0.225 0.022 0.026
1 0.459 0.339 0.03 0.026
1 0.348 0.548 0.016 0.02
1 0.354 0.516 0.012 0.036
1 0.524 0.336 0.024 0.028
1 0.598 0.255 0.02 0.022
1 0.693 0.252 0.03 0.024
1 0.725 0.319 0.022 0.03
1 0.32 0.883 0.024 0.022
1 0.656 0.745 0.028 0.042
1 0.679 0.72 0.022 0.048
1 0.846 0.667 0.024 0.034
1 0.828 0.651 0.012 0.014
1 0.836 0.63 0.016 0.02
1 0.442 0.961 0.02 0.03
1 0.448 0.921 0.02 0.026
1 0.491 0.869 0.014 0.038
1 0.024 0.888 0.024 0.02
1 0.226 0.714 0.036 0.032
1 0.4 0.749 0.016 0.018
1 0.537 0.68 0.026 0.028
1 0.564 0.652 0.024 0.024
1 0.55 0.702 0.024 0.028
1 0.568 0.699 0.012 0.026
1 0.954 0.771 0.016 0.014
1 0.944 0.77 0.008 0.012
1 0.944 0.702 0.02 0.02
1 0.6 0.572 0.016 0.028
1 0.806 0.581 0.024 0.026
1 0.829 0.527 0.022 0.018
1 0.609 0.44 0.026 0.036
1 0.609 0.497 0.022 0.034
1 0.633 0.515 0.026 0.026
1 0.682 0.509 0.032 0.022
1 0.911 0.587 0.026 0.026
1 0.947 0.571 0.022 0.03
1 0.991 0.565 0.014 0.014
1 0.976 0.69 0.008 0.012
1 0.767 0.384 0.034 0.024
1 0.868 0.352 0.016 0.024
1 0.884 0.335 0.016 0.026
1 0.991 0.488 0.014 0.028
1 0.904 0.258 0.02 0.024
1 0.911 0.23 0.014 0.032
1 0.852 0.298 0.036 0.036
1 0.904 0.043 0.032 0.038
1 0.908 0.028 0.016 0.028
1 0.672 0.089 0.032 0.03
1 0.624 0.048 0.012 0.016
1 0.61 0.022 0.016 0.024
1 0.694 0.129 0.016 0.018
1 0.688 0.102 0.028 0.024
1 0.961 0.945 0.022 0.022
2 0.399 0.185 0.014 0.018
2 0.448 0.651 0.036 0.038
2 0.448 0.7 0.016 0.02
2 0.239 0.381 0.022 0.018
2 0.237 0.358 0.014 0.016
2 0.263 0.065 0.026 0.022
2 0.227 0.057 0.026 0.018
2 0.405 0.228 0.026 0.032
2 0.749 0.29 0.026 0.028
2 0.427 0.883 0.034 0.086
2 0.063 0.94 0.022 0.016
2 0.199 0.947 0.03 0.03
2 0.89 0.898 0.028 0.044
2 0.649 0.454 0.026 0.048
2 0.986 0.622 0.024 0.036
2 0.588 0.188 0.024 0.04