0 0.938 0.996 0.028 0.004
0 0.898 0.996 0.028 0.004
0 0.864 0.935 0.04 0.054
0 0.802 0.964 0.032 0.028
0 0.828 0.966 0.036 0.048
0 0.811 0.988 0.022 0.016
0 0.786 0.989 0.024 0.018
0 0.769 0.959 0.026 0.054
0 0.674 0.924 0.044 0.048
0 0.62 0.937 0.052 0.058
0 0.564 0.993 0.044 0.01
0 0.527 0.977 0.03 0.034
0 0.512 0.994 0.02 0.008
0 0.482 0.99 0.036 0.016
0 0.45 0.984 0.04 0.028
0 0.409 0.983 0.046 0.03
0 0.335 0.977 0.046 0.042
0 0.316 0.994 0.02 0.008
0 0.263 0.981 0.046 0.034
0 0.182 0.995 0.024 0.006
0 0.063 0.988 0.042 0.02
0 0.034 0.974 0.044 0.044
0 0.041 0.94 0.034 0.056
0 0.068 0.93 0.052 0.088
0 0.128 0.89 0.048 0.06
0 0.158 0.954 0.04 0.052
0 0.196 0.949 0.028 0.03
0 0.213 0.937 0.042 0.042
0 0.299 0.926 0.034 0.064
0 0.327 0.885 0.05 0.062
0 0.353 0.874 0.026 0.036
0 0.391 0.931 0.042 0.062
0 0.45 0.931 0.04 0.042
0 0.466 0.906 0.048 0.052
0 0.519 0.864 0.042 0.056
0 0.61 0.829 0.028 0.042
0 0.619 0.812 0.034 0.048
0 0.685 0.845 0.054 0.062
0 0.763 0.884 0.042 0.044
0 0.825 0.897 0.038 0.054
0 0.944 0.854 0.048 0.056
0 0.981 0.797 0.034 0.09
0 0.981 0.728 0.034 0.084
0 0.81 0.769 0.048 0.07
0 0.791 0.731 0.038 0.054
0 0.921 0.678 0.046 0.076
0 0.733 0.792 0.038 0.068
0 0.353 0.797 0.046 0.082
0 0.245 0.845 0.038 0.058
0 0.167 0.85 0.046 0.08
0 0.052 0.863 0.04 0.05
0 0.127 0.783 0.038 0.054
0 0.044 0.78 0.036 0.052
0 0.008 0.776 0.012 0.048
0 0.097 0.714 0.042 0.072
0 0.152 0.705 0.032 0.058
0 0.181 0.78 0.03 0.052
0 0.348 0.729 0.04 0.062
0 0.483 0.79 0.062 0.064
0 0.457 0.722 0.062 0.072
0 0.408 0.724 0.04 0.056
0 0.533 0.7 0.05 0.048
0 0.601 0.725 0.046 0.062
0 0.64 0.711 0.04 0.07
0 0.597 0.628 0.046 0.084
0 0.567 0.619 0.026 0.038
0 0.507 0.578 0.054 0.072
0 0.364 0.579 0.036 0.046
0 0.665 0.774 0.026 0.052
0 0.74 0.769 0.06 0.042
0 0.738 0.729 0.032 0.03
0 0.726 0.697 0.052 0.07
0 0.764 0.702 0.044 0.068
0 0.952 0.619 0.048 0.066
0 0.871 0.695 0.046 0.066
0 0.832 0.699 0.036 0.058
0 0.829 0.628 0.03 0.04
0 0.803 0.677 0.05 0.062
0 0.794 0.645 0.036 0.03
0 0.792 0.613 0.04 0.038
0 0.681 0.605 0.046 0.078
0 0.676 0.648 0.04 0.052
0 0.638 0.607 0.04 0.066
0 0.313 0.681 0.042 0.058
0 0.3 0.635 0.04 0.046
0 0.193 0.678 0.038 0.068
0 0.213 0.634 0.054 0.064
0 0.235 0.59 0.054 0.06
0 0.145 0.598 0.054 0.068
0 0.106 0.611 0.056 0.066
0 0.988 0.442 0.02 0.064
0 0.924 0.508 0.048 0.076
0 0.894 0.547 0.04 0.058
0 0.862 0.524 0.04 0.072
0 0.722 0.489 0.048 0.062
0 0.649 0.534 0.05 0.052
0 0.604 0.495 0.06 0.042
0 0.629 0.459 0.042 0.054
0 0.501 0.499 0.038 0.07
0 0.537 0.509 0.05 0.054
0 0.449 0.525 0.046 0.058
0 0.378 0.532 0.056 0.056
0 0.392 0.574 0.036 0.048
0 0.022 0.504 0.04 0.064
0 0.023 0.452 0.038 0.056
0 0.155 0.517 0.038 0.054
0 0.961 0.358 0.042 0.064
0 0.911 0.399 0.05 0.054
0 0.866 0.423 0.044 0.078
0 0.832 0.411 0.04 0.046
0 0.783 0.437 0.054 0.074
0 0.677 0.393 0.042 0.054
0 0.638 0.386 0.044 0.06
0 0.508 0.409 0.044 0.054
0 0.364 0.429 0.048 0.07
0 0.347 0.394 0.054 0.096
0 0.25 0.435 0.048 0.058
0 0.202 0.551 0.04 0.038
0 0.018 0.387 0.024 0.038
0 0.15 0.451 0.04 0.046
0 0.154 0.475 0.04 0.038
0 0.146 0.397 0.036 0.046
0 0.131 0.358 0.05 0.076
0 0.13 0.306 0.044 0.052
0 0.019 0.29 0.034 0.076
0 0.178 0.315 0.048 0.062
0 0.226 0.38 0.052 0.06
0 0.266 0.352 0.032 0.032
0 0.406 0.343 0.048 0.074
0 0.468 0.319 0.048 0.074
0 0.444 0.266 0.036 0.072
0 0.416 0.262 0.032 0.076
0 0.534 0.34 0.02 0.04
0 0.585 0.291 0.042 0.05
0 0.545 0.172 0.062 0.084
0 0.684 0.296 0.052 0.096
0 0.647 0.221 0.038 0.07
0 0.623 0.172 0.046 0.08
0 0.675 0.174 0.038 0.068
0 0.934 0.262 0.06 0.088
0 0.868 0.29 0.044 0.068
0 0.991 0.155 0.014 0.058
0 0.951 0.154 0.042 0.064
0 0.978 0.039 0.04 0.074
0 0.936 0.033 0.04 0.062
0 0.891 0.142 0.046 0.06
0 0.866 0.097 0.036 0.07
0 0.957 0.083 0.026 0.038
0 0.844 0.013 0.032 0.022
0 0.799 0.011 0.026 0.018
0 0.797 0.105 0.058 0.074
0 0.774 0.182 0.048 0.08
0 0.759 0.113 0.038 0.066
0 0.817 0.17 0.046 0.08
0 0.84 0.171 0.032 0.074
0 0.683 0.108 0.05 0.06
0 0.594 0.042 0.068 0.08
0 0.529 0.031 0.038 0.058
0 0.523 0.111 0.062 0.118
0 0.44 0.19 0.032 0.064
0 0.437 0.107 0.058 0.09
0 0.446 0.024 0.048 0.044
0 0.39 0.032 0.036 0.06
0 0.322 0.121 0.044 0.082
0 0.088 0.016 0.04 0.028
0 0.026 0.047 0.044 0.046
0 0.026 0.019 0.048 0.034
0 0.004 0.078 0.004 0.032
0 0.159 0.171 0.054 0.074
0 0.01 0.169 0.016 0.058
0 0.114 0.179 0.04 0.062
0 0.12 0.08 0.044 0.052
0 0.153 0.106 0.066 0.064
0 0.225 0.034 0.07 0.064
0 0.214 0.066 0.024 0.028
0 0.142 0.012 0.032 0.02
0 0.302 0.014 0.028 0.024
1 0.557 0.853 0.022 0.026
1 0.913 0.798 0.022 0.044
1 0.068 0.839 0.02 0.03
1 0.172 0.703 0.012 0.03
1 0.288 0.749 0.02 0.046
1 0.528 0.673 0.036 0.018
1 0.579 0.77 0.026 0.032
1 0.442 0.586 0.032 0.016
1 0.878 0.663 0.016 0.018
1 0.241 0.65 0.018 0.04
1 0.955 0.412 0.018 0.02
1 0.844 0.385 0.016 0.018
1 0.602 0.397 0.02 0.018
1 0.413 0.406 0.022 0.024
1 0.316 0.403 0.012 0.05
1 0.194 0.497 0.032 0.014
1 0.321 0.245 0.018 0.042
1 0.255 0.27 0.014 0.04
1 0.25 0.233 0.016 0.038
1 0.31 0.292 0.02 0.044
1 0.276 0.266 0.032 0.052
1 0.429 0.36 0.022 0.02
1 0.503 0.261 0.022 0.022
1 0.512 0.28 0.02 0.028
1 0.577 0.223 0.01 0.03
1 0.658 0.344 0.036 0.016
1 0.803 0.351 0.022 0.022
1 0.921 0.343 0.018 0.026
1 0.776 0.299 0.02 0.026
1 0.842 0.248 0.02 0.036
1 0.923 0.127 0.026 0.022
1 0.639 0.064 0.03 0.02
1 0.646 0.103 0.036 0.022
1 0.644 0.122 0.028 0.02
1 0.494 0.027 0.024 0.042
1 0.145 0.211 0.018 0.026
1 0.078 0.129 0.028 0.026
1 0.203 0.089 0.026 0.026
1 0.245 0.173 0.018 0.034
1 0.224 0.09 0.016 0.024
1 0.284 0.03 0.028 0.028
1 0.302 0.077 0.02 0.038
2 0.977 0.948 0.034 0.036
2 0.765 0.994 0.022 0.008
2 0.805 0.995 0.026 0.006
2 0.014 0.942 0.02 0.044
2 0.243 0.894 0.018 0.04
2 0.278 0.886 0.016 0.036
2 0.871 0.884 0.026 0.044
2 0.935 0.89 0.034 0.028
2 0.936 0.735 0.044 0.026
2 0.929 0.78 0.022 0.048
2 0.908 0.769 0.02 0.018
2 0.916 0.749 0.024 0.014
2 0.021 0.805 0.018 0.042
2 0.722 0.63 0.036 0.08
2 0.347 0.684 0.034 0.048
2 0.298 0.577 0.056 0.05
2 0.301 0.6 0.022 0.028
2 0.907 0.473 0.022 0.022
2 0.892 0.496 0.02 0.04
2 0.817 0.529 0.022 0.046
2 0.816 0.491 0.024 0.018
2 0.808 0.562 0.032 0.028
2 0.709 0.527 0.046 0.038
2 0.616 0.533 0.052 0.054
2 0.011 0.574 0.018 0.028
2 0.031 0.63 0.026 0.024
2 0.015 0.608 0.026 0.032
2 0.083 0.582 0.034 0.036
2 0.659 0.434 0.026 0.02
2 0.573 0.43 0.022 0.028
2 0.28 0.507 0.056 0.054
2 0.282 0.463 0.04 0.054
2 0.254 0.477 0.02 0.03
2 0.228 0.502 0.032 0.024
2 0.2 0.524 0.04 0.024
2 0.104 0.507 0.032 0.034
2 0.08 0.417 0.024 0.066
2 0.069 0.245 0.034 0.046
2 0.399 0.245 0.018 0.026
2 0.57 0.335 0.016 0.014
2 0.579 0.265 0.03 0.026
2 0.541 0.287 0.034 0.03
2 0.537 0.231 0.026 0.074
2 0.834 0.33 0.028 0.02
2 0.764 0.314 0.028 0.028
2 0.792 0.381 0.036 0.046
2 0.697 0.021 0.046 0.038
2 0.735 0.118 0.018 0.036
2 0.443 0.644 0.034 0.028
2 0.055 0.195 0.026 0.03
2 0.035 0.171 0.03 0.034
2 0.239 0.134 0.026 0.04
2 0.044 0.112 0.052 0.056
2 0.326 0.027 0.028 0.05
2 0.288 0.706 0.032 0.036