0 0.949 0.99 0.038 0.016
0 0.989 0.886 0.018 0.04
0 0.837 0.97 0.046 0.056
0 0.815 0.977 0.018 0.038
0 0.706 0.994 0.04 0.008
0 0.605 0.99 0.046 0.016
0 0.513 0.988 0.05 0.02
0 0.463 0.987 0.038 0.022
0 0.934 0.937 0.04 0.03
0 0.959 0.74 0.038 0.04
0 0.894 0.754 0.048 0.044
0 0.961 0.031 0.03 0.038
0 0.976 0.05 0.028 0.04
0 0.919 0.082 0.034 0.04
0 0.877 0.096 0.034 0.024
0 0.878 0.07 0.02 0.024
0 0.866 0.017 0.04 0.03
0 0.711 0.017 0.042 0.03
0 0.774 0.085 0.06 0.046
0 0.646 0.037 0.048 0.034
0 0.663 0.077 0.058 0.05
0 0.706 0.113 0.036 0.046
0 0.761 0.137 0.022 0.018
0 0.658 0.178 0.056 0.048
0 0.739 0.22 0.034 0.036
0 0.677 0.221 0.05 0.038
0 0.703 0.278 0.038 0.04
0 0.762 0.292 0.036 0.036
0 0.793 0.317 0.03 0.046
0 0.81 0.36 0.044 0.052
0 0.78 0.389 0.044 0.042
0 0.704 0.433 0.04 0.046
0 0.892 0.563 0.06 0.058
0 0.887 0.625 0.038 0.03
0 0.795 0.656 0.03 0.044
0 0.88 0.873 0.06 0.07
0 0.724 0.92 0.028 0.036
0 0.667 0.973 0.03 0.026
0 0.627 0.902 0.042 0.048
0 0.65 0.881 0.048 0.042
0 0.815 0.85 0.038 0.044
0 0.796 0.8 0.028 0.036
0 0.724 0.774 0.032 0.036
0 0.762 0.747 0.02 0.022
0 0.925 0.695 0.038 0.042
0 0.97 0.692 0.028 0.028
0 0.944 0.683 0.024 0.026
0 0.963 0.661 0.058 0.066
0 0.991 0.514 0.014 0.04
0 0.958 0.51 0.044 0.036
0 0.963 0.453 0.034 0.03
0 0.989 0.326 0.018 0.036
0 0.97 0.307 0.02 0.03
0 0.987 0.276 0.022 0.044
0 0.894 0.168 0.04 0.044
0 0.843 0.201 0.03 0.046
0 0.909 0.241 0.058 0.038
0 0.884 0.264 0.036 0.032
0 0.752 0.565 0.036 0.042
0 0.698 0.547 0.032 0.03
0 0.68 0.641 0.036 0.046
0 0.741 0.678 0.022 0.036
0 0.718 0.675 0.036 0.046
0 0.66 0.696 0.036 0.036
0 0.511 0.927 0.042 0.038
0 0.368 0.951 0.036 0.038
0 0.366 0.918 0.024 0.028
0 0.313 0.969 0.05 0.05
0 0.306 0.894 0.044 0.056
0 0.169 0.994 0.026 0.008
0 0.059 0.978 0.034 0.04
0 0.039 0.943 0.058 0.05
0 0.111 0.943 0.046 0.062
0 0.007 0.886 0.01 0.048
0 0.012 0.831 0.02 0.03
0 0.21 0.921 0.052 0.054
0 0.163 0.859 0.042 0.034
0 0.118 0.825 0.04 0.042
0 0.068 0.77 0.04 0.048
0 0.554 0.861 0.032 0.038
0 0.527 0.81 0.022 0.016
0 0.56 0.728 0.068 0.056
0 0.551 0.625 0.062 0.046
0 0.624 0.246 0.048 0.048
0 0.515 0.285 0.05 0.05
0 0.553 0.26 0.034 0.028
0 0.558 0.222 0.036 0.036
0 0.561 0.178 0.038 0.052
0 0.51 0.139 0.024 0.022
0 0.507 0.121 0.034 0.026
0 0.505 0.167 0.042 0.038
0 0.482 0.142 0.016 0.032
0 0.449 0.2 0.022 0.028
0 0.421 0.184 0.034 0.032
0 0.377 0.263 0.05 0.042
0 0.441 0.297 0.046 0.034
0 0.577 0.007 0.022 0.01
0 0.572 0.068 0.036 0.04
0 0.507 0.067 0.034 0.03
0 0.454 0.039 0.036 0.034
0 0.445 0.088 0.034 0.04
0 0.407 0.07 0.034 0.04
0 0.344 0.015 0.068 0.026
0 0.33 0.018 0.032 0.028
0 0.35 0.044 0.036 0.024
0 0.299 0.053 0.014 0.022
0 0.32 0.079 0.04 0.038
0 0.368 0.099 0.036 0.034
0 0.342 0.122 0.04 0.028
0 0.331 0.143 0.034 0.034
0 0.271 0.11 0.046 0.06
0 0.22 0.112 0.056 0.052
0 0.191 0.019 0.034 0.034
0 0.226 0.045 0.028 0.034
0 0.179 0.067 0.026 0.046
0 0.156 0.055 0.024 0.038
0 0.087 0.096 0.054 0.052
0 0.012 0.029 0.02 0.042
0 0.004 0.111 0.004 0.034
0 0.008 0.091 0.012 0.022
0 0.034 0.112 0.036 0.036
0 0.026 0.167 0.036 0.034
0 0.012 0.257 0.02 0.046
0 0.068 0.279 0.052 0.05
0 0.109 0.279 0.026 0.026
0 0.122 0.146 0.04 0.04
0 0.209 0.171 0.042 0.05
0 0.239 0.163 0.03 0.034
0 0.274 0.203 0.036 0.034
0 0.336 0.213 0.056 0.038
0 0.171 0.22 0.05 0.052
0 0.112 0.205 0.04 0.034
0 0.134 0.199 0.028 0.026
0 0.097 0.225 0.026 0.038
0 0.166 0.257 0.036 0.034
0 0.483 0.588 0.05 0.056
0 0.444 0.573 0.024 0.038
0 0.445 0.523 0.042 0.038
0 0.37 0.489 0.044 0.042
0 0.471 0.45 0.042 0.032
0 0.496 0.416 0.048 0.04
0 0.427 0.352 0.03 0.044
0 0.369 0.389 0.038 0.038
0 0.385 0.446 0.038 0.048
0 0.329 0.447 0.03 0.034
0 0.294 0.484 0.032 0.032
0 0.27 0.43 0.036 0.036
0 0.218 0.332 0.032 0.02
0 0.248 0.334 0.02 0.016
0 0.206 0.357 0.036 0.034
0 0.175 0.359 0.034 0.042
0 0.147 0.344 0.026 0.028
0 0.156 0.314 0.032 0.036
0 0.12 0.385 0.028 0.034
0 0.099 0.359 0.026 0.022
0 0.083 0.391 0.042 0.042
0 0.073 0.402 0.062 0.072
0 0.171 0.436 0.054 0.06
0 0.08 0.495 0.04 0.05
0 0.069 0.529 0.026 0.034
0 0.127 0.59 0.046 0.048
0 0.142 0.568 0.028 0.04
0 0.195 0.546 0.042 0.048
0 0.267 0.532 0.042 0.048
0 0.318 0.557 0.052 0.038
0 0.314 0.602 0.024 0.028
0 0.316 0.675 0.032 0.042
0 0.022 0.688 0.036 0.048
0 0.129 0.715 0.026 0.03
0 0.184 0.712 0.04 0.04
0 0.456 0.729 0.044 0.042
0 0.42 0.748 0.036 0.036
0 0.347 0.763 0.038 0.05
0 0.304 0.731 0.028 0.03
0 0.508 0.773 0.028 0.018
0 0.479 0.802 0.05 0.04
0 0.491 0.826 0.034 0.048
0 0.407 0.894 0.046 0.036
0 0.417 0.863 0.034 0.026
0 0.509 0.468 0.03 0.02
0 0.831 0.674 0.034 0.056
1 0.866 0.241 0.016 0.022
1 0.862 0.269 0.016 0.022
1 0.148 0.98 0.024 0.036
1 0.099 0.976 0.018 0.028
1 0.545 0.685 0.022 0.022
1 0.139 0.046 0.014 0.02
1 0.452 0.335 0.024 0.018
1 0.599 0.112 0.022 0.016
1 0.607 0.126 0.014 0.016
1 0.63 0.152 0.012 0.02
1 0.99 0.991 0.016 0.014
1 0.793 0.959 0.014 0.026
1 0.75 0.959 0.016 0.022
1 0.914 0.951 0.016 0.026
1 0.917 0.92 0.026 0.024
1 0.931 0.898 0.022 0.02
1 0.98 0.794 0.02 0.016
1 0.921 0.789 0.018 0.018
1 0.857 0.769 0.014 0.018
1 0.844 0.758 0.016 0.016
1 0.9 0.095 0.008 0.026
1 0.756 0.102 0.028 0.024
1 0.806 0.094 0.008 0.008
1 0.689 0.039 0.022 0.022
1 0.708 0.059 0.024 0.03
1 0.609 0.011 0.026 0.018
1 0.748 0.116 0.012 0.012
1 0.738 0.108 0.02 0.016
1 0.685 0.256 0.018 0.016
1 0.775 0.417 0.018 0.018
1 0.828 0.425 0.02 0.026
1 0.806 0.519 0.02 0.022
1 0.776 0.509 0.016 0.03
1 0.758 0.5 0.024 0.036
1 0.918 0.556 0.024 0.024
1 0.961 0.566 0.03 0.02
1 0.99 0.611 0.016 0.026
1 0.66 0.943 0.012 0.014
1 0.751 0.791 0.014 0.022
1 0.707 0.802 0.018 0.028
1 0.995 0.683 0.006 0.022
1 0.992 0.462 0.012 0.032
1 0.993 0.195 0.01 0.034
1 0.98 0.197 0.012 0.022
1 0.85 0.17 0.008 0.02
1 0.837 0.163 0.014 0.034
1 0.824 0.142 0.02 0.016
1 0.943 0.277 0.014 0.01
1 0.827 0.289 0.006 0.022
1 0.673 0.5 0.018 0.024
1 0.632 0.697 0.016 0.038
1 0.353 0.996 0.038 0.004
1 0.297 0.931 0.026 0.022
1 0.331 0.921 0.018 0.018
1 0.208 0.969 0.024 0.034
1 0.141 0.99 0.022 0.016
1 0.004 0.919 0.004 0.018
1 0.085 0.807 0.022 0.022
1 0.198 0.826 0.04 0.028
1 0.183 0.799 0.022 0.018
1 0.224 0.782 0.024 0.028
1 0.234 0.846 0.016 0.02
1 0.272 0.848 0.02 0.024
1 0.306 0.84 0.02 0.028
1 0.312 0.865 0.008 0.014
1 0.33 0.865 0.008 0.01
1 0.35 0.861 0.016 0.026
1 0.291 0.782 0.034 0.012
1 0.694 0.848 0.02 0.02
1 0.612 0.822 0.02 0.028
1 0.548 0.831 0.016 0.03
1 0.591 0.797 0.018 0.042
1 0.523 0.792 0.018 0.02
1 0.571 0.597 0.022 0.01
1 0.593 0.558 0.006 0.016
1 0.547 0.541 0.018 0.022
1 0.523 0.55 0.018 0.02
1 0.505 0.528 0.022 0.028
1 0.641 0.293 0.018 0.026
1 0.523 0.324 0.022 0.02
1 0.493 0.2 0.018 0.016
1 0.453 0.223 0.026 0.014
1 0.408 0.227 0.02 0.018
1 0.518 0.009 0.028 0.014
1 0.476 0.014 0.016 0.016
1 0.488 0.021 0.008 0.014
1 0.277 0.021 0.022 0.022
1 0.235 0.095 0.022 0.026
1 0.253 0.081 0.022 0.022
1 0.135 0.067 0.014 0.026
1 0.07 0.121 0.016 0.022
1 0.122 0.004 0.032 0.004
1 0.145 0.005 0.014 0.006
1 0.015 0.211 0.026 0.026
1 0.119 0.311 0.01 0.014
1 0.139 0.092 0.014 0.016
1 0.293 0.294 0.022 0.02
1 0.421 0.604 0.018 0.024
1 0.462 0.655 0.02 0.014
1 0.468 0.425 0.02 0.018
1 0.491 0.371 0.014 0.03
1 0.607 0.38 0.022 0.028
1 0.344 0.368 0.02 0.02
1 0.008 0.539 0.012 0.034
1 0.004 0.492 0.004 0.028
1 0.036 0.6 0.02 0.02
1 0.233 0.602 0.022 0.028
1 0.256 0.633 0.024 0.026
1 0.174 0.66 0.012 0.012
1 0.144 0.633 0.024 0.026
1 0.106 0.641 0.02 0.018
1 0.03 0.663 0.028 0.022
1 0.207 0.717 0.014 0.03
1 0.403 0.702 0.034 0.024
1 0.409 0.784 0.022 0.024
1 0.304 0.756 0.028 0.016
1 0.399 0.84 0.018 0.024
1 0.453 0.88 0.034 0.024
1 0.468 0.836 0.012 0.02
1 0.207 0.75 0.034 0.032
1 0.234 0.736 0.02 0.032
1 0.663 0.428 0.01 0.016
1 0.23 0.528 0.016 0.016
1 0.365 0.36 0.018 0.02
1 0.369 0.28 0.014 0.016
1 0.617 0.137 0.014 0.014
2 0.764 0.953 0.024 0.026
2 0.85 0.048 0.028 0.024
2 0.845 0.062 0.014 0.02
2 0.702 0.774 0.012 0.028
2 0.862 0.18 0.012 0.024
2 0.793 0.58 0.026 0.024
2 0.76 0.534 0.02 0.028
2 0.17 0.132 0.028 0.024
2 0.486 0.299 0.04 0.034
2 0.394 0.248 0.016 0.016