0 0.978 0.9 0.04 0.084
0 0.906 0.977 0.036 0.042
0 0.845 0.984 0.042 0.028
0 0.798 0.976 0.04 0.044
0 0.716 0.955 0.048 0.062
0 0.648 0.988 0.04 0.02
0 0.608 0.988 0.028 0.02
0 0.616 0.97 0.044 0.052
0 0.64 0.955 0.036 0.046
0 0.564 0.947 0.052 0.066
0 0.472 0.977 0.048 0.042
0 0.435 0.977 0.046 0.042
0 0.365 0.973 0.046 0.05
0 0.351 0.945 0.038 0.066
0 0.315 0.945 0.05 0.062
0 0.293 0.928 0.042 0.064
0 0.259 0.954 0.042 0.076
0 0.203 0.971 0.058 0.054
0 0.194 0.942 0.04 0.048
0 0.174 0.985 0.052 0.026
0 0.124 0.981 0.052 0.034
0 0.134 0.958 0.052 0.056
0 0.074 0.952 0.036 0.056
0 0.035 0.992 0.042 0.012
0 0.043 0.965 0.042 0.054
0 0.083 0.894 0.05 0.056
0 0.016 0.899 0.028 0.062
0 0.024 0.945 0.028 0.042
0 0.031 0.917 0.05 0.042
0 0.872 0.86 0.048 0.056
0 0.915 0.835 0.058 0.078
0 0.932 0.758 0.044 0.052
0 0.969 0.706 0.058 0.072
0 0.936 0.692 0.04 0.044
0 0.948 0.674 0.024 0.036
0 0.866 0.785 0.032 0.054
0 0.895 0.778 0.046 0.06
0 0.764 0.827 0.048 0.062
0 0.678 0.87 0.048 0.064
0 0.715 0.863 0.062 0.094
0 0.827 0.658 0.046 0.048
0 0.856 0.639 0.048 0.05
0 0.806 0.71 0.052 0.048
0 0.795 0.748 0.05 0.032
0 0.612 0.85 0.04 0.052
0 0.534 0.865 0.056 0.082
0 0.636 0.784 0.04 0.072
0 0.586 0.808 0.036 0.056
0 0.482 0.916 0.052 0.064
0 0.405 0.888 0.042 0.076
0 0.29 0.863 0.044 0.078
0 0.224 0.902 0.052 0.068
0 0.239 0.855 0.05 0.038
0 0.067 0.789 0.05 0.054
0 0.053 0.764 0.038 0.032
0 0.009 0.719 0.014 0.054
0 0.034 0.682 0.044 0.068
0 0.09 0.693 0.036 0.054
0 0.131 0.773 0.042 0.058
0 0.161 0.759 0.03 0.05
0 0.183 0.789 0.034 0.058
0 0.2 0.77 0.036 0.036
0 0.24 0.768 0.064 0.076
0 0.22 0.729 0.06 0.062
0 0.323 0.75 0.038 0.036
0 0.325 0.723 0.038 0.054
0 0.366 0.785 0.032 0.054
0 0.318 0.794 0.044 0.056
0 0.327 0.765 0.042 0.042
0 0.354 0.77 0.032 0.06
0 0.432 0.736 0.04 0.056
0 0.474 0.78 0.036 0.036
0 0.986 0.602 0.024 0.064
0 0.952 0.59 0.04 0.076
0 0.898 0.581 0.048 0.058
0 0.91 0.537 0.036 0.05
0 0.88 0.562 0.028 0.036
0 0.859 0.518 0.042 0.048
0 0.807 0.565 0.046 0.05
0 0.794 0.629 0.048 0.05
0 0.781 0.598 0.062 0.072
0 0.714 0.699 0.044 0.062
0 0.662 0.723 0.056 0.062
0 0.672 0.65 0.044 0.052
0 0.714 0.58 0.036 0.048
0 0.543 0.73 0.034 0.052
0 0.58 0.716 0.052 0.072
0 0.47 0.74 0.024 0.032
0 0.457 0.747 0.022 0.034
0 0.524 0.683 0.048 0.054
0 0.56 0.656 0.048 0.076
0 0.69 0.505 0.036 0.05
0 0.656 0.526 0.032 0.072
0 0.63 0.535 0.032 0.046
0 0.634 0.633 0.052 0.066
0 0.646 0.591 0.04 0.042
0 0.577 0.589 0.034 0.05
0 0.605 0.597 0.046 0.058
0 0.507 0.602 0.05 0.056
0 0.476 0.649 0.048 0.054
0 0.444 0.667 0.036 0.046
0 0.397 0.661 0.042 0.046
0 0.42 0.625 0.044 0.058
0 0.37 0.646 0.056 0.028
0 0.493 0.557 0.042 0.046
0 0.466 0.582 0.044 0.048
0 0.487 0.515 0.034 0.042
0 0.419 0.565 0.034 0.05
0 0.384 0.588 0.032 0.048
0 0.352 0.59 0.04 0.052
0 0.328 0.562 0.044 0.048
0 0.428 0.486 0.04 0.044
0 0.393 0.491 0.038 0.042
0 0.335 0.513 0.038 0.038
0 0.316 0.499 0.04 0.046
0 0.301 0.559 0.03 0.05
0 0.294 0.526 0.04 0.044
0 0.26 0.642 0.044 0.06
0 0.202 0.62 0.064 0.068
0 0.238 0.577 0.04 0.05
0 0.188 0.559 0.056 0.05
0 0.166 0.611 0.048 0.058
0 0.09 0.581 0.04 0.054
0 0.103 0.546 0.05 0.04
0 0.04 0.52 0.044 0.036
0 0.025 0.496 0.038 0.048
0 0.042 0.47 0.04 0.04
0 0.013 0.454 0.022 0.036
0 0.027 0.426 0.046 0.048
0 0.988 0.382 0.02 0.044
0 0.981 0.442 0.034 0.072
0 0.947 0.41 0.042 0.056
0 0.968 0.365 0.044 0.042
0 0.915 0.459 0.034 0.046
0 0.889 0.406 0.03 0.036
0 0.769 0.478 0.042 0.052
0 0.846 0.39 0.036 0.04
0 0.78 0.403 0.044 0.054
0 0.819 0.368 0.05 0.044
0 0.839 0.333 0.038 0.038
0 0.721 0.392 0.038 0.036
0 0.767 0.343 0.042 0.054
0 0.799 0.324 0.034 0.044
0 0.809 0.292 0.05 0.044
0 0.596 0.466 0.036 0.048
0 0.693 0.421 0.03 0.026
0 0.637 0.456 0.046 0.048
0 0.658 0.431 0.04 0.046
0 0.689 0.357 0.046 0.046
0 0.661 0.377 0.03 0.03
0 0.659 0.394 0.03 0.024
0 0.632 0.354 0.036 0.048
0 0.523 0.449 0.042 0.046
0 0.428 0.447 0.036 0.038
0 0.456 0.438 0.04 0.036
0 0.461 0.427 0.026 0.026
0 0.467 0.409 0.03 0.03
0 0.357 0.451 0.046 0.054
0 0.255 0.473 0.038 0.058
0 0.205 0.477 0.042 0.034
0 0.226 0.43 0.052 0.044
0 0.009 0.367 0.014 0.034
0 0.061 0.36 0.046 0.036
0 0.116 0.384 0.032 0.024
0 0.137 0.4 0.038 0.048
0 0.17 0.369 0.04 0.042
0 0.215 0.359 0.034 0.046
0 0.981 0.301 0.034 0.05
0 0.956 0.257 0.048 0.054
0 0.926 0.291 0.04 0.05
0 0.918 0.047 0.052 0.066
0 0.9 0.323 0.04 0.042
0 0.913 0.336 0.022 0.024
0 0.951 0.223 0.034 0.038
0 0.945 0.164 0.034 0.04
0 0.924 0.192 0.04 0.056
0 0.864 0.219 0.048 0.058
0 0.865 0.056 0.05 0.048
0 0.863 0.095 0.042 0.038
0 0.879 0.094 0.038 0.048
0 0.873 0.156 0.046 0.056
0 0.804 0.245 0.048 0.03
0 0.797 0.097 0.058 0.066
0 0.808 0.054 0.052 0.04
0 0.815 0.024 0.054 0.04
0 0.742 0.244 0.052 0.068
0 0.765 0.173 0.058 0.054
0 0.718 0.02 0.044 0.036
0 0.723 0.208 0.038 0.052
0 0.669 0.285 0.042 0.054
0 0.647 0.309 0.038 0.046
0 0.691 0.28 0.03 0.036
0 0.516 0.354 0.032 0.04
0 0.493 0.357 0.046 0.066
0 0.537 0.326 0.05 0.056
0 0.579 0.317 0.042 0.066
0 0.62 0.264 0.036 0.048
0 0.66 0.181 0.04 0.046
0 0.655 0.117 0.066 0.05
0 0.637 0.161 0.05 0.062
0 0.589 0.202 0.046 0.056
0 0.558 0.217 0.032 0.042
0 0.535 0.211 0.042 0.074
0 0.505 0.263 0.046 0.07
0 0.561 0.029 0.054 0.054
0 0.567 0.102 0.07 0.084
0 0.299 0.359 0.038 0.03
0 0.287 0.339 0.042 0.042
0 0.359 0.324 0.046 0.048
0 0.375 0.292 0.042 0.044
0 0.419 0.238 0.058 0.068
0 0.417 0.189 0.054 0.038
0 0.514 0.148 0.036 0.048
0 0.485 0.117 0.054 0.05
0 0.418 0.104 0.048 0.056
0 0.449 0.068 0.042 0.044
0 0.371 0.165 0.046 0.058
0 0.406 0.018 0.048 0.032
0 0.324 0.036 0.044 0.036
0 0.253 0.303 0.034 0.038
0 0.292 0.186 0.052 0.048
0 0.283 0.139 0.05 0.046
0 0.281 0.067 0.05 0.078
0 0.308 0.006 0.024 0.008
0 0.232 0.131 0.044 0.054
0 0.183 0.239 0.042 0.034
0 0.095 0.309 0.042 0.038
0 0.167 0.279 0.042 0.042
0 0.069 0.285 0.042 0.038
0 0.031 0.256 0.042 0.036
0 0.021 0.28 0.038 0.024
0 0.03 0.217 0.052 0.042
0 0.093 0.212 0.034 0.044
0 0.139 0.192 0.042 0.044
0 0.039 0.013 0.03 0.022
0 0.209 0.026 0.058 0.048
0 0.096 0.04 0.048 0.04
0 0.086 0.022 0.06 0.04
0 0.16 0.061 0.056 0.062
0 0.115 0.089 0.042 0.05
0 0.06 0.085 0.056 0.062
1 0.875 0.983 0.022 0.026
1 0.739 0.988 0.03 0.02
1 0.234 0.984 0.028 0.028
1 0.043 0.851 0.034 0.022
1 0.994 0.821 0.008 0.018
1 0.942 0.837 0.016 0.026
1 0.916 0.804 0.02 0.024
1 0.939 0.805 0.026 0.022
1 0.858 0.677 0.04 0.022
1 0.471 0.863 0.026 0.022
1 0.381 0.849 0.022 0.038
1 0.364 0.835 0.032 0.026
1 0.356 0.873 0.024 0.022
1 0.53 0.51 0.02 0.016
1 0.387 0.562 0.018 0.016
1 0.109 0.52 0.03 0.02
1 0.97 0.415 0.028 0.018
1 0.956 0.43 0.024 0.032
1 0.839 0.47 0.026 0.02
1 0.565 0.467 0.022 0.026
1 0.608 0.38 0.016 0.024
1 0.928 0.233 0.024 0.018
1 0.84 0.172 0.02 0.024
1 0.805 0.219 0.034 0.018
1 0.792 0.262 0.032 0.02
1 0.762 0.077 0.012 0.018
1 0.77 0.005 0.028 0.006
1 0.66 0.018 0.02 0.032
1 0.644 0.051 0.024 0.026
1 0.478 0.291 0.016 0.018
1 0.454 0.266 0.028 0.028
1 0.249 0.384 0.022 0.024
1 0.466 0.168 0.02 0.052
1 0.502 0.059 0.024 0.022
1 0.485 0.049 0.022 0.022
1 0.184 0.308 0.024 0.028
1 0.155 0.141 0.026 0.022
1 0.149 0.097 0.038 0.018
1 0.063 0.137 0.03 0.03
1 0.06 0.156 0.032 0.02
1 0.049 0.151 0.006 0.014
1 0.041 0.154 0.014 0.032
2 0.936 0.905 0.048 0.07
2 0.733 0.997 0.022 0.002
2 0.068 0.986 0.016 0.012
2 0.834 0.914 0.024 0.044
2 0.821 0.877 0.014 0.014
2 0.847 0.817 0.03 0.038
2 0.953 0.773 0.018 0.018
2 0.921 0.735 0.034 0.034
2 0.961 0.645 0.018 0.03
2 0.99 0.645 0.016 0.034
2 0.802 0.803 0.04 0.066
2 0.649 0.894 0.054 0.08
2 0.734 0.904 0.06 0.032
2 0.695 0.8 0.042 0.024
2 0.608 0.787 0.032 0.062
2 0.422 0.937 0.028 0.038
2 0.443 0.819 0.034 0.038
2 0.165 0.876 0.022 0.028
2 0.121 0.826 0.022 0.024
2 0.124 0.846 0.04 0.02
2 0.184 0.871 0.016 0.026
2 0.177 0.851 0.026 0.022
2 0.021 0.806 0.014 0.012
2 0.229 0.694 0.022 0.012
2 0.925 0.61 0.038 0.052
2 0.84 0.551 0.04 0.058
2 0.775 0.549 0.018 0.018
2 0.767 0.566 0.022 0.016
2 0.68 0.68 0.028 0.024
2 0.653 0.682 0.046 0.036
2 0.684 0.613 0.02 0.022
2 0.734 0.625 0.04 0.05
2 0.728 0.597 0.028 0.022
2 0.603 0.733 0.03 0.026
2 0.497 0.752 0.03 0.052
2 0.513 0.719 0.034 0.018
2 0.713 0.537 0.05 0.058
2 0.387 0.694 0.01 0.012
2 0.564 0.528 0.04 0.056
2 0.53 0.541 0.04 0.026
2 0.259 0.522 0.022 0.02
2 0.252 0.549 0.036 0.026
2 0.221 0.536 0.022 0.028
2 0.118 0.575 0.02 0.022
2 0.143 0.57 0.034 0.04
2 0.885 0.464 0.01 0.008
2 0.753 0.456 0.01 0.008
2 0.725 0.483 0.01 0.014
2 0.832 0.429 0.032 0.018
2 0.83 0.409 0.024 0.03
2 0.665 0.341 0.034 0.026
2 0.695 0.389 0.038 0.05
2 0.591 0.423 0.038 0.038
2 0.582 0.366 0.02 0.016
2 0.587 0.382 0.022 0.016
2 0.589 0.395 0.03 0.018
2 0.601 0.369 0.018 0.01
2 0.61 0.364 0.012 0.02
2 0.095 0.42 0.038 0.052
2 0.171 0.333 0.03 0.03
2 0.975 0.327 0.034 0.03
2 0.895 0.294 0.026 0.032
2 0.917 0.26 0.026 0.024
2 0.872 0.337 0.032 0.034
2 0.916 0.121 0.056 0.074
2 0.888 0.008 0.028 0.012
2 0.836 0.24 0.024 0.032
2 0.738 0.025 0.024 0.022
2 0.61 0.31 0.024 0.028
2 0.602 0.28 0.032 0.032
2 0.591 0.227 0.01 0.01
2 0.244 0.368 0.028 0.024
2 0.281 0.369 0.034 0.05
2 0.349 0.286 0.014 0.012
2 0.473 0.202 0.05 0.064
2 0.427 0.154 0.026 0.036
2 0.449 0.132 0.034 0.044
2 0.331 0.089 0.046 0.05
2 0.362 0.104 0.02 0.024
2 0.3 0.209 0.036 0.046
2 0.249 0.177 0.022 0.022
2 0.267 0.12 0.01 0.012
2 0.221 0.151 0.05 0.038
2 0.016 0.249 0.028 0.05
2 0.057 0.193 0.046 0.038
2 0.091 0.238 0.05 0.028
2 0.012 0.138 0.02 0.048
2 0.145 0.111 0.022 0.014