0 0.661 0.046 0.058 0.052
0 0.72 0.01 0.036 0.02
0 0.916 0.13 0.06 0.06
0 0.949 0.04 0.034 0.056
0 0.928 0.053 0.024 0.03
0 0.958 0.363 0.06 0.086
0 0.991 0.334 0.014 0.032
0 0.993 0.437 0.01 0.038
0 0.98 0.721 0.036 0.054
0 0.984 0.756 0.028 0.036
0 0.985 0.828 0.026 0.04
0 0.955 0.903 0.086 0.11
0 0.984 0.939 0.028 0.05
0 0.802 0.408 0.064 0.076
0 0.526 0.238 0.044 0.056
0 0.254 0.456 0.076 0.088
0 0.569 0.456 0.038 0.036
0 0.724 0.609 0.052 0.078
0 0.718 0.943 0.06 0.074
0 0.395 0.975 0.038 0.046
0 0.36 0.979 0.044 0.038
0 0.112 0.983 0.056 0.03
0 0.094 0.96 0.044 0.064
0 0.125 0.899 0.026 0.034
0 0.276 0.981 0.028 0.034
0 0.444 0.92 0.056 0.052
0 0.317 0.872 0.034 0.044
0 0.305 0.901 0.034 0.034
0 0.744 0.857 0.048 0.058
0 0.488 0.79 0.068 0.064
0 0.633 0.971 0.062 0.054
0 0.563 0.958 0.07 0.08
0 0.537 0.892 0.066 0.096
0 0.033 0.235 0.066 0.086
0 0.02 0.154 0.04 0.044
0 0.105 0.02 0.038 0.04
0 0.848 0.643 0.036 0.05
0 0.782 0.972 0.072 0.052
0 0.812 0.888 0.048 0.044
0 0.823 0.763 0.066 0.13
0 0.619 0.514 0.086 0.064
0 0.581 0.567 0.054 0.074
0 0.122 0.551 0.068 0.054
0 0.303 0.294 0.082 0.092
0 0.473 0.331 0.042 0.058
0 0.401 0.13 0.038 0.068
0 0.664 0.099 0.04 0.05
0 0.781 0.282 0.038 0.056
0 0.763 0.233 0.054 0.07
0 0.859 0.316 0.062 0.076
0 0.977 0.177 0.038 0.054
0 0.299 0.22 0.038 0.056
0 0.765 0.526 0.034 0.036
0 0.31 0.689 0.048 0.082
0 0.202 0.795 0.036 0.05
0 0.203 0.022 0.034 0.044
0 0.136 0.069 0.032 0.03
0 0.04 0.069 0.028 0.038
0 0.003 0.103 0.006 0.018
0 0.082 0.096 0.044 0.052
0 0.055 0.12 0.026 0.024
0 0.104 0.114 0.024 0.028
0 0.158 0.096 0.04 0.044
0 0.277 0.01 0.034 0.02
0 0.315 0.02 0.018 0.032
0 0.216 0.123 0.052 0.062
0 0.26 0.078 0.076 0.144
0 0.445 0.012 0.05 0.024
0 0.487 0.125 0.046 0.05
0 0.493 0.143 0.042 0.042
0 0.079 0.247 0.066 0.078
0 0.15 0.184 0.048 0.036
0 0.378 0.277 0.08 0.074
0 0.93 0.255 0.032 0.026
0 0.774 0.37 0.064 0.072
0 0.635 0.313 0.062 0.07
0 0.55 0.392 0.02 0.024
0 0.648 0.405 0.048 0.05
0 0.607 0.407 0.058 0.046
0 0.62 0.434 0.028 0.02
0 0.407 0.447 0.054 0.038
0 0.409 0.497 0.07 0.078
0 0.358 0.528 0.064 0.124
0 0.303 0.357 0.042 0.03
0 0.167 0.347 0.07 0.078
0 0.092 0.367 0.044 0.054
0 0.133 0.41 0.054 0.044
0 0.029 0.395 0.03 0.026
0 0.04 0.435 0.032 0.022
0 0.083 0.407 0.03 0.022
0 0.021 0.465 0.042 0.086
0 0.14 0.449 0.032 0.022
0 0.045 0.838 0.07 0.076
0 0.173 0.736 0.03 0.028
0 0.207 0.842 0.042 0.04
0 0.076 0.745 0.036 0.042
0 0.888 0.74 0.032 0.04
0 0.804 0.618 0.02 0.024
0 0.783 0.617 0.026 0.03
0 0.944 0.829 0.032 0.042
0 0.038 0.584 0.02 0.024
0 0.048 0.617 0.08 0.074
0 0.09 0.635 0.06 0.09
0 0.174 0.553 0.048 0.058
0 0.169 0.595 0.03 0.038
0 0.265 0.53 0.034 0.032
0 0.406 0.592 0.024 0.036
0 0.347 0.648 0.022 0.028
0 0.339 0.767 0.062 0.082
0 0.37 0.731 0.06 0.086
0 0.53 0.66 0.044 0.036
0 0.474 0.72 0.04 0.064
0 0.413 0.722 0.03 0.044
0 0.617 0.675 0.03 0.07
0 0.616 0.791 0.036 0.03
0 0.67 0.732 0.032 0.032
0 0.764 0.755 0.04 0.046
0 0.635 0.724 0.022 0.02
0 0.592 0.74 0.04 0.056
0 0.81 0.543 0.036 0.074
0 0.785 0.777 0.03 0.03
0 0.592 0.797 0.028 0.03
0 0.741 0.499 0.03 0.042
1 0.8 0.099 0.024 0.018
1 0.946 0.285 0.02 0.038
1 0.924 0.284 0.02 0.02
1 0.984 0.539 0.028 0.022
1 0.365 0.387 0.026 0.022
1 0.498 0.397 0.024 0.03
1 0.11 0.837 0.024 0.03
1 0.254 0.785 0.028 0.038
1 0.25 0.746 0.028 0.032
1 0.873 0.102 0.042 0.032
1 0.59 0.121 0.024 0.022
1 0.495 0.179 0.03 0.034
1 0.351 0.18 0.026 0.028
1 0.322 0.229 0.012 0.026
1 0.711 0.182 0.01 0.016
1 0.116 0.226 0.012 0.016
1 0.14 0.242 0.02 0.024
1 0.268 0.16 0.012 0.016
1 0.236 0.2 0.024 0.028
1 0.908 0.333 0.016 0.022
1 0.855 0.363 0.042 0.014
1 0.847 0.381 0.022 0.022
1 0.751 0.332 0.03 0.02
1 0.635 0.364 0.018 0.028
1 0.731 0.395 0.006 0.01
1 0.636 0.443 0.024 0.018
1 0.252 0.35 0.028 0.02
1 0.291 0.399 0.03 0.03
1 0.055 0.398 0.018 0.028
1 0.204 0.446 0.008 0.024
1 0.211 0.454 0.018 0.016
1 0.06 0.782 0.02 0.016
1 0.919 0.686 0.018 0.028
1 0.964 0.643 0.024 0.018
1 0.06 0.539 0.012 0.014
1 0.07 0.542 0.008 0.02
1 0.496 0.842 0.02 0.016
1 0.756 0.678 0.02 0.024
1 0.938 0.576 0.024 0.04
1 0.692 0.768 0.02 0.016
1 0.767 0.921 0.018 0.018
1 0.777 0.901 0.014 0.022
2 0.178 0.684 0.044 0.08
2 0.212 0.632 0.024 0.028
2 0.237 0.649 0.018 0.022
2 0.21 0.693 0.028 0.014
2 0.562 0.17 0.024 0.036
2 0.862 0.876 0.02 0.02
2 0.042 0.912 0.032 0.032
2 0.906 0.019 0.028 0.038
2 0.616 0.023 0.036 0.03
2 0.893 0.08 0.03 0.028
2 0.191 0.21 0.038 0.028
2 0.928 0.237 0.02 0.014
2 0.885 0.432 0.046 0.036
2 0.688 0.327 0.028 0.018
2 0.42 0.363 0.016 0.018
2 0.377 0.419 0.034 0.034
2 0.432 0.384 0.02 0.02
2 0.443 0.377 0.018 0.022
2 0.452 0.4 0.024 0.02
2 0.165 0.829 0.038 0.038
2 0.186 0.89 0.052 0.072
2 0.636 0.889 0.024 0.022
2 0.016 0.531 0.032 0.07
2 0.301 0.531 0.022 0.034
2 0.202 0.509 0.032 0.03
2 0.439 0.88 0.022 0.032
2 0.438 0.539 0.024 0.026
2 0.732 0.69 0.04 0.064
2 0.749 0.714 0.066 0.052
2 0.875 0.538 0.066 0.132
2 0.956 0.602 0.02 0.04
2 0.944 0.645 0.028 0.062
2 0.782 0.867 0.024 0.018