0 0.22 0.294 0.048 0.06
0 0.322 0.344 0.036 0.06
0 0.063 0.104 0.034 0.052
0 0.199 0.032 0.034 0.048
0 0.113 0.164 0.046 0.06
0 0.082 0.144 0.04 0.06
0 0.222 0.143 0.048 0.058
0 0.092 0.231 0.028 0.042
0 0.131 0.241 0.042 0.058
0 0.028 0.234 0.04 0.06
0 0.16 0.062 0.052 0.064
0 0.197 0.363 0.046 0.066
0 0.324 0.42 0.036 0.044
0 0.198 0.411 0.036 0.03
0 0.246 0.435 0.036 0.018
0 0.168 0.436 0.036 0.048
0 0.106 0.505 0.032 0.058
0 0.139 0.496 0.03 0.044
0 0.162 0.543 0.036 0.062
0 0.175 0.616 0.046 0.052
0 0.16 0.651 0.036 0.026
0 0.162 0.715 0.048 0.046
0 0.147 0.688 0.026 0.028
0 0.128 0.781 0.04 0.042
0 0.107 0.815 0.034 0.054
0 0.075 0.463 0.062 0.038
0 0.232 0.508 0.044 0.068
0 0.205 0.758 0.042 0.06
0 0.256 0.724 0.048 0.052
0 0.287 0.73 0.038 0.036
0 0.287 0.529 0.042 0.054
0 0.077 0.541 0.014 0.038
0 0.341 0.511 0.05 0.054
0 0.41 0.529 0.04 0.066
0 0.309 0.671 0.062 0.07
0 0.258 0.8 0.028 0.032
0 0.309 0.805 0.054 0.07
0 0.087 0.901 0.074 0.082
0 0.099 0.954 0.042 0.044
0 0.157 0.941 0.05 0.058
0 0.236 0.915 0.032 0.034
0 0.219 0.867 0.034 0.026
0 0.435 0.844 0.042 0.044
0 0.428 0.792 0.044 0.064
0 0.527 0.756 0.026 0.052
0 0.495 0.868 0.062 0.096
0 0.308 0.238 0.044 0.06
0 0.286 0.103 0.028 0.05
0 0.247 0.033 0.034 0.018
0 0.023 0.306 0.046 0.056
0 0.236 0.972 0.072 0.052
0 0.319 0.971 0.066 0.054
0 0.676 0.833 0.04 0.05
0 0.65 0.971 0.068 0.054
0 0.752 0.95 0.044 0.044
0 0.821 0.922 0.042 0.028
0 0.711 0.9 0.046 0.032
0 0.925 0.971 0.046 0.054
0 0.911 0.911 0.022 0.022
0 0.727 0.841 0.034 0.058
0 0.857 0.877 0.022 0.038
0 0.805 0.881 0.042 0.038
0 0.783 0.807 0.046 0.106
0 0.968 0.914 0.048 0.052
0 0.969 0.861 0.038 0.038
0 0.754 0.793 0.048 0.042
0 0.865 0.772 0.042 0.064
0 0.905 0.787 0.022 0.046
0 0.978 0.8 0.04 0.08
0 0.013 0.508 0.026 0.028
0 0.012 0.614 0.024 0.036
0 0.383 0.693 0.058 0.086
0 0.633 0.727 0.058 0.098
0 0.498 0.699 0.052 0.098
0 0.466 0.673 0.04 0.046
0 0.4 0.632 0.024 0.028
0 0.477 0.637 0.026 0.022
0 0.434 0.643 0.024 0.026
0 0.415 0.437 0.05 0.058
0 0.498 0.443 0.04 0.046
0 0.572 0.387 0.044 0.05
0 0.643 0.547 0.022 0.038
0 0.588 0.57 0.028 0.024
0 0.61 0.555 0.024 0.03
0 0.39 0.245 0.04 0.038
0 0.459 0.304 0.026 0.04
0 0.344 0.179 0.032 0.05
0 0.329 0.193 0.018 0.03
0 0.411 0.282 0.038 0.06
0 0.506 0.337 0.032 0.03
0 0.444 0.155 0.032 0.058
0 0.47 0.147 0.032 0.066
0 0.487 0.047 0.042 0.05
0 0.365 0.076 0.046 0.052
0 0.296 0.014 0.032 0.028
0 0.404 0.019 0.036 0.022
0 0.39 0.412 0.032 0.036
0 0.414 0.352 0.056 0.072
0 0.636 0.368 0.044 0.06
0 0.102 0.022 0.04 0.044
0 0.539 0.064 0.046 0.048
0 0.608 0.04 0.032 0.036
0 0.563 0.145 0.03 0.03
0 0.618 0.096 0.028 0.04
0 0.464 0.012 0.044 0.024
0 0.582 0.078 0.04 0.052
0 0.581 0.103 0.038 0.038
0 0.558 0.226 0.036 0.052
0 0.618 0.225 0.04 0.066
0 0.673 0.296 0.026 0.032
0 0.633 0.442 0.046 0.048
0 0.702 0.449 0.052 0.054
0 0.724 0.474 0.04 0.052
0 0.745 0.686 0.05 0.088
0 0.881 0.685 0.054 0.078
0 0.964 0.695 0.04 0.046
0 0.913 0.634 0.05 0.048
0 0.767 0.524 0.054 0.064
0 0.951 0.531 0.034 0.062
0 0.782 0.43 0.012 0.04
0 0.883 0.428 0.038 0.044
0 0.989 0.564 0.018 0.036
0 0.92 0.392 0.024 0.024
0 0.819 0.329 0.038 0.07
0 0.736 0.367 0.048 0.058
0 0.753 0.382 0.05 0.052
0 0.66 0.172 0.036 0.048
0 0.668 0.139 0.02 0.022
0 0.794 0.228 0.028 0.04
0 0.77 0.221 0.028 0.042
0 0.844 0.232 0.028 0.032
0 0.723 0.25 0.038 0.052
0 0.88 0.375 0.032 0.034
0 0.884 0.342 0.032 0.052
0 0.973 0.321 0.034 0.058
0 0.914 0.303 0.036 0.058
0 0.888 0.188 0.024 0.032
0 0.923 0.242 0.054 0.052
0 0.833 0.183 0.042 0.05
0 0.946 0.25 0.012 0.024
0 0.967 0.222 0.046 0.052
0 0.703 0.182 0.042 0.048
0 0.729 0.186 0.026 0.036
0 0.935 0.184 0.026 0.044
0 0.925 0.141 0.03 0.038
0 0.879 0.119 0.038 0.042
0 0.846 0.08 0.036 0.048
0 0.819 0.104 0.034 0.04
0 0.847 0.109 0.022 0.026
0 0.746 0.078 0.04 0.048
0 0.976 0.112 0.036 0.048
0 0.961 0.065 0.034 0.042
0 0.662 0.031 0.036 0.062
0 0.693 0.019 0.026 0.038
0 0.77 0.01 0.028 0.02
0 0.842 0.016 0.048 0.032
0 0.89 0.013 0.032 0.026
0 0.972 0.036 0.044 0.032
0 0.989 0.074 0.018 0.032
0 0.046 0.018 0.044 0.036
0 0.007 0.015 0.014 0.03
0 0.021 0.117 0.026 0.03
0 0.989 0.485 0.018 0.046
0 0.4 0.741 0.024 0.022
0 0.261 0.334 0.026 0.032
0 0.191 0.519 0.018 0.03
0 0.085 0.434 0.026 0.032
0 0.05 0.472 0.044 0.048
0 0.22 0.892 0.032 0.028
0 0.61 0.824 0.044 0.04
0 0.443 0.066 0.03 0.048
0 0.933 0.066 0.034 0.056
0 0.725 0.036 0.038 0.04
0 0.74 0.009 0.032 0.018
1 0.217 0.466 0.03 0.02
1 0.212 0.519 0.024 0.026
1 0.389 0.871 0.022 0.026
1 0.459 0.985 0.034 0.026
1 0.593 0.974 0.022 0.032
1 0.57 0.939 0.016 0.022
1 0.705 0.951 0.018 0.03
1 0.775 0.865 0.018 0.018
1 0.594 0.626 0.02 0.024
1 0.426 0.101 0.032 0.022
1 0.502 0.009 0.02 0.018
1 0.66 0.468 0.02 0.032
1 0.718 0.634 0.024 0.024
1 0.886 0.5 0.02 0.028
1 0.726 0.314 0.028 0.028
1 0.98 0.387 0.024 0.022
1 0.71 0.329 0.024 0.026
1 0.939 0.222 0.022 0.024
2 0.037 0.748 0.03 0.04
2 0.006 0.814 0.012 0.028
2 0.48 0.01 0.028 0.02
2 0.143 0.336 0.018 0.036
2 0.063 0.169 0.018 0.026
2 0.213 0.395 0.03 0.03
2 0.251 0.614 0.054 0.068
2 0.245 0.555 0.034 0.034
2 0.101 0.631 0.05 0.05
2 0.078 0.594 0.028 0.036
2 0.142 0.603 0.016 0.042
2 0.06 0.974 0.024 0.036
2 0.238 0.857 0.032 0.026
2 0.295 0.902 0.042 0.044
2 0.52 0.917 0.028 0.022
2 0.768 0.92 0.028 0.032
2 0.546 0.828 0.036 0.028
2 0.405 0.902 0.018 0.024
2 0.211 0.849 0.018 0.022
2 0.195 0.862 0.03 0.02
2 0.017 0.809 0.014 0.038
2 0.379 0.909 0.03 0.026
2 0.014 0.691 0.028 0.03
2 0.056 0.638 0.028 0.044
2 0.009 0.435 0.018 0.034
2 0.034 0.42 0.048 0.04
2 0.042 0.385 0.04 0.03
2 0.019 0.596 0.038 0.04
2 0.382 0.625 0.024 0.026
2 0.513 0.417 0.042 0.042
2 0.499 0.535 0.026 0.03
2 0.445 0.615 0.018 0.022
2 0.611 0.63 0.022 0.02
2 0.63 0.617 0.02 0.042
2 0.346 0.253 0.036 0.03
2 0.358 0.151 0.024 0.026
2 0.302 0.137 0.032 0.038
2 0.525 0.147 0.034 0.046
2 0.449 0.101 0.022 0.018
2 0.472 0.08 0.02 0.028
2 0.468 0.193 0.028 0.034
2 0.256 0.193 0.04 0.046
2 0.274 0.169 0.028 0.038
2 0.43 0.392 0.044 0.04
2 0.654 0.092 0.036 0.04
2 0.485 0.378 0.022 0.032
2 0.511 0.363 0.026 0.026
2 0.674 0.784 0.04 0.056
2 0.888 0.27 0.028 0.028
2 0.827 0.278 0.018 0.02
2 0.902 0.219 0.032 0.038
2 0.834 0.211 0.04 0.022
2 0.553 0.186 0.026 0.032
2 0.722 0.226 0.024 0.028
2 0.788 0.113 0.032 0.054
2 0.672 0.056 0.044 0.04
2 0.726 0.127 0.044 0.026
2 0.911 0.108 0.03 0.028
2 0.99 0.176 0.016 0.06
2 0.172 0.185 0.028 0.038
2 0.721 0.537 0.054 0.066
2 0.829 0.707 0.034 0.042
2 0.817 0.571 0.042 0.038
2 0.864 0.614 0.028 0.044
2 0.94 0.503 0.032 0.05
2 0.987 0.442 0.022 0.044
2 0.954 0.464 0.032 0.036
2 0.02 0.648 0.04 0.032
2 0.575 0.549 0.014 0.018
2 0.567 0.627 0.014 0.022
2 0.577 0.705 0.026 0.018
2 0.858 0.646 0.016 0.02
2 0.797 0.732 0.018 0.024
2 0.949 0.64 0.014 0.016
2 0.966 0.645 0.012 0.022