0 0.603 0.219 0.098 0.042
0 0.742 0.187 0.068 0.054
0 0.75 0.236 0.052 0.048
0 0.861 0.239 0.046 0.038
0 0.814 0.232 0.056 0.032
0 0.742 0.277 0.048 0.03
0 0.829 0.426 0.046 0.056
0 0.779 0.426 0.054 0.052
0 0.971 0.443 0.046 0.054
0 0.92 0.382 0.048 0.044
0 0.804 0.492 0.072 0.044
0 0.835 0.516 0.05 0.04
0 0.94 0.578 0.044 0.028
0 0.66 0.366 0.052 0.032
0 0.977 0.087 0.038 0.026
0 0.942 0.082 0.036 0.028
0 0.902 0.091 0.044 0.034
0 0.822 0.024 0.052 0.048
0 0.794 0.08 0.044 0.056
0 0.814 0.147 0.04 0.05
0 0.736 0.068 0.04 0.032
0 0.68 0.059 0.044 0.026
0 0.621 0.053 0.062 0.038
0 0.629 0.102 0.038 0.032
0 0.494 0.083 0.04 0.034
0 0.574 0.321 0.04 0.034
0 0.974 0.783 0.048 0.046
0 0.908 0.746 0.056 0.044
0 0.981 0.899 0.034 0.042
0 0.932 0.879 0.072 0.054
0 0.841 0.97 0.058 0.04
0 0.865 0.919 0.034 0.058
0 0.837 0.925 0.03 0.042
0 0.863 0.843 0.05 0.034
0 0.903 0.842 0.034 0.036
0 0.747 0.758 0.034 0.036
0 0.922 0.639 0.044 0.042
0 0.894 0.605 0.036 0.034
0 0.888 0.633 0.024 0.026
0 0.855 0.674 0.054 0.036
0 0.701 0.466 0.046 0.052
0 0.752 0.585 0.052 0.03
0 0.692 0.624 0.052 0.044
0 0.451 0.165 0.066 0.042
0 0.664 0.853 0.044 0.03
0 0.636 0.806 0.044 0.036
0 0.566 0.814 0.048 0.04
0 0.473 0.213 0.046 0.034
0 0.465 0.263 0.046 0.042
0 0.501 0.275 0.05 0.042
0 0.492 0.332 0.044 0.028
0 0.489 0.402 0.05 0.032
0 0.502 0.425 0.064 0.034
0 0.337 0.097 0.05 0.034
0 0.363 0.135 0.062 0.034
0 0.59 0.569 0.044 0.042
0 0.53 0.473 0.032 0.034
0 0.561 0.617 0.066 0.038
0 0.549 0.643 0.05 0.038
0 0.594 0.691 0.052 0.034
0 0.549 0.69 0.038 0.036
0 0.607 0.765 0.038 0.034
0 0.564 0.483 0.044 0.058
0 0.561 0.53 0.054 0.036
0 0.58 0.736 0.04 0.04
0 0.561 0.741 0.042 0.026
0 0.561 0.873 0.034 0.038
0 0.443 0.697 0.07 0.034
0 0.451 0.749 0.046 0.038
0 0.422 0.773 0.04 0.038
0 0.381 0.341 0.042 0.034
0 0.363 0.301 0.042 0.05
0 0.283 0.333 0.042 0.038
0 0.26 0.286 0.04 0.032
0 0.248 0.252 0.048 0.028
0 0.424 0.059 0.028 0.058
0 0.455 0.581 0.058 0.026
0 0.212 0.08 0.06 0.044
0 0.469 0.456 0.038 0.024
0 0.365 0.507 0.05 0.034
0 0.364 0.451 0.048 0.034
0 0.331 0.644 0.046 0.032
0 0.279 0.644 0.038 0.036
0 0.266 0.679 0.052 0.042
0 0.321 0.778 0.046 0.028
0 0.1 0.167 0.056 0.03
0 0.029 0.027 0.038 0.034
0 0.231 0.15 0.042 0.028
0 0.208 0.228 0.048 0.028
0 0.178 0.214 0.028 0.036
0 0.047 0.357 0.05 0.034
0 0.158 0.401 0.052 0.042
0 0.351 0.28 0.038 0.024
0 0.297 0.411 0.042 0.03
0 0.405 0.506 0.042 0.052
0 0.384 0.482 0.028 0.028
0 0.24 0.503 0.048 0.046
0 0.296 0.542 0.048 0.04
0 0.119 0.684 0.026 0.064
0 0.053 0.658 0.042 0.036
0 0.028 0.674 0.028 0.052
0 0.138 0.461 0.04 0.03
0 0.09 0.517 0.044 0.046
0 0.111 0.554 0.054 0.044
0 0.052 0.418 0.036 0.036
0 0.381 0.779 0.038 0.022
0 0.183 0.846 0.086 0.032
0 0.337 0.857 0.046 0.03
0 0.248 0.918 0.048 0.04
0 0.07 0.936 0.048 0.044
0 0.91 0.976 0.056 0.044
1 0.987 0.566 0.018 0.02
1 0.792 0.355 0.032 0.022
1 0.802 0.399 0.028 0.026
1 0.724 0.353 0.028 0.026
1 0.841 0.05 0.03 0.02
1 0.671 0.014 0.026 0.016
1 0.901 0.226 0.03 0.024
1 0.603 0.1 0.018 0.02
1 0.786 0.137 0.02 0.026
1 0.592 0.08 0.04 0.02
1 0.656 0.148 0.02 0.036
1 0.61 0.147 0.052 0.026
1 0.548 0.131 0.028 0.038
1 0.585 0.176 0.054 0.036
1 0.632 0.309 0.02 0.034
1 0.944 0.419 0.036 0.026
1 0.923 0.805 0.026 0.05
1 0.847 0.78 0.042 0.028
1 0.777 0.812 0.018 0.044
1 0.794 0.742 0.016 0.04
1 0.839 0.591 0.022 0.018
1 0.823 0.583 0.01 0.014
1 0.809 0.616 0.03 0.024
1 0.814 0.65 0.052 0.024
1 0.667 0.434 0.03 0.04
1 0.621 0.409 0.03 0.022
1 0.596 0.37 0.024 0.02
1 0.571 0.392 0.018 0.016
1 0.657 0.479 0.022 0.026
1 0.664 0.514 0.024 0.024
1 0.662 0.545 0.024 0.018
1 0.748 0.862 0.012 0.02
1 0.735 0.865 0.014 0.022
1 0.763 0.896 0.018 0.028
1 0.737 0.963 0.034 0.034
1 0.764 0.933 0.024 0.03
1 0.582 0.837 0.04 0.026
1 0.337 0.262 0.058 0.028
1 0.408 0.152 0.02 0.028
1 0.401 0.174 0.018 0.02
1 0.453 0.549 0.026 0.026
1 0.441 0.63 0.022 0.024
1 0.396 0.011 0.024 0.022
1 0.335 0.042 0.022 0.02
1 0.311 0.055 0.014 0.026
1 0.056 0.027 0.02 0.018
1 0.134 0.072 0.012 0.024
1 0.236 0.214 0.02 0.02
1 0.241 0.346 0.034 0.024
1 0.202 0.386 0.024 0.02
1 0.11 0.297 0.028 0.03
1 0.143 0.291 0.01 0.018
1 0.023 0.268 0.022 0.024
1 0.117 0.389 0.03 0.022
1 0.243 0.59 0.03 0.024
1 0.199 0.628 0.038 0.024
1 0.186 0.604 0.016 0.024
1 0.124 0.517 0.028 0.03
1 0.206 0.461 0.036 0.018
1 0.017 0.431 0.022 0.034
1 0.489 0.477 0.014 0.022
1 0.616 0.556 0.028 0.02
1 0.279 0.736 0.022 0.024
1 0.241 0.721 0.038 0.034
1 0.193 0.731 0.046 0.018
1 0.134 0.776 0.044 0.032
1 0.454 0.812 0.024 0.024
1 0.451 0.873 0.026 0.026
1 0.422 0.876 0.036 0.02
1 0.395 0.859 0.026 0.026
1 0.371 0.838 0.018 0.04
1 0.357 0.807 0.03 0.018
1 0.268 0.878 0.028 0.024
1 0.409 0.904 0.042 0.036
1 0.254 0.959 0.02 0.018
1 0.182 0.983 0.032 0.026
1 0.129 0.859 0.03 0.018
1 0.127 0.876 0.026 0.02
1 0.437 0.842 0.03 0.044
1 0.757 0.955 0.05 0.05
1 0.737 0.926 0.03 0.02
1 0.128 0.947 0.028 0.01
1 0.94 0.972 0.032 0.024
2 0.648 0.958 0.036 0.016
2 0.569 0.938 0.034 0.024
2 0.512 0.918 0.068 0.032
2 0.937 0.614 0.018 0.016
2 0.75 0.636 0.02 0.008
2 0.716 0.682 0.016 0.024
2 0.519 0.231 0.026 0.022
2 0.828 0.319 0.024 0.018
2 0.325 0.466 0.014 0.012
2 0.334 0.945 0.04 0.034
2 0.527 0.783 0.026 0.026
2 0.53 0.852 0.012 0.016
2 0.275 0.812 0.018 0.02
2 0.252 0.832 0.012 0.012
2 0.231 0.544 0.022 0.016