0 0.346 0.305 0.052 0.038
0 0.066 0.078 0.044 0.032
0 0.115 0.19 0.05 0.04
0 0.161 0.14 0.038 0.052
0 0.172 0.049 0.052 0.038
0 0.205 0.043 0.046 0.038
0 0.249 0.191 0.046 0.042
0 0.316 0.159 0.056 0.05
0 0.355 0.126 0.042 0.036
0 0.447 0.021 0.098 0.042
0 0.603 0.076 0.066 0.06
0 0.607 0.024 0.038 0.036
0 0.709 0.086 0.042 0.04
0 0.727 0.014 0.034 0.028
0 0.781 0.02 0.058 0.04
0 0.781 0.071 0.07 0.05
0 0.823 0.059 0.042 0.034
0 0.904 0.052 0.052 0.052
0 0.94 0.028 0.044 0.04
0 0.978 0.028 0.032 0.036
0 0.976 0.138 0.04 0.044
0 0.941 0.168 0.07 0.056
0 0.978 0.191 0.036 0.03
0 0.927 0.23 0.03 0.028
0 0.948 0.251 0.028 0.026
0 0.92 0.271 0.04 0.03
0 0.951 0.304 0.054 0.032
0 0.956 0.331 0.048 0.026
0 0.952 0.374 0.044 0.032
0 0.069 0.283 0.042 0.058
0 0.018 0.271 0.028 0.03
0 0.019 0.334 0.038 0.032
0 0.014 0.374 0.028 0.024
0 0.009 0.404 0.018 0.032
0 0.067 0.428 0.038 0.036
0 0.013 0.445 0.026 0.046
0 0.09 0.51 0.048 0.036
0 0.056 0.566 0.04 0.044
0 0.012 0.561 0.024 0.038
0 0.105 0.553 0.042 0.034
0 0.013 0.644 0.026 0.04
0 0.019 0.708 0.038 0.032
0 0.035 0.744 0.038 0.024
0 0.063 0.733 0.05 0.042
0 0.142 0.757 0.044 0.03
0 0.018 0.792 0.036 0.028
0 0.048 0.9 0.044 0.032
0 0.052 0.945 0.048 0.034
0 0.207 0.921 0.046 0.03
0 0.241 0.924 0.034 0.032
0 0.329 0.938 0.07 0.04
0 0.267 0.909 0.026 0.022
0 0.289 0.899 0.034 0.03
0 0.332 0.896 0.048 0.032
0 0.264 0.844 0.044 0.036
0 0.313 0.862 0.042 0.04
0 0.34 0.854 0.068 0.044
0 0.364 0.838 0.044 0.044
0 0.224 0.765 0.048 0.042
0 0.261 0.764 0.05 0.04
0 0.314 0.767 0.04 0.03
0 0.458 0.77 0.052 0.032
0 0.475 0.759 0.046 0.034
0 0.509 0.774 0.034 0.028
0 0.461 0.81 0.042 0.04
0 0.448 0.826 0.032 0.028
0 0.5 0.881 0.048 0.038
0 0.51 0.866 0.04 0.024
0 0.584 0.944 0.072 0.044
0 0.148 0.267 0.044 0.034
0 0.146 0.348 0.048 0.04
0 0.206 0.367 0.056 0.042
0 0.134 0.434 0.056 0.06
0 0.201 0.509 0.058 0.03
0 0.442 0.93 0.044 0.04
0 0.539 0.83 0.074 0.056
0 0.722 0.868 0.06 0.044
0 0.776 0.916 0.064 0.036
0 0.818 0.904 0.032 0.048
0 0.898 0.954 0.052 0.04
0 0.981 0.909 0.034 0.038
0 0.959 0.917 0.034 0.038
0 0.727 0.845 0.066 0.038
0 0.817 0.852 0.054 0.028
0 0.869 0.844 0.03 0.032
0 0.918 0.794 0.056 0.032
0 0.973 0.795 0.046 0.03
0 0.98 0.774 0.036 0.032
0 0.588 0.637 0.056 0.03
0 0.589 0.693 0.046 0.038
0 0.557 0.734 0.05 0.044
0 0.666 0.697 0.072 0.038
0 0.29 0.34 0.044 0.044
0 0.321 0.352 0.014 0.024
0 0.342 0.268 0.04 0.032
0 0.491 0.289 0.066 0.046
0 0.458 0.299 0.036 0.03
0 0.537 0.339 0.038 0.03
0 0.499 0.376 0.05 0.032
0 0.455 0.419 0.046 0.042
0 0.417 0.432 0.034 0.04
0 0.696 0.561 0.036 0.03
0 0.724 0.555 0.044 0.03
0 0.689 0.651 0.034 0.046
0 0.794 0.699 0.04 0.038
0 0.762 0.698 0.024 0.024
0 0.694 0.602 0.048 0.032
0 0.804 0.628 0.048 0.04
0 0.889 0.752 0.038 0.028
0 0.981 0.73 0.034 0.036
0 0.929 0.669 0.042 0.03
0 0.758 0.794 0.064 0.028
0 0.2 0.584 0.044 0.04
0 0.258 0.579 0.032 0.03
0 0.272 0.633 0.04 0.042
0 0.097 0.644 0.038 0.028
0 0.237 0.696 0.05 0.032
0 0.389 0.687 0.05 0.038
0 0.324 0.51 0.036 0.048
0 0.423 0.588 0.038 0.048
0 0.464 0.598 0.04 0.036
0 0.466 0.118 0.044 0.044
0 0.514 0.121 0.032 0.034
0 0.479 0.216 0.038 0.036
0 0.302 0.437 0.056 0.09
0 0.554 0.26 0.056 0.048
0 0.617 0.229 0.05 0.038
0 0.66 0.266 0.056 0.036
0 0.729 0.295 0.046 0.046
0 0.665 0.345 0.046 0.034
0 0.685 0.419 0.054 0.038
0 0.629 0.48 0.046 0.036
0 0.56 0.503 0.044 0.05
0 0.377 0.495 0.034 0.038
0 0.517 0.54 0.046 0.044
0 0.777 0.137 0.046 0.038
0 0.7 0.188 0.044 0.052
0 0.838 0.203 0.04 0.034
0 0.764 0.367 0.04 0.038
0 0.884 0.368 0.06 0.032
0 0.84 0.386 0.04 0.032
0 0.876 0.407 0.044 0.026
0 0.884 0.434 0.044 0.048
0 0.865 0.532 0.054 0.04
0 0.905 0.495 0.042 0.034
0 0.754 0.515 0.032 0.03
0 0.268 0.432 0.028 0.032
0 0.835 0.593 0.03 0.026
1 0.084 0.131 0.024 0.026
1 0.057 0.048 0.022 0.028
1 0.188 0.16 0.02 0.024
1 0.211 0.174 0.026 0.028
1 0.211 0.154 0.01 0.012
1 0.18 0.209 0.024 0.026
1 0.268 0.154 0.04 0.02
1 0.283 0.129 0.026 0.022
1 0.299 0.024 0.026 0.02
1 0.986 0.357 0.02 0.034
1 0.083 0.566 0.026 0.028
1 0.234 0.979 0.024 0.018
1 0.336 0.746 0.028 0.02
1 0.587 0.874 0.05 0.016
1 0.543 0.926 0.022 0.02
1 0.429 0.946 0.022 0.016
1 0.692 0.88 0.02 0.024
1 0.932 0.911 0.02 0.01
1 0.927 0.92 0.01 0.008
1 0.979 0.873 0.026 0.026
1 0.921 0.819 0.03 0.026
1 0.671 0.731 0.014 0.014
1 0.72 0.68 0.016 0.02
1 0.733 0.696 0.022 0.028
1 0.79 0.663 0.016 0.014
1 0.788 0.642 0.02 0.028
1 0.743 0.915 0.026 0.01
1 0.155 0.662 0.046 0.028
1 0.314 0.58 0.032 0.032
1 0.301 0.524 0.022 0.02
1 0.371 0.579 0.026 0.022
1 0.322 0.621 0.036 0.018
1 0.417 0.078 0.026 0.02
1 0.408 0.092 0.028 0.02
1 0.524 0.147 0.02 0.018
1 0.556 0.161 0.024 0.022
1 0.537 0.155 0.022 0.018
1 0.456 0.229 0.024 0.022
1 0.14 0.405 0.012 0.014
1 0.151 0.408 0.014 0.016
1 0.21 0.462 0.028 0.024
1 0.239 0.504 0.022 0.032
1 0.592 0.362 0.028 0.024
1 0.416 0.482 0.032 0.016
1 0.436 0.517 0.028 0.022
1 0.501 0.402 0.034 0.02
1 0.665 0.185 0.022 0.03
1 0.628 0.182 0.028 0.02
1 0.565 0.198 0.03 0.012
1 0.85 0.257 0.02 0.038
1 0.84 0.31 0.02 0.024
1 0.672 0.445 0.036 0.03
1 0.65 0.474 0.016 0.02
1 0.784 0.442 0.02 0.024
1 0.658 0.393 0.008 0.01
1 0.663 0.386 0.01 0.012
1 0.828 0.57 0.036 0.02
1 0.969 0.614 0.054 0.036
1 0.987 0.535 0.018 0.01
1 0.881 0.486 0.014 0.016
2 0.282 0.076 0.036 0.02
2 0.383 0.056 0.05 0.04
2 0.945 0.064 0.018 0.008
2 0.943 0.075 0.014 0.01
2 0.956 0.069 0.012 0.01
2 0.865 0.092 0.022 0.016
2 0.072 0.884 0.024 0.016
2 0.176 0.943 0.036 0.026
2 0.891 0.679 0.03 0.038
2 0.741 0.752 0.042 0.024
2 0.681 0.785 0.03 0.022
2 0.725 0.78 0.042 0.024
2 0.421 0.251 0.03 0.018
2 0.348 0.189 0.04 0.03
2 0.163 0.228 0.03 0.02
2 0.222 0.267 0.032 0.03
2 0.444 0.491 0.02 0.026
2 0.45 0.569 0.028 0.022
2 0.434 0.347 0.012 0.018
2 0.448 0.343 0.008 0.014
2 0.753 0.112 0.01 0.012
2 0.867 0.284 0.014 0.016
2 0.885 0.292 0.034 0.016