0 0.452 0.532 0.04 0.076
0 0.976 0.866 0.044 0.076
0 0.983 0.824 0.03 0.072
0 0.82 0.917 0.036 0.058
0 0.839 0.787 0.058 0.086
0 0.729 0.874 0.054 0.08
0 0.885 0.984 0.018 0.028
0 0.746 0.981 0.04 0.034
0 0.771 0.991 0.018 0.014
0 0.681 0.948 0.046 0.072
0 0.583 0.986 0.042 0.024
0 0.569 0.971 0.026 0.034
0 0.526 0.981 0.028 0.034
0 0.544 0.987 0.024 0.022
0 0.35 0.878 0.064 0.044
0 0.292 0.919 0.044 0.046
0 0.415 0.85 0.038 0.06
0 0.28 0.988 0.04 0.02
0 0.209 0.981 0.054 0.034
0 0.066 0.976 0.04 0.044
0 0.079 0.897 0.034 0.05
0 0.145 0.858 0.046 0.06
0 0.038 0.887 0.04 0.05
0 0.324 0.788 0.048 0.048
0 0.201 0.78 0.05 0.036
0 0.238 0.846 0.032 0.06
0 0.167 0.885 0.046 0.054
0 0.17 0.754 0.028 0.032
0 0.229 0.745 0.038 0.026
0 0.042 0.708 0.044 0.06
0 0.23 0.622 0.036 0.048
0 0.388 0.677 0.04 0.05
0 0.765 0.62 0.042 0.06
0 0.625 0.636 0.034 0.064
0 0.647 0.645 0.03 0.046
0 0.676 0.496 0.036 0.056
0 0.738 0.552 0.032 0.048
0 0.816 0.493 0.032 0.038
0 0.724 0.48 0.036 0.048
0 0.606 0.445 0.04 0.078
0 0.561 0.472 0.026 0.044
0 0.541 0.542 0.042 0.052
0 0.521 0.561 0.038 0.042
0 0.523 0.351 0.054 0.054
0 0.313 0.637 0.058 0.05
0 0.315 0.674 0.054 0.064
0 0.436 0.435 0.064 0.094
0 0.374 0.329 0.032 0.058
0 0.332 0.321 0.024 0.058
0 0.599 0.355 0.054 0.054
0 0.308 0.551 0.024 0.054
0 0.334 0.513 0.064 0.094
0 0.749 0.359 0.042 0.074
0 0.823 0.341 0.058 0.078
0 0.932 0.313 0.04 0.066
0 0.984 0.385 0.024 0.066
0 0.04 0.527 0.032 0.066
0 0.216 0.559 0.024 0.038
0 0.2 0.424 0.072 0.104
0 0.017 0.385 0.03 0.106
0 0.27 0.275 0.056 0.074
0 0.273 0.196 0.038 0.048
0 0.569 0.096 0.062 0.076
0 0.688 0.181 0.076 0.09
0 0.494 0.145 0.056 0.05
0 0.437 0.126 0.046 0.036
0 0.504 0.025 0.044 0.046
0 0.865 0.086 0.046 0.084
0 0.752 0.089 0.032 0.074
0 0.789 0.039 0.038 0.074
0 0.926 0.1 0.036 0.044
0 0.925 0.153 0.05 0.07
0 0.822 0.113 0.02 0.046
0 0.665 0.024 0.046 0.044
0 0.973 0.086 0.018 0.036
0 0.622 0.189 0.032 0.03
0 0.604 0.169 0.032 0.022
0 0.613 0.143 0.018 0.026
0 0.518 0.047 0.032 0.034
0 0.393 0.06 0.014 0.052
0 0.228 0.1 0.068 0.056
0 0.239 0.163 0.05 0.05
0 0.298 0.132 0.036 0.04
0 0.098 0.032 0.04 0.06
0 0.198 0.077 0.052 0.038
0 0.107 0.128 0.03 0.032
0 0.063 0.293 0.03 0.054
0 0.117 0.309 0.042 0.082
0 0.523 0.286 0.046 0.048
0 0.465 0.261 0.038 0.066
0 0.548 0.301 0.028 0.042
0 0.403 0.282 0.034 0.04
0 0.504 0.399 0.028 0.042
0 0.4 0.538 0.024 0.028
0 0.212 0.528 0.024 0.028
0 0.786 0.436 0.044 0.092
0 0.994 0.465 0.008 0.05
0 0.988 0.645 0.02 0.058
0 0.439 0.993 0.026 0.01
1 0.928 0.976 0.02 0.02
1 0.956 0.791 0.016 0.022
1 0.159 0.786 0.018 0.024
1 0.077 0.722 0.018 0.024
1 0.459 0.693 0.022 0.022
1 0.742 0.775 0.028 0.018
1 0.966 0.707 0.02 0.018
1 0.568 0.578 0.016 0.02
1 0.118 0.51 0.024 0.024
1 0.165 0.49 0.018 0.028
1 0.938 0.168 0.02 0.02
1 0.616 0.112 0.012 0.02
1 0.084 0.131 0.02 0.022
1 0.092 0.274 0.016 0.028
1 0.171 0.361 0.03 0.022
1 0.445 0.307 0.014 0.022
1 0.531 0.417 0.022 0.026
1 0.406 0.486 0.016 0.02
1 0.255 0.531 0.022 0.022
1 0.88 0.592 0.028 0.016
1 0.826 0.518 0.028 0.02
1 0.874 0.299 0.016 0.03
2 0.854 0.887 0.032 0.05
2 0.941 0.79 0.018 0.028
2 0.86 0.82 0.036 0.052
2 0.862 0.767 0.024 0.046
2 0.835 0.988 0.026 0.02
2 0.615 0.967 0.038 0.042
2 0.751 0.946 0.026 0.024
2 0.541 0.924 0.026 0.032
2 0.322 0.825 0.052 0.042
2 0.128 0.806 0.024 0.02
2 0.47 0.929 0.024 0.034
2 0.422 0.798 0.028 0.032
2 0.639 0.813 0.058 0.078
2 0.664 0.882 0.04 0.068
2 0.71 0.832 0.012 0.036
2 0.744 0.741 0.032 0.034
2 0.596 0.623 0.02 0.042
2 0.686 0.551 0.02 0.03
2 0.599 0.476 0.042 0.056
2 0.392 0.734 0.032 0.024
2 0.067 0.446 0.046 0.068
2 0.073 0.365 0.03 0.022
2 0.803 0.079 0.026 0.03
2 0.678 0.041 0.024 0.038
2 0.648 0.065 0.028 0.026
2 0.363 0.011 0.018 0.018
2 0.137 0.031 0.03 0.058
2 0.135 0.168 0.042 0.068
2 0.101 0.203 0.026 0.03
2 0.172 0.283 0.052 0.054
2 0.255 0.347 0.022 0.042
2 0.36 0.242 0.02 0.064
2 0.613 0.303 0.038 0.026
2 0.496 0.26 0.024 0.076
2 0.456 0.316 0.028 0.036
2 0.741 0.018 0.038 0.032
2 0.567 0.409 0.034 0.034
2 0.815 0.414 0.038 0.048
2 0.971 0.343 0.054 0.086
2 0.922 0.522 0.036 0.024
2 0.805 0.562 0.018 0.044
2 0.867 0.69 0.038 0.024
2 0.431 0.65 0.022 0.04
2 0.694 0.295 0.032 0.018
2 0.558 0.219 0.028 0.03
2 0.412 0.145 0.04 0.03
2 0.537 0.684 0.014 0.036
2 0.485 0.891 0.03 0.018
2 0.499 0.081 0.046 0.042