0 0.906 0.013 0.044 0.026
0 0.716 0.043 0.044 0.058
0 0.687 0.016 0.038 0.032
0 0.62 0.045 0.028 0.058
0 0.589 0.021 0.034 0.038
0 0.555 0.034 0.03 0.06
0 0.591 0.081 0.034 0.058
0 0.458 0.031 0.02 0.03
0 0.431 0.037 0.038 0.046
0 0.368 0.057 0.044 0.054
0 0.251 0.014 0.046 0.028
0 0.108 0.017 0.036 0.022
0 0.047 0.051 0.038 0.034
0 0.016 0.072 0.028 0.044
0 0.08 0.098 0.036 0.036
0 0.114 0.081 0.032 0.05
0 0.167 0.103 0.038 0.046
0 0.211 0.106 0.038 0.04
0 0.153 0.151 0.026 0.054
0 0.075 0.154 0.034 0.048
0 0.276 0.131 0.036 0.038
0 0.325 0.097 0.038 0.05
0 0.316 0.168 0.04 0.056
0 0.42 0.146 0.036 0.048
0 0.453 0.137 0.026 0.038
0 0.461 0.18 0.038 0.044
0 0.529 0.139 0.034 0.046
0 0.653 0.051 0.034 0.058
0 0.761 0.156 0.054 0.06
0 0.795 0.182 0.038 0.056
0 0.904 0.109 0.036 0.05
0 0.917 0.191 0.042 0.05
0 0.715 0.215 0.038 0.042
0 0.757 0.265 0.05 0.046
0 0.789 0.293 0.038 0.038
0 0.662 0.26 0.044 0.052
0 0.674 0.3 0.04 0.04
0 0.625 0.294 0.034 0.036
0 0.544 0.214 0.06 0.056
0 0.576 0.29 0.044 0.036
0 0.5 0.259 0.044 0.046
0 0.405 0.21 0.046 0.032
0 0.266 0.215 0.04 0.038
0 0.011 0.268 0.018 0.036
0 0.033 0.248 0.042 0.036
0 0.146 0.26 0.044 0.056
0 0.091 0.213 0.034 0.046
0 0.185 0.258 0.03 0.028
0 0.192 0.294 0.036 0.036
0 0.283 0.262 0.046 0.044
0 0.252 0.335 0.032 0.034
0 0.023 0.315 0.042 0.05
0 0.074 0.317 0.036 0.038
0 0.047 0.355 0.03 0.038
0 0.152 0.381 0.032 0.034
0 0.177 0.349 0.03 0.03
0 0.192 0.377 0.032 0.046
0 0.173 0.422 0.038 0.036
0 0.436 0.26 0.036 0.044
0 0.518 0.326 0.032 0.04
0 0.801 0.35 0.054 0.04
0 0.965 0.335 0.038 0.05
0 0.963 0.413 0.038 0.03
0 0.409 0.307 0.038 0.054
0 0.387 0.335 0.034 0.042
0 0.395 0.374 0.034 0.04
0 0.452 0.396 0.032 0.036
0 0.567 0.44 0.038 0.032
0 0.57 0.487 0.04 0.038
0 0.347 0.394 0.03 0.044
0 0.45 0.454 0.04 0.036
0 0.371 0.455 0.03 0.038
0 0.344 0.459 0.028 0.042
0 0.4 0.491 0.032 0.046
0 0.451 0.502 0.03 0.044
0 0.512 0.536 0.044 0.04
0 0.436 0.573 0.048 0.038
0 0.496 0.572 0.044 0.044
0 0.556 0.532 0.036 0.032
0 0.664 0.47 0.04 0.04
0 0.696 0.459 0.04 0.046
0 0.727 0.459 0.034 0.05
0 0.772 0.451 0.04 0.046
0 0.766 0.5 0.032 0.036
0 0.787 0.536 0.038 0.032
0 0.608 0.349 0.04 0.042
0 0.814 0.397 0.04 0.042
0 0.856 0.497 0.04 0.034
0 0.9 0.497 0.04 0.038
0 0.83 0.526 0.04 0.036
0 0.932 0.525 0.032 0.038
0 0.963 0.477 0.042 0.046
0 0.907 0.408 0.038 0.044
0 0.8 0.63 0.044 0.052
0 0.711 0.577 0.038 0.05
0 0.596 0.534 0.036 0.036
0 0.621 0.63 0.038 0.044
0 0.576 0.649 0.036 0.03
0 0.041 0.521 0.046 0.038
0 0.099 0.248 0.042 0.036
0 0.109 0.359 0.038 0.034
0 0.104 0.429 0.036 0.046
0 0.23 0.525 0.04 0.042
0 0.285 0.563 0.042 0.046
0 0.314 0.667 0.048 0.038
0 0.431 0.681 0.034 0.054
0 0.452 0.748 0.04 0.044
0 0.387 0.749 0.034 0.046
0 0.346 0.819 0.052 0.074
0 0.385 0.915 0.05 0.042
0 0.247 0.884 0.042 0.048
0 0.193 0.92 0.038 0.052
0 0.313 0.489 0.042 0.034
0 0.267 0.461 0.038 0.03
0 0.249 0.472 0.042 0.036
0 0.154 0.598 0.044 0.048
0 0.067 0.596 0.034 0.036
0 0.1 0.592 0.032 0.032
0 0.133 0.676 0.038 0.036
0 0.046 0.711 0.032 0.038
0 0.079 0.718 0.026 0.032
0 0.007 0.644 0.01 0.032
0 0.108 0.797 0.052 0.058
0 0.157 0.813 0.034 0.042
0 0.198 0.809 0.04 0.042
0 0.236 0.778 0.032 0.036
0 0.289 0.944 0.038 0.04
0 0.249 0.981 0.042 0.034
0 0.207 0.979 0.034 0.038
0 0.127 0.933 0.046 0.042
0 0.023 0.976 0.034 0.036
0 0.065 0.828 0.038 0.04
0 0.454 0.95 0.04 0.04
0 0.528 0.897 0.048 0.042
0 0.55 0.869 0.04 0.042
0 0.45 0.857 0.04 0.046
0 0.482 0.865 0.032 0.042
0 0.529 0.806 0.034 0.028
0 0.516 0.827 0.04 0.03
0 0.515 0.855 0.03 0.026
0 0.639 0.894 0.03 0.028
0 0.562 0.987 0.036 0.022
0 0.593 0.962 0.018 0.04
0 0.695 0.839 0.034 0.038
0 0.757 0.873 0.038 0.042
0 0.777 0.955 0.034 0.038
0 0.816 0.957 0.032 0.038
0 0.884 0.919 0.04 0.034
0 0.845 0.927 0.034 0.042
0 0.833 0.909 0.034 0.026
0 0.93 0.867 0.032 0.038
0 0.901 0.867 0.022 0.026
0 0.973 0.876 0.038 0.04
0 0.969 0.966 0.038 0.036
0 0.993 0.984 0.01 0.028
0 0.62 0.762 0.044 0.044
0 0.543 0.745 0.038 0.034
0 0.488 0.695 0.028 0.03
0 0.507 0.722 0.026 0.028
0 0.502 0.614 0.032 0.028
0 0.553 0.623 0.03 0.026
0 0.414 0.624 0.028 0.024
0 0.193 0.673 0.038 0.054
0 0.223 0.706 0.042 0.04
0 0.318 0.755 0.032 0.038
0 0.703 0.777 0.03 0.022
0 0.752 0.768 0.036 0.032
0 0.734 0.829 0.024 0.026
0 0.789 0.743 0.038 0.062
0 0.868 0.789 0.04 0.038
0 0.846 0.791 0.028 0.042
0 0.928 0.805 0.032 0.022
0 0.938 0.82 0.016 0.02
0 0.991 0.767 0.014 0.034
0 0.942 0.747 0.032 0.034
0 0.948 0.689 0.036 0.034
0 0.866 0.687 0.036 0.034
0 0.875 0.741 0.03 0.034
0 0.856 0.591 0.028 0.03
0 0.843 0.64 0.026 0.028
0 0.938 0.648 0.036 0.032
0 0.968 0.641 0.02 0.022
0 0.975 0.669 0.018 0.022
0 0.985 0.676 0.018 0.02
0 0.907 0.579 0.022 0.026
0 0.891 0.595 0.026 0.034
0 0.815 0.591 0.022 0.026
0 0.762 0.567 0.024 0.026
0 0.759 0.604 0.022 0.036
0 0.661 0.666 0.026 0.028
0 0.581 0.687 0.034 0.034
0 0.246 0.945 0.028 0.026
0 0.592 0.872 0.032 0.028
0 0.622 0.858 0.036 0.032
0 0.328 0.994 0.02 0.008
0 0.048 0.788 0.016 0.028
0 0.251 0.659 0.03 0.038
0 0.324 0.626 0.036 0.036
0 0.217 0.554 0.026 0.028
0 0.127 0.555 0.034 0.046
0 0.014 0.48 0.024 0.04
0 0.031 0.462 0.018 0.02
0 0.599 0.588 0.034 0.036
0 0.618 0.575 0.036 0.038
0 0.649 0.525 0.022 0.03
0 0.667 0.531 0.022 0.034
0 0.711 0.396 0.03 0.04
0 0.263 0.098 0.026 0.036
0 0.113 0.148 0.022 0.02
0 0.006 0.14 0.008 0.036
0 0.463 0.096 0.042 0.016
0 0.462 0.077 0.036 0.03
0 0.336 0.003 0.024 0.006
0 0.63 0.162 0.052 0.048
0 0.887 0.163 0.042 0.038
0 0.86 0.17 0.012 0.04
0 0.897 0.356 0.034 0.044
0 0.876 0.437 0.016 0.042
0 0.994 0.507 0.008 0.038
0 0.987 0.257 0.022 0.022
0 0.969 0.261 0.018 0.022
0 0.993 0.072 0.01 0.052
0 0.69 0.755 0.028 0.01
1 0.851 0.219 0.022 0.026
1 0.269 0.362 0.026 0.02
1 0.312 0.432 0.02 0.024
1 0.791 0.525 0.026 0.018
1 0.918 0.824 0.02 0.016
1 0.335 0.855 0.014 0.018
1 0.66 0.497 0.02 0.018
1 0.501 0.666 0.018 0.016
1 0.516 0.644 0.012 0.02
1 0.463 0.306 0.01 0.012
1 0.443 0.11 0.018 0.012
1 0.886 0.192 0.012 0.016
1 0.853 0.313 0.018 0.022
1 0.971 0.449 0.022 0.018
1 0.706 0.67 0.016 0.024
2 0.535 0.664 0.03 0.032
2 0.633 0.692 0.034 0.032
2 0.92 0.948 0.028 0.016
2 0.838 0.978 0.024 0.02
2 0.601 0.99 0.03 0.016
2 0.42 0.983 0.04 0.03
2 0.317 0.95 0.022 0.048
2 0.113 0.975 0.026 0.022
2 0.101 0.951 0.018 0.018
2 0.142 0.888 0.024 0.04
2 0.166 0.9 0.024 0.028
2 0.011 0.83 0.018 0.024
2 0.03 0.78 0.028 0.048
2 0.268 0.699 0.024 0.026
2 0.348 0.65 0.028 0.028
2 0.379 0.651 0.03 0.03
2 0.279 0.661 0.03 0.046
2 0.199 0.572 0.03 0.028
2 0.116 0.537 0.016 0.022
2 0.171 0.538 0.018 0.016
2 0.075 0.444 0.022 0.024
2 0.132 0.422 0.024 0.036
2 0.313 0.536 0.022 0.02
2 0.3 0.534 0.012 0.016
2 0.269 0.516 0.014 0.016
2 0.276 0.489 0.028 0.026
2 0.633 0.525 0.026 0.03
2 0.668 0.603 0.028 0.038
2 0.572 0.597 0.028 0.022
2 0.531 0.587 0.034 0.022
2 0.527 0.641 0.022 0.03
2 0.427 0.649 0.03 0.022
2 0.497 0.398 0.022 0.024
2 0.567 0.4 0.026 0.036
2 0.536 0.469 0.024 0.022
2 0.498 0.441 0.028 0.03
2 0.712 0.356 0.028 0.028
2 0.546 0.353 0.028 0.022
2 0.366 0.295 0.024 0.026
2 0.362 0.188 0.024 0.036
2 0.256 0.167 0.04 0.03
2 0.79 0.015 0.028 0.03
2 0.855 0.425 0.026 0.026
2 0.823 0.45 0.022 0.028
2 0.992 0.428 0.012 0.028
2 0.948 0.258 0.012 0.016
2 0.961 0.213 0.034 0.042
2 0.707 0.72 0.03 0.032
2 0.729 0.688 0.026 0.028
2 0.822 0.73 0.024 0.028
2 0.805 0.697 0.03 0.026
2 0.7 0.691 0.02 0.026
2 0.82 0.678 0.036 0.036
2 0.962 0.577 0.032 0.038
2 0.738 0.543 0.02 0.03
2 0.657 0.339 0.03 0.022
2 0.85 0.363 0.016 0.038
2 0.884 0.276 0.032 0.024
2 0.993 0.899 0.01 0.026
2 0.927 0.911 0.018 0.022
2 0.902 0.841 0.028 0.026
2 0.791 0.826 0.022 0.02
2 0.747 0.793 0.034 0.018
2 0.657 0.791 0.022 0.014
2 0.504 0.931 0.02 0.018
2 0.557 0.908 0.026 0.032
2 0.335 0.732 0.026 0.016
2 0.182 0.617 0.02 0.026