0 0.316 0.105 0.044 0.098
0 0.022 0.124 0.044 0.052
0 0.062 0.127 0.068 0.07
0 0.135 0.018 0.042 0.036
0 0.064 0.044 0.036 0.048
0 0.044 0.303 0.028 0.05
0 0.2 0.135 0.052 0.046
0 0.155 0.25 0.078 0.104
0 0.149 0.155 0.07 0.09
0 0.318 0.184 0.076 0.088
0 0.095 0.339 0.034 0.042
0 0.256 0.511 0.052 0.054
0 0.127 0.994 0.026 0.008
0 0.283 0.669 0.042 0.058
0 0.252 0.694 0.072 0.088
0 0.341 0.731 0.05 0.114
0 0.371 0.762 0.05 0.096
0 0.359 0.853 0.042 0.054
0 0.286 0.758 0.06 0.064
0 0.265 0.864 0.046 0.048
0 0.279 0.934 0.05 0.048
0 0.246 0.929 0.04 0.042
0 0.253 0.958 0.038 0.036
0 0.527 0.943 0.058 0.054
0 0.634 0.968 0.06 0.06
0 0.886 0.952 0.06 0.048
0 0.954 0.986 0.044 0.024
0 0.79 0.79 0.076 0.08
0 0.588 0.783 0.052 0.042
0 0.548 0.732 0.044 0.068
0 0.969 0.573 0.058 0.078
0 0.654 0.445 0.072 0.174
0 0.468 0.613 0.044 0.082
0 0.377 0.513 0.054 0.054
0 0.358 0.302 0.048 0.068
0 0.423 0.305 0.038 0.062
0 0.363 0.468 0.05 0.04
0 0.535 0.275 0.066 0.102
0 0.784 0.415 0.048 0.082
0 0.856 0.435 0.048 0.042
0 0.817 0.436 0.054 0.124
0 0.524 0.154 0.04 0.076
0 0.469 0.013 0.046 0.026
0 0.445 0.063 0.05 0.074
0 0.981 0.112 0.034 0.064
0 0.755 0.225 0.062 0.086
0 0.665 0.056 0.05 0.064
0 0.613 0.679 0.03 0.05
0 0.008 0.284 0.016 0.044
0 0.269 0.015 0.05 0.03
0 0.023 0.009 0.018 0.018
0 0.008 0.011 0.016 0.022
0 0.374 0.438 0.036 0.024
0 0.446 0.483 0.08 0.078
0 0.448 0.553 0.08 0.078
0 0.695 0.762 0.034 0.04
0 0.454 0.752 0.056 0.068
0 0.55 0.85 0.048 0.056
0 0.693 0.87 0.038 0.036
0 0.803 0.883 0.042 0.066
0 0.769 0.876 0.046 0.056
0 0.784 0.981 0.06 0.034
0 0.933 0.831 0.034 0.086
0 0.87 0.759 0.056 0.062
0 0.866 0.637 0.064 0.102
0 0.661 0.784 0.042 0.052
0 0.47 0.862 0.048 0.056
0 0.365 0.951 0.042 0.05
0 0.173 0.944 0.05 0.056
0 0.16 0.92 0.044 0.036
0 0.042 0.906 0.056 0.076
0 0.027 0.934 0.038 0.04
0 0.018 0.984 0.036 0.028
0 0.054 0.771 0.048 0.05
0 0.102 0.668 0.052 0.076
0 0.272 0.407 0.048 0.102
0 0.244 0.333 0.048 0.066
0 0.158 0.458 0.044 0.044
0 0.158 0.419 0.06 0.046
0 0.122 0.45 0.04 0.044
0 0.129 0.533 0.054 0.042
0 0.043 0.529 0.062 0.054
0 0.063 0.458 0.046 0.048
0 0.056 0.171 0.056 0.046
0 0.03 0.058 0.028 0.056
0 0.17 0.051 0.052 0.066
0 0.501 0.665 0.046 0.042
0 0.688 0.594 0.072 0.104
0 0.711 0.513 0.034 0.046
0 0.65 0.357 0.016 0.026
0 0.622 0.349 0.04 0.058
0 0.592 0.337 0.044 0.042
0 0.724 0.532 0.032 0.032
0 0.596 0.47 0.04 0.064
0 0.988 0.491 0.02 0.05
0 0.926 0.36 0.072 0.124
0 0.977 0.339 0.038 0.046
0 0.859 0.287 0.082 0.09
0 0.955 0.016 0.046 0.032
0 0.853 0.024 0.046 0.048
0 0.682 0.157 0.08 0.074
0 0.675 0.112 0.05 0.044
0 0.709 0.099 0.034 0.066
0 0.724 0.107 0.02 0.026
0 0.676 0.205 0.044 0.03
0 0.592 0.078 0.04 0.056
0 0.581 0.102 0.026 0.028
0 0.604 0.097 0.02 0.034
0 0.347 0.229 0.078 0.082
0 0.941 0.958 0.042 0.036
0 0.799 0.96 0.026 0.02
0 0.085 0.379 0.042 0.046
0 0.109 0.377 0.022 0.03
0 0.859 0.382 0.042 0.048
0 0.862 0.351 0.032 0.026
0 0.844 0.483 0.052 0.054
0 0.499 0.505 0.042 0.038
0 0.914 0.911 0.048 0.046
0 0.573 0.155 0.034 0.046
0 0.147 0.374 0.042 0.052
0 0.834 0.213 0.052 0.062
0 0.487 0.585 0.022 0.038
1 0.012 0.795 0.024 0.022
1 0.102 0.838 0.028 0.02
1 0.151 0.325 0.03 0.03
1 0.509 0.686 0.03 0.024
1 0.392 0.304 0.028 0.036
1 0.87 0.863 0.036 0.026
1 0.102 0.187 0.024 0.026
1 0.419 0.157 0.042 0.03
1 0.065 0.497 0.026 0.03
1 0.077 0.483 0.014 0.018
1 0.041 0.413 0.022 0.034
1 0.029 0.396 0.026 0.032
1 0.093 0.541 0.014 0.018
1 0.317 0.347 0.03 0.038
1 0.188 0.733 0.028 0.03
1 0.185 0.9 0.026 0.024
1 0.543 0.896 0.038 0.02
1 0.442 0.733 0.032 0.03
1 0.752 0.731 0.028 0.018
1 0.804 0.697 0.032 0.038
1 0.644 0.81 0.028 0.024
1 0.936 0.653 0.032 0.018
1 0.927 0.586 0.022 0.04
1 0.548 0.585 0.036 0.03
1 0.609 0.534 0.034 0.02
1 0.752 0.482 0.032 0.028
1 0.939 0.531 0.042 0.034
1 0.826 0.361 0.024 0.026
1 0.523 0.519 0.034 0.038
1 0.66 0.69 0.044 0.036
1 0.924 0.434 0.024 0.024
1 0.953 0.436 0.038 0.028
1 0.462 0.431 0.032 0.022
1 0.776 0.389 0.02 0.026
1 0.532 0.016 0.02 0.032
1 0.576 0.02 0.024 0.04
1 0.605 0.129 0.034 0.026
1 0.524 0.204 0.036 0.032
1 0.467 0.285 0.014 0.014
1 0.583 0.193 0.046 0.022
1 0.87 0.131 0.04 0.022
1 0.28 0.046 0.032 0.056
1 0.361 0.142 0.018 0.02
1 0.641 0.198 0.034 0.032
1 0.589 0.706 0.038 0.052
1 0.002 0.427 0.004 0.03
1 0.147 0.853 0.034 0.038
1 0.222 0.561 0.04 0.034
1 0.325 0.798 0.022 0.02
1 0.056 0.724 0.024 0.028
1 0.116 0.497 0.04 0.03
1 0.714 0.433 0.048 0.03
1 0.715 0.34 0.038 0.036
1 0.872 0.171 0.028 0.026
1 0.924 0.063 0.04 0.034
1 0.938 0.155 0.032 0.034
1 0.098 0.297 0.024 0.042
1 0.147 0.76 0.046 0.048
1 0.29 0.448 0.028 0.024
1 0.21 0.758 0.048 0.04
1 0.137 0.808 0.03 0.016
1 0.244 0.138 0.012 0.036
2 0.02 0.569 0.024 0.034
2 0.094 0.936 0.028 0.028
2 0.587 0.98 0.034 0.036
2 0.713 0.985 0.05 0.026
2 0.842 0.698 0.04 0.04
2 0.349 0.369 0.05 0.034
2 0.972 0.869 0.02 0.018
2 0.548 0.064 0.024 0.032
2 0.332 0.035 0.084 0.07
2 0.764 0.151 0.032 0.03
2 0.661 0.274 0.042 0.032
2 0.058 0.649 0.032 0.026
2 0.709 0.393 0.042 0.05
2 0.013 0.161 0.018 0.026
2 0.149 0.085 0.034 0.026
2 0.279 0.567 0.018 0.026
2 0.845 0.586 0.03 0.032
2 0.456 0.17 0.036 0.02
2 0.568 0.486 0.028 0.048
2 0.383 0.55 0.074 0.06
2 0.454 0.687 0.036 0.062
2 0.789 0.916 0.038 0.02
2 0.122 0.96 0.04 0.052
2 0.009 0.934 0.018 0.028
2 0.039 0.724 0.026 0.028
2 0.01 0.59 0.02 0.052
2 0.47 0.675 0.028 0.03
2 0.594 0.314 0.032 0.02
2 0.737 0.386 0.014 0.036
2 0.979 0.302 0.018 0.036
2 0.936 0.129 0.024 0.022
2 0.168 0.099 0.052 0.03
2 0.264 0.096 0.032 0.044
2 0.819 0.342 0.046 0.068
2 0.687 0.716 0.05 0.092
2 0.613 0.925 0.034 0.03
2 0.387 0.835 0.034 0.042
2 0.878 0.582 0.028 0.024