0 0.397 0.781 0.098 0.042
0 0.258 0.813 0.068 0.054
0 0.25 0.764 0.052 0.048
0 0.139 0.761 0.046 0.038
0 0.186 0.768 0.056 0.032
0 0.258 0.723 0.048 0.03
0 0.171 0.574 0.046 0.056
0 0.221 0.574 0.054 0.052
0 0.029 0.557 0.046 0.054
0 0.08 0.618 0.048 0.044
0 0.196 0.508 0.072 0.044
0 0.165 0.484 0.05 0.04
0 0.06 0.422 0.044 0.028
0 0.34 0.634 0.052 0.032
0 0.023 0.913 0.038 0.026
0 0.058 0.918 0.036 0.028
0 0.098 0.909 0.044 0.034
0 0.179 0.975 0.054 0.046
0 0.206 0.92 0.044 0.056
0 0.186 0.853 0.04 0.05
0 0.264 0.932 0.04 0.032
0 0.32 0.941 0.044 0.026
0 0.379 0.947 0.062 0.038
0 0.371 0.898 0.038 0.032
0 0.506 0.917 0.04 0.034
0 0.426 0.679 0.04 0.034
0 0.025 0.218 0.05 0.044
0 0.092 0.254 0.056 0.044
0 0.018 0.102 0.036 0.04
0 0.068 0.121 0.072 0.054
0 0.159 0.03 0.058 0.04
0 0.135 0.081 0.034 0.058
0 0.163 0.075 0.03 0.042
0 0.137 0.157 0.05 0.034
0 0.097 0.158 0.034 0.036
0 0.253 0.242 0.034 0.036
0 0.078 0.361 0.044 0.042
0 0.106 0.395 0.036 0.034
0 0.112 0.367 0.024 0.026
0 0.145 0.326 0.054 0.036
0 0.299 0.534 0.046 0.052
0 0.248 0.415 0.052 0.03
0 0.308 0.376 0.052 0.044
0 0.549 0.835 0.066 0.042
0 0.336 0.147 0.044 0.03
0 0.364 0.194 0.044 0.036
0 0.434 0.186 0.048 0.04
0 0.527 0.787 0.046 0.034
0 0.535 0.737 0.046 0.042
0 0.499 0.725 0.05 0.042
0 0.508 0.668 0.044 0.028
0 0.511 0.598 0.05 0.032
0 0.498 0.575 0.064 0.034
0 0.663 0.903 0.05 0.034
0 0.637 0.865 0.062 0.034
0 0.41 0.431 0.044 0.042
0 0.47 0.527 0.032 0.034
0 0.439 0.383 0.066 0.038
0 0.451 0.357 0.05 0.038
0 0.406 0.309 0.052 0.034
0 0.451 0.31 0.038 0.036
0 0.393 0.235 0.038 0.034
0 0.436 0.517 0.044 0.058
0 0.439 0.47 0.054 0.036
0 0.42 0.264 0.04 0.04
0 0.439 0.259 0.042 0.026
0 0.439 0.127 0.034 0.038
0 0.557 0.303 0.07 0.034
0 0.549 0.251 0.046 0.038
0 0.578 0.227 0.04 0.038
0 0.619 0.659 0.042 0.034
0 0.637 0.699 0.042 0.05
0 0.717 0.667 0.042 0.038
0 0.74 0.714 0.04 0.032
0 0.752 0.748 0.048 0.028
0 0.576 0.941 0.028 0.058
0 0.545 0.419 0.058 0.026
0 0.788 0.92 0.06 0.044
0 0.531 0.544 0.038 0.024
0 0.635 0.493 0.05 0.034
0 0.636 0.549 0.048 0.034
0 0.669 0.356 0.046 0.032
0 0.721 0.356 0.038 0.036
0 0.734 0.321 0.052 0.042
0 0.679 0.222 0.046 0.028
0 0.9 0.833 0.056 0.03
0 0.971 0.973 0.038 0.034
0 0.769 0.85 0.042 0.028
0 0.792 0.772 0.048 0.028
0 0.822 0.786 0.028 0.036
0 0.953 0.643 0.05 0.034
0 0.842 0.599 0.052 0.042
0 0.649 0.72 0.038 0.024
0 0.703 0.589 0.042 0.03
0 0.595 0.494 0.042 0.052
0 0.616 0.518 0.028 0.028
0 0.76 0.497 0.048 0.046
0 0.704 0.458 0.048 0.04
0 0.881 0.316 0.026 0.064
0 0.947 0.342 0.042 0.036
0 0.972 0.326 0.028 0.052
0 0.862 0.539 0.04 0.03
0 0.91 0.483 0.044 0.046
0 0.889 0.446 0.054 0.044
0 0.948 0.582 0.036 0.036
0 0.619 0.221 0.038 0.022
0 0.817 0.154 0.086 0.032
0 0.663 0.143 0.046 0.03
0 0.752 0.082 0.048 0.04
0 0.93 0.064 0.048 0.044
0 0.09 0.024 0.056 0.044
1 0.013 0.434 0.018 0.02
1 0.208 0.645 0.032 0.022
1 0.198 0.601 0.028 0.026
1 0.276 0.647 0.028 0.026
1 0.159 0.95 0.03 0.02
1 0.329 0.986 0.026 0.016
1 0.099 0.774 0.03 0.024
1 0.397 0.9 0.018 0.02
1 0.214 0.863 0.02 0.026
1 0.408 0.92 0.04 0.02
1 0.344 0.852 0.02 0.036
1 0.39 0.853 0.052 0.026
1 0.452 0.869 0.028 0.038
1 0.415 0.824 0.054 0.036
1 0.368 0.691 0.02 0.034
1 0.056 0.581 0.036 0.026
1 0.077 0.195 0.026 0.05
1 0.153 0.22 0.042 0.028
1 0.223 0.188 0.018 0.044
1 0.206 0.258 0.016 0.04
1 0.161 0.409 0.022 0.018
1 0.177 0.417 0.01 0.014
1 0.191 0.384 0.03 0.024
1 0.186 0.35 0.052 0.024
1 0.333 0.566 0.03 0.04
1 0.379 0.591 0.03 0.022
1 0.404 0.63 0.024 0.02
1 0.429 0.608 0.018 0.016
1 0.343 0.521 0.022 0.026
1 0.336 0.486 0.024 0.024
1 0.338 0.455 0.024 0.018
1 0.252 0.138 0.012 0.02
1 0.265 0.135 0.014 0.022
1 0.237 0.104 0.018 0.028
1 0.263 0.037 0.034 0.034
1 0.236 0.067 0.024 0.03
1 0.418 0.163 0.04 0.026
1 0.663 0.738 0.058 0.028
1 0.592 0.848 0.02 0.028
1 0.599 0.826 0.018 0.02
1 0.547 0.451 0.026 0.026
1 0.559 0.37 0.022 0.024
1 0.605 0.988 0.026 0.02
1 0.665 0.958 0.022 0.02
1 0.689 0.945 0.014 0.026
1 0.944 0.973 0.02 0.018
1 0.866 0.928 0.012 0.024
1 0.764 0.786 0.02 0.02
1 0.759 0.654 0.034 0.024
1 0.798 0.614 0.024 0.02
1 0.89 0.703 0.028 0.03
1 0.857 0.709 0.01 0.018
1 0.977 0.732 0.022 0.024
1 0.883 0.611 0.03 0.022
1 0.757 0.41 0.03 0.024
1 0.801 0.372 0.038 0.024
1 0.814 0.396 0.016 0.024
1 0.876 0.483 0.028 0.03
1 0.794 0.539 0.036 0.018
1 0.983 0.569 0.022 0.034
1 0.511 0.523 0.014 0.022
1 0.384 0.444 0.028 0.02
1 0.721 0.264 0.022 0.024
1 0.759 0.279 0.038 0.034
1 0.807 0.269 0.046 0.018
1 0.866 0.224 0.044 0.032
1 0.546 0.188 0.024 0.024
1 0.549 0.127 0.026 0.026
1 0.578 0.124 0.036 0.02
1 0.605 0.141 0.026 0.026
1 0.629 0.162 0.018 0.04
1 0.643 0.193 0.03 0.018
1 0.732 0.122 0.028 0.024
1 0.591 0.096 0.042 0.036
1 0.746 0.041 0.02 0.018
1 0.818 0.017 0.032 0.026
1 0.871 0.141 0.03 0.018
1 0.873 0.124 0.026 0.02
1 0.563 0.158 0.03 0.044
1 0.243 0.045 0.05 0.05
1 0.263 0.074 0.03 0.02
1 0.872 0.053 0.028 0.01
1 0.06 0.028 0.032 0.024
2 0.352 0.042 0.036 0.016
2 0.431 0.062 0.034 0.024
2 0.488 0.082 0.068 0.032
2 0.063 0.386 0.018 0.016
2 0.25 0.364 0.02 0.008
2 0.284 0.318 0.016 0.024
2 0.481 0.769 0.026 0.022
2 0.172 0.681 0.024 0.018
2 0.675 0.534 0.014 0.012
2 0.666 0.055 0.04 0.034
2 0.473 0.217 0.026 0.026
2 0.47 0.148 0.012 0.016
2 0.725 0.188 0.018 0.02
2 0.748 0.168 0.012 0.012
2 0.769 0.456 0.022 0.016