0 0.039 0.195 0.038 0.042
0 0.122 0.099 0.048 0.046
0 0.058 0.091 0.032 0.042
0 0.229 0.068 0.026 0.048
0 0.282 0.07 0.036 0.056
0 0.343 0.126 0.038 0.028
0 0.451 0.032 0.034 0.044
0 0.509 0.074 0.042 0.048
0 0.594 0.112 0.048 0.032
0 0.854 0.097 0.048 0.042
0 0.907 0.169 0.038 0.042
0 0.938 0.02 0.036 0.032
0 0.711 0.022 0.046 0.036
0 0.661 0.026 0.034 0.036
0 0.606 0.018 0.036 0.032
0 0.589 0.087 0.034 0.022
0 0.358 0.067 0.032 0.026
0 0.346 0.23 0.06 0.036
0 0.043 0.021 0.062 0.038
0 0.219 0.302 0.054 0.044
0 0.016 0.269 0.028 0.066
0 0.149 0.254 0.03 0.04
0 0.234 0.448 0.032 0.048
0 0.075 0.671 0.042 0.03
0 0.058 0.703 0.036 0.034
0 0.13 0.627 0.036 0.042
0 0.164 0.647 0.036 0.026
0 0.153 0.688 0.022 0.024
0 0.203 0.625 0.046 0.042
0 0.231 0.655 0.038 0.034
0 0.22 0.708 0.032 0.032
0 0.215 0.741 0.054 0.03
0 0.172 0.501 0.036 0.034
0 0.154 0.535 0.04 0.046
0 0.031 0.482 0.03 0.028
0 0.014 0.529 0.024 0.03
0 0.012 0.694 0.02 0.056
0 0.032 0.789 0.048 0.03
0 0.12 0.743 0.052 0.042
0 0.016 0.899 0.032 0.042
0 0.014 0.95 0.024 0.04
0 0.093 0.964 0.042 0.024
0 0.132 0.946 0.06 0.036
0 0.161 0.888 0.046 0.044
0 0.28 0.877 0.052 0.054
0 0.5 0.197 0.044 0.038
0 0.42 0.499 0.044 0.05
0 0.446 0.552 0.04 0.032
0 0.416 0.375 0.032 0.046
0 0.511 0.485 0.042 0.05
0 0.464 0.472 0.04 0.032
0 0.979 0.272 0.038 0.064
0 0.985 0.111 0.026 0.054
0 0.539 0.309 0.042 0.042
0 0.548 0.907 0.04 0.022
0 0.674 0.867 0.044 0.038
0 0.805 0.848 0.042 0.048
0 0.855 0.839 0.046 0.062
0 0.677 0.984 0.05 0.028
0 0.361 0.984 0.038 0.028
0 0.392 0.979 0.024 0.022
0 0.502 0.795 0.036 0.03
0 0.383 0.61 0.03 0.028
0 0.795 0.549 0.046 0.046
0 0.644 0.568 0.044 0.036
0 0.633 0.613 0.042 0.034
0 0.725 0.589 0.026 0.03
0 0.805 0.693 0.05 0.042
0 0.837 0.598 0.03 0.028
0 0.875 0.6 0.046 0.024
0 0.91 0.572 0.048 0.044
0 0.954 0.556 0.036 0.036
0 0.807 0.489 0.042 0.038
0 0.733 0.334 0.042 0.04
0 0.529 0.843 0.03 0.042
0 0.559 0.782 0.054 0.036
0 0.874 0.789 0.04 0.038
0 0.359 0.461 0.034 0.034
0 0.373 0.421 0.042 0.026
0 0.773 0.127 0.03 0.022
0 0.66 0.263 0.044 0.046
0 0.819 0.285 0.046 0.046
0 0.913 0.277 0.042 0.054
0 0.792 0.368 0.04 0.036
0 0.453 0.639 0.038 0.034
0 0.278 0.729 0.032 0.034
0 0.553 0.484 0.038 0.044
0 0.571 0.193 0.038 0.03
0 0.186 0.992 0.04 0.012
0 0.286 0.164 0.028 0.032
0 0.237 0.609 0.03 0.026
0 0.931 0.35 0.034 0.032
0 0.897 0.388 0.026 0.02
0 0.48 0.245 0.036 0.03
0 0.387 0.944 0.042 0.028
0 0.567 0.7 0.042 0.028
0 0.632 0.649 0.04 0.03
0 0.67 0.52 0.028 0.036
0 0.743 0.517 0.034 0.038
0 0.964 0.586 0.04 0.028
0 0.774 0.602 0.04 0.028
0 0.927 0.791 0.042 0.03
0 0.731 0.108 0.03 0.036
0 0.857 0.471 0.038 0.03
0 0.909 0.471 0.038 0.034
0 0.263 0.333 0.038 0.046
0 0.487 0.273 0.038 0.026
0 0.314 0.929 0.02 0.034
0 0.395 0.825 0.038 0.034
0 0.099 0.905 0.03 0.022
0 0.119 0.9 0.018 0.024
0 0.65 0.785 0.068 0.062
0 0.442 0.786 0.06 0.056
0 0.64 0.721 0.028 0.07
0 0.884 0.63 0.084 0.056
0 0.951 0.733 0.038 0.03
0 0.336 0.737 0.056 0.066
0 0.429 0.718 0.05 0.06
0 0.296 0.616 0.04 0.068
0 0.273 0.421 0.038 0.03
0 0.285 0.441 0.034 0.03
0 0.324 0.426 0.032 0.04
0 0.591 0.504 0.054 0.072
0 0.319 0.556 0.062 0.044
0 0.375 0.573 0.022 0.026
0 0.359 0.605 0.022 0.022
0 0.424 0.602 0.024 0.024
0 0.472 0.352 0.052 0.068
0 0.506 0.41 0.04 0.024
0 0.844 0.358 0.044 0.044
0 0.628 0.194 0.032 0.028
0 0.65 0.192 0.02 0.024
0 0.67 0.18 0.028 0.04
0 0.335 0.345 0.05 0.058
1 0.571 0.055 0.034 0.022
1 0.213 0.83 0.018 0.02
1 0.464 0.118 0.024 0.02
1 0.591 0.166 0.018 0.016
1 0.386 0.139 0.02 0.022
1 0.179 0.065 0.022 0.022
1 0.208 0.119 0.016 0.026
1 0.142 0.302 0.024 0.02
1 0.139 0.357 0.026 0.022
1 0.027 0.346 0.022 0.024
1 0.19 0.421 0.028 0.03
1 0.055 0.548 0.026 0.024
1 0.028 0.576 0.024 0.016
1 0.161 0.781 0.022 0.022
1 0.188 0.721 0.02 0.026
1 0.073 0.992 0.022 0.012
1 0.156 0.974 0.028 0.016
1 0.265 0.825 0.018 0.026
1 0.284 0.82 0.02 0.016
1 0.158 0.851 0.024 0.022
1 0.799 0.085 0.03 0.03
1 0.772 0.289 0.012 0.014
1 0.389 0.5 0.018 0.02
1 0.539 0.4 0.018 0.02
1 0.462 0.973 0.024 0.026
1 0.637 0.886 0.022 0.02
1 0.817 0.936 0.03 0.016
1 0.348 0.889 0.008 0.01
1 0.296 0.969 0.024 0.022
1 0.729 0.629 0.014 0.018
1 0.867 0.534 0.026 0.016
1 0.944 0.421 0.02 0.034
1 0.713 0.454 0.018 0.02
1 0.722 0.382 0.024 0.016
1 0.83 0.808 0.036 0.024
1 0.539 0.646 0.026 0.02
1 0.382 0.542 0.044 0.024
1 0.297 0.376 0.026 0.02
1 0.51 0.764 0.04 0.028
1 0.818 0.193 0.032 0.014
1 0.81 0.409 0.036 0.022
1 0.991 0.727 0.014 0.026
1 0.388 0.741 0.024 0.03
1 0.699 0.39 0.034 0.028
1 0.316 0.99 0.028 0.016
1 0.156 0.144 0.016 0.024
1 0.183 0.114 0.018 0.02
1 0.25 0.15 0.02 0.032
1 0.276 0.215 0.024 0.022
1 0.18 0.324 0.024 0.032
1 0.023 0.418 0.034 0.024
1 0.093 0.406 0.046 0.024
1 0.09 0.358 0.024 0.02
1 0.04 0.295 0.028 0.022
1 0.067 0.488 0.03 0.036
1 0.097 0.779 0.018 0.014
1 0.133 0.778 0.022 0.016
1 0.076 0.76 0.02 0.028
1 0.391 0.108 0.018 0.032
1 0.961 0.136 0.022 0.028
1 0.588 0.894 0.032 0.02
1 0.821 0.958 0.042 0.024
1 0.859 0.911 0.034 0.018
1 0.688 0.548 0.024 0.036
1 0.971 0.436 0.042 0.044
1 0.819 0.424 0.054 0.076
1 0.617 0.378 0.03 0.044
1 0.77 0.802 0.028 0.016
1 0.336 0.668 0.02 0.024
1 0.804 0.147 0.032 0.03
1 0.678 0.359 0.028 0.022
1 0.693 0.435 0.058 0.034
1 0.96 0.685 0.024 0.026
1 0.314 0.654 0.012 0.008
1 0.543 0.372 0.018 0.016
1 0.241 0.993 0.026 0.01
1 0.048 0.612 0.016 0.024
1 0.082 0.584 0.056 0.04
1 0.101 0.592 0.018 0.012
1 0.045 0.588 0.026 0.02
1 0.393 0.275 0.022 0.026
1 0.411 0.286 0.022 0.016
1 0.429 0.286 0.022 0.028
1 0.465 0.7 0.018 0.024
1 0.468 0.677 0.02 0.026
1 0.802 0.752 0.04 0.016
1 0.949 0.828 0.022 0.04
1 0.978 0.901 0.036 0.014
1 0.986 0.916 0.024 0.012
1 0.925 0.824 0.026 0.016
2 0.142 0.73 0.044 0.044
2 0.71 0.084 0.028 0.024
2 0.278 0.918 0.028 0.016
2 0.365 0.849 0.026 0.038
2 0.569 0.934 0.03 0.016
2 0.783 0.932 0.022 0.02
2 0.681 0.902 0.01 0.016
2 0.228 0.795 0.02 0.018
2 0.927 0.519 0.01 0.018
2 0.64 0.347 0.028 0.022
2 0.338 0.79 0.04 0.012
2 0.919 0.683 0.01 0.01
2 0.255 0.49 0.022 0.024
2 0.9 0.09 0.012 0.02
2 0.876 0.163 0.02 0.026
2 0.892 0.122 0.016 0.024
2 0.913 0.112 0.014 0.024
2 0.862 0.177 0.012 0.014
2 0.78 0.739 0.02 0.014
2 0.775 0.761 0.014 0.01
2 0.588 0.272 0.02 0.016
2 0.534 0.984 0.02 0.016
2 0.478 0.993 0.016 0.01
2 0.872 0.273 0.02 0.03