0 0.525 0.609 0.05 0.046
0 0.275 0.664 0.042 0.06
0 0.251 0.706 0.038 0.044
0 0.267 0.758 0.034 0.048
0 0.322 0.728 0.044 0.052
0 0.182 0.739 0.044 0.062
0 0.066 0.771 0.04 0.066
0 0.364 0.31 0.048 0.064
0 0.256 0.295 0.048 0.046
0 0.11 0.36 0.048 0.052
0 0.028 0.423 0.04 0.058
0 0.387 0.791 0.042 0.046
0 0.119 0.842 0.046 0.068
0 0.08 0.847 0.028 0.07
0 0.266 0.972 0.044 0.048
0 0.233 0.93 0.042 0.052
0 0.333 0.938 0.042 0.048
0 0.337 0.586 0.038 0.064
0 0.112 0.715 0.032 0.058
0 0.082 0.711 0.056 0.086
0 0.142 0.909 0.044 0.054
0 0.39 0.708 0.04 0.048
0 0.346 0.742 0.024 0.044
0 0.5 0.837 0.04 0.042
0 0.523 0.887 0.03 0.038
0 0.643 0.864 0.038 0.056
0 0.694 0.931 0.048 0.054
0 0.719 0.929 0.018 0.026
0 0.753 0.917 0.042 0.05
0 0.757 0.876 0.042 0.044
0 0.59 0.79 0.036 0.06
0 0.63 0.688 0.048 0.06
0 0.693 0.67 0.05 0.076
0 0.62 0.618 0.048 0.056
0 0.519 0.544 0.05 0.06
0 0.258 0.492 0.036 0.06
0 0.352 0.436 0.028 0.044
0 0.421 0.43 0.042 0.068
0 0.202 0.874 0.044 0.084
0 0.384 0.571 0.06 0.058
0 0.461 0.626 0.042 0.056
0 0.414 0.641 0.04 0.054
0 0.5 0.621 0.036 0.062
0 0.246 0.863 0.032 0.054
0 0.426 0.889 0.052 0.09
0 0.529 0.432 0.054 0.076
0 0.113 0.496 0.05 0.076
0 0.081 0.612 0.038 0.056
0 0.546 0.797 0.048 0.066
0 0.7 0.82 0.04 0.048
0 0.336 0.845 0.044 0.062
0 0.463 0.961 0.042 0.042
0 0.914 0.533 0.056 0.05
0 0.824 0.547 0.04 0.05
0 0.72 0.55 0.036 0.064
0 0.196 0.639 0.04 0.05
0 0.219 0.674 0.038 0.064
0 0.814 0.833 0.068 0.074
0 0.856 0.812 0.04 0.044
0 0.92 0.803 0.036 0.042
0 0.906 0.758 0.044 0.04
0 0.978 0.767 0.04 0.042
0 0.864 0.721 0.04 0.042
0 0.889 0.687 0.042 0.046
0 0.804 0.703 0.028 0.034
0 0.844 0.758 0.04 0.032
0 0.639 0.746 0.042 0.044
0 0.754 0.767 0.024 0.038
0 0.857 0.454 0.046 0.076
0 0.698 0.406 0.048 0.056
0 0.72 0.356 0.064 0.076
0 0.478 0.173 0.056 0.074
0 0.525 0.125 0.046 0.058
0 0.521 0.045 0.034 0.058
0 0.463 0.049 0.03 0.058
0 0.39 0.254 0.04 0.052
0 0.251 0.206 0.042 0.052
0 0.818 0.315 0.048 0.05
0 0.261 0.41 0.046 0.064
0 0.238 0.409 0.032 0.062
0 0.19 0.438 0.036 0.052
0 0.212 0.476 0.036 0.04
0 0.827 0.185 0.05 0.058
0 0.451 0.332 0.05 0.068
0 0.471 0.907 0.034 0.046
0 0.591 0.921 0.038 0.058
0 0.806 0.94 0.032 0.04
0 0.031 0.608 0.042 0.052
0 0.1 0.535 0.032 0.046
0 0.169 0.554 0.046 0.052
0 0.749 0.631 0.038 0.05
0 0.816 0.638 0.036 0.06
0 0.86 0.63 0.044 0.044
0 0.774 0.578 0.032 0.032
0 0.682 0.549 0.044 0.046
0 0.759 0.475 0.034 0.03
0 0.721 0.443 0.03 0.03
0 0.813 0.464 0.038 0.052
0 0.388 0.635 0.04 0.05
0 0.038 0.472 0.036 0.048
0 0.076 0.407 0.028 0.038
0 0.275 0.346 0.042 0.048
0 0.291 0.375 0.026 0.03
0 0.059 0.282 0.034 0.028
0 0.131 0.283 0.038 0.07
0 0.174 0.269 0.024 0.034
0 0.606 0.381 0.048 0.046
0 0.578 0.329 0.028 0.038
0 0.613 0.281 0.03 0.054
0 0.361 0.213 0.042 0.05
0 0.444 0.237 0.032 0.05
0 0.431 0.199 0.026 0.034
0 0.522 0.292 0.04 0.032
0 0.499 0.355 0.026 0.034
0 0.039 0.157 0.034 0.038
0 0.091 0.138 0.05 0.072
0 0.082 0.091 0.04 0.05
0 0.124 0.128 0.036 0.056
0 0.144 0.019 0.028 0.034
0 0.185 0.198 0.026 0.04
0 0.217 0.182 0.03 0.052
0 0.343 0.086 0.03 0.04
0 0.354 0.056 0.044 0.068
0 0.384 0.065 0.04 0.046
0 0.237 0.036 0.042 0.056
0 0.176 0.032 0.04 0.036
0 0.145 0.096 0.038 0.04
0 0.127 0.076 0.03 0.044
0 0.9 0.437 0.036 0.054
0 0.928 0.455 0.044 0.046
0 0.859 0.366 0.046 0.044
0 0.623 0.133 0.03 0.03
0 0.644 0.095 0.044 0.062
0 0.65 0.052 0.044 0.052
0 0.77 0.113 0.048 0.046
0 0.813 0.094 0.058 0.068
0 0.887 0.091 0.05 0.05
0 0.762 0.179 0.056 0.066
0 0.837 0.23 0.026 0.036
0 0.935 0.245 0.026 0.03
0 0.932 0.164 0.036 0.044
0 0.961 0.117 0.038 0.042
0 0.98 0.031 0.036 0.034
1 0.554 0.56 0.024 0.04
1 0.183 0.829 0.022 0.022
1 0.364 0.915 0.016 0.034
1 0.425 0.987 0.022 0.018
1 0.521 0.961 0.022 0.026
1 0.482 0.887 0.02 0.022
1 0.625 0.925 0.018 0.026
1 0.593 0.957 0.022 0.018
1 0.824 0.954 0.016 0.02
1 0.821 0.896 0.026 0.028
1 0.939 0.933 0.026 0.03
1 0.95 0.917 0.012 0.022
1 0.961 0.928 0.014 0.016
1 0.938 0.904 0.012 0.016
1 0.305 0.791 0.042 0.014
1 0.427 0.792 0.03 0.028
1 0.449 0.792 0.022 0.02
1 0.503 0.743 0.03 0.022
1 0.48 0.71 0.02 0.024
1 0.536 0.697 0.02 0.018
1 0.554 0.733 0.024 0.026
1 0.653 0.771 0.026 0.022
1 0.718 0.762 0.028 0.032
1 0.726 0.79 0.012 0.04
1 0.439 0.753 0.038 0.03
1 0.163 0.765 0.022 0.026
1 0.412 0.702 0.024 0.02
1 0.134 0.696 0.02 0.024
1 0.114 0.62 0.02 0.02
1 0.148 0.629 0.036 0.022
1 0.147 0.504 0.018 0.024
1 0.184 0.501 0.028 0.022
1 0.224 0.508 0.02 0.028
1 0.282 0.517 0.028 0.026
1 0.167 0.573 0.022 0.018
1 0.949 0.806 0.018 0.028
1 0.777 0.647 0.018 0.022
1 0.911 0.659 0.026 0.022
1 0.921 0.601 0.018 0.022
1 0.668 0.58 0.02 0.016
1 0.744 0.521 0.028 0.018
1 0.689 0.479 0.018 0.022
1 0.713 0.488 0.022 0.02
1 0.426 0.556 0.036 0.052
1 0.343 0.481 0.018 0.018
1 0.413 0.447 0.022 0.014
1 0.605 0.513 0.018 0.026
1 0.476 0.456 0.024 0.032
1 0.449 0.38 0.018 0.02
1 0.174 0.359 0.024 0.026
1 0.214 0.329 0.02 0.022
1 0.112 0.313 0.012 0.014
1 0.108 0.272 0.012 0.024
1 0.282 0.254 0.028 0.032
1 0.308 0.218 0.028 0.02
1 0.318 0.297 0.016 0.034
1 0.406 0.29 0.032 0.028
1 0.475 0.25 0.026 0.016
1 0.541 0.261 0.014 0.038
1 0.53 0.235 0.028 0.014
1 0.509 0.318 0.018 0.02
1 0.083 0.05 0.026 0.02
1 0.114 0.029 0.016 0.026
1 0.048 0.041 0.036 0.026
1 0.018 0.035 0.02 0.03
1 0.258 0.157 0.02 0.026
1 0.217 0.123 0.018 0.026
1 0.31 0.069 0.016 0.026
1 0.96 0.447 0.032 0.022
1 0.834 0.485 0.028 0.026
1 0.847 0.383 0.022 0.018
1 0.946 0.376 0.016 0.02
1 0.895 0.303 0.014 0.026
1 0.904 0.299 0.02 0.022
1 0.943 0.294 0.026 0.028
1 0.662 0.207 0.024 0.022
1 0.686 0.177 0.02 0.018
1 0.742 0.211 0.024 0.026
1 0.707 0.059 0.022 0.022
1 0.617 0.079 0.022 0.022
1 0.592 0.049 0.032 0.038
1 0.735 0.129 0.018 0.03
1 0.821 0.242 0.018 0.028
1 0.836 0.256 0.016 0.016
1 0.825 0.426 0.018 0.024
1 0.763 0.051 0.026 0.022
1 0.889 0.024 0.026 0.02
1 0.962 0.061 0.012 0.01
1 0.959 0.052 0.018 0.016
1 0.421 0.061 0.022 0.026
2 0.161 0.956 0.022 0.028
2 0.143 0.961 0.014 0.026
2 0.495 0.941 0.01 0.018
2 0.688 0.892 0.028 0.02
2 0.926 0.843 0.012 0.014
2 0.314 0.388 0.016 0.02
2 0.659 0.329 0.014 0.022
2 0.7 0.302 0.016 0.016
2 0.689 0.288 0.022 0.016
2 0.022 0.258 0.016 0.024
2 0.01 0.253 0.012 0.022
2 0.86 0.954 0.02 0.02
2 0.954 0.343 0.028 0.042
2 0.715 0.138 0.026 0.036
2 0.215 0.785 0.03 0.026
2 0.712 0.222 0.044 0.056
2 0.91 0.248 0.028 0.048