0 0.007 0.042 0.014 0.04
0 0.044 0.016 0.04 0.032
0 0.083 0.016 0.054 0.032
0 0.142 0.012 0.04 0.024
0 0.189 0.008 0.03 0.016
0 0.233 0.044 0.042 0.056
0 0.201 0.046 0.026 0.028
0 0.258 0.018 0.048 0.036
0 0.284 0.039 0.056 0.034
0 0.317 0.024 0.058 0.048
0 0.35 0.016 0.06 0.032
0 0.505 0.014 0.05 0.028
0 0.352 0.065 0.056 0.058
0 0.559 0.023 0.03 0.046
0 0.589 0.021 0.034 0.042
0 0.67 0.016 0.044 0.032
0 0.686 0.051 0.048 0.05
0 0.723 0.007 0.046 0.014
0 0.784 0.017 0.044 0.034
0 0.743 0.032 0.034 0.04
0 0.764 0.037 0.024 0.026
0 0.752 0.055 0.024 0.022
0 0.911 0.035 0.046 0.046
0 0.934 0.021 0.048 0.042
0 0.962 0.016 0.04 0.032
0 0.941 0.109 0.05 0.05
0 0.942 0.166 0.06 0.044
0 0.939 0.135 0.038 0.026
0 0.983 0.285 0.03 0.062
0 0.962 0.209 0.052 0.054
0 0.112 0.129 0.048 0.066
0 0.081 0.122 0.046 0.04
0 0.152 0.14 0.044 0.064
0 0.192 0.129 0.044 0.046
0 0.308 0.092 0.044 0.056
0 0.298 0.138 0.052 0.06
0 0.424 0.165 0.052 0.066
0 0.563 0.111 0.05 0.062
0 0.621 0.127 0.05 0.062
0 0.751 0.116 0.05 0.048
0 0.812 0.09 0.04 0.068
0 0.748 0.191 0.052 0.074
0 0.835 0.239 0.054 0.074
0 0.787 0.268 0.046 0.072
0 0.916 0.359 0.052 0.066
0 0.977 0.334 0.042 0.064
0 0.987 0.451 0.022 0.066
0 0.983 0.513 0.03 0.058
0 0.245 0.196 0.058 0.072
0 0.332 0.213 0.032 0.062
0 0.393 0.218 0.046 0.064
0 0.506 0.184 0.06 0.076
0 0.566 0.205 0.052 0.05
0 0.093 0.208 0.066 0.064
0 0.093 0.253 0.046 0.058
0 0.052 0.23 0.036 0.068
0 0.032 0.303 0.052 0.062
0 0.02 0.324 0.036 0.04
0 0.245 0.268 0.066 0.056
0 0.231 0.306 0.042 0.056
0 0.213 0.338 0.05 0.056
0 0.201 0.299 0.03 0.03
0 0.301 0.34 0.054 0.072
0 0.019 0.444 0.038 0.06
0 0.029 0.487 0.042 0.05
0 0.16 0.457 0.04 0.05
0 0.024 0.548 0.048 0.06
0 0.274 0.424 0.052 0.06
0 0.317 0.418 0.046 0.032
0 0.334 0.395 0.036 0.054
0 0.349 0.346 0.042 0.052
0 0.386 0.35 0.036 0.044
0 0.403 0.332 0.046 0.044
0 0.416 0.298 0.044 0.044
0 0.471 0.304 0.038 0.06
0 0.494 0.374 0.048 0.068
0 0.509 0.257 0.042 0.058
0 0.61 0.255 0.044 0.05
0 0.613 0.303 0.05 0.074
0 0.653 0.297 0.042 0.05
0 0.654 0.343 0.048 0.046
0 0.652 0.259 0.032 0.026
0 0.738 0.259 0.04 0.038
0 0.738 0.314 0.052 0.048
0 0.679 0.395 0.046 0.07
0 0.747 0.377 0.034 0.074
0 0.776 0.389 0.036 0.066
0 0.845 0.386 0.038 0.06
0 0.743 0.456 0.038 0.032
0 0.867 0.426 0.042 0.06
0 0.899 0.402 0.03 0.028
0 0.896 0.54 0.044 0.052
0 0.924 0.573 0.052 0.058
0 0.976 0.603 0.044 0.062
0 0.808 0.526 0.064 0.064
0 0.803 0.49 0.03 0.024
0 0.009 0.714 0.018 0.036
0 0.039 0.635 0.022 0.034
0 0.08 0.598 0.044 0.036
0 0.081 0.632 0.034 0.052
0 0.113 0.587 0.054 0.054
0 0.19 0.549 0.048 0.066
0 0.211 0.606 0.054 0.056
0 0.261 0.558 0.042 0.056
0 0.283 0.518 0.058 0.056
0 0.307 0.575 0.05 0.07
0 0.308 0.613 0.036 0.034
0 0.357 0.565 0.054 0.062
0 0.399 0.579 0.05 0.07
0 0.362 0.616 0.04 0.056
0 0.426 0.646 0.036 0.048
0 0.46 0.634 0.044 0.06
0 0.524 0.437 0.04 0.07
0 0.525 0.484 0.054 0.048
0 0.581 0.451 0.042 0.054
0 0.603 0.505 0.046 0.058
0 0.607 0.544 0.054 0.064
0 0.65 0.525 0.044 0.054
0 0.522 0.612 0.052 0.072
0 0.556 0.609 0.04 0.066
0 0.614 0.681 0.048 0.066
0 0.706 0.598 0.052 0.052
0 0.74 0.546 0.048 0.072
0 0.769 0.561 0.034 0.058
0 0.701 0.654 0.042 0.056
0 0.734 0.656 0.056 0.04
0 0.76 0.687 0.056 0.054
0 0.843 0.682 0.054 0.068
0 0.898 0.666 0.04 0.044
0 0.892 0.698 0.036 0.056
0 0.977 0.752 0.042 0.064
0 0.975 0.79 0.034 0.04
0 0.011 0.835 0.022 0.034
0 0.009 0.801 0.018 0.026
0 0.057 0.763 0.042 0.058
0 0.102 0.755 0.048 0.07
0 0.141 0.691 0.034 0.046
0 0.248 0.661 0.048 0.05
0 0.217 0.725 0.042 0.03
0 0.146 0.769 0.044 0.05
0 0.016 0.928 0.032 0.056
0 0.016 0.985 0.032 0.026
0 0.071 0.933 0.034 0.046
0 0.108 0.871 0.036 0.062
0 0.103 0.949 0.05 0.058
0 0.138 0.991 0.036 0.014
0 0.143 0.894 0.054 0.048
0 0.125 0.817 0.026 0.034
0 0.228 0.741 0.048 0.038
0 0.142 0.846 0.044 0.052
0 0.175 0.858 0.026 0.032
0 0.183 0.85 0.03 0.048
0 0.206 0.839 0.04 0.05
0 0.216 0.898 0.076 0.056
0 0.225 0.955 0.074 0.074
0 0.281 0.932 0.05 0.04
0 0.321 0.943 0.046 0.042
0 0.259 0.986 0.058 0.024
0 0.3 0.986 0.044 0.024
0 0.256 0.817 0.044 0.054
0 0.277 0.765 0.038 0.054
0 0.295 0.679 0.054 0.046
0 0.323 0.806 0.046 0.064
0 0.363 0.73 0.046 0.044
0 0.337 0.743 0.046 0.054
0 0.371 0.763 0.042 0.042
0 0.355 0.785 0.038 0.038
0 0.378 0.844 0.048 0.048
0 0.397 0.883 0.042 0.038
0 0.433 0.883 0.05 0.054
0 0.459 0.9 0.038 0.052
0 0.462 0.857 0.048 0.054
0 0.417 0.809 0.038 0.042
0 0.471 0.773 0.054 0.038
0 0.502 0.736 0.04 0.06
0 0.521 0.709 0.022 0.034
0 0.42 0.985 0.044 0.026
0 0.525 0.797 0.046 0.054
0 0.561 0.812 0.042 0.06
0 0.556 0.87 0.04 0.044
0 0.537 0.898 0.046 0.04
0 0.48 0.935 0.04 0.05
0 0.514 0.954 0.056 0.048
0 0.503 0.984 0.05 0.028
0 0.588 0.866 0.04 0.052
0 0.608 0.837 0.04 0.05
0 0.601 0.935 0.05 0.062
0 0.701 0.738 0.05 0.052
0 0.639 0.821 0.05 0.05
0 0.67 0.866 0.048 0.052
0 0.656 0.915 0.032 0.042
0 0.658 0.981 0.032 0.034
0 0.729 0.967 0.042 0.058
0 0.727 0.913 0.038 0.046
0 0.717 0.866 0.042 0.048
0 0.7 0.82 0.044 0.04
0 0.767 0.826 0.042 0.052
0 0.8 0.95 0.032 0.044
0 0.782 0.968 0.048 0.056
0 0.896 0.983 0.044 0.03
0 0.955 0.985 0.05 0.026
0 0.991 0.942 0.014 0.024
0 0.906 0.951 0.032 0.042
0 0.86 0.934 0.032 0.052
0 0.851 0.906 0.046 0.036
0 0.8 0.892 0.04 0.048
0 0.805 0.821 0.05 0.058
0 0.783 0.764 0.038 0.048
0 0.83 0.767 0.036 0.054
0 0.844 0.785 0.028 0.034
0 0.853 0.845 0.05 0.054
0 0.896 0.849 0.04 0.046
0 0.92 0.876 0.04 0.044
0 0.91 0.896 0.036 0.04
0 0.976 0.871 0.044 0.062
0 0.976 0.838 0.044 0.052
1 0.003 0.003 0.006 0.006
1 0.457 0.027 0.026 0.046
1 0.49 0.033 0.032 0.042
1 0.005 0.088 0.01 0.012
1 0.034 0.105 0.028 0.026
1 0.658 0.092 0.028 0.016
1 0.655 0.081 0.03 0.018
1 0.745 0.146 0.034 0.02
1 0.277 0.299 0.018 0.046
1 0.412 0.359 0.028 0.026
1 0.473 0.259 0.014 0.022
1 0.487 0.261 0.014 0.022
1 0.769 0.344 0.026 0.024
1 0.552 0.451 0.02 0.042
1 0.62 0.603 0.028 0.034
1 0.904 0.644 0.032 0.024
1 0.085 0.695 0.026 0.03
1 0.354 0.989 0.032 0.018
1 0.387 0.972 0.034 0.02
1 0.473 0.805 0.026 0.022
1 0.539 0.922 0.042 0.02
1 0.58 0.991 0.024 0.014
1 0.593 0.996 0.006 0.004
1 0.613 0.777 0.03 0.014
1 0.993 0.973 0.01 0.042
2 0.117 0.027 0.05 0.054
2 0.402 0.067 0.028 0.03
2 0.856 0.007 0.016 0.014
2 0.992 0.238 0.012 0.036
2 0.133 0.088 0.014 0.028
2 0.101 0.091 0.014 0.014
2 0.46 0.1 0.052 0.044
2 0.515 0.107 0.03 0.026
2 0.571 0.055 0.046 0.034
2 0.825 0.113 0.046 0.074
2 0.801 0.152 0.058 0.048
2 0.874 0.185 0.036 0.026
2 0.98 0.398 0.036 0.06
2 0.972 0.526 0.036 0.064
2 0.361 0.249 0.022 0.038
2 0.56 0.163 0.064 0.038
2 0.582 0.237 0.036 0.026
2 0.055 0.273 0.026 0.03
2 0.146 0.337 0.044 0.03
2 0.2 0.25 0.032 0.036
2 0.042 0.433 0.028 0.026
2 0.194 0.406 0.056 0.076
2 0.301 0.39 0.042 0.032
2 0.442 0.311 0.036 0.074
2 0.492 0.33 0.048 0.052
2 0.61 0.34 0.06 0.044
2 0.684 0.196 0.032 0.044
2 0.721 0.222 0.038 0.02
2 0.698 0.319 0.032 0.05
2 0.806 0.352 0.04 0.06
2 0.365 0.405 0.03 0.046
2 0.833 0.467 0.034 0.038
2 0.926 0.503 0.064 0.058
2 0.919 0.469 0.046 0.03
2 0.983 0.575 0.006 0.01
2 0.995 0.641 0.006 0.014
2 0.868 0.579 0.024 0.034
2 0.822 0.574 0.028 0.024
2 0.021 0.686 0.034 0.036
2 0.166 0.597 0.028 0.042
2 0.215 0.58 0.05 0.028
2 0.43 0.486 0.024 0.044
2 0.47 0.67 0.036 0.044
2 0.469 0.598 0.018 0.016
2 0.482 0.539 0.032 0.05
2 0.519 0.544 0.046 0.068
2 0.606 0.437 0.064 0.066
2 0.562 0.478 0.028 0.04
2 0.631 0.488 0.01 0.016
2 0.655 0.696 0.038 0.06
2 0.792 0.572 0.012 0.024
2 0.737 0.59 0.046 0.044
2 0.782 0.661 0.016 0.006
2 0.934 0.737 0.056 0.07
2 0.92 0.787 0.04 0.03
2 0.178 0.689 0.028 0.034
2 0.18 0.745 0.044 0.05
2 0.056 0.973 0.036 0.034
2 0.128 0.969 0.052 0.046
2 0.286 0.72 0.048 0.036
2 0.287 0.652 0.03 0.032
2 0.34 0.7 0.048 0.04
2 0.363 0.814 0.034 0.048
2 0.451 0.726 0.062 0.08
2 0.425 0.965 0.018 0.014
2 0.453 0.97 0.034 0.032
2 0.509 0.83 0.054 0.044
2 0.632 0.952 0.016 0.024
2 0.722 0.758 0.024 0.044
2 0.675 0.769 0.03 0.03
2 0.706 0.787 0.064 0.026
2 0.671 0.97 0.05 0.056
2 0.733 0.994 0.038 0.008
2 0.752 0.986 0.012 0.008
2 0.708 0.956 0.024 0.048
2 0.774 0.87 0.028 0.032
2 0.848 0.98 0.052 0.036
2 0.921 0.996 0.014 0.004
2 0.839 0.889 0.038 0.042
2 0.768 0.786 0.012 0.012
2 0.762 0.728 0.036 0.028
2 0.845 0.789 0.046 0.042