0 0.123 0.239 0.03 0.038
0 0.069 0.223 0.038 0.042
0 0.035 0.348 0.042 0.048
0 0.14 0.35 0.032 0.036
0 0.194 0.219 0.04 0.05
0 0.145 0.28 0.038 0.048
0 0.207 0.28 0.03 0.048
0 0.251 0.231 0.034 0.054
0 0.171 0.169 0.05 0.062
0 0.124 0.088 0.048 0.056
0 0.237 0.161 0.046 0.046
0 0.29 0.186 0.032 0.056
0 0.433 0.199 0.05 0.05
0 0.376 0.253 0.032 0.038
0 0.478 0.266 0.032 0.052
0 0.608 0.33 0.044 0.076
0 0.666 0.221 0.04 0.058
0 0.594 0.21 0.04 0.048
0 0.599 0.229 0.042 0.046
0 0.691 0.026 0.038 0.052
0 0.725 0.047 0.034 0.07
0 0.773 0.03 0.03 0.056
0 0.828 0.049 0.052 0.07
0 0.947 0.018 0.046 0.036
0 0.697 0.065 0.03 0.054
0 0.653 0.136 0.038 0.064
0 0.58 0.106 0.044 0.06
0 0.591 0.125 0.042 0.054
0 0.456 0.108 0.04 0.06
0 0.359 0.104 0.042 0.056
0 0.288 0.036 0.032 0.072
0 0.546 0.064 0.056 0.068
0 0.732 0.124 0.048 0.06
0 0.869 0.218 0.03 0.072
0 0.978 0.184 0.04 0.052
0 0.907 0.246 0.054 0.056
0 0.942 0.263 0.028 0.046
0 0.984 0.247 0.028 0.07
0 0.964 0.272 0.04 0.052
0 0.867 0.299 0.034 0.046
0 0.822 0.291 0.032 0.042
0 0.831 0.318 0.038 0.04
0 0.753 0.188 0.05 0.064
0 0.662 0.293 0.028 0.034
0 0.691 0.268 0.034 0.044
0 0.527 0.267 0.03 0.046
0 0.467 0.348 0.05 0.084
0 0.376 0.36 0.032 0.044
0 0.302 0.393 0.036 0.034
0 0.341 0.389 0.03 0.038
0 0.355 0.414 0.034 0.04
0 0.407 0.324 0.034 0.044
0 0.524 0.357 0.044 0.046
0 0.477 0.436 0.03 0.04
0 0.511 0.407 0.026 0.026
0 0.565 0.426 0.03 0.052
0 0.633 0.415 0.038 0.034
0 0.68 0.399 0.044 0.058
0 0.697 0.431 0.034 0.038
0 0.684 0.474 0.028 0.052
0 0.741 0.422 0.034 0.052
0 0.801 0.451 0.038 0.042
0 0.904 0.469 0.032 0.042
0 0.949 0.475 0.046 0.046
0 0.976 0.391 0.04 0.054
0 0.783 0.389 0.042 0.054
0 0.609 0.528 0.03 0.04
0 0.514 0.592 0.056 0.064
0 0.417 0.559 0.034 0.05
0 0.352 0.539 0.036 0.034
0 0.386 0.52 0.032 0.036
0 0.372 0.456 0.032 0.04
0 0.334 0.483 0.036 0.046
0 0.314 0.444 0.028 0.04
0 0.249 0.485 0.038 0.038
0 0.301 0.487 0.034 0.038
0 0.295 0.517 0.026 0.034
0 0.301 0.591 0.026 0.022
0 0.325 0.61 0.03 0.032
0 0.357 0.588 0.042 0.024
0 0.423 0.606 0.026 0.04
0 0.381 0.649 0.03 0.046
0 0.472 0.667 0.032 0.038
0 0.541 0.649 0.03 0.038
0 0.575 0.655 0.026 0.03
0 0.586 0.644 0.024 0.036
0 0.274 0.649 0.028 0.046
0 0.22 0.641 0.048 0.066
0 0.192 0.735 0.024 0.046
0 0.245 0.714 0.042 0.06
0 0.175 0.688 0.034 0.044
0 0.289 0.683 0.03 0.034
0 0.346 0.721 0.032 0.05
0 0.381 0.712 0.03 0.04
0 0.414 0.719 0.028 0.038
0 0.389 0.748 0.03 0.04
0 0.422 0.764 0.036 0.036
0 0.483 0.795 0.034 0.03
0 0.469 0.744 0.03 0.04
0 0.566 0.801 0.04 0.038
0 0.565 0.844 0.042 0.028
0 0.507 0.874 0.03 0.04
0 0.471 0.839 0.034 0.034
0 0.427 0.865 0.026 0.046
0 0.422 0.916 0.036 0.044
0 0.462 0.954 0.028 0.044
0 0.541 0.913 0.046 0.034
0 0.553 0.955 0.038 0.05
0 0.591 0.984 0.038 0.028
0 0.697 0.91 0.042 0.068
0 0.698 0.79 0.028 0.04
0 0.724 0.78 0.028 0.04
0 0.814 0.758 0.032 0.036
0 0.877 0.744 0.034 0.032
0 0.918 0.816 0.028 0.04
0 0.847 0.8 0.034 0.036
0 0.91 0.698 0.036 0.052
0 0.768 0.645 0.036 0.046
0 0.81 0.657 0.028 0.034
0 0.805 0.689 0.042 0.034
0 0.833 0.668 0.038 0.032
0 0.63 0.701 0.036 0.038
0 0.672 0.658 0.036 0.04
0 0.496 0.714 0.032 0.048
0 0.496 0.692 0.04 0.048
0 0.521 0.723 0.026 0.026
0 0.549 0.709 0.03 0.038
0 0.571 0.7 0.034 0.036
0 0.59 0.728 0.04 0.032
0 0.624 0.752 0.028 0.036
0 0.606 0.793 0.028 0.062
0 0.694 0.856 0.028 0.04
0 0.646 0.802 0.028 0.04
0 0.741 0.848 0.054 0.056
0 0.694 0.832 0.032 0.036
0 0.438 0.796 0.036 0.036
0 0.346 0.789 0.024 0.042
0 0.297 0.731 0.034 0.05
0 0.3 0.766 0.032 0.024
0 0.245 0.769 0.03 0.034
0 0.249 0.796 0.038 0.036
0 0.068 0.762 0.032 0.052
0 0.124 0.846 0.032 0.048
0 0.103 0.93 0.026 0.04
0 0.196 0.942 0.028 0.052
0 0.289 0.96 0.042 0.044
0 0.293 0.988 0.03 0.02
0 0.317 0.988 0.026 0.02
0 0.365 0.987 0.03 0.022
0 0.339 0.867 0.026 0.042
0 0.33 0.94 0.028 0.04
0 0.082 0.91 0.044 0.056
0 0.066 0.904 0.028 0.028
0 0.017 0.851 0.034 0.038
0 0.009 0.977 0.018 0.042
0 0.086 0.979 0.028 0.038
0 0.102 0.756 0.028 0.052
0 0.12 0.777 0.036 0.058
0 0.149 0.788 0.046 0.084
0 0.103 0.649 0.038 0.054
0 0.016 0.597 0.032 0.042
0 0.01 0.731 0.02 0.034
0 0.023 0.739 0.03 0.05
0 0.058 0.826 0.028 0.06
0 0.133 0.632 0.03 0.032
0 0.045 0.509 0.038 0.038
0 0.087 0.504 0.03 0.036
0 0.129 0.51 0.034 0.044
0 0.149 0.53 0.03 0.036
0 0.052 0.417 0.032 0.034
0 0.129 0.417 0.034 0.038
0 0.21 0.363 0.04 0.046
0 0.215 0.447 0.026 0.03
0 0.228 0.464 0.028 0.028
0 0.271 0.311 0.03 0.034
0 0.357 0.306 0.034 0.036
0 0.427 0.396 0.03 0.036
0 0.449 0.405 0.034 0.042
0 0.452 0.485 0.032 0.042
0 0.472 0.509 0.028 0.046
0 0.402 0.482 0.06 0.044
0 0.311 0.536 0.026 0.036
0 0.292 0.561 0.032 0.03
0 0.251 0.585 0.03 0.038
0 0.276 0.58 0.02 0.028
0 0.279 0.601 0.026 0.03
0 0.182 0.514 0.032 0.036
0 0.056 0.629 0.048 0.038
0 0.194 0.784 0.032 0.056
0 0.198 0.836 0.032 0.056
0 0.176 0.871 0.02 0.03
0 0.308 0.908 0.044 0.068
0 0.344 0.91 0.028 0.028
0 0.365 0.913 0.03 0.05
0 0.253 0.844 0.054 0.092
0 0.212 0.886 0.024 0.048
0 0.284 0.825 0.036 0.05
0 0.283 0.862 0.026 0.028
0 0.569 0.884 0.026 0.044
0 0.594 0.89 0.032 0.04
0 0.604 0.908 0.036 0.032
0 0.644 0.96 0.028 0.04
0 0.678 0.963 0.036 0.034
0 0.731 0.96 0.03 0.032
0 0.734 0.987 0.024 0.022
0 0.765 0.974 0.034 0.032
0 0.809 0.966 0.038 0.036
0 0.771 0.796 0.026 0.036
0 0.796 0.815 0.024 0.03
0 0.858 0.851 0.032 0.038
0 0.704 0.569 0.036 0.05
0 0.721 0.548 0.03 0.044
0 0.742 0.585 0.04 0.034
0 0.757 0.561 0.038 0.03
0 0.834 0.612 0.04 0.032
0 0.867 0.646 0.03 0.036
0 0.863 0.581 0.034 0.042
0 0.8 0.561 0.04 0.038
0 0.785 0.534 0.026 0.028
0 0.834 0.557 0.036 0.038
0 0.87 0.503 0.032 0.05
0 0.891 0.566 0.034 0.044
0 0.911 0.615 0.042 0.058
0 0.95 0.546 0.036 0.036
0 0.864 0.369 0.052 0.058
0 0.783 0.315 0.034 0.042
0 0.778 0.295 0.036 0.034
0 0.793 0.273 0.03 0.054
0 0.55 0.511 0.032 0.042
0 0.569 0.526 0.034 0.036
0 0.098 0.607 0.032 0.03
0 0.129 0.586 0.034 0.056
0 0.032 0.265 0.048 0.054
0 0.066 0.263 0.036 0.034
0 0.044 0.128 0.052 0.072
0 0.007 0.063 0.014 0.042
0 0.048 0.007 0.036 0.014
0 0.158 0.072 0.04 0.04
0 0.396 0.062 0.052 0.072
0 0.473 0.027 0.038 0.054
0 0.547 0.019 0.038 0.038
0 0.712 0.697 0.032 0.046
0 0.754 0.698 0.036 0.036
0 0.893 0.092 0.042 0.084
0 0.949 0.095 0.038 0.046
0 0.933 0.13 0.038 0.048
0 0.962 0.142 0.044 0.056
0 0.992 0.124 0.012 0.048
0 0.73 0.366 0.036 0.04
0 0.809 0.497 0.034 0.046
0 0.985 0.512 0.026 0.06
0 0.982 0.636 0.032 0.052
0 0.83 0.707 0.024 0.034
0 0.669 0.586 0.03 0.056
0 0.641 0.581 0.042 0.046
0 0.669 0.767 0.042 0.046
0 0.737 0.891 0.042 0.038
0 0.791 0.901 0.054 0.042
0 0.839 0.913 0.026 0.034
0 0.833 0.981 0.03 0.034
0 0.492 0.963 0.028 0.034
0 0.51 0.986 0.032 0.024
0 0.686 0.99 0.028 0.016
0 0.656 0.98 0.02 0.024
0 0.902 0.801 0.04 0.046
0 0.974 0.773 0.032 0.054
0 0.907 0.87 0.034 0.036
0 0.928 0.989 0.044 0.018
0 0.988 0.984 0.024 0.028
0 0.886 0.902 0.032 0.052
0 0.938 0.938 0.032 0.036
0 0.991 0.869 0.014 0.038
0 0.981 0.908 0.026 0.04
0 0.6 0.745 0.024 0.034
0 0.341 0.647 0.046 0.046
0 0.395 0.55 0.034 0.06
0 0.496 0.445 0.04 0.046
0 0.516 0.446 0.036 0.06
0 0.033 0.679 0.066 0.046
0 0.07 0.693 0.032 0.034
0 0.41 0.695 0.02 0.03
0 0.437 0.704 0.022 0.032
0 0.446 0.557 0.032 0.03
0 0.548 0.232 0.028 0.06
0 0.26 0.279 0.032 0.042
0 0.081 0.152 0.046 0.048
0 0.104 0.163 0.048 0.058
0 0.348 0.023 0.056 0.046
0 0.162 0.021 0.044 0.042
0 0.005 0.008 0.01 0.012
0 0.226 0.029 0.072 0.058
0 0.614 0.013 0.04 0.026
0 0.404 0.004 0.032 0.008
0 0.097 0.308 0.026 0.048
0 0.108 0.328 0.02 0.04
0 0.984 0.357 0.028 0.05
0 0.191 0.979 0.054 0.038
0 0.463 0.887 0.034 0.034
0 0.443 0.062 0.034 0.04
0 0.537 0.176 0.03 0.044
0 0.764 0.343 0.036 0.034
0 0.686 0.627 0.044 0.022
0 0.923 0.729 0.03 0.038
0 0.979 0.557 0.03 0.046
0 0.93 0.907 0.048 0.046
0 0.759 0.373 0.026 0.026
0 0.017 0.371 0.034 0.034
0 0.149 0.49 0.022 0.032
0 0.73 0.724 0.04 0.028
0 0.821 0.824 0.026 0.036
0 0.883 0.976 0.022 0.036
0 0.771 0.994 0.026 0.008
0 0.811 0.991 0.038 0.014
0 0.982 0.725 0.032 0.038
0 0.053 0.982 0.046 0.032
0 0.009 0.88 0.018 0.032
0 0.33 0.839 0.032 0.026
0 0.4 0.982 0.044 0.032
0 0.651 0.996 0.022 0.004
0 0.643 0.655 0.034 0.042
0 0.954 0.598 0.024 0.02
1 0.247 0.127 0.026 0.018
1 0.377 0.167 0.018 0.03
1 0.274 0.138 0.024 0.024
1 0.219 0.124 0.026 0.016
1 0.382 0.222 0.02 0.02
1 0.518 0.033 0.016 0.026
1 0.517 0.218 0.03 0.036
1 0.557 0.163 0.022 0.022
1 0.582 0.174 0.024 0.024
1 0.701 0.178 0.018 0.024
1 0.702 0.211 0.016 0.026
1 0.824 0.115 0.016 0.026
1 0.866 0.078 0.016 0.024
1 0.858 0.142 0.024 0.024
1 0.847 0.17 0.014 0.036
1 0.825 0.2 0.018 0.016
1 0.826 0.01 0.008 0.02
1 0.924 0.411 0.032 0.026
1 0.987 0.466 0.022 0.016
1 0.605 0.438 0.022 0.024
1 0.635 0.461 0.018 0.022
1 0.755 0.486 0.014 0.016
1 0.755 0.499 0.018 0.006
1 0.839 0.431 0.018 0.026
1 0.509 0.964 0.014 0.028
1 0.321 0.671 0.01 0.03
1 0.179 0.597 0.022 0.03
1 0.144 0.686 0.024 0.036
1 0.102 0.582 0.016 0.016
1 0.054 0.649 0.032 0.022
1 0.511 0.739 0.022 0.014
1 0.539 0.764 0.03 0.024
1 0.633 0.827 0.018 0.022
1 0.492 0.533 0.024 0.038
1 0.659 0.521 0.026 0.018
1 0.657 0.564 0.014 0.012
1 0.552 0.476 0.016 0.008
1 0.564 0.465 0.012 0.018
1 0.817 0.406 0.022 0.016
1 0.277 0.263 0.018 0.018
1 0.128 0.02 0.016 0.024
1 0.042 0.062 0.02 0.036
1 0.5 0.025 0.012 0.014
1 0.069 0.29 0.022 0.024
1 0.035 0.48 0.026 0.024
1 0.195 0.407 0.022 0.022
1 0.246 0.923 0.028 0.022
1 0.414 0.827 0.024 0.022
1 0.248 0.197 0.02 0.022
1 0.947 0.675 0.034 0.026
1 0.916 0.966 0.032 0.016
1 0.271 0.432 0.022 0.024
1 0.657 0.44 0.018 0.024
1 0.647 0.323 0.018 0.018
1 0.63 0.386 0.012 0.012
1 0.766 0.936 0.016 0.028
1 0.763 0.868 0.018 0.02
1 0.009 0.782 0.018 0.02
1 0.19 0.87 0.012 0.012
1 0.418 0.956 0.012 0.016
1 0.527 0.94 0.018 0.016
1 0.418 0.348 0.02 0.02
1 0.742 0.313 0.016 0.022
1 0.894 0.345 0.012 0.022
1 0.974 0.597 0.008 0.014
1 0.456 0.776 0.02 0.02
1 0.17 0.096 0.012 0.012
2 0.145 0.885 0.05 0.038
2 0.263 0.392 0.034 0.044
2 0.456 0.636 0.028 0.04
2 0.647 0.359 0.038 0.03
2 0.514 0.095 0.032 0.03
2 0.205 0.104 0.038 0.044
2 0.306 0.203 0.024 0.038
2 0.614 0.486 0.028 0.028
2 0.098 0.395 0.032 0.034
2 0.534 0.399 0.02 0.042
2 0.812 0.729 0.06 0.03
2 0.952 0.729 0.028 0.038
2 0.684 0.711 0.024 0.046
2 0.351 0.349 0.026 0.026
2 0.993 0.052 0.01 0.012
2 0.911 0.174 0.018 0.02
2 0.719 0.511 0.014 0.018
2 0.001 0.028 0.002 0.02
2 0.004 0.172 0.008 0.032
2 0.983 0.932 0.03 0.036
2 0.29 0.453 0.012 0.014
2 0.441 0.45 0.014 0.016
2 0.983 0.96 0.014 0.012
2 0.939 0.85 0.01 0.012
2 0.511 0.316 0.014 0.016
2 0.441 0.257 0.01 0.01
2 0.428 0.245 0.004 0.01
2 0.468 0.177 0.008 0.01
2 0.301 0.064 0.018 0.012
2 0.322 0.081 0.016 0.022
2 0.05 0.023 0.008 0.01
2 0.916 0.368 0.016 0.02
2 0.887 0.423 0.014 0.026
2 0.833 0.401 0.006 0.01
2 0.838 0.41 0.016 0.008
2 0.841 0.395 0.006 0.006
2 0.233 0.818 0.01 0.02
2 0.107 0.537 0.014 0.026
2 0.146 0.454 0.016 0.02
2 0.187 0.468 0.018 0.024
2 0.133 0.309 0.03 0.022
2 0.992 0.418 0.012 0.024
2 0.85 0.438 0.008 0.008
2 0.329 0.767 0.006 0.01
2 0.599 0.05 0.01 0.012
2 0.552 0.196 0.012 0.012