0 0.274 0.663 0.044 0.058
0 0.089 0.764 0.038 0.064
0 0.038 0.836 0.036 0.048
0 0.234 0.863 0.04 0.058
0 0.156 0.84 0.04 0.08
0 0.066 0.61 0.044 0.048
0 0.017 0.672 0.034 0.076
0 0.065 0.682 0.046 0.068
0 0.131 0.753 0.026 0.046
0 0.121 0.896 0.038 0.052
0 0.365 0.83 0.042 0.04
0 0.417 0.777 0.042 0.054
0 0.487 0.759 0.042 0.042
0 0.54 0.763 0.04 0.054
0 0.574 0.752 0.044 0.04
0 0.546 0.826 0.032 0.04
0 0.58 0.854 0.032 0.04
0 0.427 0.871 0.038 0.042
0 0.466 0.933 0.044 0.066
0 0.406 0.962 0.028 0.04
0 0.576 0.955 0.036 0.062
0 0.562 0.892 0.04 0.044
0 0.666 0.948 0.032 0.052
0 0.691 0.915 0.038 0.042
0 0.76 0.97 0.04 0.036
0 0.764 0.889 0.032 0.034
0 0.766 0.839 0.04 0.034
0 0.886 0.833 0.044 0.038
0 0.963 0.831 0.042 0.046
0 0.838 0.757 0.044 0.046
0 0.842 0.686 0.04 0.048
0 0.88 0.646 0.048 0.052
0 0.973 0.679 0.038 0.042
0 0.949 0.597 0.038 0.054
0 0.966 0.578 0.032 0.056
0 0.7 0.67 0.048 0.064
0 0.831 0.553 0.038 0.054
0 0.861 0.52 0.042 0.052
0 0.801 0.498 0.042 0.052
0 0.751 0.453 0.042 0.054
0 0.812 0.319 0.044 0.054
0 0.911 0.358 0.042 0.076
0 0.984 0.331 0.028 0.058
0 0.704 0.247 0.048 0.062
0 0.548 0.224 0.056 0.08
0 0.61 0.357 0.048 0.078
0 0.16 0.153 0.04 0.042
0 0.19 0.243 0.052 0.086
0 0.025 0.184 0.034 0.064
0 0.055 0.124 0.034 0.036
0 0.038 0.02 0.04 0.036
0 0.145 0.026 0.054 0.048
0 0.266 0.561 0.044 0.07
0 0.301 0.531 0.058 0.078
0 0.352 0.519 0.036 0.09
0 0.276 0.406 0.052 0.076
0 0.193 0.374 0.03 0.048
0 0.055 0.377 0.042 0.054
0 0.139 0.416 0.05 0.048
0 0.145 0.484 0.042 0.064
0 0.083 0.549 0.046 0.074
0 0.07 0.483 0.052 0.054
0 0.435 0.385 0.05 0.066
0 0.433 0.446 0.038 0.06
0 0.426 0.536 0.048 0.064
0 0.43 0.486 0.04 0.056
0 0.526 0.445 0.036 0.058
0 0.57 0.406 0.06 0.076
0 0.682 0.366 0.04 0.064
0 0.573 0.617 0.042 0.07
0 0.457 0.597 0.042 0.054
0 0.177 0.971 0.038 0.054
0 0.205 0.986 0.03 0.024
0 0.243 0.973 0.038 0.05
0 0.291 0.987 0.03 0.022
0 0.319 0.987 0.026 0.022
0 0.364 0.987 0.036 0.022
0 0.338 0.902 0.04 0.048
0 0.454 0.97 0.048 0.044
0 0.695 0.854 0.038 0.04
0 0.707 0.961 0.03 0.034
0 0.733 0.989 0.026 0.018
0 0.649 0.981 0.03 0.034
0 0.631 0.965 0.034 0.034
0 0.832 0.907 0.028 0.038
0 0.832 0.94 0.036 0.024
0 0.866 0.922 0.036 0.036
0 0.895 0.979 0.03 0.038
0 0.928 0.985 0.044 0.026
0 0.957 0.951 0.034 0.042
0 0.934 0.927 0.04 0.042
0 0.742 0.935 0.04 0.042
0 0.484 0.855 0.028 0.03
0 0.518 0.891 0.036 0.038
0 0.473 0.884 0.038 0.04
0 0.497 0.898 0.022 0.032
0 0.601 0.767 0.046 0.042
0 0.632 0.745 0.032 0.042
0 0.663 0.766 0.034 0.036
0 0.626 0.591 0.052 0.054
0 0.595 0.572 0.042 0.044
0 0.204 0.917 0.06 0.042
0 0.024 0.905 0.04 0.038
0 0.021 0.876 0.042 0.06
0 0.404 0.725 0.044 0.062
0 0.412 0.706 0.036 0.044
0 0.446 0.637 0.036 0.042
0 0.036 0.984 0.024 0.028
0 0.06 0.982 0.028 0.032
0 0.214 0.958 0.032 0.036
0 0.281 0.817 0.038 0.062
0 0.225 0.49 0.034 0.032
0 0.23 0.462 0.036 0.032
0 0.568 0.679 0.052 0.054
0 0.594 0.704 0.032 0.04
0 0.635 0.701 0.03 0.038
0 0.765 0.619 0.034 0.042
0 0.778 0.596 0.044 0.064
0 0.801 0.841 0.034 0.026
0 0.798 0.862 0.032 0.036
0 0.848 0.835 0.028 0.034
0 0.838 0.801 0.044 0.038
0 0.88 0.79 0.044 0.044
0 0.774 0.764 0.044 0.052
0 0.942 0.726 0.032 0.04
0 0.952 0.748 0.036 0.016
0 0.948 0.763 0.036 0.026
0 0.976 0.763 0.032 0.042
0 0.985 0.635 0.026 0.042
0 0.748 0.785 0.048 0.046
0 0.366 0.323 0.04 0.038
0 0.32 0.308 0.052 0.068
0 0.37 0.238 0.036 0.044
0 0.393 0.278 0.034 0.056
0 0.419 0.303 0.03 0.062
0 0.437 0.267 0.034 0.034
0 0.399 0.182 0.038 0.056
0 0.461 0.205 0.042 0.054
0 0.458 0.132 0.06 0.092
0 0.502 0.18 0.032 0.052
0 0.429 0.07 0.042 0.064
0 0.259 0.17 0.026 0.052
0 0.297 0.154 0.038 0.048
0 0.342 0.153 0.032 0.05
0 0.358 0.093 0.04 0.05
0 0.374 0.133 0.048 0.07
0 0.624 0.156 0.04 0.056
0 0.61 0.077 0.044 0.07
0 0.597 0.042 0.042 0.04
0 0.576 0.018 0.044 0.032
0 0.463 0.031 0.07 0.058
0 0.504 0.057 0.048 0.07
0 0.514 0.018 0.04 0.032
0 0.782 0.367 0.024 0.042
0 0.804 0.374 0.028 0.04
0 0.871 0.338 0.038 0.04
0 0.853 0.4 0.038 0.048
0 0.821 0.267 0.042 0.042
0 0.823 0.25 0.042 0.032
0 0.939 0.438 0.046 0.056
0 0.814 0.523 0.036 0.042
0 0.364 0.42 0.048 0.068
0 0.393 0.438 0.038 0.032
0 0.553 0.324 0.022 0.06
0 0.207 0.036 0.078 0.068
0 0.189 0.082 0.046 0.044
0 0.074 0.287 0.052 0.078
0 0.095 0.295 0.066 0.166
0 0.228 0.316 0.028 0.04
0 0.673 0.112 0.03 0.052
0 0.698 0.134 0.044 0.044
0 0.702 0.097 0.028 0.034
0 0.787 0.069 0.026 0.054
0 0.867 0.023 0.054 0.042
0 0.872 0.098 0.052 0.068
0 0.928 0.082 0.032 0.04
0 0.895 0.065 0.05 0.062
0 0.961 0.041 0.066 0.074
0 0.519 0.145 0.026 0.05
0 0.016 0.785 0.032 0.034
0 0.37 0.934 0.036 0.04
0 0.586 0.989 0.044 0.018
0 0.809 0.985 0.034 0.026
0 0.866 0.975 0.032 0.042
0 0.988 0.993 0.02 0.014
0 0.986 0.979 0.024 0.026
0 0.992 0.958 0.012 0.052
0 0.896 0.896 0.036 0.048
0 0.987 0.815 0.022 0.054
0 0.856 0.951 0.028 0.03
0 0.726 0.914 0.028 0.04
0 0.899 0.728 0.05 0.06
0 0.966 0.449 0.024 0.038
0 0.706 0.186 0.04 0.044
0 0.563 0.539 0.03 0.022
0 0.587 0.536 0.018 0.024
0 0.695 0.513 0.026 0.026
0 0.669 0.021 0.05 0.038
0 0.608 0.461 0.024 0.034
0 0.708 0.607 0.04 0.058
0 0.406 0.991 0.04 0.014
0 0.962 0.637 0.036 0.054
0 0.005 0.121 0.01 0.034
0 0.004 0.093 0.008 0.026
0 0.004 0.248 0.008 0.036
0 0.511 0.995 0.03 0.006
0 0.686 0.993 0.028 0.01
0 0.771 0.993 0.018 0.01
0 0.96 0.897 0.036 0.026
0 0.989 0.915 0.018 0.038
0 0.992 0.866 0.012 0.044
0 0.994 0.736 0.008 0.036
0 0.918 0.217 0.032 0.046
1 0.142 0.589 0.028 0.034
1 0.036 0.077 0.032 0.026
1 0.597 0.893 0.03 0.026
1 0.218 0.637 0.024 0.038
1 0.212 0.615 0.028 0.034
1 0.514 0.506 0.032 0.028
1 0.409 0.236 0.018 0.032
1 0.314 0.133 0.032 0.026
1 0.307 0.113 0.038 0.026
1 0.513 0.105 0.03 0.026
1 0.799 0.157 0.026 0.042
1 0.048 0.561 0.024 0.038
1 0.602 0.248 0.02 0.028
1 0.755 0.234 0.018 0.02
1 0.813 0.081 0.018 0.026
1 0.807 0.028 0.03 0.016
1 0.938 0.254 0.024 0.024
1 0.206 0.823 0.024 0.03
1 0.237 0.765 0.022 0.022
1 0.271 0.796 0.026 0.028
1 0.258 0.829 0.016 0.034
1 0.303 0.941 0.022 0.026
1 0.69 0.804 0.02 0.024
1 0.71 0.791 0.02 0.022
1 0.731 0.795 0.022 0.042
1 0.833 0.642 0.018 0.024
1 0.877 0.495 0.022 0.018
1 0.988 0.41 0.016 0.02
1 0.903 0.198 0.022 0.024
1 0.686 0.171 0.028 0.022
1 0.694 0.458 0.024 0.032
1 0.326 0.451 0.024 0.034
1 0.244 0.302 0.016 0.044
1 0.328 0.224 0.028 0.02
1 0.331 0.252 0.022 0.016
1 0.142 0.305 0.016 0.01
1 0.372 0.376 0.04 0.02
1 0.166 0.602 0.02 0.016
1 0.176 0.627 0.024 0.026
1 0.153 0.639 0.026 0.018
1 0.676 0.56 0.024 0.024
1 0.459 0.692 0.018 0.02
1 0.655 0.273 0.018 0.022
1 0.578 0.084 0.02 0.024
1 0.43 0.613 0.016 0.018
1 0.145 0.376 0.018 0.024
1 0.835 0.379 0.026 0.018
1 0.488 0.809 0.02 0.03
1 0.513 0.942 0.022 0.028
1 0.271 0.724 0.018 0.028
1 0.056 0.437 0.036 0.038
1 0.237 0.264 0.022 0.028
1 0.22 0.216 0.02 0.032
1 0.063 0.057 0.026 0.022
1 0.221 0.096 0.03 0.028
1 0.245 0.016 0.018 0.024
1 0.349 0.051 0.022 0.018
1 0.679 0.198 0.022 0.02
1 0.977 0.167 0.018 0.034
1 0.959 0.341 0.014 0.03
1 0.616 0.716 0.024 0.024
1 0.011 0.367 0.022 0.026
1 0.567 0.364 0.018 0.012
1 0.248 0.517 0.028 0.022
1 0.185 0.733 0.022 0.01
1 0.779 0.807 0.01 0.022
1 0.97 0.227 0.016 0.018
1 0.715 0.535 0.014 0.022
1 0.724 0.553 0.016 0.01
2 0.901 0.94 0.022 0.032
2 0.712 0.823 0.024 0.026
2 0.731 0.871 0.03 0.034
2 0.747 0.385 0.05 0.058
2 0.552 0.566 0.04 0.028
2 0.861 0.281 0.062 0.062
2 0.335 0.83 0.034 0.052
2 0.997 0.452 0.002 0.024
2 0.082 0.918 0.028 0.052
2 0.288 0.959 0.016 0.014
2 0.279 0.902 0.01 0.012
2 0.117 0.867 0.018 0.03
2 0.444 0.734 0.012 0.012
2 0.44 0.685 0.012 0.03
2 0.674 0.533 0.012 0.014
2 0.506 0.314 0.024 0.04
2 0.07 0.189 0.012 0.014
2 0.055 0.163 0.014 0.034
2 0.475 0.077 0.018 0.014
2 0.786 0.004 0.024 0.004
2 0.995 0.246 0.006 0.016
2 0.98 0.224 0.012 0.012
2 0.986 0.208 0.024 0.02
2 0.765 0.731 0.022 0.014
2 0.8 0.807 0.02 0.022
2 0.115 0.97 0.01 0.02
2 0.004 0.996 0.008 0.004
2 0.228 0.148 0.012 0.04
2 0.974 0.409 0.012 0.01
2 0.319 0.495 0.014 0.018
2 0.241 0.676 0.006 0.016
2 0.274 0.704 0.008 0.008
2 0.287 0.704 0.01 0.012
2 0.428 0.244 0.012 0.012
2 0.477 0.244 0.006 0.016
2 0.574 0.291 0.016 0.042
2 0.608 0.423 0.012 0.026
2 0.614 0.52 0.012 0.016