0 0.231 0.896 0.066 0.048
0 0.134 0.865 0.036 0.038
0 0.066 0.809 0.048 0.042
0 0.014 0.819 0.028 0.038
0 0.177 0.77 0.046 0.04
0 0.346 0.872 0.048 0.044
0 0.301 0.745 0.038 0.034
0 0.346 0.713 0.044 0.03
0 0.253 0.729 0.046 0.042
0 0.169 0.534 0.062 0.056
0 0.101 0.515 0.054 0.046
0 0.372 0.497 0.052 0.046
0 0.445 0.485 0.038 0.05
0 0.201 0.464 0.062 0.06
0 0.251 0.438 0.054 0.036
0 0.256 0.481 0.044 0.034
0 0.328 0.488 0.044 0.044
0 0.066 0.501 0.032 0.038
0 0.07 0.608 0.056 0.028
0 0.226 0.554 0.036 0.048
0 0.096 0.562 0.032 0.012
0 0.093 0.702 0.046 0.032
0 0.596 0.762 0.052 0.048
0 0.63 0.784 0.052 0.048
0 0.719 0.746 0.018 0.04
0 0.715 0.769 0.026 0.018
0 0.619 0.659 0.042 0.038
0 0.519 0.689 0.046 0.038
0 0.109 0.371 0.05 0.042
0 0.187 0.295 0.038 0.066
0 0.508 0.495 0.044 0.038
0 0.657 0.449 0.042 0.042
0 0.766 0.484 0.048 0.052
0 0.422 0.399 0.04 0.038
0 0.465 0.347 0.014 0.034
0 0.539 0.351 0.034 0.042
0 0.023 0.288 0.038 0.048
0 0.296 0.194 0.072 0.032
0 0.16 0.182 0.052 0.072
0 0.561 0.421 0.07 0.034
0 0.878 0.56 0.044 0.036
0 0.6 0.43 0.028 0.032
0 0.612 0.31 0.068 0.06
0 0.405 0.182 0.074 0.052
0 0.401 0.087 0.046 0.042
0 0.454 0.093 0.048 0.034
0 0.615 0.102 0.07 0.044
0 0.64 0.063 0.048 0.046
0 0.619 0.54 0.07 0.068
0 0.688 0.55 0.044 0.056
0 0.662 0.558 0.024 0.036
0 0.617 0.86 0.05 0.036
0 0.717 0.884 0.086 0.032
0 0.528 0.984 0.04 0.028
0 0.481 0.986 0.046 0.024
0 0.572 0.97 0.04 0.048
0 0.772 0.352 0.048 0.032
0 0.806 0.313 0.056 0.058
0 0.842 0.264 0.068 0.032
0 0.977 0.267 0.042 0.03
0 0.976 0.376 0.044 0.036
0 0.956 0.451 0.04 0.03
0 0.881 0.441 0.038 0.046
0 0.901 0.486 0.046 0.032
0 0.89 0.418 0.052 0.024
0 0.916 0.681 0.064 0.046
0 0.938 0.729 0.036 0.03
0 0.888 0.815 0.052 0.042
0 0.957 0.842 0.062 0.06
0 0.87 0.907 0.036 0.034
0 0.955 0.983 0.054 0.03
0 0.985 0.964 0.026 0.032
0 0.803 0.991 0.03 0.014
0 0.747 0.687 0.054 0.042
0 0.786 0.654 0.032 0.028
0 0.782 0.704 0.04 0.032
0 0.74 0.657 0.02 0.018
0 0.111 0.291 0.046 0.046
0 0.092 0.187 0.048 0.042
0 0.392 0.232 0.048 0.04
0 0.55 0.184 0.032 0.04
0 0.598 0.214 0.048 0.04
0 0.518 0.234 0.032 0.04
0 0.651 0.322 0.022 0.048
0 0.789 0.446 0.042 0.024
0 0.774 0.416 0.04 0.024
0 0.711 0.455 0.038 0.042
0 0.698 0.125 0.068 0.046
0 0.84 0.122 0.044 0.028
0 0.912 0.085 0.016 0.038
0 0.892 0.09 0.028 0.048
0 0.901 0.04 0.066 0.024
0 0.607 0.016 0.046 0.028
0 0.025 0.187 0.05 0.05
0 0.954 0.18 0.06 0.048
0 0.983 0.038 0.03 0.044
0 0.987 0.515 0.022 0.05
0 0.974 0.624 0.048 0.036
0 0.979 0.709 0.038 0.05
0 0.886 0.628 0.04 0.044
0 0.807 0.625 0.05 0.03
0 0.466 0.977 0.032 0.042
0 0.644 0.976 0.068 0.044
0 0.508 0.977 0.02 0.026
0 0.488 0.012 0.056 0.02
0 0.295 0.013 0.046 0.022
0 0.214 0.045 0.084 0.078
0 0.75 0.773 0.036 0.03
0 0.335 0.341 0.034 0.03
0 0.222 0.198 0.032 0.028
0 0.24 0.645 0.024 0.026
0 0.981 0.824 0.03 0.024
0 0.822 0.93 0.028 0.04
0 0.94 0.95 0.032 0.032
0 0.736 0.953 0.028 0.03
0 0.142 0.298 0.036 0.044
0 0.071 0.162 0.018 0.032
0 0.818 0.518 0.024 0.036
0 0.946 0.698 0.028 0.028
0 0.344 0.914 0.032 0.028
0 0.576 0.799 0.036 0.034
0 0.987 0.781 0.022 0.034
0 0.01 0.04 0.02 0.036
0 0.382 0.558 0.02 0.04
0 0.4 0.794 0.04 0.052
0 0.296 0.916 0.056 0.044
0 0.086 0.307 0.04 0.038
0 0.142 0.266 0.02 0.016
0 0.458 0.143 0.052 0.034
0 0.856 0.053 0.052 0.038
0 0.391 0.329 0.022 0.03
0 0.433 0.715 0.038 0.022
0 0.903 0.706 0.018 0.012
1 0.229 0.7 0.018 0.02
1 0.329 0.684 0.034 0.02
1 0.11 0.574 0.024 0.012
1 0.138 0.634 0.028 0.008
1 0.149 0.641 0.03 0.018
1 0.666 0.76 0.028 0.024
1 0.45 0.642 0.028 0.016
1 0.436 0.65 0.012 0.016
1 0.419 0.563 0.026 0.03
1 0.553 0.461 0.03 0.026
1 0.62 0.445 0.02 0.022
1 0.311 0.369 0.026 0.022
1 0.263 0.099 0.022 0.022
1 0.184 0.844 0.028 0.036
1 0.288 0.436 0.024 0.032
1 0.772 0.565 0.028 0.026
1 0.878 0.266 0.028 0.012
1 0.824 0.485 0.028 0.018
1 0.904 0.862 0.028 0.024
1 0.825 0.849 0.022 0.042
1 0.612 0.945 0.02 0.03
1 0.695 0.701 0.026 0.026
1 0.731 0.652 0.018 0.016
1 0.307 0.149 0.022 0.034
1 0.195 0.154 0.022 0.032
1 0.8 0.055 0.028 0.034
1 0.734 0.013 0.032 0.018
1 0.789 0.215 0.022 0.034
1 0.907 0.742 0.022 0.032
1 0.014 0.849 0.02 0.026
1 0.437 0.978 0.022 0.024
1 0.34 0.834 0.028 0.032
1 0.226 0.685 0.012 0.01
1 0.099 0.793 0.018 0.042
1 0.052 0.558 0.02 0.028
1 0.691 0.996 0.026 0.004
1 0.888 0.996 0.028 0.004
1 0.125 0.014 0.026 0.024
1 0.537 0.704 0.018 0.02
1 0.128 0.593 0.032 0.026
1 0.735 0.551 0.01 0.022
1 0.736 0.568 0.02 0.02
1 0.372 0.352 0.024 0.024
1 0.083 0.147 0.018 0.022
2 0.394 0.545 0.016 0.018
2 0.281 0.462 0.014 0.024
2 0.456 0.341 0.008 0.018
2 0.25 0.834 0.052 0.052
2 0.097 0.727 0.026 0.038
2 0.567 0.711 0.026 0.026
2 0.049 0.241 0.018 0.014
2 0.34 0.157 0.016 0.03
2 0.361 0.223 0.022 0.014
2 0.166 0.061 0.032 0.026
2 0.143 0.073 0.018 0.022
2 0.175 0.144 0.022 0.012
2 0.504 0.149 0.028 0.026
2 0.583 0.241 0.026 0.03
2 0.49 0.24 0.024 0.02
2 0.869 0.502 0.042 0.028
2 0.909 0.355 0.03 0.03
2 0.743 0.44 0.018 0.02
2 0.26 0.378 0.056 0.036
2 0.222 0.299 0.036 0.042
2 0.393 0.366 0.022 0.02
2 0.385 0.404 0.014 0.016
2 0.332 0.373 0.02 0.018
2 0.403 0.406 0.014 0.024
2 0.645 0.251 0.018 0.018
2 0.598 0.139 0.04 0.034
2 0.686 0.191 0.024 0.05
2 0.729 0.263 0.038 0.026
2 0.951 0.253 0.022 0.022
2 0.929 0.07 0.022 0.024
2 0.992 0.102 0.012 0.02
2 0.873 0.09 0.014 0.016
2 0.793 0.188 0.01 0.04
2 0.869 0.647 0.03 0.026
2 0.536 0.738 0.028 0.024
2 0.501 0.847 0.038 0.03
2 0.177 0.907 0.03 0.026
2 0.037 0.817 0.018 0.026
2 0.376 0.709 0.032 0.018
2 0.204 0.611 0.06 0.022
2 0.054 0.526 0.02 0.016
2 0.845 0.678 0.03 0.012
2 0.705 0.797 0.014 0.026
2 0.951 0.87 0.018 0.016
2 0.964 0.904 0.028 0.012
2 0.439 0.283 0.026 0.018
2 0.701 0.314 0.034 0.032
2 0.221 0.231 0.018 0.03
2 0.523 0.012 0.026 0.02
2 0.47 0.035 0.024 0.03
2 0.183 0.011 0.026 0.018
2 0.005 0.131 0.01 0.022
2 0.402 0.008 0.016 0.012
2 0.84 0.007 0.024 0.01
2 0.126 0.554 0.04 0.028
2 0.085 0.509 0.022 0.03
2 0.767 0.241 0.03 0.022
2 0.405 0.712 0.022 0.02
2 0.87 0.668 0.02 0.028
2 0.975 0.532 0.03 0.036
2 0.546 0.699 0.008 0.01
2 0.567 0.692 0.01 0.012
2 0.554 0.691 0.008 0.01
2 0.874 0.688 0.024 0.012
2 0.131 0.268 0.022 0.024
2 0.12 0.162 0.024 0.012
2 0.25 0.194 0.028 0.012
2 0.922 0.363 0.024 0.022