0 0.957 0.907 0.05 0.034
0 0.881 0.929 0.034 0.026
0 0.926 0.852 0.048 0.036
0 0.811 0.853 0.054 0.042
0 0.741 0.931 0.038 0.034
0 0.706 0.891 0.068 0.05
0 0.764 0.705 0.044 0.034
0 0.635 0.751 0.05 0.03
0 0.705 0.652 0.046 0.036
0 0.455 0.684 0.054 0.036
0 0.617 0.788 0.05 0.028
0 0.581 0.703 0.05 0.038
0 0.614 0.674 0.028 0.024
0 0.562 0.667 0.044 0.03
0 0.569 0.626 0.05 0.032
0 0.463 0.759 0.05 0.03
0 0.849 0.643 0.042 0.034
0 0.974 0.689 0.044 0.034
0 0.903 0.696 0.042 0.052
0 0.936 0.523 0.044 0.046
0 0.925 0.459 0.046 0.034
0 0.884 0.416 0.036 0.036
0 0.797 0.462 0.038 0.028
0 0.736 0.515 0.044 0.034
0 0.553 0.469 0.042 0.05
0 0.514 0.364 0.04 0.044
0 0.623 0.397 0.026 0.034
0 0.642 0.357 0.024 0.026
0 0.632 0.263 0.044 0.046
0 0.354 0.323 0.064 0.034
0 0.418 0.282 0.064 0.04
0 0.421 0.323 0.042 0.034
0 0.39 0.243 0.044 0.026
0 0.41 0.245 0.044 0.026
0 0.293 0.238 0.05 0.032
0 0.166 0.286 0.048 0.036
0 0.258 0.276 0.064 0.044
0 0.519 0.16 0.05 0.028
0 0.667 0.16 0.034 0.04
0 0.828 0.282 0.048 0.048
0 0.856 0.316 0.044 0.032
0 0.927 0.292 0.05 0.036
0 0.637 0.321 0.038 0.034
0 0.374 0.41 0.056 0.032
0 0.263 0.455 0.042 0.034
0 0.17 0.383 0.056 0.038
0 0.17 0.336 0.048 0.036
0 0.118 0.168 0.044 0.028
0 0.041 0.113 0.05 0.058
0 0.285 0.147 0.046 0.046
0 0.308 0.156 0.032 0.044
0 0.417 0.122 0.046 0.072
0 0.507 0.063 0.042 0.046
0 0.386 0.14 0.028 0.032
0 0.154 0.755 0.044 0.042
0 0.212 0.721 0.052 0.034
0 0.163 0.701 0.046 0.034
0 0.171 0.73 0.046 0.04
0 0.221 0.671 0.034 0.034
0 0.063 0.676 0.038 0.032
0 0.094 0.679 0.036 0.03
0 0.409 0.502 0.042 0.032
0 0.549 0.857 0.058 0.038
0 0.51 0.912 0.048 0.04
0 0.422 0.918 0.04 0.032
0 0.439 0.982 0.042 0.032
0 0.298 0.741 0.048 0.038
0 0.329 0.747 0.026 0.03
0 0.347 0.725 0.018 0.018
0 0.396 0.622 0.04 0.028
0 0.425 0.628 0.038 0.032
0 0.423 0.6 0.042 0.028
0 0.528 0.501 0.048 0.034
0 0.51 0.549 0.02 0.038
0 0.789 0.752 0.03 0.036
0 0.752 0.749 0.048 0.034
0 0.666 0.734 0.036 0.028
0 0.733 0.743 0.014 0.014
0 0.709 0.719 0.03 0.026
0 0.669 0.395 0.054 0.042
0 0.783 0.314 0.046 0.024
0 0.744 0.247 0.052 0.038
0 0.738 0.37 0.052 0.044
0 0.792 0.3 0.04 0.044
0 0.583 0.259 0.022 0.042
0 0.923 0.129 0.038 0.038
0 0.895 0.065 0.054 0.062
0 0.703 0.052 0.046 0.048
0 0.955 0.19 0.034 0.048
0 0.571 0.204 0.042 0.032
0 0.454 0.026 0.036 0.032
0 0.262 0.032 0.04 0.028
0 0.375 0.016 0.038 0.028
0 0.121 0.117 0.058 0.054
0 0.188 0.447 0.052 0.03
0 0.232 0.423 0.052 0.03
0 0.037 0.5 0.05 0.044
0 0.055 0.532 0.042 0.04
0 0.135 0.503 0.026 0.03
0 0.204 0.592 0.04 0.04
0 0.264 0.525 0.044 0.038
0 0.088 0.532 0.028 0.04
0 0.022 0.395 0.04 0.038
0 0.429 0.464 0.038 0.044
0 0.452 0.458 0.028 0.028
0 0.762 0.468 0.032 0.032
0 0.086 0.899 0.044 0.034
0 0.257 0.844 0.042 0.028
0 0.397 0.862 0.03 0.036
0 0.235 0.887 0.05 0.03
0 0.553 0.8 0.05 0.024
0 0.782 0.893 0.056 0.03
0 0.971 0.803 0.046 0.038
0 0.981 0.74 0.034 0.04
0 0.669 0.865 0.022 0.054
0 0.743 0.847 0.058 0.026
0 0.609 0.607 0.038 0.026
0 0.512 0.704 0.032 0.032
0 0.633 0.696 0.034 0.024
0 0.848 0.828 0.024 0.048
0 0.803 0.961 0.046 0.026
0 0.762 0.939 0.028 0.022
0 0.651 0.947 0.038 0.022
0 0.502 0.87 0.028 0.032
0 0.399 0.95 0.026 0.028
0 0.689 0.954 0.038 0.032
0 0.187 0.844 0.042 0.02
0 0.197 0.881 0.026 0.022
0 0.199 0.907 0.022 0.03
0 0.222 0.801 0.036 0.026
0 0.091 0.742 0.03 0.028
0 0.047 0.772 0.018 0.016
0 0.049 0.784 0.014 0.012
0 0.059 0.8 0.014 0.028
0 0.072 0.986 0.088 0.024
0 0.029 0.963 0.05 0.042
0 0.381 0.99 0.058 0.016
0 0.325 0.648 0.038 0.036
0 0.276 0.625 0.056 0.022
0 0.384 0.515 0.028 0.026
0 0.303 0.526 0.03 0.024
0 0.212 0.432 0.024 0.024
0 0.063 0.604 0.03 0.028
0 0.149 0.623 0.034 0.03
0 0.043 0.684 0.018 0.02
0 0.01 0.676 0.016 0.036
0 0.511 0.294 0.022 0.024
0 0.592 0.056 0.036 0.024
0 0.736 0.445 0.048 0.038
0 0.736 0.546 0.044 0.036
0 0.758 0.607 0.04 0.026
0 0.983 0.567 0.03 0.042
0 0.225 0.014 0.046 0.024
0 0.017 0.019 0.03 0.034
0 0.018 0.18 0.032 0.064
0 0.764 0.238 0.028 0.04
0 0.468 0.068 0.028 0.028
0 0.497 0.012 0.042 0.02
0 0.987 0.294 0.022 0.036
0 0.952 0.319 0.044 0.026
0 0.969 0.305 0.038 0.046
0 0.96 0.137 0.024 0.054
0 0.988 0.116 0.02 0.048
0 0.616 0.01 0.048 0.016
0 0.951 0.501 0.03 0.026
0 0.988 0.725 0.02 0.034
0 0.174 0.147 0.032 0.042
0 0.197 0.116 0.034 0.028
0 0.329 0.495 0.03 0.034
0 0.279 0.841 0.018 0.022
1 0.796 0.502 0.028 0.02
1 0.364 0.476 0.028 0.024
1 0.128 0.308 0.02 0.028
1 0.496 0.582 0.024 0.024
1 0.503 0.592 0.03 0.028
1 0.652 0.695 0.016 0.018
1 0.912 0.897 0.028 0.022
1 0.596 0.964 0.024 0.024
1 0.395 0.935 0.01 0.014
1 0.174 0.866 0.024 0.024
1 0.189 0.976 0.026 0.028
1 0.212 0.977 0.02 0.022
1 0.224 0.992 0.032 0.012
1 0.151 0.494 0.014 0.024
1 0.179 0.49 0.018 0.028
1 0.111 0.595 0.03 0.018
1 0.515 0.43 0.034 0.032
1 0.495 0.292 0.018 0.02
1 0.465 0.305 0.026 0.018
1 0.404 0.314 0.028 0.024
1 0.395 0.331 0.01 0.018
1 0.56 0.068 0.02 0.028
1 0.572 0.063 0.024 0.022
1 0.392 0.188 0.028 0.024
1 0.713 0.363 0.018 0.022
1 0.752 0.342 0.02 0.032
1 0.885 0.479 0.018 0.022
1 0.897 0.474 0.022 0.02
1 0.858 0.456 0.02 0.02
1 0.428 0.168 0.024 0.028
1 0.697 0.209 0.022 0.018
1 0.725 0.137 0.034 0.038
1 0.204 0.229 0.02 0.022
1 0.902 0.221 0.028 0.03
1 0.903 0.2 0.014 0.016
1 0.749 0.485 0.022 0.014
1 0.986 0.342 0.024 0.032
1 0.825 0.06 0.026 0.04
1 0.524 0.017 0.028 0.022
1 0.064 0.031 0.028 0.026
1 0.987 0.195 0.022 0.026
1 0.995 0.184 0.006 0.028
1 0.405 0.454 0.022 0.024
1 0.813 0.714 0.026 0.028
1 0.838 0.664 0.024 0.012
1 0.991 0.816 0.014 0.028
1 0.005 0.38 0.006 0.024
1 0.003 0.341 0.002 0.018
1 0.007 0.505 0.01 0.034
1 0.979 0.994 0.038 0.008
1 0.534 0.671 0.012 0.01
1 0.992 0.549 0.012 0.03
2 0.145 0.859 0.022 0.026
2 0.116 0.531 0.036 0.034
2 0.065 0.787 0.026 0.026
2 0.203 0.168 0.03 0.032
2 0.331 0.722 0.026 0.02
2 0.526 0.558 0.02 0.012
2 0.786 0.71 0.024 0.024
2 0.836 0.809 0.02 0.03
2 0.82 0.77 0.028 0.028
2 0.897 0.906 0.022 0.016
2 0.584 0.891 0.028 0.038
2 0.605 0.884 0.022 0.032
2 0.504 0.846 0.032 0.016
2 0.152 0.877 0.024 0.03
2 0.299 0.841 0.034 0.03
2 0.22 0.864 0.036 0.024
2 0.236 0.789 0.02 0.014
2 0.255 0.742 0.018 0.016
2 0.122 0.935 0.024 0.034
2 0.142 0.951 0.032 0.026
2 0.396 0.888 0.02 0.016
2 0.324 0.907 0.024 0.026
2 0.336 0.914 0.016 0.02
2 0.414 0.682 0.024 0.028
2 0.401 0.531 0.018 0.018
2 0.352 0.491 0.016 0.026
2 0.489 0.386 0.018 0.024
2 0.477 0.283 0.058 0.038
2 0.38 0.338 0.024 0.02
2 0.213 0.342 0.034 0.016
2 0.199 0.35 0.014 0.016
2 0.873 0.459 0.026 0.018
2 0.8 0.555 0.036 0.026
2 0.967 0.611 0.026 0.022
2 0.426 0.206 0.032 0.032
2 0.217 0.042 0.034 0.024
2 0.243 0.077 0.026 0.03
2 0.079 0.208 0.042 0.024
2 0.543 0.184 0.026 0.028
2 0.697 0.146 0.03 0.016
2 0.168 0.235 0.016 0.018
2 0.94 0.346 0.02 0.032
2 0.835 0.015 0.038 0.026
2 0.733 0.015 0.026 0.022
2 0.767 0.008 0.026 0.012
2 0.169 0.012 0.022 0.02
2 0.721 0.464 0.05 0.02
2 0.076 0.121 0.024 0.03
2 0.637 0.213 0.014 0.018
2 0.804 0.486 0.04 0.028
2 0.786 0.788 0.028 0.024
2 0.146 0.349 0.028 0.018
2 0.299 0.325 0.018 0.01
2 0.104 0.36 0.02 0.012
2 0.134 0.393 0.012 0.014
2 0.208 0.379 0.012 0.014
2 0.013 0.548 0.022 0.024
2 0.014 0.529 0.024 0.026
2 0.036 0.54 0.02 0.024
2 0.659 0.466 0.022 0.024
2 0.862 0.791 0.02 0.014
2 0.938 0.988 0.036 0.02
2 0.295 0.673 0.014 0.01
2 0.364 0.658 0.024 0.024
2 0.958 0.655 0.02 0.014
2 0.88 0.665 0.012 0.01
2 0.519 0.988 0.03 0.02
2 0.443 0.068 0.022 0.012
2 0.4 0.341 0.012 0.014