0 0.098 0.032 0.064 0.052
0 0.115 0.112 0.038 0.044
0 0.135 0.086 0.026 0.032
0 0.188 0.084 0.016 0.032
0 0.187 0.015 0.03 0.03
0 0.044 0.32 0.06 0.052
0 0.203 0.215 0.034 0.042
0 0.097 0.304 0.042 0.04
0 0.122 0.282 0.028 0.036
0 0.178 0.294 0.016 0.024
0 0.049 0.413 0.042 0.054
0 0.006 0.412 0.012 0.036
0 0.013 0.576 0.026 0.044
0 0.017 0.882 0.034 0.044
0 0.024 0.984 0.04 0.024
0 0.054 0.955 0.032 0.026
0 0.052 0.925 0.06 0.046
0 0.153 0.95 0.046 0.04
0 0.238 0.957 0.056 0.05
0 0.31 0.964 0.036 0.028
0 0.612 0.923 0.044 0.042
0 0.712 0.989 0.044 0.018
0 0.702 0.942 0.04 0.036
0 0.763 0.975 0.042 0.034
0 0.86 0.979 0.052 0.034
0 0.965 0.868 0.066 0.024
0 0.852 0.915 0.044 0.026
0 0.766 0.887 0.044 0.026
0 0.899 0.812 0.074 0.052
0 0.857 0.832 0.038 0.032
0 0.756 0.825 0.044 0.03
0 0.754 0.848 0.048 0.024
0 0.624 0.841 0.048 0.03
0 0.713 0.782 0.05 0.04
0 0.736 0.759 0.04 0.026
0 0.665 0.732 0.042 0.028
0 0.638 0.685 0.04 0.034
0 0.876 0.651 0.052 0.03
0 0.978 0.59 0.04 0.032
0 0.744 0.665 0.04 0.03
0 0.593 0.766 0.034 0.04
0 0.299 0.863 0.022 0.014
0 0.973 0.534 0.05 0.04
0 0.982 0.491 0.032 0.03
0 0.978 0.428 0.04 0.032
0 0.905 0.438 0.042 0.04
0 0.851 0.465 0.05 0.042
0 0.806 0.484 0.048 0.032
0 0.824 0.558 0.048 0.036
0 0.767 0.579 0.05 0.042
0 0.891 0.737 0.046 0.03
0 0.996 0.716 0.004 0.024
0 0.692 0.615 0.04 0.034
0 0.662 0.524 0.044 0.04
0 0.492 0.761 0.048 0.046
0 0.518 0.726 0.036 0.036
0 0.479 0.701 0.046 0.034
0 0.405 0.776 0.042 0.036
0 0.36 0.81 0.052 0.028
0 0.134 0.765 0.036 0.046
0 0.215 0.779 0.03 0.034
0 0.146 0.72 0.032 0.028
0 0.199 0.676 0.054 0.04
0 0.139 0.639 0.034 0.03
0 0.189 0.639 0.014 0.026
0 0.245 0.642 0.054 0.052
0 0.294 0.711 0.06 0.05
0 0.325 0.681 0.03 0.034
0 0.448 0.617 0.052 0.038
0 0.449 0.57 0.022 0.02
0 0.484 0.56 0.04 0.044
0 0.53 0.538 0.036 0.04
0 0.615 0.502 0.07 0.052
0 0.852 0.376 0.044 0.036
0 0.947 0.348 0.058 0.036
0 0.982 0.33 0.032 0.036
0 0.986 0.137 0.024 0.038
0 0.935 0.191 0.046 0.034
0 0.887 0.218 0.05 0.028
0 0.862 0.241 0.032 0.046
0 0.845 0.321 0.046 0.038
0 0.249 0.584 0.026 0.028
0 0.229 0.53 0.054 0.044
0 0.29 0.524 0.04 0.04
0 0.087 0.503 0.026 0.026
0 0.14 0.481 0.032 0.038
0 0.101 0.451 0.018 0.026
0 0.178 0.43 0.044 0.04
0 0.14 0.374 0.028 0.04
0 0.183 0.366 0.022 0.036
0 0.276 0.375 0.048 0.062
0 0.295 0.289 0.03 0.042
0 0.284 0.313 0.016 0.03
0 0.39 0.339 0.036 0.042
0 0.299 0.477 0.034 0.026
0 0.231 0.116 0.026 0.032
0 0.254 0.075 0.032 0.026
0 0.322 0.055 0.016 0.03
0 0.361 0.025 0.038 0.018
0 0.424 0.431 0.036 0.03
0 0.471 0.4 0.05 0.048
0 0.525 0.44 0.046 0.028
0 0.57 0.412 0.032 0.028
0 0.566 0.464 0.028 0.028
0 0.73 0.428 0.032 0.028
0 0.795 0.348 0.05 0.036
0 0.791 0.307 0.05 0.034
0 0.652 0.331 0.044 0.03
0 0.58 0.345 0.044 0.042
0 0.535 0.295 0.05 0.03
0 0.748 0.265 0.024 0.018
0 0.908 0.128 0.048 0.036
0 0.91 0.013 0.044 0.026
0 0.854 0.091 0.044 0.038
0 0.756 0.129 0.016 0.026
0 0.778 0.134 0.024 0.016
0 0.721 0.083 0.038 0.034
0 0.668 0.127 0.044 0.042
0 0.598 0.195 0.04 0.038
0 0.59 0.118 0.028 0.04
0 0.389 0.112 0.018 0.024
0 0.41 0.112 0.024 0.02
0 0.408 0.15 0.052 0.04
0 0.411 0.261 0.022 0.018
0 0.373 0.29 0.018 0.02
0 0.407 0.278 0.022 0.016
0 0.461 0.231 0.038 0.034
0 0.534 0.061 0.028 0.018
0 0.604 0.012 0.036 0.024
0 0.656 0.049 0.032 0.026
0 0.729 0.023 0.034 0.03
0 0.187 0.93 0.018 0.012
1 0.035 0.021 0.014 0.014
1 0.261 0.006 0.022 0.012
1 0.369 0.006 0.01 0.012
1 0.033 0.251 0.018 0.022
1 0.158 0.232 0.02 0.028
1 0.146 0.308 0.012 0.02
1 0.171 0.937 0.022 0.022
1 0.136 0.972 0.02 0.02
1 0.15 0.908 0.02 0.02
1 0.325 0.929 0.026 0.026
1 0.474 0.945 0.044 0.026
1 0.581 0.979 0.018 0.014
1 0.944 0.943 0.028 0.022
1 0.982 0.921 0.016 0.018
1 0.738 0.896 0.02 0.02
1 0.649 0.764 0.018 0.028
1 0.843 0.658 0.022 0.012
1 0.542 0.71 0.024 0.016
1 0.491 0.86 0.034 0.02
1 0.417 0.855 0.018 0.022
1 0.365 0.853 0.026 0.018
1 0.228 0.853 0.036 0.018
1 0.971 0.707 0.046 0.014
1 0.897 0.688 0.01 0.008
1 0.613 0.612 0.042 0.016
1 0.639 0.563 0.006 0.018
1 0.44 0.81 0.024 0.02
1 0.341 0.829 0.018 0.018
1 0.039 0.79 0.018 0.028
1 0.065 0.756 0.03 0.024
1 0.102 0.809 0.024 0.022
1 0.2 0.672 0.016 0.008
1 0.344 0.721 0.02 0.022
1 0.414 0.66 0.028 0.024
1 0.364 0.644 0.016 0.02
1 0.487 0.525 0.014 0.018
1 0.65 0.473 0.02 0.022
1 0.784 0.449 0.02 0.014
1 0.997 0.303 0.002 0.018
1 0.15 0.597 0.016 0.022
1 0.105 0.558 0.01 0.028
1 0.068 0.513 0.008 0.01
1 0.087 0.448 0.022 0.012
1 0.342 0.362 0.02 0.028
1 0.214 0.477 0.016 0.014
1 0.314 0.461 0.012 0.018
1 0.252 0.114 0.016 0.02
1 0.411 0.004 0.03 0.008
1 0.455 0.002 0.018 0.004
1 0.425 0.034 0.01 0.012
1 0.391 0.502 0.022 0.028
1 0.39 0.531 0.016 0.018
1 0.505 0.51 0.01 0.012
1 0.653 0.412 0.014 0.02
1 0.569 0.296 0.026 0.02
1 0.644 0.292 0.02 0.016
1 0.639 0.273 0.018 0.014
1 0.69 0.289 0.02 0.022
1 0.773 0.226 0.026 0.02
1 0.424 0.401 0.008 0.014
1 0.508 0.406 0.02 0.012
1 0.941 0.094 0.022 0.016
1 0.825 0.153 0.018 0.022
1 0.506 0.112 0.02 0.02
1 0.538 0.094 0.02 0.02
1 0.333 0.11 0.01 0.012
1 0.331 0.261 0.01 0.014
1 0.369 0.261 0.022 0.018
1 0.404 0.234 0.02 0.024
1 0.391 0.288 0.014 0.012
1 0.548 0.013 0.016 0.018
1 0.65 0.007 0.02 0.014
1 0.728 0.004 0.032 0.008
1 0.788 0.003 0.044 0.006
1 0.764 0.111 0.012 0.014
2 0.204 0.184 0.032 0.024
2 0.262 0.787 0.052 0.046
2 0.539 0.832 0.018 0.028
2 0.39 0.951 0.028 0.026
2 0.836 0.862 0.02 0.02
2 0.91 0.71 0.044 0.016
2 0.893 0.587 0.054 0.03
2 0.981 0.256 0.034 0.04
2 0.266 0.44 0.036 0.02
2 0.26 0.483 0.012 0.014
2 0.006 0.087 0.012 0.026
2 0.213 0.091 0.022 0.018
2 0.297 0.05 0.014 0.024
2 0.323 0.629 0.042 0.022
2 0.321 0.654 0.022 0.012
2 0.429 0.509 0.014 0.014
2 0.673 0.411 0.022 0.03
2 0.74 0.332 0.028 0.04
2 0.437 0.383 0.022 0.034
2 0.789 0.147 0.038 0.026
2 0.729 0.152 0.014 0.032
2 0.622 0.22 0.04 0.036
2 0.535 0.136 0.022 0.032
2 0.517 0.098 0.034 0.02
2 0.325 0.13 0.026 0.024
2 0.442 0.023 0.028 0.03
2 0.448 0.054 0.012 0.028
2 0.461 0.179 0.03 0.058
2 0.151 0.284 0.018 0.016
2 0.731 0.542 0.01 0.02
2 0.758 0.527 0.024 0.018
2 0.311 0.366 0.022 0.028
2 0.38 0.062 0.012 0.02
2 0.701 0.274 0.018 0.016
2 0.982 0.29 0.016 0.008
2 0.99 0.357 0.016 0.014