0 0.923 0.443 0.046 0.054
0 0.934 0.493 0.048 0.042
0 0.856 0.621 0.056 0.062
0 0.947 0.602 0.054 0.064
0 0.964 0.705 0.048 0.066
0 0.982 0.643 0.032 0.054
0 0.985 0.752 0.026 0.06
0 0.777 0.675 0.054 0.054
0 0.841 0.836 0.034 0.044
0 0.936 0.906 0.04 0.052
0 0.904 0.887 0.044 0.046
0 0.729 0.624 0.05 0.052
0 0.681 0.775 0.042 0.078
0 0.741 0.532 0.046 0.04
0 0.56 0.592 0.048 0.048
0 0.463 0.613 0.058 0.05
0 0.894 0.385 0.048 0.058
0 0.864 0.353 0.048 0.058
0 0.889 0.284 0.05 0.056
0 0.743 0.418 0.058 0.056
0 0.741 0.565 0.05 0.066
0 0.745 0.455 0.046 0.046
0 0.738 0.3 0.048 0.052
0 0.644 0.332 0.06 0.06
0 0.89 0.209 0.048 0.042
0 0.857 0.239 0.054 0.046
0 0.837 0.286 0.026 0.056
0 0.804 0.288 0.012 0.032
0 0.832 0.198 0.036 0.048
0 0.746 0.118 0.044 0.068
0 0.903 0.084 0.046 0.06
0 0.779 0.032 0.05 0.052
0 0.878 0.037 0.028 0.05
0 0.842 0.06 0.052 0.064
0 0.993 0.051 0.01 0.038
0 0.984 0.227 0.028 0.05
0 0.968 0.226 0.04 0.056
0 0.967 0.276 0.022 0.044
0 0.992 0.291 0.012 0.038
0 0.833 0.153 0.022 0.014
0 0.63 0.235 0.048 0.046
0 0.767 0.26 0.018 0.028
0 0.6 0.204 0.044 0.044
0 0.51 0.214 0.048 0.044
0 0.555 0.212 0.05 0.044
0 0.711 0.25 0.058 0.052
0 0.694 0.211 0.016 0.03
0 0.601 0.093 0.05 0.062
0 0.685 0.066 0.034 0.04
0 0.643 0.073 0.022 0.03
0 0.641 0.173 0.046 0.05
0 0.478 0.181 0.06 0.07
0 0.463 0.124 0.05 0.076
0 0.491 0.105 0.022 0.038
0 0.36 0.226 0.052 0.052
0 0.268 0.25 0.048 0.056
0 0.373 0.069 0.034 0.03
0 0.427 0.014 0.042 0.024
0 0.408 0.147 0.028 0.05
0 0.279 0.186 0.034 0.04
0 0.26 0.2 0.032 0.036
0 0.185 0.073 0.058 0.054
0 0.245 0.143 0.046 0.07
0 0.282 0.061 0.056 0.05
0 0.179 0.162 0.058 0.056
0 0.103 0.119 0.046 0.074
0 0.04 0.105 0.056 0.062
0 0.062 0.019 0.044 0.034
0 0.102 0.02 0.048 0.036
0 0.008 0.062 0.012 0.044
0 0.005 0.026 0.006 0.016
0 0.132 0.049 0.036 0.018
0 0.118 0.238 0.04 0.032
0 0.012 0.244 0.02 0.04
0 0.326 0.291 0.056 0.046
0 0.208 0.366 0.04 0.064
0 0.13 0.34 0.052 0.056
0 0.353 0.336 0.046 0.048
0 0.315 0.354 0.046 0.052
0 0.317 0.408 0.054 0.052
0 0.223 0.437 0.046 0.058
0 0.19 0.448 0.04 0.072
0 0.124 0.403 0.048 0.062
0 0.05 0.572 0.032 0.032
0 0.208 0.486 0.024 0.024
0 0.072 0.505 0.04 0.03
0 0.235 0.575 0.062 0.046
0 0.209 0.652 0.058 0.032
0 0.178 0.649 0.044 0.038
0 0.489 0.296 0.046 0.044
0 0.49 0.344 0.024 0.028
0 0.473 0.364 0.018 0.028
0 0.584 0.418 0.044 0.06
0 0.405 0.417 0.05 0.058
0 0.603 0.479 0.046 0.05
0 0.587 0.534 0.066 0.064
0 0.352 0.464 0.052 0.064
0 0.422 0.466 0.048 0.048
0 0.468 0.43 0.024 0.028
0 0.466 0.404 0.012 0.028
0 0.843 0.495 0.058 0.066
0 0.95 0.66 0.032 0.04
0 0.896 0.721 0.064 0.086
0 0.941 0.848 0.05 0.052
0 0.751 0.945 0.038 0.038
0 0.578 0.902 0.048 0.044
0 0.577 0.947 0.042 0.026
0 0.618 0.989 0.028 0.018
0 0.427 0.829 0.022 0.026
0 0.295 0.73 0.018 0.028
0 0.308 0.76 0.028 0.02
0 0.213 0.703 0.038 0.022
0 0.026 0.864 0.048 0.04
0 0.139 0.899 0.034 0.022
0 0.371 0.702 0.014 0.028
0 0.407 0.665 0.058 0.066
0 0.777 0.806 0.05 0.056
0 0.811 0.71 0.046 0.04
0 0.726 0.861 0.028 0.026
0 0.673 0.916 0.03 0.032
0 0.707 0.979 0.022 0.03
0 0.486 0.515 0.052 0.05
0 0.471 0.554 0.046 0.048
0 0.807 0.518 0.026 0.036
0 0.046 0.498 0.032 0.036
0 0.414 0.735 0.024 0.026
0 0.011 0.785 0.018 0.086
1 0.645 0.524 0.018 0.02
1 0.813 0.304 0.022 0.02
1 0.685 0.273 0.022 0.018
1 0.376 0.029 0.024 0.026
1 0.311 0.071 0.018 0.014
1 0.19 0.202 0.02 0.016
1 0.152 0.216 0.016 0.024
1 0.17 0.208 0.012 0.02
1 0.26 0.405 0.024 0.018
1 0.012 0.385 0.016 0.018
1 0.135 0.646 0.022 0.016
1 0.165 0.712 0.018 0.016
1 0.014 0.702 0.02 0.024
1 0.965 0.465 0.034 0.014
1 0.983 0.831 0.018 0.03
1 0.578 0.865 0.02 0.014
1 0.428 0.974 0.02 0.024
1 0.076 0.924 0.02 0.02
1 0.421 0.717 0.018 0.018
1 0.185 0.936 0.022 0.016
1 0.646 0.853 0.016 0.018
2 0.645 0.558 0.03 0.036
2 0.98 0.088 0.024 0.04
2 0.982 0.02 0.024 0.02
2 0.901 0.15 0.026 0.02
2 0.954 0.183 0.02 0.026
2 0.952 0.077 0.016 0.038
2 0.569 0.276 0.062 0.044
2 0.676 0.032 0.028 0.024
2 0.281 0.02 0.042 0.036
2 0.256 0.033 0.02 0.034
2 0.331 0.165 0.038 0.042
2 0.125 0.033 0.026 0.022
2 0.138 0.013 0.016 0.014
2 0.197 0.216 0.022 0.016
2 0.168 0.373 0.032 0.042
2 0.065 0.381 0.026 0.03
2 0.113 0.556 0.026 0.032
2 0.025 0.68 0.018 0.016
2 0.029 0.734 0.034 0.02
2 0.531 0.406 0.03 0.044
2 0.439 0.364 0.034 0.028
2 0.444 0.396 0.008 0.02
2 0.609 0.374 0.026 0.036
2 0.662 0.428 0.024 0.028
2 0.977 0.32 0.018 0.032
2 0.858 0.53 0.024 0.036
2 0.985 0.491 0.022 0.03
2 0.963 0.498 0.022 0.02
2 0.838 0.905 0.036 0.042
2 0.859 0.851 0.03 0.026
2 0.566 0.977 0.04 0.034
2 0.584 0.987 0.032 0.022
2 0.118 0.67 0.032 0.028
2 0.099 0.935 0.018 0.018
2 0.044 0.798 0.048 0.04
2 0.266 0.725 0.028 0.018
2 0.073 0.685 0.026 0.014
2 0.329 0.819 0.022 0.042
2 0.408 0.881 0.024 0.034
2 0.358 0.831 0.02 0.018
2 0.728 0.797 0.064 0.058
2 0.838 0.714 0.028 0.052
2 0.973 0.919 0.022 0.03
2 0.564 0.653 0.024 0.018
2 0.547 0.679 0.022 0.022
2 0.486 0.051 0.032 0.026
2 0.786 0.161 0.028 0.022
2 0.323 0.629 0.014 0.014
2 0.602 0.676 0.036 0.02
2 0.65 0.931 0.024 0.038
2 0.303 0.254 0.022 0.036
2 0.413 0.376 0.018 0.024
2 0.672 0.886 0.024 0.028
2 0.699 0.11 0.034 0.036