0 0.422 0.056 0.06 0.068
0 0.516 0.05 0.064 0.072
0 0.488 0.057 0.024 0.022
0 0.598 0.036 0.036 0.06
0 0.555 0.294 0.05 0.06
0 0.628 0.24 0.044 0.072
0 0.695 0.215 0.05 0.09
0 0.744 0.199 0.036 0.054
0 0.783 0.152 0.062 0.064
0 0.847 0.115 0.062 0.07
0 0.917 0.069 0.058 0.082
0 0.902 0.108 0.04 0.044
0 0.956 0.011 0.04 0.022
0 0.285 0.269 0.03 0.05
0 0.251 0.307 0.038 0.042
0 0.251 0.245 0.042 0.042
0 0.225 0.241 0.03 0.062
0 0.615 0.678 0.05 0.056
0 0.649 0.71 0.03 0.06
0 0.622 0.73 0.032 0.04
0 0.571 0.729 0.062 0.054
0 0.504 0.693 0.04 0.05
0 0.494 0.646 0.036 0.036
0 0.434 0.602 0.044 0.056
0 0.403 0.599 0.038 0.05
0 0.349 0.578 0.042 0.052
0 0.392 0.535 0.044 0.058
0 0.474 0.547 0.028 0.038
0 0.508 0.547 0.044 0.074
0 0.525 0.486 0.034 0.036
0 0.554 0.473 0.036 0.034
0 0.533 0.367 0.042 0.054
0 0.695 0.047 0.05 0.09
0 0.824 0.25 0.044 0.052
0 0.837 0.291 0.038 0.034
0 0.827 0.332 0.042 0.052
0 0.776 0.363 0.056 0.05
0 0.867 0.425 0.046 0.058
0 0.907 0.473 0.038 0.034
0 0.415 0.703 0.046 0.038
0 0.462 0.743 0.032 0.026
0 0.428 0.662 0.044 0.032
0 0.397 0.833 0.066 0.05
0 0.465 0.805 0.034 0.046
0 0.489 0.834 0.03 0.032
0 0.429 0.413 0.046 0.034
0 0.435 0.461 0.034 0.038
0 0.567 0.58 0.034 0.056
0 0.625 0.63 0.038 0.044
0 0.674 0.565 0.044 0.054
0 0.693 0.533 0.042 0.078
0 0.745 0.409 0.038 0.042
0 0.666 0.442 0.032 0.044
0 0.778 0.66 0.052 0.056
0 0.839 0.638 0.046 0.064
0 0.887 0.665 0.046 0.058
0 0.891 0.606 0.054 0.06
0 0.681 0.791 0.046 0.062
0 0.809 0.782 0.054 0.048
0 0.769 0.786 0.038 0.028
0 0.924 0.742 0.04 0.044
0 0.866 0.756 0.032 0.032
0 0.93 0.789 0.04 0.03
0 0.986 0.81 0.024 0.06
0 0.927 0.884 0.034 0.08
0 0.896 0.896 0.036 0.048
0 0.875 0.928 0.038 0.048
0 0.875 0.974 0.03 0.044
0 0.839 0.98 0.042 0.036
0 0.795 0.965 0.042 0.062
0 0.752 0.927 0.048 0.054
0 0.772 0.891 0.044 0.038
0 0.716 0.865 0.036 0.038
0 0.683 0.339 0.042 0.054
0 0.57 0.165 0.056 0.042
0 0.593 0.174 0.046 0.056
0 0.424 0.899 0.032 0.046
0 0.471 0.85 0.034 0.044
0 0.524 0.964 0.04 0.048
0 0.496 0.983 0.048 0.03
0 0.598 0.975 0.056 0.046
0 0.163 0.858 0.054 0.06
0 0.145 0.79 0.05 0.064
0 0.234 0.793 0.04 0.062
0 0.295 0.644 0.038 0.048
0 0.083 0.79 0.034 0.048
0 0.313 0.756 0.038 0.048
0 0.199 0.834 0.034 0.056
0 0.13 0.898 0.044 0.06
0 0.042 0.865 0.032 0.062
0 0.027 0.926 0.038 0.044
0 0.226 0.871 0.036 0.038
0 0.233 0.899 0.034 0.03
0 0.182 0.646 0.048 0.052
0 0.228 0.657 0.048 0.054
0 0.774 0.6 0.044 0.056
0 0.938 0.54 0.048 0.072
0 0.457 0.244 0.054 0.076
0 0.03 0.097 0.048 0.07
0 0.045 0.071 0.034 0.038
0 0.189 0.744 0.058 0.044
0 0.048 0.67 0.048 0.06
0 0.235 0.502 0.034 0.052
0 0.984 0.688 0.028 0.044
0 0.95 0.697 0.036 0.038
0 0.782 0.457 0.048 0.054
0 0.257 0.948 0.046 0.036
0 0.263 0.985 0.046 0.026
0 0.127 0.543 0.042 0.05
0 0.556 0.795 0.052 0.03
0 0.181 0.691 0.038 0.038
0 0.192 0.686 0.016 0.02
0 0.988 0.923 0.02 0.038
0 0.063 0.164 0.042 0.036
0 0.171 0.159 0.034 0.034
0 0.269 0.466 0.046 0.044
0 0.071 0.201 0.05 0.054
0 0.106 0.25 0.08 0.064
0 0.135 0.4 0.042 0.044
0 0.389 0.311 0.038 0.066
0 0.461 0.304 0.038 0.032
0 0.243 0.066 0.042 0.036
0 0.419 0.117 0.038 0.03
0 0.555 0.409 0.054 0.046
0 0.587 0.435 0.042 0.046
0 0.274 0.106 0.04 0.052
0 0.29 0.092 0.032 0.052
0 0.079 0.566 0.054 0.06
0 0.383 0.752 0.026 0.036
0 0.207 0.941 0.042 0.038
0 0.179 0.904 0.042 0.044
0 0.316 0.978 0.036 0.04
0 0.104 0.987 0.028 0.022
0 0.18 0.99 0.032 0.016
0 0.013 0.86 0.026 0.032
0 0.569 0.108 0.058 0.044
0 0.557 0.079 0.042 0.054
0 0.571 0.842 0.042 0.036
0 0.719 0.972 0.05 0.052
0 0.656 0.974 0.028 0.048
0 0.316 0.856 0.032 0.04
0 0.184 0.556 0.072 0.048
0 0.119 0.476 0.062 0.032
0 0.01 0.025 0.02 0.022
0 0.078 0.016 0.02 0.032
0 0.224 0.084 0.032 0.04
0 0.748 0.57 0.028 0.048
0 0.486 0.2 0.036 0.048
0 0.088 0.302 0.032 0.032
0 0.009 0.204 0.018 0.032
0 0.913 0.512 0.034 0.032
0 0.05 0.342 0.052 0.048
0 0.033 0.356 0.03 0.044
0 0.603 0.773 0.034 0.03
0 0.987 0.256 0.022 0.068
0 0.686 0.907 0.036 0.03
1 0.952 0.034 0.028 0.024
1 0.755 0.062 0.03 0.02
1 0.728 0.092 0.016 0.016
1 0.431 0.568 0.022 0.02
1 0.501 0.353 0.018 0.034
1 0.822 0.45 0.02 0.036
1 0.4 0.472 0.036 0.024
1 0.721 0.532 0.018 0.028
1 0.707 0.414 0.03 0.024
1 0.648 0.466 0.024 0.044
1 0.497 0.595 0.018 0.022
1 0.458 0.575 0.02 0.03
1 0.96 0.755 0.024 0.026
1 0.53 0.129 0.024 0.03
1 0.472 0.883 0.016 0.034
1 0.065 0.907 0.022 0.018
1 0.878 0.188 0.02 0.024
1 0.939 0.194 0.022 0.028
1 0.958 0.149 0.02 0.01
1 0.958 0.16 0.02 0.012
1 0.728 0.672 0.024 0.032
1 0.734 0.704 0.02 0.028
1 0.523 0.183 0.034 0.026
1 0.558 0.221 0.02 0.026
1 0.272 0.156 0.032 0.024
1 0.301 0.18 0.03 0.02
1 0.18 0.093 0.032 0.022
1 0.147 0.076 0.018 0.02
1 0.249 0.576 0.01 0.016
1 0.318 0.593 0.016 0.022
1 0.253 0.394 0.026 0.028
1 0.31 0.4 0.02 0.024
1 0.261 0.705 0.026 0.022
1 0.3 0.887 0.028 0.03
1 0.339 0.935 0.026 0.026
1 0.395 0.941 0.018 0.014
1 0.397 0.169 0.03 0.018
1 0.119 0.329 0.03 0.018
1 0.095 0.333 0.022 0.026
1 0.299 0.307 0.026 0.018
1 0.548 0.772 0.032 0.02
1 0.521 0.799 0.018 0.018
1 0.064 0.743 0.016 0.03
1 0.976 0.884 0.02 0.032
1 0.715 0.904 0.026 0.024
1 0.228 0.163 0.012 0.01
1 0.291 0.489 0.026 0.018
1 0.245 0.205 0.022 0.018
1 0.047 0.035 0.022 0.026
1 0.115 0.022 0.026 0.024
1 0.138 0.01 0.028 0.02
1 0.162 0.006 0.024 0.012
1 0.235 0.008 0.034 0.016
1 0.445 0.124 0.038 0.036
1 0.344 0.63 0.024 0.024
1 0.367 0.743 0.014 0.014
1 0.106 0.963 0.012 0.018
1 0.02 0.817 0.024 0.018
1 0.022 0.838 0.02 0.024
1 0.629 0.138 0.018 0.02
1 0.604 0.381 0.016 0.022
1 0.24 0.36 0.02 0.016
1 0.246 0.351 0.02 0.018
1 0.58 0.705 0.024 0.026
1 0.526 0.91 0.036 0.016
1 0.188 0.788 0.032 0.032
1 0.154 0.602 0.032 0.02
1 0.209 0.617 0.034 0.026
1 0.153 0.363 0.03 0.026
1 0.515 0.312 0.034 0.028
1 0.375 0.429 0.026 0.03
1 0.775 0.264 0.022 0.028
1 0.856 0.732 0.044 0.024
1 0.8 0.561 0.032 0.03
1 0.885 0.252 0.022 0.032
1 0.96 0.334 0.02 0.052
1 0.476 0.219 0.028 0.026
1 0.164 0.341 0.048 0.022
1 0.033 0.396 0.026 0.032
1 0.072 0.465 0.024 0.05
1 0.089 0.486 0.022 0.048
1 0.963 0.609 0.03 0.018
1 0.807 0.537 0.03 0.03
1 0.045 0.306 0.026 0.032
1 0.746 0.752 0.012 0.028
1 0.456 0.407 0.012 0.018
1 0.024 0.319 0.024 0.026
1 0.311 0.479 0.018 0.018
1 0.081 0.391 0.066 0.042
1 0.974 0.444 0.02 0.048
1 0.986 0.47 0.024 0.02
1 0.669 0.88 0.022 0.028
2 0.808 0.058 0.02 0.036
2 0.785 0.045 0.026 0.038
2 0.721 0.441 0.042 0.03
2 0.411 0.28 0.034 0.036
2 0.616 0.116 0.032 0.048
2 0.622 0.814 0.028 0.036
2 0.725 0.116 0.018 0.016
2 0.755 0.116 0.014 0.024
2 0.765 0.273 0.03 0.03
2 0.757 0.297 0.014 0.01
2 0.795 0.302 0.022 0.024
2 0.263 0.144 0.018 0.012
2 0.891 0.23 0.046 0.032
2 0.031 0.549 0.018 0.034
2 0.483 0.913 0.01 0.01
2 0.511 0.833 0.006 0.01
2 0.622 0.877 0.008 0.014
2 0.835 0.681 0.03 0.022
2 0.572 0.921 0.028 0.018
2 0.666 0.515 0.02 0.042