0 0.029 0.115 0.058 0.062
0 0.118 0.041 0.104 0.082
0 0.041 0.149 0.03 0.034
0 0.132 0.127 0.06 0.038
0 0.122 0.101 0.052 0.03
0 0.164 0.079 0.044 0.034
0 0.279 0.073 0.042 0.042
0 0.299 0.05 0.038 0.028
0 0.401 0.059 0.038 0.038
0 0.484 0.013 0.064 0.026
0 0.549 0.044 0.054 0.056
0 0.427 0.097 0.042 0.07
0 0.523 0.094 0.05 0.032
0 0.629 0.044 0.038 0.036
0 0.706 0.013 0.048 0.026
0 0.949 0.01 0.038 0.02
0 0.954 0.036 0.028 0.032
0 0.98 0.057 0.036 0.05
0 0.99 0.168 0.016 0.068
0 0.931 0.17 0.026 0.028
0 0.898 0.21 0.04 0.036
0 0.904 0.183 0.028 0.03
0 0.939 0.228 0.05 0.04
0 0.944 0.268 0.048 0.04
0 0.897 0.258 0.042 0.04
0 0.903 0.151 0.07 0.034
0 0.868 0.145 0.056 0.038
0 0.809 0.069 0.058 0.062
0 0.739 0.119 0.046 0.07
0 0.757 0.118 0.026 0.024
0 0.848 0.109 0.068 0.03
0 0.79 0.144 0.044 0.028
0 0.009 0.172 0.018 0.028
0 0.033 0.206 0.058 0.052
0 0.011 0.208 0.022 0.024
0 0.044 0.263 0.072 0.058
0 0.064 0.222 0.028 0.024
0 0.189 0.261 0.05 0.034
0 0.346 0.116 0.04 0.048
0 0.301 0.149 0.058 0.046
0 0.412 0.15 0.028 0.032
0 0.326 0.209 0.056 0.042
0 0.347 0.252 0.042 0.056
0 0.303 0.246 0.058 0.056
0 0.515 0.143 0.05 0.054
0 0.628 0.137 0.056 0.058
0 0.102 0.36 0.06 0.048
0 0.156 0.348 0.036 0.04
0 0.281 0.347 0.05 0.054
0 0.856 0.274 0.044 0.044
0 0.858 0.226 0.036 0.04
0 0.79 0.2 0.036 0.04
0 0.709 0.179 0.042 0.034
0 0.756 0.169 0.056 0.046
0 0.844 0.304 0.052 0.052
0 0.777 0.307 0.034 0.054
0 0.803 0.297 0.042 0.054
0 0.731 0.241 0.042 0.042
0 0.668 0.242 0.036 0.044
0 0.666 0.193 0.064 0.05
0 0.678 0.299 0.044 0.038
0 0.551 0.224 0.05 0.06
0 0.62 0.239 0.032 0.05
0 0.439 0.231 0.038 0.05
0 0.468 0.254 0.04 0.048
0 0.503 0.239 0.058 0.062
0 0.53 0.194 0.04 0.04
0 0.412 0.285 0.04 0.058
0 0.373 0.314 0.038 0.032
0 0.559 0.269 0.058 0.058
0 0.045 0.424 0.066 0.056
0 0.007 0.374 0.014 0.028
0 0.203 0.341 0.026 0.026
0 0.339 0.336 0.046 0.056
0 0.615 0.299 0.03 0.062
0 0.597 0.294 0.018 0.04
0 0.981 0.365 0.034 0.066
0 0.884 0.37 0.044 0.08
0 0.908 0.397 0.032 0.034
0 0.968 0.435 0.052 0.07
0 0.921 0.447 0.042 0.038
0 0.846 0.47 0.04 0.04
0 0.827 0.434 0.05 0.036
0 0.813 0.395 0.05 0.034
0 0.803 0.366 0.046 0.036
0 0.963 0.523 0.07 0.07
0 0.729 0.387 0.046 0.062
0 0.797 0.504 0.074 0.072
0 0.678 0.447 0.056 0.054
0 0.67 0.404 0.036 0.036
0 0.683 0.397 0.038 0.066
0 0.505 0.382 0.042 0.052
0 0.498 0.417 0.04 0.03
0 0.494 0.441 0.04 0.05
0 0.45 0.425 0.048 0.05
0 0.41 0.356 0.044 0.052
0 0.434 0.367 0.032 0.038
0 0.008 0.461 0.016 0.034
0 0.008 0.507 0.016 0.042
0 0.021 0.498 0.03 0.04
0 0.02 0.551 0.032 0.038
0 0.173 0.478 0.05 0.072
0 0.075 0.461 0.038 0.03
0 0.139 0.523 0.046 0.062
0 0.129 0.548 0.034 0.024
0 0.184 0.527 0.048 0.046
0 0.23 0.48 0.06 0.044
0 0.224 0.514 0.04 0.056
0 0.232 0.405 0.056 0.05
0 0.257 0.423 0.034 0.038
0 0.264 0.468 0.044 0.036
0 0.305 0.457 0.042 0.05
0 0.325 0.423 0.05 0.058
0 0.382 0.427 0.036 0.042
0 0.371 0.473 0.046 0.054
0 0.426 0.531 0.048 0.058
0 0.444 0.492 0.04 0.056
0 0.471 0.506 0.034 0.064
0 0.546 0.507 0.044 0.066
0 0.649 0.466 0.034 0.048
0 0.618 0.501 0.056 0.07
0 0.61 0.44 0.032 0.04
0 0.017 0.651 0.034 0.046
0 0.029 0.599 0.042 0.046
0 0.078 0.589 0.028 0.03
0 0.262 0.575 0.048 0.046
0 0.332 0.535 0.04 0.046
0 0.511 0.595 0.05 0.062
0 0.602 0.566 0.056 0.076
0 0.649 0.567 0.054 0.058
0 0.765 0.542 0.05 0.044
0 0.819 0.562 0.042 0.036
0 0.965 0.571 0.038 0.046
0 0.749 0.583 0.042 0.05
0 0.777 0.586 0.038 0.044
0 0.009 0.749 0.018 0.038
0 0.035 0.749 0.034 0.038
0 0.071 0.747 0.07 0.07
0 0.074 0.681 0.072 0.058
0 0.201 0.63 0.034 0.044
0 0.228 0.643 0.036 0.038
0 0.983 0.652 0.03 0.048
0 0.947 0.602 0.034 0.04
0 0.884 0.616 0.048 0.036
0 0.906 0.64 0.056 0.04
0 0.012 0.888 0.024 0.04
0 0.014 0.967 0.028 0.058
0 0.082 0.791 0.044 0.038
0 0.082 0.853 0.036 0.078
0 0.11 0.859 0.036 0.046
0 0.065 0.939 0.046 0.054
0 0.136 0.936 0.052 0.044
0 0.14 0.897 0.056 0.042
0 0.22 0.896 0.044 0.044
0 0.261 0.889 0.046 0.05
0 0.279 0.872 0.042 0.056
0 0.319 0.879 0.054 0.062
0 0.161 0.717 0.042 0.05
0 0.188 0.718 0.056 0.052
0 0.339 0.604 0.034 0.036
0 0.156 0.867 0.036 0.038
0 0.279 0.835 0.038 0.034
0 0.3 0.612 0.036 0.032
0 0.343 0.65 0.046 0.04
0 0.247 0.828 0.026 0.028
0 0.203 0.842 0.042 0.036
0 0.19 0.782 0.068 0.052
0 0.215 0.785 0.046 0.03
0 0.244 0.736 0.044 0.072
0 0.186 0.677 0.036 0.03
0 0.202 0.675 0.02 0.026
0 0.403 0.578 0.022 0.028
0 0.423 0.566 0.046 0.036
0 0.383 0.561 0.042 0.038
0 0.99 0.945 0.016 0.038
0 0.963 0.951 0.03 0.034
0 0.858 0.989 0.024 0.018
0 0.835 0.983 0.03 0.03
0 0.906 0.979 0.056 0.034
0 0.672 0.976 0.048 0.044
0 0.727 0.948 0.05 0.044
0 0.707 0.965 0.034 0.026
0 0.752 0.975 0.036 0.026
0 0.394 0.984 0.044 0.028
0 0.363 0.976 0.054 0.044
0 0.301 0.986 0.062 0.024
0 0.342 0.993 0.032 0.01
0 0.394 0.938 0.056 0.048
0 0.443 0.939 0.038 0.062
0 0.452 0.89 0.032 0.04
0 0.494 0.878 0.056 0.044
0 0.74 0.887 0.052 0.046
0 0.784 0.892 0.036 0.044
0 0.83 0.908 0.04 0.036
0 0.863 0.945 0.038 0.034
0 0.949 0.903 0.05 0.054
0 0.983 0.889 0.026 0.034
0 0.893 0.866 0.042 0.044
0 0.937 0.859 0.046 0.042
0 0.756 0.826 0.056 0.06
0 0.7 0.84 0.04 0.044
0 0.665 0.839 0.046 0.054
0 0.666 0.778 0.036 0.032
0 0.546 0.834 0.044 0.044
0 0.538 0.781 0.048 0.066
0 0.596 0.776 0.044 0.04
0 0.6 0.724 0.06 0.064
0 0.985 0.765 0.026 0.062
0 0.957 0.732 0.058 0.04
0 0.957 0.765 0.038 0.042
0 0.893 0.767 0.038 0.058
0 0.866 0.764 0.032 0.052
0 0.824 0.747 0.056 0.046
0 0.867 0.648 0.046 0.044
0 0.93 0.661 0.048 0.026
0 0.838 0.697 0.052 0.046
0 0.755 0.676 0.062 0.064
0 0.728 0.695 0.036 0.054
0 0.686 0.735 0.052 0.042
0 0.673 0.707 0.042 0.046
0 0.689 0.613 0.042 0.038
0 0.633 0.679 0.03 0.03
0 0.588 0.606 0.04 0.044
0 0.616 0.618 0.036 0.036
0 0.48 0.803 0.052 0.05
0 0.537 0.677 0.042 0.042
0 0.465 0.695 0.058 0.046
0 0.46 0.791 0.032 0.042
0 0.475 0.768 0.022 0.024
0 0.408 0.81 0.036 0.044
0 0.394 0.781 0.032 0.026
0 0.387 0.765 0.038 0.046
0 0.27 0.714 0.032 0.032
0 0.283 0.703 0.046 0.038
1 0.017 0.075 0.034 0.022
1 0.786 0.007 0.032 0.014
1 0.861 0.006 0.03 0.012
1 0.63 0.322 0.024 0.028
1 0.016 0.917 0.032 0.03
1 0.044 0.811 0.028 0.026
1 0.952 0.974 0.036 0.024
1 0.943 0.946 0.014 0.032
1 0.888 0.99 0.036 0.016
1 0.636 0.989 0.036 0.018
1 0.722 0.989 0.036 0.018
1 0.918 0.849 0.032 0.038
1 0.171 0.012 0.034 0.024
1 0.612 0.07 0.032 0.028
1 0.621 0.066 0.022 0.024
1 0.576 0.034 0.036 0.036
1 0.646 0.006 0.036 0.012
1 0.62 0.013 0.028 0.026
1 0.996 0.22 0.004 0.024
1 0.79 0.087 0.048 0.014
1 0.695 0.099 0.038 0.046
1 0.826 0.126 0.048 0.02
1 0.145 0.284 0.034 0.02
1 0.12 0.294 0.028 0.024
1 0.31 0.113 0.028 0.034
1 0.349 0.191 0.03 0.018
1 0.23 0.303 0.02 0.026
1 0.776 0.189 0.056 0.042
1 0.033 0.344 0.05 0.036
1 0.357 0.285 0.026 0.026
1 0.581 0.219 0.034 0.054
1 0.907 0.495 0.03 0.034
1 0.765 0.472 0.034 0.024
1 0.711 0.491 0.03 0.038
1 0.732 0.489 0.028 0.042
1 0.042 0.502 0.02 0.032
1 0.014 0.478 0.016 0.012
1 0.151 0.44 0.022 0.02
1 0.234 0.446 0.028 0.02
1 0.23 0.364 0.028 0.016
1 0.239 0.376 0.034 0.016
1 0.349 0.514 0.03 0.032
1 0.038 0.618 0.028 0.024
1 0.216 0.574 0.036 0.016
1 0.214 0.587 0.032 0.014
1 0.715 0.546 0.022 0.032
1 0.706 0.521 0.024 0.022
1 0.082 0.973 0.024 0.022
1 0.192 0.89 0.02 0.032
1 0.133 0.647 0.026 0.022
1 0.132 0.838 0.028 0.024
1 0.32 0.782 0.024 0.04
1 0.41 0.592 0.016 0.02
1 0.348 0.949 0.024 0.018
1 0.461 0.953 0.026 0.014
1 0.472 0.849 0.02 0.018
1 0.546 0.891 0.016 0.034
1 0.539 0.888 0.018 0.032
1 0.592 0.933 0.02 0.026
1 0.591 0.952 0.014 0.012
1 0.789 0.855 0.022 0.03
1 0.517 0.798 0.034 0.044
1 0.878 0.686 0.036 0.02
1 0.77 0.655 0.028 0.038
1 0.649 0.698 0.026 0.032
1 0.57 0.643 0.02 0.046
1 0.511 0.746 0.022 0.032
1 0.411 0.718 0.026 0.024
1 0.457 0.729 0.026 0.022
1 0.479 0.719 0.022 0.022
2 0.73 0.539 0.028 0.026
2 0.083 0.08 0.022 0.016
2 0.228 0.066 0.048 0.048
2 0.402 0.023 0.056 0.038
2 0.447 0.007 0.038 0.014
2 0.361 0.073 0.034 0.026
2 0.597 0.029 0.05 0.038
2 0.679 0.037 0.038 0.05
2 0.992 0.015 0.012 0.018
2 0.977 0.005 0.01 0.01
2 0.972 0.011 0.008 0.014
2 0.977 0.017 0.01 0.014
2 0.973 0.221 0.042 0.038
2 0.848 0.085 0.028 0.026
2 0.787 0.12 0.038 0.032
2 0.019 0.187 0.038 0.03
2 0.18 0.19 0.032 0.032
2 0.237 0.129 0.026 0.03
2 0.134 0.236 0.06 0.04
2 0.144 0.266 0.044 0.036
2 0.094 0.264 0.024 0.024
2 0.083 0.276 0.018 0.016
2 0.075 0.325 0.022 0.03
2 0.144 0.388 0.032 0.016
2 0.572 0.186 0.032 0.012
2 0.543 0.157 0.006 0.01
2 0.561 0.173 0.022 0.014
2 0.674 0.164 0.02 0.016
2 0.987 0.49 0.022 0.036
2 0.81 0.338 0.036 0.02
2 0.953 0.471 0.014 0.014
2 0.932 0.471 0.012 0.014
2 0.794 0.421 0.024 0.038
2 0.648 0.382 0.008 0.016
2 0.524 0.443 0.016 0.014
2 0.475 0.349 0.038 0.038
2 0.458 0.342 0.024 0.028
2 0.186 0.46 0.016 0.008
2 0.111 0.536 0.046 0.068
2 0.206 0.43 0.048 0.04
2 0.617 0.477 0.022 0.01
2 0.587 0.446 0.034 0.044
2 0.581 0.419 0.018 0.01
2 0.015 0.629 0.014 0.018
2 0.115 0.592 0.038 0.016
2 0.064 0.591 0.02 0.03
2 0.078 0.645 0.028 0.018
2 0.094 0.657 0.02 0.014
2 0.891 0.589 0.038 0.038
2 0.937 0.574 0.022 0.036
2 0.914 0.572 0.036 0.048
2 0.147 0.646 0.026 0.02
2 0.172 0.652 0.024 0.016
2 0.061 0.654 0.018 0.016
2 0.138 0.687 0.008 0.01
2 0.137 0.718 0.03 0.032
2 0.003 0.791 0.006 0.022
2 0.299 0.571 0.022 0.03
2 0.184 0.919 0.052 0.046
2 0.232 0.859 0.028 0.038
2 0.225 0.819 0.018 0.01
2 0.686 0.949 0.028 0.018
2 0.787 0.986 0.042 0.024
2 0.529 0.987 0.042 0.022
2 0.435 0.991 0.03 0.014
2 0.315 0.937 0.058 0.026
2 0.341 0.959 0.01 0.01
2 0.319 0.918 0.014 0.012
2 0.541 0.955 0.038 0.022
2 0.51 0.948 0.032 0.024
2 0.524 0.932 0.028 0.02
2 0.497 0.915 0.038 0.022
2 0.879 0.962 0.014 0.012
2 0.861 0.901 0.026 0.03
2 0.722 0.8 0.036 0.028
2 0.708 0.818 0.052 0.04
2 0.592 0.88 0.036 0.036
2 0.581 0.849 0.046 0.038
2 0.603 0.827 0.03 0.03
2 0.917 0.744 0.042 0.048
2 0.927 0.708 0.034 0.024
2 0.782 0.724 0.032 0.032
2 0.698 0.647 0.04 0.03
2 0.534 0.648 0.064 0.044
2 0.319 0.669 0.03 0.03
2 0.316 0.648 0.032 0.032
2 0.279 0.667 0.026 0.038
2 0.243 0.678 0.042 0.032
2 0.394 0.713 0.02 0.03
2 0.421 0.617 0.026 0.026
2 0.425 0.638 0.026 0.02
2 0.423 0.655 0.018 0.022
2 0.428 0.673 0.008 0.014