0 0.654 0.695 0.052 0.038
0 0.934 0.922 0.044 0.032
0 0.885 0.81 0.05 0.04
0 0.839 0.86 0.038 0.052
0 0.828 0.951 0.052 0.038
0 0.795 0.957 0.046 0.038
0 0.751 0.809 0.046 0.042
0 0.684 0.841 0.056 0.05
0 0.645 0.874 0.042 0.036
0 0.554 0.978 0.1 0.04
0 0.397 0.924 0.066 0.06
0 0.393 0.976 0.038 0.036
0 0.291 0.914 0.042 0.04
0 0.274 0.985 0.036 0.026
0 0.22 0.979 0.06 0.038
0 0.219 0.929 0.07 0.05
0 0.177 0.941 0.042 0.034
0 0.096 0.948 0.052 0.052
0 0.06 0.972 0.044 0.04
0 0.022 0.972 0.032 0.036
0 0.024 0.862 0.04 0.044
0 0.059 0.832 0.07 0.056
0 0.022 0.809 0.036 0.03
0 0.073 0.77 0.03 0.028
0 0.052 0.749 0.028 0.026
0 0.08 0.729 0.04 0.03
0 0.049 0.696 0.054 0.032
0 0.044 0.669 0.048 0.026
0 0.048 0.626 0.044 0.032
0 0.931 0.717 0.042 0.058
0 0.982 0.729 0.028 0.03
0 0.98 0.667 0.036 0.034
0 0.985 0.627 0.026 0.026
0 0.99 0.597 0.016 0.034
0 0.933 0.572 0.038 0.036
0 0.986 0.556 0.024 0.048
0 0.91 0.49 0.048 0.036
0 0.944 0.434 0.04 0.044
0 0.987 0.44 0.022 0.04
0 0.895 0.447 0.042 0.034
0 0.986 0.357 0.024 0.042
0 0.98 0.293 0.036 0.034
0 0.965 0.256 0.038 0.024
0 0.937 0.267 0.05 0.042
0 0.858 0.243 0.044 0.03
0 0.981 0.209 0.034 0.03
0 0.952 0.1 0.044 0.032
0 0.948 0.055 0.048 0.034
0 0.793 0.079 0.046 0.03
0 0.759 0.076 0.034 0.032
0 0.671 0.062 0.07 0.04
0 0.733 0.091 0.026 0.022
0 0.711 0.101 0.034 0.03
0 0.668 0.104 0.048 0.032
0 0.736 0.156 0.044 0.036
0 0.687 0.138 0.042 0.04
0 0.66 0.146 0.068 0.044
0 0.636 0.162 0.044 0.044
0 0.776 0.235 0.048 0.042
0 0.739 0.236 0.05 0.04
0 0.686 0.233 0.04 0.03
0 0.542 0.23 0.052 0.032
0 0.525 0.241 0.046 0.034
0 0.491 0.226 0.034 0.028
0 0.539 0.19 0.042 0.04
0 0.552 0.174 0.032 0.028
0 0.5 0.119 0.048 0.038
0 0.49 0.134 0.04 0.024
0 0.416 0.056 0.072 0.044
0 0.852 0.733 0.044 0.034
0 0.854 0.652 0.048 0.04
0 0.794 0.633 0.056 0.042
0 0.866 0.566 0.056 0.06
0 0.799 0.491 0.058 0.03
0 0.558 0.07 0.044 0.04
0 0.461 0.17 0.074 0.056
0 0.278 0.132 0.06 0.044
0 0.224 0.084 0.064 0.036
0 0.182 0.096 0.032 0.048
0 0.102 0.046 0.052 0.04
0 0.019 0.091 0.034 0.038
0 0.041 0.083 0.034 0.038
0 0.273 0.155 0.066 0.038
0 0.183 0.148 0.054 0.028
0 0.131 0.156 0.03 0.032
0 0.082 0.206 0.056 0.032
0 0.027 0.205 0.046 0.03
0 0.02 0.226 0.036 0.032
0 0.412 0.363 0.056 0.03
0 0.411 0.307 0.046 0.038
0 0.443 0.266 0.05 0.044
0 0.334 0.303 0.072 0.038
0 0.71 0.66 0.044 0.044
0 0.679 0.648 0.014 0.024
0 0.658 0.732 0.04 0.032
0 0.509 0.711 0.066 0.046
0 0.542 0.701 0.036 0.03
0 0.463 0.661 0.038 0.03
0 0.501 0.624 0.05 0.032
0 0.545 0.581 0.046 0.042
0 0.583 0.568 0.034 0.04
0 0.304 0.439 0.036 0.03
0 0.276 0.445 0.044 0.03
0 0.311 0.349 0.034 0.046
0 0.206 0.301 0.04 0.038
0 0.238 0.302 0.024 0.024
0 0.306 0.398 0.048 0.032
0 0.196 0.372 0.048 0.04
0 0.111 0.248 0.038 0.028
0 0.019 0.27 0.034 0.036
0 0.071 0.331 0.042 0.03
0 0.242 0.206 0.064 0.028
0 0.8 0.416 0.044 0.04
0 0.742 0.421 0.032 0.03
0 0.728 0.367 0.04 0.042
0 0.903 0.356 0.038 0.028
0 0.763 0.304 0.05 0.032
0 0.611 0.313 0.05 0.038
0 0.676 0.49 0.036 0.048
0 0.577 0.412 0.038 0.048
0 0.536 0.402 0.04 0.036
0 0.534 0.882 0.044 0.044
0 0.486 0.879 0.032 0.034
0 0.521 0.784 0.038 0.036
0 0.698 0.563 0.056 0.09
0 0.446 0.74 0.056 0.048
0 0.383 0.771 0.05 0.038
0 0.34 0.734 0.056 0.036
0 0.271 0.705 0.046 0.046
0 0.335 0.655 0.046 0.034
0 0.315 0.581 0.054 0.038
0 0.371 0.52 0.046 0.036
0 0.44 0.497 0.044 0.05
0 0.623 0.505 0.034 0.038
0 0.483 0.46 0.046 0.044
0 0.223 0.863 0.046 0.038
0 0.3 0.812 0.044 0.052
0 0.162 0.797 0.04 0.034
0 0.236 0.633 0.04 0.038
0 0.116 0.632 0.06 0.032
0 0.16 0.614 0.04 0.032
0 0.124 0.593 0.044 0.026
0 0.116 0.566 0.044 0.048
0 0.135 0.468 0.054 0.04
0 0.095 0.505 0.042 0.034
0 0.246 0.485 0.032 0.03
0 0.732 0.568 0.028 0.032
0 0.165 0.407 0.03 0.026
1 0.916 0.869 0.024 0.026
1 0.943 0.952 0.022 0.028
1 0.812 0.84 0.02 0.024
1 0.789 0.826 0.026 0.028
1 0.789 0.846 0.01 0.012
1 0.82 0.791 0.024 0.026
1 0.732 0.846 0.04 0.02
1 0.717 0.871 0.026 0.022
1 0.701 0.976 0.026 0.02
1 0.014 0.643 0.02 0.034
1 0.917 0.434 0.026 0.028
1 0.766 0.021 0.024 0.018
1 0.664 0.254 0.028 0.02
1 0.413 0.126 0.05 0.016
1 0.457 0.074 0.022 0.02
1 0.571 0.054 0.022 0.016
1 0.308 0.12 0.02 0.024
1 0.068 0.089 0.02 0.01
1 0.073 0.08 0.01 0.008
1 0.021 0.127 0.026 0.026
1 0.079 0.181 0.03 0.026
1 0.329 0.269 0.014 0.014
1 0.28 0.32 0.016 0.02
1 0.267 0.304 0.022 0.028
1 0.21 0.337 0.016 0.014
1 0.212 0.358 0.02 0.028
1 0.257 0.085 0.026 0.01
1 0.845 0.338 0.046 0.028
1 0.686 0.42 0.032 0.032
1 0.699 0.476 0.022 0.02
1 0.629 0.421 0.026 0.022
1 0.678 0.379 0.036 0.018
1 0.583 0.922 0.026 0.02
1 0.592 0.908 0.028 0.02
1 0.476 0.853 0.02 0.018
1 0.444 0.839 0.024 0.022
1 0.463 0.845 0.022 0.018
1 0.544 0.771 0.024 0.022
1 0.86 0.595 0.012 0.014
1 0.849 0.592 0.014 0.016
1 0.79 0.538 0.028 0.024
1 0.761 0.496 0.022 0.032
1 0.408 0.638 0.028 0.024
1 0.584 0.518 0.032 0.016
1 0.564 0.483 0.028 0.022
1 0.499 0.598 0.034 0.02
1 0.335 0.815 0.022 0.03
1 0.372 0.818 0.028 0.02
1 0.435 0.802 0.03 0.012
1 0.15 0.743 0.02 0.038
1 0.16 0.69 0.02 0.024
1 0.328 0.555 0.036 0.03
1 0.35 0.526 0.016 0.02
1 0.216 0.558 0.02 0.024
1 0.342 0.607 0.008 0.01
1 0.337 0.614 0.01 0.012
1 0.172 0.43 0.036 0.02
1 0.031 0.386 0.054 0.036
1 0.013 0.465 0.018 0.01
1 0.119 0.514 0.014 0.016
2 0.718 0.924 0.036 0.02
2 0.617 0.944 0.05 0.04
2 0.055 0.936 0.018 0.008
2 0.057 0.925 0.014 0.01
2 0.044 0.931 0.012 0.01
2 0.135 0.908 0.022 0.016
2 0.928 0.116 0.024 0.016
2 0.824 0.057 0.036 0.026
2 0.109 0.321 0.03 0.038
2 0.259 0.248 0.042 0.024
2 0.319 0.215 0.03 0.022
2 0.275 0.22 0.042 0.024
2 0.579 0.749 0.03 0.018
2 0.652 0.811 0.04 0.03
2 0.837 0.772 0.03 0.02
2 0.778 0.733 0.032 0.03
2 0.556 0.509 0.02 0.026
2 0.55 0.431 0.028 0.022
2 0.566 0.653 0.012 0.018
2 0.552 0.657 0.008 0.014
2 0.247 0.888 0.01 0.012
2 0.133 0.716 0.014 0.016
2 0.115 0.708 0.034 0.016