0 0.941 0.005 0.03 0.01
0 0.942 0.045 0.028 0.054
0 0.987 0.062 0.022 0.056
0 0.984 0.095 0.024 0.038
0 0.845 0.008 0.026 0.016
0 0.867 0.057 0.038 0.046
0 0.773 0.015 0.022 0.03
0 0.732 0.018 0.04 0.036
0 0.589 0.02 0.038 0.04
0 0.517 0.01 0.034 0.02
0 0.623 0.067 0.026 0.038
0 0.581 0.065 0.034 0.038
0 0.686 0.057 0.036 0.05
0 0.74 0.094 0.028 0.036
0 0.797 0.082 0.034 0.04
0 0.816 0.107 0.02 0.046
0 0.839 0.12 0.03 0.036
0 0.964 0.162 0.028 0.048
0 0.913 0.182 0.042 0.044
0 0.883 0.175 0.026 0.042
0 0.985 0.251 0.026 0.046
0 0.986 0.345 0.024 0.042
0 0.969 0.38 0.026 0.032
0 0.937 0.362 0.034 0.04
0 0.891 0.392 0.026 0.036
0 0.95 0.429 0.036 0.026
0 0.992 0.485 0.012 0.042
0 0.92 0.444 0.028 0.028
0 0.919 0.473 0.026 0.03
0 0.953 0.516 0.026 0.028
0 0.977 0.596 0.026 0.044
0 0.997 0.614 0.002 0.036
0 0.945 0.587 0.026 0.03
0 0.923 0.603 0.034 0.03
0 0.96 0.641 0.04 0.03
0 0.937 0.674 0.034 0.028
0 0.908 0.648 0.032 0.036
0 0.968 0.741 0.028 0.03
0 0.981 0.71 0.01 0.024
0 0.994 0.704 0.008 0.024
0 0.995 0.728 0.006 0.024
0 0.996 0.756 0.004 0.016
0 0.988 0.787 0.02 0.042
0 0.969 0.883 0.038 0.038
0 0.983 0.954 0.03 0.052
0 0.928 0.953 0.032 0.026
0 0.868 0.975 0.028 0.038
0 0.752 0.976 0.044 0.044
0 0.776 0.909 0.052 0.054
0 0.824 0.881 0.032 0.038
0 0.756 0.848 0.04 0.04
0 0.703 0.845 0.046 0.05
0 0.815 0.817 0.034 0.034
0 0.811 0.769 0.034 0.026
0 0.744 0.783 0.048 0.034
0 0.899 0.783 0.038 0.038
0 0.923 0.794 0.034 0.036
0 0.921 0.828 0.022 0.028
0 0.855 0.718 0.026 0.036
0 0.882 0.725 0.024 0.034
0 0.86 0.669 0.02 0.034
0 0.84 0.657 0.028 0.042
0 0.832 0.68 0.02 0.02
0 0.79 0.693 0.032 0.034
0 0.796 0.657 0.036 0.034
0 0.767 0.659 0.018 0.018
0 0.762 0.681 0.032 0.026
0 0.736 0.655 0.044 0.038
0 0.709 0.64 0.034 0.036
0 0.729 0.613 0.038 0.026
0 0.765 0.561 0.034 0.034
0 0.799 0.569 0.03 0.034
0 0.823 0.598 0.022 0.016
0 0.852 0.531 0.032 0.034
0 0.868 0.485 0.016 0.026
0 0.854 0.489 0.016 0.022
0 0.839 0.448 0.042 0.04
0 0.791 0.461 0.03 0.034
0 0.691 0.456 0.03 0.036
0 0.647 0.462 0.03 0.028
0 0.656 0.436 0.028 0.032
0 0.683 0.397 0.038 0.042
0 0.742 0.381 0.028 0.03
0 0.758 0.383 0.024 0.026
0 0.803 0.378 0.03 0.028
0 0.826 0.36 0.02 0.028
0 0.839 0.34 0.03 0.032
0 0.817 0.309 0.03 0.03
0 0.776 0.309 0.036 0.042
0 0.845 0.285 0.014 0.026
0 0.834 0.267 0.012 0.03
0 0.856 0.207 0.02 0.022
0 0.844 0.166 0.028 0.04
0 0.816 0.181 0.036 0.03
0 0.709 0.166 0.034 0.04
0 0.597 0.943 0.05 0.05
0 0.533 0.937 0.042 0.046
0 0.522 0.995 0.02 0.006
0 0.614 0.865 0.048 0.046
0 0.494 0.862 0.028 0.032
0 0.482 0.873 0.032 0.026
0 0.441 0.923 0.062 0.062
0 0.395 0.891 0.05 0.05
0 0.316 0.918 0.044 0.044
0 0.23 0.969 0.048 0.054
0 0.181 0.984 0.042 0.028
0 0.013 0.946 0.022 0.056
0 0.049 0.9 0.022 0.044
0 0.1 0.956 0.032 0.04
0 0.006 0.817 0.008 0.05
0 0.059 0.788 0.038 0.064
0 0.109 0.782 0.034 0.06
0 0.141 0.767 0.042 0.062
0 0.329 0.834 0.026 0.032
0 0.288 0.805 0.036 0.046
0 0.447 0.827 0.03 0.034
0 0.453 0.792 0.034 0.032
0 0.459 0.755 0.042 0.034
0 0.527 0.722 0.03 0.044
0 0.476 0.693 0.032 0.042
0 0.441 0.653 0.034 0.03
0 0.552 0.678 0.032 0.016
0 0.644 0.755 0.032 0.034
0 0.615 0.748 0.038 0.044
0 0.736 0.703 0.016 0.03
0 0.702 0.702 0.024 0.036
0 0.675 0.664 0.026 0.032
0 0.623 0.62 0.03 0.028
0 0.615 0.639 0.03 0.022
0 0.567 0.623 0.03 0.03
0 0.366 0.768 0.032 0.024
0 0.37 0.75 0.044 0.024
0 0.387 0.725 0.018 0.018
0 0.408 0.73 0.028 0.024
0 0.387 0.688 0.038 0.04
0 0.299 0.717 0.034 0.042
0 0.248 0.711 0.036 0.038
0 0.075 0.644 0.034 0.036
0 0.052 0.724 0.016 0.02
0 0.01 0.678 0.016 0.028
0 0.018 0.649 0.032 0.038
0 0.062 0.569 0.036 0.038
0 0.1 0.569 0.032 0.03
0 0.016 0.486 0.028 0.028
0 0.017 0.448 0.026 0.04
0 0.029 0.506 0.026 0.02
0 0.049 0.506 0.014 0.024
0 0.129 0.541 0.034 0.034
0 0.153 0.518 0.022 0.02
0 0.197 0.547 0.038 0.046
0 0.174 0.591 0.024 0.026
0 0.206 0.591 0.04 0.03
0 0.255 0.652 0.03 0.032
0 0.267 0.617 0.05 0.038
0 0.297 0.595 0.046 0.034
0 0.318 0.643 0.028 0.038
0 0.384 0.636 0.028 0.036
0 0.362 0.594 0.032 0.024
0 0.388 0.564 0.028 0.032
0 0.416 0.59 0.036 0.028
0 0.432 0.568 0.036 0.036
0 0.473 0.616 0.03 0.028
0 0.472 0.588 0.028 0.028
0 0.52 0.619 0.024 0.038
0 0.598 0.583 0.016 0.026
0 0.58 0.571 0.02 0.034
0 0.676 0.57 0.036 0.032
0 0.657 0.568 0.014 0.028
0 0.662 0.533 0.032 0.03
0 0.703 0.529 0.038 0.03
0 0.752 0.513 0.04 0.05
0 0.799 0.232 0.026 0.04
0 0.763 0.243 0.03 0.03
0 0.752 0.219 0.028 0.022
0 0.751 0.286 0.022 0.044
0 0.737 0.281 0.01 0.026
0 0.728 0.297 0.016 0.038
0 0.711 0.276 0.018 0.036
0 0.692 0.267 0.024 0.034
0 0.712 0.36 0.04 0.036
0 0.692 0.324 0.028 0.02
0 0.685 0.361 0.018 0.026
0 0.658 0.352 0.032 0.032
0 0.625 0.311 0.03 0.034
0 0.572 0.286 0.024 0.032
0 0.556 0.267 0.02 0.022
0 0.625 0.231 0.034 0.03
0 0.68 0.228 0.032 0.032
0 0.589 0.514 0.034 0.032
0 0.598 0.494 0.016 0.02
0 0.541 0.517 0.042 0.034
0 0.545 0.484 0.03 0.032
0 0.541 0.455 0.03 0.03
0 0.506 0.502 0.024 0.032
0 0.476 0.5 0.028 0.04
0 0.489 0.466 0.034 0.028
0 0.502 0.406 0.028 0.032
0 0.538 0.414 0.028 0.024
0 0.547 0.39 0.03 0.048
0 0.582 0.387 0.032 0.03
0 0.581 0.412 0.026 0.032
0 0.412 0.527 0.044 0.034
0 0.319 0.527 0.034 0.034
0 0.316 0.498 0.024 0.036
0 0.332 0.475 0.024 0.03
0 0.258 0.563 0.028 0.018
0 0.274 0.556 0.02 0.012
0 0.262 0.52 0.048 0.052
0 0.232 0.523 0.024 0.042
0 0.236 0.487 0.024 0.038
0 0.275 0.472 0.034 0.036
0 0.299 0.436 0.034 0.044
0 0.331 0.428 0.03 0.036
0 0.404 0.414 0.028 0.04
0 0.376 0.375 0.028 0.05
0 0.445 0.365 0.026 0.038
0 0.532 0.305 0.036 0.034
0 0.506 0.326 0.028 0.032
0 0.483 0.283 0.03 0.034
0 0.594 0.166 0.028 0.04
0 0.554 0.139 0.024 0.034
0 0.509 0.157 0.034 0.038
0 0.536 0.154 0.016 0.028
0 0.522 0.192 0.024 0.028
0 0.45 0.269 0.02 0.042
0 0.4 0.25 0.024 0.032
0 0.415 0.236 0.018 0.028
0 0.413 0.175 0.034 0.046
0 0.388 0.167 0.02 0.026
0 0.389 0.202 0.018 0.024
0 0.348 0.175 0.044 0.038
0 0.451 0.134 0.03 0.032
0 0.496 0.102 0.032 0.028
0 0.522 0.083 0.024 0.022
0 0.442 0.089 0.024 0.022
0 0.419 0.099 0.026 0.022
0 0.473 0.049 0.026 0.03
0 0.414 0.033 0.028 0.034
0 0.42 0.061 0.032 0.022
0 0.111 0.474 0.034 0.036
0 0.142 0.479 0.024 0.026
0 0.191 0.447 0.03 0.046
0 0.252 0.403 0.02 0.034
0 0.284 0.393 0.024 0.038
0 0.209 0.409 0.03 0.038
0 0.184 0.407 0.028 0.026
0 0.167 0.396 0.026 0.032
0 0.397 0.325 0.026 0.026
0 0.362 0.322 0.02 0.044
0 0.319 0.233 0.042 0.03
0 0.323 0.276 0.026 0.024
0 0.332 0.3 0.024 0.028
0 0.295 0.296 0.026 0.04
0 0.309 0.333 0.042 0.042
0 0.263 0.329 0.034 0.054
0 0.24 0.272 0.032 0.036
0 0.218 0.295 0.024 0.03
0 0.198 0.317 0.032 0.038
0 0.153 0.449 0.018 0.038
0 0.094 0.421 0.032 0.026
0 0.105 0.4 0.034 0.028
0 0.009 0.355 0.014 0.042
0 0.087 0.34 0.026 0.032
0 0.13 0.356 0.036 0.032
0 0.073 0.294 0.026 0.024
0 0.113 0.286 0.03 0.04
0 0.116 0.251 0.024 0.042
0 0.092 0.25 0.028 0.052
0 0.006 0.277 0.008 0.038
0 0.016 0.248 0.028 0.032
0 0.038 0.237 0.032 0.022
0 0.013 0.201 0.022 0.034
0 0.052 0.213 0.032 0.034
0 0.059 0.183 0.034 0.022
0 0.237 0.232 0.034 0.024
0 0.248 0.186 0.028 0.024
0 0.259 0.168 0.022 0.028
0 0.22 0.17 0.028 0.032
0 0.155 0.157 0.026 0.03
0 0.247 0.135 0.03 0.038
0 0.183 0.121 0.038 0.034
0 0.224 0.095 0.032 0.03
0 0.32 0.068 0.036 0.036
0 0.282 0.054 0.032 0.032
0 0.334 0.012 0.036 0.024
0 0.297 0.019 0.022 0.014
0 0.208 0.007 0.024 0.014
0 0.156 0.018 0.028 0.036
0 0.112 0.008 0.048 0.016
0 0.011 0.019 0.018 0.038
0 0.195 0.048 0.034 0.028
0 0.226 0.042 0.02 0.028
0 0.152 0.064 0.036 0.028
0 0.123 0.168 0.038 0.02
0 0.118 0.146 0.028 0.028
0 0.102 0.123 0.016 0.018
0 0.068 0.125 0.044 0.026
0 0.064 0.099 0.036 0.022
0 0.063 0.08 0.03 0.044
0 0.096 0.073 0.028 0.038
0 0.078 0.04 0.024 0.02
0 0.069 0.052 0.03 0.016
0 0.032 0.053 0.024 0.022
0 0.006 0.098 0.008 0.032
0 0.013 0.157 0.014 0.022
0 0.004 0.152 0.004 0.024
1 0.717 0.111 0.018 0.022
1 0.709 0.119 0.014 0.014
1 0.894 0.114 0.02 0.024
1 0.942 0.182 0.016 0.02
1 0.995 0.213 0.006 0.034
1 0.939 0.699 0.014 0.014
1 0.929 0.693 0.01 0.01
1 0.993 0.854 0.01 0.024
1 0.968 0.833 0.02 0.018
1 0.944 0.961 0.008 0.01
1 0.927 0.97 0.026 0.012
1 0.782 0.832 0.016 0.024
1 0.836 0.798 0.028 0.02
1 0.726 0.586 0.02 0.02
1 0.818 0.462 0.012 0.008
1 0.818 0.473 0.016 0.014
1 0.795 0.49 0.022 0.02
1 0.758 0.445 0.016 0.022
1 0.822 0.386 0.008 0.012
1 0.982 0.286 0.012 0.012
1 0.877 0.229 0.014 0.042
1 0.816 0.199 0.024 0.014
1 0.782 0.187 0.016 0.014
1 0.495 0.919 0.022 0.022
1 0.555 0.859 0.03 0.026
1 0.352 0.91 0.016 0.028
1 0.324 0.982 0.032 0.032
1 0.211 0.987 0.018 0.022
1 0.041 0.976 0.022 0.032
1 0.012 0.908 0.016 0.012
1 0.067 0.881 0.014 0.026
1 0.135 0.736 0.018 0.016
1 0.38 0.837 0.028 0.03
1 0.552 0.708 0.012 0.012
1 0.554 0.72 0.016 0.012
1 0.481 0.675 0.01 0.01
1 0.497 0.655 0.03 0.014
1 0.535 0.667 0.014 0.01
1 0.615 0.701 0.014 0.026
1 0.593 0.752 0.014 0.016
1 0.218 0.686 0.012 0.02
1 0.212 0.686 0.008 0.02
1 0.199 0.702 0.01 0.012
1 0.067 0.664 0.018 0.008
1 0.019 0.69 0.014 0.024
1 0.006 0.627 0.008 0.022
1 0.014 0.596 0.016 0.02
1 0.023 0.574 0.014 0.016
1 0.352 0.606 0.02 0.024
1 0.739 0.337 0.022 0.018
1 0.617 0.367 0.03 0.03
1 0.587 0.341 0.014 0.014
1 0.482 0.443 0.012 0.01
1 0.493 0.44 0.022 0.008
1 0.463 0.419 0.026 0.026
1 0.311 0.56 0.018 0.016
1 0.236 0.461 0.016 0.014
1 0.347 0.403 0.014 0.018
1 0.453 0.383 0.018 0.042
1 0.633 0.13 0.022 0.02
1 0.649 0.168 0.022 0.02
1 0.615 0.199 0.01 0.014
1 0.503 0.215 0.026 0.014
1 0.469 0.246 0.022 0.012
1 0.441 0.247 0.018 0.026
1 0.092 0.456 0.02 0.016
1 0.238 0.414 0.016 0.028
1 0.436 0.324 0.012 0.02
1 0.379 0.284 0.026 0.02
1 0.238 0.312 0.016 0.024
1 0.196 0.261 0.02 0.018
1 0.166 0.287 0.012 0.01
1 0.11 0.223 0.016 0.018
1 0.04 0.271 0.02 0.022
1 0.188 0.17 0.02 0.024
1 0.349 0.111 0.014 0.022
1 0.314 0.093 0.02 0.022
1 0.08 0.138 0.02 0.016
1 0.265 0.09 0.01 0.016
2 0.065 0.514 0.018 0.024
2 0.089 0.467 0.018 0.014
2 0.167 0.304 0.014 0.024
2 0.308 0.122 0.024 0.028
2 0.345 0.032 0.018 0.028