0 0.321 0.424 0.034 0.04
0 0.331 0.142 0.038 0.04
0 0.282 0.19 0.032 0.036
0 0.203 0.18 0.03 0.032
0 0.19 0.259 0.036 0.054
0 0.314 0.209 0.036 0.05
0 0.144 0.202 0.036 0.056
0 0.335 0.258 0.03 0.024
0 0.376 0.361 0.032 0.046
0 0.432 0.299 0.064 0.078
0 0.386 0.047 0.048 0.062
0 0.574 0.304 0.044 0.036
0 0.614 0.094 0.032 0.032
0 0.649 0.132 0.034 0.04
0 0.458 0.168 0.04 0.052
0 0.607 0.241 0.042 0.038
0 0.519 0.3 0.042 0.056
0 0.508 0.24 0.04 0.052
0 0.683 0.221 0.042 0.026
0 0.75 0.342 0.032 0.036
0 0.697 0.336 0.038 0.048
0 0.63 0.349 0.052 0.062
0 0.729 0.455 0.05 0.034
0 0.557 0.469 0.046 0.046
0 0.465 0.386 0.038 0.052
0 0.506 0.396 0.044 0.064
0 0.09 0.107 0.036 0.046
0 0.115 0.144 0.03 0.028
0 0.264 0.391 0.036 0.07
0 0.218 0.357 0.06 0.07
0 0.229 0.413 0.05 0.046
0 0.129 0.385 0.054 0.078
0 0.144 0.352 0.032 0.068
0 0.48 0.446 0.044 0.044
0 0.217 0.569 0.054 0.106
0 0.1 0.534 0.04 0.036
0 0.047 0.5 0.026 0.028
0 0.105 0.629 0.066 0.074
0 0.174 0.654 0.044 0.048
0 0.337 0.678 0.042 0.048
0 0.545 0.734 0.03 0.04
0 0.544 0.768 0.024 0.048
0 0.368 0.829 0.048 0.074
0 0.449 0.822 0.03 0.04
0 0.263 0.814 0.038 0.048
0 0.248 0.737 0.052 0.07
0 0.165 0.699 0.05 0.034
0 0.237 0.894 0.054 0.036
0 0.148 0.739 0.036 0.038
0 0.386 0.787 0.02 0.03
0 0.466 0.804 0.036 0.056
0 0.681 0.792 0.038 0.044
0 0.705 0.752 0.034 0.04
0 0.622 0.721 0.048 0.05
0 0.728 0.69 0.036 0.028
0 0.658 0.643 0.068 0.066
0 0.555 0.613 0.038 0.046
0 0.793 0.644 0.038 0.04
0 0.941 0.669 0.026 0.03
0 0.624 0.58 0.048 0.052
0 0.414 0.526 0.036 0.048
0 0.394 0.464 0.036 0.032
0 0.481 0.514 0.054 0.04
0 0.603 0.463 0.026 0.054
0 0.586 0.446 0.028 0.032
0 0.439 0.484 0.034 0.032
0 0.446 0.461 0.044 0.034
0 0.648 0.549 0.052 0.074
0 0.75 0.526 0.052 0.068
0 0.876 0.576 0.052 0.064
0 0.912 0.636 0.032 0.036
0 0.781 0.335 0.022 0.026
0 0.776 0.369 0.028 0.022
0 0.916 0.344 0.056 0.052
0 0.974 0.332 0.02 0.04
0 0.674 0.355 0.048 0.05
0 0.747 0.313 0.034 0.034
0 0.653 0.25 0.05 0.044
0 0.797 0.234 0.054 0.06
0 0.773 0.206 0.034 0.048
0 0.838 0.174 0.052 0.096
0 0.804 0.113 0.044 0.054
0 0.53 0.151 0.036 0.026
0 0.578 0.071 0.02 0.026
0 0.582 0.885 0.032 0.034
0 0.493 0.195 0.05 0.046
0 0.935 0.322 0.066 0.072
0 0.929 0.134 0.062 0.064
0 0.943 0.088 0.026 0.02
0 0.968 0.113 0.02 0.038
0 0.561 0.148 0.022 0.032
0 0.715 0.938 0.038 0.04
0 0.708 0.914 0.032 0.032
0 0.565 0.933 0.054 0.066
0 0.586 0.956 0.028 0.032
0 0.44 0.862 0.052 0.036
0 0.749 0.881 0.058 0.046
0 0.692 0.863 0.04 0.03
0 0.896 0.733 0.044 0.062
0 0.944 0.745 0.028 0.042
0 0.976 0.775 0.024 0.026
0 0.808 0.883 0.04 0.058
0 0.861 0.931 0.038 0.038
0 0.227 0.487 0.05 0.026
0 0.15 0.636 0.024 0.04
0 0.177 0.606 0.022 0.04
0 0.174 0.739 0.024 0.03
0 0.024 0.729 0.036 0.026
0 0.053 0.7 0.034 0.028
0 0.063 0.678 0.034 0.032
0 0.036 0.796 0.068 0.072
0 0.023 0.686 0.038 0.036
0 0.219 0.218 0.022 0.032
0 0.089 0.307 0.026 0.03
0 0.07 0.451 0.028 0.03
0 0.94 0.234 0.048 0.048
0 0.965 0.188 0.046 0.032
0 0.97 0.209 0.028 0.03
0 0.918 0.481 0.044 0.05
0 0.968 0.625 0.028 0.03
0 0.955 0.446 0.038 0.032
0 0.462 0.334 0.032 0.04
0 0.28 0.265 0.056 0.034
0 0.574 0.05 0.036 0.016
0 0.637 0.032 0.03 0.044
0 0.894 0.03 0.032 0.024
0 0.849 0.024 0.054 0.048
0 0.631 0.518 0.042 0.072
0 0.621 0.457 0.014 0.038
0 0.067 0.098 0.022 0.04
0 0.019 0.454 0.038 0.04
0 0.037 0.325 0.054 0.042
0 0.032 0.362 0.02 0.036
0 0.028 0.343 0.04 0.022
0 0.992 0.519 0.012 0.046
0 0.985 0.268 0.026 0.028
0 0.983 0.15 0.03 0.032
0 0.989 0.056 0.018 0.044
0 0.459 0.023 0.046 0.046
0 0.008 0.19 0.016 0.048
0 0.016 0.603 0.032 0.082
0 0.021 0.861 0.042 0.042
0 0.123 0.888 0.038 0.048
0 0.059 0.867 0.03 0.022
0 0.076 0.969 0.036 0.046
0 0.016 0.969 0.032 0.054
0 0.425 0.983 0.022 0.03
0 0.482 0.975 0.048 0.046
0 0.535 0.985 0.026 0.026
0 0.757 0.96 0.054 0.076
0 0.903 0.968 0.07 0.06
0 0.806 0.98 0.048 0.036
0 0.958 0.959 0.036 0.046
0 0.964 0.863 0.044 0.038
0 0.377 0.119 0.022 0.026
0 0.365 0.093 0.022 0.022
0 0.618 0.141 0.02 0.022
0 0.482 0.62 0.024 0.028
0 0.478 0.597 0.02 0.022
0 0.477 0.565 0.014 0.042
0 0.663 0.482 0.038 0.028
0 0.287 0.607 0.042 0.062
0 0.86 0.755 0.048 0.058
0 0.317 0.656 0.034 0.048
1 0.259 0.209 0.022 0.026
1 0.27 0.316 0.02 0.024
1 0.426 0.647 0.016 0.018
1 0.347 0.752 0.018 0.032
1 0.389 0.729 0.026 0.026
1 0.385 0.767 0.022 0.014
1 0.657 0.731 0.018 0.018
1 0.752 0.741 0.02 0.022
1 0.468 0.476 0.024 0.02
1 0.549 0.662 0.018 0.02
1 0.835 0.413 0.018 0.022
1 0.717 0.273 0.018 0.018
1 0.743 0.213 0.022 0.018
1 0.886 0.218 0.02 0.02
1 0.372 0.413 0.024 0.022
1 0.587 0.195 0.026 0.022
1 0.035 0.251 0.022 0.026
1 0.955 0.255 0.018 0.026
1 0.48 0.346 0.02 0.02
1 0.01 0.339 0.02 0.018
1 0.992 0.206 0.012 0.032
1 0.37 0.984 0.024 0.028
1 0.428 0.145 0.024 0.026
1 0.269 0.764 0.018 0.02
1 0.742 0.638 0.016 0.02
1 0.785 0.841 0.014 0.026
1 0.085 0.756 0.022 0.016
1 0.072 0.762 0.02 0.016
1 0.914 0.614 0.024 0.02
1 0.991 0.455 0.014 0.022
1 0.003 0.925 0.006 0.018
1 0.228 0.992 0.028 0.012
1 0.477 0.749 0.018 0.022
1 0.495 0.688 0.022 0.02
1 0.688 0.122 0.02 0.016
1 0.707 0.117 0.018 0.022
1 0.263 0.643 0.026 0.03
1 0.982 0.389 0.016 0.026
1 0.221 0.005 0.018 0.01
2 0.206 0.821 0.064 0.066
2 0.272 0.242 0.036 0.048
2 0.411 0.219 0.058 0.062
2 0.271 0.872 0.058 0.056
2 0.762 0.715 0.028 0.022
2 0.709 0.52 0.018 0.02
2 0.693 0.601 0.026 0.022
2 0.792 0.314 0.024 0.028
2 0.662 0.413 0.02 0.022
2 0.549 0.33 0.018 0.016
2 0.714 0.244 0.012 0.012
2 0.773 0.116 0.018 0.02
2 0.441 0.67 0.026 0.02
2 0.387 0.616 0.034 0.048
2 0.852 0.099 0.032 0.026
2 0.767 0.073 0.042 0.034
2 0.414 0.264 0.016 0.02
2 0.332 0.898 0.02 0.036
2 0.389 0.911 0.03 0.026
2 0.524 0.889 0.02 0.03
2 0.657 0.883 0.026 0.022
2 0.77 0.774 0.048 0.04
2 0.717 0.814 0.018 0.028
2 0.894 0.88 0.02 0.024
2 0.672 0.972 0.036 0.052
2 0.701 0.971 0.03 0.042
2 0.286 0.465 0.02 0.026
2 0.31 0.542 0.016 0.028
2 0.099 0.735 0.026 0.03
2 0.279 0.441 0.026 0.026
2 0.126 0.504 0.02 0.032
2 0.082 0.506 0.02 0.032
2 0.822 0.525 0.032 0.038
2 0.835 0.458 0.022 0.032
2 0.322 0.349 0.036 0.086
2 0.669 0.197 0.038 0.03
2 0.628 0.162 0.056 0.02
2 0.391 0.314 0.022 0.024
2 0.355 0.228 0.03 0.02
2 0.246 0.28 0.02 0.028
2 0.524 0.103 0.028 0.022
2 0.518 0.077 0.024 0.022
2 0.534 0.086 0.016 0.016
2 0.562 0.04 0.02 0.012
2 0.723 0.03 0.03 0.032
2 0.918 0.021 0.024 0.022
2 0.895 0.051 0.01 0.018
2 0.81 0.035 0.028 0.022
2 0.959 0.399 0.034 0.038
2 0.675 0.581 0.026 0.034
2 0.701 0.573 0.018 0.03
2 0.362 0.545 0.036 0.022
2 0.195 0.485 0.014 0.022
2 0.161 0.439 0.018 0.03
2 0.103 0.475 0.026 0.03
2 0.062 0.255 0.028 0.022
2 0.137 0.088 0.034 0.02
2 0.27 0.059 0.024 0.026
2 0.185 0.021 0.022 0.03
2 0.162 0.019 0.032 0.038
2 0.017 0.408 0.034 0.02
2 0.006 0.386 0.012 0.028
2 0.022 0.382 0.024 0.02
2 0.044 0.374 0.016 0.048
2 0.27 0.173 0.028 0.026
2 0.873 0.462 0.018 0.028
2 0.928 0.435 0.02 0.03
2 0.966 0.423 0.02 0.014
2 0.977 0.02 0.038 0.04
2 0.023 0.058 0.034 0.048
2 0.146 0.873 0.032 0.038
2 0.09 0.903 0.048 0.038
2 0.07 0.935 0.036 0.022
2 0.034 0.929 0.02 0.042
2 0.258 0.931 0.02 0.018
2 0.452 0.959 0.032 0.03
2 0.511 0.966 0.022 0.024
2 0.542 0.864 0.016 0.02
2 0.339 0.814 0.026 0.056
2 0.334 0.765 0.04 0.046
2 0.981 0.916 0.034 0.032