0 0.727 0.357 0.046 0.07
0 0.661 0.34 0.046 0.072
0 0.633 0.363 0.042 0.046
0 0.953 0.431 0.042 0.054
0 0.92 0.453 0.044 0.054
0 0.914 0.501 0.044 0.05
0 0.827 0.531 0.046 0.078
0 0.979 0.549 0.038 0.066
0 0.962 0.621 0.036 0.062
0 0.906 0.595 0.036 0.058
0 0.871 0.636 0.042 0.06
0 0.899 0.315 0.038 0.054
0 0.814 0.236 0.048 0.056
0 0.953 0.088 0.046 0.056
0 0.92 0.172 0.032 0.044
0 0.93 0.237 0.032 0.05
0 0.781 0.039 0.042 0.07
0 0.71 0.023 0.052 0.046
0 0.723 0.128 0.038 0.064
0 0.806 0.119 0.044 0.054
0 0.807 0.296 0.042 0.06
0 0.83 0.276 0.024 0.032
0 0.734 0.244 0.056 0.068
0 0.642 0.199 0.056 0.062
0 0.668 0.233 0.024 0.042
0 0.57 0.184 0.044 0.048
0 0.577 0.145 0.042 0.054
0 0.599 0.077 0.038 0.046
0 0.836 0.418 0.048 0.072
0 0.949 0.371 0.038 0.05
0 0.98 0.016 0.036 0.032
0 0.927 0.008 0.034 0.016
0 0.516 0.068 0.056 0.06
0 0.575 0.011 0.038 0.022
0 0.424 0.015 0.048 0.03
0 0.309 0.033 0.034 0.046
0 0.253 0.023 0.042 0.046
0 0.318 0.087 0.048 0.062
0 0.28 0.117 0.032 0.034
0 0.291 0.152 0.026 0.032
0 0.257 0.138 0.042 0.06
0 0.206 0.163 0.044 0.046
0 0.19 0.114 0.04 0.052
0 0.077 0.096 0.038 0.048
0 0.092 0.049 0.044 0.054
0 0.353 0.194 0.046 0.072
0 0.285 0.243 0.05 0.07
0 0.265 0.293 0.046 0.05
0 0.217 0.272 0.054 0.052
0 0.577 0.268 0.042 0.076
0 0.617 0.274 0.038 0.06
0 0.508 0.273 0.044 0.07
0 0.395 0.273 0.042 0.05
0 0.285 0.335 0.03 0.03
0 0.327 0.402 0.046 0.064
0 0.31 0.439 0.044 0.038
0 0.326 0.487 0.04 0.046
0 0.559 0.099 0.038 0.042
0 0.373 0.159 0.038 0.054
0 0.577 0.385 0.042 0.074
0 0.483 0.325 0.03 0.046
0 0.472 0.352 0.036 0.036
0 0.452 0.378 0.068 0.072
0 0.416 0.486 0.048 0.056
0 0.717 0.725 0.042 0.054
0 0.751 0.747 0.022 0.026
0 0.705 0.768 0.05 0.044
0 0.633 0.82 0.03 0.052
0 0.528 0.786 0.04 0.056
0 0.648 0.416 0.036 0.056
0 0.697 0.505 0.054 0.054
0 0.737 0.605 0.038 0.05
0 0.645 0.537 0.026 0.038
0 0.585 0.631 0.042 0.042
0 0.636 0.723 0.044 0.054
0 0.748 0.849 0.044 0.062
0 0.774 0.909 0.036 0.054
0 0.773 0.962 0.05 0.048
0 0.958 0.67 0.044 0.068
0 0.981 0.789 0.034 0.05
0 0.983 0.86 0.03 0.056
0 0.964 0.874 0.04 0.06
0 0.616 0.487 0.028 0.042
0 0.935 0.795 0.042 0.054
0 0.422 0.636 0.044 0.056
0 0.349 0.74 0.034 0.052
0 0.303 0.737 0.046 0.066
0 0.227 0.631 0.058 0.074
0 0.186 0.606 0.044 0.044
0 0.701 0.678 0.042 0.04
0 0.476 0.841 0.048 0.062
0 0.423 0.713 0.042 0.058
0 0.401 0.735 0.042 0.066
0 0.197 0.44 0.078 0.068
0 0.097 0.454 0.034 0.044
0 0.118 0.482 0.036 0.032
0 0.152 0.536 0.056 0.064
0 0.14 0.553 0.056 0.042
0 0.028 0.152 0.052 0.044
0 0.127 0.214 0.05 0.052
0 0.107 0.327 0.05 0.05
0 0.011 0.279 0.018 0.042
0 0.005 0.238 0.006 0.044
0 0.531 0.972 0.042 0.052
0 0.469 0.988 0.046 0.02
0 0.385 0.905 0.026 0.054
0 0.305 0.556 0.026 0.028
0 0.32 0.593 0.028 0.03
0 0.233 0.554 0.03 0.032
0 0.799 0.737 0.05 0.066
0 0.762 0.781 0.02 0.022
0 0.239 0.374 0.054 0.068
0 0.148 0.432 0.024 0.036
0 0.689 0.869 0.03 0.034
0 0.733 0.864 0.03 0.044
0 0.035 0.97 0.046 0.044
0 0.017 0.877 0.03 0.042
0 0.005 0.837 0.006 0.038
0 0.46 0.093 0.028 0.034
0 0.479 0.089 0.026 0.074
0 0.233 0.306 0.026 0.024
0 0.058 0.282 0.04 0.036
0 0.047 0.25 0.038 0.032
0 0.023 0.398 0.042 0.064
0 0.923 0.977 0.038 0.042
0 0.984 0.986 0.028 0.024
0 0.755 0.979 0.05 0.038
0 0.678 0.957 0.024 0.03
0 0.632 0.978 0.024 0.036
0 0.677 0.775 0.03 0.046
0 0.662 0.58 0.028 0.036
0 0.217 0.233 0.038 0.03
0 0.55 0.288 0.036 0.044
1 0.679 0.4 0.022 0.032
1 0.824 0.639 0.024 0.03
1 0.798 0.624 0.02 0.028
1 0.775 0.698 0.018 0.02
1 0.753 0.683 0.022 0.022
1 0.903 0.135 0.022 0.026
1 0.907 0.215 0.022 0.022
1 0.745 0.084 0.022 0.02
1 0.785 0.253 0.014 0.014
1 0.051 0.089 0.014 0.026
1 0.154 0.043 0.02 0.038
1 0.444 0.294 0.028 0.028
1 0.52 0.418 0.024 0.02
1 0.655 0.407 0.01 0.01
1 0.723 0.55 0.03 0.032
1 0.625 0.151 0.03 0.026
1 0.392 0.671 0.02 0.022
1 0.077 0.229 0.022 0.026
1 0.371 0.384 0.014 0.036
1 0.25 0.417 0.028 0.022
1 0.263 0.479 0.026 0.022
1 0.467 0.563 0.026 0.03
1 0.358 0.118 0.02 0.024
1 0.333 0.529 0.014 0.014
1 0.564 0.861 0.028 0.034
1 0.57 0.892 0.024 0.024
1 0.559 0.701 0.022 0.022
1 0.891 0.379 0.018 0.042
1 0.907 0.402 0.022 0.036
1 0.513 0.223 0.022 0.018
1 0.51 0.024 0.02 0.02
1 0.381 0.053 0.014 0.018
1 0.279 0.179 0.03 0.018
1 0.373 0.231 0.026 0.03
1 0.084 0.284 0.016 0.032
1 0.955 0.963 0.022 0.034
1 0.879 0.928 0.01 0.024
1 0.668 0.942 0.024 0.028
1 0.668 0.99 0.02 0.016
1 0.556 0.952 0.028 0.024
1 0.614 0.942 0.024 0.032
1 0.645 0.758 0.014 0.02
1 0.49 0.627 0.024 0.022
1 0.693 0.561 0.018 0.03
1 0.691 0.612 0.022 0.024
1 0.076 0.362 0.028 0.024
1 0.211 0.219 0.018 0.018
2 0.885 0.037 0.026 0.018
2 0.83 0.182 0.02 0.02
2 0.667 0.086 0.022 0.048
2 0.645 0.055 0.026 0.018
2 0.124 0.138 0.048 0.068
2 0.45 0.449 0.032 0.022
2 0.208 0.683 0.028 0.042
2 0.241 0.706 0.034 0.032
2 0.256 0.752 0.032 0.06
2 0.132 0.584 0.028 0.024
2 0.154 0.603 0.016 0.022
2 0.125 0.615 0.03 0.034
2 0.108 0.636 0.032 0.028
2 0.059 0.571 0.034 0.034
2 0.208 0.904 0.032 0.036
2 0.165 0.915 0.054 0.022
2 0.396 0.123 0.02 0.018
2 0.016 0.812 0.028 0.04
2 0.032 0.862 0.032 0.048
2 0.459 0.038 0.014 0.028
2 0.635 0.115 0.03 0.026
2 0.632 0.666 0.028 0.024
2 0.667 0.607 0.014 0.018
2 0.683 0.581 0.018 0.042
2 0.601 0.355 0.018 0.026
2 0.604 0.398 0.008 0.016
2 0.764 0.335 0.024 0.034