0 0.67 0.432 0.056 0.064
0 0.953 0.032 0.074 0.06
0 0.979 0.062 0.038 0.044
0 0.962 0.124 0.048 0.052
0 0.925 0.16 0.066 0.052
0 0.869 0.195 0.034 0.046
0 0.877 0.115 0.042 0.034
0 0.894 0.085 0.028 0.026
0 0.814 0.201 0.052 0.066
0 0.759 0.182 0.042 0.044
0 0.73 0.044 0.044 0.04
0 0.717 0.107 0.078 0.074
0 0.778 0.096 0.048 0.04
0 0.77 0.062 0.036 0.044
0 0.647 0.016 0.054 0.028
0 0.965 0.267 0.046 0.062
0 0.987 0.258 0.022 0.06
0 0.683 0.197 0.086 0.106
0 0.973 0.372 0.05 0.052
0 0.428 0.107 0.056 0.086
0 0.472 0.031 0.06 0.058
0 0.176 0.02 0.036 0.036
0 0.133 0.063 0.034 0.046
0 0.09 0.07 0.04 0.028
0 0.063 0.091 0.05 0.038
0 0.365 0.035 0.054 0.038
0 0.276 0.129 0.036 0.054
0 0.314 0.106 0.044 0.072
0 0.065 0.014 0.05 0.024
0 0.509 0.193 0.05 0.066
0 0.559 0.19 0.05 0.06
0 0.737 0.285 0.046 0.074
0 0.564 0.323 0.04 0.05
0 0.536 0.35 0.04 0.036
0 0.514 0.329 0.056 0.066
0 0.477 0.366 0.034 0.04
0 0.345 0.196 0.042 0.04
0 0.303 0.238 0.054 0.072
0 0.146 0.232 0.076 0.064
0 0.104 0.296 0.044 0.052
0 0.053 0.286 0.03 0.048
0 0.047 0.126 0.038 0.044
0 0.118 0.179 0.036 0.03
0 0.027 0.18 0.038 0.056
0 0.007 0.144 0.01 0.028
0 0.401 0.374 0.05 0.064
0 0.35 0.324 0.068 0.088
0 0.962 0.892 0.056 0.048
0 0.953 0.94 0.034 0.04
0 0.884 0.967 0.024 0.046
0 0.912 0.969 0.036 0.038
0 0.822 0.948 0.044 0.036
0 0.782 0.936 0.04 0.036
0 0.796 0.917 0.044 0.034
0 0.807 0.882 0.042 0.032
0 0.825 0.861 0.026 0.03
0 0.758 0.983 0.04 0.03
0 0.867 0.905 0.03 0.034
0 0.784 0.84 0.036 0.032
0 0.87 0.654 0.06 0.072
0 0.92 0.843 0.02 0.038
0 0.899 0.846 0.026 0.028
0 0.796 0.674 0.032 0.056
0 0.778 0.643 0.048 0.054
0 0.715 0.65 0.054 0.076
0 0.869 0.433 0.038 0.046
0 0.848 0.411 0.056 0.07
0 0.748 0.333 0.048 0.034
0 0.595 0.438 0.07 0.096
0 0.72 0.462 0.052 0.06
0 0.862 0.533 0.06 0.054
0 0.982 0.585 0.032 0.078
0 0.984 0.498 0.028 0.028
0 0.837 0.569 0.07 0.066
0 0.119 0.435 0.062 0.07
0 0.144 0.986 0.04 0.024
0 0.112 0.991 0.032 0.014
0 0.099 0.978 0.03 0.032
0 0.047 0.942 0.038 0.04
0 0.073 0.932 0.038 0.048
0 0.095 0.949 0.034 0.03
0 0.124 0.927 0.032 0.042
0 0.107 0.911 0.022 0.042
0 0.008 0.907 0.012 0.034
0 0.029 0.844 0.03 0.04
0 0.008 0.843 0.012 0.034
0 0.101 0.751 0.042 0.05
0 0.246 0.984 0.036 0.028
0 0.19 0.879 0.036 0.058
0 0.251 0.872 0.034 0.04
0 0.232 0.847 0.032 0.038
0 0.034 0.697 0.064 0.046
0 0.477 0.979 0.05 0.038
0 0.493 0.93 0.046 0.036
0 0.68 0.948 0.048 0.052
0 0.641 0.519 0.058 0.062
0 0.605 0.514 0.042 0.056
0 0.552 0.552 0.044 0.052
0 0.665 0.741 0.05 0.066
0 0.606 0.727 0.048 0.054
0 0.575 0.734 0.034 0.044
0 0.566 0.634 0.04 0.064
0 0.594 0.672 0.056 0.072
0 0.489 0.673 0.054 0.042
0 0.483 0.636 0.046 0.048
0 0.429 0.588 0.042 0.056
0 0.132 0.491 0.064 0.078
0 0.339 0.666 0.046 0.048
0 0.151 0.887 0.026 0.042
0 0.249 0.589 0.058 0.054
0 0.251 0.543 0.042 0.042
0 0.431 0.63 0.038 0.04
0 0.313 0.7 0.042 0.032
0 0.215 0.794 0.042 0.04
0 0.414 0.926 0.032 0.044
0 0.349 0.934 0.038 0.036
0 0.149 0.962 0.038 0.028
0 0.58 0.974 0.044 0.036
0 0.722 0.909 0.052 0.05
0 0.651 0.812 0.054 0.044
0 0.477 0.855 0.034 0.046
0 0.468 0.885 0.048 0.038
0 0.418 0.864 0.044 0.056
0 0.379 0.891 0.038 0.038
0 0.374 0.852 0.028 0.048
0 0.135 0.872 0.026 0.028
0 0.298 0.832 0.036 0.032
0 0.292 0.811 0.032 0.022
0 0.331 0.824 0.022 0.04
0 0.456 0.437 0.056 0.066
0 0.548 0.771 0.052 0.054
0 0.473 0.741 0.054 0.038
0 0.621 0.889 0.038 0.034
0 0.128 0.836 0.028 0.032
0 0.23 0.436 0.036 0.032
0 0.168 0.824 0.048 0.044
0 0.323 0.918 0.026 0.028
0 0.732 0.958 0.024 0.024
0 0.689 0.915 0.018 0.018
0 0.147 0.55 0.05 0.052
0 0.684 0.33 0.04 0.032
0 0.139 0.319 0.062 0.058
0 0.313 0.327 0.03 0.034
0 0.378 0.235 0.04 0.046
0 0.238 0.317 0.024 0.026
1 0.855 0.055 0.038 0.018
1 0.799 0.011 0.026 0.018
1 0.752 0.014 0.024 0.024
1 0.973 0.159 0.022 0.022
1 0.453 0.009 0.018 0.014
1 0.099 0.04 0.022 0.02
1 0.354 0.076 0.04 0.032
1 0.356 0.01 0.024 0.016
1 0.279 0.088 0.022 0.016
1 0.273 0.074 0.022 0.016
1 0.018 0.011 0.016 0.018
1 0.116 0.008 0.032 0.012
1 0.584 0.124 0.048 0.036
1 0.574 0.099 0.032 0.026
1 0.566 0.061 0.028 0.034
1 0.535 0.242 0.022 0.02
1 0.52 0.236 0.044 0.032
1 0.528 0.266 0.032 0.024
1 0.854 0.345 0.032 0.03
1 0.776 0.345 0.024 0.026
1 0.617 0.337 0.026 0.026
1 0.905 0.631 0.014 0.022
1 0.804 0.354 0.04 0.024
1 0.74 0.489 0.032 0.022
1 0.938 0.563 0.02 0.046
1 0.926 0.688 0.02 0.028
1 0.922 0.668 0.024 0.032
1 0.892 0.57 0.02 0.032
1 0.624 0.575 0.02 0.022
1 0.604 0.573 0.016 0.018
1 0.433 0.517 0.022 0.026
1 0.175 0.484 0.018 0.02
1 0.087 0.449 0.022 0.022
1 0.113 0.38 0.026 0.032
1 0.091 0.622 0.034 0.02
1 0.057 0.628 0.026 0.028
1 0.034 0.625 0.04 0.026
1 0.009 0.665 0.014 0.03
1 0.01 0.635 0.016 0.03
1 0.272 0.942 0.036 0.036
1 0.364 0.643 0.028 0.026
1 0.216 0.665 0.028 0.022
1 0.248 0.67 0.028 0.028
1 0.263 0.635 0.022 0.022
1 0.201 0.772 0.026 0.016
1 0.215 0.975 0.026 0.022
1 0.152 0.929 0.016 0.034
1 0.082 0.902 0.02 0.016
1 0.062 0.903 0.016 0.022
1 0.703 0.873 0.022 0.026
1 0.581 0.865 0.026 0.018
1 0.636 0.979 0.028 0.03
1 0.61 0.972 0.02 0.028
1 0.54 0.865 0.028 0.042
1 0.554 0.852 0.032 0.032
1 0.618 0.833 0.028 0.026
1 0.356 0.758 0.02 0.02
1 0.477 0.772 0.038 0.024
1 0.691 0.774 0.03 0.028
1 0.698 0.797 0.02 0.026
1 0.639 0.668 0.03 0.028
1 0.59 0.809 0.024 0.026
1 0.559 0.836 0.026 0.032
1 0.57 0.834 0.032 0.028
1 0.386 0.758 0.024 0.024
1 0.385 0.78 0.018 0.016
1 0.379 0.769 0.014 0.018
1 0.349 0.814 0.014 0.024
1 0.39 0.661 0.024 0.026
1 0.242 0.415 0.02 0.022
1 0.306 0.396 0.02 0.016
1 0.16 0.856 0.016 0.012
1 0.34 0.991 0.024 0.014
1 0.043 0.781 0.014 0.026
1 0.052 0.785 0.02 0.022
1 0.416 0.677 0.024 0.018
1 0.693 0.898 0.018 0.012
1 0.415 0.661 0.022 0.018
1 0.308 0.773 0.008 0.006
1 0.956 0.489 0.024 0.022
1 0.923 0.593 0.014 0.01
1 0.921 0.577 0.018 0.022
1 0.643 0.579 0.022 0.026
1 0.517 0.616 0.03 0.024
1 0.243 0.64 0.026 0.012
1 0.19 0.653 0.024 0.03
1 0.037 0.775 0.022 0.03
2 0.514 0.092 0.04 0.024
2 0.548 0.092 0.016 0.016
2 0.508 0.108 0.02 0.016
2 0.474 0.106 0.016 0.02
2 0.489 0.106 0.014 0.016
2 0.438 0.818 0.02 0.036
2 0.846 0.98 0.036 0.036
2 0.856 0.917 0.016 0.014
2 0.972 0.822 0.032 0.016
2 0.846 0.905 0.02 0.018
2 0.119 0.816 0.018 0.016
2 0.142 0.772 0.024 0.036
2 0.126 0.794 0.012 0.016
2 0.192 0.929 0.012 0.01