0 0.259 0.749 0.062 0.05
0 0.495 0.367 0.046 0.078
0 0.039 0.973 0.042 0.03
0 0.032 0.99 0.036 0.016
0 0.099 0.983 0.022 0.026
0 0.161 0.978 0.046 0.04
0 0.213 0.988 0.042 0.02
0 0.429 0.975 0.038 0.042
0 0.413 0.945 0.05 0.062
0 0.497 0.94 0.054 0.064
0 0.549 0.976 0.05 0.044
0 0.591 0.922 0.046 0.048
0 0.683 0.969 0.054 0.058
0 0.76 0.97 0.028 0.028
0 0.799 0.978 0.026 0.04
0 0.785 0.98 0.018 0.036
0 0.861 0.983 0.05 0.03
0 0.248 0.828 0.048 0.032
0 0.276 0.858 0.048 0.076
0 0.316 0.848 0.032 0.052
0 0.416 0.835 0.044 0.054
0 0.432 0.899 0.052 0.042
0 0.416 0.889 0.016 0.022
0 0.031 0.947 0.034 0.038
0 0.09 0.875 0.048 0.062
0 0.219 0.909 0.046 0.054
0 0.619 0.818 0.05 0.068
0 0.603 0.846 0.034 0.064
0 0.567 0.745 0.054 0.074
0 0.515 0.784 0.038 0.064
0 0.539 0.765 0.022 0.042
0 0.426 0.739 0.04 0.062
0 0.36 0.693 0.048 0.07
0 0.451 0.619 0.038 0.05
0 0.433 0.61 0.042 0.06
0 0.268 0.692 0.056 0.036
0 0.278 0.636 0.06 0.072
0 0.182 0.755 0.04 0.054
0 0.212 0.709 0.048 0.058
0 0.156 0.672 0.052 0.084
0 0.019 0.75 0.038 0.076
0 0.057 0.752 0.046 0.088
0 0.073 0.692 0.038 0.04
0 0.011 0.693 0.022 0.054
0 0.02 0.603 0.04 0.058
0 0.088 0.58 0.056 0.076
0 0.148 0.565 0.056 0.074
0 0.074 0.527 0.048 0.054
0 0.121 0.473 0.054 0.094
0 0.182 0.482 0.04 0.072
0 0.264 0.447 0.052 0.074
0 0.452 0.472 0.04 0.052
0 0.51 0.466 0.044 0.064
0 0.54 0.528 0.04 0.06
0 0.597 0.581 0.058 0.074
0 0.758 0.644 0.036 0.056
0 0.734 0.563 0.048 0.07
0 0.682 0.541 0.052 0.054
0 0.828 0.554 0.06 0.076
0 0.896 0.562 0.036 0.048
0 0.812 0.715 0.056 0.058
0 0.857 0.817 0.046 0.074
0 0.822 0.819 0.02 0.046
0 0.906 0.871 0.048 0.07
0 0.935 0.902 0.03 0.08
0 0.881 0.932 0.042 0.076
0 0.835 0.949 0.034 0.07
0 0.762 0.908 0.04 0.052
0 0.695 0.889 0.062 0.062
0 0.588 0.408 0.036 0.06
0 0.701 0.63 0.062 0.076
0 0.68 0.747 0.076 0.058
0 0.695 0.452 0.038 0.056
0 0.754 0.43 0.04 0.052
0 0.797 0.491 0.03 0.058
0 0.846 0.493 0.048 0.078
0 0.965 0.499 0.046 0.066
0 0.929 0.493 0.03 0.066
0 0.658 0.401 0.044 0.07
0 0.709 0.341 0.054 0.074
0 0.733 0.392 0.038 0.064
0 0.764 0.492 0.032 0.044
0 0.755 0.511 0.026 0.022
0 0.197 0.382 0.042 0.056
0 0.218 0.308 0.036 0.04
0 0.269 0.287 0.038 0.07
0 0.248 0.327 0.024 0.042
0 0.301 0.356 0.042 0.044
0 0.434 0.221 0.048 0.074
0 0.478 0.165 0.04 0.078
0 0.559 0.212 0.042 0.052
0 0.575 0.134 0.046 0.052
0 0.607 0.043 0.05 0.062
0 0.683 0.061 0.042 0.05
0 0.759 0.039 0.042 0.058
0 0.802 0.067 0.032 0.042
0 0.905 0.02 0.038 0.036
0 0.946 0.021 0.04 0.038
0 0.865 0.024 0.042 0.044
0 0.901 0.135 0.046 0.054
0 0.989 0.129 0.018 0.07
0 0.792 0.231 0.056 0.07
0 0.976 0.304 0.044 0.068
0 0.945 0.343 0.022 0.042
0 0.512 0.069 0.044 0.062
0 0.473 0.072 0.03 0.052
0 0.533 0.109 0.03 0.046
0 0.321 0.061 0.05 0.074
0 0.306 0.158 0.048 0.072
0 0.135 0.179 0.042 0.074
0 0.18 0.075 0.052 0.062
0 0.661 0.211 0.058 0.058
0 0.703 0.22 0.042 0.056
0 0.035 0.158 0.034 0.052
0 0.065 0.082 0.042 0.044
0 0.453 0.012 0.042 0.02
0 0.429 0.097 0.034 0.078
0 0.33 0.378 0.048 0.064
0 0.631 0.262 0.046 0.06
0 0.032 0.361 0.052 0.078
0 0.152 0.386 0.024 0.028
0 0.214 0.266 0.052 0.068
0 0.934 0.788 0.032 0.036
0 0.458 0.382 0.052 0.084
0 0.496 0.3 0.024 0.036
0 0.506 0.265 0.048 0.07
0 0.17 0.229 0.036 0.058
0 0.308 0.314 0.06 0.052
0 0.203 0.431 0.026 0.034
0 0.236 0.4 0.028 0.036
0 0.064 0.918 0.036 0.036
0 0.333 0.47 0.05 0.076
0 0.326 0.452 0.032 0.044
0 0.753 0.84 0.046 0.06
0 0.981 0.712 0.034 0.068
0 0.972 0.581 0.048 0.058
0 0.877 0.504 0.022 0.052
0 0.554 0.297 0.04 0.046
0 0.389 0.415 0.042 0.062
0 0.888 0.346 0.048 0.068
0 0.842 0.281 0.036 0.026
0 0.587 0.306 0.046 0.06
0 0.086 0.355 0.048 0.062
0 0.174 0.338 0.04 0.036
0 0.448 0.131 0.048 0.054
0 0.251 0.097 0.03 0.046
0 0.011 0.414 0.022 0.036
0 0.007 0.348 0.014 0.036
0 0.067 0.268 0.034 0.036
0 0.011 0.113 0.022 0.054
0 0.09 0.026 0.036 0.048
1 0.66 0.055 0.02 0.022
1 0.574 0.071 0.028 0.022
1 0.938 0.666 0.02 0.024
1 0.248 0.997 0.016 0.002
1 0.881 0.997 0.014 0.002
1 0.22 0.933 0.02 0.018
1 0.531 0.901 0.014 0.034
1 0.528 0.855 0.024 0.026
1 0.644 0.786 0.02 0.024
1 0.7 0.705 0.028 0.022
1 0.615 0.726 0.022 0.028
1 0.45 0.77 0.012 0.036
1 0.447 0.641 0.018 0.022
1 0.182 0.719 0.016 0.022
1 0.182 0.646 0.016 0.024
1 0.198 0.605 0.02 0.026
1 0.218 0.652 0.02 0.02
1 0.243 0.636 0.01 0.02
1 0.113 0.731 0.022 0.022
1 0.955 0.434 0.018 0.024
1 0.849 0.418 0.058 0.072
1 0.995 0.392 0.006 0.032
1 0.008 0.911 0.016 0.022
1 0.069 0.487 0.046 0.022
1 0.043 0.47 0.03 0.024
1 0.117 0.412 0.038 0.024
1 0.076 0.411 0.044 0.022
1 0.683 0.034 0.026 0.02
1 0.344 0.436 0.012 0.016
1 0.63 0.954 0.02 0.02
1 0.694 0.779 0.028 0.018
1 0.795 0.746 0.022 0.02
1 0.682 0.66 0.02 0.028
1 0.653 0.644 0.022 0.024
1 0.596 0.626 0.024 0.02
1 0.843 0.627 0.022 0.018
1 0.854 0.588 0.032 0.02
1 0.898 0.774 0.024 0.032
1 0.935 0.745 0.018 0.026
1 0.916 0.738 0.016 0.02
1 0.928 0.696 0.024 0.024
1 0.985 0.643 0.026 0.022
1 0.948 0.629 0.032 0.03
1 0.98 0.543 0.024 0.018
1 0.987 0.618 0.022 0.024
1 0.987 0.375 0.022 0.034
1 0.827 0.367 0.014 0.042
1 0.812 0.318 0.02 0.02
1 0.579 0.482 0.018 0.028
1 0.537 0.416 0.026 0.024
1 0.578 0.365 0.02 0.022
1 0.612 0.343 0.024 0.022
1 0.379 0.345 0.018 0.038
1 0.407 0.333 0.022 0.026
1 0.469 0.294 0.026 0.02
1 0.844 0.177 0.02 0.026
1 0.81 0.144 0.04 0.02
1 0.831 0.146 0.034 0.044
1 0.842 0.26 0.024 0.012
1 0.859 0.318 0.018 0.016
1 0.878 0.317 0.016 0.022
1 0.918 0.282 0.02 0.024
1 0.897 0.203 0.034 0.026
1 0.94 0.172 0.024 0.024
1 0.864 0.066 0.02 0.028
1 0.841 0.056 0.022 0.032
1 0.845 0.046 0.018 0.024
1 0.387 0.153 0.014 0.038
1 0.549 0.255 0.026 0.034
1 0.11 0.315 0.024 0.022
1 0.372 0.794 0.024 0.032
1 0.391 0.652 0.03 0.02
1 0.448 0.686 0.016 0.02
1 0.273 0.772 0.006 0.016
1 0.069 0.296 0.018 0.028
1 0.037 0.272 0.026 0.028
1 0.066 0.148 0.016 0.024
1 0.051 0.016 0.018 0.024
1 0.008 0.031 0.016 0.014
1 0.011 0.022 0.018 0.012
1 0.363 0.028 0.022 0.02
1 0.298 0.203 0.024 0.022
1 0.511 0.017 0.022 0.026
2 0.165 0.825 0.026 0.03
2 0.185 0.866 0.018 0.024
2 0.963 0.68 0.058 0.028
2 0.946 0.124 0.036 0.032
2 0.951 0.097 0.03 0.03
2 0.373 0.865 0.018 0.05
2 0.493 0.748 0.034 0.064
2 0.386 0.627 0.02 0.03
2 0.296 0.808 0.016 0.02
2 0.361 0.056 0.018 0.032
2 0.552 0.121 0.016 0.026
2 0.575 0.095 0.018 0.022
2 0.519 0.156 0.022 0.032
2 0.647 0.173 0.022 0.018
2 0.913 0.204 0.026 0.036
2 0.974 0.217 0.016 0.018