0 0.844 0.913 0.076 0.058
0 0.943 0.868 0.094 0.052
0 0.845 0.848 0.058 0.036
0 0.843 0.796 0.062 0.036
0 0.645 0.967 0.062 0.05
0 0.697 0.917 0.07 0.05
0 0.615 0.881 0.066 0.054
0 0.536 0.969 0.048 0.038
0 0.981 0.967 0.034 0.054
0 0.965 0.98 0.038 0.036
0 0.407 0.975 0.054 0.042
0 0.315 0.944 0.05 0.044
0 0.47 0.911 0.076 0.038
0 0.403 0.927 0.046 0.034
0 0.388 0.953 0.052 0.034
0 0.149 0.978 0.046 0.04
0 0.083 0.921 0.042 0.038
0 0.054 0.947 0.04 0.046
0 0.678 0.834 0.056 0.04
0 0.489 0.815 0.058 0.046
0 0.031 0.985 0.042 0.026
0 0.024 0.995 0.032 0.006
0 0.174 0.92 0.052 0.048
0 0.017 0.903 0.03 0.058
0 0.026 0.796 0.048 0.04
0 0.582 0.808 0.032 0.04
0 0.547 0.803 0.046 0.05
0 0.671 0.771 0.062 0.046
0 0.703 0.721 0.074 0.07
0 0.74 0.693 0.06 0.05
0 0.814 0.662 0.06 0.044
0 0.34 0.837 0.048 0.034
0 0.296 0.795 0.06 0.038
0 0.177 0.829 0.05 0.046
0 0.133 0.856 0.05 0.048
0 0.239 0.799 0.03 0.062
0 0.199 0.796 0.046 0.04
0 0.922 0.802 0.064 0.04
0 0.907 0.736 0.074 0.044
0 0.975 0.647 0.046 0.046
0 0.97 0.557 0.056 0.046
0 0.57 0.66 0.08 0.028
0 0.841 0.621 0.058 0.038
0 0.818 0.584 0.068 0.036
0 0.9 0.559 0.064 0.054
0 0.623 0.569 0.066 0.062
0 0.703 0.544 0.046 0.032
0 0.616 0.526 0.056 0.036
0 0.477 0.651 0.03 0.038
0 0.255 0.71 0.058 0.056
0 0.306 0.65 0.056 0.04
0 0.118 0.679 0.044 0.038
0 0.105 0.64 0.042 0.032
0 0.108 0.597 0.048 0.03
0 0.09 0.58 0.028 0.04
0 0.022 0.59 0.04 0.052
0 0.017 0.647 0.03 0.038
0 0.325 0.594 0.07 0.044
0 0.255 0.567 0.074 0.03
0 0.183 0.641 0.074 0.034
0 0.243 0.497 0.034 0.046
0 0.189 0.493 0.05 0.046
0 0.372 0.538 0.06 0.048
0 0.342 0.512 0.052 0.048
0 0.124 0.529 0.044 0.034
0 0.109 0.461 0.034 0.038
0 0.15 0.396 0.044 0.036
0 0.392 0.438 0.052 0.032
0 0.432 0.584 0.056 0.056
0 0.408 0.588 0.036 0.028
0 0.354 0.395 0.056 0.03
0 0.285 0.39 0.042 0.048
0 0.505 0.581 0.03 0.046
0 0.488 0.56 0.036 0.028
0 0.101 0.349 0.046 0.03
0 0.054 0.331 0.036 0.034
0 0.35 0.345 0.052 0.042
0 0.296 0.295 0.06 0.046
0 0.261 0.261 0.042 0.03
0 0.598 0.427 0.044 0.046
0 0.576 0.381 0.056 0.042
0 0.539 0.453 0.066 0.05
0 0.975 0.462 0.046 0.044
0 0.825 0.42 0.074 0.068
0 0.694 0.385 0.068 0.054
0 0.795 0.197 0.058 0.042
0 0.464 0.291 0.068 0.054
0 0.708 0.193 0.048 0.05
0 0.647 0.203 0.074 0.062
0 0.57 0.3 0.06 0.044
0 0.645 0.129 0.074 0.05
0 0.666 0.094 0.056 0.048
0 0.889 0.23 0.05 0.06
0 0.811 0.247 0.054 0.054
0 0.747 0.24 0.046 0.04
0 0.809 0.137 0.066 0.054
0 0.913 0.179 0.058 0.042
0 0.912 0.108 0.064 0.04
0 0.524 0.186 0.076 0.052
0 0.33 0.245 0.048 0.054
0 0.187 0.277 0.042 0.058
0 0.16 0.282 0.024 0.036
0 0.473 0.068 0.066 0.056
0 0.449 0.028 0.058 0.044
0 0.323 0.041 0.046 0.05
0 0.155 0.18 0.05 0.044
0 0.174 0.216 0.032 0.036
0 0.021 0.341 0.038 0.066
0 0.238 0.196 0.036 0.04
0 0.141 0.298 0.042 0.04
0 0.189 0.159 0.042 0.03
0 0.136 0.114 0.044 0.036
0 0.064 0.278 0.044 0.04
0 0.014 0.167 0.024 0.038
0 0.019 0.1 0.034 0.048
0 0.022 0.278 0.024 0.036
0 0.204 0.045 0.056 0.042
0 0.16 0.035 0.036 0.03
0 0.872 0.048 0.048 0.036
0 0.502 0.389 0.036 0.046
0 0.522 0.27 0.052 0.052
0 0.5 0.307 0.04 0.042
0 0.545 0.095 0.054 0.042
0 0.431 0.099 0.034 0.046
0 0.717 0.049 0.066 0.05
1 0.561 0.899 0.026 0.026
1 0.569 0.983 0.026 0.03
1 0.506 0.991 0.028 0.014
1 0.88 0.978 0.024 0.028
1 0.091 0.968 0.022 0.048
1 0.072 0.856 0.024 0.028
1 0.068 0.887 0.024 0.022
1 0.485 0.774 0.018 0.024
1 0.865 0.717 0.018 0.03
1 0.806 0.705 0.024 0.03
1 0.375 0.847 0.022 0.026
1 0.128 0.808 0.024 0.024
1 0.905 0.599 0.026 0.018
1 0.784 0.527 0.04 0.022
1 0.014 0.835 0.024 0.038
1 0.025 0.754 0.018 0.04
1 0.353 0.616 0.03 0.016
1 0.238 0.601 0.028 0.018
1 0.169 0.609 0.03 0.026
1 0.248 0.527 0.024 0.014
1 0.062 0.438 0.02 0.036
1 0.358 0.445 0.028 0.034
1 0.958 0.364 0.036 0.02
1 0.906 0.397 0.04 0.03
1 0.859 0.351 0.038 0.018
1 0.803 0.323 0.046 0.026
1 0.713 0.263 0.022 0.022
1 0.875 0.124 0.03 0.024
1 0.373 0.309 0.03 0.026
1 0.394 0.268 0.024 0.028
1 0.372 0.25 0.016 0.024
1 0.365 0.233 0.01 0.026
1 0.404 0.626 0.028 0.02
1 0.35 0.062 0.016 0.02
1 0.33 0.121 0.032 0.018
1 0.274 0.123 0.028 0.026
1 0.106 0.109 0.016 0.03
1 0.085 0.107 0.022 0.03
1 0.075 0.132 0.014 0.02
1 0.045 0.192 0.026 0.02
1 0.132 0.06 0.044 0.02
1 0.664 0.246 0.036 0.024
1 0.975 0.766 0.022 0.028
1 0.933 0.718 0.022 0.02
1 0.914 0.694 0.02 0.036
1 0.846 0.459 0.016 0.022
1 0.855 0.443 0.014 0.018
1 0.902 0.489 0.024 0.026
1 0.98 0.33 0.036 0.028
1 0.407 0.323 0.038 0.026
1 0.43 0.191 0.032 0.026
1 0.584 0.073 0.028 0.026
1 0.562 0.15 0.02 0.016
1 0.473 0.152 0.026 0.024
1 0.633 0.053 0.058 0.022
2 0.629 0.914 0.018 0.02
2 0.105 0.807 0.01 0.022
2 0.716 0.613 0.02 0.03
2 0.678 0.64 0.024 0.028
2 0.201 0.581 0.03 0.034
2 0.181 0.583 0.01 0.01
2 0.151 0.583 0.022 0.014
2 0.791 0.451 0.046 0.054
2 0.272 0.05 0.028 0.016
2 0.051 0.029 0.03 0.03
2 0.014 0.045 0.024 0.022
2 0.871 0.466 0.034 0.032
2 0.944 0.333 0.028 0.034
2 0.747 0.323 0.062 0.046
2 0.621 0.278 0.042 0.032
2 0.378 0.084 0.02 0.024
2 0.311 0.096 0.018 0.02
2 0.319 0.091 0.01 0.01
2 0.33 0.097 0.016 0.014
2 0.25 0.282 0.016 0.028
2 0.189 0.336 0.014 0.012
2 0.308 0.487 0.02 0.01