0 0.024 0.985 0.048 0.026
0 0.043 0.818 0.038 0.068
0 0.114 0.835 0.052 0.07
0 0.023 0.718 0.046 0.064
0 0.14 0.755 0.052 0.054
0 0.137 0.682 0.038 0.056
0 0.18 0.667 0.036 0.034
0 0.01 0.619 0.02 0.042
0 0.056 0.6 0.04 0.044
0 0.012 0.547 0.024 0.034
0 0.059 0.544 0.034 0.036
0 0.071 0.52 0.022 0.024
0 0.016 0.451 0.032 0.046
0 0.013 0.195 0.026 0.034
0 0.006 0.076 0.012 0.028
0 0.061 0.091 0.042 0.022
0 0.013 0.025 0.026 0.034
0 0.05 0.023 0.024 0.03
0 0.063 0.007 0.03 0.01
0 0.097 0.142 0.038 0.036
0 0.18 0.076 0.04 0.028
0 0.205 0.151 0.046 0.038
0 0.298 0.19 0.04 0.04
0 0.269 0.104 0.034 0.028
0 0.381 0.067 0.042 0.03
0 0.471 0.006 0.026 0.008
0 0.539 0.013 0.014 0.018
0 0.631 0.027 0.042 0.046
0 0.713 0.024 0.062 0.044
0 0.702 0.064 0.036 0.032
0 0.893 0.061 0.034 0.034
0 0.996 0.099 0.004 0.026
0 0.937 0.107 0.042 0.03
0 0.896 0.129 0.04 0.034
0 0.784 0.068 0.032 0.032
0 0.893 0.221 0.03 0.026
0 0.916 0.212 0.028 0.02
0 0.517 0.118 0.038 0.024
0 0.507 0.143 0.038 0.03
0 0.461 0.156 0.038 0.032
0 0.421 0.138 0.038 0.032
0 0.424 0.104 0.036 0.02
0 0.616 0.161 0.036 0.038
0 0.661 0.156 0.042 0.032
0 0.726 0.175 0.04 0.03
0 0.9 0.288 0.04 0.032
0 0.976 0.282 0.02 0.016
0 0.996 0.293 0.004 0.014
0 0.991 0.388 0.014 0.02
0 0.963 0.437 0.042 0.038
0 0.894 0.382 0.04 0.044
0 0.788 0.375 0.036 0.038
0 0.717 0.376 0.05 0.044
0 0.695 0.341 0.038 0.034
0 0.643 0.292 0.034 0.04
0 0.545 0.215 0.042 0.038
0 0.477 0.198 0.034 0.032
0 0.425 0.284 0.046 0.028
0 0.387 0.31 0.034 0.032
0 0.374 0.284 0.032 0.036
0 0.337 0.255 0.034 0.038
0 0.32 0.299 0.036 0.046
0 0.123 0.274 0.034 0.036
0 0.106 0.219 0.028 0.022
0 0.035 0.288 0.034 0.036
0 0.064 0.301 0.044 0.046
0 0.072 0.354 0.032 0.04
0 0.049 0.38 0.022 0.016
0 0.072 0.395 0.02 0.042
0 0.106 0.386 0.016 0.024
0 0.127 0.457 0.042 0.034
0 0.345 0.383 0.03 0.042
0 0.361 0.467 0.042 0.03
0 0.471 0.451 0.034 0.038
0 0.525 0.382 0.038 0.052
0 0.5 0.37 0.032 0.036
0 0.577 0.394 0.034 0.04
0 0.565 0.434 0.026 0.032
0 0.723 0.427 0.026 0.014
0 0.645 0.421 0.034 0.026
0 0.631 0.436 0.038 0.024
0 0.628 0.462 0.024 0.028
0 0.937 0.498 0.03 0.044
0 0.976 0.566 0.032 0.036
0 0.996 0.599 0.004 0.03
0 0.17 0.507 0.04 0.038
0 0.235 0.56 0.046 0.044
0 0.191 0.576 0.042 0.048
0 0.252 0.596 0.032 0.04
0 0.307 0.869 0.034 0.046
0 0.321 0.821 0.03 0.038
0 0.305 0.943 0.018 0.022
0 0.361 0.959 0.026 0.018
0 0.277 0.763 0.01 0.014
0 0.295 0.753 0.026 0.026
0 0.398 0.808 0.032 0.048
0 0.436 0.859 0.056 0.082
0 0.491 0.939 0.026 0.022
0 0.506 0.924 0.028 0.016
0 0.534 0.863 0.032 0.046
0 0.561 0.79 0.03 0.028
0 0.58 0.834 0.012 0.016
0 0.6 0.792 0.044 0.072
0 0.641 0.851 0.046 0.046
0 0.634 0.9 0.028 0.044
0 0.869 0.494 0.046 0.052
0 0.882 0.575 0.04 0.038
0 0.821 0.539 0.038 0.038
0 0.794 0.481 0.036 0.046
0 0.753 0.505 0.038 0.042
0 0.949 0.642 0.046 0.032
0 0.978 0.669 0.036 0.038
0 0.96 0.714 0.04 0.044
0 0.908 0.643 0.028 0.046
0 0.807 0.596 0.042 0.044
0 0.642 0.552 0.04 0.048
0 0.648 0.585 0.032 0.038
0 0.674 0.623 0.036 0.042
0 0.743 0.683 0.034 0.038
0 0.797 0.746 0.046 0.036
0 0.694 0.769 0.028 0.038
0 0.513 0.519 0.026 0.026
0 0.486 0.531 0.032 0.038
0 0.529 0.553 0.018 0.026
0 0.557 0.562 0.034 0.064
0 0.506 0.594 0.028 0.048
0 0.473 0.648 0.042 0.048
0 0.502 0.697 0.024 0.03
0 0.543 0.673 0.038 0.054
0 0.36 0.629 0.032 0.034
0 0.303 0.64 0.026 0.028
0 0.175 0.994 0.022 0.008
0 0.911 0.832 0.034 0.044
0 0.986 0.918 0.02 0.028
0 0.983 0.953 0.018 0.03
0 0.918 0.987 0.036 0.022
0 0.85 0.878 0.036 0.068
0 0.695 0.836 0.026 0.028
1 0.033 0.972 0.026 0.016
1 0.002 0.824 0.004 0.028
1 0.041 0.737 0.022 0.014
1 0.077 0.777 0.022 0.014
1 0.168 0.9 0.028 0.024
1 0.031 0.082 0.018 0.016
1 0.14 0.102 0.02 0.02
1 0.23 0.045 0.02 0.034
1 0.209 0.109 0.014 0.018
1 0.372 0.01 0.028 0.016
1 0.966 0.03 0.024 0.02
1 0.918 0.089 0.028 0.018
1 0.822 0.079 0.016 0.022
1 0.83 0.095 0.008 0.018
1 0.936 0.206 0.016 0.012
1 0.556 0.089 0.028 0.018
1 0.686 0.249 0.016 0.022
1 0.96 0.307 0.02 0.026
1 0.988 0.302 0.008 0.012
1 0.93 0.312 0.032 0.02
1 0.819 0.377 0.01 0.014
1 0.82 0.402 0.016 0.012
1 0.815 0.364 0.01 0.012
1 0.515 0.199 0.014 0.022
1 0.053 0.398 0.014 0.02
1 0.14 0.369 0.024 0.018
1 0.212 0.426 0.02 0.012
1 0.233 0.428 0.022 0.02
1 0.412 0.413 0.02 0.026
1 0.523 0.327 0.026 0.026
1 0.733 0.448 0.03 0.016
1 0.61 0.475 0.016 0.018
1 0.229 0.52 0.018 0.012
1 0.213 0.592 0.014 0.028
1 0.165 0.608 0.018 0.012
1 0.239 0.747 0.03 0.026
1 0.257 0.745 0.014 0.018
1 0.396 0.879 0.028 0.026
1 0.555 0.907 0.018 0.014
1 0.754 0.792 0.012 0.02
1 0.557 0.488 0.014 0.024
1 0.51 0.664 0.016 0.02
1 0.645 0.7 0.022 0.028
1 0.362 0.511 0.032 0.038
1 0.325 0.581 0.034 0.054
1 0.357 0.581 0.026 0.018
1 0.219 0.914 0.014 0.008
1 0.991 0.845 0.014 0.018
1 0.774 0.829 0.028 0.018
1 0.739 0.829 0.018 0.014
2 0.074 0.757 0.024 0.022
2 0.077 0.072 0.022 0.02
2 0.077 0.145 0.022 0.018
2 0.155 0.162 0.022 0.02
2 0.224 0.197 0.036 0.042
2 0.168 0.211 0.036 0.022
2 0.328 0.093 0.028 0.018
2 0.299 0.044 0.014 0.02
2 0.27 0.064 0.012 0.016
2 0.244 0.015 0.028 0.026
2 0.51 0.02 0.024 0.02
2 0.529 0.022 0.014 0.02
2 0.861 0.011 0.034 0.018
2 0.844 0.089 0.02 0.026
2 0.521 0.049 0.038 0.026
2 0.531 0.076 0.022 0.012
2 0.684 0.178 0.02 0.028
2 0.758 0.213 0.04 0.03
2 0.821 0.224 0.03 0.032
2 0.944 0.399 0.032 0.026
2 0.742 0.294 0.044 0.04
2 0.285 0.238 0.034 0.02
2 0.245 0.318 0.03 0.04
2 0.132 0.404 0.044 0.032
2 0.407 0.453 0.034 0.046
2 0.981 0.504 0.026 0.028
2 0.117 0.526 0.022 0.024
2 0.097 0.592 0.034 0.028
2 0.059 0.642 0.03 0.024
2 0.61 0.343 0.028 0.03
2 0.497 0.31 0.018 0.016
2 0.302 0.162 0.028 0.016
2 0.201 0.862 0.034 0.04
2 0.248 0.86 0.036 0.04
2 0.281 0.948 0.022 0.032
2 0.699 0.56 0.022 0.028
2 0.538 0.716 0.016 0.028
2 0.991 0.804 0.014 0.016
2 0.979 0.857 0.01 0.018
2 0.995 0.896 0.006 0.032
2 0.705 0.892 0.026 0.036
2 0.75 0.98 0.032 0.036
2 0.775 0.938 0.026 0.02
2 0.743 0.868 0.018 0.024
2 0.035 0.124 0.018 0.016
2 0.075 0.107 0.018 0.018
2 0.248 0.168 0.016 0.016
2 0.225 0.076 0.03 0.016
2 0.862 0.083 0.012 0.018
2 0.855 0.21 0.022 0.008
2 0.977 0.222 0.018 0.016
2 0.568 0.279 0.016 0.022
2 0.895 0.542 0.03 0.02
2 0.797 0.898 0.018 0.024
2 0.539 0.827 0.014 0.018
2 0.606 0.865 0.02 0.026
2 0.749 0.946 0.022 0.024