0 0.029 0.942 0.03 0.048
0 0.069 0.972 0.034 0.052
0 0.166 0.958 0.032 0.06
0 0.182 0.936 0.016 0.028
0 0.193 0.922 0.05 0.052
0 0.208 0.914 0.02 0.032
0 0.013 0.856 0.026 0.04
0 0.008 0.667 0.016 0.046
0 0.04 0.729 0.028 0.05
0 0.067 0.679 0.026 0.054
0 0.091 0.678 0.03 0.048
0 0.161 0.731 0.038 0.034
0 0.155 0.684 0.034 0.04
0 0.063 0.606 0.034 0.012
0 0.057 0.551 0.034 0.042
0 0.042 0.506 0.04 0.028
0 0.03 0.482 0.036 0.044
0 0.009 0.315 0.018 0.058
0 0.089 0.095 0.046 0.046
0 0.081 0.042 0.034 0.048
0 0.175 0.017 0.038 0.03
0 0.157 0.067 0.038 0.042
0 0.241 0.126 0.038 0.052
0 0.165 0.159 0.018 0.022
0 0.155 0.195 0.022 0.014
0 0.156 0.177 0.024 0.03
0 0.076 0.182 0.032 0.052
0 0.192 0.225 0.036 0.058
0 0.069 0.33 0.038 0.052
0 0.085 0.375 0.03 0.034
0 0.13 0.35 0.036 0.048
0 0.262 0.903 0.032 0.03
0 0.367 0.991 0.03 0.014
0 0.233 0.83 0.03 0.056
0 0.376 0.923 0.032 0.038
0 0.309 0.835 0.03 0.062
0 0.284 0.782 0.044 0.036
0 0.273 0.753 0.03 0.034
0 0.105 0.567 0.022 0.03
0 0.458 0.992 0.024 0.012
0 0.504 0.983 0.032 0.03
0 0.426 0.869 0.028 0.038
0 0.369 0.817 0.034 0.054
0 0.359 0.776 0.026 0.032
0 0.356 0.755 0.024 0.018
0 0.527 0.952 0.022 0.028
0 0.513 0.888 0.034 0.044
0 0.474 0.798 0.036 0.056
0 0.504 0.782 0.032 0.044
0 0.547 0.781 0.018 0.042
0 0.486 0.718 0.036 0.036
0 0.448 0.679 0.02 0.042
0 0.419 0.698 0.034 0.04
0 0.317 0.663 0.038 0.058
0 0.362 0.671 0.032 0.046
0 0.384 0.635 0.04 0.05
0 0.164 0.477 0.028 0.046
0 0.195 0.45 0.034 0.068
0 0.287 0.412 0.03 0.048
0 0.286 0.33 0.032 0.052
0 0.304 0.22 0.044 0.064
0 0.341 0.157 0.034 0.046
0 0.387 0.078 0.034 0.044
0 0.373 0.063 0.022 0.026
0 0.461 0.087 0.042 0.062
0 0.543 0.039 0.026 0.05
0 0.575 0.034 0.03 0.06
0 0.601 0.026 0.038 0.048
0 0.703 0.06 0.034 0.06
0 0.714 0.097 0.04 0.038
0 0.765 0.032 0.03 0.056
0 0.808 0.033 0.048 0.062
0 0.841 0.008 0.034 0.012
0 0.951 0.004 0.01 0.004
0 0.983 0.07 0.026 0.06
0 0.995 0.135 0.006 0.038
0 0.891 0.137 0.014 0.034
0 0.86 0.176 0.036 0.048
0 0.782 0.229 0.024 0.026
0 0.773 0.193 0.03 0.046
0 0.611 0.219 0.046 0.042
0 0.434 0.146 0.024 0.028
0 0.452 0.146 0.028 0.024
0 0.384 0.168 0.028 0.052
0 0.394 0.216 0.032 0.056
0 0.464 0.219 0.044 0.062
0 0.366 0.295 0.036 0.074
0 0.365 0.346 0.03 0.028
0 0.375 0.387 0.046 0.046
0 0.399 0.429 0.046 0.062
0 0.436 0.414 0.032 0.048
0 0.379 0.553 0.034 0.042
0 0.407 0.514 0.038 0.056
0 0.498 0.329 0.044 0.074
0 0.542 0.298 0.02 0.056
0 0.677 0.299 0.042 0.082
0 0.97 0.205 0.016 0.018
0 0.972 0.189 0.036 0.038
0 0.949 0.237 0.038 0.074
0 0.984 0.291 0.028 0.082
0 0.898 0.32 0.04 0.068
0 0.808 0.31 0.04 0.08
0 0.879 0.385 0.038 0.046
0 0.935 0.417 0.034 0.038
0 0.797 0.399 0.03 0.042
0 0.71 0.467 0.04 0.066
0 0.628 0.472 0.04 0.084
0 0.614 0.515 0.044 0.046
0 0.949 0.49 0.042 0.036
0 0.954 0.53 0.032 0.052
0 0.872 0.521 0.028 0.054
0 0.494 0.531 0.028 0.05
0 0.532 0.55 0.028 0.048
0 0.455 0.61 0.042 0.052
0 0.495 0.622 0.022 0.016
0 0.5 0.653 0.04 0.054
0 0.564 0.66 0.028 0.052
0 0.616 0.659 0.028 0.054
0 0.634 0.67 0.024 0.04
0 0.656 0.675 0.02 0.03
0 0.653 0.587 0.038 0.038
0 0.716 0.669 0.04 0.07
0 0.756 0.649 0.036 0.058
0 0.794 0.65 0.028 0.052
0 0.837 0.617 0.046 0.042
0 0.932 0.654 0.02 0.036
0 0.968 0.682 0.028 0.056
0 0.953 0.724 0.03 0.044
0 0.9 0.76 0.028 0.044
0 0.785 0.748 0.03 0.036
0 0.735 0.807 0.026 0.042
0 0.775 0.845 0.034 0.054
0 0.857 0.81 0.026 0.048
0 0.974 0.8 0.032 0.036
0 0.923 0.841 0.026 0.05
0 0.975 0.863 0.026 0.026
0 0.935 0.893 0.026 0.038
0 0.974 0.913 0.028 0.038
0 0.981 0.966 0.03 0.044
0 0.966 0.987 0.024 0.022
0 0.811 0.898 0.03 0.04
0 0.769 0.91 0.03 0.036
0 0.758 0.946 0.024 0.036
0 0.775 0.958 0.014 0.036
0 0.743 0.986 0.038 0.024
0 0.679 0.922 0.034 0.028
0 0.63 0.888 0.048 0.056
1 0.033 0.824 0.018 0.024
1 0.08 0.71 0.012 0.012
1 0.127 0.749 0.026 0.022
1 0.126 0.762 0.024 0.012
1 0.038 0.606 0.024 0.024
1 0.002 0.445 0.004 0.022
1 0.007 0.228 0.01 0.012
1 0.003 0.202 0.006 0.028
1 0.011 0.161 0.022 0.022
1 0.003 0.135 0.006 0.022
1 0.002 0.05 0.004 0.024
1 0.043 0.063 0.014 0.022
1 0.298 0.047 0.02 0.03
1 0.146 0.85 0.024 0.02
1 0.176 0.885 0.024 0.01
1 0.236 0.67 0.02 0.028
1 0.198 0.618 0.02 0.02
1 0.181 0.607 0.018 0.022
1 0.433 0.913 0.018 0.018
1 0.357 0.861 0.022 0.018
1 0.514 0.94 0.016 0.032
1 0.581 0.783 0.022 0.046
1 0.574 0.749 0.024 0.022
1 0.3 0.616 0.012 0.016
1 0.264 0.583 0.028 0.018
1 0.16 0.52 0.016 0.028
1 0.253 0.447 0.014 0.038
1 0.256 0.3 0.016 0.04
1 0.242 0.346 0.02 0.028
1 0.545 0.079 0.026 0.022
1 0.985 0.006 0.01 0.008
1 0.961 0.123 0.026 0.018
1 0.801 0.136 0.03 0.032
1 0.694 0.149 0.024 0.014
1 0.597 0.128 0.022 0.024
1 0.436 0.219 0.008 0.018
1 0.337 0.398 0.014 0.024
1 0.357 0.488 0.034 0.032
1 0.482 0.488 0.024 0.024
1 0.537 0.423 0.014 0.034
1 0.613 0.291 0.03 0.05
1 0.642 0.285 0.02 0.026
1 0.775 0.266 0.018 0.02
1 0.963 0.446 0.018 0.02
1 0.818 0.411 0.016 0.022
1 0.733 0.409 0.018 0.018
1 0.78 0.605 0.016 0.022
1 0.811 0.66 0.006 0.016
1 0.819 0.645 0.01 0.014
1 0.886 0.694 0.016 0.024
1 0.92 0.807 0.02 0.018
1 0.976 0.887 0.012 0.018
1 0.892 0.986 0.012 0.02
1 0.82 0.957 0.028 0.022
1 0.682 0.945 0.032 0.022
1 0.62 0.939 0.016 0.022
1 0.602 0.843 0.012 0.038
2 0.111 0.948 0.026 0.064
2 0.006 0.382 0.012 0.024
2 0.019 0.063 0.018 0.014
2 0.034 0.085 0.02 0.018
2 0.027 0.114 0.018 0.024
2 0.093 0.013 0.022 0.022
2 0.035 0.21 0.022 0.024
2 0.198 0.819 0.02 0.03
2 0.221 0.73 0.018 0.036
2 0.176 0.623 0.016 0.038
2 0.545 0.967 0.022 0.03
2 0.351 0.703 0.03 0.034
2 0.287 0.626 0.01 0.012
2 0.226 0.554 0.02 0.02
2 0.223 0.568 0.018 0.012
2 0.115 0.528 0.014 0.024
2 0.131 0.47 0.018 0.028
2 0.07 0.472 0.008 0.016
2 0.2 0.349 0.032 0.03
2 0.341 0.084 0.018 0.032
2 0.832 0.144 0.02 0.02
2 0.814 0.157 0.012 0.018
2 0.291 0.552 0.022 0.016
2 0.505 0.245 0.01 0.018
2 0.487 0.27 0.022 0.016
2 0.636 0.372 0.04 0.052
2 0.716 0.408 0.02 0.032
2 0.565 0.458 0.022 0.032
2 0.774 0.665 0.02 0.034
2 0.92 0.65 0.016 0.052
2 0.91 0.658 0.012 0.012
2 0.877 0.679 0.022 0.026
2 0.84 0.728 0.012 0.016
2 0.963 0.878 0.018 0.02
2 0.948 0.938 0.02 0.024
2 0.681 0.881 0.022 0.042
2 0.232 0.995 0.036 0.006
2 0.096 0.992 0.016 0.012
2 0.754 0.527 0.008 0.014
2 0.736 0.528 0.012 0.012