0 0.02 0.2 0.04 0.036
0 0.074 0.188 0.048 0.028
0 0.087 0.155 0.054 0.046
0 0.116 0.127 0.04 0.034
0 0.098 0.255 0.032 0.042
0 0.06 0.33 0.04 0.04
0 0.125 0.323 0.034 0.042
0 0.164 0.28 0.044 0.052
0 0.22 0.308 0.036 0.04
0 0.171 0.375 0.038 0.034
0 0.005 0.442 0.01 0.044
0 0.1 0.445 0.036 0.038
0 0.173 0.443 0.054 0.05
0 0.294 0.11 0.04 0.032
0 0.338 0.052 0.036 0.04
0 0.414 0.058 0.044 0.04
0 0.431 0.013 0.046 0.026
0 0.493 0.014 0.038 0.028
0 0.647 0.008 0.038 0.016
0 0.663 0.03 0.034 0.032
0 0.686 0.006 0.032 0.012
0 0.798 0.01 0.04 0.02
0 0.873 0.008 0.042 0.016
0 0.969 0.008 0.03 0.016
0 0.921 0.062 0.046 0.036
0 0.954 0.138 0.044 0.04
0 0.92 0.158 0.04 0.04
0 0.865 0.126 0.038 0.032
0 0.751 0.087 0.038 0.038
0 0.707 0.124 0.046 0.036
0 0.882 0.19 0.06 0.072
0 0.944 0.272 0.04 0.04
0 0.986 0.417 0.024 0.062
0 0.83 0.323 0.048 0.042
0 0.757 0.349 0.054 0.046
0 0.696 0.357 0.052 0.054
0 0.713 0.42 0.054 0.06
0 0.973 0.62 0.05 0.076
0 0.929 0.592 0.038 0.056
0 0.857 0.642 0.038 0.056
0 0.921 0.7 0.03 0.04
0 0.982 0.862 0.032 0.084
0 0.938 0.814 0.032 0.036
0 0.911 0.838 0.042 0.056
0 0.917 0.983 0.054 0.03
0 0.731 0.976 0.046 0.044
0 0.778 0.831 0.052 0.062
0 0.812 0.794 0.04 0.036
0 0.822 0.836 0.04 0.052
0 0.881 0.778 0.046 0.044
0 0.57 0.98 0.048 0.036
0 0.558 0.943 0.04 0.042
0 0.392 0.975 0.064 0.046
0 0.392 0.913 0.068 0.054
0 0.27 0.927 0.056 0.046
0 0.169 0.963 0.042 0.034
0 0.145 0.932 0.058 0.032
0 0.121 0.959 0.038 0.05
0 0.06 0.98 0.044 0.036
0 0.009 0.895 0.018 0.046
0 0.136 0.858 0.06 0.048
0 0.139 0.776 0.05 0.04
0 0.373 0.829 0.066 0.038
0 0.346 0.848 0.036 0.028
0 0.024 0.7 0.048 0.04
0 0.076 0.687 0.04 0.042
0 0.086 0.627 0.06 0.07
0 0.139 0.627 0.054 0.046
0 0.114 0.541 0.032 0.026
0 0.225 0.587 0.054 0.054
0 0.243 0.71 0.042 0.04
0 0.339 0.71 0.066 0.072
0 0.542 0.767 0.044 0.042
0 0.528 0.752 0.028 0.028
0 0.619 0.742 0.046 0.052
0 0.704 0.704 0.06 0.056
0 0.689 0.657 0.034 0.034
0 0.525 0.669 0.058 0.066
0 0.459 0.642 0.03 0.044
0 0.388 0.617 0.04 0.03
0 0.453 0.6 0.026 0.02
0 0.343 0.584 0.03 0.024
0 0.315 0.546 0.058 0.044
0 0.362 0.535 0.06 0.062
0 0.256 0.43 0.044 0.04
0 0.261 0.384 0.046 0.048
0 0.274 0.358 0.036 0.036
0 0.359 0.479 0.03 0.026
0 0.413 0.494 0.038 0.036
0 0.545 0.586 0.054 0.04
0 0.556 0.625 0.032 0.022
0 0.74 0.611 0.056 0.054
0 0.794 0.586 0.048 0.052
0 0.667 0.537 0.05 0.05
0 0.604 0.509 0.036 0.038
0 0.556 0.493 0.052 0.046
0 0.498 0.404 0.044 0.06
0 0.448 0.407 0.04 0.046
0 0.377 0.327 0.042 0.058
0 0.324 0.254 0.044 0.052
0 0.358 0.181 0.044 0.038
0 0.855 0.551 0.018 0.018
0 0.974 0.423 0.044 0.054
0 0.598 0.273 0.056 0.054
0 0.557 0.244 0.046 0.048
0 0.433 0.23 0.046 0.048
0 0.486 0.079 0.048 0.034
0 0.439 0.146 0.058 0.044
0 0.577 0.197 0.046 0.034
0 0.69 0.222 0.052 0.072
0 0.75 0.211 0.052 0.058
1 0.01 0.076 0.02 0.024
1 0.098 0.052 0.024 0.016
1 0.205 0.089 0.022 0.018
1 0.005 0.342 0.01 0.024
1 0.048 0.425 0.02 0.018
1 0.032 0.412 0.012 0.012
1 0.252 0.069 0.044 0.022
1 0.303 0.056 0.014 0.016
1 0.716 0.004 0.024 0.008
1 0.814 0.091 0.024 0.018
1 0.855 0.22 0.026 0.02
1 0.977 0.225 0.018 0.022
1 0.97 0.376 0.02 0.024
1 0.903 0.346 0.018 0.024
1 0.816 0.294 0.02 0.02
1 0.965 0.715 0.018 0.03
1 0.918 0.738 0.016 0.016
1 0.885 0.874 0.03 0.028
1 0.903 0.918 0.026 0.032
1 0.867 0.941 0.026 0.022
1 0.826 0.947 0.024 0.022
1 0.795 0.771 0.018 0.018
1 0.851 0.818 0.022 0.056
1 0.484 0.906 0.024 0.032
1 0.357 0.94 0.014 0.024
1 0.056 0.873 0.012 0.042
1 0.014 0.836 0.02 0.024
1 0.057 0.816 0.014 0.032
1 0.149 0.885 0.034 0.014
1 0.174 0.771 0.016 0.018
1 0.135 0.733 0.018 0.022
1 0.276 0.791 0.032 0.022
1 0.266 0.811 0.02 0.014
1 0.142 0.578 0.028 0.028
1 0.464 0.81 0.02 0.02
1 0.51 0.789 0.016 0.014
1 0.546 0.738 0.032 0.02
1 0.638 0.85 0.036 0.036
1 0.715 0.942 0.018 0.012
1 0.715 0.729 0.022 0.014
1 0.7 0.739 0.024 0.022
1 0.608 0.668 0.024 0.024
1 0.412 0.598 0.004 0.012
1 0.399 0.644 0.014 0.012
1 0.438 0.611 0.008 0.014
1 0.293 0.475 0.03 0.018
1 0.233 0.403 0.022 0.026
1 0.246 0.643 0.012 0.014
1 0.657 0.577 0.018 0.022
1 0.408 0.399 0.024 0.018
1 0.358 0.332 0.012 0.016
1 0.288 0.213 0.02 0.022
1 0.93 0.505 0.024 0.026
1 0.989 0.487 0.018 0.026
1 0.832 0.451 0.024 0.018
1 0.846 0.522 0.028 0.028
1 0.587 0.334 0.022 0.016
1 0.479 0.217 0.022 0.038
1 0.437 0.208 0.026 0.024
1 0.355 0.09 0.01 0.012
1 0.396 0.084 0.012 0.016
1 0.397 0.1 0.018 0.02
1 0.618 0.115 0.024 0.018
1 0.779 0.231 0.022 0.022
1 0.767 0.248 0.03 0.02
1 0.621 0.694 0.014 0.024
2 0.192 0.141 0.036 0.022
2 0.093 0.351 0.03 0.038
2 0.241 0.197 0.054 0.054
2 0.903 0.024 0.018 0.02
2 0.971 0.07 0.03 0.028
2 0.837 0.177 0.022 0.026
2 0.507 0.929 0.022 0.038
2 0.263 0.616 0.03 0.024
2 0.497 0.864 0.034 0.032
2 0.15 0.708 0.036 0.028
2 0.442 0.421 0.048 0.046
2 0.823 0.527 0.014 0.03
2 0.712 0.545 0.012 0.014
2 0.728 0.548 0.024 0.036
2 0.701 0.518 0.022 0.02
2 0.653 0.445 0.05 0.038
2 0.702 0.451 0.012 0.01
2 0.512 0.288 0.028 0.072
2 0.388 0.224 0.048 0.048
2 0.357 0.132 0.034 0.024
2 0.476 0.118 0.028 0.02
2 0.635 0.165 0.018 0.018
2 0.284 0.315 0.028 0.022
2 0.286 0.273 0.024 0.01
2 0.36 0.293 0.016 0.018
2 0.349 0.311 0.018 0.006
2 0.446 0.828 0.032 0.016
2 0.511 0.737 0.014 0.01
2 0.591 0.662 0.022 0.024
2 0.991 0.526 0.014 0.012
2 0.987 0.559 0.01 0.014
2 0.917 0.475 0.038 0.026
2 0.589 0.362 0.018 0.016
2 0.61 0.385 0.02 0.022
2 0.393 0.376 0.026 0.012
2 0.776 0.891 0.02 0.022
2 0.75 0.974 0.016 0.016
2 0.174 0.123 0.02 0.014