0 0.042 0.059 0.024 0.03
0 0.087 0.053 0.038 0.05
0 0.045 0.111 0.046 0.05
0 0.029 0.182 0.05 0.052
0 0.068 0.178 0.028 0.036
0 0.014 0.251 0.028 0.058
0 0.098 0.202 0.036 0.048
0 0.04 0.335 0.032 0.018
0 0.058 0.375 0.036 0.038
0 0.015 0.457 0.03 0.05
0 0.064 0.414 0.036 0.04
0 0.065 0.446 0.038 0.048
0 0.041 0.479 0.05 0.042
0 0.029 0.614 0.038 0.04
0 0.016 0.75 0.032 0.036
0 0.075 0.721 0.042 0.038
0 0.066 0.737 0.04 0.034
0 0.012 0.838 0.024 0.044
0 0.049 0.806 0.038 0.044
0 0.12 0.88 0.06 0.064
0 0.108 0.929 0.036 0.03
0 0.174 0.933 0.052 0.05
0 0.192 0.903 0.016 0.026
0 0.185 0.982 0.034 0.032
0 0.252 0.98 0.06 0.036
0 0.334 0.991 0.028 0.014
0 0.315 0.934 0.042 0.052
0 0.283 0.895 0.038 0.03
0 0.327 0.869 0.042 0.038
0 0.431 0.989 0.034 0.018
0 0.442 0.925 0.064 0.062
0 0.547 0.976 0.034 0.036
0 0.527 0.913 0.03 0.022
0 0.544 0.901 0.02 0.034
0 0.607 0.881 0.038 0.046
0 0.645 0.975 0.038 0.046
0 0.666 0.872 0.044 0.04
0 0.791 0.961 0.05 0.05
0 0.836 0.986 0.04 0.024
0 0.878 0.973 0.032 0.03
0 0.793 0.904 0.066 0.032
0 0.968 0.889 0.06 0.05
0 0.939 0.771 0.05 0.062
0 0.82 0.766 0.044 0.04
0 0.66 0.781 0.064 0.082
0 0.421 0.871 0.038 0.03
0 0.433 0.836 0.038 0.032
0 0.417 0.777 0.03 0.03
0 0.259 0.751 0.046 0.05
0 0.187 0.697 0.042 0.042
0 0.215 0.647 0.026 0.034
0 0.165 0.597 0.022 0.018
0 0.111 0.573 0.062 0.054
0 0.156 0.546 0.032 0.028
0 0.145 0.505 0.046 0.038
0 0.114 0.511 0.02 0.026
0 0.138 0.427 0.04 0.026
0 0.158 0.452 0.048 0.048
0 0.249 0.369 0.05 0.066
0 0.225 0.397 0.026 0.038
0 0.24 0.416 0.028 0.028
0 0.259 0.39 0.018 0.036
0 0.264 0.532 0.076 0.088
0 0.289 0.596 0.054 0.048
0 0.369 0.605 0.05 0.046
0 0.399 0.53 0.038 0.04
0 0.5 0.495 0.032 0.05
0 0.55 0.483 0.036 0.062
0 0.609 0.507 0.042 0.066
0 0.453 0.691 0.046 0.034
0 0.448 0.735 0.028 0.042
0 0.514 0.7 0.04 0.04
0 0.561 0.741 0.046 0.054
0 0.736 0.696 0.068 0.044
0 0.794 0.621 0.06 0.062
0 0.829 0.483 0.042 0.054
0 0.995 0.53 0.006 0.04
0 0.968 0.393 0.044 0.058
0 0.988 0.371 0.02 0.042
0 0.496 0.621 0.028 0.022
0 0.752 0.482 0.048 0.056
0 0.721 0.402 0.042 0.036
0 0.84 0.34 0.048 0.048
0 0.884 0.329 0.04 0.042
0 0.867 0.284 0.046 0.044
0 0.94 0.25 0.032 0.032
0 0.912 0.31 0.024 0.036
0 0.987 0.164 0.022 0.036
0 0.961 0.148 0.022 0.024
0 0.866 0.152 0.032 0.048
0 0.879 0.163 0.026 0.038
0 0.915 0.06 0.022 0.028
0 0.941 0.042 0.03 0.036
0 0.913 0.024 0.026 0.024
0 0.905 0.012 0.026 0.024
0 0.856 0.021 0.04 0.042
0 0.827 0.006 0.026 0.012
0 0.751 0.005 0.03 0.01
0 0.683 0.015 0.038 0.03
0 0.774 0.097 0.032 0.042
0 0.708 0.16 0.044 0.044
0 0.715 0.208 0.058 0.044
0 0.726 0.26 0.04 0.044
0 0.748 0.246 0.012 0.032
0 0.657 0.3 0.034 0.056
0 0.497 0.379 0.014 0.026
0 0.484 0.314 0.048 0.04
0 0.464 0.224 0.068 0.06
0 0.6 0.174 0.028 0.052
0 0.647 0.157 0.042 0.07
0 0.632 0.072 0.028 0.036
0 0.65 0.042 0.024 0.02
0 0.584 0.051 0.04 0.054
0 0.554 0.024 0.04 0.048
0 0.496 0.117 0.036 0.03
0 0.46 0.099 0.024 0.022
0 0.46 0.011 0.056 0.022
0 0.384 0.047 0.044 0.058
0 0.296 0.006 0.036 0.012
0 0.164 0.153 0.052 0.078
0 0.337 0.19 0.046 0.052
0 0.359 0.246 0.038 0.044
0 0.283 0.307 0.034 0.046
0 0.206 0.222 0.028 0.028
0 0.13 0.232 0.04 0.044
0 0.087 0.274 0.038 0.056
0 0.151 0.411 0.018 0.014
0 0.191 0.402 0.014 0.012
0 0.993 0.098 0.01 0.02
0 0.866 0.121 0.016 0.014
1 0.006 0.03 0.012 0.024
1 0.008 0.378 0.016 0.02
1 0.102 0.384 0.02 0.024
1 0.009 0.67 0.018 0.032
1 0.016 0.796 0.024 0.032
1 0.086 0.815 0.016 0.022
1 0.093 0.86 0.018 0.012
1 0.215 0.874 0.034 0.028
1 0.093 0.971 0.01 0.018
1 0.583 0.876 0.018 0.028
1 0.735 0.983 0.026 0.026
1 0.863 0.851 0.026 0.022
1 0.908 0.888 0.02 0.02
1 0.978 0.751 0.024 0.034
1 0.901 0.7 0.022 0.016
1 0.507 0.814 0.034 0.02
1 0.363 0.794 0.018 0.024
1 0.299 0.775 0.026 0.03
1 0.328 0.762 0.02 0.028
1 0.149 0.649 0.022 0.014
1 0.084 0.514 0.024 0.028
1 0.116 0.471 0.032 0.022
1 0.213 0.413 0.018 0.022
1 0.31 0.434 0.012 0.028
1 0.299 0.555 0.018 0.018
1 0.308 0.609 0.024 0.022
1 0.337 0.591 0.022 0.022
1 0.366 0.527 0.028 0.026
1 0.426 0.489 0.016 0.03
1 0.469 0.521 0.026 0.018
1 0.51 0.556 0.016 0.028
1 0.567 0.539 0.018 0.018
1 0.597 0.71 0.022 0.028
1 0.624 0.71 0.02 0.02
1 0.826 0.546 0.02 0.024
1 0.87 0.51 0.016 0.016
1 0.758 0.545 0.032 0.022
1 0.989 0.432 0.018 0.024
1 0.804 0.663 0.024 0.034
1 0.654 0.658 0.028 0.02
1 0.628 0.583 0.016 0.03
1 0.654 0.574 0.028 0.04
1 0.727 0.467 0.022 0.03
1 0.76 0.396 0.012 0.012
1 0.757 0.408 0.014 0.016
1 0.675 0.415 0.026 0.018
1 0.703 0.35 0.03 0.02
1 0.784 0.337 0.008 0.014
1 0.903 0.288 0.014 0.012
1 0.83 0.246 0.028 0.024
1 0.973 0.119 0.022 0.03
1 0.907 0.104 0.022 0.02
1 0.821 0.087 0.018 0.022
1 0.761 0.13 0.022 0.02
1 0.761 0.065 0.022 0.018
1 0.695 0.076 0.026 0.024
1 0.695 0.111 0.014 0.014
1 0.75 0.212 0.016 0.024
1 0.632 0.312 0.016 0.024
1 0.556 0.306 0.02 0.024
1 0.489 0.253 0.046 0.046
1 0.544 0.181 0.032 0.034
1 0.582 0.218 0.016 0.024
1 0.667 0.042 0.006 0.008
1 0.579 0.102 0.022 0.016
1 0.237 0.054 0.034 0.02
1 0.258 0.104 0.032 0.028
1 0.273 0.135 0.026 0.042
1 0.244 0.271 0.024 0.026
1 0.181 0.258 0.026 0.028
1 0.187 0.241 0.018 0.022
1 0.185 0.205 0.014 0.01
1 0.383 0.383 0.014 0.014
1 0.433 0.269 0.006 0.014
1 0.811 0.12 0.01 0.012
1 0.336 0.739 0.012 0.022
1 0.263 0.491 0.01 0.014
1 0.648 0.833 0.016 0.01
2 0.127 0.021 0.03 0.026
2 0.016 0.321 0.012 0.014
2 0.87 0.822 0.02 0.02
2 0.459 0.547 0.014 0.022
2 0.897 0.533 0.022 0.034
2 0.914 0.524 0.028 0.024
2 0.65 0.215 0.032 0.03
2 0.651 0.239 0.03 0.022
2 0.257 0.014 0.042 0.028
2 0.047 0.927 0.026 0.03
2 0.144 0.85 0.024 0.028
2 0.178 0.816 0.024 0.016
2 0.591 0.777 0.022 0.026
2 0.474 0.073 0.028 0.022
2 0.541 0.274 0.014 0.02
2 0.433 0.316 0.018 0.016
2 0.365 0.367 0.018 0.026
2 0.405 0.367 0.014 0.018
2 0.464 0.41 0.036 0.02
2 0.099 0.103 0.014 0.01
2 0.849 0.546 0.022 0.04
2 0.658 0.645 0.02 0.014
2 0.44 0.426 0.016 0.02
2 0.165 0.196 0.01 0.02
2 0.19 0.506 0.02 0.016
2 0.519 0.134 0.014 0.008
2 0.916 0.686 0.016 0.012
2 0.681 0.496 0.01 0.012
2 0.573 0.447 0.014 0.018
2 0.219 0.953 0.014 0.014
2 0.237 0.955 0.01 0.014
2 0.634 0.671 0.016 0.014
2 0.672 0.677 0.008 0.014
2 0.724 0.649 0.016 0.014