0 0.238 0.44 0.044 0.048
0 0.365 0.36 0.046 0.052
0 0.332 0.411 0.04 0.042
0 0.316 0.456 0.036 0.044
0 0.4 0.495 0.028 0.05
0 0.329 0.508 0.026 0.028
0 0.275 0.539 0.034 0.038
0 0.241 0.492 0.042 0.064
0 0.051 0.989 0.038 0.018
0 0.184 0.988 0.032 0.02
0 0.103 0.957 0.038 0.058
0 0.096 0.901 0.036 0.054
0 0.144 0.901 0.036 0.05
0 0.263 0.891 0.03 0.042
0 0.225 0.772 0.03 0.056
0 0.059 0.803 0.042 0.054
0 0.024 0.752 0.044 0.048
0 0.152 0.79 0.044 0.048
0 0.355 0.978 0.046 0.04
0 0.305 0.982 0.034 0.032
0 0.246 0.988 0.04 0.02
0 0.281 0.973 0.034 0.05
0 0.514 0.982 0.036 0.032
0 0.573 0.97 0.038 0.056
0 0.704 0.985 0.044 0.026
0 0.76 0.833 0.036 0.042
0 0.952 0.884 0.04 0.04
0 0.905 0.88 0.034 0.04
0 0.826 0.8 0.032 0.044
0 0.733 0.788 0.038 0.048
0 0.747 0.744 0.042 0.044
0 0.764 0.65 0.044 0.056
0 0.828 0.705 0.032 0.062
0 0.895 0.662 0.038 0.052
0 0.93 0.769 0.044 0.05
0 0.935 0.843 0.042 0.05
0 0.86 0.873 0.032 0.046
0 0.782 0.729 0.032 0.042
0 0.457 0.869 0.034 0.042
0 0.488 0.902 0.036 0.06
0 0.51 0.884 0.024 0.028
0 0.497 0.72 0.038 0.068
0 0.519 0.738 0.03 0.064
0 0.558 0.729 0.024 0.058
0 0.57 0.831 0.032 0.054
0 0.657 0.705 0.034 0.054
0 0.622 0.477 0.04 0.046
0 0.665 0.453 0.034 0.054
0 0.561 0.436 0.034 0.052
0 0.524 0.45 0.032 0.06
0 0.43 0.429 0.032 0.062
0 0.383 0.27 0.034 0.052
0 0.302 0.37 0.036 0.064
0 0.208 0.378 0.032 0.052
0 0.256 0.324 0.04 0.052
0 0.276 0.282 0.04 0.044
0 0.291 0.239 0.038 0.034
0 0.437 0.198 0.03 0.052
0 0.488 0.275 0.028 0.05
0 0.48 0.192 0.04 0.04
0 0.489 0.231 0.038 0.038
0 0.459 0.306 0.058 0.052
0 0.387 0.404 0.042 0.072
0 0.493 0.499 0.042 0.078
0 0.571 0.537 0.038 0.054
0 0.755 0.572 0.034 0.048
0 0.969 0.679 0.042 0.062
0 0.988 0.624 0.02 0.052
0 0.816 0.446 0.04 0.04
0 0.708 0.369 0.036 0.058
0 0.744 0.37 0.032 0.044
0 0.803 0.404 0.038 0.04
0 0.803 0.364 0.054 0.04
0 0.889 0.424 0.03 0.064
0 0.855 0.503 0.042 0.042
0 0.911 0.512 0.038 0.04
0 0.8 0.573 0.036 0.046
0 0.952 0.623 0.04 0.066
0 0.629 0.428 0.034 0.044
0 0.638 0.347 0.04 0.07
0 0.661 0.361 0.03 0.054
0 0.721 0.287 0.05 0.05
0 0.791 0.238 0.038 0.04
0 0.926 0.32 0.044 0.056
0 0.839 0.284 0.034 0.052
0 0.985 0.436 0.026 0.052
0 0.976 0.556 0.036 0.036
0 0.354 0.561 0.036 0.05
0 0.437 0.634 0.042 0.048
0 0.426 0.712 0.028 0.064
0 0.169 0.485 0.034 0.062
0 0.093 0.56 0.046 0.048
0 0.037 0.409 0.042 0.066
0 0.649 0.838 0.038 0.048
0 0.66 0.582 0.036 0.044
0 0.808 0.082 0.036 0.064
0 0.748 0.117 0.036 0.046
0 0.866 0.047 0.04 0.062
0 0.911 0.049 0.03 0.078
0 0.944 0.051 0.028 0.058
0 0.988 0.102 0.016 0.052
0 0.61 0.076 0.04 0.04
0 0.509 0.133 0.034 0.058
0 0.544 0.174 0.032 0.048
0 0.778 0.313 0.028 0.042
0 0.154 0.146 0.032 0.048
0 0.198 0.229 0.04 0.054
0 0.298 0.019 0.036 0.034
0 0.356 0.044 0.04 0.064
0 0.423 0.086 0.03 0.068
0 0.615 0.031 0.038 0.042
0 0.922 0.163 0.032 0.038
0 0.945 0.182 0.038 0.04
0 0.048 0.06 0.04 0.06
0 0.019 0.093 0.038 0.05
0 0.021 0.253 0.042 0.054
0 0.04 0.291 0.036 0.05
0 0.079 0.285 0.034 0.054
0 0.108 0.305 0.028 0.074
0 0.114 0.403 0.028 0.05
0 0.091 0.434 0.026 0.056
0 0.102 0.496 0.036 0.044
0 0.351 0.625 0.05 0.054
0 0.376 0.799 0.02 0.038
0 0.373 0.738 0.038 0.072
0 0.347 0.774 0.042 0.052
0 0.3 0.752 0.044 0.048
0 0.142 0.542 0.04 0.06
0 0.601 0.689 0.038 0.066
0 0.527 0.597 0.038 0.066
0 0.102 0.725 0.036 0.05
0 0.509 0.623 0.03 0.05
0 0.177 0.313 0.03 0.046
0 0.434 0.018 0.028 0.032
0 0.834 0.185 0.04 0.042
0 0.574 0.301 0.032 0.066
0 0.197 0.805 0.038 0.042
0 0.168 0.71 0.036 0.076
0 0.218 0.704 0.036 0.048
0 0.27 0.704 0.028 0.044
0 0.486 0.966 0.028 0.044
0 0.193 0.628 0.042 0.052
0 0.267 0.63 0.034 0.048
0 0.235 0.623 0.034 0.046
0 0.254 0.611 0.028 0.042
0 0.727 0.588 0.026 0.052
0 0.818 0.525 0.044 0.066
0 0.872 0.827 0.028 0.042
0 0.88 0.771 0.032 0.03
0 0.62 0.53 0.036 0.044
0 0.779 0.696 0.038 0.024
0 0.19 0.551 0.024 0.038
0 0.131 0.362 0.03 0.048
0 0.301 0.689 0.03 0.046
0 0.289 0.714 0.026 0.024
0 0.133 0.452 0.034 0.052
0 0.029 0.817 0.03 0.042
0 0.008 0.831 0.016 0.042
0 0.228 0.357 0.024 0.05
0 0.911 0.714 0.034 0.04
0 0.35 0.221 0.02 0.03
0 0.016 0.184 0.032 0.048
0 0.072 0.207 0.028 0.034
0 0.044 0.198 0.024 0.028
0 0.053 0.177 0.034 0.038
0 0.118 0.126 0.032 0.048
0 0.332 0.106 0.04 0.048
0 0.317 0.279 0.042 0.054
0 0.014 0.57 0.028 0.036
0 0.006 0.549 0.012 0.03
0 0.004 0.526 0.008 0.02
0 0.123 0.045 0.034 0.054
0 0.255 0.098 0.054 0.044
0 0.383 0.126 0.03 0.056
0 0.458 0.101 0.024 0.058
0 0.883 0.378 0.026 0.04
0 0.92 0.427 0.032 0.034
0 0.947 0.462 0.022 0.044
0 0.847 0.115 0.042 0.042
0 0.866 0.11 0.028 0.04
0 0.947 0.106 0.034 0.044
0 0.704 0.21 0.04 0.064
0 0.754 0.21 0.032 0.044
0 0.746 0.192 0.02 0.036
0 0.698 0.123 0.028 0.046
0 0.654 0.128 0.028 0.032
0 0.633 0.056 0.03 0.04
0 0.716 0.04 0.032 0.056
0 0.74 0.032 0.012 0.028
0 0.702 0.021 0.036 0.038
0 0.36 0.121 0.028 0.05
0 0.378 0.09 0.024 0.04
0 0.008 0.354 0.016 0.048
0 0.567 0.149 0.03 0.046
0 0.592 0.166 0.032 0.064
1 0.784 0.943 0.024 0.03
1 0.653 0.924 0.022 0.024
1 0.223 0.959 0.018 0.03
1 0.249 0.947 0.01 0.018
1 0.258 0.942 0.008 0.02
1 0.27 0.949 0.012 0.026
1 0.37 0.894 0.02 0.024
1 0.409 0.895 0.026 0.022
1 0.371 0.841 0.014 0.018
1 0.382 0.844 0.012 0.02
1 0.474 0.837 0.024 0.022
1 0.193 0.84 0.018 0.028
1 0.218 0.851 0.008 0.014
1 0.225 0.847 0.01 0.014
1 0.265 0.667 0.022 0.042
1 0.509 0.928 0.014 0.02
1 0.761 0.987 0.022 0.022
1 0.835 0.985 0.018 0.022
1 0.801 0.969 0.018 0.022
1 0.766 0.955 0.012 0.018
1 0.652 0.899 0.032 0.018
1 0.631 0.926 0.026 0.036
1 0.678 0.875 0.02 0.026
1 0.659 0.862 0.018 0.02
1 0.7 0.964 0.024 0.028
1 0.939 0.36 0.022 0.028
1 0.195 0.662 0.018 0.024
1 0.545 0.707 0.018 0.046
1 0.68 0.779 0.02 0.026
1 0.661 0.797 0.018 0.026
1 0.796 0.783 0.02 0.022
1 0.785 0.799 0.014 0.022
1 0.622 0.716 0.028 0.04
1 0.701 0.708 0.014 0.04
1 0.648 0.605 0.02 0.026
1 0.87 0.55 0.02 0.02
1 0.888 0.986 0.02 0.024
1 0.937 0.972 0.026 0.048
1 0.963 0.846 0.014 0.032
1 0.991 0.824 0.014 0.032
1 0.983 0.783 0.018 0.022
1 0.492 0.548 0.024 0.024
1 0.671 0.532 0.014 0.024
1 0.76 0.701 0.02 0.026
1 0.751 0.711 0.01 0.018
1 0.571 0.369 0.022 0.034
1 0.597 0.382 0.018 0.036
1 0.587 0.233 0.026 0.026
1 0.653 0.295 0.026 0.03
1 0.247 0.56 0.026 0.028
1 0.164 0.377 0.02 0.026
1 0.168 0.345 0.02 0.026
1 0.15 0.322 0.012 0.02
1 0.057 0.666 0.018 0.024
1 0.08 0.614 0.028 0.032
1 0.18 0.436 0.02 0.024
1 0.144 0.987 0.016 0.022
1 0.278 0.36 0.012 0.012
1 0.838 0.667 0.02 0.022
1 0.462 0.39 0.028 0.032
1 0.162 0.192 0.024 0.032
1 0.256 0.202 0.024 0.032
1 0.233 0.197 0.018 0.042
1 0.306 0.211 0.04 0.022
1 0.08 0.131 0.02 0.022
1 0.35 0.287 0.02 0.034
1 0.014 0.49 0.028 0.032
1 0.035 0.465 0.022 0.022
1 0.161 0.063 0.026 0.026
1 0.392 0.154 0.012 0.012
1 0.435 0.148 0.018 0.016
1 0.485 0.119 0.014 0.03
1 0.692 0.405 0.02 0.046
1 0.746 0.491 0.016 0.038
1 0.95 0.519 0.02 0.018
1 0.952 0.501 0.008 0.014
1 0.925 0.487 0.026 0.014
1 0.954 0.312 0.036 0.04
1 0.967 0.308 0.026 0.032
1 0.948 0.267 0.016 0.034
1 0.963 0.087 0.018 0.022
1 0.975 0.177 0.018 0.034
1 0.75 0.149 0.02 0.026
1 0.44 0.382 0.016 0.028
1 0.534 0.267 0.02 0.01
1 0.538 0.254 0.016 0.02
1 0.542 0.086 0.02 0.024
1 0.546 0.064 0.02 0.02
1 0.582 0.076 0.012 0.02
1 0.498 0.065 0.02 0.022
1 0.685 0.149 0.018 0.018
1 0.624 0.097 0.016 0.022
1 0.592 0.013 0.016 0.022
1 0.332 0.07 0.028 0.024
1 0.482 0.012 0.036 0.02
1 0.488 0.038 0.024 0.024
1 0.046 0.328 0.028 0.024
1 0.147 0.253 0.018 0.054
1 0.599 0.189 0.022 0.014
1 0.611 0.162 0.018 0.02
1 0.864 0.227 0.024 0.042
1 0.171 0.158 0.022 0.028
1 0.426 0.052 0.016 0.032
1 0.483 0.064 0.014 0.024
1 0.323 0.199 0.018 0.022
1 0.338 0.209 0.012 0.014
1 0.011 0.616 0.022 0.02
1 0.202 0.869 0.016 0.026
1 0.566 0.08 0.02 0.024
1 0.583 0.115 0.01 0.014
1 0.193 0.014 0.014 0.02
1 0.193 0.033 0.01 0.014
1 0.221 0.012 0.022 0.02
2 0.613 0.619 0.022 0.038
2 0.406 0.624 0.02 0.028
2 0.073 0.94 0.022 0.04
2 0.364 0.491 0.028 0.034
2 0.463 0.034 0.018 0.044
2 0.789 0.191 0.022 0.03
2 0.066 0.436 0.016 0.044
2 0.589 0.46 0.014 0.024