0 0.273 0.643 0.046 0.07
0 0.339 0.66 0.046 0.072
0 0.367 0.637 0.042 0.046
0 0.047 0.569 0.042 0.054
0 0.08 0.547 0.044 0.054
0 0.086 0.499 0.044 0.05
0 0.173 0.469 0.046 0.078
0 0.02 0.452 0.04 0.064
0 0.038 0.379 0.036 0.062
0 0.094 0.405 0.036 0.058
0 0.129 0.364 0.042 0.06
0 0.101 0.685 0.038 0.054
0 0.186 0.764 0.048 0.056
0 0.047 0.912 0.046 0.056
0 0.08 0.828 0.032 0.044
0 0.07 0.763 0.032 0.05
0 0.219 0.961 0.042 0.07
0 0.291 0.976 0.054 0.044
0 0.277 0.872 0.038 0.064
0 0.194 0.881 0.044 0.054
0 0.193 0.704 0.042 0.06
0 0.17 0.724 0.024 0.032
0 0.266 0.756 0.056 0.068
0 0.358 0.801 0.056 0.062
0 0.332 0.767 0.024 0.042
0 0.43 0.816 0.044 0.048
0 0.423 0.855 0.042 0.054
0 0.401 0.923 0.038 0.046
0 0.164 0.582 0.048 0.072
0 0.051 0.629 0.038 0.05
0 0.021 0.983 0.038 0.03
0 0.074 0.991 0.036 0.014
0 0.484 0.932 0.056 0.06
0 0.426 0.988 0.04 0.02
0 0.577 0.984 0.05 0.028
0 0.691 0.967 0.034 0.046
0 0.748 0.976 0.044 0.044
0 0.682 0.913 0.048 0.062
0 0.72 0.883 0.032 0.034
0 0.709 0.848 0.026 0.032
0 0.743 0.862 0.042 0.06
0 0.794 0.837 0.044 0.046
0 0.81 0.886 0.04 0.052
0 0.923 0.904 0.038 0.048
0 0.908 0.951 0.044 0.054
0 0.647 0.806 0.046 0.072
0 0.715 0.757 0.05 0.07
0 0.735 0.707 0.046 0.05
0 0.783 0.728 0.054 0.052
0 0.423 0.732 0.042 0.076
0 0.383 0.726 0.038 0.06
0 0.492 0.727 0.044 0.07
0 0.605 0.727 0.042 0.05
0 0.715 0.665 0.03 0.03
0 0.673 0.598 0.046 0.064
0 0.69 0.561 0.044 0.038
0 0.674 0.513 0.04 0.046
0 0.441 0.901 0.038 0.042
0 0.627 0.841 0.038 0.054
0 0.423 0.615 0.042 0.074
0 0.517 0.675 0.03 0.046
0 0.528 0.648 0.036 0.036
0 0.548 0.622 0.068 0.072
0 0.584 0.514 0.048 0.056
0 0.283 0.275 0.042 0.054
0 0.249 0.253 0.022 0.026
0 0.295 0.232 0.05 0.044
0 0.367 0.18 0.03 0.052
0 0.472 0.214 0.04 0.056
0 0.352 0.584 0.036 0.056
0 0.303 0.495 0.054 0.054
0 0.263 0.395 0.038 0.05
0 0.355 0.463 0.026 0.038
0 0.415 0.369 0.042 0.042
0 0.364 0.277 0.044 0.054
0 0.252 0.151 0.044 0.062
0 0.226 0.091 0.036 0.054
0 0.227 0.038 0.05 0.048
0 0.042 0.33 0.044 0.068
0 0.018 0.212 0.036 0.048
0 0.016 0.141 0.032 0.054
0 0.036 0.126 0.04 0.06
0 0.384 0.513 0.028 0.042
0 0.065 0.205 0.042 0.054
0 0.578 0.364 0.044 0.056
0 0.651 0.26 0.034 0.052
0 0.697 0.263 0.046 0.066
0 0.773 0.369 0.058 0.074
0 0.814 0.394 0.044 0.044
0 0.299 0.322 0.042 0.04
0 0.524 0.159 0.048 0.062
0 0.577 0.287 0.042 0.058
0 0.599 0.265 0.042 0.066
0 0.803 0.56 0.078 0.068
0 0.903 0.546 0.034 0.044
0 0.882 0.518 0.036 0.032
0 0.848 0.464 0.056 0.064
0 0.86 0.447 0.056 0.042
0 0.972 0.848 0.052 0.044
0 0.873 0.786 0.05 0.052
0 0.893 0.673 0.05 0.05
0 0.989 0.721 0.018 0.042
0 0.995 0.762 0.006 0.044
0 0.469 0.028 0.042 0.052
0 0.531 0.012 0.046 0.02
0 0.615 0.095 0.026 0.054
0 0.695 0.444 0.026 0.028
0 0.68 0.407 0.028 0.03
0 0.767 0.446 0.03 0.032
0 0.201 0.263 0.05 0.066
0 0.238 0.219 0.02 0.022
0 0.761 0.626 0.054 0.068
0 0.852 0.568 0.024 0.036
0 0.311 0.131 0.03 0.034
0 0.267 0.136 0.03 0.044
0 0.965 0.03 0.046 0.044
0 0.983 0.123 0.03 0.042
0 0.995 0.163 0.006 0.038
0 0.54 0.907 0.028 0.034
0 0.521 0.911 0.026 0.074
0 0.767 0.694 0.026 0.024
0 0.942 0.718 0.04 0.036
0 0.953 0.75 0.038 0.032
0 0.977 0.602 0.042 0.064
0 0.077 0.023 0.038 0.042
0 0.016 0.014 0.028 0.024
0 0.245 0.021 0.05 0.038
0 0.322 0.043 0.024 0.03
0 0.368 0.022 0.024 0.036
0 0.323 0.225 0.03 0.046
0 0.338 0.42 0.028 0.036
0 0.783 0.767 0.038 0.03
0 0.45 0.712 0.036 0.044
1 0.321 0.6 0.022 0.032
1 0.176 0.361 0.024 0.03
1 0.202 0.376 0.02 0.028
1 0.225 0.302 0.018 0.02
1 0.247 0.317 0.022 0.022
1 0.097 0.865 0.022 0.026
1 0.093 0.785 0.022 0.022
1 0.255 0.916 0.022 0.02
1 0.215 0.747 0.014 0.014
1 0.949 0.911 0.014 0.026
1 0.846 0.957 0.02 0.038
1 0.556 0.706 0.028 0.028
1 0.48 0.582 0.024 0.02
1 0.345 0.593 0.01 0.01
1 0.277 0.45 0.03 0.032
1 0.375 0.849 0.03 0.026
1 0.608 0.329 0.02 0.022
1 0.923 0.771 0.022 0.026
1 0.629 0.616 0.014 0.036
1 0.75 0.583 0.028 0.022
1 0.737 0.521 0.026 0.022
1 0.533 0.437 0.026 0.03
1 0.642 0.882 0.02 0.024
1 0.667 0.471 0.014 0.014
1 0.436 0.139 0.028 0.034
1 0.43 0.108 0.024 0.024
1 0.441 0.299 0.022 0.022
1 0.109 0.621 0.018 0.042
1 0.093 0.598 0.022 0.036
1 0.487 0.777 0.022 0.018
1 0.49 0.976 0.02 0.02
1 0.619 0.947 0.014 0.018
1 0.721 0.821 0.03 0.018
1 0.627 0.769 0.026 0.03
1 0.916 0.716 0.016 0.032
1 0.045 0.037 0.022 0.034
1 0.121 0.072 0.01 0.024
1 0.332 0.058 0.024 0.028
1 0.332 0.01 0.02 0.016
1 0.444 0.048 0.028 0.024
1 0.386 0.058 0.024 0.032
1 0.355 0.242 0.014 0.02
1 0.51 0.373 0.024 0.022
1 0.307 0.439 0.018 0.03
1 0.309 0.388 0.022 0.024
1 0.924 0.638 0.028 0.024
1 0.789 0.781 0.018 0.018
2 0.115 0.963 0.026 0.018
2 0.17 0.818 0.02 0.02
2 0.333 0.914 0.022 0.048
2 0.355 0.945 0.026 0.018
2 0.876 0.862 0.048 0.068
2 0.55 0.551 0.032 0.022
2 0.792 0.317 0.028 0.042
2 0.759 0.294 0.034 0.032
2 0.744 0.248 0.032 0.06
2 0.868 0.416 0.028 0.024
2 0.846 0.397 0.016 0.022
2 0.875 0.385 0.03 0.034
2 0.892 0.364 0.032 0.028
2 0.941 0.429 0.034 0.034
2 0.792 0.096 0.032 0.036
2 0.835 0.085 0.054 0.022
2 0.604 0.877 0.02 0.018
2 0.984 0.188 0.028 0.04
2 0.968 0.138 0.032 0.048
2 0.541 0.962 0.014 0.028
2 0.365 0.885 0.03 0.026
2 0.368 0.334 0.028 0.024
2 0.333 0.393 0.014 0.018
2 0.317 0.419 0.018 0.042
2 0.399 0.645 0.018 0.026
2 0.396 0.602 0.008 0.016
2 0.236 0.665 0.024 0.034