0 0.16 0.049 0.044 0.054
0 0.46 0.118 0.048 0.064
0 0.559 0.044 0.054 0.068
0 0.04 0.033 0.024 0.066
0 0.111 0.144 0.026 0.04
0 0.057 0.099 0.026 0.05
0 0.126 0.006 0.032 0.012
0 0.15 0.129 0.024 0.046
0 0.263 0.081 0.034 0.042
0 0.296 0.086 0.036 0.044
0 0.126 0.252 0.032 0.04
0 0.278 0.168 0.036 0.032
0 0.333 0.205 0.038 0.042
0 0.642 0.015 0.056 0.03
0 0.007 0.26 0.014 0.04
0 0.608 0.542 0.044 0.072
0 0.715 0.696 0.058 0.056
0 0.495 0.736 0.034 0.048
0 0.344 0.258 0.048 0.04
0 0.703 0.218 0.038 0.06
0 0.567 0.282 0.042 0.048
0 0.203 0.038 0.026 0.036
0 0.108 0.226 0.028 0.036
0 0.909 0.876 0.038 0.056
0 0.318 0.695 0.036 0.038
0 0.142 0.498 0.036 0.04
0 0.138 0.666 0.032 0.04
0 0.159 0.363 0.038 0.042
0 0.294 0.427 0.028 0.042
0 0.403 0.302 0.038 0.06
0 0.517 0.161 0.034 0.03
0 0.346 0.815 0.048 0.034
0 0.208 0.932 0.06 0.076
0 0.99 0.905 0.016 0.038
0 0.992 0.952 0.012 0.036
0 0.911 0.959 0.078 0.07
0 0.229 0.411 0.034 0.05
0 0.491 0.67 0.042 0.036
0 0.423 0.864 0.046 0.06
0 0.446 0.882 0.036 0.04
0 0.389 0.973 0.07 0.05
0 0.485 0.373 0.038 0.046
0 0.632 0.358 0.04 0.044
0 0.501 0.237 0.034 0.046
0 0.877 0.025 0.034 0.042
0 0.964 0.061 0.032 0.046
0 0.892 0.196 0.04 0.044
0 0.085 0.367 0.038 0.038
0 0.348 0.352 0.036 0.06
0 0.415 0.426 0.038 0.036
0 0.446 0.431 0.036 0.038
0 0.266 0.15 0.032 0.036
0 0.395 0.008 0.03 0.016
0 0.464 0.009 0.04 0.018
0 0.213 0.236 0.03 0.024
0 0.341 0.077 0.03 0.042
0 0.403 0.248 0.03 0.04
0 0.389 0.186 0.034 0.048
0 0.486 0.331 0.032 0.034
0 0.564 0.244 0.044 0.04
0 0.403 0.494 0.042 0.056
0 0.091 0.795 0.034 0.03
0 0.082 0.83 0.044 0.036
0 0.303 0.798 0.062 0.032
0 0.125 0.978 0.026 0.024
0 0.388 0.539 0.04 0.05
0 0.089 0.49 0.03 0.036
0 0.113 0.476 0.038 0.024
0 0.189 0.793 0.058 0.026
0 0.032 0.688 0.04 0.02
0 0.007 0.78 0.014 0.024
0 0.056 0.864 0.04 0.04
0 0.086 0.862 0.024 0.016
0 0.267 0.369 0.014 0.038
0 0.331 0.882 0.074 0.048
0 0.234 0.894 0.028 0.044
0 0.1 0.302 0.036 0.052
0 0.247 0.673 0.03 0.022
0 0.351 0.658 0.03 0.024
0 0.81 0.133 0.028 0.03
0 0.865 0.207 0.03 0.042
0 0.898 0.356 0.032 0.048
0 0.93 0.351 0.036 0.046
0 0.845 0.516 0.038 0.052
0 0.873 0.532 0.042 0.044
0 0.918 0.528 0.044 0.06
0 0.955 0.468 0.046 0.04
0 0.827 0.264 0.038 0.06
0 0.917 0.569 0.05 0.03
0 0.819 0.329 0.038 0.046
0 0.956 0.153 0.04 0.038
0 0.738 0.214 0.036 0.072
0 0.633 0.423 0.034 0.034
0 0.522 0.663 0.04 0.034
0 0.55 0.626 0.056 0.04
0 0.624 0.7 0.044 0.028
0 0.614 0.834 0.036 0.056
0 0.682 0.795 0.028 0.042
0 0.323 0.168 0.034 0.028
0 0.63 0.938 0.064 0.044
0 0.863 0.812 0.042 0.056
0 0.892 0.817 0.024 0.026
0 0.99 0.698 0.016 0.06
0 0.59 0.672 0.032 0.024
0 0.602 0.428 0.04 0.052
0 0.663 0.453 0.042 0.054
0 0.925 0.63 0.038 0.036
0 0.86 0.062 0.036 0.048
0 0.924 0.179 0.032 0.03
0 0.973 0.187 0.042 0.054
0 0.774 0.173 0.032 0.042
0 0.772 0.367 0.028 0.058
0 0.63 0.614 0.024 0.028
0 0.465 0.724 0.03 0.068
0 0.431 0.733 0.034 0.042
0 0.661 0.902 0.046 0.048
0 0.349 0.157 0.026 0.05
0 0.014 0.991 0.028 0.014
0 0.005 0.81 0.01 0.024
0 0.312 0.311 0.032 0.07
0 0.485 0.039 0.038 0.062
0 0.53 0.005 0.02 0.01
0 0.521 0.095 0.022 0.034
0 0.846 0.861 0.068 0.058
0 0.683 0.928 0.046 0.044
0 0.975 0.015 0.046 0.03
0 0.311 0.841 0.066 0.026
0 0.042 0.464 0.036 0.056
0 0.463 0.925 0.054 0.046
0 0.559 0.842 0.03 0.024
0 0.562 0.15 0.028 0.048
0 0.721 0.166 0.026 0.036
0 0.767 0.239 0.026 0.018
0 0.725 0.552 0.03 0.044
0 0.28 0.563 0.032 0.042
0 0.284 0.524 0.028 0.056
0 0.301 0.576 0.03 0.04
0 0.543 0.328 0.054 0.04
0 0.641 0.871 0.042 0.066
0 0.028 0.581 0.028 0.046
0 0.151 0.31 0.034 0.04
0 0.198 0.308 0.04 0.044
0 0.23 0.532 0.032 0.04
0 0.661 0.066 0.03 0.048
0 0.443 0.202 0.034 0.064
0 0.14 0.41 0.028 0.044
0 0.043 0.607 0.026 0.034
0 0.754 0.887 0.044 0.05
0 0.739 0.616 0.034 0.056
0 0.635 0.839 0.026 0.034
0 0.797 0.532 0.034 0.048
0 0.96 0.255 0.048 0.058
0 0.574 0.877 0.064 0.054
0 0.496 0.448 0.036 0.036
0 0.702 0.617 0.04 0.03
0 0.76 0.621 0.036 0.074
0 0.587 0.613 0.05 0.062
0 0.995 0.532 0.006 0.032
1 0.195 0.601 0.026 0.022
1 0.158 0.255 0.024 0.022
1 0.218 0.067 0.016 0.022
1 0.563 0.189 0.018 0.018
1 0.096 0.189 0.016 0.022
1 0.126 0.197 0.02 0.026
1 0.256 0.966 0.02 0.024
1 0.045 0.929 0.022 0.026
1 0.412 0.615 0.02 0.03
1 0.066 0.792 0.028 0.032
1 0.243 0.718 0.038 0.032
1 0.194 0.147 0.024 0.026
1 0.613 0.144 0.026 0.024
1 0.182 0.121 0.028 0.03
1 0.297 0.009 0.026 0.018
1 0.179 0.007 0.018 0.014
1 0.232 0.014 0.028 0.028
1 0.022 0.3 0.024 0.032
1 0.01 0.378 0.02 0.032
1 0.121 0.853 0.03 0.034
1 0.028 0.878 0.032 0.04
1 0.443 0.975 0.026 0.018
1 0.319 0.986 0.026 0.02
1 0.064 0.696 0.028 0.028
1 0.765 0.754 0.038 0.032
1 0.147 0.835 0.034 0.026
1 0.471 0.578 0.034 0.036
1 0.854 0.381 0.032 0.038
1 0.698 0.011 0.028 0.022
1 0.66 0.829 0.016 0.022
1 0.863 0.65 0.022 0.028
1 0.802 0.921 0.02 0.022
1 0.704 0.481 0.032 0.034
1 0.958 0.668 0.032 0.024
1 0.807 0.421 0.026 0.038
1 0.989 0.38 0.018 0.02
1 0.007 0.558 0.014 0.052
1 0.991 0.275 0.014 0.078
1 0.562 0.369 0.032 0.03
1 0.8 0.787 0.024 0.018
1 0.609 0.091 0.026 0.038
1 0.395 0.778 0.022 0.024
1 0.419 0.8 0.046 0.032
1 0.753 0.8 0.038 0.024
1 0.598 0.732 0.02 0.028
1 0.791 0.476 0.022 0.02
1 0.301 0.246 0.022 0.028
1 0.285 0.226 0.022 0.028
1 0.215 0.436 0.018 0.032
2 0.232 0.846 0.016 0.012
2 0.253 0.475 0.026 0.026
2 0.333 0.551 0.022 0.042
2 0.104 0.602 0.016 0.012
2 0.042 0.2 0.024 0.048
2 0.284 0.615 0.016 0.026
2 0.132 0.938 0.02 0.016
2 0.312 0.488 0.028 0.02
2 0.037 0.242 0.014 0.012
2 0.346 0.713 0.008 0.014
2 0.144 0.867 0.012 0.014
2 0.889 0.233 0.038 0.018
2 0.667 0.177 0.018 0.022
2 0.324 0.005 0.012 0.01
2 0.492 0.122 0.02 0.036
2 0.094 0.428 0.044 0.024
2 0.411 0.18 0.018 0.028
2 0.322 0.756 0.044 0.032
2 0.41 0.57 0.024 0.024
2 0.212 0.748 0.024 0.02
2 0.002 0.861 0.004 0.014
2 0.362 0.918 0.028 0.02
2 0.212 0.683 0.036 0.022
2 0.023 0.655 0.026 0.026
2 0.132 0.719 0.04 0.026
2 0.975 0.42 0.014 0.016
2 0.986 0.355 0.012 0.01
2 0.923 0.425 0.018 0.022
2 0.872 0.158 0.028 0.032
2 0.884 0.094 0.024 0.032
2 0.879 0.313 0.026 0.034
2 0.814 0.191 0.024 0.03
2 0.7 0.279 0.032 0.042
2 0.722 0.376 0.012 0.012
2 0.727 0.847 0.01 0.01
2 0.737 0.961 0.014 0.006
2 0.856 0.981 0.016 0.014
2 0.93 0.994 0.024 0.008
2 0.992 0.984 0.012 0.016
2 0.64 0.518 0.016 0.028
2 0.378 0.464 0.028 0.028
2 0.799 0.676 0.018 0.02
2 0.915 0.736 0.022 0.02
2 0.937 0.758 0.038 0.024
2 0.779 0.055 0.034 0.034
2 0.564 0.8 0.024 0.02
2 0.49 0.808 0.04 0.024
2 0.823 0.938 0.03 0.02
2 0.799 0.386 0.03 0.032
2 0.637 0.752 0.01 0.04
2 0.032 0.972 0.016 0.052
2 0.176 0.514 0.032 0.032
2 0.508 0.483 0.028 0.026
2 0.415 0.916 0.046 0.048
2 0.496 0.949 0.024 0.03
2 0.567 0.929 0.042 0.03
2 0.572 0.957 0.016 0.014
2 0.756 0.977 0.064 0.042
2 0.198 0.427 0.028 0.034
2 0.763 0.542 0.026 0.02