0 0.528 0.734 0.056 0.08
0 0.978 0.054 0.04 0.052
0 0.92 0.085 0.032 0.046
0 0.879 0.045 0.05 0.046
0 0.813 0.04 0.03 0.052
0 0.792 0.014 0.036 0.028
0 0.697 0.009 0.03 0.018
0 0.582 0.013 0.032 0.026
0 0.491 0.011 0.038 0.022
0 0.423 0.015 0.038 0.03
0 0.455 0.033 0.042 0.062
0 0.338 0.031 0.032 0.042
0 0.333 0.091 0.046 0.05
0 0.298 0.114 0.044 0.06
0 0.297 0.179 0.05 0.066
0 0.275 0.24 0.038 0.06
0 0.174 0.157 0.044 0.07
0 0.212 0.135 0.032 0.03
0 0.142 0.109 0.036 0.058
0 0.099 0.035 0.03 0.054
0 0.082 0.081 0.036 0.058
0 0.119 0.141 0.038 0.078
0 0.053 0.157 0.038 0.066
0 0.009 0.145 0.014 0.042
0 0.409 0.152 0.042 0.056
0 0.391 0.181 0.042 0.058
0 0.549 0.089 0.034 0.042
0 0.566 0.098 0.032 0.036
0 0.624 0.182 0.04 0.056
0 0.629 0.218 0.038 0.04
0 0.734 0.136 0.04 0.04
0 0.784 0.219 0.044 0.058
0 0.865 0.253 0.038 0.054
0 0.874 0.125 0.032 0.054
0 0.893 0.346 0.038 0.052
0 0.831 0.334 0.038 0.056
0 0.974 0.34 0.048 0.06
0 0.977 0.429 0.042 0.062
0 0.821 0.479 0.034 0.046
0 0.841 0.514 0.034 0.064
0 0.791 0.557 0.062 0.066
0 0.894 0.565 0.048 0.066
0 0.753 0.445 0.054 0.05
0 0.726 0.385 0.04 0.05
0 0.668 0.373 0.032 0.05
0 0.63 0.368 0.04 0.048
0 0.557 0.322 0.046 0.056
0 0.511 0.313 0.038 0.05
0 0.561 0.199 0.042 0.046
0 0.527 0.193 0.026 0.042
0 0.448 0.257 0.024 0.062
0 0.481 0.257 0.034 0.05
0 0.391 0.336 0.042 0.06
0 0.35 0.296 0.036 0.036
0 0.347 0.322 0.038 0.04
0 0.313 0.341 0.034 0.05
0 0.232 0.355 0.04 0.046
0 0.159 0.271 0.062 0.054
0 0.183 0.239 0.066 0.042
0 0.045 0.257 0.038 0.054
0 0.046 0.326 0.036 0.052
0 0.081 0.338 0.046 0.072
0 0.012 0.346 0.02 0.056
0 0.019 0.421 0.034 0.066
0 0.158 0.428 0.052 0.048
0 0.198 0.474 0.04 0.052
0 0.31 0.494 0.044 0.072
0 0.259 0.553 0.042 0.09
0 0.178 0.601 0.052 0.062
0 0.109 0.649 0.034 0.062
0 0.148 0.539 0.064 0.09
0 0.011 0.524 0.018 0.06
0 0.021 0.621 0.038 0.11
0 0.12 0.716 0.06 0.064
0 0.202 0.749 0.048 0.086
0 0.27 0.757 0.032 0.066
0 0.304 0.751 0.036 0.054
0 0.311 0.803 0.05 0.078
0 0.305 0.899 0.034 0.054
0 0.367 0.99 0.03 0.016
0 0.305 0.982 0.034 0.032
0 0.176 0.978 0.036 0.04
0 0.128 0.905 0.052 0.102
0 0.074 0.85 0.052 0.088
0 0.008 0.821 0.012 0.062
0 0.02 0.875 0.036 0.054
0 0.013 0.914 0.022 0.048
0 0.045 0.939 0.038 0.054
0 0.02 0.973 0.024 0.042
0 0.058 0.986 0.04 0.024
0 0.425 0.875 0.03 0.058
0 0.448 0.834 0.032 0.044
0 0.407 0.771 0.038 0.078
0 0.41 0.714 0.04 0.052
0 0.377 0.677 0.022 0.046
0 0.442 0.68 0.044 0.076
0 0.534 0.604 0.04 0.048
0 0.508 0.528 0.044 0.06
0 0.501 0.44 0.046 0.06
0 0.405 0.453 0.046 0.078
0 0.335 0.431 0.046 0.07
0 0.238 0.423 0.04 0.054
0 0.867 0.924 0.046 0.044
0 0.862 0.964 0.036 0.044
0 0.975 0.919 0.046 0.062
0 0.845 0.837 0.042 0.066
0 0.777 0.868 0.054 0.076
0 0.747 0.819 0.042 0.07
0 0.622 0.674 0.044 0.064
0 0.674 0.625 0.036 0.042
0 0.636 0.557 0.048 0.07
0 0.63 0.455 0.024 0.042
0 0.589 0.424 0.038 0.044
0 0.651 0.507 0.03 0.042
0 0.995 0.12 0.006 0.048
0 0.557 0.942 0.062 0.112
0 0.552 0.826 0.056 0.06
0 0.643 0.952 0.042 0.056
0 0.703 0.965 0.046 0.066
0 0.819 0.882 0.038 0.052
0 0.903 0.799 0.026 0.058
0 0.95 0.713 0.036 0.038
0 0.984 0.665 0.028 0.054
0 0.955 0.769 0.046 0.058
0 0.974 0.775 0.048 0.078
0 0.889 0.676 0.054 0.072
0 0.891 0.736 0.042 0.052
0 0.865 0.707 0.042 0.066
1 0.399 0.018 0.018 0.024
1 0.358 0.026 0.02 0.024
1 0.114 0.006 0.032 0.012
1 0.253 0.121 0.022 0.022
1 0.212 0.164 0.028 0.016
1 0.257 0.061 0.022 0.038
1 0.936 0.403 0.02 0.022
1 0.918 0.382 0.024 0.02
1 0.946 0.466 0.032 0.024
1 0.905 0.496 0.026 0.024
1 0.877 0.483 0.014 0.022
1 0.136 0.655 0.02 0.014
1 0.099 0.498 0.03 0.02
1 0.069 0.496 0.026 0.016
1 0.215 0.769 0.018 0.026
1 0.189 0.837 0.026 0.022
1 0.336 0.916 0.032 0.04
1 0.349 0.963 0.018 0.03
1 0.235 0.962 0.022 0.016
1 0.054 0.79 0.024 0.036
1 0.361 0.436 0.026 0.016
1 0.301 0.426 0.014 0.02
1 0.72 0.817 0.02 0.058
1 0.648 0.831 0.024 0.022
1 0.646 0.802 0.012 0.036
1 0.644 0.865 0.028 0.022
1 0.706 0.898 0.024 0.02
1 0.543 0.873 0.038 0.018
1 0.491 0.854 0.03 0.02
1 0.76 0.757 0.032 0.014
1 0.567 0.7 0.022 0.02
1 0.608 0.503 0.024 0.03
1 0.558 0.436 0.024 0.02
1 0.65 0.46 0.012 0.024
1 0.738 0.505 0.02 0.026
1 0.765 0.418 0.022 0.016
1 0.743 0.405 0.022 0.022
1 0.688 0.369 0.016 0.034
1 0.688 0.292 0.032 0.036
1 0.838 0.146 0.024 0.032
1 0.829 0.178 0.022 0.032
1 0.821 0.228 0.034 0.04
1 0.732 0.185 0.024 0.03
1 0.534 0.151 0.024 0.022
1 0.497 0.164 0.018 0.02
1 0.506 0.181 0.024 0.03
1 0.962 0.109 0.016 0.026
1 0.977 0.26 0.026 0.028
1 0.455 0.327 0.018 0.018
1 0.436 0.32 0.016 0.02
1 0.433 0.303 0.034 0.018
1 0.282 0.302 0.032 0.032
1 0.408 0.381 0.024 0.026
1 0.217 0.339 0.022 0.03
1 0.162 0.359 0.02 0.018
1 0.088 0.416 0.02 0.024
1 0.179 0.513 0.03 0.03
1 0.217 0.684 0.03 0.036
1 0.257 0.638 0.026 0.02
1 0.239 0.614 0.014 0.024
1 0.307 0.595 0.018 0.022
1 0.347 0.57 0.026 0.02
1 0.42 0.533 0.02 0.038
1 0.872 0.874 0.032 0.016
1 0.953 0.854 0.038 0.012
1 0.971 0.986 0.026 0.024
1 0.991 0.702 0.014 0.028
1 0.854 0.663 0.024 0.026
1 0.838 0.752 0.024 0.024
1 0.943 0.565 0.018 0.034
2 0.077 0.527 0.026 0.042
2 0.068 0.56 0.028 0.028
2 0.365 0.954 0.034 0.056
2 0.575 0.673 0.038 0.034
2 0.671 0.443 0.026 0.026
2 0.692 0.545 0.032 0.054
2 0.6 0.547 0.06 0.166
2 0.748 0.48 0.052 0.048
2 0.463 0.084 0.03 0.028
2 0.363 0.106 0.014 0.02
2 0.519 0.016 0.022 0.024
2 0.616 0.087 0.056 0.05
2 0.891 0.31 0.03 0.028
2 0.629 0.33 0.03 0.032
2 0.591 0.253 0.046 0.026
2 0.634 0.246 0.016 0.02
2 0.41 0.259 0.028 0.034
2 0.22 0.61 0.02 0.048
2 0.362 0.633 0.032 0.042
2 0.719 0.636 0.026 0.06
2 0.805 0.68 0.022 0.048
2 0.666 0.754 0.032 0.032
2 0.661 0.966 0.034 0.064
2 0.467 0.978 0.038 0.04
2 0.606 0.984 0.032 0.028
2 0.487 0.901 0.03 0.018
2 0.799 0.987 0.054 0.022