0 0.843 0.882 0.066 0.088
0 0.687 0.448 0.07 0.096
0 0.776 0.609 0.06 0.074
0 0.718 0.593 0.048 0.054
0 0.701 0.653 0.042 0.046
0 0.747 0.755 0.062 0.066
0 0.777 0.702 0.042 0.048
0 0.599 0.587 0.066 0.09
0 0.665 0.579 0.042 0.066
0 0.541 0.67 0.046 0.072
0 0.445 0.767 0.058 0.074
0 0.416 0.708 0.056 0.06
0 0.34 0.705 0.048 0.054
0 0.603 0.922 0.05 0.096
0 0.743 0.975 0.042 0.046
0 0.73 0.902 0.048 0.076
0 0.657 0.877 0.034 0.054
0 0.837 0.974 0.05 0.048
0 0.808 0.985 0.04 0.026
0 0.952 0.976 0.056 0.044
0 0.979 0.89 0.038 0.068
0 0.99 0.796 0.016 0.064
0 0.93 0.7 0.06 0.064
0 0.896 0.75 0.04 0.056
0 0.525 0.875 0.054 0.042
0 0.558 0.777 0.04 0.046
0 0.219 0.962 0.046 0.064
0 0.124 0.974 0.052 0.048
0 0.082 0.938 0.044 0.068
0 0.015 0.927 0.026 0.066
0 0.079 0.826 0.05 0.064
0 0.227 0.72 0.038 0.064
0 0.141 0.69 0.066 0.068
0 0.047 0.741 0.03 0.042
0 0.032 0.707 0.032 0.042
0 0.083 0.6 0.07 0.068
0 0.03 0.546 0.04 0.068
0 0.13 0.44 0.06 0.056
0 0.19 0.348 0.048 0.056
0 0.123 0.36 0.034 0.056
0 0.026 0.348 0.048 0.052
0 0.015 0.294 0.026 0.052
0 0.015 0.132 0.026 0.084
0 0.091 0.172 0.034 0.076
0 0.14 0.107 0.048 0.066
0 0.19 0.086 0.052 0.104
0 0.141 0.177 0.05 0.086
0 0.212 0.241 0.036 0.054
0 0.247 0.244 0.042 0.068
0 0.406 0.265 0.044 0.054
0 0.384 0.218 0.048 0.068
0 0.359 0.152 0.046 0.048
0 0.379 0.054 0.054 0.056
0 0.468 0.074 0.024 0.036
0 0.485 0.132 0.034 0.044
0 0.559 0.064 0.058 0.088
0 0.605 0.022 0.046 0.04
0 0.721 0.068 0.05 0.072
0 0.794 0.081 0.052 0.062
0 0.726 0.147 0.056 0.054
0 0.785 0.348 0.054 0.072
0 0.83 0.26 0.052 0.06
0 0.876 0.216 0.052 0.056
0 0.927 0.306 0.062 0.068
0 0.955 0.379 0.054 0.074
0 0.922 0.433 0.056 0.05
0 0.924 0.511 0.052 0.054
0 0.988 0.609 0.02 0.042
0 0.971 0.721 0.05 0.062
0 0.885 0.779 0.054 0.058
0 0.902 0.846 0.044 0.056
0 0.678 0.771 0.036 0.034
0 0.616 0.717 0.024 0.026
0 0.648 0.694 0.02 0.02
0 0.512 0.75 0.02 0.036
0 0.544 0.838 0.02 0.024
0 0.572 0.879 0.02 0.026
0 0.64 0.93 0.032 0.052
0 0.707 0.87 0.054 0.044
0 0.489 0.891 0.042 0.05
0 0.39 0.913 0.048 0.074
0 0.35 0.837 0.044 0.05
0 0.535 0.591 0.054 0.058
0 0.466 0.58 0.052 0.072
0 0.457 0.672 0.042 0.044
0 0.313 0.601 0.046 0.05
0 0.261 0.522 0.05 0.048
0 0.269 0.486 0.046 0.056
0 0.359 0.479 0.046 0.034
0 0.402 0.43 0.056 0.064
0 0.445 0.481 0.026 0.038
0 0.597 0.5 0.022 0.032
0 0.664 0.505 0.052 0.054
0 0.862 0.448 0.04 0.048
0 0.446 0.356 0.044 0.056
0 0.574 0.297 0.056 0.078
0 0.568 0.377 0.048 0.05
0 0.502 0.328 0.044 0.052
0 0.537 0.214 0.062 0.076
0 0.577 0.205 0.046 0.058
0 0.596 0.167 0.036 0.058
0 0.655 0.215 0.05 0.058
0 0.679 0.191 0.034 0.042
0 0.896 0.108 0.052 0.084
0 0.931 0.093 0.042 0.07
0 0.968 0.092 0.06 0.064
0 0.976 0.041 0.044 0.062
0 0.968 0.225 0.06 0.07
0 0.981 0.281 0.034 0.046
0 0.366 0.349 0.052 0.046
0 0.434 0.57 0.036 0.06
0 0.164 0.576 0.028 0.04
0 0.055 0.509 0.03 0.034
0 0.01 0.467 0.016 0.054
0 0.015 0.604 0.026 0.072
0 0.046 0.635 0.036 0.066
0 0.242 0.803 0.044 0.066
0 0.275 0.858 0.046 0.052
0 0.125 0.939 0.042 0.034
0 0.328 0.731 0.044 0.046
0 0.493 0.019 0.042 0.034
0 0.422 0.019 0.06 0.034
0 0.05 0.265 0.036 0.042
0 0.245 0.006 0.03 0.008
1 0.95 0.849 0.02 0.026
1 0.948 0.791 0.02 0.03
1 0.88 0.715 0.02 0.022
1 0.447 0.935 0.022 0.026
1 0.306 0.921 0.024 0.026
1 0.903 0.381 0.03 0.042
1 0.821 0.188 0.03 0.032
1 0.842 0.167 0.024 0.022
1 0.755 0.27 0.022 0.024
1 0.74 0.315 0.032 0.03
1 0.691 0.245 0.022 0.038
1 0.717 0.247 0.022 0.034
1 0.735 0.246 0.022 0.032
1 0.716 0.197 0.02 0.022
1 0.649 0.299 0.018 0.03
1 0.85 0.199 0.024 0.026
1 0.361 0.413 0.022 0.03
1 0.277 0.414 0.022 0.02
1 0.476 0.397 0.028 0.022
1 0.398 0.375 0.02 0.034
1 0.346 0.568 0.032 0.032
1 0.148 0.475 0.02 0.03
1 0.1 0.475 0.02 0.046
1 0.064 0.455 0.016 0.034
1 0.163 0.404 0.026 0.032
1 0.086 0.678 0.016 0.028
1 0.202 0.881 0.024 0.03
1 0.174 0.907 0.028 0.03
1 0.208 0.86 0.028 0.028
1 0.38 0.813 0.02 0.022
1 0.399 0.833 0.018 0.026
1 0.597 0.765 0.034 0.038
1 0.78 0.95 0.02 0.024
1 0.885 0.945 0.026 0.03
1 0.935 0.598 0.014 0.032
1 0.918 0.571 0.016 0.022
1 0.937 0.559 0.018 0.034
1 0.623 0.562 0.022 0.028
1 0.472 0.237 0.036 0.046
1 0.479 0.199 0.018 0.022
1 0.66 0.11 0.02 0.024
1 0.677 0.009 0.026 0.014
1 0.295 0.069 0.026 0.038
1 0.335 0.1 0.022 0.024
1 0.248 0.136 0.02 0.028
1 0.232 0.118 0.016 0.028
1 0.249 0.191 0.022 0.026
1 0.114 0.286 0.024 0.02
1 0.129 0.26 0.026 0.036
1 0.113 0.241 0.026 0.022
1 0.084 0.234 0.024 0.036
1 0.172 0.165 0.02 0.022
1 0.913 0.04 0.022 0.028
2 0.339 0.863 0.034 0.058
2 0.342 0.901 0.036 0.038
2 0.469 0.468 0.034 0.04
2 0.335 0.51 0.054 0.076
2 0.196 0.774 0.032 0.028
2 0.31 0.798 0.04 0.024
2 0.117 0.763 0.022 0.022
2 0.373 0.716 0.022 0.024
2 0.606 0.823 0.016 0.03
2 0.801 0.952 0.034 0.04
2 0.809 0.514 0.03 0.04
2 0.828 0.439 0.02 0.042
2 0.861 0.589 0.034 0.038
2 0.64 0.142 0.032 0.044
2 0.807 0.14 0.05 0.044
2 0.604 0.052 0.032 0.032
2 0.308 0.217 0.036 0.05
2 0.339 0.291 0.054 0.042
2 0.159 0.024 0.046 0.044
2 0.983 0.434 0.03 0.052
2 0.713 0.544 0.03 0.036