0 0.107 0.048 0.034 0.04
0 0.21 0.029 0.04 0.05
0 0.18 0.021 0.036 0.042
0 0.26 0.034 0.032 0.04
0 0.32 0.034 0.032 0.044
0 0.342 0.034 0.016 0.024
0 0.458 0.011 0.032 0.022
0 0.525 0.014 0.034 0.028
0 0.558 0.046 0.032 0.032
0 0.615 0.045 0.034 0.038
0 0.654 0.07 0.032 0.032
0 0.787 0.043 0.03 0.038
0 0.867 0.011 0.038 0.022
0 0.944 0.056 0.032 0.028
0 0.538 0.107 0.032 0.046
0 0.859 0.119 0.03 0.042
0 0.836 0.069 0.036 0.03
0 0.655 0.143 0.026 0.042
0 0.63 0.196 0.04 0.044
0 0.357 0.147 0.042 0.042
0 0.282 0.141 0.036 0.058
0 0.447 0.043 0.038 0.038
0 0.487 0.068 0.038 0.036
0 0.013 0.127 0.022 0.05
0 0.05 0.181 0.036 0.038
0 0.154 0.146 0.04 0.028
0 0.213 0.194 0.03 0.04
0 0.115 0.195 0.03 0.038
0 0.196 0.26 0.028 0.028
0 0.191 0.276 0.026 0.032
0 0.428 0.201 0.032 0.05
0 0.454 0.198 0.032 0.032
0 0.567 0.185 0.026 0.03
0 0.686 0.185 0.032 0.046
0 0.758 0.233 0.032 0.046
0 0.812 0.151 0.024 0.03
0 0.833 0.151 0.034 0.042
0 0.909 0.16 0.03 0.032
0 0.975 0.329 0.034 0.05
0 0.927 0.306 0.046 0.052
0 0.035 0.301 0.03 0.042
0 0.224 0.323 0.04 0.038
0 0.058 0.216 0.036 0.036
0 0.065 0.349 0.042 0.058
0 0.016 0.407 0.028 0.054
0 0.094 0.393 0.036 0.03
0 0.077 0.279 0.018 0.034
0 0.222 0.374 0.04 0.048
0 0.171 0.4 0.038 0.036
0 0.199 0.423 0.038 0.034
0 0.203 0.456 0.03 0.048
0 0.314 0.419 0.032 0.026
0 0.38 0.388 0.032 0.036
0 0.397 0.421 0.034 0.042
0 0.383 0.34 0.038 0.052
0 0.401 0.294 0.034 0.048
0 0.456 0.338 0.036 0.052
0 0.427 0.348 0.03 0.048
0 0.487 0.301 0.034 0.046
0 0.496 0.265 0.024 0.042
0 0.554 0.359 0.044 0.034
0 0.627 0.281 0.034 0.038
0 0.623 0.354 0.034 0.048
0 0.768 0.34 0.04 0.044
0 0.726 0.39 0.036 0.052
0 0.758 0.392 0.032 0.036
0 0.803 0.434 0.038 0.04
0 0.772 0.45 0.04 0.044
0 0.795 0.379 0.034 0.046
0 0.828 0.38 0.032 0.04
0 0.849 0.419 0.038 0.046
0 0.897 0.439 0.03 0.038
0 0.93 0.486 0.024 0.036
0 0.978 0.491 0.036 0.05
0 0.969 0.416 0.034 0.036
0 0.928 0.162 0.032 0.064
0 0.899 0.136 0.034 0.032
0 0.892 0.236 0.024 0.024
0 0.889 0.216 0.034 0.024
0 0.788 0.21 0.032 0.036
0 0.342 0.255 0.04 0.046
0 0.373 0.267 0.042 0.038
0 0.515 0.425 0.042 0.058
0 0.407 0.51 0.042 0.052
0 0.449 0.568 0.038 0.044
0 0.337 0.553 0.034 0.05
0 0.606 0.462 0.036 0.06
0 0.817 0.537 0.046 0.05
0 0.859 0.528 0.034 0.048
0 0.925 0.558 0.042 0.048
0 0.89 0.545 0.032 0.038
0 0.94 0.672 0.032 0.048
0 0.806 0.655 0.032 0.046
0 0.688 0.599 0.028 0.058
0 0.636 0.628 0.036 0.052
0 0.67 0.649 0.032 0.042
0 0.688 0.725 0.028 0.046
0 0.728 0.774 0.032 0.056
0 0.745 0.764 0.034 0.036
0 0.73 0.833 0.032 0.042
0 0.89 0.773 0.028 0.038
0 0.931 0.803 0.026 0.022
0 0.927 0.818 0.03 0.028
0 0.984 0.716 0.028 0.044
0 0.1 0.526 0.024 0.036
0 0.112 0.476 0.028 0.048
0 0.136 0.473 0.032 0.042
0 0.213 0.518 0.034 0.04
0 0.075 0.625 0.034 0.042
0 0.012 0.638 0.02 0.04
0 0.009 0.666 0.014 0.02
0 0.059 0.673 0.034 0.038
0 0.08 0.696 0.032 0.036
0 0.178 0.639 0.036 0.046
0 0.267 0.652 0.042 0.04
0 0.289 0.734 0.034 0.036
0 0.389 0.64 0.034 0.056
0 0.587 0.704 0.038 0.06
0 0.839 0.887 0.03 0.046
0 0.87 0.89 0.036 0.068
0 0.761 0.891 0.03 0.05
0 0.786 0.974 0.032 0.044
0 0.952 0.966 0.036 0.056
0 0.56 0.589 0.028 0.038
0 0.43 0.83 0.028 0.04
0 0.292 0.894 0.04 0.048
0 0.247 0.73 0.034 0.056
0 0.177 0.83 0.034 0.04
0 0.121 0.817 0.03 0.034
0 0.31 0.858 0.032 0.044
0 0.296 0.84 0.024 0.032
0 0.253 0.954 0.022 0.044
0 0.171 0.964 0.042 0.036
0 0.03 0.938 0.028 0.044
0 0.009 0.818 0.014 0.04
0 0.537 0.871 0.038 0.054
0 0.581 0.817 0.038 0.07
0 0.74 0.924 0.028 0.048
0 0.58 0.91 0.036 0.056
0 0.63 0.91 0.036 0.048
0 0.495 0.925 0.03 0.046
0 0.028 0.698 0.032 0.052
0 0.256 0.58 0.028 0.04
0 0.484 0.679 0.032 0.038
0 0.323 0.973 0.026 0.046
0 0.135 0.02 0.03 0.036
0 0.69 0.917 0.04 0.058
0 0.983 0.861 0.03 0.054
0 0.98 0.883 0.02 0.026
0 0.963 0.799 0.03 0.062
0 0.929 0.747 0.034 0.062
0 0.863 0.744 0.03 0.032
0 0.848 0.575 0.02 0.034
0 0.988 0.585 0.02 0.054
0 0.774 0.544 0.02 0.032
0 0.654 0.513 0.036 0.05
0 0.564 0.563 0.028 0.022
0 0.566 0.535 0.032 0.038
0 0.556 0.479 0.028 0.026
0 0.529 0.582 0.026 0.052
0 0.589 0.748 0.038 0.028
0 0.658 0.925 0.02 0.018
0 0.738 0.957 0.024 0.03
0 0.892 0.98 0.036 0.036
0 0.423 0.907 0.03 0.034
0 0.421 0.883 0.038 0.038
0 0.264 0.986 0.036 0.024
0 0.134 0.877 0.028 0.034
0 0.091 0.915 0.022 0.022
0 0.09 0.938 0.024 0.028
0 0.195 0.961 0.014 0.018
0 0.07 0.799 0.016 0.026
0 0.244 0.795 0.044 0.07
0 0.362 0.906 0.024 0.02
0 0.364 0.704 0.02 0.032
0 0.444 0.658 0.032 0.024
0 0.477 0.627 0.03 0.018
0 0.529 0.708 0.026 0.028
0 0.372 0.514 0.028 0.024
0 0.658 0.328 0.024 0.024
0 0.399 0.09 0.03 0.072
0 0.014 0.011 0.024 0.022
0 0.214 0.494 0.04 0.044
0 0.984 0.007 0.028 0.014
0 0.843 0.013 0.03 0.026
0 0.478 0.026 0.016 0.016
0 0.352 0.007 0.032 0.014
0 0.945 0.469 0.018 0.018
1 0.809 0.252 0.026 0.028
1 0.295 0.711 0.018 0.014
1 0.8 0.687 0.02 0.014
1 0.42 0.762 0.012 0.024
1 0.565 0.264 0.014 0.024
1 0.665 0.677 0.018 0.018
1 0.033 0.994 0.022 0.008
1 0.75 0.415 0.024 0.018
1 0.567 0.318 0.014 0.012
1 0.312 0.103 0.016 0.022
1 0.852 0.057 0.016 0.014
2 0.67 0.422 0.032 0.044
2 0.87 0.649 0.032 0.038
2 0.914 0.65 0.036 0.04
2 0.891 0.66 0.022 0.016
2 0.977 0.64 0.022 0.016
2 0.559 0.464 0.046 0.044
2 0.75 0.745 0.032 0.034
2 0.652 0.784 0.028 0.052
2 0.675 0.79 0.022 0.044
2 0.616 0.773 0.016 0.026
2 0.576 0.87 0.016 0.016
2 0.825 0.935 0.03 0.022
2 0.702 0.97 0.04 0.028
2 0.503 0.991 0.026 0.014
2 0.421 0.978 0.026 0.032
2 0.459 0.955 0.042 0.054
2 0.128 0.924 0.02 0.02
2 0.089 0.803 0.014 0.026
2 0.101 0.786 0.018 0.02
2 0.109 0.756 0.022 0.028
2 0.087 0.735 0.038 0.038
2 0.361 0.879 0.038 0.034
2 0.379 0.976 0.022 0.028
2 0.318 0.7 0.044 0.036
2 0.416 0.676 0.024 0.024
2 0.601 0.664 0.034 0.044
2 0.517 0.51 0.03 0.032
2 0.632 0.424 0.028 0.036
2 0.679 0.351 0.018 0.03
2 0.66 0.31 0.04 0.036
2 0.538 0.275 0.036 0.046
2 0.338 0.314 0.016 0.036
2 0.268 0.322 0.02 0.024
2 0.312 0.225 0.032 0.026
2 0.289 0.214 0.018 0.04
2 0.315 0.275 0.01 0.034
2 0.316 0.25 0.016 0.02
2 0.334 0.22 0.012 0.028
2 0.292 0.335 0.024 0.018
2 0.324 0.362 0.02 0.028
2 0.256 0.286 0.016 0.056
2 0.327 0.094 0.026 0.032
2 0.203 0.158 0.038 0.04
2 0.43 0.161 0.02 0.022
2 0.155 0.331 0.038 0.03
2 0.144 0.219 0.032 0.026
2 0.12 0.17 0.036 0.032
2 0.031 0.248 0.038 0.044
2 0.084 0.081 0.036 0.054
2 0.126 0.24 0.028 0.024
2 0.088 0.422 0.028 0.024
2 0.057 0.464 0.022 0.028
2 0.32 0.592 0.016 0.024
2 0.766 0.07 0.024 0.04
2 0.724 0.079 0.036 0.042
2 0.724 0.028 0.04 0.04
2 0.76 0.02 0.028 0.028
2 0.692 0.106 0.04 0.024
2 0.937 0.027 0.018 0.018
2 0.971 0.066 0.022 0.028
2 0.5 0.042 0.028 0.028
2 0.33 0.19 0.04 0.036
2 0.863 0.334 0.038 0.044
2 0.907 0.384 0.026 0.024