0 0.91 0.107 0.048 0.042
0 0.961 0.148 0.042 0.052
0 0.98 0.043 0.036 0.058
0 0.991 0.126 0.014 0.044
0 0.987 0.24 0.022 0.044
0 0.893 0.222 0.038 0.052
0 0.819 0.179 0.042 0.042
0 0.776 0.109 0.04 0.054
0 0.72 0.141 0.048 0.054
0 0.686 0.107 0.044 0.038
0 0.662 0.122 0.036 0.052
0 0.668 0.017 0.044 0.034
0 0.781 0.056 0.046 0.052
0 0.746 0.036 0.032 0.036
0 0.95 0.081 0.04 0.03
0 0.61 0.08 0.044 0.044
0 0.624 0.118 0.036 0.036
0 0.548 0.095 0.056 0.058
0 0.539 0.034 0.038 0.048
0 0.533 0.006 0.042 0.012
0 0.439 0.048 0.042 0.036
0 0.435 0.096 0.046 0.036
0 0.463 0.176 0.03 0.044
0 0.514 0.201 0.048 0.05
0 0.437 0.145 0.03 0.046
0 0.371 0.119 0.038 0.042
0 0.391 0.085 0.042 0.046
0 0.349 0.029 0.042 0.058
0 0.38 0.011 0.032 0.022
0 0.234 0.048 0.032 0.032
0 0.153 0.047 0.05 0.038
0 0.142 0.108 0.032 0.06
0 0.109 0.079 0.038 0.042
0 0.076 0.031 0.036 0.054
0 0.116 0.005 0.028 0.01
0 0.258 0.115 0.048 0.05
0 0.301 0.104 0.046 0.056
0 0.242 0.144 0.028 0.052
0 0.21 0.187 0.04 0.05
0 0.307 0.188 0.034 0.044
0 0.322 0.227 0.044 0.046
0 0.38 0.228 0.04 0.048
0 0.351 0.223 0.026 0.05
0 0.317 0.29 0.034 0.044
0 0.26 0.273 0.04 0.046
0 0.248 0.286 0.04 0.048
0 0.206 0.243 0.044 0.046
0 0.149 0.238 0.042 0.044
0 0.158 0.276 0.032 0.04
0 0.127 0.257 0.034 0.07
0 0.031 0.199 0.038 0.058
0 0.029 0.139 0.042 0.046
0 0.013 0.122 0.022 0.06
0 0.013 0.067 0.022 0.05
0 0.01 0.016 0.016 0.032
0 0.076 0.363 0.036 0.042
0 0.038 0.41 0.028 0.032
0 0.009 0.354 0.014 0.064
0 0.022 0.43 0.032 0.052
0 0.008 0.402 0.012 0.036
0 0.193 0.419 0.03 0.054
0 0.277 0.412 0.038 0.064
0 0.344 0.39 0.048 0.056
0 0.356 0.35 0.044 0.052
0 0.475 0.299 0.042 0.058
0 0.776 0.269 0.036 0.054
0 0.662 0.305 0.036 0.054
0 0.623 0.376 0.042 0.06
0 0.537 0.447 0.038 0.022
0 0.528 0.476 0.044 0.036
0 0.482 0.491 0.036 0.054
0 0.449 0.436 0.034 0.04
0 0.651 0.46 0.046 0.064
0 0.701 0.448 0.058 0.08
0 0.731 0.5 0.03 0.052
0 0.738 0.571 0.048 0.062
0 0.766 0.551 0.036 0.05
0 0.799 0.557 0.034 0.066
0 0.841 0.418 0.034 0.056
0 0.898 0.343 0.04 0.03
0 0.887 0.281 0.038 0.054
0 0.848 0.33 0.036 0.068
0 0.819 0.338 0.034 0.056
0 0.796 0.321 0.028 0.042
0 0.806 0.382 0.028 0.06
0 0.71 0.336 0.04 0.032
0 0.709 0.364 0.034 0.032
0 0.592 0.539 0.04 0.062
0 0.597 0.611 0.03 0.038
0 0.571 0.625 0.042 0.05
0 0.532 0.608 0.036 0.056
0 0.433 0.576 0.03 0.028
0 0.419 0.602 0.03 0.052
0 0.379 0.607 0.038 0.03
0 0.358 0.558 0.044 0.052
0 0.352 0.583 0.04 0.034
0 0.258 0.612 0.036 0.048
0 0.209 0.585 0.042 0.046
0 0.18 0.614 0.068 0.048
0 0.114 0.605 0.032 0.046
0 0.121 0.657 0.03 0.046
0 0.164 0.668 0.048 0.052
0 0.076 0.695 0.044 0.05
0 0.022 0.571 0.032 0.05
0 0.065 0.539 0.038 0.05
0 0.123 0.516 0.05 0.056
0 0.133 0.564 0.034 0.044
0 0.051 0.591 0.022 0.058
0 0.007 0.663 0.01 0.042
0 0.087 0.785 0.034 0.038
0 0.051 0.814 0.034 0.048
0 0.106 0.879 0.036 0.05
0 0.064 0.905 0.056 0.05
0 0.025 0.911 0.03 0.05
0 0.008 0.897 0.012 0.054
0 0.15 0.924 0.04 0.036
0 0.117 0.981 0.038 0.034
0 0.15 0.993 0.028 0.01
0 0.212 0.976 0.04 0.044
0 0.232 0.916 0.04 0.04
0 0.212 0.872 0.032 0.048
0 0.176 0.858 0.032 0.044
0 0.142 0.838 0.036 0.048
0 0.134 0.789 0.032 0.034
0 0.222 0.785 0.036 0.038
0 0.242 0.745 0.032 0.046
0 0.201 0.718 0.03 0.052
0 0.177 0.713 0.03 0.034
0 0.287 0.771 0.054 0.058
0 0.369 0.804 0.038 0.044
0 0.359 0.744 0.038 0.052
0 0.307 0.711 0.03 0.034
0 0.37 0.719 0.044 0.046
0 0.43 0.682 0.032 0.052
0 0.488 0.682 0.032 0.056
0 0.51 0.738 0.028 0.04
0 0.546 0.778 0.044 0.048
0 0.609 0.764 0.042 0.052
0 0.661 0.847 0.03 0.046
0 0.599 0.857 0.038 0.042
0 0.625 0.9 0.046 0.056
0 0.736 0.908 0.032 0.044
0 0.727 0.868 0.054 0.052
0 0.749 0.842 0.038 0.044
0 0.741 0.793 0.042 0.042
0 0.807 0.892 0.03 0.032
0 0.843 0.82 0.038 0.052
0 0.821 0.946 0.042 0.04
0 0.807 0.972 0.046 0.052
0 0.873 0.985 0.034 0.026
0 0.955 0.898 0.038 0.044
0 0.98 0.809 0.036 0.066
0 0.924 0.686 0.048 0.064
0 0.86 0.72 0.048 0.072
0 0.813 0.647 0.054 0.046
0 0.737 0.676 0.034 0.048
0 0.71 0.656 0.032 0.052
0 0.678 0.643 0.036 0.066
0 0.643 0.67 0.038 0.036
0 0.624 0.673 0.032 0.046
0 0.33 0.511 0.04 0.062
0 0.258 0.479 0.028 0.046
0 0.366 0.461 0.044 0.058
0 0.368 0.505 0.032 0.03
0 0.421 0.452 0.038 0.06
0 0.019 0.25 0.034 0.056
0 0.961 0.416 0.038 0.06
0 0.989 0.41 0.018 0.044
0 0.975 0.552 0.046 0.052
0 0.959 0.595 0.038 0.058
0 0.909 0.587 0.038 0.058
0 0.993 0.652 0.01 0.072
0 0.756 0.74 0.044 0.056
0 0.634 0.979 0.044 0.038
0 0.59 0.985 0.032 0.026
0 0.558 0.987 0.028 0.022
0 0.527 0.991 0.034 0.014
0 0.501 0.865 0.03 0.062
0 0.468 0.925 0.032 0.042
0 0.435 0.894 0.042 0.044
0 0.509 0.919 0.03 0.046
0 0.417 0.985 0.038 0.026
0 0.413 0.932 0.05 0.052
0 0.374 0.948 0.04 0.048
0 0.336 0.929 0.032 0.05
0 0.293 0.933 0.054 0.042
0 0.34 0.859 0.04 0.046
0 0.28 0.867 0.032 0.05
0 0.262 0.894 0.028 0.072
1 0.641 0.01 0.018 0.02
1 0.451 0.009 0.034 0.014
1 0.489 0.044 0.018 0.024
1 0.233 0.022 0.026 0.02
1 0.3 0.065 0.02 0.018
1 0.349 0.182 0.03 0.028
1 0.387 0.267 0.026 0.018
1 0.264 0.224 0.036 0.024
1 0.197 0.28 0.018 0.028
1 0.075 0.137 0.018 0.026
1 0.097 0.45 0.018 0.028
1 0.292 0.364 0.02 0.036
1 0.328 0.365 0.024 0.026
1 0.416 0.321 0.028 0.058
1 0.599 0.204 0.034 0.02
1 0.588 0.221 0.028 0.018
1 0.685 0.257 0.026 0.046
1 0.729 0.226 0.018 0.02
1 0.581 0.364 0.018 0.032
1 0.568 0.416 0.02 0.024
1 0.562 0.44 0.016 0.02
1 0.447 0.39 0.026 0.016
1 0.446 0.408 0.032 0.016
1 0.785 0.526 0.018 0.016
1 0.779 0.362 0.026 0.028
1 0.736 0.346 0.016 0.024
1 0.628 0.583 0.02 0.018
1 0.51 0.577 0.024 0.026
1 0.028 0.756 0.02 0.024
1 0.058 0.78 0.024 0.02
1 0.075 0.876 0.018 0.024
1 0.141 0.886 0.022 0.028
1 0.469 0.75 0.038 0.02
1 0.672 0.806 0.028 0.036
1 0.652 0.789 0.02 0.018
1 0.684 0.898 0.016 0.024
1 0.79 0.829 0.024 0.026
1 0.796 0.862 0.02 0.02
1 0.88 0.927 0.02 0.026
1 0.817 0.715 0.034 0.038
1 0.822 0.675 0.028 0.018
1 0.68 0.718 0.024 0.032
1 0.281 0.499 0.018 0.034
1 0.253 0.516 0.026 0.024
1 0.348 0.437 0.016 0.026
1 0.443 0.511 0.026 0.034
1 0.972 0.32 0.024 0.028
1 0.87 0.472 0.024 0.02
1 0.908 0.5 0.02 0.024
1 0.721 0.971 0.034 0.026
1 0.519 0.972 0.022 0.02
1 0.531 0.926 0.018 0.036
1 0.459 0.975 0.022 0.022
1 0.355 0.841 0.026 0.026
1 0.85 0.256 0.024 0.028
2 0.831 0.041 0.042 0.046
2 0.95 0.047 0.024 0.026
2 0.792 0.011 0.032 0.022
2 0.083 0.228 0.034 0.028
2 0.241 0.411 0.03 0.038
2 0.446 0.237 0.04 0.038
2 0.557 0.211 0.046 0.086
2 0.714 0.263 0.032 0.042
2 0.721 0.203 0.026 0.026
2 0.478 0.357 0.024 0.042
2 0.57 0.319 0.032 0.046
2 0.78 0.392 0.02 0.024
2 0.749 0.311 0.034 0.05
2 0.529 0.539 0.03 0.026
2 0.517 0.556 0.022 0.024
2 0.562 0.549 0.02 0.042
2 0.091 0.504 0.034 0.044
2 0.065 0.577 0.034 0.046
2 0.097 0.557 0.022 0.03
2 0.005 0.545 0.006 0.026
2 0.017 0.71 0.022 0.04
2 0.004 0.702 0.004 0.04
2 0.06 0.751 0.028 0.026
2 0.023 0.839 0.026 0.062
2 0.247 0.972 0.038 0.04
2 0.937 0.967 0.034 0.042
2 0.983 0.966 0.026 0.052
2 0.983 0.91 0.018 0.036
2 0.935 0.77 0.042 0.056
2 0.644 0.643 0.028 0.034
2 0.595 0.711 0.03 0.03
2 0.385 0.648 0.038 0.044
2 0.424 0.642 0.032 0.028
2 0.481 0.631 0.034 0.034
2 0.124 0.481 0.032 0.026
2 0.061 0.384 0.022 0.028
2 0.467 0.065 0.03 0.042
2 0.651 0.068 0.054 0.028
2 0.872 0.454 0.04 0.028
2 0.932 0.476 0.02 0.028
2 0.875 0.594 0.026 0.032
2 0.835 0.592 0.026 0.048
2 0.83 0.771 0.032 0.03
2 0.684 0.986 0.04 0.024
2 0.045 0.992 0.034 0.012
2 0.073 0.965 0.018 0.018
2 0.447 0.991 0.03 0.014
2 0.777 0.459 0.034 0.042
2 0.905 0.143 0.03 0.026
2 0.624 0.216 0.02 0.032