0 0.157 0.02 0.062 0.04
0 0.127 0.06 0.034 0.036
0 0.22 0.018 0.032 0.036
0 0.218 0.077 0.032 0.034
0 0.172 0.081 0.04 0.034
0 0.251 0.037 0.034 0.034
0 0.18 0.039 0.032 0.034
0 0.283 0.047 0.026 0.03
0 0.262 0.01 0.028 0.02
0 0.162 0.117 0.04 0.034
0 0.191 0.113 0.034 0.03
0 0.258 0.087 0.024 0.026
0 0.304 0.014 0.032 0.028
0 0.337 0.015 0.034 0.03
0 0.361 0.031 0.038 0.046
0 0.366 0.097 0.024 0.034
0 0.38 0.083 0.032 0.034
0 0.037 0.061 0.03 0.034
0 0.011 0.105 0.022 0.038
0 0.121 0.145 0.038 0.038
0 0.192 0.169 0.044 0.046
0 0.215 0.227 0.034 0.038
0 0.31 0.172 0.044 0.044
0 0.277 0.156 0.038 0.04
0 0.009 0.08 0.018 0.024
0 0.005 0.04 0.01 0.036
0 0.14 0.193 0.028 0.018
0 0.159 0.215 0.022 0.018
0 0.405 0.111 0.018 0.022
0 0.441 0.098 0.034 0.044
0 0.518 0.152 0.02 0.028
0 0.549 0.097 0.03 0.034
0 0.579 0.092 0.026 0.016
0 0.547 0.01 0.014 0.02
0 0.54 0.024 0.008 0.02
0 0.586 0.004 0.028 0.008
0 0.652 0.094 0.016 0.024
0 0.677 0.103 0.03 0.034
0 0.699 0.107 0.034 0.038
0 0.741 0.048 0.05 0.052
0 0.832 0.11 0.052 0.052
0 0.632 0.058 0.024 0.02
0 0.559 0.219 0.05 0.042
0 0.492 0.191 0.028 0.026
0 0.486 0.289 0.048 0.058
0 0.399 0.256 0.022 0.028
0 0.415 0.253 0.026 0.046
0 0.623 0.222 0.038 0.036
0 0.643 0.246 0.03 0.024
0 0.788 0.11 0.028 0.04
0 0.794 0.161 0.024 0.018
0 0.889 0.111 0.022 0.026
0 0.945 0.115 0.05 0.058
0 0.905 0.047 0.038 0.014
0 0.971 0.051 0.026 0.042
0 0.881 0.008 0.018 0.016
0 0.016 0.394 0.032 0.056
0 0.05 0.355 0.024 0.05
0 0.078 0.432 0.04 0.044
0 0.055 0.476 0.022 0.028
0 0.129 0.465 0.03 0.038
0 0.013 0.215 0.026 0.03
0 0.08 0.244 0.044 0.036
0 0.124 0.312 0.02 0.028
0 0.161 0.34 0.022 0.028
0 0.166 0.307 0.016 0.026
0 0.195 0.396 0.034 0.048
0 0.243 0.35 0.034 0.06
0 0.219 0.34 0.018 0.052
0 0.288 0.411 0.044 0.042
0 0.345 0.392 0.034 0.032
0 0.738 0.296 0.048 0.052
0 0.812 0.303 0.044 0.058
0 0.545 0.359 0.026 0.022
0 0.569 0.304 0.014 0.032
0 0.603 0.307 0.022 0.03
0 0.669 0.278 0.03 0.028
0 0.694 0.283 0.024 0.026
0 0.661 0.302 0.018 0.02
0 0.771 0.278 0.03 0.048
0 0.806 0.229 0.036 0.018
0 0.813 0.245 0.03 0.026
0 0.73 0.259 0.036 0.026
0 0.75 0.26 0.016 0.016
0 0.892 0.273 0.02 0.038
0 0.964 0.374 0.06 0.06
0 0.973 0.327 0.046 0.062
0 0.947 0.303 0.05 0.062
0 0.875 0.193 0.022 0.03
0 0.995 0.281 0.006 0.018
0 0.879 0.447 0.05 0.046
0 0.878 0.498 0.044 0.044
0 0.818 0.515 0.052 0.042
0 0.836 0.483 0.036 0.038
0 0.973 0.503 0.042 0.042
0 0.375 0.459 0.042 0.038
0 0.355 0.497 0.034 0.03
0 0.463 0.469 0.03 0.038
0 0.477 0.482 0.03 0.028
0 0.506 0.454 0.044 0.04
0 0.466 0.58 0.04 0.036
0 0.513 0.526 0.038 0.04
0 0.613 0.522 0.046 0.04
0 0.586 0.489 0.024 0.046
0 0.532 0.449 0.028 0.038
0 0.624 0.39 0.056 0.064
0 0.487 0.402 0.03 0.024
0 0.507 0.41 0.054 0.044
0 0.558 0.387 0.02 0.022
0 0.047 0.976 0.046 0.044
0 0.028 0.989 0.024 0.018
0 0.063 0.955 0.046 0.05
0 0.11 0.948 0.04 0.048
0 0.135 0.912 0.034 0.052
0 0.177 0.923 0.038 0.042
0 0.226 0.91 0.032 0.032
0 0.204 0.927 0.024 0.026
0 0.267 0.985 0.038 0.026
0 0.255 0.966 0.03 0.024
0 0.321 0.984 0.046 0.028
0 0.354 0.968 0.032 0.04
0 0.43 0.917 0.052 0.086
0 0.384 0.953 0.024 0.034
0 0.304 0.909 0.052 0.05
0 0.329 0.855 0.038 0.042
0 0.518 0.973 0.06 0.05
0 0.544 0.924 0.04 0.04
0 0.598 0.911 0.036 0.038
0 0.489 0.881 0.038 0.038
0 0.506 0.843 0.052 0.042
0 0.57 0.967 0.032 0.03
0 0.677 0.984 0.03 0.028
0 0.729 0.965 0.038 0.046
0 0.733 0.992 0.042 0.012
0 0.662 0.886 0.044 0.028
0 0.655 0.921 0.038 0.03
0 0.776 0.917 0.024 0.022
0 0.826 0.846 0.032 0.036
0 0.878 0.98 0.044 0.036
0 0.98 0.882 0.012 0.032
0 0.912 0.803 0.048 0.054
0 0.952 0.807 0.032 0.042
0 0.969 0.805 0.014 0.026
0 0.986 0.786 0.024 0.024
0 0.915 0.764 0.042 0.028
0 0.835 0.723 0.038 0.042
0 0.86 0.764 0.036 0.04
0 0.871 0.793 0.03 0.03
0 0.056 0.844 0.056 0.048
0 0.006 0.863 0.012 0.018
0 0.054 0.782 0.036 0.032
0 0.14 0.832 0.048 0.044
0 0.193 0.757 0.042 0.046
0 0.205 0.843 0.046 0.034
0 0.015 0.689 0.03 0.046
0 0.055 0.628 0.046 0.048
0 0.116 0.6 0.048 0.052
0 0.062 0.682 0.032 0.036
0 0.084 0.658 0.012 0.032
0 0.253 0.542 0.062 0.052
0 0.254 0.498 0.036 0.032
0 0.203 0.483 0.05 0.03
0 0.21 0.459 0.044 0.022
0 0.247 0.465 0.038 0.026
0 0.286 0.604 0.056 0.028
0 0.32 0.751 0.036 0.03
0 0.297 0.766 0.03 0.032
0 0.272 0.77 0.024 0.04
0 0.394 0.798 0.032 0.028
0 0.412 0.583 0.056 0.062
0 0.445 0.648 0.066 0.044
0 0.455 0.709 0.05 0.054
0 0.587 0.587 0.046 0.022
0 0.573 0.615 0.034 0.026
0 0.569 0.696 0.034 0.052
0 0.62 0.791 0.032 0.034
0 0.74 0.665 0.068 0.058
0 0.791 0.563 0.054 0.034
0 0.853 0.644 0.034 0.044
0 0.901 0.614 0.046 0.048
0 0.875 0.631 0.042 0.046
0 0.94 0.682 0.044 0.056
0 0.992 0.629 0.012 0.022
0 0.55 0.808 0.024 0.024
0 0.553 0.757 0.05 0.05
0 0.722 0.817 0.044 0.046
0 0.498 0.619 0.036 0.03
0 0.79 0.592 0.028 0.028
0 0.455 0.83 0.022 0.036
0 0.44 0.515 0.02 0.022
0 0.298 0.717 0.016 0.034
1 0.505 0.104 0.018 0.016
1 0.689 0.144 0.018 0.016
1 0.744 0.168 0.02 0.02
1 0.838 0.204 0.016 0.016
1 0.573 0.06 0.01 0.012
1 0.463 0.195 0.022 0.014
1 0.973 0.135 0.018 0.026
1 0.052 0.454 0.016 0.016
1 0.04 0.232 0.016 0.024
1 0.283 0.288 0.018 0.012
1 0.803 0.403 0.034 0.026
1 0.523 0.946 0.018 0.016
1 0.715 0.863 0.018 0.03
1 0.858 0.984 0.02 0.02
1 0.83 0.755 0.016 0.022
1 0.86 0.731 0.02 0.022
1 0.181 0.727 0.018 0.018
1 0.215 0.696 0.026 0.02
1 0.15 0.424 0.016 0.028
1 0.169 0.428 0.026 0.016
1 0.417 0.518 0.018 0.024
1 0.328 0.662 0.024 0.016
1 0.327 0.781 0.022 0.014
1 0.278 0.807 0.02 0.014
1 0.452 0.742 0.016 0.024
1 0.624 0.641 0.024 0.022
1 0.671 0.675 0.018 0.026
1 0.617 0.559 0.026 0.022
1 0.239 0.634 0.018 0.016
2 0.199 0.059 0.034 0.03
2 0.235 0.179 0.022 0.05
2 0.009 0.166 0.018 0.036
2 0.044 0.102 0.024 0.028
2 0.28 0.085 0.016 0.026
2 0.269 0.066 0.018 0.012
2 0.472 0.13 0.02 0.012
2 0.866 0.168 0.024 0.024
2 0.468 0.269 0.032 0.018
2 0.431 0.216 0.022 0.016
2 0.529 0.199 0.022 0.038
2 0.659 0.157 0.014 0.022
2 0.604 0.202 0.016 0.016
2 0.596 0.192 0.016 0.012
2 0.65 0.19 0.02 0.016
2 0.773 0.103 0.022 0.046
2 0.733 0.205 0.022 0.026
2 0.808 0.137 0.02 0.014
2 0.905 0.017 0.038 0.03
2 0.812 0.007 0.032 0.014
2 0.979 0.021 0.018 0.014
2 0.032 0.351 0.016 0.03
2 0.027 0.296 0.022 0.016
2 0.117 0.285 0.026 0.026
2 0.231 0.383 0.022 0.022
2 0.377 0.237 0.018 0.026
2 0.611 0.292 0.046 0.04
2 0.72 0.24 0.024 0.02
2 0.944 0.255 0.04 0.038
2 0.902 0.231 0.028 0.022
2 0.871 0.28 0.018 0.04
2 0.914 0.385 0.028 0.026
2 0.81 0.378 0.024 0.028
2 0.965 0.537 0.022 0.026
2 0.664 0.948 0.036 0.02
2 0.693 0.938 0.022 0.024
2 0.818 0.921 0.02 0.026
2 0.08 0.747 0.024 0.03
2 0.096 0.791 0.016 0.014
2 0.215 0.819 0.022 0.022
2 0.161 0.733 0.026 0.042
2 0.079 0.584 0.034 0.044
2 0.341 0.485 0.026 0.022
2 0.253 0.763 0.026 0.042
2 0.295 0.835 0.03 0.026
2 0.979 0.596 0.018 0.032
2 0.641 0.761 0.026 0.026
2 0.626 0.825 0.04 0.038
2 0.726 0.787 0.024 0.018
2 0.69 0.83 0.024 0.024
2 0.646 0.787 0.028 0.026
2 0.607 0.671 0.022 0.022
2 0.739 0.589 0.026 0.026
2 0.436 0.766 0.024 0.016
2 0.408 0.681 0.028 0.034
2 0.4 0.631 0.028 0.03
2 0.263 0.644 0.042 0.044
2 0.025 0.886 0.03 0.032
2 0.909 0.71 0.034 0.024
2 0.981 0.858 0.034 0.028
2 0.859 0.885 0.03 0.03
2 0.653 0.846 0.034 0.016