0 0.052 0.009 0.036 0.018
0 0.01 0.115 0.02 0.038
0 0.164 0.029 0.044 0.058
0 0.185 0.023 0.018 0.038
0 0.295 0.005 0.038 0.01
0 0.396 0.009 0.044 0.018
0 0.488 0.011 0.048 0.022
0 0.538 0.012 0.036 0.024
0 0.066 0.063 0.04 0.03
0 0.041 0.26 0.038 0.04
0 0.106 0.246 0.048 0.044
0 0.039 0.969 0.03 0.038
0 0.024 0.95 0.028 0.04
0 0.081 0.918 0.034 0.04
0 0.123 0.904 0.034 0.024
0 0.122 0.93 0.02 0.024
0 0.134 0.983 0.04 0.03
0 0.289 0.983 0.042 0.03
0 0.226 0.915 0.06 0.046
0 0.354 0.963 0.048 0.034
0 0.337 0.923 0.058 0.05
0 0.294 0.887 0.036 0.046
0 0.239 0.863 0.022 0.018
0 0.342 0.822 0.056 0.048
0 0.261 0.78 0.034 0.036
0 0.323 0.779 0.05 0.038
0 0.297 0.722 0.038 0.04
0 0.238 0.708 0.036 0.036
0 0.207 0.683 0.03 0.046
0 0.19 0.64 0.044 0.052
0 0.22 0.611 0.044 0.042
0 0.296 0.567 0.04 0.046
0 0.108 0.437 0.06 0.058
0 0.113 0.375 0.038 0.03
0 0.205 0.344 0.03 0.044
0 0.12 0.127 0.06 0.07
0 0.276 0.08 0.028 0.036
0 0.333 0.027 0.03 0.026
0 0.373 0.098 0.042 0.048
0 0.35 0.119 0.048 0.042
0 0.185 0.15 0.038 0.044
0 0.204 0.2 0.028 0.036
0 0.276 0.226 0.032 0.036
0 0.238 0.253 0.02 0.022
0 0.075 0.305 0.038 0.042
0 0.03 0.308 0.028 0.028
0 0.056 0.317 0.024 0.026
0 0.037 0.339 0.058 0.066
0 0.008 0.487 0.016 0.038
0 0.042 0.49 0.044 0.036
0 0.037 0.547 0.034 0.03
0 0.01 0.675 0.02 0.034
0 0.03 0.693 0.02 0.03
0 0.012 0.725 0.024 0.042
0 0.106 0.832 0.04 0.044
0 0.157 0.799 0.03 0.046
0 0.091 0.759 0.058 0.038
0 0.116 0.736 0.036 0.032
0 0.248 0.435 0.036 0.042
0 0.302 0.453 0.032 0.03
0 0.32 0.359 0.036 0.046
0 0.259 0.322 0.022 0.036
0 0.282 0.325 0.036 0.046
0 0.34 0.304 0.036 0.036
0 0.489 0.073 0.042 0.038
0 0.632 0.049 0.036 0.038
0 0.634 0.082 0.024 0.028
0 0.687 0.031 0.05 0.05
0 0.694 0.106 0.044 0.056
0 0.832 0.005 0.024 0.01
0 0.942 0.021 0.032 0.042
0 0.961 0.057 0.058 0.05
0 0.889 0.057 0.046 0.062
0 0.993 0.114 0.01 0.048
0 0.988 0.169 0.02 0.03
0 0.79 0.079 0.052 0.054
0 0.837 0.141 0.042 0.034
0 0.882 0.175 0.04 0.042
0 0.932 0.23 0.04 0.048
0 0.446 0.139 0.032 0.038
0 0.473 0.19 0.022 0.016
0 0.44 0.272 0.068 0.056
0 0.449 0.375 0.062 0.046
0 0.376 0.754 0.048 0.048
0 0.485 0.715 0.05 0.05
0 0.447 0.74 0.034 0.028
0 0.442 0.778 0.036 0.036
0 0.439 0.822 0.038 0.052
0 0.49 0.861 0.024 0.022
0 0.493 0.879 0.034 0.026
0 0.495 0.833 0.042 0.038
0 0.518 0.858 0.016 0.032
0 0.551 0.8 0.022 0.028
0 0.579 0.816 0.034 0.032
0 0.623 0.737 0.05 0.042
0 0.559 0.703 0.046 0.034
0 0.423 0.993 0.022 0.01
0 0.428 0.932 0.036 0.04
0 0.493 0.933 0.034 0.03
0 0.546 0.961 0.036 0.034
0 0.555 0.912 0.034 0.04
0 0.593 0.93 0.034 0.04
0 0.656 0.985 0.068 0.026
0 0.67 0.982 0.032 0.028
0 0.65 0.956 0.036 0.024
0 0.701 0.947 0.014 0.022
0 0.68 0.921 0.04 0.038
0 0.632 0.901 0.036 0.034
0 0.658 0.878 0.04 0.028
0 0.669 0.857 0.034 0.034
0 0.729 0.89 0.046 0.06
0 0.78 0.888 0.056 0.052
0 0.809 0.981 0.034 0.034
0 0.774 0.955 0.028 0.034
0 0.821 0.933 0.026 0.046
0 0.844 0.945 0.024 0.038
0 0.913 0.904 0.054 0.052
0 0.988 0.971 0.02 0.042
0 0.996 0.889 0.004 0.034
0 0.992 0.909 0.012 0.022
0 0.966 0.888 0.036 0.036
0 0.974 0.833 0.036 0.034
0 0.988 0.743 0.02 0.046
0 0.932 0.721 0.052 0.05
0 0.891 0.721 0.026 0.026
0 0.878 0.854 0.04 0.04
0 0.791 0.829 0.042 0.05
0 0.761 0.837 0.03 0.034
0 0.726 0.797 0.036 0.034
0 0.664 0.787 0.056 0.038
0 0.829 0.78 0.05 0.052
0 0.888 0.795 0.04 0.034
0 0.866 0.801 0.028 0.026
0 0.903 0.775 0.026 0.038
0 0.834 0.743 0.036 0.034
0 0.517 0.412 0.05 0.056
0 0.556 0.427 0.024 0.038
0 0.555 0.477 0.042 0.038
0 0.63 0.511 0.044 0.042
0 0.529 0.55 0.042 0.032
0 0.504 0.584 0.048 0.04
0 0.573 0.648 0.03 0.044
0 0.631 0.611 0.038 0.038
0 0.615 0.554 0.038 0.048
0 0.671 0.553 0.03 0.034
0 0.706 0.516 0.032 0.032
0 0.73 0.57 0.036 0.036
0 0.782 0.668 0.032 0.02
0 0.752 0.666 0.02 0.016
0 0.794 0.643 0.036 0.034
0 0.825 0.641 0.034 0.042
0 0.853 0.656 0.026 0.028
0 0.844 0.686 0.032 0.036
0 0.88 0.615 0.028 0.034
0 0.901 0.641 0.026 0.022
0 0.917 0.609 0.042 0.042
0 0.927 0.598 0.062 0.072
0 0.829 0.564 0.054 0.06
0 0.92 0.505 0.04 0.05
0 0.931 0.471 0.026 0.034
0 0.873 0.41 0.046 0.048
0 0.858 0.432 0.028 0.04
0 0.805 0.454 0.042 0.048
0 0.733 0.468 0.042 0.048
0 0.682 0.443 0.052 0.038
0 0.686 0.398 0.024 0.028
0 0.684 0.325 0.032 0.042
0 0.978 0.312 0.036 0.048
0 0.871 0.285 0.026 0.03
0 0.816 0.288 0.04 0.04
0 0.544 0.271 0.044 0.042
0 0.58 0.252 0.036 0.036
0 0.653 0.237 0.038 0.05
0 0.696 0.269 0.028 0.03
0 0.492 0.227 0.028 0.018
0 0.521 0.198 0.05 0.04
0 0.509 0.174 0.034 0.048
0 0.593 0.106 0.046 0.036
0 0.583 0.137 0.034 0.026
0 0.491 0.532 0.03 0.02
0 0.169 0.326 0.034 0.056
1 0.134 0.759 0.016 0.022
1 0.138 0.731 0.016 0.022
1 0.853 0.019 0.022 0.038
1 0.901 0.024 0.018 0.028
1 0.455 0.315 0.022 0.022
1 0.861 0.954 0.014 0.02
1 0.548 0.665 0.024 0.018
1 0.401 0.888 0.022 0.016
1 0.393 0.874 0.014 0.016
1 0.37 0.848 0.012 0.02
1 0.009 0.008 0.018 0.016
1 0.207 0.041 0.014 0.026
1 0.25 0.041 0.016 0.022
1 0.086 0.049 0.016 0.026
1 0.083 0.08 0.026 0.024
1 0.069 0.102 0.022 0.02
1 0.02 0.206 0.02 0.016
1 0.079 0.211 0.018 0.018
1 0.143 0.231 0.014 0.018
1 0.156 0.242 0.016 0.016
1 0.1 0.905 0.008 0.026
1 0.244 0.898 0.028 0.024
1 0.194 0.906 0.008 0.008
1 0.311 0.961 0.022 0.022
1 0.292 0.941 0.024 0.03
1 0.391 0.989 0.026 0.018
1 0.252 0.884 0.012 0.012
1 0.262 0.892 0.02 0.016
1 0.315 0.744 0.018 0.016
1 0.225 0.583 0.018 0.018
1 0.172 0.575 0.02 0.026
1 0.194 0.481 0.02 0.022
1 0.224 0.491 0.016 0.03
1 0.242 0.5 0.024 0.036
1 0.082 0.444 0.024 0.024
1 0.039 0.434 0.03 0.02
1 0.01 0.389 0.016 0.026
1 0.34 0.057 0.012 0.014
1 0.249 0.209 0.014 0.022
1 0.293 0.198 0.018 0.028
1 0.004 0.318 0.008 0.02
1 0.007 0.539 0.014 0.03
1 0.006 0.806 0.012 0.032
1 0.02 0.803 0.012 0.022
1 0.15 0.83 0.008 0.02
1 0.163 0.837 0.014 0.034
1 0.176 0.858 0.02 0.016
1 0.057 0.723 0.014 0.01
1 0.173 0.711 0.006 0.022
1 0.327 0.5 0.018 0.024
1 0.368 0.303 0.016 0.038
1 0.648 0.003 0.036 0.006
1 0.703 0.069 0.026 0.022
1 0.669 0.079 0.018 0.018
1 0.792 0.031 0.024 0.034
1 0.86 0.009 0.02 0.018
1 0.996 0.081 0.004 0.018
1 0.915 0.193 0.022 0.022
1 0.802 0.174 0.04 0.028
1 0.817 0.201 0.022 0.018
1 0.776 0.218 0.024 0.028
1 0.766 0.154 0.016 0.02
1 0.728 0.152 0.02 0.024
1 0.694 0.16 0.02 0.028
1 0.688 0.135 0.008 0.014
1 0.67 0.135 0.008 0.01
1 0.65 0.139 0.016 0.026
1 0.709 0.218 0.034 0.012
1 0.306 0.152 0.02 0.02
1 0.388 0.178 0.02 0.028
1 0.452 0.169 0.016 0.03
1 0.409 0.203 0.018 0.042
1 0.477 0.208 0.018 0.02
1 0.429 0.403 0.022 0.01
1 0.407 0.442 0.006 0.016
1 0.453 0.459 0.018 0.022
1 0.477 0.45 0.018 0.02
1 0.495 0.472 0.022 0.028
1 0.359 0.707 0.018 0.026
1 0.477 0.676 0.022 0.02
1 0.507 0.8 0.018 0.016
1 0.547 0.777 0.026 0.014
1 0.592 0.773 0.02 0.018
1 0.482 0.991 0.028 0.014
1 0.524 0.986 0.016 0.016
1 0.512 0.979 0.008 0.014
1 0.723 0.979 0.022 0.022
1 0.765 0.905 0.022 0.026
1 0.747 0.919 0.022 0.022
1 0.865 0.933 0.014 0.026
1 0.93 0.879 0.016 0.022
1 0.878 0.996 0.032 0.004
1 0.855 0.995 0.014 0.006
1 0.985 0.789 0.026 0.026
1 0.881 0.689 0.01 0.014
1 0.861 0.908 0.014 0.016
1 0.707 0.706 0.022 0.02
1 0.579 0.396 0.018 0.024
1 0.538 0.345 0.02 0.014
1 0.532 0.575 0.02 0.018
1 0.509 0.629 0.014 0.03
1 0.393 0.62 0.022 0.028
1 0.656 0.632 0.02 0.02
1 0.992 0.461 0.012 0.034
1 0.996 0.508 0.004 0.028
1 0.964 0.4 0.02 0.02
1 0.767 0.398 0.022 0.028
1 0.744 0.367 0.024 0.026
1 0.826 0.34 0.012 0.012
1 0.856 0.367 0.024 0.026
1 0.894 0.359 0.02 0.018
1 0.97 0.337 0.028 0.022
1 0.793 0.283 0.014 0.03
1 0.597 0.298 0.034 0.024
1 0.591 0.216 0.022 0.024
1 0.696 0.244 0.028 0.016
1 0.601 0.16 0.018 0.024
1 0.547 0.12 0.034 0.024
1 0.532 0.164 0.012 0.02
1 0.793 0.25 0.034 0.032
1 0.766 0.264 0.02 0.032
1 0.337 0.572 0.01 0.016
1 0.77 0.472 0.016 0.016
1 0.635 0.64 0.018 0.02
1 0.631 0.72 0.014 0.016
1 0.383 0.863 0.014 0.014
2 0.236 0.047 0.024 0.026
2 0.15 0.952 0.028 0.024
2 0.155 0.938 0.014 0.02
2 0.298 0.226 0.012 0.028
2 0.138 0.82 0.012 0.024
2 0.207 0.42 0.026 0.024
2 0.24 0.466 0.02 0.028
2 0.83 0.868 0.028 0.024
2 0.514 0.701 0.04 0.034
2 0.606 0.752 0.016 0.016