0 0.286 0.608 0.048 0.044
0 0.234 0.884 0.056 0.048
0 0.21 0.839 0.044 0.034
0 0.209 0.783 0.05 0.034
0 0.195 0.81 0.034 0.032
0 0.167 0.824 0.022 0.032
0 0.084 0.742 0.048 0.04
0 0.015 0.715 0.026 0.026
0 0.021 0.805 0.038 0.046
0 0.018 0.836 0.036 0.044
0 0.116 0.821 0.02 0.03
0 0.226 0.982 0.052 0.032
0 0.242 0.94 0.036 0.024
0 0.334 0.887 0.032 0.034
0 0.32 0.903 0.028 0.026
0 0.408 0.863 0.04 0.042
0 0.436 0.888 0.052 0.04
0 0.381 0.918 0.046 0.044
0 0.474 0.993 0.028 0.01
0 0.426 0.942 0.02 0.024
0 0.398 0.759 0.044 0.046
0 0.293 0.784 0.026 0.028
0 0.255 0.749 0.014 0.026
0 0.347 0.764 0.034 0.032
0 0.358 0.779 0.024 0.022
0 0.493 0.749 0.038 0.026
0 0.471 0.746 0.018 0.028
0 0.522 0.861 0.04 0.038
0 0.587 0.864 0.042 0.044
0 0.466 0.833 0.012 0.034
0 0.622 0.784 0.036 0.028
0 0.516 0.973 0.032 0.03
0 0.53 0.991 0.016 0.014
0 0.545 0.993 0.03 0.01
0 0.58 0.992 0.028 0.012
0 0.667 0.981 0.042 0.034
0 0.666 0.899 0.052 0.034
0 0.733 0.935 0.038 0.038
0 0.708 0.79 0.032 0.032
0 0.745 0.784 0.034 0.024
0 0.81 0.865 0.04 0.038
0 0.814 0.899 0.044 0.034
0 0.825 0.94 0.034 0.032
0 0.867 0.854 0.018 0.028
0 0.914 0.916 0.032 0.028
0 0.953 0.895 0.046 0.034
0 0.985 0.907 0.026 0.026
0 0.982 0.967 0.032 0.038
0 0.987 0.871 0.022 0.038
0 0.854 0.827 0.044 0.022
0 0.964 0.936 0.044 0.032
0 0.84 0.859 0.036 0.046
0 0.991 0.835 0.014 0.022
0 0.967 0.849 0.018 0.026
0 0.953 0.732 0.046 0.04
0 0.984 0.696 0.028 0.04
0 0.988 0.764 0.02 0.04
0 0.991 0.729 0.014 0.014
0 0.913 0.729 0.03 0.034
0 0.823 0.758 0.042 0.032
0 0.839 0.718 0.042 0.036
0 0.893 0.681 0.034 0.026
0 0.792 0.728 0.04 0.032
0 0.845 0.655 0.034 0.038
0 0.826 0.673 0.028 0.018
0 0.962 0.636 0.04 0.04
0 0.923 0.641 0.038 0.034
0 0.74 0.741 0.048 0.034
0 0.071 0.67 0.054 0.04
0 0.047 0.672 0.01 0.02
0 0.158 0.669 0.028 0.038
0 0.136 0.639 0.032 0.03
0 0.183 0.656 0.026 0.032
0 0.099 0.596 0.034 0.036
0 0.137 0.541 0.042 0.046
0 0.054 0.493 0.032 0.046
0 0.223 0.524 0.058 0.052
0 0.283 0.475 0.054 0.046
0 0.389 0.532 0.038 0.044
0 0.348 0.515 0.012 0.022
0 0.418 0.608 0.036 0.032
0 0.48 0.608 0.044 0.048
0 0.472 0.553 0.028 0.042
0 0.498 0.559 0.024 0.03
0 0.424 0.555 0.024 0.018
0 0.508 0.671 0.032 0.03
0 0.531 0.71 0.038 0.032
0 0.424 0.665 0.032 0.042
0 0.451 0.678 0.026 0.032
0 0.468 0.686 0.012 0.024
0 0.682 0.656 0.036 0.04
0 0.607 0.705 0.034 0.03
0 0.602 0.656 0.016 0.024
0 0.619 0.509 0.034 0.042
0 0.684 0.517 0.036 0.034
0 0.738 0.533 0.036 0.042
0 0.737 0.563 0.046 0.026
0 0.697 0.61 0.038 0.04
0 0.872 0.519 0.04 0.042
0 0.902 0.442 0.028 0.032
0 0.929 0.452 0.03 0.028
0 0.839 0.551 0.042 0.022
0 0.989 0.424 0.018 0.036
0 0.995 0.522 0.006 0.028
0 0.842 0.408 0.048 0.028
0 0.863 0.377 0.034 0.022
0 0.927 0.389 0.042 0.026
0 0.87 0.348 0.044 0.032
0 0.711 0.44 0.03 0.04
0 0.962 0.259 0.048 0.03
0 0.918 0.285 0.048 0.03
0 0.639 0.459 0.038 0.03
0 0.579 0.576 0.022 0.016
0 0.528 0.474 0.036 0.032
0 0.562 0.421 0.032 0.042
0 0.666 0.38 0.04 0.036
0 0.815 0.311 0.046 0.034
0 0.838 0.349 0.032 0.018
0 0.015 0.342 0.03 0.052
0 0.126 0.343 0.048 0.054
0 0.06 0.271 0.024 0.038
0 0.217 0.398 0.034 0.032
0 0.151 0.307 0.018 0.03
0 0.179 0.392 0.034 0.04
0 0.063 0.371 0.022 0.034
0 0.069 0.386 0.018 0.024
0 0.298 0.429 0.044 0.038
0 0.359 0.408 0.042 0.048
0 0.17 0.446 0.032 0.04
0 0.319 0.332 0.05 0.048
0 0.413 0.335 0.038 0.038
0 0.421 0.306 0.034 0.044
0 0.251 0.288 0.014 0.028
0 0.257 0.377 0.014 0.022
0 0.486 0.37 0.028 0.04
0 0.517 0.308 0.05 0.044
0 0.569 0.349 0.034 0.034
0 0.506 0.36 0.024 0.032
0 0.373 0.262 0.03 0.04
0 0.483 0.188 0.022 0.028
0 0.498 0.196 0.028 0.024
0 0.536 0.174 0.052 0.052
0 0.622 0.218 0.036 0.036
0 0.626 0.246 0.036 0.032
0 0.558 0.234 0.052 0.024
0 0.527 0.118 0.038 0.032
0 0.597 0.137 0.042 0.034
0 0.724 0.216 0.024 0.028
0 0.782 0.155 0.024 0.034
0 0.803 0.158 0.018 0.024
0 0.817 0.117 0.03 0.034
0 0.842 0.123 0.02 0.03
0 0.657 0.114 0.038 0.032
0 0.737 0.077 0.026 0.038
0 0.755 0.074 0.026 0.024
0 0.796 0.091 0.024 0.034
0 0.881 0.157 0.05 0.034
0 0.909 0.185 0.05 0.034
0 0.94 0.1 0.048 0.032
0 0.941 0.156 0.05 0.028
0 0.917 0.218 0.03 0.036
0 0.937 0.219 0.022 0.022
0 0.971 0.11 0.022 0.02
0 0.982 0.077 0.02 0.042
0 0.993 0.077 0.01 0.034
0 0.975 0.008 0.046 0.012
0 0.86 0.012 0.024 0.02
0 0.874 0.01 0.016 0.016
0 0.907 0.062 0.03 0.02
0 0.937 0.048 0.022 0.02
0 0.918 0.038 0.04 0.052
0 0.598 0.043 0.032 0.022
0 0.611 0.083 0.014 0.03
0 0.634 0.032 0.032 0.024
0 0.45 0.016 0.028 0.028
0 0.426 0.062 0.024 0.02
0 0.281 0.167 0.038 0.046
0 0.375 0.178 0.042 0.036
0 0.23 0.215 0.044 0.054
0 0.021 0.063 0.034 0.054
0 0.044 0.075 0.02 0.042
0 0.197 0.022 0.054 0.032
0 0.138 0.1 0.036 0.036
0 0.07 0.008 0.04 0.012
0 0.277 0.103 0.034 0.042
0 0.309 0.044 0.038 0.04
0 0.109 0.183 0.026 0.03
0 0.167 0.215 0.058 0.058
0 0.209 0.18 0.026 0.024
0 0.012 0.176 0.024 0.04
0 0.788 0.424 0.012 0.032
0 0.798 0.41 0.048 0.032
0 0.596 0.276 0.024 0.028
0 0.617 0.278 0.018 0.02
0 0.577 0.274 0.014 0.024
0 0.496 0.478 0.036 0.032
0 0.488 0.499 0.04 0.022
0 0.652 0.52 0.036 0.032
0 0.993 0.231 0.01 0.022
0 0.985 0.462 0.022 0.02
0 0.837 0.512 0.022 0.024
1 0.921 0.839 0.01 0.014
1 0.321 0.658 0.018 0.016
1 0.849 0.574 0.014 0.012
1 0.699 0.469 0.018 0.014
1 0.574 0.197 0.024 0.018
1 0.728 0.136 0.024 0.02
1 0.48 0.012 0.016 0.02
1 0.32 0.115 0.02 0.03
1 0.111 0.057 0.01 0.018
1 0.142 0.163 0.02 0.018
2 0.079 0.91 0.026 0.024
2 0.058 0.919 0.016 0.022
2 0.064 0.879 0.012 0.018
2 0.038 0.769 0.024 0.018
2 0.067 0.764 0.022 0.016
2 0.172 0.871 0.02 0.03
2 0.194 0.888 0.02 0.036
2 0.27 0.914 0.02 0.02
2 0.348 0.975 0.036 0.046
2 0.297 0.721 0.018 0.026
2 0.319 0.728 0.014 0.016
2 0.314 0.792 0.02 0.016
2 0.288 0.762 0.016 0.012
2 0.4 0.804 0.012 0.012
2 0.461 0.781 0.026 0.022
2 0.521 0.776 0.038 0.024
2 0.624 0.808 0.024 0.012
2 0.637 0.823 0.022 0.034
2 0.507 0.941 0.014 0.018
2 0.523 0.956 0.022 0.012
2 0.715 0.85 0.046 0.036
2 0.891 0.949 0.038 0.03
2 0.943 0.846 0.034 0.028
2 0.749 0.835 0.018 0.018
2 0.143 0.626 0.042 0.028
2 0.026 0.567 0.028 0.034
2 0.357 0.495 0.018 0.018
2 0.44 0.573 0.016 0.026
2 0.453 0.581 0.018 0.022
2 0.331 0.555 0.014 0.014
2 0.295 0.541 0.022 0.018
2 0.596 0.628 0.028 0.036
2 0.566 0.709 0.028 0.026
2 0.619 0.726 0.038 0.02
2 0.805 0.607 0.03 0.018
2 0.964 0.497 0.024 0.014
2 0.926 0.543 0.032 0.022
2 0.183 0.336 0.022 0.024
2 0.164 0.354 0.02 0.016
2 0.011 0.42 0.022 0.044
2 0.273 0.361 0.038 0.046
2 0.509 0.417 0.014 0.018
2 0.513 0.381 0.022 0.018
2 0.481 0.303 0.018 0.018
2 0.813 0.093 0.026 0.03
2 0.734 0.152 0.028 0.024
2 0.944 0.128 0.048 0.024
2 0.95 0.19 0.036 0.024
2 0.968 0.152 0.032 0.028
2 0.986 0.026 0.024 0.016
2 0.821 0.038 0.038 0.02
2 0.699 0.045 0.026 0.014
2 0.523 0.013 0.03 0.022
2 0.405 0.154 0.034 0.032
2 0.161 0.017 0.022 0.014
2 0.073 0.06 0.038 0.032
2 0.356 0.033 0.024 0.034
2 0.342 0.047 0.044 0.05
2 0.698 0.419 0.04 0.018
2 0.727 0.446 0.03 0.02
2 0.881 0.243 0.042 0.022
2 0.781 0.218 0.014 0.024
2 0.521 0.502 0.03 0.024
2 0.534 0.574 0.024 0.028
2 0.908 0.317 0.02 0.026
2 0.497 0.074 0.05 0.028
2 0.268 0.01 0.048 0.016
2 0.464 0.227 0.028 0.018
2 0.691 0.261 0.03 0.03
2 0.718 0.24 0.02 0.028
2 0.924 0.363 0.024 0.014
2 0.896 0.623 0.024 0.022
0 0.211 0.783 0.054 0.034
0 0.368 0.766 0.076 0.04
0 0.409 0.862 0.046 0.044
0 0.437 0.887 0.054 0.038
0 0.525 0.858 0.046 0.044
0 0.591 0.865 0.046 0.046
0 0.666 0.9 0.056 0.036
0 0.734 0.935 0.04 0.038
0 0.668 0.981 0.044 0.034
0 0.827 0.938 0.038 0.04
0 0.892 0.95 0.04 0.032
0 0.914 0.919 0.036 0.034
0 0.966 0.934 0.048 0.036
0 0.813 0.899 0.046 0.034
0 0.81 0.864 0.044 0.044
0 0.841 0.86 0.038 0.048
0 0.854 0.827 0.048 0.03
0 0.823 0.758 0.042 0.032
0 0.839 0.72 0.05 0.04
0 0.791 0.727 0.046 0.034
0 0.741 0.744 0.05 0.036
0 0.744 0.783 0.04 0.03
0 0.707 0.79 0.034 0.032
0 0.714 0.85 0.044 0.04
0 0.946 0.845 0.06 0.038
0 0.986 0.763 0.024 0.046
0 0.953 0.73 0.054 0.044
0 0.913 0.728 0.038 0.036
0 0.983 0.693 0.03 0.046
0 0.892 0.681 0.04 0.034
0 0.961 0.634 0.046 0.044
0 0.92 0.638 0.044 0.04
0 0.871 0.521 0.042 0.046
0 0.915 0.446 0.058 0.04
0 0.989 0.425 0.018 0.038
0 0.929 0.39 0.046 0.032
0 0.843 0.408 0.05 0.032
0 0.864 0.375 0.04 0.026
0 0.869 0.346 0.046 0.032
0 0.816 0.309 0.052 0.042
0 0.834 0.35 0.032 0.024
0 0.918 0.287 0.052 0.042
0 0.965 0.258 0.054 0.036
0 0.937 0.217 0.03 0.026
0 0.912 0.217 0.024 0.038
0 0.909 0.184 0.054 0.044
0 0.882 0.156 0.056 0.036
0 0.825 0.118 0.054 0.04
0 0.802 0.091 0.044 0.038
0 0.823 0.04 0.046 0.036
0 0.869 0.012 0.05 0.02
0 0.921 0.047 0.058 0.062
0 0.984 0.073 0.028 0.05
0 0.986 0.03 0.024 0.032
0 0.972 0.009 0.052 0.014
0 0.937 0.1 0.042 0.032
0 0.943 0.127 0.05 0.022
0 0.957 0.154 0.078 0.036
0 0.993 0.231 0.01 0.034
0 0.884 0.242 0.048 0.032
0 0.789 0.154 0.05 0.04
0 0.747 0.075 0.054 0.042
0 0.658 0.114 0.044 0.036
0 0.729 0.216 0.038 0.032
0 0.627 0.242 0.038 0.032
0 0.595 0.277 0.07 0.038
0 0.559 0.233 0.058 0.03
0 0.619 0.212 0.034 0.032
0 0.598 0.138 0.044 0.036
0 0.527 0.117 0.038 0.034
0 0.536 0.173 0.052 0.05
0 0.492 0.19 0.04 0.036
0 0.635 0.031 0.034 0.038
0 0.597 0.038 0.034 0.032
0 0.533 0.015 0.074 0.026
0 0.453 0.021 0.042 0.038
0 0.481 0.013 0.022 0.022
0 0.708 0.04 0.048 0.028
0 0.324 0.039 0.08 0.066
0 0.204 0.023 0.072 0.038
0 0.072 0.013 0.044 0.022
0 0.035 0.067 0.066 0.062
0 0.145 0.104 0.058 0.048
0 0.277 0.103 0.042 0.05
0 0.28 0.165 0.048 0.046
0 0.109 0.181 0.03 0.034
0 0.168 0.214 0.068 0.064
0 0.229 0.215 0.042 0.054
0 0.211 0.18 0.034 0.032
0 0.375 0.177 0.046 0.038
0 0.372 0.261 0.032 0.042
0 0.414 0.335 0.044 0.038
0 0.422 0.303 0.036 0.046
0 0.484 0.368 0.032 0.044
0 0.513 0.367 0.034 0.046
0 0.563 0.419 0.038 0.046
0 0.638 0.458 0.04 0.032
0 0.618 0.51 0.036 0.048
0 0.653 0.521 0.038 0.034
0 0.687 0.519 0.034 0.034
0 0.739 0.534 0.042 0.036
0 0.737 0.563 0.046 0.03
0 0.531 0.475 0.046 0.038
0 0.508 0.486 0.08 0.06
0 0.486 0.552 0.056 0.044
0 0.479 0.606 0.046 0.056
0 0.449 0.577 0.038 0.042
0 0.423 0.556 0.026 0.028
0 0.387 0.533 0.042 0.046
0 0.416 0.607 0.04 0.038
0 0.426 0.668 0.04 0.048
0 0.452 0.677 0.02 0.038
0 0.514 0.667 0.04 0.038
0 0.527 0.709 0.046 0.034
0 0.488 0.747 0.048 0.03
0 0.622 0.785 0.04 0.03
0 0.63 0.822 0.04 0.04
0 0.522 0.777 0.044 0.03
0 0.396 0.759 0.048 0.046
0 0.375 0.915 0.046 0.046
0 0.327 0.894 0.046 0.048
0 0.23 0.883 0.068 0.046
0 0.211 0.836 0.046 0.036
0 0.194 0.809 0.036 0.026
0 0.227 0.98 0.054 0.036
0 0.241 0.941 0.038 0.026
0 0.351 0.973 0.042 0.05
0 0.285 0.606 0.05 0.048
0 0.223 0.524 0.062 0.052
0 0.139 0.542 0.05 0.056
0 0.097 0.598 0.042 0.048
0 0.141 0.632 0.054 0.052
0 0.157 0.668 0.026 0.044
0 0.183 0.656 0.026 0.036
0 0.283 0.475 0.058 0.05
0 0.298 0.432 0.052 0.048
0 0.358 0.407 0.044 0.05
0 0.321 0.333 0.05 0.05
0 0.216 0.396 0.036 0.036
0 0.179 0.393 0.038 0.05
0 0.129 0.347 0.054 0.062
0 0.055 0.493 0.034 0.046
0 0.014 0.418 0.028 0.056
0 0.016 0.339 0.032 0.062
0 0.062 0.273 0.024 0.05
0 0.013 0.175 0.026 0.05
0 0.264 0.013 0.056 0.022
0 0.406 0.153 0.036 0.038
0 0.519 0.307 0.058 0.046
0 0.567 0.348 0.038 0.036
0 0.668 0.378 0.048 0.036
0 0.718 0.442 0.048 0.044
0 0.795 0.409 0.05 0.038
0 0.839 0.553 0.046 0.03
0 0.805 0.607 0.034 0.026
0 0.846 0.654 0.04 0.04
0 0.699 0.608 0.05 0.04
0 0.684 0.656 0.044 0.044
0 0.613 0.712 0.054 0.048
0 0.531 0.575 0.034 0.03
0 0.952 0.893 0.048 0.038
0 0.983 0.908 0.03 0.028
0 0.986 0.87 0.024 0.04
0 0.991 0.834 0.014 0.028
0 0.993 0.518 0.01 0.04
0 0.076 0.676 0.072 0.056
0 0.084 0.741 0.052 0.042
0 0.016 0.716 0.032 0.032
0 0.022 0.804 0.04 0.044
0 0.02 0.839 0.04 0.042
0 0.2 0.889 0.036 0.042
0 0.507 0.945 0.05 0.038
0 0.516 0.974 0.036 0.032
0 0.541 0.99 0.046 0.016
0 0.581 0.992 0.03 0.012
0 0.475 0.993 0.03 0.01
0 0.743 0.996 0.022 0.004
0 0.821 0.995 0.022 0.006
0 0.983 0.965 0.03 0.038
0 0.993 0.991 0.01 0.018
1 0.971 0.109 0.026 0.022
1 0.727 0.134 0.026 0.02
1 0.731 0.152 0.034 0.024
1 0.716 0.24 0.028 0.028
1 0.78 0.215 0.02 0.03
1 0.575 0.194 0.026 0.024
1 0.611 0.081 0.018 0.03
1 0.428 0.064 0.028 0.024
1 0.157 0.016 0.022 0.024
1 0.112 0.056 0.016 0.024
1 0.006 0.036 0.012 0.024
1 0.32 0.116 0.024 0.032
1 0.142 0.164 0.028 0.028
1 0.204 0.221 0.024 0.018
1 0.325 0.969 0.018 0.03
1 0.425 0.94 0.026 0.028
1 0.466 0.84 0.012 0.04
1 0.302 0.781 0.048 0.034
1 0.257 0.75 0.018 0.028
1 0.297 0.718 0.022 0.024
1 0.321 0.656 0.022 0.024
1 0.164 0.354 0.024 0.02
1 0.182 0.334 0.028 0.028
1 0.251 0.289 0.018 0.03
1 0.151 0.306 0.018 0.028
1 0.171 0.443 0.034 0.042
1 0.07 0.386 0.02 0.024
1 0.062 0.367 0.024 0.038
1 0.094 0.488 0.032 0.02
1 0.015 0.5 0.022 0.04
1 0.026 0.565 0.028 0.034
1 0.698 0.468 0.02 0.016
1 0.788 0.425 0.012 0.03
1 0.837 0.513 0.026 0.03
1 0.849 0.575 0.018 0.018
1 0.823 0.673 0.026 0.018
1 0.578 0.576 0.028 0.024
1 0.604 0.656 0.02 0.02
1 0.671 0.731 0.018 0.018
1 0.469 0.686 0.014 0.028
1 0.75 0.837 0.02 0.018
1 0.867 0.855 0.026 0.03
1 0.99 0.725 0.016 0.026
1 0.964 0.496 0.024 0.02
1 0.983 0.463 0.026 0.026
1 0.91 0.316 0.024 0.028
1 0.92 0.363 0.032 0.018
1 0.364 0.495 0.032 0.03
1 0.349 0.514 0.018 0.028
1 0.296 0.543 0.032 0.022
1 0.328 0.554 0.024 0.028
1 0.363 0.596 0.022 0.024
1 0.077 0.909 0.034 0.03
1 0.065 0.879 0.014 0.018
1 0.058 0.918 0.02 0.024
1 0.117 0.82 0.022 0.032
1 0.167 0.824 0.022 0.036
1 0.172 0.87 0.02 0.028
1 0.268 0.914 0.032 0.028
1 0.186 0.739 0.02 0.026
1 0.134 0.689 0.04 0.034
1 0.067 0.765 0.026 0.014
1 0.044 0.774 0.036 0.024
1 0.005 0.671 0.01 0.034
1 0.402 0.805 0.016 0.018
1 0.508 0.416 0.024 0.028
1 0.454 0.392 0.024 0.02
2 0.961 0.191 0.062 0.042
2 0.993 0.185 0.01 0.038
2 0.751 0.273 0.026 0.03
2 0.773 0.264 0.022 0.024
2 0.691 0.263 0.042 0.03
2 0.496 0.075 0.052 0.03
2 0.461 0.056 0.026 0.02
2 0.072 0.061 0.044 0.042
2 0.468 0.781 0.048 0.026
2 0.326 0.731 0.028 0.026
2 0.271 0.362 0.046 0.056
2 0.356 0.033 0.028 0.054
2 0.461 0.226 0.034 0.028
2 0.525 0.218 0.046 0.028
2 0.479 0.297 0.026 0.034
2 0.471 0.333 0.03 0.03
2 0.7 0.418 0.04 0.028
2 0.596 0.627 0.032 0.046
2 0.566 0.709 0.028 0.03
2 0.626 0.746 0.024 0.032
2 0.909 0.822 0.03 0.032
2 0.898 0.621 0.032 0.03
2 0.925 0.541 0.038 0.026
2 0.546 0.93 0.028 0.024
2 0.629 0.934 0.03 0.024
2 0.714 0.907 0.024 0.022
2 0.359 0.822 0.026 0.036
2 0.233 0.754 0.026 0.02
2 0.661 0.32 0.038 0.028