0 0.836 0.923 0.072 0.046
0 0.97 0.984 0.052 0.028
0 0.839 0.971 0.042 0.034
0 0.823 0.98 0.026 0.032
0 0.976 0.924 0.036 0.036
0 0.978 0.888 0.04 0.032
0 0.912 0.824 0.04 0.04
0 0.884 0.854 0.044 0.032
0 0.743 0.933 0.066 0.034
0 0.645 0.979 0.038 0.038
0 0.606 0.964 0.044 0.028
0 0.736 0.881 0.04 0.018
0 0.984 0.785 0.028 0.034
0 0.957 0.762 0.054 0.028
0 0.907 0.694 0.05 0.036
0 0.854 0.659 0.044 0.038
0 0.838 0.666 0.02 0.02
0 0.808 0.668 0.048 0.032
0 0.851 0.721 0.046 0.034
0 0.753 0.807 0.038 0.034
0 0.708 0.811 0.04 0.038
0 0.59 0.831 0.04 0.038
0 0.501 0.968 0.042 0.028
0 0.487 0.984 0.026 0.02
0 0.395 0.982 0.022 0.02
0 0.297 0.962 0.042 0.032
0 0.334 0.932 0.044 0.032
0 0.353 0.916 0.034 0.024
0 0.386 0.895 0.036 0.03
0 0.444 0.832 0.056 0.044
0 0.397 0.835 0.042 0.03
0 0.434 0.784 0.048 0.032
0 0.493 0.782 0.026 0.04
0 0.467 0.78 0.03 0.032
0 0.545 0.815 0.026 0.026
0 0.65 0.78 0.072 0.04
0 0.137 0.979 0.034 0.03
0 0.107 0.99 0.03 0.016
0 0.229 0.938 0.042 0.032
0 0.207 0.944 0.022 0.024
0 0.157 0.94 0.042 0.028
0 0.973 0.225 0.05 0.042
0 0.946 0.147 0.048 0.03
0 0.883 0.111 0.054 0.042
0 0.897 0.14 0.046 0.024
0 0.817 0.114 0.046 0.036
0 0.802 0.15 0.064 0.028
0 0.785 0.198 0.038 0.028
0 0.728 0.186 0.052 0.032
0 0.681 0.221 0.058 0.03
0 0.623 0.165 0.066 0.042
0 0.57 0.208 0.06 0.028
0 0.981 0.043 0.034 0.062
0 0.914 0.044 0.06 0.036
0 0.791 0.019 0.054 0.034
0 0.7 0.108 0.044 0.028
0 0.541 0.159 0.05 0.026
0 0.481 0.107 0.046 0.034
0 0.513 0.071 0.046 0.042
0 0.605 0.057 0.042 0.034
0 0.788 0.26 0.048 0.052
0 0.857 0.301 0.03 0.026
0 0.816 0.428 0.048 0.044
0 0.842 0.401 0.064 0.034
0 0.792 0.359 0.048 0.03
0 0.979 0.595 0.038 0.034
0 0.869 0.529 0.05 0.03
0 0.799 0.56 0.042 0.036
0 0.749 0.493 0.042 0.034
0 0.732 0.612 0.044 0.024
0 0.672 0.597 0.064 0.034
0 0.626 0.549 0.048 0.026
0 0.693 0.405 0.05 0.038
0 0.604 0.425 0.056 0.03
0 0.571 0.408 0.046 0.032
0 0.564 0.372 0.044 0.032
0 0.615 0.305 0.046 0.034
0 0.457 0.265 0.062 0.058
0 0.557 0.737 0.054 0.034
0 0.62 0.67 0.04 0.036
0 0.587 0.676 0.03 0.028
0 0.837 0.786 0.046 0.036
0 0.652 0.516 0.036 0.036
0 0.629 0.507 0.042 0.03
0 0.566 0.58 0.04 0.036
0 0.561 0.525 0.03 0.026
0 0.493 0.561 0.054 0.034
0 0.473 0.359 0.042 0.03
0 0.409 0.477 0.05 0.03
0 0.412 0.435 0.036 0.03
0 0.424 0.401 0.048 0.026
0 0.077 0.647 0.054 0.062
0 0.071 0.297 0.078 0.046
0 0.091 0.252 0.062 0.036
0 0.099 0.186 0.078 0.044
0 0.124 0.405 0.044 0.05
0 0.116 0.364 0.048 0.04
0 0.073 0.377 0.034 0.03
0 0.341 0.072 0.042 0.044
0 0.319 0.057 0.066 0.042
0 0.239 0.031 0.038 0.042
0 0.269 0.068 0.046 0.072
0 0.301 0.133 0.082 0.046
0 0.228 0.239 0.072 0.058
0 0.199 0.211 0.05 0.042
0 0.224 0.119 0.036 0.018
0 0.159 0.091 0.038 0.038
0 0.37 0.317 0.088 0.042
0 0.362 0.357 0.048 0.038
0 0.304 0.438 0.056 0.04
0 0.277 0.4 0.062 0.044
0 0.211 0.883 0.062 0.03
0 0.25 0.864 0.052 0.032
0 0.297 0.803 0.066 0.038
0 0.279 0.607 0.038 0.038
0 0.257 0.582 0.062 0.032
0 0.487 0.649 0.046 0.034
0 0.47 0.637 0.044 0.05
0 0.407 0.574 0.074 0.044
0 0.469 0.743 0.046 0.022
0 0.438 0.742 0.032 0.032
0 0.354 0.521 0.044 0.034
0 0.41 0.712 0.052 0.036
0 0.326 0.682 0.044 0.028
0 0.291 0.695 0.034 0.026
0 0.288 0.752 0.044 0.032
0 0.233 0.784 0.038 0.04
0 0.353 0.63 0.038 0.032
0 0.093 0.834 0.05 0.032
0 0.158 0.609 0.052 0.042
0 0.279 0.342 0.03 0.048
1 0.918 0.962 0.016 0.016
1 0.856 0.85 0.016 0.016
1 0.694 0.884 0.008 0.02
1 0.683 0.876 0.014 0.024
1 0.551 0.992 0.038 0.012
1 0.609 0.775 0.014 0.022
1 0.632 0.796 0.02 0.016
1 0.884 0.157 0.02 0.018
1 0.685 0.152 0.022 0.04
1 0.922 0.241 0.028 0.018
1 0.695 0.013 0.042 0.022
1 0.905 0.158 0.022 0.012
1 0.871 0.168 0.022 0.02
1 0.865 0.176 0.014 0.012
1 0.854 0.186 0.036 0.016
1 0.894 0.345 0.048 0.038
1 0.831 0.27 0.022 0.028
1 0.863 0.368 0.034 0.028
1 0.815 0.344 0.026 0.02
1 0.971 0.467 0.026 0.026
1 0.959 0.434 0.026 0.036
1 0.843 0.586 0.014 0.024
1 0.721 0.479 0.022 0.018
1 0.676 0.487 0.02 0.026
1 0.653 0.482 0.03 0.024
1 0.767 0.418 0.034 0.028
1 0.731 0.243 0.014 0.014
1 0.7 0.325 0.028 0.03
1 0.667 0.303 0.026 0.018
1 0.669 0.318 0.01 0.008
1 0.651 0.311 0.014 0.022
1 0.649 0.407 0.026 0.026
1 0.51 0.362 0.016 0.02
1 0.548 0.283 0.024 0.022
1 0.504 0.551 0.02 0.014
1 0.506 0.536 0.016 0.016
1 0.442 0.366 0.028 0.024
1 0.42 0.359 0.036 0.034
1 0.137 0.328 0.022 0.02
1 0.089 0.278 0.022 0.02
1 0.031 0.322 0.022 0.024
1 0.392 0.092 0.024 0.024
1 0.214 0.056 0.024 0.024
1 0.158 0.054 0.028 0.028
1 0.243 0.421 0.022 0.022
1 0.341 0.183 0.026 0.026
1 0.277 0.228 0.022 0.028
1 0.299 0.26 0.026 0.028
1 0.259 0.265 0.046 0.026
1 0.267 0.91 0.014 0.02
1 0.237 0.83 0.042 0.024
1 0.444 0.623 0.02 0.022
1 0.501 0.617 0.018 0.014
1 0.258 0.76 0.02 0.024
1 0.272 0.725 0.028 0.026
1 0.196 0.77 0.016 0.024
1 0.161 0.795 0.03 0.038
1 0.263 0.499 0.022 0.022
1 0.194 0.502 0.02 0.028
1 0.187 0.48 0.034 0.02
1 0.157 0.428 0.03 0.032
1 0.178 0.577 0.032 0.03
1 0.055 0.916 0.026 0.016
1 0.042 0.896 0.024 0.032
1 0.012 0.791 0.02 0.026
1 0.031 0.792 0.03 0.028
1 0.527 0.486 0.026 0.02
1 0.307 0.349 0.014 0.018
1 0.3 0.339 0.016 0.01
1 0.219 0.324 0.018 0.028
1 0.052 0.445 0.028 0.026
1 0.32 0.211 0.02 0.03
1 0.304 0.213 0.016 0.018
1 0.221 0.15 0.034 0.024
1 0.124 0.095 0.008 0.01
1 0.021 0.024 0.018 0.028
2 0.99 0.437 0.016 0.026
2 0.804 0.728 0.024 0.024
2 0.714 0.528 0.02 0.02
2 0.425 0.586 0.014 0.016
2 0.376 0.713 0.012 0.014
2 0.343 0.71 0.018 0.016
2 0.042 0.882 0.012 0.016
2 0.548 0.874 0.028 0.016
2 0.552 0.481 0.032 0.03
2 0.581 0.453 0.014 0.018
2 0.592 0.452 0.008 0.012