0 0.353 0.361 0.038 0.03
0 0.387 0.368 0.034 0.036
0 0.453 0.341 0.03 0.054
0 0.416 0.295 0.04 0.038
0 0.265 0.314 0.034 0.032
0 0.301 0.239 0.03 0.038
0 0.29 0.133 0.028 0.042
0 0.208 0.199 0.032 0.03
0 0.134 0.238 0.052 0.06
0 0.097 0.247 0.034 0.038
0 0.032 0.26 0.032 0.048
0 0.019 0.317 0.038 0.038
0 0.046 0.397 0.032 0.05
0 0.143 0.451 0.038 0.038
0 0.03 0.506 0.04 0.04
0 0.033 0.472 0.046 0.032
0 0.08 0.543 0.028 0.034
0 0.14 0.537 0.028 0.034
0 0.119 0.613 0.026 0.038
0 0.119 0.584 0.034 0.028
0 0.089 0.725 0.034 0.03
0 0.056 0.75 0.036 0.032
0 0.117 0.741 0.054 0.066
0 0.498 0.792 0.032 0.036
0 0.551 0.796 0.034 0.036
0 0.582 0.831 0.036 0.046
0 0.518 0.846 0.032 0.048
0 0.612 0.833 0.032 0.042
0 0.489 0.896 0.038 0.036
0 0.435 0.883 0.034 0.038
0 0.425 0.945 0.038 0.038
0 0.442 0.913 0.028 0.034
0 0.517 0.946 0.038 0.036
0 0.553 0.989 0.034 0.018
0 0.612 0.981 0.04 0.034
0 0.581 0.93 0.038 0.032
0 0.414 0.834 0.036 0.044
0 0.362 0.731 0.04 0.062
0 0.458 0.74 0.044 0.048
0 0.57 0.731 0.036 0.054
0 0.679 0.772 0.034 0.048
0 0.729 0.706 0.03 0.04
0 0.706 0.724 0.032 0.032
0 0.777 0.762 0.03 0.048
0 0.837 0.814 0.03 0.044
0 0.894 0.84 0.032 0.044
0 0.822 0.839 0.02 0.03
0 0.946 0.821 0.028 0.042
0 0.955 0.78 0.034 0.044
0 0.931 0.763 0.03 0.03
0 0.905 0.755 0.03 0.038
0 0.953 0.663 0.038 0.058
0 0.852 0.664 0.032 0.048
0 0.989 0.607 0.018 0.042
0 0.981 0.555 0.034 0.038
0 0.942 0.483 0.028 0.034
0 0.895 0.451 0.03 0.038
0 0.907 0.38 0.034 0.048
0 0.988 0.361 0.02 0.054
0 0.904 0.316 0.04 0.048
0 0.962 0.316 0.032 0.04
0 0.853 0.335 0.03 0.046
0 0.791 0.355 0.026 0.046
0 0.814 0.274 0.036 0.044
0 0.829 0.223 0.038 0.046
0 0.761 0.204 0.022 0.048
0 0.801 0.171 0.03 0.034
0 0.862 0.161 0.032 0.038
0 0.917 0.121 0.03 0.038
0 0.964 0.209 0.032 0.054
0 0.923 0.266 0.03 0.048
0 0.716 0.089 0.028 0.042
0 0.748 0.067 0.024 0.046
0 0.732 0.013 0.036 0.022
0 0.731 0.038 0.026 0.032
0 0.64 0.087 0.04 0.046
0 0.606 0.066 0.028 0.04
0 0.582 0.017 0.044 0.03
0 0.612 0.006 0.02 0.008
0 0.466 0.111 0.044 0.046
0 0.423 0.138 0.03 0.04
0 0.527 0.186 0.042 0.048
0 0.545 0.219 0.014 0.034
0 0.569 0.203 0.022 0.03
0 0.608 0.197 0.032 0.038
0 0.643 0.258 0.042 0.06
0 0.602 0.344 0.036 0.032
0 0.588 0.331 0.024 0.034
0 0.657 0.341 0.03 0.034
0 0.698 0.358 0.028 0.036
0 0.503 0.39 0.034 0.044
0 0.566 0.484 0.024 0.028
0 0.602 0.471 0.028 0.042
0 0.42 0.607 0.04 0.038
0 0.466 0.616 0.032 0.036
0 0.534 0.562 0.036 0.048
0 0.264 0.5 0.036 0.036
0 0.282 0.538 0.052 0.036
0 0.252 0.551 0.028 0.026
0 0.323 0.566 0.034 0.04
0 0.366 0.536 0.032 0.032
0 0.229 0.455 0.034 0.038
0 0.275 0.403 0.042 0.038
0 0.183 0.348 0.038 0.04
0 0.185 0.317 0.042 0.026
0 0.163 0.373 0.042 0.046
0 0.18 0.43 0.02 0.028
0 0.092 0.487 0.032 0.038
0 0.099 0.432 0.018 0.036
0 0.312 0.437 0.036 0.042
0 0.024 0.141 0.048 0.042
0 0.09 0.081 0.04 0.042
0 0.121 0.098 0.03 0.028
0 0.236 0.043 0.032 0.05
0 0.187 0.067 0.03 0.034
0 0.172 0.047 0.036 0.042
0 0.299 0.08 0.038 0.032
0 0.008 0.039 0.016 0.046
0 0.027 0.012 0.026 0.02
0 0.01 0.01 0.02 0.016
0 0.26 0.141 0.024 0.026
0 0.342 0.285 0.036 0.034
0 0.465 0.429 0.03 0.018
0 0.593 0.564 0.034 0.04
0 0.706 0.57 0.032 0.036
0 0.889 0.544 0.03 0.04
0 0.822 0.524 0.036 0.028
0 0.812 0.548 0.032 0.036
0 0.782 0.502 0.028 0.024
0 0.794 0.507 0.032 0.038
0 0.842 0.522 0.016 0.04
0 0.785 0.439 0.018 0.034
0 0.109 0.959 0.038 0.038
0 0.143 0.902 0.034 0.028
0 0.25 0.84 0.036 0.04
0 0.275 0.826 0.038 0.044
0 0.301 0.943 0.034 0.038
0 0.342 0.929 0.028 0.038
0 0.347 0.953 0.03 0.026
0 0.255 0.9 0.03 0.032
0 0.113 0.809 0.038 0.042
0 0.024 0.772 0.032 0.032
0 0.08 0.886 0.036 0.044
0 0.197 0.675 0.038 0.038
0 0.022 0.706 0.024 0.028
0 0.913 0.597 0.034 0.046
0 0.818 0.944 0.028 0.052
0 0.776 0.92 0.036 0.032
0 0.783 0.966 0.03 0.036
0 0.838 0.985 0.032 0.026
0 0.89 0.99 0.036 0.016
0 0.721 0.991 0.03 0.014
0 0.705 0.855 0.03 0.038
0 0.648 0.138 0.036 0.036
0 0.513 0.331 0.038 0.034
0 0.881 0.019 0.046 0.034
0 0.84 0.093 0.02 0.026
0 0.86 0.074 0.024 0.032
0 0.175 0.861 0.014 0.034
0 0.094 0.665 0.028 0.034
0 0.614 0.701 0.02 0.038
0 0.732 0.225 0.036 0.026
0 0.661 0.409 0.022 0.038
0 0.973 0.338 0.018 0.024
0 0.992 0.401 0.012 0.038
0 0.996 0.525 0.004 0.018
0 0.184 0.609 0.036 0.034
0 0.184 0.637 0.032 0.03
0 0.011 0.414 0.022 0.032
0 0.031 0.423 0.026 0.03
0 0.113 0.373 0.026 0.026
0 0.544 0.425 0.028 0.03
0 0.566 0.462 0.024 0.024
0 0.204 0.89 0.028 0.024
0 0.154 0.872 0.024 0.024
0 0.051 0.913 0.054 0.026
0 0.384 0.778 0.028 0.024
0 0.909 0.674 0.034 0.032
0 0.872 0.765 0.016 0.042
0 0.528 0.921 0.032 0.03
0 0.629 0.902 0.026 0.04
0 0.682 0.849 0.024 0.038
0 0.751 0.842 0.018 0.028
0 0.596 0.756 0.024 0.028
0 0.348 0.324 0.028 0.032
0 0.205 0.995 0.018 0.006
0 0.366 0.994 0.016 0.008
1 0.006 0.091 0.012 0.022
1 0.359 0.241 0.026 0.022
1 0.076 0.117 0.02 0.026
1 0.454 0.481 0.024 0.026
1 0.021 0.681 0.018 0.018
1 0.697 0.231 0.018 0.022
1 0.494 0.032 0.016 0.02
1 0.803 0.602 0.014 0.016
1 0.636 0.615 0.016 0.022
1 0.795 0.62 0.018 0.02
1 0.565 0.62 0.022 0.02
1 0.163 0.177 0.014 0.026
1 0.745 0.507 0.018 0.018
1 0.223 0.159 0.03 0.014
1 0.218 0.174 0.02 0.012
1 0.199 0.235 0.014 0.022
1 0.401 0.218 0.018 0.024
1 0.531 0.253 0.018 0.022
1 0.809 0.017 0.014 0.01
1 0.752 0.113 0.012 0.014
1 0.985 0.276 0.018 0.024
1 0.681 0.325 0.022 0.022
1 0.975 0.487 0.018 0.026
1 0.027 0.614 0.01 0.024
1 0.043 0.459 0.018 0.018
1 0.429 0.449 0.018 0.018
1 0.219 0.711 0.018 0.014
1 0.029 0.966 0.01 0.016
1 0.019 0.951 0.01 0.01
1 0.385 0.629 0.03 0.022
1 0.846 0.614 0.016 0.016
1 0.919 0.939 0.014 0.018
1 0.92 0.995 0.012 0.006
1 0.739 0.442 0.018 0.012
1 0.337 0.989 0.026 0.018
1 0.647 0.649 0.014 0.014
2 0.567 0.086 0.018 0.02
2 0.629 0.116 0.022 0.02
2 0.182 0.131 0.024 0.022
2 0.748 0.64 0.028 0.036
2 0.626 0.76 0.016 0.02
2 0.082 0.143 0.024 0.022
2 0.134 0.038 0.032 0.04
2 0.274 0.073 0.024 0.026
2 0.531 0.096 0.022 0.028
2 0.563 0.15 0.022 0.028
2 0.448 0.208 0.02 0.024
2 0.458 0.246 0.02 0.02
2 0.64 0.032 0.016 0.028
2 0.173 0.232 0.01 0.028
2 0.334 0.184 0.032 0.024
2 0.802 0.061 0.036 0.026
2 0.828 0.046 0.016 0.028
2 0.968 0.419 0.008 0.01
2 0.816 0.322 0.024 0.024
2 0.863 0.404 0.022 0.036
2 0.843 0.415 0.026 0.03
2 0.993 0.479 0.01 0.022
2 0.035 0.661 0.026 0.026
2 0.532 0.44 0.036 0.032
2 0.249 0.756 0.018 0.024
2 0.112 0.84 0.024 0.028
2 0.03 0.948 0.012 0.02
2 0.051 0.955 0.018 0.022
2 0.638 0.547 0.032 0.022
2 0.638 0.508 0.016 0.024
2 0.78 0.562 0.016 0.016
2 0.762 0.567 0.02 0.018
2 0.831 0.724 0.022 0.016
2 0.748 0.972 0.012 0.028
2 0.675 0.98 0.022 0.024
2 0.43 0.354 0.016 0.028
2 0.296 0.379 0.016 0.018
2 0.313 0.465 0.03 0.018
2 0.489 0.528 0.022 0.012
2 0.081 0.618 0.03 0.032
2 0.085 0.584 0.014 0.012
2 0.22 0.785 0.036 0.022