0 0.469 0.834 0.046 0.076
0 0.34 0.848 0.04 0.076
0 0.409 0.82 0.058 0.072
0 0.356 0.785 0.044 0.074
0 0.323 0.699 0.05 0.058
0 0.374 0.754 0.044 0.044
0 0.549 0.849 0.03 0.05
0 0.555 0.887 0.042 0.042
0 0.508 0.82 0.044 0.056
0 0.577 0.814 0.042 0.068
0 0.604 0.766 0.044 0.052
0 0.673 0.772 0.038 0.056
0 0.487 0.768 0.034 0.036
0 0.469 0.719 0.046 0.062
0 0.512 0.683 0.052 0.07
0 0.537 0.656 0.046 0.06
0 0.588 0.696 0.044 0.056
0 0.754 0.957 0.044 0.058
0 0.802 0.932 0.056 0.06
0 0.869 0.915 0.05 0.07
0 0.78 0.844 0.044 0.06
0 0.813 0.87 0.046 0.056
0 0.252 0.879 0.052 0.058
0 0.042 0.959 0.048 0.07
0 0.199 0.96 0.042 0.056
0 0.36 0.953 0.04 0.066
0 0.544 0.968 0.044 0.06
0 0.655 0.861 0.034 0.066
0 0.693 0.874 0.038 0.076
0 0.719 0.827 0.05 0.062
0 0.747 0.806 0.038 0.048
0 0.706 0.781 0.032 0.034
0 0.712 0.723 0.052 0.078
0 0.955 0.874 0.042 0.06
0 0.981 0.824 0.034 0.052
0 0.951 0.806 0.034 0.06
0 0.943 0.747 0.042 0.062
0 0.874 0.76 0.052 0.068
0 0.878 0.838 0.04 0.068
0 0.774 0.693 0.044 0.07
0 0.766 0.64 0.04 0.048
0 0.76 0.589 0.036 0.062
0 0.808 0.577 0.056 0.066
0 0.881 0.577 0.03 0.042
0 0.913 0.557 0.046 0.054
0 0.83 0.486 0.04 0.06
0 0.869 0.505 0.042 0.058
0 0.834 0.673 0.068 0.058
0 0.151 0.789 0.038 0.074
0 0.488 0.577 0.044 0.05
0 0.524 0.565 0.048 0.07
0 0.631 0.565 0.058 0.062
0 0.224 0.63 0.036 0.044
0 0.267 0.64 0.046 0.068
0 0.303 0.635 0.038 0.058
0 0.808 0.265 0.044 0.054
0 0.827 0.209 0.058 0.066
0 0.871 0.246 0.042 0.052
0 0.964 0.167 0.044 0.078
0 0.823 0.41 0.05 0.076
0 0.922 0.475 0.04 0.062
0 0.911 0.411 0.03 0.062
0 0.584 0.652 0.048 0.056
0 0.426 0.627 0.04 0.042
0 0.425 0.604 0.026 0.024
0 0.275 0.558 0.038 0.06
0 0.27 0.445 0.036 0.05
0 0.322 0.451 0.044 0.078
0 0.213 0.385 0.038 0.058
0 0.18 0.36 0.028 0.04
0 0.211 0.322 0.034 0.044
0 0.174 0.275 0.052 0.066
0 0.194 0.416 0.056 0.072
0 0.325 0.321 0.046 0.058
0 0.19 0.729 0.044 0.07
0 0.225 0.735 0.026 0.042
0 0.209 0.838 0.026 0.024
0 0.103 0.712 0.034 0.056
0 0.089 0.75 0.05 0.072
0 0.086 0.652 0.044 0.048
0 0.099 0.623 0.074 0.094
0 0.153 0.656 0.034 0.048
0 0.195 0.642 0.046 0.052
0 0.15 0.545 0.036 0.054
0 0.025 0.349 0.05 0.078
0 0.044 0.526 0.04 0.052
0 0.024 0.498 0.04 0.048
0 0.049 0.317 0.046 0.058
0 0.023 0.257 0.042 0.058
0 0.057 0.249 0.042 0.058
0 0.036 0.211 0.04 0.038
0 0.484 0.37 0.048 0.06
0 0.576 0.438 0.044 0.056
0 0.231 0.261 0.046 0.058
0 0.2 0.22 0.04 0.052
0 0.184 0.151 0.04 0.07
0 0.141 0.109 0.046 0.074
0 0.167 0.064 0.038 0.044
0 0.196 0.046 0.048 0.048
0 0.038 0.088 0.036 0.068
0 0.266 0.217 0.064 0.118
0 0.381 0.242 0.046 0.072
0 0.442 0.185 0.048 0.058
0 0.399 0.189 0.034 0.07
0 0.381 0.153 0.042 0.042
0 0.518 0.105 0.044 0.074
0 0.612 0.193 0.036 0.058
0 0.679 0.119 0.046 0.07
0 0.716 0.126 0.036 0.056
0 0.763 0.13 0.038 0.056
0 0.825 0.088 0.054 0.06
0 0.852 0.045 0.044 0.054
0 0.661 0.058 0.046 0.048
0 0.694 0.038 0.048 0.052
0 0.583 0.046 0.03 0.044
0 0.738 0.069 0.04 0.058
0 0.765 0.062 0.038 0.052
0 0.94 0.039 0.064 0.054
0 0.962 0.034 0.048 0.064
0 0.125 0.891 0.058 0.05
0 0.055 0.899 0.042 0.066
0 0.065 0.759 0.042 0.042
0 0.391 0.838 0.038 0.04
0 0.752 0.479 0.052 0.094
0 0.734 0.342 0.048 0.076
0 0.745 0.302 0.038 0.036
0 0.956 0.971 0.048 0.054
0 0.183 0.823 0.03 0.03
0 0.551 0.757 0.042 0.058
0 0.012 0.651 0.024 0.07
0 0.026 0.581 0.036 0.05
0 0.058 0.595 0.028 0.054
0 0.304 0.542 0.056 0.088
0 0.379 0.433 0.05 0.054
0 0.615 0.39 0.042 0.068
0 0.556 0.355 0.044 0.074
0 0.549 0.404 0.038 0.052
0 0.682 0.429 0.06 0.078
0 0.898 0.338 0.048 0.052
0 0.12 0.225 0.044 0.07
0 0.102 0.172 0.056 0.044
0 0.421 0.273 0.038 0.062
0 0.482 0.295 0.044 0.046
0 0.595 0.369 0.026 0.042
0 0.623 0.315 0.046 0.074
0 0.568 0.257 0.06 0.058
0 0.869 0.193 0.042 0.05
0 0.596 0.739 0.024 0.022
1 0.387 0.775 0.022 0.018
1 0.752 0.91 0.032 0.032
1 0.434 0.942 0.024 0.028
1 0.493 0.939 0.026 0.03
1 0.923 0.833 0.018 0.034
1 0.849 0.562 0.018 0.02
1 0.182 0.795 0.02 0.026
1 0.503 0.53 0.014 0.016
1 0.568 0.519 0.028 0.022
1 0.64 0.499 0.02 0.03
1 0.667 0.605 0.022 0.034
1 0.804 0.449 0.024 0.03
1 0.94 0.367 0.012 0.026
1 0.624 0.657 0.028 0.022
1 0.483 0.618 0.018 0.02
1 0.435 0.533 0.018 0.026
1 0.236 0.434 0.02 0.024
1 0.235 0.77 0.026 0.024
1 0.23 0.831 0.02 0.022
1 0.232 0.815 0.012 0.014
1 0.163 0.618 0.03 0.036
1 0.181 0.599 0.034 0.03
1 0.098 0.519 0.024 0.042
1 0.152 0.52 0.02 0.028
1 0.091 0.444 0.042 0.056
1 0.124 0.454 0.032 0.04
1 0.096 0.409 0.02 0.026
1 0.465 0.396 0.018 0.032
1 0.139 0.019 0.026 0.018
1 0.34 0.188 0.024 0.036
1 0.555 0.095 0.018 0.042
1 0.569 0.135 0.014 0.038
1 0.813 0.124 0.038 0.028
1 0.047 0.814 0.022 0.028
1 0.069 0.796 0.034 0.032
1 0.775 0.324 0.022 0.028
1 0.898 0.948 0.02 0.032
1 0.898 0.92 0.012 0.028
1 0.033 0.668 0.018 0.032
1 0.394 0.634 0.032 0.036
1 0.343 0.576 0.03 0.032
1 0.518 0.447 0.028 0.03
1 0.045 0.394 0.03 0.032
1 0.079 0.143 0.018 0.022
1 0.094 0.128 0.02 0.016
1 0.323 0.055 0.026 0.026
1 0.466 0.305 0.028 0.022
1 0.464 0.266 0.02 0.016
1 0.493 0.266 0.018 0.012
1 0.639 0.259 0.026 0.014
1 0.659 0.266 0.018 0.012
1 0.721 0.268 0.014 0.032
1 0.722 0.241 0.024 0.022
1 0.768 0.232 0.032 0.02
1 0.916 0.186 0.02 0.04
2 0.512 0.734 0.028 0.028
2 0.255 0.95 0.046 0.036
2 0.431 0.496 0.046 0.044
2 0.017 0.05 0.034 0.04
2 0.448 0.085 0.04 0.054
2 0.902 0.684 0.036 0.048
2 0.834 0.959 0.052 0.054
2 0.596 0.896 0.02 0.036
2 0.378 0.491 0.032 0.026
2 0.373 0.464 0.03 0.028
2 0.473 0.466 0.042 0.024
2 0.109 0.345 0.034 0.042
2 0.264 0.393 0.048 0.062
2 0.628 0.531 0.052 0.038
2 0.322 0.139 0.052 0.054
2 0.293 0.099 0.018 0.018
2 0.393 0.037 0.026 0.03
2 0.551 0.046 0.026 0.016
2 0.09 0.935 0.056 0.074
2 0.308 0.816 0.016 0.016