0 0.532 0.691 0.04 0.058
0 0.957 0.924 0.042 0.048
0 0.945 0.872 0.022 0.028
0 0.878 0.947 0.04 0.046
0 0.846 0.948 0.036 0.048
0 0.962 0.993 0.024 0.01
0 0.932 0.996 0.024 0.004
0 0.896 0.997 0.02 0.002
0 0.809 0.986 0.03 0.024
0 0.977 0.831 0.042 0.054
0 0.938 0.769 0.036 0.058
0 0.969 0.7 0.034 0.068
0 0.903 0.7 0.026 0.036
0 0.926 0.669 0.032 0.05
0 0.989 0.607 0.018 0.038
0 0.974 0.595 0.032 0.042
0 0.928 0.566 0.032 0.044
0 0.894 0.554 0.024 0.036
0 0.886 0.543 0.024 0.03
0 0.966 0.484 0.044 0.036
0 0.969 0.512 0.022 0.02
0 0.987 0.518 0.022 0.04
0 0.984 0.378 0.028 0.052
0 0.974 0.313 0.028 0.046
0 0.918 0.176 0.052 0.06
0 0.984 0.108 0.028 0.036
0 0.937 0.125 0.038 0.042
0 0.876 0.038 0.032 0.048
0 0.856 0.158 0.032 0.04
0 0.913 0.312 0.034 0.04
0 0.859 0.305 0.038 0.042
0 0.76 0.94 0.036 0.052
0 0.72 0.951 0.032 0.038
0 0.645 0.951 0.038 0.054
0 0.679 0.935 0.038 0.054
0 0.683 0.988 0.034 0.02
0 0.479 0.962 0.042 0.056
0 0.273 0.987 0.034 0.022
0 0.107 0.964 0.034 0.036
0 0.08 0.936 0.032 0.032
0 0.035 0.941 0.03 0.042
0 0.015 0.863 0.026 0.054
0 0.046 0.895 0.036 0.038
0 0.108 0.881 0.048 0.042
0 0.01 0.678 0.016 0.044
0 0.866 0.787 0.036 0.05
0 0.769 0.901 0.038 0.05
0 0.774 0.859 0.028 0.038
0 0.691 0.834 0.038 0.056
0 0.653 0.859 0.042 0.054
0 0.519 0.899 0.026 0.062
0 0.439 0.883 0.034 0.054
0 0.321 0.958 0.05 0.048
0 0.306 0.923 0.032 0.034
0 0.274 0.884 0.04 0.048
0 0.222 0.892 0.052 0.036
0 0.066 0.768 0.036 0.052
0 0.092 0.783 0.028 0.05
0 0.104 0.811 0.032 0.03
0 0.127 0.828 0.03 0.052
0 0.185 0.835 0.038 0.046
0 0.231 0.789 0.034 0.058
0 0.309 0.846 0.034 0.04
0 0.359 0.835 0.034 0.07
0 0.432 0.775 0.032 0.05
0 0.563 0.875 0.03 0.026
0 0.554 0.844 0.032 0.028
0 0.554 0.802 0.032 0.056
0 0.509 0.789 0.038 0.054
0 0.521 0.741 0.038 0.05
0 0.676 0.772 0.028 0.06
0 0.608 0.773 0.024 0.038
0 0.69 0.739 0.036 0.038
0 0.684 0.707 0.028 0.03
0 0.694 0.653 0.04 0.046
0 0.803 0.834 0.034 0.052
0 0.801 0.755 0.034 0.054
0 0.763 0.749 0.042 0.054
0 0.834 0.722 0.048 0.036
0 0.843 0.672 0.038 0.052
0 0.786 0.67 0.036 0.068
0 0.733 0.592 0.046 0.068
0 0.811 0.591 0.034 0.046
0 0.827 0.558 0.038 0.048
0 0.926 0.449 0.02 0.026
0 0.923 0.419 0.026 0.038
0 0.896 0.411 0.028 0.042
0 0.868 0.444 0.036 0.048
0 0.878 0.476 0.036 0.044
0 0.812 0.445 0.028 0.05
0 0.858 0.413 0.032 0.03
0 0.752 0.435 0.028 0.046
0 0.787 0.487 0.034 0.058
0 0.734 0.466 0.032 0.04
0 0.687 0.518 0.03 0.036
0 0.671 0.478 0.046 0.04
0 0.66 0.42 0.036 0.036
0 0.844 0.245 0.04 0.042
0 0.809 0.276 0.03 0.032
0 0.814 0.253 0.024 0.018
0 0.75 0.249 0.024 0.026
0 0.723 0.259 0.03 0.038
0 0.737 0.207 0.042 0.038
0 0.726 0.166 0.04 0.056
0 0.696 0.228 0.04 0.044
0 0.674 0.232 0.032 0.036
0 0.68 0.182 0.044 0.044
0 0.638 0.182 0.036 0.048
0 0.607 0.217 0.03 0.038
0 0.607 0.237 0.038 0.034
0 0.636 0.305 0.028 0.042
0 0.658 0.353 0.032 0.054
0 0.791 0.333 0.034 0.038
0 0.81 0.098 0.036 0.052
0 0.793 0.082 0.038 0.048
0 0.61 0.023 0.048 0.042
0 0.667 0.02 0.03 0.036
0 0.666 0.07 0.036 0.044
0 0.616 0.052 0.012 0.016
0 0.586 0.078 0.028 0.04
0 0.552 0.075 0.032 0.038
0 0.535 0.102 0.022 0.04
0 0.552 0.114 0.02 0.032
0 0.609 0.124 0.034 0.044
0 0.639 0.132 0.034 0.04
0 0.702 0.137 0.036 0.042
0 0.514 0.034 0.032 0.04
0 0.468 0.018 0.06 0.032
0 0.455 0.062 0.034 0.032
0 0.405 0.039 0.038 0.042
0 0.364 0.01 0.036 0.016
0 0.327 0.019 0.03 0.034
0 0.23 0.014 0.04 0.024
0 0.159 0.026 0.038 0.04
0 0.01 0.048 0.016 0.04
0 0.01 0.103 0.016 0.042
0 0.061 0.095 0.042 0.042
0 0.073 0.124 0.038 0.04
0 0.045 0.151 0.038 0.038
0 0.084 0.156 0.032 0.036
0 0.082 0.226 0.04 0.032
0 0.026 0.228 0.036 0.032
0 0.017 0.283 0.03 0.046
0 0.09 0.288 0.024 0.036
0 0.121 0.301 0.03 0.022
0 0.158 0.262 0.036 0.036
0 0.014 0.359 0.024 0.058
0 0.019 0.514 0.034 0.048
0 0.187 0.086 0.03 0.044
0 0.351 0.085 0.038 0.046
0 0.471 0.085 0.038 0.034
0 0.471 0.177 0.038 0.05
0 0.529 0.188 0.03 0.048
0 0.363 0.162 0.03 0.04
0 0.381 0.175 0.026 0.034
0 0.267 0.217 0.038 0.03
0 0.198 0.133 0.032 0.046
0 0.19 0.162 0.02 0.02
0 0.179 0.15 0.03 0.024
0 0.175 0.187 0.03 0.038
0 0.115 0.164 0.018 0.032
0 0.13 0.179 0.02 0.026
0 0.549 0.26 0.034 0.04
0 0.508 0.26 0.032 0.04
0 0.504 0.358 0.04 0.044
0 0.467 0.368 0.026 0.04
0 0.523 0.411 0.034 0.042
0 0.456 0.332 0.04 0.036
0 0.413 0.326 0.034 0.044
0 0.421 0.266 0.046 0.036
0 0.448 0.284 0.036 0.048
0 0.284 0.296 0.04 0.044
0 0.324 0.321 0.028 0.054
0 0.244 0.339 0.028 0.05
0 0.2 0.344 0.04 0.044
0 0.158 0.401 0.032 0.05
0 0.109 0.458 0.042 0.032
0 0.167 0.465 0.042 0.038
0 0.258 0.501 0.048 0.05
0 0.273 0.532 0.022 0.028
0 0.317 0.41 0.05 0.048
0 0.314 0.446 0.04 0.036
0 0.366 0.366 0.032 0.052
0 0.412 0.414 0.032 0.044
0 0.427 0.375 0.034 0.03
0 0.069 0.689 0.03 0.042
0 0.078 0.627 0.036 0.054
0 0.114 0.672 0.036 0.044
0 0.194 0.7 0.048 0.06
0 0.278 0.722 0.036 0.056
0 0.319 0.746 0.022 0.028
0 0.316 0.727 0.028 0.026
0 0.341 0.737 0.03 0.05
0 0.38 0.686 0.04 0.048
0 0.415 0.681 0.042 0.042
0 0.232 0.625 0.036 0.034
0 0.267 0.604 0.034 0.04
0 0.121 0.559 0.034 0.066
0 0.148 0.572 0.028 0.056
0 0.172 0.594 0.04 0.052
0 0.446 0.463 0.04 0.042
0 0.5 0.483 0.036 0.042
0 0.602 0.493 0.032 0.046
0 0.612 0.551 0.032 0.038
0 0.645 0.579 0.03 0.042
0 0.567 0.571 0.034 0.046
0 0.527 0.597 0.026 0.022
0 0.459 0.605 0.046 0.058
0 0.411 0.584 0.03 0.06
0 0.336 0.595 0.036 0.054
0 0.297 0.55 0.046 0.024
0 0.316 0.538 0.036 0.032
0 0.331 0.484 0.022 0.02
1 0.967 0.89 0.022 0.02
1 0.949 0.893 0.014 0.01
1 0.94 0.884 0.012 0.016
1 0.912 0.959 0.008 0.01
1 0.947 0.969 0.018 0.03
1 0.857 0.988 0.03 0.02
1 0.827 0.985 0.022 0.022
1 0.995 0.876 0.006 0.02
1 0.988 0.792 0.02 0.016
1 0.867 0.704 0.022 0.02
1 0.965 0.626 0.022 0.02
1 0.883 0.585 0.01 0.022
1 0.992 0.256 0.012 0.016
1 0.987 0.202 0.022 0.012
1 0.993 0.19 0.01 0.012
1 0.948 0.068 0.02 0.012
1 0.96 0.023 0.016 0.022
1 0.937 0.332 0.014 0.016
1 0.54 0.964 0.016 0.012
1 0.564 0.911 0.008 0.01
1 0.202 0.988 0.02 0.02
1 0.012 0.793 0.02 0.022
1 0.473 0.896 0.01 0.012
1 0.453 0.846 0.022 0.012
1 0.155 0.747 0.026 0.026
1 0.306 0.82 0.016 0.016
1 0.329 0.81 0.018 0.016
1 0.564 0.864 0.016 0.016
1 0.545 0.829 0.018 0.018
1 0.668 0.698 0.02 0.024
1 0.673 0.666 0.014 0.024
1 0.676 0.613 0.02 0.022
1 0.776 0.715 0.02 0.022
1 0.832 0.696 0.016 0.012
1 0.84 0.457 0.016 0.022
1 0.778 0.427 0.02 0.018
1 0.699 0.374 0.018 0.024
1 0.775 0.253 0.022 0.018
1 0.766 0.211 0.016 0.03
1 0.614 0.389 0.044 0.014
1 0.585 0.418 0.022 0.02
1 0.807 0.356 0.018 0.02
1 0.77 0.041 0.02 0.026
1 0.729 0.04 0.026 0.024
1 0.692 0.01 0.028 0.016
1 0.632 0.057 0.016 0.014
1 0.909 0.05 0.018 0.024
1 0.431 0.041 0.014 0.034
1 0.392 0.003 0.012 0.002
1 0.068 0.181 0.02 0.018
1 0.108 0.199 0.028 0.022
1 0.093 0.249 0.018 0.022
1 0.159 0.298 0.026 0.016
1 0.187 0.232 0.018 0.024
1 0.221 0.248 0.022 0.024
1 0.013 0.407 0.018 0.022
1 0.039 0.418 0.034 0.04
1 0.055 0.543 0.022 0.018
1 0.228 0.089 0.028 0.018
1 0.227 0.058 0.018 0.02
1 0.294 0.078 0.012 0.016
1 0.289 0.091 0.03 0.014
1 0.324 0.102 0.012 0.016
1 0.473 0.115 0.026 0.014
1 0.451 0.161 0.01 0.014
1 0.397 0.196 0.018 0.02
1 0.375 0.227 0.018 0.014
1 0.321 0.203 0.034 0.01
1 0.204 0.17 0.024 0.028
1 0.144 0.154 0.016 0.016
1 0.131 0.158 0.006 0.028
1 0.296 0.138 0.012 0.02
1 0.385 0.139 0.01 0.014
1 0.409 0.15 0.006 0.016
1 0.518 0.301 0.012 0.01
1 0.531 0.297 0.018 0.014
1 0.536 0.314 0.008 0.02
1 0.515 0.323 0.018 0.018
1 0.455 0.346 0.018 0.016
1 0.337 0.29 0.022 0.02
1 0.292 0.361 0.028 0.026
1 0.133 0.402 0.018 0.024
1 0.114 0.385 0.012 0.022
1 0.106 0.429 0.024 0.014
1 0.194 0.465 0.012 0.014
1 0.178 0.439 0.012 0.01
1 0.223 0.555 0.018 0.03
1 0.422 0.353 0.024 0.018
1 0.426 0.339 0.02 0.014
1 0.438 0.688 0.016 0.024
1 0.186 0.581 0.02 0.01
1 0.407 0.512 0.014 0.016
1 0.562 0.507 0.024 0.022
1 0.664 0.579 0.008 0.018
1 0.591 0.572 0.014 0.02
1 0.514 0.586 0.016 0.016
1 0.492 0.606 0.016 0.02
1 0.446 0.552 0.012 0.016
1 0.323 0.625 0.018 0.018
1 0.303 0.572 0.03 0.02
1 0.345 0.528 0.018 0.016
1 0.346 0.478 0.012 0.02
1 0.315 0.506 0.022 0.012
1 0.584 0.804 0.016 0.02
2 0.908 0.223 0.028 0.034
2 0.837 0.22 0.03 0.032
2 0.63 0.429 0.024 0.018
2 0.632 0.41 0.02 0.024
2 0.761 0.363 0.018 0.014
2 0.778 0.371 0.004 0.018
2 0.269 0.033 0.026 0.034
2 0.379 0.082 0.018 0.032
2 0.399 0.081 0.026 0.034
2 0.321 0.168 0.018 0.012
2 0.286 0.329 0.016 0.022
2 0.172 0.492 0.028 0.028
2 0.179 0.652 0.054 0.028
2 0.536 0.511 0.024 0.026
2 0.47 0.646 0.028 0.024
2 0.338 0.642 0.024 0.016
2 0.612 0.33 0.02 0.02
2 0.882 0.368 0.016 0.02
2 0.917 0.379 0.014 0.034
2 0.704 0.433 0.024 0.018
2 0.045 0.849 0.014 0.034
2 0.433 0.918 0.014 0.02
2 0.455 0.923 0.014 0.01
2 0.59 0.742 0.02 0.024