0 0.945 0.942 0.042 0.048
0 0.874 0.935 0.048 0.062
0 0.905 0.902 0.05 0.072
0 0.91 0.849 0.048 0.054
0 0.946 0.839 0.044 0.062
0 0.788 0.918 0.044 0.044
0 0.769 0.869 0.046 0.046
0 0.832 0.852 0.052 0.052
0 0.937 0.769 0.042 0.054
0 0.886 0.73 0.048 0.068
0 0.893 0.664 0.05 0.056
0 0.838 0.738 0.036 0.04
0 0.851 0.746 0.034 0.068
0 0.775 0.719 0.05 0.066
0 0.767 0.621 0.05 0.046
0 0.737 0.642 0.046 0.052
0 0.741 0.597 0.042 0.046
0 0.711 0.595 0.038 0.046
0 0.955 0.543 0.042 0.05
0 0.95 0.515 0.052 0.038
0 0.932 0.504 0.028 0.028
0 0.846 0.546 0.056 0.044
0 0.882 0.568 0.04 0.044
0 0.891 0.499 0.05 0.054
0 0.925 0.404 0.042 0.048
0 0.969 0.387 0.042 0.034
0 0.879 0.358 0.042 0.048
0 0.85 0.403 0.036 0.034
0 0.834 0.374 0.04 0.036
0 0.955 0.282 0.038 0.032
0 0.963 0.175 0.038 0.058
0 0.922 0.178 0.056 0.06
0 0.803 0.316 0.046 0.048
0 0.785 0.365 0.034 0.038
0 0.792 0.175 0.044 0.05
0 0.876 0.111 0.052 0.046
0 0.77 0.135 0.06 0.05
0 0.817 0.045 0.054 0.058
0 0.748 0.04 0.04 0.048
0 0.673 0.036 0.05 0.056
0 0.624 0.066 0.044 0.068
0 0.665 0.56 0.038 0.04
0 0.719 0.364 0.038 0.052
0 0.752 0.375 0.044 0.046
0 0.731 0.307 0.046 0.05
0 0.716 0.325 0.028 0.022
0 0.739 0.333 0.03 0.026
0 0.96 0.607 0.048 0.054
0 0.673 0.134 0.046 0.068
0 0.621 0.149 0.034 0.038
0 0.615 0.128 0.034 0.024
0 0.661 0.216 0.05 0.044
0 0.683 0.216 0.038 0.04
0 0.637 0.256 0.046 0.052
0 0.654 0.36 0.04 0.04
0 0.655 0.385 0.042 0.026
0 0.628 0.399 0.044 0.046
0 0.728 0.763 0.04 0.058
0 0.67 0.731 0.036 0.046
0 0.655 0.794 0.042 0.072
0 0.614 0.783 0.052 0.066
0 0.724 0.927 0.044 0.062
0 0.728 0.889 0.044 0.038
0 0.643 0.925 0.046 0.046
0 0.614 0.878 0.044 0.052
0 0.63 0.901 0.04 0.03
0 0.563 0.703 0.042 0.042
0 0.555 0.755 0.046 0.062
0 0.546 0.78 0.032 0.036
0 0.573 0.466 0.05 0.048
0 0.547 0.379 0.042 0.05
0 0.544 0.348 0.04 0.032
0 0.587 0.286 0.05 0.044
0 0.559 0.247 0.042 0.05
0 0.516 0.099 0.052 0.058
0 0.495 0.046 0.054 0.052
0 0.484 0.136 0.044 0.052
0 0.433 0.155 0.046 0.046
0 0.464 0.151 0.048 0.054
0 0.546 0.257 0.024 0.022
0 0.524 0.296 0.048 0.048
0 0.41 0.09 0.04 0.044
0 0.413 0.064 0.034 0.028
0 0.495 0.255 0.042 0.038
0 0.486 0.272 0.048 0.036
0 0.49 0.331 0.04 0.05
0 0.502 0.321 0.028 0.026
0 0.321 0.075 0.054 0.062
0 0.36 0.043 0.024 0.034
0 0.362 0.135 0.032 0.042
0 0.326 0.141 0.04 0.054
0 0.286 0.141 0.04 0.042
0 0.292 0.176 0.032 0.036
0 0.29 0.2 0.04 0.048
0 0.324 0.232 0.048 0.06
0 0.393 0.208 0.046 0.052
0 0.396 0.245 0.052 0.046
0 0.432 0.325 0.04 0.05
0 0.386 0.306 0.036 0.036
0 0.382 0.339 0.036 0.042
0 0.462 0.414 0.04 0.044
0 0.512 0.522 0.052 0.048
0 0.546 0.532 0.036 0.056
0 0.497 0.636 0.038 0.056
0 0.433 0.586 0.046 0.052
0 0.429 0.544 0.042 0.04
0 0.452 0.488 0.048 0.052
0 0.404 0.493 0.044 0.058
0 0.404 0.451 0.04 0.042
0 0.397 0.465 0.034 0.03
0 0.332 0.448 0.052 0.044
0 0.328 0.5 0.044 0.052
0 0.363 0.504 0.034 0.052
0 0.471 0.767 0.054 0.054
0 0.437 0.755 0.03 0.062
0 0.477 0.713 0.042 0.038
0 0.595 0.949 0.046 0.062
0 0.55 0.883 0.052 0.066
0 0.517 0.872 0.046 0.048
0 0.515 0.915 0.05 0.062
0 0.476 0.55 0.04 0.032
0 0.409 0.696 0.054 0.068
0 0.385 0.74 0.038 0.068
0 0.409 0.801 0.058 0.054
0 0.382 0.796 0.032 0.044
0 0.354 0.824 0.044 0.056
0 0.504 0.973 0.056 0.05
0 0.446 0.971 0.056 0.054
0 0.401 0.931 0.062 0.066
0 0.315 0.954 0.042 0.056
0 0.308 0.976 0.052 0.044
0 0.354 0.982 0.048 0.032
0 0.307 0.928 0.058 0.028
0 0.307 0.834 0.042 0.068
0 0.28 0.862 0.044 0.056
0 0.31 0.807 0.044 0.054
0 0.352 0.705 0.052 0.062
0 0.375 0.65 0.062 0.064
0 0.332 0.622 0.04 0.056
0 0.281 0.698 0.05 0.068
0 0.246 0.651 0.04 0.054
0 0.239 0.813 0.042 0.058
0 0.235 0.848 0.042 0.056
0 0.193 0.939 0.058 0.058
0 0.231 0.977 0.05 0.042
0 0.103 0.989 0.042 0.018
0 0.079 0.997 0.03 0.002
0 0.025 0.992 0.03 0.012
0 0.125 0.889 0.054 0.054
0 0.037 0.952 0.062 0.052
0 0.046 0.923 0.048 0.038
0 0.106 0.754 0.04 0.06
0 0.08 0.787 0.04 0.058
0 0.075 0.803 0.058 0.058
0 0.184 0.732 0.048 0.06
0 0.174 0.685 0.048 0.066
0 0.163 0.629 0.046 0.054
0 0.215 0.593 0.034 0.034
0 0.203 0.57 0.046 0.044
0 0.232 0.521 0.04 0.042
0 0.144 0.572 0.06 0.064
0 0.107 0.558 0.042 0.044
0 0.244 0.329 0.044 0.05
0 0.217 0.319 0.026 0.042
0 0.238 0.397 0.048 0.046
0 0.217 0.356 0.042 0.044
0 0.176 0.342 0.04 0.048
0 0.161 0.372 0.038 0.048
0 0.234 0.288 0.04 0.032
0 0.206 0.109 0.044 0.038
0 0.294 0.04 0.036 0.044
0 0.314 0.023 0.052 0.042
0 0.283 0.015 0.034 0.026
0 0.053 0.168 0.038 0.052
0 0.039 0.191 0.042 0.05
0 0.119 0.174 0.034 0.052
0 0.183 0.177 0.038 0.046
0 0.024 0.279 0.044 0.046
0 0.031 0.253 0.038 0.038
0 0.082 0.319 0.044 0.042
0 0.075 0.274 0.038 0.032
0 0.066 0.227 0.048 0.038
0 0.114 0.205 0.024 0.026
0 0.093 0.473 0.042 0.038
0 0.069 0.476 0.042 0.048
0 0.174 0.447 0.04 0.042
0 0.067 0.676 0.042 0.064
0 0.051 0.598 0.05 0.064
0 0.652 0.098 0.048 0.04
0 0.014 0.616 0.024 0.064
0 0.006 0.826 0.008 0.032
0 0.984 0.563 0.028 0.062
0 0.827 0.009 0.05 0.014
0 0.992 0.261 0.012 0.034
0 0.914 0.033 0.052 0.062
0 0.847 0.064 0.038 0.028
0 0.064 0.019 0.04 0.034
0 0.043 0.036 0.042 0.052
0 0.504 0.989 0.064 0.018
0 0.624 0.979 0.04 0.038
0 0.826 0.989 0.052 0.018
0 0.914 0.984 0.048 0.028
0 0.982 0.843 0.032 0.062
1 0.747 0.245 0.034 0.022
1 0.335 0.322 0.03 0.016
1 0.56 0.936 0.028 0.032
1 0.236 0.917 0.044 0.03
1 0.161 0.32 0.03 0.028
1 0.254 0.282 0.024 0.04
1 0.372 0.172 0.024 0.036
1 0.014 0.873 0.024 0.022
1 0.818 0.824 0.024 0.028
1 0.933 0.469 0.026 0.03
1 0.962 0.37 0.04 0.024
1 0.89 0.196 0.024 0.024
1 0.764 0.105 0.044 0.022
1 0.843 0.254 0.018 0.024
1 0.859 0.265 0.026 0.026
1 0.753 0.231 0.022 0.018
1 0.637 0.612 0.022 0.036
1 0.666 0.649 0.028 0.026
1 0.62 0.651 0.024 0.022
1 0.643 0.654 0.022 0.02
1 0.631 0.635 0.022 0.014
1 0.65 0.956 0.028 0.024
1 0.56 0.168 0.036 0.028
1 0.527 0.186 0.03 0.02
1 0.349 0.074 0.022 0.032
1 0.328 0.336 0.024 0.02
1 0.466 0.732 0.028 0.02
1 0.498 0.735 0.02 0.026
1 0.754 0.504 0.028 0.032
1 0.86 0.812 0.024 0.028
1 0.41 0.043 0.032 0.026
1 0.152 0.976 0.028 0.036
1 0.117 0.854 0.03 0.016
1 0.279 0.749 0.026 0.026
1 0.214 0.137 0.024 0.022
1 0.059 0.251 0.018 0.022
1 0.207 0.464 0.026 0.036
1 0.104 0.436 0.028 0.028
1 0.04 0.402 0.024 0.02
1 0.381 0.866 0.022 0.024
1 0.987 0.198 0.022 0.036
1 0.752 0.989 0.044 0.018
2 0.89 0.71 0.056 0.052
2 0.782 0.762 0.048 0.032
2 0.785 0.658 0.042 0.028
2 0.85 0.577 0.024 0.022
2 0.869 0.48 0.038 0.048
2 0.93 0.443 0.056 0.042
2 0.873 0.441 0.042 0.03
2 0.781 0.321 0.022 0.034
2 0.861 0.195 0.034 0.026
2 0.827 0.196 0.03 0.028
2 0.768 0.525 0.036 0.038
2 0.741 0.486 0.042 0.028
2 0.755 0.536 0.026 0.028
2 0.772 0.561 0.036 0.038
2 0.821 0.473 0.034 0.038
2 0.738 0.278 0.032 0.036
2 0.859 0.246 0.026 0.016
2 0.843 0.237 0.026 0.014
2 0.7 0.499 0.044 0.022
2 0.844 0.587 0.048 0.038
2 0.722 0.821 0.052 0.074
2 0.697 0.938 0.022 0.028
2 0.681 0.93 0.018 0.02
2 0.569 0.678 0.03 0.036
2 0.617 0.543 0.03 0.034
2 0.619 0.336 0.038 0.04
2 0.555 0.137 0.058 0.03
2 0.48 0.183 0.02 0.022
2 0.432 0.127 0.016 0.014
2 0.45 0.064 0.028 0.048
2 0.404 0.295 0.016 0.018
2 0.58 0.443 0.028 0.022
2 0.328 0.475 0.044 0.018
2 0.385 0.619 0.038 0.034
2 0.215 0.227 0.03 0.034
2 0.219 0.205 0.038 0.026
2 0.22 0.042 0.028 0.052
2 0.085 0.253 0.038 0.022
2 0.251 0.548 0.03 0.024
2 0.255 0.58 0.026 0.032
2 0.131 0.447 0.026 0.026
2 0.139 0.283 0.03 0.038
2 0.097 0.374 0.042 0.028
2 0.083 0.34 0.026 0.016
2 0.045 0.352 0.026 0.028
2 0.014 0.209 0.024 0.042
2 0.005 0.254 0.006 0.02
2 0.362 0.223 0.028 0.034
2 0.688 0.09 0.028 0.028
2 0.465 0.833 0.03 0.026
2 0.418 0.846 0.032 0.024
2 0.44 0.867 0.044 0.03
2 0.131 0.668 0.026 0.048
2 0.585 0.764 0.014 0.012
2 0.855 0.792 0.046 0.024
2 0.971 0.741 0.042 0.062
2 0.979 0.652 0.038 0.056
2 0.994 0.46 0.008 0.028
2 0.859 0.03 0.046 0.048
2 0.875 0.16 0.03 0.06
2 0.844 0.117 0.04 0.026
2 0.719 0.203 0.046 0.046
2 0.617 0.186 0.034 0.028
2 0.594 0.323 0.052 0.034
2 0.85 0.083 0.032 0.022
2 0.028 0.01 0.032 0.016
2 0.97 0.982 0.052 0.032
2 0.986 0.911 0.024 0.03
2 0.285 0.528 0.05 0.044