0 0.931 0.993 0.026 0.01
0 0.793 0.967 0.03 0.042
0 0.985 0.851 0.026 0.034
0 0.832 0.99 0.02 0.016
0 0.873 0.979 0.034 0.03
0 0.852 0.99 0.024 0.016
0 0.763 0.928 0.046 0.04
0 0.88 0.877 0.02 0.034
0 0.863 0.876 0.022 0.032
0 0.93 0.732 0.028 0.028
0 0.977 0.72 0.03 0.036
0 0.977 0.675 0.03 0.038
0 0.933 0.647 0.066 0.054
0 0.983 0.569 0.03 0.034
0 0.956 0.536 0.036 0.036
0 0.973 0.329 0.034 0.03
0 0.048 0.97 0.04 0.048
0 0.073 0.931 0.062 0.05
0 0.269 0.853 0.074 0.058
0 0.796 0.412 0.04 0.044
0 0.745 0.392 0.034 0.04
0 0.894 0.306 0.036 0.04
0 0.589 0.726 0.026 0.036
0 0.519 0.77 0.034 0.048
0 0.734 0.82 0.024 0.04
0 0.706 0.809 0.032 0.046
0 0.634 0.817 0.024 0.03
0 0.407 0.981 0.066 0.034
0 0.349 0.992 0.03 0.012
0 0.564 0.912 0.056 0.044
0 0.746 0.169 0.028 0.038
0 0.814 0.14 0.04 0.028
0 0.69 0.967 0.048 0.046
0 0.387 0.791 0.046 0.05
0 0.292 0.727 0.04 0.038
0 0.393 0.732 0.074 0.052
0 0.409 0.646 0.05 0.04
0 0.119 0.512 0.066 0.052
0 0.229 0.619 0.082 0.058
0 0.053 0.89 0.042 0.04
0 0.011 0.89 0.018 0.048
0 0.055 0.796 0.106 0.076
0 0.329 0.596 0.07 0.044
0 0.464 0.898 0.028 0.028
0 0.687 0.261 0.046 0.046
0 0.564 0.417 0.032 0.046
0 0.327 0.411 0.046 0.042
0 0.377 0.444 0.05 0.068
0 0.17 0.56 0.036 0.04
0 0.087 0.321 0.066 0.046
0 0.061 0.243 0.058 0.038
0 0.047 0.18 0.062 0.06
0 0.194 0.236 0.02 0.032
0 0.231 0.576 0.018 0.02
0 0.783 0.829 0.03 0.038
0 0.823 0.793 0.03 0.034
0 0.88 0.683 0.032 0.05
0 0.815 0.881 0.034 0.046
0 0.943 0.804 0.038 0.04
0 0.963 0.82 0.03 0.036
0 0.968 0.91 0.028 0.04
0 0.991 0.77 0.014 0.036
0 0.741 0.768 0.034 0.044
0 0.838 0.757 0.036 0.03
0 0.935 0.693 0.03 0.034
0 0.911 0.814 0.022 0.024
0 0.746 0.696 0.028 0.04
0 0.812 0.714 0.044 0.056
0 0.693 0.746 0.062 0.032
0 0.695 0.71 0.062 0.044
0 0.659 0.701 0.042 0.038
0 0.727 0.63 0.038 0.032
0 0.936 0.442 0.028 0.036
0 0.992 0.08 0.012 0.032
0 0.973 0.122 0.03 0.04
0 0.924 0.165 0.036 0.038
0 0.869 0.279 0.038 0.03
0 0.739 0.326 0.038 0.032
0 0.801 0.35 0.042 0.032
0 0.713 0.446 0.034 0.04
0 0.687 0.521 0.034 0.034
0 0.667 0.57 0.042 0.052
0 0.75 0.537 0.028 0.034
0 0.747 0.47 0.034 0.044
0 0.865 0.475 0.038 0.03
0 0.775 0.711 0.046 0.058
0 0.847 0.727 0.03 0.034
0 0.981 0.624 0.03 0.044
0 0.852 0.617 0.04 0.042
0 0.64 0.647 0.036 0.046
0 0.612 0.649 0.032 0.03
0 0.594 0.564 0.036 0.036
0 0.581 0.543 0.038 0.042
0 0.563 0.499 0.03 0.038
0 0.6 0.488 0.04 0.036
0 0.613 0.452 0.054 0.028
0 0.586 0.466 0.028 0.04
0 0.51 0.477 0.032 0.03
0 0.486 0.508 0.032 0.036
0 0.733 0.523 0.026 0.026
0 0.824 0.526 0.036 0.028
0 0.889 0.489 0.038 0.038
0 0.802 0.06 0.04 0.04
0 0.812 0.085 0.032 0.03
0 0.764 0.106 0.036 0.04
0 0.827 0.01 0.026 0.02
0 0.785 0.011 0.03 0.022
0 0.952 0.028 0.04 0.032
0 0.944 0.096 0.04 0.036
0 0.966 0.087 0.024 0.026
0 0.911 0.228 0.046 0.024
0 0.95 0.289 0.072 0.046
0 0.925 0.564 0.034 0.032
0 0.913 0.601 0.05 0.03
0 0.877 0.551 0.026 0.03
0 0.897 0.542 0.018 0.016
0 0.835 0.543 0.038 0.03
0 0.729 0.068 0.034 0.048
0 0.66 0.114 0.052 0.052
0 0.693 0.116 0.03 0.036
0 0.652 0.068 0.036 0.036
0 0.61 0.046 0.028 0.04
0 0.569 0.047 0.034 0.034
0 0.559 0.077 0.038 0.03
0 0.513 0.102 0.046 0.04
0 0.52 0.143 0.028 0.034
0 0.389 0.091 0.026 0.038
0 0.198 0.099 0.04 0.026
0 0.344 0.097 0.032 0.034
0 0.342 0.219 0.032 0.03
0 0.282 0.225 0.048 0.034
0 0.477 0.274 0.034 0.028
0 0.414 0.259 0.036 0.03
0 0.447 0.265 0.03 0.034
0 0.029 0.678 0.046 0.048
0 0.639 0.374 0.038 0.04
0 0.568 0.312 0.044 0.04
0 0.609 0.27 0.034 0.056
0 0.217 0.133 0.058 0.038
0 0.153 0.184 0.042 0.04
0 0.209 0.045 0.046 0.058
0 0.114 0.05 0.032 0.036
0 0.079 0.022 0.038 0.04
0 0.053 0.04 0.03 0.028
0 0.025 0.017 0.046 0.034
0 0.163 0.048 0.042 0.032
0 0.39 0.192 0.044 0.036
0 0.144 0.118 0.032 0.048
0 0.391 0.286 0.022 0.036
0 0.373 0.295 0.042 0.034
0 0.378 0.229 0.036 0.03
0 0.576 0.255 0.024 0.026
0 0.936 0.479 0.048 0.05
0 0.543 0.027 0.026 0.038
0 0.301 0.032 0.026 0.028
0 0.335 0.008 0.046 0.016
0 0.353 0.131 0.034 0.03
0 0.273 0.125 0.03 0.034
0 0.19 0.578 0.06 0.048
0 0.156 0.989 0.056 0.018
0 0.184 0.912 0.04 0.04
0 0.467 0.315 0.046 0.038
0 0.417 0.324 0.046 0.04
0 0.382 0.351 0.044 0.038
0 0.96 0.245 0.032 0.026
0 0.776 0.247 0.036 0.034
0 0.219 0.224 0.058 0.04
0 0.015 0.061 0.022 0.03
0 0.265 0.184 0.022 0.02
0 0.563 0.349 0.03 0.03
0 0.603 0.404 0.038 0.036
0 0.455 0.417 0.034 0.03
0 0.431 0.443 0.046 0.042
0 0.789 0.575 0.022 0.026
0 0.319 0.293 0.034 0.046
0 0.295 0.294 0.014 0.032
0 0.256 0.257 0.048 0.042
0 0.265 0.294 0.03 0.024
0 0.279 0.281 0.038 0.034
0 0.467 0.359 0.03 0.038
0 0.299 0.139 0.038 0.026
0 0.297 0.17 0.038 0.036
0 0.304 0.19 0.024 0.024
0 0.041 0.761 0.042 0.022
0 0.064 0.725 0.072 0.046
0 0.435 0.389 0.022 0.026
0 0.429 0.355 0.042 0.05
0 0.467 0.011 0.03 0.022
0 0.386 0.002 0.02 0.004
0 0.674 0.005 0.024 0.01
0 0.456 0.732 0.028 0.028
0 0.625 0.555 0.022 0.03
0 0.684 0.605 0.04 0.038
0 0.775 0.602 0.034 0.028
0 0.766 0.626 0.04 0.036
0 0.856 0.378 0.032 0.036
0 0.874 0.422 0.056 0.036
0 0.719 0.401 0.03 0.03
1 0.152 0.791 0.04 0.014
1 0.435 0.656 0.026 0.028
1 0.492 0.647 0.024 0.026
1 0.478 0.625 0.02 0.022
1 0.559 0.857 0.018 0.022
1 0.839 0.477 0.018 0.026
1 0.857 0.448 0.026 0.02
1 0.745 0.235 0.026 0.026
1 0.712 0.92 0.02 0.04
1 0.518 0.564 0.028 0.032
1 0.447 0.52 0.022 0.024
1 0.517 0.514 0.022 0.008
1 0.525 0.523 0.01 0.018
1 0.046 0.519 0.036 0.026
1 0.34 0.635 0.02 0.034
1 0.507 0.441 0.022 0.03
1 0.151 0.224 0.042 0.024
1 0.11 0.28 0.024 0.032
1 0.027 0.39 0.026 0.016
1 0.885 0.777 0.026 0.026
1 0.881 0.146 0.018 0.028
1 0.674 0.661 0.02 0.03
1 0.245 0.554 0.018 0.016
1 0.573 0.281 0.03 0.022
1 0.554 0.209 0.028 0.022
1 0.666 0.035 0.032 0.03
1 0.474 0.455 0.028 0.018
1 0.535 0.503 0.014 0.026
1 0.245 0.199 0.026 0.026
1 0.776 0.672 0.032 0.02
1 0.817 0.596 0.018 0.024
1 0.34 0.761 0.024 0.014
1 0.159 0.763 0.022 0.022
1 0.316 0.777 0.016 0.014
1 0.304 0.785 0.016 0.014
1 0.16 0.884 0.024 0.024
1 0.215 0.959 0.014 0.034
1 0.204 0.951 0.008 0.018
1 0.481 0.956 0.026 0.036
1 0.509 0.425 0.018 0.014
1 0.477 0.753 0.026 0.022
1 0.639 0.588 0.01 0.012
1 0.593 0.107 0.018 0.034
1 0.542 0.189 0.036 0.018
2 0.981 0.992 0.038 0.012
2 0.163 0.816 0.03 0.028
2 0.453 0.992 0.046 0.012
2 0.946 0.86 0.032 0.028
2 0.901 0.363 0.034 0.038
2 0.823 0.286 0.022 0.036
2 0.683 0.193 0.03 0.03
2 0.282 0.77 0.04 0.028
2 0.258 0.465 0.028 0.026
2 0.992 0.919 0.012 0.034
2 0.882 0.02 0.024 0.02
2 0.992 0.259 0.012 0.022
2 0.89 0.628 0.028 0.032
2 0.498 0.733 0.048 0.026
2 0.616 0.976 0.028 0.044
2 0.566 0.638 0.024 0.024
2 0.897 0.188 0.022 0.028
2 0.844 0.12 0.028 0.036
2 0.911 0.073 0.038 0.03
2 0.689 0.02 0.034 0.024
2 0.395 0.57 0.03 0.04
2 0.351 0.04 0.026 0.028
2 0.056 0.44 0.108 0.088
2 0.742 0.59 0.032 0.024
2 0.849 0.563 0.026 0.026
2 0.471 0.403 0.03 0.034
2 0.537 0.262 0.038 0.036
2 0.989 0.409 0.018 0.022
2 0.027 0.104 0.05 0.044
2 0.605 0.183 0.018 0.018
2 0.783 0.513 0.03 0.03
2 0.607 0.793 0.038 0.074
2 0.252 0.692 0.08 0.048