0 0.439 0.389 0.046 0.054
0 0.105 0.85 0.038 0.032
0 0.145 0.833 0.038 0.054
0 0.226 0.852 0.032 0.04
0 0.205 0.856 0.022 0.032
0 0.234 0.946 0.036 0.036
0 0.234 0.92 0.048 0.036
0 0.016 0.92 0.032 0.06
0 0.082 0.924 0.044 0.044
0 0.066 0.863 0.048 0.05
0 0.053 0.929 0.026 0.034
0 0.054 0.895 0.044 0.034
0 0.347 0.946 0.042 0.044
0 0.481 0.961 0.038 0.058
0 0.461 0.909 0.046 0.058
0 0.612 0.939 0.036 0.03
0 0.618 0.967 0.04 0.03
0 0.627 0.866 0.05 0.056
0 0.677 0.919 0.038 0.054
0 0.76 0.852 0.036 0.052
0 0.791 0.896 0.042 0.048
0 0.86 0.842 0.036 0.04
0 0.924 0.841 0.032 0.034
0 0.968 0.817 0.028 0.046
0 0.895 0.793 0.034 0.046
0 0.926 0.733 0.032 0.046
0 0.895 0.723 0.046 0.05
0 0.892 0.689 0.036 0.038
0 0.826 0.76 0.036 0.052
0 0.8 0.76 0.028 0.048
0 0.626 0.811 0.044 0.042
0 0.377 0.861 0.038 0.05
0 0.322 0.821 0.036 0.03
0 0.304 0.807 0.032 0.03
0 0.306 0.763 0.052 0.042
0 0.438 0.817 0.04 0.05
0 0.412 0.827 0.036 0.046
0 0.51 0.858 0.04 0.06
0 0.548 0.911 0.044 0.038
0 0.573 0.945 0.026 0.038
0 0.562 0.957 0.012 0.022
0 0.385 0.96 0.018 0.032
0 0.198 0.992 0.044 0.012
0 0.148 0.977 0.044 0.042
0 0.035 0.796 0.034 0.052
0 0.04 0.667 0.052 0.042
0 0.065 0.572 0.046 0.048
0 0.1 0.581 0.028 0.038
0 0.08 0.492 0.036 0.044
0 0.147 0.536 0.034 0.06
0 0.274 0.682 0.044 0.036
0 0.315 0.707 0.042 0.042
0 0.351 0.716 0.034 0.04
0 0.408 0.752 0.036 0.036
0 0.504 0.728 0.052 0.036
0 0.538 0.723 0.024 0.03
0 0.492 0.693 0.028 0.038
0 0.527 0.632 0.038 0.048
0 0.598 0.586 0.04 0.048
0 0.636 0.509 0.04 0.05
0 0.69 0.488 0.04 0.056
0 0.746 0.438 0.032 0.048
0 0.789 0.47 0.026 0.024
0 0.82 0.549 0.02 0.03
0 0.821 0.532 0.034 0.044
0 0.822 0.674 0.044 0.052
0 0.752 0.694 0.04 0.056
0 0.64 0.734 0.036 0.048
0 0.73 0.966 0.048 0.056
0 0.745 0.991 0.03 0.014
0 0.713 0.986 0.042 0.024
0 0.156 0.644 0.036 0.044
0 0.145 0.673 0.03 0.034
0 0.082 0.753 0.036 0.05
0 0.109 0.709 0.034 0.042
0 0.255 0.635 0.042 0.058
0 0.263 0.502 0.038 0.044
0 0.245 0.472 0.026 0.04
0 0.264 0.454 0.028 0.052
0 0.318 0.52 0.036 0.06
0 0.31 0.598 0.044 0.044
0 0.277 0.594 0.034 0.056
0 0.15 0.457 0.044 0.042
0 0.183 0.538 0.034 0.04
0 0.208 0.459 0.048 0.058
0 0.221 0.385 0.034 0.05
0 0.173 0.383 0.046 0.05
0 0.17 0.342 0.036 0.04
0 0.17 0.235 0.04 0.054
0 0.077 0.178 0.042 0.048
0 0.034 0.172 0.036 0.06
0 0.048 0.25 0.036 0.048
0 0.074 0.328 0.044 0.068
0 0.078 0.369 0.044 0.038
0 0.105 0.45 0.034 0.032
0 0.31 0.369 0.036 0.062
0 0.346 0.377 0.04 0.05
0 0.399 0.481 0.054 0.058
0 0.386 0.602 0.028 0.04
0 0.445 0.564 0.042 0.036
0 0.513 0.559 0.042 0.058
0 0.474 0.453 0.036 0.05
0 0.59 0.509 0.028 0.046
0 0.613 0.483 0.022 0.026
0 0.63 0.417 0.04 0.062
0 0.606 0.388 0.04 0.048
0 0.618 0.356 0.048 0.04
0 0.678 0.42 0.04 0.048
0 0.804 0.353 0.036 0.042
0 0.741 0.571 0.038 0.05
0 0.916 0.631 0.028 0.05
0 0.989 0.723 0.018 0.038
0 0.962 0.592 0.044 0.036
0 0.976 0.599 0.032 0.054
0 0.989 0.57 0.018 0.06
0 0.905 0.477 0.038 0.046
0 0.891 0.421 0.034 0.066
0 0.835 0.424 0.03 0.036
0 0.83 0.406 0.024 0.024
0 0.872 0.305 0.036 0.058
0 0.903 0.229 0.026 0.046
0 0.833 0.243 0.034 0.042
0 0.873 0.188 0.03 0.04
0 0.935 0.224 0.022 0.036
0 0.99 0.15 0.016 0.032
0 0.765 0.329 0.03 0.03
0 0.759 0.317 0.042 0.038
0 0.764 0.289 0.032 0.026
0 0.767 0.273 0.046 0.018
0 0.772 0.254 0.04 0.028
0 0.59 0.248 0.036 0.048
0 0.537 0.265 0.042 0.05
0 0.645 0.212 0.046 0.064
0 0.671 0.205 0.03 0.03
0 0.698 0.186 0.04 0.028
0 0.69 0.154 0.032 0.036
0 0.684 0.132 0.024 0.032
0 0.667 0.119 0.03 0.034
0 0.742 0.109 0.036 0.058
0 0.687 0.035 0.026 0.054
0 0.631 0.079 0.03 0.042
0 0.645 0.018 0.026 0.024
0 0.605 0.019 0.03 0.034
0 0.76 0.015 0.04 0.026
0 0.818 0.04 0.032 0.032
0 0.805 0.066 0.042 0.04
0 0.896 0.033 0.032 0.034
0 0.915 0.07 0.026 0.04
0 0.917 0.049 0.03 0.03
0 0.942 0.058 0.028 0.036
0 0.952 0.025 0.024 0.038
0 0.984 0.104 0.028 0.036
0 0.879 0.124 0.03 0.028
0 0.866 0.093 0.044 0.026
0 0.568 0.108 0.044 0.06
0 0.536 0.158 0.04 0.048
0 0.511 0.105 0.034 0.058
0 0.388 0.138 0.044 0.044
0 0.433 0.181 0.038 0.042
0 0.425 0.208 0.026 0.036
0 0.384 0.239 0.032 0.038
0 0.348 0.181 0.044 0.05
0 0.31 0.169 0.032 0.046
0 0.268 0.184 0.036 0.052
0 0.277 0.232 0.038 0.04
0 0.31 0.237 0.024 0.018
0 0.334 0.239 0.028 0.034
0 0.379 0.306 0.038 0.04
0 0.377 0.331 0.026 0.026
0 0.487 0.378 0.026 0.032
0 0.477 0.358 0.034 0.036
0 0.34 0.441 0.024 0.026
0 0.351 0.425 0.034 0.034
0 0.171 0.155 0.042 0.046
0 0.169 0.055 0.034 0.046
0 0.141 0.087 0.034 0.038
0 0.135 0.117 0.022 0.018
0 0.127 0.147 0.034 0.046
0 0.444 0.06 0.04 0.052
0 0.29 0.094 0.02 0.036
0 0.29 0.082 0.028 0.032
0 0.386 0.021 0.036 0.038
0 0.347 0.014 0.038 0.024
0 0.296 0.03 0.036 0.036
0 0.118 0.024 0.04 0.044
0 0.043 0.031 0.03 0.026
0 0.041 0.046 0.042 0.02
0 0.056 0.069 0.02 0.022
0 0.048 0.087 0.036 0.034
0 0.033 0.105 0.034 0.042
0 0.957 0.402 0.042 0.048
0 0.925 0.379 0.038 0.046
0 0.803 0.405 0.03 0.038
0 0.981 0.479 0.034 0.062
0 0.837 0.981 0.038 0.034
0 0.705 0.325 0.042 0.054
0 0.512 0.939 0.06 0.054
0 0.563 0.88 0.042 0.032
0 0.918 0.934 0.036 0.048
0 0.436 0.648 0.028 0.068
0 0.473 0.649 0.034 0.062
0 0.343 0.557 0.038 0.058
0 0.521 0.352 0.038 0.068
0 0.482 0.088 0.04 0.044
0 0.037 0.73 0.042 0.044
0 0.703 0.915 0.022 0.042
0 0.208 0.637 0.04 0.05
0 0.579 0.724 0.034 0.048
0 0.381 0.821 0.03 0.034
0 0.407 0.61 0.014 0.02
0 0.681 0.604 0.034 0.048
0 0.988 0.86 0.02 0.056
0 0.904 0.76 0.032 0.032
0 0.047 0.633 0.026 0.038
0 0.728 0.486 0.032 0.044
0 0.936 0.352 0.02 0.016
0 0.953 0.482 0.026 0.036
0 0.448 0.462 0.024 0.036
0 0.561 0.249 0.022 0.042
0 0.218 0.144 0.028 0.044
0 0.567 0.024 0.042 0.044
0 0.449 0.027 0.026 0.022
1 0.97 0.785 0.024 0.03
1 0.463 0.853 0.022 0.03
1 0.109 0.423 0.022 0.018
1 0.406 0.585 0.02 0.018
1 0.63 0.112 0.016 0.028
1 0.064 0.958 0.02 0.032
1 0.861 0.816 0.026 0.016
1 0.726 0.896 0.028 0.024
1 0.822 0.198 0.02 0.028
1 0.945 0.167 0.022 0.022
1 0.869 0.071 0.018 0.022
1 0.821 0.179 0.022 0.022
1 0.829 0.163 0.018 0.022
1 0.738 0.233 0.02 0.03
1 0.476 0.055 0.024 0.022
1 0.542 0.066 0.016 0.024
1 0.862 0.363 0.024 0.022
1 0.422 0.92 0.024 0.028
1 0.69 0.878 0.024 0.024
1 0.848 0.888 0.028 0.024
1 0.916 0.894 0.016 0.028
1 0.68 0.776 0.02 0.028
1 0.376 0.797 0.04 0.022
1 0.521 0.701 0.022 0.022
1 0.264 0.874 0.016 0.016
1 0.561 0.444 0.03 0.016
1 0.654 0.439 0.016 0.014
1 0.662 0.45 0.008 0.012
1 0.913 0.987 0.022 0.022
1 0.994 0.953 0.008 0.01
1 0.78 0.699 0.02 0.022
1 0.853 0.652 0.014 0.036
1 0.397 0.091 0.026 0.03
1 0.422 0.08 0.024 0.024
1 0.446 0.101 0.016 0.022
1 0.489 0.186 0.018 0.036
1 0.515 0.194 0.01 0.016
1 0.077 0.839 0.018 0.018
1 0.109 0.55 0.018 0.028
1 0.619 0.673 0.026 0.038
1 0.696 0.673 0.032 0.026
1 0.709 0.641 0.026 0.026
1 0.603 0.148 0.022 0.028
1 0.625 0.264 0.026 0.036
1 0.668 0.266 0.02 0.024
1 0.689 0.278 0.022 0.032
1 0.608 0.765 0.012 0.018
1 0.665 0.733 0.018 0.018
1 0.126 0.752 0.024 0.024
1 0.148 0.739 0.016 0.014
1 0.771 0.387 0.022 0.03
1 0.99 0.355 0.016 0.046
1 0.932 0.275 0.024 0.038
1 0.937 0.526 0.018 0.024
1 0.983 0.437 0.014 0.018
1 0.074 0.42 0.02 0.02
1 0.051 0.465 0.022 0.026
1 0.013 0.492 0.026 0.024
1 0.046 0.31 0.024 0.028
1 0.02 0.367 0.024 0.03
1 0.145 0.256 0.022 0.028
1 0.206 0.275 0.028 0.03
1 0.232 0.274 0.024 0.02
1 0.43 0.282 0.016 0.016
1 0.525 0.014 0.026 0.024
1 0.502 0.013 0.024 0.022
2 0.717 0.769 0.03 0.046
2 0.169 0.902 0.042 0.028
2 0.548 0.398 0.036 0.036
2 0.816 0.925 0.024 0.03
2 0.843 0.941 0.022 0.018
2 0.868 0.932 0.028 0.028
2 0.099 0.084 0.026 0.028
2 0.512 0.779 0.024 0.022
2 0.532 0.807 0.024 0.022
2 0.25 0.985 0.032 0.026
2 0.379 0.622 0.018 0.028
2 0.483 0.577 0.026 0.054
2 0.61 0.556 0.028 0.02
2 0.86 0.399 0.02 0.03
2 0.874 0.382 0.02 0.012
2 0.177 0.476 0.022 0.044
2 0.78 0.497 0.02 0.022
2 0.831 0.466 0.018 0.016
2 0.282 0.281 0.024 0.026
2 0.85 0.014 0.024 0.024
2 0.246 0.033 0.024 0.034
2 0.192 0.049 0.016 0.018
2 0.722 0.073 0.028 0.038
2 0.718 0.036 0.02 0.028