0 0.02 0.012 0.028 0.024
0 0.005 0.05 0.01 0.032
0 0.082 0.03 0.04 0.044
0 0.123 0.02 0.042 0.04
0 0.169 0.016 0.062 0.032
0 0.022 0.164 0.044 0.048
0 0.069 0.137 0.034 0.042
0 0.129 0.12 0.062 0.072
0 0.129 0.212 0.034 0.032
0 0.077 0.225 0.054 0.042
0 0.059 0.264 0.05 0.032
0 0.073 0.328 0.042 0.052
0 0.011 0.366 0.022 0.028
0 0.052 0.442 0.036 0.04
0 0.036 0.503 0.048 0.038
0 0.017 0.598 0.034 0.044
0 0.001 0.64 0.002 0.008
0 0.078 0.726 0.04 0.04
0 0.097 0.815 0.046 0.038
0 0.044 0.963 0.036 0.058
0 0.066 0.956 0.04 0.036
0 0.1 0.993 0.052 0.01
0 0.299 0.984 0.038 0.028
0 0.225 0.968 0.054 0.028
0 0.207 0.94 0.046 0.032
0 0.196 0.905 0.036 0.034
0 0.172 0.884 0.032 0.032
0 0.373 0.979 0.034 0.03
0 0.414 0.992 0.052 0.012
0 0.375 0.991 0.034 0.014
0 0.319 0.963 0.038 0.03
0 0.396 0.921 0.036 0.022
0 0.177 0.831 0.042 0.038
0 0.24 0.801 0.036 0.03
0 0.316 0.865 0.044 0.034
0 0.545 0.974 0.034 0.024
0 0.495 0.943 0.046 0.03
0 0.537 0.933 0.038 0.034
0 0.485 0.88 0.034 0.032
0 0.623 0.938 0.038 0.044
0 0.654 0.909 0.048 0.038
0 0.731 0.922 0.034 0.036
0 0.806 0.941 0.032 0.038
0 0.985 0.965 0.026 0.034
0 0.964 0.962 0.016 0.032
0 0.954 0.856 0.06 0.076
0 0.87 0.881 0.048 0.046
0 0.903 0.821 0.022 0.026
0 0.819 0.827 0.05 0.03
0 0.754 0.862 0.048 0.032
0 0.585 0.864 0.042 0.024
0 0.62 0.803 0.032 0.03
0 0.639 0.831 0.046 0.026
0 0.741 0.804 0.042 0.036
0 0.262 0.769 0.04 0.042
0 0.296 0.735 0.028 0.034
0 0.37 0.797 0.028 0.038
0 0.509 0.79 0.018 0.024
0 0.516 0.761 0.048 0.03
0 0.399 0.74 0.042 0.04
0 0.633 0.753 0.038 0.03
0 0.599 0.743 0.03 0.034
0 0.66 0.707 0.06 0.046
0 0.914 0.742 0.048 0.044
0 0.908 0.766 0.036 0.024
0 0.947 0.703 0.042 0.038
0 0.816 0.723 0.048 0.046
0 0.865 0.678 0.058 0.032
0 0.885 0.658 0.046 0.028
0 0.986 0.643 0.024 0.046
0 0.908 0.612 0.052 0.032
0 0.992 0.561 0.012 0.042
0 0.909 0.518 0.042 0.036
0 0.901 0.473 0.07 0.054
0 0.918 0.428 0.04 0.036
0 0.985 0.434 0.026 0.032
0 0.977 0.404 0.042 0.048
0 0.934 0.344 0.048 0.04
0 0.895 0.354 0.034 0.044
0 0.76 0.406 0.048 0.04
0 0.987 0.327 0.022 0.022
0 0.996 0.282 0.004 0.024
0 0.948 0.296 0.024 0.032
0 0.907 0.285 0.046 0.034
0 0.884 0.289 0.028 0.03
0 0.956 0.251 0.04 0.038
0 0.142 0.654 0.048 0.044
0 0.311 0.664 0.038 0.028
0 0.367 0.619 0.058 0.034
0 0.4 0.589 0.044 0.03
0 0.313 0.546 0.034 0.036
0 0.554 0.631 0.04 0.038
0 0.596 0.625 0.04 0.034
0 0.633 0.6 0.026 0.028
0 0.329 0.511 0.046 0.034
0 0.347 0.494 0.042 0.036
0 0.269 0.445 0.046 0.038
0 0.195 0.41 0.034 0.036
0 0.155 0.463 0.034 0.034
0 0.172 0.322 0.02 0.028
0 0.198 0.325 0.032 0.034
0 0.43 0.534 0.032 0.028
0 0.623 0.556 0.042 0.036
0 0.675 0.537 0.05 0.038
0 0.717 0.531 0.046 0.034
0 0.695 0.487 0.046 0.05
0 0.638 0.464 0.048 0.052
0 0.677 0.455 0.042 0.038
0 0.464 0.463 0.048 0.03
0 0.388 0.446 0.028 0.032
0 0.388 0.41 0.032 0.04
0 0.365 0.342 0.05 0.036
0 0.446 0.359 0.04 0.03
0 0.466 0.408 0.056 0.032
0 0.233 0.095 0.034 0.038
0 0.287 0.05 0.046 0.032
0 0.333 0.097 0.046 0.034
0 0.369 0.142 0.03 0.04
0 0.422 0.05 0.064 0.044
0 0.536 0.019 0.036 0.034
0 0.491 0.341 0.042 0.034
0 0.528 0.333 0.036 0.042
0 0.417 0.3 0.042 0.028
0 0.392 0.283 0.02 0.026
0 0.6 0.323 0.04 0.034
0 0.435 0.243 0.078 0.062
0 0.596 0.036 0.032 0.024
0 0.577 0.243 0.042 0.034
0 0.585 0.225 0.058 0.038
0 0.689 0.267 0.05 0.042
0 0.728 0.307 0.036 0.038
0 0.778 0.286 0.044 0.048
0 0.689 0.196 0.038 0.036
0 0.717 0.193 0.03 0.038
0 0.752 0.188 0.068 0.044
0 0.8 0.164 0.036 0.024
0 0.743 0.148 0.05 0.028
0 0.904 0.135 0.04 0.042
0 0.978 0.035 0.04 0.03
0 0.942 0.007 0.036 0.014
0 0.773 0.029 0.046 0.046
0 0.805 0.003 0.03 0.006
1 0.024 0.041 0.02 0.022
1 0.015 0.209 0.018 0.022
1 0.005 0.419 0.01 0.022
1 0.01 0.549 0.02 0.022
1 0.015 0.659 0.026 0.026
1 0.025 0.679 0.018 0.022
1 0.037 0.888 0.026 0.024
1 0.134 0.944 0.024 0.032
1 0.086 0.879 0.02 0.01
1 0.112 0.884 0.04 0.016
1 0.3 0.884 0.016 0.016
1 0.599 0.995 0.03 0.006
1 0.598 0.915 0.02 0.018
1 0.751 0.953 0.022 0.014
1 0.767 0.967 0.014 0.022
1 0.728 0.953 0.004 0.006
1 0.894 0.939 0.016 0.01
1 0.548 0.838 0.024 0.032
1 0.655 0.805 0.022 0.018
1 0.484 0.8 0.012 0.008
1 0.496 0.725 0.02 0.034
1 0.733 0.749 0.014 0.018
1 0.975 0.706 0.01 0.016
1 0.857 0.45 0.018 0.02
1 0.928 0.271 0.02 0.018
1 0.164 0.584 0.016 0.024
1 0.073 0.557 0.022 0.01
1 0.096 0.565 0.02 0.014
1 0.148 0.509 0.024 0.014
1 0.105 0.467 0.022 0.022
1 0.004 0.447 0.008 0.014
1 0.028 0.425 0.012 0.01
1 0.448 0.651 0.04 0.014
1 0.238 0.529 0.02 0.022
1 0.507 0.601 0.026 0.026
1 0.535 0.571 0.022 0.018
1 0.37 0.517 0.016 0.014
1 0.228 0.436 0.024 0.028
1 0.254 0.389 0.012 0.03
1 0.116 0.413 0.02 0.014
1 0.105 0.365 0.022 0.022
1 0.419 0.513 0.018 0.014
1 0.613 0.511 0.014 0.022
1 0.582 0.468 0.016 0.02
1 0.592 0.444 0.016 0.016
1 0.593 0.394 0.022 0.024
1 0.421 0.36 0.014 0.02
1 0.17 0.224 0.016 0.016
1 0.299 0.253 0.026 0.018
1 0.212 0.138 0.028 0.02
1 0.297 0.152 0.022 0.032
1 0.392 0.122 0.02 0.028
1 0.39 0.092 0.024 0.02
1 0.503 0.017 0.03 0.022
1 0.54 0.076 0.02 0.024
1 0.454 0.1 0.024 0.02
1 0.523 0.171 0.026 0.026
1 0.446 0.147 0.02 0.01
1 0.551 0.216 0.018 0.016
1 0.779 0.353 0.01 0.026
1 0.545 0.365 0.01 0.014
1 0.823 0.254 0.026 0.024
1 0.818 0.101 0.024 0.018
1 0.894 0.026 0.016 0.024
1 0.865 0.041 0.014 0.022
1 0.714 0.091 0.024 0.018
1 0.667 0.056 0.018 0.032
1 0.797 0.408 0.01 0.016
2 0.012 0.73 0.02 0.024
2 0.261 0.915 0.042 0.034
2 0.224 0.832 0.024 0.02
2 0.441 0.832 0.038 0.028
2 0.438 0.713 0.032 0.026
2 0.968 0.317 0.016 0.014
2 0.974 0.333 0.012 0.018
2 0.988 0.345 0.012 0.014
2 0.986 0.203 0.024 0.038
2 0.05 0.783 0.016 0.018
2 0.191 0.669 0.026 0.014
2 0.243 0.684 0.038 0.032
2 0.463 0.58 0.03 0.032
2 0.12 0.422 0.02 0.016
2 0.142 0.348 0.024 0.028
2 0.493 0.448 0.03 0.028
2 0.366 0.417 0.02 0.018
2 0.507 0.413 0.034 0.022
2 0.48 0.265 0.024 0.022
2 0.405 0.152 0.018 0.02
2 0.591 0.356 0.038 0.032
2 0.937 0.082 0.018 0.016
2 0.962 0.094 0.032 0.028
2 0.602 0.106 0.024 0.036
2 0.016 0.312 0.012 0.016
2 0.01 0.296 0.008 0.008
2 0.262 0.291 0.024 0.018
2 0.841 0.319 0.014 0.014
2 0.007 0.913 0.014 0.014
2 0.086 0.924 0.032 0.02
2 0.274 0.653 0.028 0.022
2 0.218 0.672 0.02 0.012
2 0.776 0.455 0.02 0.014
2 0.882 0.53 0.02 0.012
2 0.896 0.535 0.012 0.014
2 0.056 0.06 0.016 0.012
2 0.312 0.081 0.024 0.018
2 0.191 0.137 0.014 0.01
2 0.09 0.131 0.02 0.014
2 0.798 0.75 0.016 0.016
0 0.109 0.105 0.114 0.106
0 0.023 0.164 0.046 0.048
0 0.074 0.329 0.044 0.05
0 0.059 0.261 0.05 0.034
0 0.171 0.323 0.018 0.026
0 0.199 0.326 0.034 0.036
0 0.197 0.409 0.034 0.038
0 0.156 0.463 0.032 0.034
0 0.269 0.443 0.054 0.038
0 0.313 0.546 0.038 0.044
0 0.366 0.621 0.06 0.038
0 0.305 0.666 0.05 0.032
0 0.293 0.735 0.038 0.034
0 0.267 0.769 0.054 0.046
0 0.371 0.798 0.034 0.044
0 0.398 0.739 0.056 0.05
0 0.517 0.76 0.05 0.032
0 0.595 0.742 0.038 0.036
0 0.659 0.708 0.074 0.056
0 0.552 0.63 0.056 0.04
0 0.596 0.626 0.048 0.036
0 0.626 0.558 0.048 0.04
0 0.672 0.535 0.06 0.042
0 0.637 0.465 0.042 0.054
0 0.681 0.456 0.054 0.04
0 0.461 0.464 0.058 0.036
0 0.37 0.341 0.06 0.038
0 0.42 0.301 0.052 0.03
0 0.528 0.325 0.036 0.054
0 0.686 0.265 0.056 0.05
0 0.689 0.195 0.038 0.038
0 0.742 0.15 0.056 0.032
0 0.726 0.306 0.048 0.04
0 0.76 0.408 0.056 0.044
0 0.716 0.529 0.044 0.034
0 0.635 0.6 0.03 0.032
0 0.633 0.752 0.038 0.032
0 0.586 0.864 0.044 0.024
0 0.331 0.512 0.05 0.04
0 0.345 0.494 0.07 0.04
0 0.404 0.593 0.06 0.042
0 0.07 0.723 0.056 0.05
0 0.098 0.817 0.052 0.042
0 0.177 0.826 0.062 0.056
0 0.24 0.803 0.04 0.034
0 0.311 0.865 0.058 0.038
0 0.396 0.922 0.04 0.028
0 0.478 0.878 0.06 0.04
0 0.483 0.931 0.078 0.058
0 0.172 0.883 0.044 0.038
0 0.199 0.905 0.042 0.034
0 0.205 0.94 0.062 0.036
0 0.228 0.97 0.056 0.028
0 0.295 0.981 0.05 0.034
0 0.32 0.963 0.052 0.034
0 0.062 0.959 0.06 0.042
0 0.104 0.992 0.052 0.012
0 0.145 0.652 0.05 0.048
0 0.021 0.598 0.042 0.044
0 0.034 0.501 0.06 0.042
0 0.047 0.44 0.05 0.044
0 0.467 0.402 0.062 0.048
0 0.389 0.448 0.038 0.04
0 0.596 0.32 0.048 0.044
0 0.432 0.242 0.108 0.068
0 0.691 0.488 0.058 0.048
0 0.901 0.47 0.074 0.056
0 0.9 0.354 0.04 0.044
0 0.779 0.288 0.046 0.06
0 0.756 0.187 0.072 0.046
0 0.717 0.192 0.03 0.036
0 0.905 0.135 0.046 0.046
0 0.894 0.025 0.016 0.03
0 0.977 0.035 0.042 0.034
0 0.951 0.251 0.05 0.038
0 0.935 0.346 0.054 0.044
0 0.621 0.802 0.042 0.032
0 0.757 0.862 0.062 0.036
0 0.74 0.803 0.052 0.038
0 0.075 0.224 0.062 0.044
0 0.13 0.208 0.04 0.04
0 0.012 0.367 0.024 0.026
0 0.106 0.364 0.02 0.024
0 0.119 0.417 0.026 0.026
0 0.104 0.466 0.024 0.024
0 0.237 0.684 0.062 0.036
0 0.533 0.932 0.05 0.04
0 0.614 0.941 0.064 0.058
0 0.653 0.91 0.054 0.044
0 0.728 0.923 0.044 0.046
0 0.808 0.943 0.036 0.042
0 0.818 0.827 0.056 0.034
0 0.866 0.875 0.076 0.062
0 0.816 0.721 0.056 0.05
0 0.416 0.046 0.076 0.06
0 0.325 0.094 0.058 0.04
0 0.23 0.092 0.04 0.04
0 0.02 0.013 0.028 0.026
0 0.022 0.04 0.028 0.024
0 0.006 0.05 0.012 0.036
0 0.083 0.029 0.042 0.046
0 0.121 0.021 0.054 0.042
0 0.068 0.137 0.04 0.046
0 0.016 0.209 0.02 0.022
0 0.362 0.141 0.048 0.046
0 0.392 0.123 0.024 0.034
0 0.589 0.226 0.058 0.044
0 0.58 0.247 0.056 0.058
0 0.55 0.216 0.024 0.024
0 0.525 0.168 0.034 0.032
0 0.595 0.035 0.034 0.03
0 0.448 0.358 0.044 0.032
0 0.288 0.052 0.048 0.036
0 0.536 0.02 0.036 0.04
0 0.772 0.033 0.048 0.062
0 0.906 0.612 0.052 0.036
0 0.884 0.66 0.06 0.036
0 0.983 0.644 0.03 0.056
0 0.989 0.56 0.018 0.048
0 0.908 0.519 0.048 0.042
0 0.95 0.703 0.044 0.042
0 0.915 0.741 0.058 0.05
0 0.957 0.854 0.07 0.08
0 0.977 0.966 0.042 0.04
0 0.638 0.831 0.052 0.034
0 0.975 0.407 0.046 0.05
0 0.916 0.429 0.06 0.038
0 0.985 0.436 0.026 0.036
0 0.602 0.106 0.032 0.04
0 0.666 0.056 0.024 0.032
0 0.017 0.659 0.034 0.03
0 0.164 0.585 0.02 0.03
0 0.012 0.549 0.024 0.026
0 0.006 0.42 0.012 0.024
0 0.39 0.092 0.028 0.024
0 0.458 0.099 0.04 0.026
0 0.501 0.019 0.034 0.022
0 0.538 0.075 0.02 0.022
0 0.911 0.285 0.058 0.034
0 0.858 0.45 0.024 0.024
0 0.541 0.976 0.058 0.032
0 0.905 0.822 0.026 0.028
0 0.866 0.678 0.064 0.036
0 0.467 0.582 0.042 0.04
0 0.507 0.602 0.026 0.028
0 0.43 0.527 0.048 0.046
0 0.381 0.41 0.062 0.048
0 0.493 0.343 0.05 0.042
0 0.394 0.284 0.024 0.028
0 0.596 0.394 0.028 0.024
0 0.495 0.448 0.034 0.036
0 0.228 0.434 0.024 0.032
0 0.206 0.136 0.048 0.02
0 0.172 0.018 0.06 0.032
0 0.885 0.289 0.03 0.03
0 0.983 0.201 0.03 0.046
0 0.993 0.283 0.01 0.03
0 0.928 0.271 0.024 0.022
0 0.95 0.295 0.024 0.038
0 0.987 0.332 0.022 0.032
0 0.481 0.265 0.026 0.022
0 0.592 0.361 0.044 0.05
0 0.142 0.347 0.024 0.034
0 0.171 0.228 0.018 0.032
0 0.436 0.709 0.052 0.046
0 0.509 0.788 0.022 0.028
0 0.444 0.83 0.064 0.032
0 0.135 0.942 0.026 0.032
0 0.259 0.914 0.058 0.032
0 0.223 0.834 0.034 0.032
0 0.084 0.919 0.044 0.038
0 0.041 0.963 0.038 0.062
0 0.377 0.979 0.05 0.038
0 0.405 0.991 0.074 0.014
0 0.599 0.916 0.022 0.02
0 0.942 0.009 0.036 0.018
0 0.819 0.101 0.034 0.022
0 0.954 0.092 0.056 0.04
0 0.011 0.731 0.022 0.026
0 0.007 0.913 0.014 0.014
1 0.865 0.041 0.014 0.022
1 0.779 0.352 0.01 0.032
1 0.535 0.57 0.022 0.02
1 0.45 0.652 0.044 0.016
1 0.496 0.726 0.02 0.036
1 0.733 0.751 0.014 0.022
1 0.655 0.805 0.026 0.018
1 0.296 0.152 0.02 0.036
1 0.301 0.251 0.026 0.022
1 0.254 0.394 0.016 0.048
1 0.237 0.53 0.022 0.024
1 0.148 0.508 0.028 0.016
1 0.421 0.361 0.014 0.022
1 0.448 0.153 0.024 0.022
1 0.823 0.255 0.026 0.022
1 0.799 0.164 0.046 0.028
1 0.713 0.095 0.022 0.03
1 0.026 0.68 0.02 0.024
1 0.841 0.32 0.014 0.016
1 0.548 0.838 0.028 0.036
1 0.485 0.8 0.014 0.008
1 0.3 0.884 0.02 0.016
1 0.037 0.887 0.03 0.026
1 0.114 0.883 0.044 0.018
1 0.087 0.879 0.018 0.018
1 0.75 0.954 0.024 0.016
1 0.767 0.968 0.018 0.028
1 0.896 0.939 0.024 0.018
1 0.614 0.512 0.012 0.02
1 0.371 0.518 0.018 0.016
1 0.865 0.085 0.01 0.014
1 0.408 0.15 0.02 0.02
1 0.518 0.661 0.016 0.022
1 0.974 0.705 0.008 0.018
1 0.909 0.766 0.038 0.024
2 0.193 0.668 0.026 0.016
2 0.084 0.563 0.048 0.022
2 0.971 0.327 0.022 0.034
2 0.989 0.347 0.01 0.014
2 0.827 0.331 0.018 0.01
2 0.011 0.439 0.022 0.026
2 0.265 0.291 0.018 0.022
2 0.6 0.992 0.032 0.012
2 0.805 0.005 0.026 0.006
2 0.051 0.783 0.022 0.022
2 0.005 0.94 0.01 0.02
2 0.058 0.889 0.012 0.01
2 0.031 0.812 0.006 0.012
2 0.276 0.655 0.028 0.022
2 0.183 0.611 0.018 0.03
2 0.514 0.415 0.024 0.014
2 0.594 0.444 0.016 0.012
2 0.58 0.47 0.02 0.028
2 0.884 0.533 0.044 0.022
2 0.798 0.408 0.012 0.016
2 0.777 0.457 0.03 0.022
2 0.544 0.364 0.012 0.016
2 0.543 0.275 0.022 0.026
2 0.013 0.296 0.01 0.012
2 0.018 0.312 0.016 0.02
2 0.044 0.028 0.016 0.016
2 0.324 0.129 0.016 0.014
2 0.992 0.705 0.012 0.022
2 0.853 0.936 0.018 0.012
2 0.857 0.965 0.026 0.03
2 0.794 0.747 0.008 0.014
2 0.802 0.753 0.012 0.014
2 0.76 0.756 0.012 0.012