0 0.861 0.12 0.046 0.068
0 0.158 0.081 0.052 0.042
0 0.151 0.113 0.05 0.038
0 0.044 0.179 0.056 0.058
0 0.045 0.268 0.05 0.04
0 0.067 0.31 0.05 0.052
0 0.121 0.31 0.038 0.044
0 0.177 0.183 0.062 0.07
0 0.038 0.367 0.072 0.082
0 0.208 0.228 0.04 0.028
0 0.207 0.271 0.058 0.066
0 0.248 0.282 0.048 0.056
0 0.247 0.067 0.046 0.05
0 0.303 0.098 0.042 0.052
0 0.264 0.022 0.048 0.044
0 0.35 0.019 0.04 0.038
0 0.407 0.041 0.058 0.058
0 0.225 0.154 0.042 0.06
0 0.286 0.144 0.056 0.032
0 0.303 0.25 0.054 0.08
0 0.014 0.418 0.028 0.056
0 0.417 0.254 0.046 0.056
0 0.379 0.425 0.054 0.058
0 0.362 0.364 0.048 0.052
0 0.5 0.136 0.052 0.06
0 0.514 0.207 0.048 0.058
0 0.58 0.132 0.04 0.036
0 0.64 0.15 0.048 0.056
0 0.548 0.078 0.052 0.052
0 0.598 0.05 0.036 0.036
0 0.631 0.011 0.038 0.022
0 0.657 0.083 0.038 0.034
0 0.688 0.207 0.044 0.082
0 0.75 0.224 0.044 0.06
0 0.413 0.302 0.046 0.024
0 0.588 0.32 0.044 0.068
0 0.634 0.357 0.052 0.062
0 0.739 0.263 0.046 0.054
0 0.833 0.314 0.05 0.072
0 0.895 0.174 0.042 0.076
0 0.953 0.194 0.054 0.06
0 0.966 0.258 0.052 0.068
0 0.985 0.154 0.026 0.064
0 0.914 0.117 0.036 0.034
0 0.917 0.023 0.042 0.046
0 0.771 0.091 0.042 0.042
0 0.776 0.167 0.06 0.082
0 0.736 0.384 0.048 0.072
0 0.773 0.324 0.034 0.06
0 0.522 0.473 0.044 0.074
0 0.465 0.493 0.038 0.046
0 0.895 0.39 0.042 0.08
0 0.974 0.411 0.048 0.09
0 0.872 0.481 0.044 0.074
0 0.2 0.499 0.048 0.054
0 0.194 0.549 0.052 0.058
0 0.364 0.556 0.052 0.056
0 0.658 0.417 0.036 0.046
0 0.754 0.482 0.044 0.064
0 0.712 0.699 0.04 0.066
0 0.675 0.664 0.054 0.08
0 0.59 0.547 0.032 0.042
0 0.984 0.655 0.028 0.09
0 0.892 0.651 0.032 0.038
0 0.048 0.613 0.072 0.078
0 0.017 0.745 0.034 0.034
0 0.016 0.861 0.032 0.066
0 0.071 0.923 0.062 0.062
0 0.144 0.958 0.04 0.048
0 0.027 0.992 0.038 0.012
0 0.192 0.774 0.048 0.056
0 0.102 0.761 0.048 0.046
0 0.143 0.684 0.042 0.044
0 0.383 0.703 0.05 0.062
0 0.454 0.774 0.044 0.06
0 0.536 0.754 0.036 0.06
0 0.554 0.835 0.048 0.066
0 0.645 0.854 0.046 0.064
0 0.622 0.772 0.056 0.048
0 0.746 0.873 0.04 0.054
0 0.408 0.777 0.024 0.026
0 0.219 0.73 0.034 0.04
0 0.272 0.777 0.044 0.042
0 0.337 0.948 0.046 0.044
0 0.359 0.868 0.046 0.06
0 0.447 0.931 0.054 0.062
0 0.409 0.932 0.03 0.044
0 0.398 0.992 0.032 0.012
0 0.376 0.816 0.04 0.044
0 0.704 0.975 0.064 0.046
0 0.796 0.977 0.052 0.042
0 0.822 0.799 0.044 0.07
0 0.849 0.862 0.046 0.08
0 0.965 0.947 0.038 0.074
0 0.565 0.899 0.034 0.034
0 0.82 0.704 0.032 0.048
0 0.52 0.641 0.028 0.038
0 0.981 0.713 0.034 0.042
0 0.748 0.624 0.032 0.04
0 0.534 0.583 0.028 0.034
0 0.807 0.564 0.03 0.04
0 0.348 0.776 0.028 0.032
1 0.084 0.218 0.036 0.032
1 0.222 0.249 0.02 0.014
1 0.203 0.254 0.014 0.016
1 0.258 0.102 0.02 0.012
1 0.273 0.075 0.022 0.026
1 0.369 0.059 0.018 0.026
1 0.38 0.112 0.02 0.024
1 0.19 0.147 0.024 0.018
1 0.254 0.18 0.016 0.028
1 0.264 0.178 0.012 0.02
1 0.307 0.213 0.014 0.022
1 0.294 0.213 0.012 0.022
1 0.337 0.331 0.03 0.018
1 0.299 0.331 0.026 0.018
1 0.429 0.203 0.026 0.034
1 0.444 0.312 0.016 0.032
1 0.872 0.089 0.016 0.026
1 0.803 0.133 0.026 0.022
1 0.824 0.247 0.024 0.014
1 0.853 0.247 0.038 0.034
1 0.582 0.226 0.016 0.02
1 0.878 0.232 0.032 0.032
1 0.912 0.261 0.012 0.014
1 0.783 0.365 0.026 0.018
1 0.815 0.419 0.022 0.026
1 0.468 0.365 0.036 0.042
1 0.508 0.321 0.036 0.038
1 0.318 0.389 0.02 0.018
1 0.35 0.395 0.032 0.03
1 0.842 0.442 0.016 0.016
1 0.851 0.383 0.03 0.042
1 0.949 0.444 0.014 0.016
1 0.981 0.365 0.034 0.034
1 0.281 0.579 0.014 0.034
1 0.693 0.46 0.022 0.02
1 0.68 0.452 0.012 0.012
1 0.59 0.624 0.02 0.024
1 0.577 0.67 0.034 0.036
1 0.85 0.536 0.016 0.028
1 0.645 0.609 0.03 0.03
1 0.812 0.599 0.02 0.01
1 0.014 0.776 0.02 0.02
1 0.08 0.99 0.024 0.016
1 0.196 0.959 0.028 0.018
1 0.092 0.834 0.02 0.028
1 0.181 0.646 0.034 0.032
1 0.025 0.515 0.026 0.03
1 0.49 0.781 0.02 0.05
1 0.661 0.801 0.026 0.014
1 0.3 0.74 0.02 0.02
1 0.42 0.799 0.02 0.022
1 0.39 0.869 0.016 0.022
1 0.494 0.949 0.024 0.026
1 0.329 0.772 0.018 0.028
1 0.837 0.97 0.022 0.02
1 0.762 0.792 0.016 0.028
1 0.788 0.807 0.016 0.018
1 0.917 0.848 0.018 0.032
1 0.945 0.844 0.026 0.02
1 0.189 0.806 0.034 0.016
1 0.164 0.808 0.028 0.02
1 0.823 0.853 0.018 0.03
1 0.856 0.8 0.032 0.024
1 0.927 0.79 0.03 0.028
1 0.935 0.803 0.034 0.034
1 0.92 0.766 0.02 0.04
1 0.99 0.591 0.016 0.018
1 0.983 0.58 0.01 0.016
1 0.993 0.577 0.01 0.018
1 0.317 0.917 0.022 0.014
1 0.326 0.906 0.02 0.012
1 0.513 0.595 0.014 0.018
1 0.511 0.576 0.018 0.02
1 0.642 0.715 0.016 0.014
1 0.653 0.738 0.038 0.032
1 0.654 0.71 0.008 0.012
1 0.733 0.594 0.014 0.032
1 0.16 0.912 0.028 0.028
1 0.444 0.866 0.012 0.016
1 0.445 0.988 0.014 0.016
1 0.446 0.973 0.016 0.014
2 0.363 0.251 0.054 0.066
2 0.061 0.039 0.026 0.026
2 0.063 0.057 0.018 0.01
2 0.079 0.056 0.018 0.016
2 0.149 0.217 0.034 0.038
2 0.348 0.109 0.04 0.046
2 0.451 0.094 0.018 0.012
2 0.692 0.023 0.028 0.03
2 0.704 0.006 0.028 0.012
2 0.714 0.021 0.016 0.018
2 0.878 0.03 0.036 0.056
2 0.433 0.461 0.03 0.034
2 0.2 0.401 0.048 0.034
2 0.093 0.571 0.022 0.022
2 0.199 0.717 0.01 0.018
2 0.617 0.459 0.014 0.022
2 0.766 0.666 0.016 0.024
2 0.47 0.537 0.012 0.014
2 0.679 0.499 0.018 0.026
2 0.265 0.69 0.014 0.012
2 0.297 0.64 0.05 0.04
2 0.188 0.895 0.032 0.01
2 0.195 0.877 0.022 0.018
2 0.296 0.877 0.02 0.022