0 0.402 0.174 0.068 0.08
0 0.301 0.129 0.066 0.05
0 0.715 0.037 0.042 0.05
0 0.77 0.265 0.064 0.054
0 0.583 0.477 0.058 0.062
0 0.264 0.397 0.048 0.046
0 0.098 0.341 0.044 0.066
0 0.127 0.469 0.042 0.058
0 0.101 0.792 0.054 0.056
0 0.43 0.737 0.064 0.058
0 0.303 0.515 0.046 0.042
0 0.177 0.719 0.05 0.05
0 0.694 0.917 0.04 0.054
0 0.597 0.969 0.058 0.058
0 0.673 0.755 0.054 0.054
0 0.858 0.81 0.048 0.06
0 0.666 0.685 0.064 0.054
0 0.436 0.339 0.04 0.066
0 0.711 0.615 0.078 0.086
0 0.49 0.357 0.056 0.054
0 0.106 0.06 0.048 0.044
0 0.03 0.712 0.048 0.044
0 0.837 0.61 0.066 0.096
0 0.218 0.632 0.048 0.052
0 0.279 0.451 0.042 0.058
0 0.215 0.861 0.038 0.058
0 0.777 0.873 0.054 0.066
0 0.722 0.531 0.052 0.058
0 0.123 0.117 0.054 0.074
0 0.03 0.151 0.06 0.062
0 0.098 0.173 0.04 0.05
0 0.056 0.073 0.044 0.046
0 0.009 0.036 0.018 0.056
0 0.22 0.111 0.068 0.07
0 0.295 0.08 0.058 0.06
0 0.179 0.056 0.038 0.04
0 0.356 0.057 0.032 0.038
0 0.318 0.006 0.06 0.012
0 0.447 0.041 0.062 0.07
0 0.641 0.015 0.038 0.03
0 0.692 0.083 0.044 0.062
0 0.675 0.103 0.026 0.046
0 0.809 0.055 0.03 0.03
0 0.806 0.103 0.036 0.038
0 0.792 0.155 0.048 0.034
0 0.988 0.048 0.02 0.028
0 0.911 0.205 0.034 0.03
0 0.878 0.204 0.032 0.052
0 0.92 0.309 0.036 0.034
0 0.777 0.307 0.05 0.05
0 0.806 0.264 0.04 0.04
0 0.648 0.392 0.024 0.016
0 0.589 0.35 0.046 0.032
0 0.64 0.302 0.044 0.06
0 0.657 0.344 0.054 0.044
0 0.585 0.42 0.046 0.028
0 0.66 0.483 0.056 0.046
0 0.691 0.5 0.046 0.044
0 0.66 0.55 0.064 0.064
0 0.708 0.522 0.052 0.076
0 0.77 0.57 0.04 0.056
0 0.659 0.608 0.062 0.06
0 0.582 0.65 0.052 0.044
0 0.463 0.643 0.03 0.054
0 0.461 0.593 0.05 0.054
0 0.5 0.542 0.036 0.044
0 0.527 0.568 0.05 0.056
0 0.516 0.473 0.052 0.062
0 0.464 0.508 0.056 0.048
0 0.424 0.531 0.052 0.054
0 0.432 0.477 0.048 0.05
0 0.412 0.297 0.068 0.066
0 0.415 0.352 0.05 0.044
0 0.555 0.333 0.066 0.062
0 0.932 0.62 0.064 0.04
0 0.941 0.656 0.062 0.052
0 0.976 0.668 0.044 0.052
0 0.783 0.77 0.046 0.056
0 0.738 0.703 0.056 0.054
0 0.858 0.882 0.06 0.06
0 0.898 0.914 0.072 0.068
0 0.827 0.954 0.058 0.052
0 0.798 0.895 0.064 0.066
0 0.907 0.959 0.07 0.062
0 0.931 0.973 0.058 0.05
0 0.97 0.952 0.048 0.084
0 0.649 0.987 0.062 0.022
0 0.485 0.98 0.054 0.036
0 0.432 0.991 0.06 0.014
0 0.476 0.921 0.048 0.05
0 0.46 0.851 0.048 0.062
0 0.528 0.806 0.048 0.036
0 0.593 0.835 0.058 0.062
0 0.457 0.784 0.066 0.088
0 0.359 0.814 0.066 0.064
0 0.357 0.902 0.074 0.068
0 0.376 0.934 0.048 0.06
0 0.326 0.947 0.036 0.034
0 0.302 0.98 0.048 0.036
0 0.268 0.981 0.032 0.034
0 0.266 0.919 0.052 0.05
0 0.165 0.916 0.046 0.064
0 0.129 0.9 0.05 0.068
0 0.253 0.811 0.042 0.058
0 0.257 0.711 0.058 0.054
0 0.353 0.714 0.066 0.052
0 0.287 0.583 0.058 0.054
0 0.219 0.495 0.058 0.058
0 0.188 0.42 0.056 0.056
0 0.156 0.364 0.06 0.052
0 0.262 0.277 0.072 0.078
0 0.297 0.324 0.05 0.064
0 0.214 0.254 0.076 0.064
0 0.145 0.254 0.054 0.06
0 0.035 0.257 0.066 0.058
0 0.012 0.296 0.024 0.048
0 0.078 0.234 0.028 0.048
0 0.113 0.223 0.054 0.062
0 0.035 0.41 0.062 0.064
0 0.067 0.612 0.05 0.052
0 0.025 0.616 0.05 0.06
0 0.076 0.46 0.044 0.04
0 0.052 0.491 0.056 0.058
0 0.436 0.701 0.056 0.034
0 0.087 0.722 0.05 0.056
0 0.086 0.806 0.048 0.08
0 0.044 0.898 0.032 0.052
0 0.01 0.904 0.02 0.056
0 0.035 0.964 0.054 0.056
0 0.063 0.972 0.05 0.052
0 0.171 0.981 0.05 0.034
1 0.057 0.108 0.03 0.028
1 0.262 0.067 0.024 0.026
1 0.442 0.076 0.028 0.036
1 0.953 0.152 0.038 0.032
1 0.81 0.289 0.032 0.026
1 0.67 0.369 0.036 0.038
1 0.565 0.617 0.03 0.022
1 0.513 0.614 0.026 0.028
1 0.461 0.444 0.034 0.028
1 0.477 0.296 0.03 0.028
1 0.598 0.244 0.024 0.02
1 0.836 0.387 0.04 0.03
1 0.928 0.499 0.04 0.034
1 0.896 0.518 0.04 0.028
1 0.86 0.747 0.02 0.022
1 0.934 0.768 0.044 0.02
1 0.75 0.768 0.024 0.02
1 0.717 0.828 0.026 0.024
1 0.714 0.805 0.02 0.026
1 0.766 0.824 0.032 0.028
1 0.752 0.803 0.028 0.026
1 0.782 0.938 0.036 0.028
1 0.984 0.972 0.024 0.032
1 0.495 0.852 0.03 0.032
1 0.427 0.882 0.018 0.044
1 0.365 0.981 0.022 0.03
1 0.381 0.988 0.03 0.02
1 0.271 0.944 0.018 0.032
1 0.176 0.785 0.04 0.046
1 0.26 0.542 0.02 0.044
1 0.133 0.505 0.03 0.022
1 0.305 0.235 0.026 0.046
1 0.319 0.355 0.03 0.034
1 0.141 0.178 0.014 0.024
1 0.026 0.343 0.028 0.034
1 0.07 0.531 0.04 0.034
1 0.098 0.491 0.024 0.03
1 0.228 0.78 0.02 0.02
1 0.024 0.921 0.016 0.018
2 0.867 0.242 0.026 0.052
2 0.514 0.652 0.028 0.032
2 0.468 0.467 0.048 0.03
2 0.414 0.399 0.048 0.038
2 0.533 0.263 0.034 0.042
2 0.851 0.536 0.05 0.056
2 0.92 0.824 0.052 0.052
2 0.803 0.988 0.074 0.02
2 0.222 0.912 0.036 0.032
2 0.274 0.655 0.032 0.042
2 0.207 0.442 0.038 0.036
2 0.246 0.445 0.028 0.026
2 0.183 0.293 0.03 0.034
2 0.156 0.198 0.044 0.052
2 0.162 0.136 0.04 0.036
2 0.04 0.657 0.032 0.042
2 0.172 0.641 0.056 0.074
2 0.636 0.821 0.032 0.026
2 0.3 0.847 0.052 0.058
2 0.205 0.812 0.042 0.052
2 0.081 0.043 0.034 0.03