0 0.968 0.058 0.04 0.048
0 0.993 0.138 0.01 0.044
0 0.982 0.132 0.028 0.048
0 0.904 0.094 0.04 0.024
0 0.806 0.085 0.048 0.038
0 0.841 0.015 0.038 0.03
0 0.63 0.026 0.036 0.036
0 0.6 0.032 0.032 0.04
0 0.537 0.012 0.042 0.024
0 0.434 0.032 0.04 0.032
0 0.369 0.024 0.042 0.048
0 0.299 0.014 0.042 0.028
0 0.312 0.055 0.04 0.054
0 0.193 0.014 0.046 0.028
0 0.091 0.023 0.054 0.046
0 0.91 0.165 0.048 0.062
0 0.821 0.179 0.046 0.038
0 0.748 0.156 0.028 0.04
0 0.7 0.129 0.044 0.046
0 0.713 0.138 0.042 0.052
0 0.671 0.059 0.05 0.03
0 0.981 0.24 0.034 0.048
0 0.895 0.246 0.038 0.036
0 0.843 0.266 0.03 0.056
0 0.988 0.319 0.02 0.05
0 0.952 0.317 0.04 0.05
0 0.911 0.338 0.046 0.04
0 0.903 0.365 0.026 0.014
0 0.962 0.411 0.052 0.07
0 0.997 0.485 0.002 0.03
0 0.959 0.538 0.026 0.036
0 0.994 0.644 0.008 0.044
0 0.963 0.634 0.034 0.032
0 0.892 0.612 0.032 0.064
0 0.849 0.624 0.038 0.036
0 0.836 0.511 0.04 0.05
0 0.839 0.418 0.038 0.056
0 0.762 0.431 0.036 0.042
0 0.742 0.492 0.048 0.052
0 0.719 0.471 0.026 0.042
0 0.764 0.588 0.032 0.044
0 0.702 0.553 0.036 0.042
0 0.623 0.571 0.03 0.042
0 0.594 0.511 0.036 0.046
0 0.651 0.447 0.034 0.054
0 0.689 0.428 0.03 0.032
0 0.687 0.396 0.034 0.036
0 0.727 0.376 0.046 0.036
0 0.702 0.29 0.028 0.028
0 0.701 0.313 0.03 0.026
0 0.673 0.262 0.042 0.052
0 0.648 0.231 0.032 0.042
0 0.609 0.218 0.034 0.024
0 0.6 0.235 0.044 0.022
0 0.571 0.139 0.046 0.058
0 0.535 0.179 0.046 0.046
0 0.618 0.388 0.044 0.044
0 0.617 0.343 0.026 0.046
0 0.547 0.436 0.038 0.056
0 0.586 0.43 0.028 0.036
0 0.516 0.261 0.028 0.026
0 0.527 0.278 0.046 0.028
0 0.431 0.287 0.038 0.054
0 0.458 0.322 0.032 0.048
0 0.475 0.338 0.038 0.064
0 0.935 0.767 0.042 0.034
0 0.933 0.728 0.046 0.032
0 0.888 0.71 0.036 0.04
0 0.745 0.697 0.03 0.042
0 0.723 0.722 0.034 0.048
0 0.979 0.836 0.038 0.04
0 0.988 0.897 0.02 0.042
0 0.99 0.952 0.016 0.044
0 0.925 0.894 0.038 0.04
0 0.844 0.972 0.032 0.04
0 0.812 0.97 0.032 0.04
0 0.738 0.982 0.04 0.032
0 0.682 0.984 0.044 0.028
0 0.593 0.979 0.038 0.038
0 0.627 0.955 0.034 0.046
0 0.642 0.924 0.036 0.036
0 0.668 0.896 0.036 0.036
0 0.793 0.894 0.038 0.036
0 0.89 0.812 0.036 0.04
0 0.846 0.809 0.032 0.042
0 0.806 0.806 0.036 0.032
0 0.747 0.773 0.042 0.038
0 0.673 0.764 0.034 0.036
0 0.631 0.73 0.034 0.04
0 0.631 0.68 0.034 0.044
0 0.634 0.638 0.032 0.032
0 0.549 0.734 0.034 0.04
0 0.668 0.854 0.044 0.036
0 0.674 0.83 0.036 0.036
0 0.61 0.849 0.028 0.042
0 0.618 0.807 0.024 0.034
0 0.496 0.82 0.02 0.028
0 0.481 0.822 0.018 0.032
0 0.556 0.861 0.028 0.034
0 0.58 0.91 0.032 0.052
0 0.563 0.925 0.03 0.038
0 0.533 0.956 0.034 0.048
0 0.515 0.893 0.018 0.01
0 0.53 0.906 0.008 0.02
0 0.454 0.961 0.04 0.05
0 0.407 0.984 0.026 0.028
0 0.346 0.975 0.036 0.026
0 0.391 0.94 0.034 0.04
0 0.345 0.919 0.03 0.042
0 0.317 0.966 0.018 0.02
0 0.292 0.989 0.016 0.018
0 0.42 0.793 0.032 0.038
0 0.433 0.742 0.034 0.048
0 0.352 0.722 0.04 0.032
0 0.462 0.648 0.032 0.056
0 0.43 0.641 0.032 0.05
0 0.367 0.774 0.03 0.032
0 0.326 0.797 0.028 0.034
0 0.353 0.85 0.03 0.028
0 0.336 0.832 0.028 0.032
0 0.318 0.855 0.032 0.038
0 0.271 0.909 0.03 0.042
0 0.229 0.887 0.03 0.046
0 0.199 0.893 0.03 0.038
0 0.212 0.94 0.028 0.044
0 0.188 0.943 0.024 0.034
0 0.167 0.953 0.022 0.038
0 0.138 0.963 0.02 0.034
0 0.045 0.99 0.038 0.016
0 0.055 0.963 0.038 0.026
0 0.012 0.932 0.02 0.048
0 0.125 0.913 0.034 0.034
0 0.13 0.875 0.032 0.042
0 0.174 0.849 0.032 0.046
0 0.223 0.83 0.03 0.036
0 0.276 0.792 0.028 0.04
0 0.167 0.795 0.034 0.05
0 0.015 0.802 0.026 0.044
0 0.014 0.741 0.024 0.046
0 0.049 0.722 0.034 0.036
0 0.085 0.767 0.03 0.03
0 0.11 0.684 0.044 0.048
0 0.169 0.701 0.038 0.05
0 0.153 0.682 0.034 0.04
0 0.206 0.676 0.032 0.04
0 0.08 0.641 0.036 0.042
0 0.061 0.633 0.014 0.034
0 0.009 0.636 0.014 0.06
0 0.289 0.728 0.03 0.044
0 0.292 0.615 0.032 0.034
0 0.386 0.577 0.04 0.066
0 0.422 0.55 0.04 0.044
0 0.398 0.535 0.028 0.038
0 0.468 0.535 0.032 0.058
0 0.518 0.534 0.028 0.048
0 0.456 0.44 0.036 0.04
0 0.37 0.443 0.032 0.042
0 0.377 0.5 0.034 0.048
0 0.337 0.494 0.042 0.064
0 0.301 0.501 0.026 0.054
0 0.5 0.114 0.04 0.048
0 0.46 0.129 0.04 0.054
0 0.424 0.124 0.044 0.048
0 0.398 0.087 0.048 0.046
0 0.351 0.156 0.038 0.06
0 0.401 0.179 0.042 0.05
0 0.226 0.104 0.036 0.032
0 0.219 0.071 0.034 0.038
0 0.197 0.087 0.034 0.046
0 0.149 0.091 0.03 0.046
0 0.111 0.067 0.026 0.05
0 0.043 0.109 0.042 0.062
0 0.1 0.183 0.028 0.042
0 0.088 0.248 0.036 0.044
0 0.04 0.271 0.02 0.018
0 0.059 0.326 0.038 0.044
0 0.151 0.271 0.022 0.038
0 0.152 0.191 0.04 0.066
0 0.179 0.199 0.038 0.066
0 0.279 0.167 0.034 0.034
0 0.23 0.202 0.028 0.028
0 0.218 0.233 0.04 0.042
0 0.302 0.284 0.048 0.056
0 0.232 0.33 0.032 0.056
0 0.293 0.41 0.038 0.056
0 0.236 0.436 0.04 0.06
0 0.149 0.448 0.034 0.036
0 0.235 0.519 0.034 0.042
0 0.039 0.431 0.042 0.058
0 0.188 0.544 0.04 0.052
0 0.173 0.518 0.046 0.044
0 0.204 0.569 0.036 0.038
0 0.193 0.592 0.038 0.032
0 0.079 0.542 0.038 0.048
0 0.059 0.583 0.038 0.038
1 0.937 0.088 0.018 0.016
1 0.799 0.039 0.026 0.018
1 0.71 0.023 0.028 0.014
1 0.328 0.008 0.016 0.016
1 0.676 0.155 0.02 0.03
1 0.67 0.085 0.024 0.014
1 0.997 0.207 0.002 0.01
1 0.78 0.267 0.016 0.026
1 0.911 0.294 0.014 0.02
1 0.921 0.438 0.022 0.02
1 0.963 0.655 0.03 0.01
1 0.792 0.459 0.028 0.022
1 0.79 0.396 0.028 0.02
1 0.668 0.573 0.016 0.018
1 0.603 0.58 0.022 0.02
1 0.662 0.482 0.024 0.016
1 0.741 0.342 0.026 0.02
1 0.673 0.307 0.026 0.026
1 0.59 0.305 0.02 0.022
1 0.543 0.315 0.022 0.014
1 0.564 0.355 0.012 0.014
1 0.511 0.389 0.018 0.014
1 0.518 0.413 0.024 0.018
1 0.442 0.377 0.016 0.01
1 0.365 0.353 0.018 0.022
1 0.857 0.696 0.01 0.032
1 0.757 0.629 0.022 0.022
1 0.935 0.874 0.018 0.016
1 0.798 0.846 0.02 0.016
1 0.662 0.741 0.02 0.03
1 0.562 0.685 0.024 0.018
1 0.557 0.703 0.006 0.006
1 0.489 0.693 0.022 0.03
1 0.535 0.808 0.018 0.02
1 0.492 0.903 0.02 0.026
1 0.52 0.91 0.008 0.008
1 0.285 0.976 0.014 0.008
1 0.337 0.78 0.022 0.024
1 0.364 0.893 0.016 0.022
1 0.388 0.873 0.012 0.01
1 0.15 0.956 0.012 0.012
1 0.162 0.909 0.04 0.022
1 0.155 0.929 0.022 0.022
1 0.133 0.785 0.014 0.026
1 0.084 0.826 0.02 0.024
1 0.111 0.834 0.014 0.024
1 0.136 0.665 0.02 0.026
1 0.266 0.722 0.012 0.016
1 0.258 0.735 0.016 0.026
1 0.203 0.73 0.018 0.024
1 0.246 0.666 0.016 0.024
1 0.274 0.662 0.02 0.012
1 0.325 0.663 0.018 0.018
1 0.497 0.537 0.014 0.038
1 0.405 0.498 0.018 0.016
1 0.363 0.21 0.022 0.02
1 0.494 0.208 0.02 0.012
1 0.016 0.194 0.02 0.028
1 0.089 0.203 0.026 0.022
1 0.089 0.347 0.006 0.01
1 0.325 0.244 0.026 0.012
1 0.33 0.259 0.012 0.014
1 0.271 0.364 0.018 0.016
1 0.199 0.352 0.014 0.028
1 0.235 0.381 0.022 0.018
1 0.176 0.375 0.02 0.026
1 0.048 0.476 0.016 0.024
1 0.714 0.922 0.02 0.028
1 0.841 0.321 0.018 0.018
1 0.817 0.331 0.01 0.018
2 0.907 0.075 0.018 0.014
2 0.958 0.221 0.028 0.046
2 0.861 0.402 0.026 0.016
2 0.806 0.432 0.036 0.036
2 0.749 0.533 0.026 0.026
2 0.734 0.265 0.04 0.026
2 0.62 0.1 0.024 0.012
2 0.554 0.343 0.02 0.018
2 0.563 0.275 0.022 0.022
2 0.799 0.7 0.022 0.036
2 0.9 0.926 0.036 0.032
2 0.624 0.988 0.024 0.02
2 0.843 0.859 0.026 0.026
2 0.599 0.771 0.018 0.022
2 0.455 0.741 0.018 0.026
2 0.103 0.973 0.03 0.042
2 0.015 0.886 0.026 0.056
2 0.174 0.65 0.02 0.016
2 0.178 0.669 0.016 0.018
2 0.446 0.529 0.016 0.026
2 0.372 0.196 0.02 0.016
2 0.574 0.045 0.036 0.042
2 0.064 0.231 0.024 0.054
2 0.087 0.277 0.022 0.018
2 0.302 0.247 0.012 0.018
2 0.293 0.344 0.03 0.024
2 0.299 0.366 0.038 0.02
2 0.163 0.408 0.022 0.032
2 0.128 0.452 0.012 0.016
2 0.135 0.488 0.022 0.036
2 0.259 0.98 0.022 0.036
2 0.054 0.888 0.02 0.028
2 0.032 0.686 0.032 0.036
2 0.619 0.904 0.022 0.02
2 0.801 0.216 0.018 0.032
2 0.733 0.243 0.018 0.018
2 0.964 0.008 0.04 0.016
2 0.728 0.854 0.02 0.02
2 0.945 0.82 0.014 0.016
2 0.217 0.604 0.014 0.012
2 0.885 0.075 0.038 0.034
2 0.394 0.051 0.036 0.026