0 0.783 0.463 0.07 0.074
0 0.867 0.341 0.038 0.054
0 0.883 0.398 0.042 0.068
0 0.845 0.371 0.042 0.058
0 0.788 0.364 0.04 0.036
0 0.727 0.401 0.074 0.09
0 0.659 0.451 0.042 0.054
0 0.689 0.432 0.058 0.072
0 0.62 0.4 0.052 0.048
0 0.583 0.436 0.05 0.056
0 0.512 0.449 0.056 0.07
0 0.482 0.382 0.06 0.06
0 0.44 0.451 0.04 0.042
0 0.592 0.498 0.056 0.052
0 0.566 0.531 0.04 0.046
0 0.498 0.55 0.036 0.044
0 0.469 0.55 0.026 0.044
0 0.384 0.48 0.04 0.048
0 0.353 0.463 0.046 0.09
0 0.3 0.475 0.044 0.07
0 0.256 0.464 0.044 0.056
0 0.967 0.257 0.038 0.05
0 0.823 0.19 0.05 0.092
0 0.781 0.21 0.034 0.06
0 0.749 0.243 0.042 0.066
0 0.877 0.093 0.042 0.054
0 0.81 0.096 0.076 0.104
0 0.968 0.165 0.06 0.054
0 0.914 0.22 0.044 0.064
0 0.866 0.24 0.06 0.088
0 0.827 0.272 0.034 0.064
0 0.717 0.147 0.066 0.07
0 0.563 0.345 0.074 0.046
0 0.566 0.306 0.068 0.056
0 0.617 0.259 0.062 0.118
0 0.571 0.233 0.026 0.07
0 0.567 0.083 0.074 0.094
0 0.576 0.043 0.04 0.05
0 0.658 0.045 0.036 0.042
0 0.743 0.112 0.03 0.036
0 0.628 0.195 0.068 0.094
0 0.356 0.096 0.084 0.1
0 0.453 0.285 0.054 0.106
0 0.418 0.281 0.04 0.042
0 0.139 0.024 0.022 0.044
0 0.125 0.072 0.042 0.044
0 0.076 0.076 0.028 0.052
0 0.249 0.197 0.046 0.058
0 0.287 0.262 0.046 0.092
0 0.219 0.331 0.046 0.066
0 0.14 0.346 0.064 0.08
0 0.101 0.174 0.05 0.04
0 0.095 0.221 0.078 0.086
0 0.087 0.295 0.078 0.078
0 0.21 0.089 0.048 0.082
0 0.159 0.128 0.038 0.044
0 0.038 0.078 0.048 0.072
0 0.05 0.124 0.036 0.04
0 0.684 0.374 0.036 0.032
0 0.124 0.493 0.04 0.05
0 0.074 0.469 0.06 0.09
0 0.191 0.55 0.054 0.084
0 0.736 0.596 0.048 0.068
0 0.673 0.624 0.046 0.064
0 0.858 0.458 0.052 0.044
0 0.876 0.505 0.064 0.058
0 0.807 0.516 0.046 0.04
0 0.888 0.556 0.036 0.04
0 0.921 0.567 0.03 0.038
0 0.94 0.67 0.04 0.052
0 0.954 0.734 0.044 0.04
0 0.92 0.708 0.044 0.04
0 0.889 0.676 0.058 0.06
0 0.62 0.736 0.056 0.052
0 0.581 0.748 0.038 0.048
0 0.596 0.791 0.044 0.062
0 0.52 0.771 0.048 0.054
0 0.481 0.704 0.046 0.04
0 0.45 0.724 0.04 0.032
0 0.386 0.674 0.052 0.052
0 0.382 0.579 0.056 0.046
0 0.559 0.692 0.054 0.048
0 0.48 0.644 0.06 0.072
0 0.468 0.113 0.036 0.03
0 0.468 0.054 0.048 0.06
0 0.685 0.23 0.05 0.088
0 0.839 0.794 0.046 0.068
0 0.938 0.843 0.028 0.038
0 0.918 0.859 0.044 0.05
0 0.933 0.892 0.042 0.044
0 0.896 0.921 0.06 0.05
0 0.858 0.962 0.044 0.044
0 0.839 0.918 0.046 0.04
0 0.715 0.967 0.046 0.054
0 0.681 0.86 0.042 0.096
0 0.624 0.855 0.044 0.05
0 0.761 0.727 0.038 0.042
0 0.71 0.744 0.052 0.04
0 0.984 0.973 0.028 0.05
0 0.555 0.867 0.042 0.062
0 0.446 0.883 0.044 0.042
0 0.49 0.865 0.036 0.034
0 0.367 0.758 0.038 0.056
0 0.331 0.756 0.034 0.06
0 0.351 0.802 0.038 0.048
0 0.177 0.792 0.054 0.056
0 0.073 0.768 0.042 0.052
0 0.168 0.682 0.06 0.12
0 0.076 0.698 0.048 0.04
0 0.064 0.679 0.028 0.034
0 0.073 0.595 0.054 0.078
0 0.048 0.636 0.048 0.04
0 0.264 0.668 0.048 0.052
0 0.395 0.891 0.03 0.03
0 0.322 0.912 0.048 0.044
0 0.517 0.892 0.034 0.04
0 0.496 0.898 0.032 0.032
0 0.707 0.062 0.054 0.076
0 0.686 0.018 0.056 0.036
0 0.654 0.094 0.052 0.056
0 0.148 0.934 0.04 0.06
0 0.094 0.941 0.032 0.038
0 0.607 0.968 0.038 0.048
0 0.585 0.97 0.03 0.052
0 0.034 0.9 0.028 0.04
0 0.013 0.888 0.022 0.044
0 0.037 0.829 0.03 0.054
1 0.436 0.405 0.02 0.046
1 0.547 0.543 0.022 0.022
1 0.447 0.499 0.022 0.038
1 0.319 0.429 0.03 0.03
1 0.239 0.453 0.01 0.01
1 0.757 0.287 0.026 0.026
1 0.73 0.281 0.024 0.022
1 0.695 0.32 0.026 0.028
1 0.669 0.295 0.03 0.038
1 0.86 0.126 0.024 0.032
1 0.756 0.054 0.028 0.032
1 0.882 0.181 0.028 0.022
1 0.917 0.18 0.038 0.028
1 0.889 0.185 0.022 0.022
1 0.961 0.109 0.038 0.034
1 0.804 0.27 0.016 0.024
1 0.68 0.128 0.02 0.032
1 0.605 0.138 0.03 0.02
1 0.623 0.346 0.022 0.028
1 0.551 0.272 0.03 0.016
1 0.548 0.255 0.028 0.022
1 0.527 0.209 0.03 0.034
1 0.523 0.128 0.05 0.024
1 0.54 0.152 0.02 0.024
1 0.778 0.156 0.028 0.028
1 0.337 0.324 0.038 0.028
1 0.277 0.345 0.026 0.034
1 0.313 0.377 0.026 0.03
1 0.237 0.391 0.026 0.03
1 0.233 0.421 0.026 0.022
1 0.213 0.397 0.018 0.03
1 0.101 0.119 0.022 0.022
1 0.074 0.126 0.024 0.024
1 0.258 0.276 0.024 0.024
1 0.124 0.406 0.024 0.016
1 0.077 0.417 0.022 0.022
1 0.238 0.099 0.02 0.026
1 0.162 0.093 0.02 0.026
1 0.179 0.109 0.022 0.026
1 0.165 0.168 0.038 0.016
1 0.063 0.16 0.018 0.02
1 0.049 0.174 0.01 0.02
1 0.037 0.173 0.01 0.022
1 0.367 0.194 0.022 0.036
1 0.314 0.157 0.024 0.026
1 0.42 0.223 0.024 0.066
1 0.144 0.435 0.024 0.046
1 0.124 0.449 0.02 0.026
1 0.099 0.453 0.014 0.034
1 0.238 0.592 0.024 0.028
1 0.197 0.606 0.018 0.032
1 0.244 0.562 0.02 0.024
1 0.619 0.574 0.018 0.032
1 0.73 0.532 0.032 0.032
1 0.791 0.571 0.026 0.03
1 0.894 0.596 0.024 0.028
1 0.839 0.667 0.034 0.034
1 0.847 0.719 0.026 0.03
1 0.353 0.661 0.01 0.014
1 0.383 0.612 0.026 0.028
1 0.288 0.585 0.024 0.034
1 0.356 0.592 0.028 0.028
1 0.505 0.092 0.026 0.028
1 0.479 0.088 0.018 0.02
1 0.791 0.924 0.014 0.024
1 0.802 0.933 0.012 0.022
1 0.783 0.977 0.01 0.018
1 0.792 0.981 0.008 0.014
1 0.68 0.918 0.036 0.028
1 0.697 0.715 0.022 0.026
1 0.918 0.426 0.012 0.012
1 0.91 0.436 0.012 0.012
1 0.927 0.46 0.018 0.024
1 0.854 0.614 0.032 0.036
1 0.871 0.626 0.014 0.02
1 0.924 0.743 0.04 0.022
1 0.865 0.771 0.018 0.03
1 0.982 0.776 0.028 0.02
1 0.978 0.865 0.02 0.038
1 0.953 0.932 0.01 0.028
1 0.952 0.969 0.028 0.026
1 0.965 0.981 0.014 0.018
1 0.982 0.916 0.016 0.02
1 0.971 0.936 0.018 0.02
1 0.721 0.851 0.03 0.018
1 0.777 0.829 0.018 0.018
1 0.785 0.849 0.01 0.022
1 0.761 0.834 0.014 0.02
1 0.771 0.859 0.022 0.034
1 0.74 0.874 0.02 0.024
1 0.653 0.904 0.026 0.032
1 0.284 0.752 0.016 0.036
1 0.26 0.754 0.02 0.028
1 0.168 0.821 0.04 0.026
1 0.099 0.759 0.01 0.026
1 0.083 0.743 0.022 0.026
1 0.025 0.572 0.018 0.044
1 0.035 0.541 0.026 0.034
1 0.235 0.692 0.026 0.024
1 0.485 0.838 0.018 0.02
1 0.453 0.773 0.022 0.026
1 0.449 0.753 0.018 0.014
1 0.679 0.075 0.018 0.026
1 0.17 0.479 0.02 0.026
1 0.152 0.481 0.012 0.022
1 0.396 0.552 0.02 0.024
1 0.283 0.555 0.022 0.018
1 0.193 0.914 0.026 0.028
1 0.1 0.907 0.024 0.022
1 0.088 0.964 0.036 0.016
1 0.069 0.946 0.022 0.028
2 0.168 0.314 0.032 0.04
2 0.141 0.276 0.038 0.048
2 0.155 0.245 0.03 0.03
2 0.213 0.245 0.022 0.038
2 0.677 0.72 0.03 0.032
2 0.893 0.77 0.046 0.036
2 0.749 0.916 0.01 0.016
2 0.261 0.8 0.042 0.056
2 0.489 0.185 0.074 0.066
2 0.393 0.422 0.026 0.036
2 0.505 0.507 0.018 0.014
2 0.165 0.598 0.022 0.036
2 0.225 0.956 0.018 0.02
2 0.211 0.937 0.026 0.022
2 0.257 0.899 0.014 0.018
2 0.053 0.887 0.022 0.022
2 0.097 0.617 0.014 0.034
2 0.417 0.755 0.022 0.054
2 0.194 0.689 0.012 0.018
2 0.501 0.58 0.014 0.016
2 0.493 0.577 0.006 0.014