0 0.094 0.013 0.044 0.026
0 0.284 0.043 0.044 0.058
0 0.313 0.016 0.038 0.032
0 0.38 0.045 0.028 0.058
0 0.411 0.021 0.034 0.038
0 0.445 0.034 0.03 0.06
0 0.409 0.081 0.034 0.058
0 0.542 0.031 0.02 0.03
0 0.569 0.037 0.038 0.046
0 0.632 0.057 0.044 0.054
0 0.749 0.014 0.046 0.028
0 0.892 0.017 0.036 0.022
0 0.953 0.051 0.038 0.034
0 0.984 0.072 0.028 0.044
0 0.92 0.098 0.036 0.036
0 0.886 0.081 0.032 0.05
0 0.833 0.103 0.038 0.046
0 0.789 0.106 0.038 0.04
0 0.847 0.151 0.026 0.054
0 0.925 0.154 0.034 0.048
0 0.724 0.131 0.036 0.038
0 0.675 0.097 0.038 0.05
0 0.684 0.168 0.04 0.056
0 0.58 0.146 0.036 0.048
0 0.547 0.137 0.026 0.038
0 0.539 0.18 0.038 0.044
0 0.471 0.139 0.034 0.046
0 0.347 0.051 0.034 0.058
0 0.239 0.156 0.054 0.06
0 0.205 0.182 0.038 0.056
0 0.096 0.109 0.036 0.05
0 0.083 0.191 0.042 0.05
0 0.285 0.215 0.038 0.042
0 0.243 0.265 0.05 0.046
0 0.211 0.293 0.038 0.038
0 0.338 0.26 0.044 0.052
0 0.326 0.3 0.04 0.04
0 0.375 0.294 0.034 0.036
0 0.456 0.214 0.06 0.056
0 0.424 0.29 0.044 0.036
0 0.5 0.259 0.044 0.046
0 0.595 0.21 0.046 0.032
0 0.734 0.215 0.04 0.038
0 0.989 0.268 0.018 0.036
0 0.967 0.248 0.042 0.036
0 0.854 0.26 0.044 0.056
0 0.909 0.213 0.034 0.046
0 0.815 0.258 0.03 0.028
0 0.808 0.294 0.036 0.036
0 0.717 0.262 0.046 0.044
0 0.748 0.335 0.032 0.034
0 0.977 0.315 0.042 0.05
0 0.926 0.317 0.036 0.038
0 0.953 0.355 0.03 0.038
0 0.848 0.381 0.032 0.034
0 0.823 0.349 0.03 0.03
0 0.808 0.377 0.032 0.046
0 0.827 0.422 0.038 0.036
0 0.564 0.26 0.036 0.044
0 0.482 0.326 0.032 0.04
0 0.199 0.35 0.054 0.04
0 0.035 0.335 0.038 0.05
0 0.037 0.413 0.038 0.03
0 0.591 0.307 0.038 0.054
0 0.613 0.335 0.034 0.042
0 0.605 0.374 0.034 0.04
0 0.548 0.396 0.032 0.036
0 0.433 0.44 0.038 0.032
0 0.43 0.487 0.04 0.038
0 0.653 0.394 0.03 0.044
0 0.55 0.454 0.04 0.036
0 0.629 0.455 0.03 0.038
0 0.656 0.459 0.028 0.042
0 0.6 0.491 0.032 0.046
0 0.549 0.502 0.03 0.044
0 0.488 0.536 0.044 0.04
0 0.564 0.573 0.048 0.038
0 0.504 0.572 0.044 0.044
0 0.444 0.532 0.036 0.032
0 0.336 0.47 0.04 0.04
0 0.304 0.459 0.04 0.046
0 0.273 0.459 0.034 0.05
0 0.228 0.451 0.04 0.046
0 0.234 0.5 0.032 0.036
0 0.213 0.536 0.038 0.032
0 0.392 0.349 0.04 0.042
0 0.186 0.397 0.04 0.042
0 0.144 0.497 0.04 0.034
0 0.1 0.497 0.04 0.038
0 0.17 0.526 0.04 0.036
0 0.068 0.525 0.032 0.038
0 0.037 0.477 0.042 0.046
0 0.093 0.408 0.038 0.044
0 0.2 0.63 0.044 0.052
0 0.289 0.577 0.038 0.05
0 0.404 0.534 0.036 0.036
0 0.379 0.63 0.038 0.044
0 0.424 0.649 0.036 0.03
0 0.959 0.521 0.046 0.038
0 0.901 0.248 0.042 0.036
0 0.891 0.359 0.038 0.034
0 0.896 0.429 0.036 0.046
0 0.77 0.525 0.04 0.042
0 0.715 0.563 0.042 0.046
0 0.686 0.667 0.048 0.038
0 0.569 0.681 0.034 0.054
0 0.548 0.748 0.04 0.044
0 0.613 0.749 0.034 0.046
0 0.654 0.819 0.052 0.074
0 0.615 0.915 0.05 0.042
0 0.753 0.884 0.042 0.048
0 0.807 0.92 0.038 0.052
0 0.687 0.489 0.042 0.034
0 0.733 0.461 0.038 0.03
0 0.751 0.472 0.042 0.036
0 0.846 0.598 0.044 0.048
0 0.933 0.596 0.034 0.036
0 0.9 0.592 0.032 0.032
0 0.867 0.676 0.038 0.036
0 0.954 0.711 0.032 0.038
0 0.921 0.718 0.026 0.032
0 0.993 0.644 0.01 0.032
0 0.892 0.797 0.052 0.058
0 0.843 0.813 0.034 0.042
0 0.802 0.809 0.04 0.042
0 0.764 0.778 0.032 0.036
0 0.711 0.944 0.038 0.04
0 0.751 0.981 0.042 0.034
0 0.793 0.979 0.034 0.038
0 0.873 0.933 0.046 0.042
0 0.977 0.976 0.034 0.036
0 0.935 0.828 0.038 0.04
0 0.546 0.95 0.04 0.04
0 0.472 0.897 0.048 0.042
0 0.45 0.869 0.04 0.042
0 0.55 0.857 0.04 0.046
0 0.518 0.865 0.032 0.042
0 0.471 0.806 0.034 0.028
0 0.484 0.827 0.04 0.03
0 0.485 0.855 0.03 0.026
0 0.361 0.894 0.03 0.028
0 0.438 0.987 0.036 0.022
0 0.407 0.962 0.018 0.04
0 0.305 0.839 0.034 0.038
0 0.243 0.873 0.038 0.042
0 0.223 0.955 0.034 0.038
0 0.184 0.957 0.032 0.038
0 0.116 0.919 0.04 0.034
0 0.155 0.927 0.034 0.042
0 0.167 0.909 0.034 0.026
0 0.07 0.867 0.032 0.038
0 0.099 0.867 0.022 0.026
0 0.027 0.876 0.038 0.04
0 0.031 0.966 0.038 0.036
0 0.006 0.983 0.012 0.026
0 0.38 0.762 0.044 0.044
0 0.457 0.745 0.038 0.034
0 0.512 0.695 0.028 0.03
0 0.493 0.722 0.026 0.028
0 0.498 0.614 0.032 0.028
0 0.447 0.623 0.03 0.026
0 0.586 0.624 0.028 0.024
0 0.807 0.673 0.038 0.054
0 0.777 0.706 0.042 0.04
0 0.682 0.755 0.032 0.038
0 0.297 0.777 0.03 0.022
0 0.248 0.768 0.036 0.032
0 0.266 0.829 0.024 0.026
0 0.211 0.743 0.038 0.062
0 0.132 0.789 0.04 0.038
0 0.154 0.791 0.028 0.042
0 0.072 0.805 0.032 0.022
0 0.062 0.82 0.016 0.02
0 0.008 0.766 0.016 0.032
0 0.058 0.747 0.032 0.034
0 0.052 0.689 0.036 0.034
0 0.134 0.687 0.036 0.034
0 0.125 0.741 0.03 0.034
0 0.144 0.591 0.028 0.03
0 0.157 0.64 0.026 0.028
0 0.062 0.648 0.036 0.032
0 0.032 0.641 0.02 0.022
0 0.025 0.669 0.018 0.022
0 0.015 0.676 0.018 0.02
0 0.093 0.579 0.022 0.026
0 0.109 0.595 0.026 0.034
0 0.185 0.591 0.022 0.026
0 0.238 0.567 0.024 0.026
0 0.241 0.604 0.022 0.036
0 0.339 0.666 0.026 0.028
0 0.419 0.687 0.034 0.034
0 0.754 0.945 0.028 0.026
0 0.408 0.872 0.032 0.028
0 0.378 0.858 0.036 0.032
0 0.672 0.994 0.02 0.008
0 0.952 0.788 0.016 0.028
0 0.749 0.659 0.03 0.038
0 0.676 0.626 0.036 0.036
0 0.783 0.554 0.026 0.028
0 0.873 0.555 0.034 0.046
0 0.986 0.48 0.024 0.04
0 0.969 0.462 0.018 0.02
0 0.401 0.588 0.034 0.036
0 0.382 0.575 0.036 0.038
0 0.351 0.525 0.022 0.03
0 0.333 0.531 0.022 0.034
0 0.289 0.396 0.03 0.04
0 0.737 0.098 0.026 0.036
0 0.887 0.148 0.022 0.02
0 0.994 0.14 0.008 0.036
0 0.537 0.096 0.042 0.016
0 0.538 0.077 0.036 0.03
0 0.664 0.003 0.024 0.006
0 0.37 0.162 0.052 0.048
0 0.113 0.163 0.042 0.038
0 0.14 0.17 0.012 0.04
0 0.103 0.356 0.034 0.044
0 0.124 0.437 0.016 0.042
0 0.005 0.506 0.01 0.036
0 0.012 0.256 0.024 0.02
0 0.031 0.261 0.018 0.022
0 0.006 0.071 0.012 0.05
0 0.31 0.755 0.028 0.01
1 0.149 0.219 0.022 0.026
1 0.731 0.362 0.026 0.02
1 0.688 0.432 0.02 0.024
1 0.209 0.525 0.026 0.018
1 0.082 0.824 0.02 0.016
1 0.665 0.855 0.014 0.018
1 0.34 0.497 0.02 0.018
1 0.499 0.666 0.018 0.016
1 0.484 0.644 0.012 0.02
1 0.537 0.306 0.01 0.012
1 0.557 0.11 0.018 0.012
1 0.114 0.192 0.012 0.016
1 0.147 0.313 0.018 0.022
1 0.029 0.449 0.022 0.018
1 0.294 0.67 0.016 0.024
2 0.465 0.664 0.03 0.032
2 0.367 0.692 0.034 0.032
2 0.08 0.948 0.028 0.016
2 0.162 0.978 0.024 0.02
2 0.399 0.99 0.03 0.016
2 0.58 0.983 0.04 0.03
2 0.683 0.95 0.022 0.048
2 0.887 0.975 0.026 0.022
2 0.899 0.951 0.018 0.018
2 0.858 0.888 0.024 0.04
2 0.834 0.9 0.024 0.028
2 0.989 0.83 0.018 0.024
2 0.97 0.78 0.028 0.048
2 0.732 0.699 0.024 0.026
2 0.652 0.65 0.028 0.028
2 0.621 0.651 0.03 0.03
2 0.721 0.661 0.03 0.046
2 0.801 0.572 0.03 0.028
2 0.884 0.537 0.016 0.022
2 0.829 0.538 0.018 0.016
2 0.925 0.444 0.022 0.024
2 0.868 0.422 0.024 0.036
2 0.687 0.536 0.022 0.02
2 0.7 0.534 0.012 0.016
2 0.731 0.516 0.014 0.016
2 0.724 0.489 0.028 0.026
2 0.367 0.525 0.026 0.03
2 0.332 0.603 0.028 0.038
2 0.428 0.597 0.028 0.022
2 0.469 0.587 0.034 0.022
2 0.473 0.641 0.022 0.03
2 0.573 0.649 0.03 0.022
2 0.503 0.398 0.022 0.024
2 0.433 0.4 0.026 0.036
2 0.464 0.469 0.024 0.022
2 0.502 0.441 0.028 0.03
2 0.288 0.356 0.028 0.028
2 0.454 0.353 0.028 0.022
2 0.634 0.295 0.024 0.026
2 0.638 0.188 0.024 0.036
2 0.744 0.167 0.04 0.03
2 0.21 0.015 0.028 0.03
2 0.145 0.425 0.026 0.026
2 0.177 0.45 0.022 0.028
2 0.007 0.427 0.014 0.026
2 0.052 0.258 0.012 0.016
2 0.039 0.213 0.034 0.042
2 0.293 0.72 0.03 0.032
2 0.271 0.688 0.026 0.028
2 0.178 0.73 0.024 0.028
2 0.195 0.697 0.03 0.026
2 0.3 0.691 0.02 0.026
2 0.18 0.678 0.036 0.036
2 0.038 0.577 0.032 0.038
2 0.262 0.543 0.02 0.03
2 0.343 0.339 0.03 0.022
2 0.15 0.363 0.016 0.038
2 0.116 0.276 0.032 0.024
2 0.006 0.898 0.012 0.024
2 0.073 0.911 0.018 0.022
2 0.098 0.841 0.028 0.026
2 0.209 0.826 0.022 0.02
2 0.253 0.793 0.034 0.018
2 0.343 0.791 0.022 0.014
2 0.496 0.931 0.02 0.018
2 0.443 0.908 0.026 0.032
2 0.665 0.732 0.026 0.016
2 0.818 0.617 0.02 0.026