0 0.87 0.364 0.048 0.092
0 0.986 0.079 0.024 0.066
0 0.909 0.01 0.03 0.02
0 0.901 0.001 0.026 0.002
0 0.827 0.012 0.054 0.024
0 0.896 0.058 0.044 0.04
0 0.685 0.031 0.034 0.046
0 0.648 0.03 0.044 0.056
0 0.645 0.08 0.058 0.044
0 0.72 0.089 0.036 0.042
0 0.662 0.128 0.064 0.088
0 0.535 0.101 0.05 0.038
0 0.477 0.027 0.042 0.05
0 0.483 0.073 0.042 0.062
0 0.511 0.076 0.018 0.032
0 0.314 0.011 0.056 0.022
0 0.342 0.021 0.032 0.042
0 0.357 0.069 0.046 0.074
0 0.321 0.069 0.042 0.042
0 0.291 0.102 0.046 0.072
0 0.26 0.117 0.036 0.074
0 0.25 0.052 0.048 0.052
0 0.214 0.034 0.052 0.068
0 0.224 0.08 0.044 0.044
0 0.176 0.092 0.044 0.076
0 0.127 0.077 0.05 0.094
0 0.058 0.015 0.048 0.03
0 0.018 0.092 0.032 0.064
0 0.04 0.13 0.04 0.084
0 0.018 0.214 0.032 0.06
0 0.974 0.162 0.04 0.04
0 0.966 0.203 0.056 0.07
0 0.908 0.103 0.064 0.09
0 0.888 0.163 0.04 0.038
0 0.883 0.201 0.042 0.046
0 0.895 0.179 0.054 0.058
0 0.817 0.16 0.054 0.084
0 0.759 0.12 0.034 0.044
0 0.772 0.175 0.036 0.038
0 0.76 0.243 0.06 0.102
0 0.791 0.23 0.034 0.072
0 0.975 0.31 0.046 0.08
0 0.879 0.24 0.038 0.04
0 0.881 0.284 0.054 0.064
0 0.722 0.183 0.036 0.046
0 0.991 0.412 0.014 0.072
0 0.964 0.421 0.06 0.078
0 0.779 0.33 0.046 0.052
0 0.802 0.277 0.052 0.074
0 0.637 0.275 0.054 0.062
0 0.651 0.226 0.05 0.036
0 0.664 0.199 0.04 0.034
0 0.631 0.182 0.046 0.052
0 0.58 0.226 0.052 0.076
0 0.034 0.292 0.056 0.052
0 0.19 0.227 0.056 0.074
0 0.303 0.227 0.062 0.058
0 0.382 0.201 0.04 0.07
0 0.981 0.534 0.034 0.06
0 0.982 0.56 0.032 0.044
0 0.935 0.533 0.05 0.07
0 0.86 0.467 0.052 0.094
0 0.779 0.502 0.03 0.056
0 0.761 0.436 0.046 0.056
0 0.715 0.385 0.05 0.066
0 0.631 0.383 0.046 0.066
0 0.598 0.4 0.052 0.068
0 0.533 0.306 0.042 0.056
0 0.53 0.359 0.048 0.07
0 0.454 0.286 0.048 0.08
0 0.6 0.468 0.048 0.06
0 0.38 0.296 0.056 0.056
0 0.984 0.711 0.028 0.062
0 0.989 0.872 0.018 0.08
0 0.864 0.769 0.072 0.11
0 0.71 0.548 0.052 0.084
0 0.664 0.629 0.052 0.078
0 0.633 0.688 0.062 0.06
0 0.896 0.987 0.04 0.022
0 0.828 0.961 0.048 0.074
0 0.778 0.984 0.036 0.028
0 0.828 0.888 0.052 0.076
0 0.915 0.919 0.038 0.054
0 0.786 0.895 0.04 0.062
0 0.714 0.889 0.048 0.046
0 0.715 0.919 0.038 0.046
0 0.779 0.72 0.05 0.08
0 0.935 0.738 0.05 0.064
0 0.947 0.697 0.034 0.054
0 0.42 0.971 0.06 0.054
0 0.527 0.957 0.046 0.082
0 0.414 0.917 0.052 0.058
0 0.378 0.959 0.056 0.062
0 0.355 0.99 0.026 0.016
0 0.335 0.995 0.018 0.006
0 0.6 0.922 0.032 0.032
0 0.068 0.981 0.04 0.034
0 0.037 0.977 0.046 0.042
0 0.064 0.738 0.048 0.08
0 0.043 0.791 0.042 0.042
0 0.008 0.839 0.012 0.042
0 0.046 0.887 0.04 0.066
0 0.058 0.839 0.052 0.074
0 0.476 0.737 0.036 0.066
0 0.441 0.744 0.038 0.044
0 0.018 0.586 0.032 0.068
0 0.074 0.564 0.048 0.072
0 0.071 0.612 0.042 0.04
0 0.561 0.586 0.05 0.048
0 0.569 0.623 0.054 0.074
0 0.479 0.676 0.066 0.076
0 0.416 0.717 0.06 0.066
0 0.458 0.441 0.056 0.082
0 0.45 0.504 0.044 0.048
0 0.752 0.406 0.04 0.044
0 0.462 0.592 0.056 0.032
0 0.423 0.406 0.034 0.036
0 0.406 0.441 0.028 0.05
0 0.353 0.372 0.034 0.056
0 0.275 0.387 0.058 0.102
0 0.277 0.327 0.074 0.07
0 0.225 0.338 0.034 0.032
0 0.37 0.507 0.04 0.078
0 0.315 0.45 0.058 0.036
0 0.327 0.489 0.05 0.082
0 0.33 0.523 0.048 0.042
0 0.206 0.443 0.036 0.054
0 0.228 0.527 0.052 0.07
0 0.093 0.418 0.026 0.032
0 0.163 0.389 0.05 0.058
0 0.079 0.286 0.05 0.064
0 0.068 0.32 0.052 0.044
0 0.09 0.374 0.04 0.052
0 0.066 0.404 0.04 0.044
0 0.045 0.4 0.022 0.02
0 0.051 0.375 0.026 0.034
0 0.196 0.387 0.028 0.054
0 0.805 0.595 0.03 0.03
0 0.724 0.735 0.032 0.07
0 0.456 0.612 0.036 0.016
0 0.335 0.668 0.058 0.068
0 0.368 0.62 0.056 0.044
0 0.268 0.621 0.048 0.07
0 0.138 0.519 0.052 0.07
0 0.154 0.577 0.06 0.062
0 0.172 0.625 0.064 0.086
0 0.292 0.687 0.036 0.058
0 0.932 0.812 0.024 0.04
0 0.888 0.886 0.048 0.064
0 0.463 0.786 0.034 0.048
0 0.783 0.791 0.026 0.038
0 0.757 0.787 0.03 0.038
0 0.578 0.973 0.04 0.05
0 0.515 0.776 0.03 0.032
0 0.513 0.804 0.03 0.032
0 0.383 0.822 0.054 0.048
0 0.38 0.811 0.032 0.034
0 0.268 0.797 0.052 0.066
0 0.205 0.646 0.022 0.032
0 0.007 0.779 0.01 0.054
0 0.204 0.776 0.028 0.04
0 0.224 0.786 0.032 0.044
0 0.201 0.813 0.034 0.034
0 0.094 0.757 0.02 0.034
0 0.284 0.99 0.024 0.016
0 0.246 0.96 0.044 0.052
0 0.222 0.91 0.048 0.068
0 0.343 0.88 0.042 0.096
0 0.18 0.885 0.04 0.058
0 0.28 0.905 0.044 0.058
0 0.253 0.922 0.03 0.028
0 0.146 0.842 0.036 0.052
1 0.623 0.102 0.014 0.016
1 0.932 0.209 0.016 0.042
1 0.806 0.107 0.032 0.022
1 0.797 0.142 0.022 0.036
1 0.738 0.137 0.028 0.026
1 0.909 0.38 0.022 0.032
1 0.609 0.111 0.026 0.03
1 0.364 0.115 0.04 0.022
1 0.562 0.208 0.016 0.036
1 0.571 0.342 0.022 0.028
1 0.648 0.371 0.032 0.022
1 0.62 0.33 0.04 0.024
1 0.793 0.67 0.03 0.032
1 0.638 0.732 0.032 0.02
1 0.556 0.764 0.044 0.032
1 0.471 0.978 0.018 0.032
1 0.331 0.961 0.014 0.05
1 0.766 0.537 0.02 0.022
1 0.964 0.919 0.036 0.022
1 0.949 0.9 0.022 0.024
1 0.611 0.886 0.034 0.028
1 0.459 0.851 0.026 0.026
1 0.719 0.698 0.038 0.02
1 0.815 0.739 0.014 0.014
1 0.493 0.942 0.038 0.044
1 0.309 0.971 0.026 0.038
1 0.213 0.976 0.022 0.032
1 0.042 0.94 0.032 0.028
1 0.018 0.945 0.028 0.022
1 0.541 0.503 0.026 0.026
1 0.373 0.427 0.018 0.038
1 0.183 0.295 0.03 0.018
1 0.253 0.724 0.03 0.036
1 0.238 0.742 0.024 0.028
1 0.332 0.043 0.032 0.022
1 0.209 0.288 0.026 0.016
1 0.504 0.502 0.032 0.02
1 0.495 0.518 0.042 0.024
1 0.549 0.421 0.022 0.058
1 0.528 0.538 0.016 0.036
1 0.536 0.535 0.02 0.03
1 0.255 0.466 0.034 0.028
1 0.116 0.485 0.032 0.018
1 0.035 0.447 0.03 0.038
1 0.423 0.645 0.026 0.054
1 0.397 0.656 0.034 0.048
1 0.025 0.54 0.046 0.032
1 0.756 0.911 0.02 0.038
1 0.513 0.874 0.026 0.032
1 0.387 0.79 0.038 0.02
1 0.381 0.804 0.026 0.016
1 0.403 0.82 0.014 0.016
1 0.195 0.738 0.03 0.032
1 0.191 0.734 0.03 0.036
1 0.213 0.874 0.026 0.02
1 0.128 0.846 0.016 0.028
1 0.143 0.874 0.034 0.024
2 0.751 0.028 0.03 0.056
2 0.697 0.011 0.014 0.018
2 0.706 0.035 0.012 0.026
2 0.517 0.018 0.026 0.032
2 0.498 0.099 0.032 0.022
2 0.026 0.005 0.032 0.01
2 0.015 0.03 0.026 0.04
2 0.793 0.12 0.014 0.012
2 0.922 0.311 0.032 0.026
2 0.653 0.164 0.014 0.008
2 0.916 0.249 0.024 0.026
2 0.927 0.262 0.042 0.024
2 0.933 0.244 0.018 0.012
2 0.667 0.177 0.026 0.014
2 0.473 0.149 0.046 0.026
2 0.173 0.206 0.026 0.02
2 0.438 0.22 0.02 0.016
2 0.993 0.593 0.01 0.018
2 0.4 0.262 0.02 0.04
2 0.367 0.988 0.014 0.012
2 0.674 0.707 0.044 0.09
2 0.702 0.76 0.012 0.012
2 0.845 0.752 0.026 0.04
2 0.633 0.966 0.062 0.064
2 0.142 0.019 0.024 0.03
2 0.057 0.068 0.03 0.024
2 0.121 0.18 0.034 0.032
2 0.124 0.202 0.04 0.02
2 0.988 0.359 0.02 0.018
2 0.835 0.45 0.034 0.04
2 0.712 0.448 0.044 0.052
2 0.423 0.198 0.038 0.036
2 0.517 0.53 0.018 0.02
2 0.563 0.375 0.022 0.034
2 0.225 0.312 0.018 0.016
2 0.206 0.334 0.02 0.028
2 0.635 0.484 0.034 0.032
2 0.373 0.466 0.022 0.012
2 0.362 0.456 0.012 0.008
2 0.068 0.373 0.012 0.018
2 0.077 0.348 0.03 0.024
2 0.057 0.346 0.026 0.02
2 0.105 0.318 0.026 0.052
2 0.193 0.418 0.018 0.016
2 0.147 0.454 0.026 0.04
2 0.846 0.641 0.028 0.03
2 0.864 0.628 0.032 0.032
2 0.857 0.606 0.042 0.02
2 0.822 0.619 0.04 0.046
2 0.825 0.646 0.022 0.008
2 0.824 0.58 0.036 0.04
2 0.797 0.573 0.014 0.018
2 0.513 0.628 0.022 0.036
2 0.326 0.699 0.008 0.014
2 0.333 0.63 0.018 0.012
2 0.365 0.644 0.026 0.02
2 0.342 0.602 0.024 0.028
2 0.018 0.527 0.012 0.01
2 0.009 0.507 0.014 0.034
2 0.799 0.633 0.03 0.022
2 0.971 0.787 0.034 0.026
2 0.896 0.953 0.036 0.03
2 0.769 0.819 0.022 0.022
2 0.731 0.682 0.03 0.02
2 0.642 0.911 0.016 0.022
2 0.546 0.903 0.016 0.022
2 0.519 0.85 0.014 0.012
2 0.413 0.781 0.022 0.034
2 0.4 0.768 0.02 0.02
2 0.386 0.776 0.016 0.012
2 0.403 0.807 0.026 0.018
2 0.155 0.745 0.022 0.022
2 0.135 0.718 0.034 0.036
2 0.112 0.718 0.028 0.024
2 0.009 0.866 0.014 0.016
2 0.021 0.861 0.018 0.006
2 0.145 0.92 0.046 0.072
2 0.171 0.937 0.018 0.018