0 0.018 0.009 0.036 0.018
0 0.025 0.038 0.042 0.056
0 0.073 0.021 0.022 0.022
0 0.09 0.06 0.044 0.064
0 0.127 0.023 0.038 0.046
0 0.162 0.052 0.048 0.068
0 0.18 0.111 0.044 0.042
0 0.025 0.142 0.05 0.064
0 0.097 0.138 0.046 0.06
0 0.259 0.027 0.046 0.054
0 0.273 0.095 0.042 0.062
0 0.333 0.01 0.05 0.02
0 0.345 0.029 0.062 0.046
0 0.464 0.017 0.056 0.034
0 0.598 0.054 0.048 0.052
0 0.715 0.047 0.07 0.066
0 0.798 0.02 0.064 0.04
0 0.787 0.075 0.054 0.058
0 0.765 0.101 0.046 0.058
0 0.684 0.101 0.048 0.05
0 0.916 0.02 0.048 0.04
0 0.987 0.034 0.022 0.056
0 0.933 0.098 0.05 0.068
0 0.901 0.062 0.038 0.052
0 0.886 0.151 0.028 0.034
0 0.897 0.211 0.046 0.022
0 0.761 0.206 0.058 0.072
0 0.75 0.253 0.044 0.062
0 0.715 0.225 0.03 0.042
0 0.662 0.188 0.032 0.036
0 0.629 0.192 0.022 0.052
0 0.557 0.119 0.046 0.05
0 0.52 0.07 0.044 0.036
0 0.503 0.085 0.038 0.046
0 0.529 0.189 0.038 0.03
0 0.546 0.16 0.052 0.036
0 0.507 0.142 0.05 0.044
0 0.435 0.175 0.046 0.066
0 0.448 0.124 0.052 0.056
0 0.349 0.08 0.034 0.052
0 0.406 0.076 0.044 0.04
0 0.376 0.084 0.024 0.032
0 0.395 0.128 0.046 0.064
0 0.014 0.214 0.028 0.06
0 0.026 0.211 0.032 0.066
0 0.066 0.181 0.028 0.03
0 0.074 0.197 0.04 0.046
0 0.007 0.379 0.014 0.046
0 0.037 0.409 0.034 0.058
0 0.1 0.382 0.048 0.06
0 0.138 0.382 0.04 0.044
0 0.132 0.348 0.044 0.028
0 0.169 0.243 0.026 0.034
0 0.184 0.266 0.04 0.056
0 0.214 0.274 0.044 0.068
0 0.229 0.224 0.062 0.092
0 0.3 0.222 0.052 0.056
0 0.18 0.374 0.032 0.04
0 0.197 0.409 0.042 0.054
0 0.244 0.356 0.044 0.04
0 0.257 0.324 0.046 0.056
0 0.264 0.416 0.064 0.052
0 0.364 0.36 0.06 0.076
0 0.349 0.241 0.042 0.058
0 0.351 0.28 0.03 0.024
0 0.386 0.247 0.048 0.074
0 0.568 0.261 0.048 0.046
0 0.619 0.245 0.042 0.062
0 0.661 0.273 0.054 0.066
0 0.658 0.315 0.044 0.046
0 0.723 0.33 0.062 0.076
0 0.875 0.284 0.05 0.06
0 0.847 0.295 0.03 0.034
0 0.947 0.341 0.054 0.058
0 0.917 0.359 0.054 0.054
0 0.819 0.379 0.058 0.066
0 0.946 0.457 0.064 0.054
0 0.921 0.471 0.042 0.05
0 0.855 0.484 0.054 0.048
0 0.877 0.436 0.034 0.028
0 0.99 0.542 0.016 0.048
0 0.935 0.585 0.038 0.042
0 0.865 0.526 0.046 0.06
0 0.82 0.537 0.048 0.042
0 0.727 0.467 0.054 0.07
0 0.703 0.49 0.046 0.064
0 0.661 0.502 0.042 0.064
0 0.62 0.44 0.04 0.08
0 0.453 0.498 0.034 0.048
0 0.452 0.454 0.028 0.044
0 0.34 0.438 0.06 0.076
0 0.236 0.456 0.032 0.056
0 0.196 0.477 0.048 0.05
0 0.02 0.522 0.04 0.044
0 0.054 0.548 0.036 0.052
0 0.108 0.496 0.044 0.04
0 0.115 0.559 0.046 0.038
0 0.118 0.597 0.044 0.026
0 0.037 0.564 0.042 0.032
0 0.063 0.644 0.034 0.04
0 0.009 0.652 0.018 0.048
0 0.058 0.752 0.048 0.056
0 0.015 0.797 0.03 0.074
0 0.01 0.755 0.02 0.026
0 0.019 0.959 0.038 0.05
0 0.054 0.954 0.036 0.064
0 0.063 0.915 0.042 0.046
0 0.086 0.807 0.028 0.038
0 0.098 0.719 0.044 0.038
0 0.107 0.751 0.034 0.038
0 0.113 0.874 0.05 0.06
0 0.142 0.909 0.056 0.042
0 0.205 0.895 0.034 0.054
0 0.204 0.976 0.044 0.044
0 0.246 0.97 0.048 0.056
0 0.213 0.606 0.034 0.044
0 0.251 0.594 0.05 0.044
0 0.19 0.632 0.028 0.048
0 0.156 0.695 0.04 0.046
0 0.169 0.719 0.038 0.05
0 0.262 0.729 0.036 0.05
0 0.28 0.99 0.04 0.016
0 0.345 0.974 0.054 0.048
0 0.213 0.821 0.05 0.05
0 0.244 0.85 0.036 0.06
0 0.29 0.746 0.04 0.036
0 0.287 0.782 0.05 0.044
0 0.353 0.622 0.062 0.064
0 0.419 0.566 0.038 0.056
0 0.354 0.723 0.048 0.062
0 0.396 0.738 0.04 0.056
0 0.339 0.783 0.038 0.042
0 0.334 0.814 0.036 0.044
0 0.35 0.864 0.04 0.052
0 0.37 0.89 0.04 0.044
0 0.409 0.978 0.046 0.04
0 0.438 0.979 0.044 0.038
0 0.481 0.915 0.05 0.062
0 0.444 0.93 0.028 0.028
0 0.414 0.861 0.036 0.042
0 0.455 0.865 0.042 0.042
0 0.511 0.84 0.058 0.044
0 0.514 0.884 0.044 0.048
0 0.373 0.67 0.034 0.036
0 0.403 0.682 0.038 0.048
0 0.423 0.667 0.034 0.042
0 0.453 0.704 0.046 0.064
0 0.442 0.753 0.04 0.042
0 0.533 0.625 0.062 0.07
0 0.576 0.805 0.048 0.054
0 0.516 0.736 0.04 0.028
0 0.545 0.754 0.05 0.048
0 0.637 0.623 0.038 0.058
0 0.604 0.725 0.036 0.042
0 0.642 0.709 0.04 0.042
0 0.636 0.75 0.036 0.044
0 0.702 0.64 0.04 0.056
0 0.679 0.721 0.038 0.054
0 0.703 0.702 0.038 0.044
0 0.746 0.669 0.044 0.05
0 0.757 0.708 0.03 0.048
0 0.81 0.665 0.04 0.026
0 0.788 0.669 0.048 0.046
0 0.99 0.714 0.016 0.04
0 0.896 0.684 0.04 0.048
0 0.951 0.728 0.05 0.048
0 0.973 0.756 0.046 0.04
0 0.98 0.786 0.032 0.028
0 0.991 0.801 0.014 0.022
0 0.987 0.834 0.022 0.036
0 0.816 0.73 0.04 0.048
0 0.876 0.735 0.052 0.046
0 0.901 0.807 0.042 0.054
0 0.686 0.817 0.044 0.046
0 0.701 0.78 0.05 0.04
0 0.948 0.98 0.052 0.036
0 0.876 0.98 0.036 0.036
0 0.83 0.986 0.048 0.024
0 0.774 0.956 0.056 0.056
0 0.731 0.977 0.054 0.042
0 0.989 0.929 0.018 0.054
0 0.975 0.895 0.046 0.046
0 0.96 0.921 0.032 0.038
0 0.872 0.85 0.044 0.052
0 0.826 0.878 0.044 0.052
0 0.784 0.877 0.048 0.058
0 0.719 0.888 0.046 0.048
0 0.798 0.83 0.044 0.044
0 0.746 0.841 0.04 0.054
0 0.675 0.911 0.05 0.054
0 0.642 0.96 0.036 0.048
0 0.627 0.921 0.042 0.054
1 0.636 0.041 0.048 0.018
1 0.666 0.018 0.024 0.032
1 0.694 0.14 0.024 0.028
1 0.984 0.091 0.012 0.018
1 0.993 0.09 0.01 0.016
1 0.98 0.247 0.024 0.022
1 0.96 0.169 0.036 0.054
1 0.696 0.206 0.012 0.008
1 0.642 0.145 0.016 0.042
1 0.299 0.257 0.03 0.018
1 0.205 0.368 0.018 0.024
1 0.57 0.234 0.04 0.02
1 0.609 0.326 0.022 0.052
1 0.599 0.286 0.01 0.024
1 0.588 0.456 0.024 0.032
1 0.448 0.407 0.02 0.038
1 0.002 0.484 0.004 0.02
1 0.131 0.5 0.014 0.032
1 0.017 0.572 0.034 0.02
1 0.039 0.658 0.018 0.024
1 0.037 0.636 0.018 0.028
1 0.061 0.799 0.022 0.014
1 0.058 0.812 0.036 0.016
1 0.064 0.824 0.024 0.016
1 0.273 0.571 0.034 0.022
1 0.195 0.683 0.018 0.022
1 0.233 0.659 0.026 0.03
1 0.246 0.886 0.032 0.02
1 0.45 0.564 0.024 0.024
1 0.587 0.673 0.03 0.026
1 0.746 0.613 0.04 0.022
1 0.579 0.581 0.026 0.022
1 0.846 0.786 0.02 0.04
1 0.909 0.907 0.022 0.022
1 0.94 0.858 0.024 0.02
1 0.951 0.839 0.034 0.026
1 0.833 0.843 0.03 0.022
1 0.735 0.941 0.034 0.038
1 0.507 0.995 0.026 0.006
1 0.593 0.99 0.022 0.016
1 0.573 0.995 0.022 0.006
2 0.108 0.112 0.032 0.028
2 0.213 0.067 0.046 0.05
2 0.43 0.023 0.044 0.042
2 0.521 0.012 0.062 0.024
2 0.591 0.018 0.05 0.036
2 0.905 0.033 0.03 0.026
2 0.975 0.07 0.034 0.02
2 0.973 0.113 0.006 0.014
2 0.909 0.188 0.058 0.032
2 0.798 0.213 0.036 0.07
2 0.686 0.23 0.036 0.04
2 0.648 0.115 0.048 0.038
2 0.501 0.154 0.026 0.036
2 0.285 0.164 0.062 0.048
2 0.079 0.34 0.018 0.02
2 0.164 0.352 0.02 0.028
2 0.144 0.31 0.048 0.06
2 0.257 0.202 0.038 0.032
2 0.304 0.291 0.024 0.022
2 0.292 0.355 0.044 0.054
2 0.467 0.258 0.066 0.084
2 0.502 0.245 0.028 0.038
2 0.697 0.291 0.034 0.07
2 0.929 0.298 0.058 0.048
2 0.774 0.4 0.036 0.044
2 0.908 0.421 0.052 0.058
2 0.836 0.454 0.036 0.032
2 0.85 0.435 0.02 0.026
2 0.976 0.604 0.04 0.052
2 0.915 0.549 0.046 0.054
2 0.557 0.339 0.046 0.042
2 0.503 0.366 0.054 0.044
2 0.57 0.516 0.048 0.06
2 0.518 0.497 0.052 0.038
2 0.547 0.551 0.026 0.014
2 0.416 0.442 0.036 0.048
2 0.309 0.481 0.034 0.042
2 0.243 0.476 0.03 0.032
2 0.229 0.502 0.026 0.028
2 0.063 0.503 0.026 0.026
2 0.077 0.483 0.022 0.022
2 0.018 0.985 0.036 0.026
2 0.028 0.848 0.044 0.028
2 0.045 0.876 0.03 0.024
2 0.129 0.711 0.018 0.022
2 0.146 0.853 0.028 0.038
2 0.15 0.958 0.016 0.02
2 0.163 0.647 0.05 0.026
2 0.213 0.681 0.026 0.038
2 0.219 0.764 0.026 0.064
2 0.225 0.737 0.014 0.01
2 0.294 0.923 0.044 0.074
2 0.26 0.832 0.024 0.028
2 0.27 0.853 0.024 0.026
2 0.436 0.868 0.028 0.056
2 0.509 0.678 0.022 0.032
2 0.482 0.683 0.04 0.03
2 0.366 0.821 0.024 0.022
2 0.386 0.786 0.044 0.04
2 0.441 0.779 0.034 0.03
2 0.612 0.639 0.032 0.058
2 0.61 0.836 0.024 0.044
2 0.716 0.573 0.032 0.03
2 0.825 0.621 0.034 0.058
2 0.922 0.794 0.036 0.036
2 0.73 0.802 0.028 0.036
2 0.8 0.793 0.024 0.026
2 0.719 0.839 0.03 0.026
2 0.622 0.985 0.036 0.026