0 0.814 0.322 0.06 0.084
0 0.72 0.268 0.068 0.092
0 0.742 0.181 0.06 0.074
0 0.687 0.12 0.026 0.04
0 0.639 0.11 0.042 0.048
0 0.613 0.161 0.042 0.054
0 0.852 0.378 0.084 0.08
0 0.723 0.347 0.062 0.058
0 0.789 0.468 0.066 0.096
0 0.742 0.464 0.056 0.08
0 0.662 0.456 0.06 0.072
0 0.729 0.523 0.046 0.042
0 0.768 0.542 0.04 0.052
0 0.747 0.601 0.046 0.042
0 0.668 0.619 0.04 0.046
0 0.643 0.614 0.038 0.04
0 0.651 0.683 0.038 0.058
0 0.423 0.538 0.062 0.072
0 0.375 0.475 0.054 0.062
0 0.298 0.503 0.044 0.054
0 0.259 0.441 0.054 0.09
0 0.186 0.475 0.072 0.07
0 0.48 0.046 0.032 0.056
0 0.425 0.044 0.034 0.052
0 0.432 0.129 0.064 0.058
0 0.452 0.145 0.04 0.05
0 0.53 0.679 0.048 0.058
0 0.5 0.663 0.04 0.054
0 0.476 0.632 0.056 0.048
0 0.33 0.286 0.064 0.116
0 0.187 0.201 0.062 0.07
0 0.296 0.148 0.068 0.088
0 0.236 0.682 0.052 0.052
0 0.203 0.63 0.038 0.048
0 0.179 0.599 0.058 0.062
0 0.176 0.561 0.052 0.03
0 0.184 0.531 0.04 0.026
0 0.191 0.509 0.038 0.018
0 0.747 0.084 0.07 0.08
0 0.83 0.086 0.036 0.048
0 0.883 0.151 0.034 0.046
0 0.846 0.152 0.044 0.036
0 0.804 0.128 0.032 0.036
0 0.898 0.203 0.052 0.034
0 0.942 0.288 0.024 0.068
0 0.981 0.279 0.034 0.066
0 0.888 0.282 0.052 0.088
0 0.539 0.192 0.038 0.044
0 0.533 0.233 0.042 0.038
0 0.58 0.257 0.032 0.046
0 0.532 0.306 0.036 0.052
0 0.499 0.301 0.03 0.05
0 0.395 0.347 0.038 0.038
0 0.409 0.391 0.05 0.05
0 0.336 0.369 0.04 0.034
0 0.93 0.467 0.036 0.05
0 0.905 0.507 0.05 0.058
0 0.924 0.523 0.04 0.05
0 0.861 0.563 0.058 0.07
0 0.867 0.619 0.062 0.046
0 0.636 0.362 0.04 0.048
0 0.668 0.368 0.024 0.032
0 0.585 0.45 0.038 0.076
0 0.399 0.23 0.09 0.036
0 0.326 0.035 0.056 0.07
0 0.133 0.056 0.066 0.108
0 0.103 0.125 0.058 0.054
0 0.079 0.188 0.058 0.076
0 0.264 0.211 0.048 0.058
0 0.048 0.281 0.056 0.086
0 0.224 0.337 0.06 0.078
0 0.176 0.398 0.048 0.04
0 0.026 0.378 0.036 0.044
0 0.111 0.17 0.038 0.036
0 0.751 0.654 0.038 0.032
0 0.562 0.571 0.036 0.038
0 0.919 0.686 0.046 0.044
0 0.936 0.715 0.048 0.058
0 0.867 0.699 0.054 0.074
0 0.819 0.771 0.034 0.05
0 0.735 0.835 0.03 0.054
0 0.712 0.728 0.04 0.056
0 0.582 0.815 0.032 0.03
0 0.297 0.667 0.022 0.03
0 0.144 0.677 0.044 0.062
0 0.123 0.623 0.046 0.046
0 0.072 0.654 0.032 0.036
0 0.092 0.65 0.02 0.04
0 0.964 0.853 0.048 0.038
0 0.964 0.902 0.048 0.056
0 0.915 0.933 0.03 0.038
0 0.915 0.969 0.046 0.034
0 0.879 0.821 0.042 0.062
0 0.852 0.887 0.06 0.046
0 0.844 0.946 0.06 0.048
0 0.795 0.966 0.038 0.036
0 0.697 0.913 0.05 0.058
0 0.626 0.894 0.044 0.048
0 0.511 0.876 0.034 0.076
0 0.476 0.865 0.036 0.066
0 0.463 0.829 0.03 0.042
0 0.506 0.817 0.036 0.042
0 0.403 0.784 0.058 0.044
0 0.307 0.762 0.05 0.044
0 0.251 0.742 0.038 0.04
0 0.19 0.762 0.072 0.068
0 0.095 0.741 0.038 0.034
0 0.654 0.799 0.048 0.046
0 0.605 0.812 0.038 0.044
0 0.404 0.842 0.048 0.076
0 0.422 0.908 0.036 0.076
0 0.061 0.707 0.034 0.038
0 0.023 0.703 0.042 0.078
0 0.245 0.864 0.03 0.056
0 0.197 0.857 0.034 0.058
0 0.069 0.862 0.042 0.072
0 0.344 0.882 0.044 0.068
0 0.623 0.965 0.034 0.038
0 0.529 0.954 0.054 0.044
0 0.567 0.98 0.03 0.036
0 0.233 0.949 0.05 0.046
0 0.136 0.932 0.04 0.04
0 0.167 0.968 0.034 0.036
0 0.056 0.964 0.036 0.04
0 0.342 0.969 0.028 0.058
0 0.318 0.972 0.032 0.04
0 0.033 0.821 0.042 0.05
1 0.723 0.154 0.026 0.016
1 0.664 0.501 0.028 0.026
1 0.608 0.641 0.02 0.026
1 0.43 0.089 0.012 0.014
1 0.377 0.129 0.026 0.026
1 0.344 0.15 0.012 0.012
1 0.136 0.211 0.024 0.03
1 0.245 0.157 0.022 0.022
1 0.21 0.139 0.012 0.058
1 0.191 0.141 0.022 0.026
1 0.164 0.136 0.032 0.04
1 0.339 0.567 0.026 0.03
1 0.364 0.597 0.02 0.026
1 0.325 0.621 0.018 0.034
1 0.149 0.534 0.018 0.02
1 0.872 0.091 0.02 0.022
1 0.898 0.099 0.028 0.018
1 0.891 0.117 0.026 0.014
1 0.803 0.187 0.03 0.022
1 0.961 0.076 0.026 0.044
1 0.937 0.126 0.026 0.024
1 0.956 0.134 0.024 0.02
1 0.954 0.173 0.028 0.026
1 0.955 0.195 0.026 0.018
1 0.964 0.209 0.028 0.018
1 0.877 0.237 0.018 0.026
1 0.953 0.251 0.022 0.026
1 0.932 0.368 0.032 0.04
1 0.842 0.222 0.012 0.028
1 0.849 0.252 0.014 0.028
1 0.554 0.251 0.028 0.026
1 0.432 0.32 0.02 0.032
1 0.36 0.359 0.008 0.018
1 0.855 0.508 0.03 0.024
1 0.819 0.642 0.03 0.024
1 0.776 0.677 0.044 0.026
1 0.659 0.301 0.03 0.026
1 0.7 0.397 0.02 0.022
1 0.567 0.487 0.03 0.03
1 0.476 0.247 0.02 0.026
1 0.402 0.209 0.036 0.022
1 0.371 0.242 0.018 0.016
1 0.282 0.029 0.02 0.034
1 0.188 0.026 0.024 0.048
1 0.164 0.021 0.012 0.026
1 0.207 0.103 0.022 0.026
1 0.219 0.267 0.034 0.03
1 0.042 0.077 0.02 0.022
1 0.379 0.086 0.022 0.028
1 0.96 0.563 0.028 0.026
1 0.957 0.498 0.018 0.016
1 0.694 0.559 0.028 0.022
1 0.646 0.56 0.032 0.02
1 0.968 0.654 0.024 0.04
1 0.854 0.75 0.02 0.024
1 0.801 0.734 0.014 0.016
1 0.714 0.797 0.032 0.03
1 0.596 0.675 0.02 0.046
1 0.603 0.769 0.022 0.022
1 0.55 0.787 0.024 0.018
1 0.287 0.689 0.022 0.026
1 0.273 0.646 0.018 0.02
1 0.241 0.643 0.03 0.026
1 0.256 0.672 0.024 0.02
1 0.235 0.6 0.022 0.02
1 0.127 0.562 0.022 0.02
1 0.136 0.577 0.024 0.018
1 0.905 0.818 0.01 0.02
1 0.779 0.933 0.022 0.022
1 0.766 0.976 0.02 0.028
1 0.782 0.841 0.024 0.03
1 0.809 0.815 0.018 0.022
1 0.438 0.731 0.024 0.03
1 0.362 0.768 0.028 0.036
1 0.132 0.784 0.02 0.02
1 0.056 0.76 0.02 0.02
1 0.56 0.817 0.008 0.034
1 0.545 0.824 0.018 0.048
1 0.021 0.661 0.026 0.022
1 0.147 0.852 0.026 0.036
1 0.126 0.85 0.02 0.048
1 0.605 0.855 0.018 0.034
1 0.489 0.98 0.022 0.02
1 0.454 0.979 0.032 0.022
1 0.481 0.945 0.022 0.018
1 0.479 0.929 0.022 0.014
1 0.272 0.91 0.024 0.016
1 0.286 0.964 0.024 0.024
1 0.116 0.984 0.028 0.028
1 0.069 0.807 0.026 0.026
1 0.018 0.783 0.028 0.03
1 0.021 0.807 0.01 0.018
2 0.736 0.041 0.032 0.038
2 0.692 0.22 0.056 0.068
2 0.451 0.324 0.014 0.016
2 0.104 0.301 0.052 0.094
2 0.126 0.455 0.04 0.062
2 0.458 0.191 0.016 0.018
2 0.465 0.29 0.018 0.016
2 0.563 0.406 0.026 0.028
2 0.477 0.387 0.022 0.022
2 0.068 0.401 0.028 0.03
2 0.526 0.527 0.028 0.046
2 0.318 0.698 0.016 0.036
2 0.8 0.839 0.032 0.066
2 0.653 0.898 0.022 0.036
2 0.449 0.914 0.018 0.028
2 0.563 0.878 0.03 0.06
2 0.602 0.923 0.036 0.03
2 0.115 0.776 0.018 0.036
2 0.286 0.704 0.04 0.016