0 0.353 0.822 0.058 0.052
0 0.232 0.876 0.048 0.056
0 0.21 0.778 0.044 0.044
0 0.206 0.735 0.036 0.034
0 0.261 0.816 0.05 0.052
0 0.292 0.767 0.056 0.062
0 0.39 0.753 0.048 0.046
0 0.265 0.979 0.054 0.038
0 0.359 0.978 0.054 0.04
0 0.372 0.863 0.044 0.038
0 0.441 0.868 0.034 0.052
0 0.478 0.905 0.044 0.058
0 0.594 0.978 0.056 0.04
0 0.566 0.904 0.032 0.052
0 0.594 0.926 0.036 0.028
0 0.607 0.789 0.05 0.062
0 0.137 0.974 0.038 0.036
0 0.071 0.826 0.054 0.06
0 0.047 0.774 0.046 0.052
0 0.113 0.696 0.062 0.068
0 0.139 0.639 0.034 0.054
0 0.067 0.625 0.042 0.058
0 0.019 0.598 0.038 0.048
0 0.034 0.53 0.048 0.048
0 0.049 0.468 0.034 0.036
0 0.093 0.396 0.054 0.056
0 0.129 0.442 0.038 0.064
0 0.15 0.474 0.048 0.052
0 0.171 0.505 0.058 0.054
0 0.303 0.647 0.05 0.062
0 0.731 0.984 0.066 0.028
0 0.721 0.95 0.062 0.052
0 0.746 0.907 0.044 0.046
0 0.702 0.871 0.064 0.066
0 0.488 0.705 0.052 0.058
0 0.035 0.249 0.05 0.062
0 0.062 0.204 0.04 0.048
0 0.042 0.159 0.044 0.058
0 0.011 0.154 0.022 0.064
0 0.111 0.075 0.034 0.062
0 0.113 0.127 0.038 0.054
0 0.125 0.187 0.026 0.066
0 0.164 0.212 0.048 0.048
0 0.207 0.14 0.05 0.048
0 0.236 0.059 0.04 0.042
0 0.264 0.09 0.048 0.044
0 0.286 0.149 0.044 0.046
0 0.374 0.085 0.044 0.05
0 0.392 0.037 0.044 0.034
0 0.457 0.058 0.038 0.048
0 0.49 0.075 0.048 0.046
0 0.528 0.024 0.056 0.044
0 0.567 0.052 0.03 0.04
0 0.555 0.136 0.038 0.04
0 0.354 0.189 0.052 0.062
0 0.388 0.274 0.056 0.064
0 0.341 0.264 0.038 0.044
0 0.159 0.333 0.034 0.038
0 0.217 0.351 0.05 0.07
0 0.253 0.378 0.038 0.04
0 0.47 0.197 0.036 0.046
0 0.34 0.34 0.048 0.048
0 0.44 0.324 0.044 0.04
0 0.317 0.442 0.046 0.056
0 0.333 0.495 0.038 0.046
0 0.369 0.527 0.046 0.042
0 0.509 0.161 0.042 0.03
0 0.572 0.204 0.044 0.048
0 0.428 0.212 0.048 0.048
0 0.861 0.959 0.05 0.062
0 0.839 0.89 0.046 0.044
0 0.802 0.825 0.04 0.058
0 0.786 0.791 0.048 0.034
0 0.983 0.921 0.03 0.05
0 0.944 0.863 0.048 0.03
0 0.924 0.848 0.032 0.036
0 0.855 0.796 0.038 0.036
0 0.876 0.809 0.044 0.046
0 0.775 0.703 0.046 0.046
0 0.843 0.698 0.03 0.036
0 0.84 0.644 0.04 0.048
0 0.944 0.712 0.036 0.032
0 0.928 0.737 0.032 0.042
0 0.986 0.742 0.024 0.036
0 0.982 0.656 0.028 0.032
0 0.886 0.614 0.032 0.036
0 0.819 0.611 0.034 0.042
0 0.578 0.676 0.056 0.048
0 0.69 0.691 0.048 0.054
0 0.76 0.66 0.036 0.04
0 0.676 0.643 0.028 0.03
0 0.568 0.617 0.044 0.054
0 0.53 0.543 0.036 0.05
0 0.58 0.54 0.056 0.04
0 0.55 0.497 0.044 0.042
0 0.599 0.486 0.038 0.04
0 0.7 0.498 0.056 0.044
0 0.623 0.562 0.05 0.044
0 0.669 0.587 0.042 0.034
0 0.853 0.543 0.034 0.038
0 0.833 0.484 0.046 0.032
0 0.918 0.436 0.028 0.04
0 0.937 0.454 0.038 0.036
0 0.953 0.484 0.03 0.028
0 0.974 0.436 0.036 0.032
0 0.983 0.462 0.03 0.032
0 0.757 0.444 0.042 0.036
0 0.804 0.405 0.052 0.042
0 0.883 0.381 0.042 0.038
0 0.887 0.356 0.034 0.032
0 0.962 0.371 0.04 0.038
0 0.944 0.33 0.04 0.04
0 0.979 0.329 0.03 0.038
0 0.98 0.277 0.028 0.038
0 0.573 0.35 0.042 0.056
0 0.606 0.312 0.056 0.036
0 0.673 0.345 0.038 0.042
0 0.624 0.282 0.04 0.032
0 0.62 0.233 0.036 0.046
0 0.697 0.225 0.03 0.038
0 0.659 0.187 0.026 0.034
0 0.741 0.199 0.038 0.038
0 0.372 0.457 0.04 0.042
0 0.685 0.413 0.034 0.034
0 0.714 0.303 0.028 0.046
0 0.776 0.286 0.044 0.036
0 0.85 0.333 0.032 0.034
0 0.64 0.115 0.036 0.03
0 0.741 0.046 0.05 0.048
0 0.882 0.127 0.04 0.042
0 0.874 0.187 0.028 0.038
0 0.838 0.06 0.028 0.036
0 0.858 0.086 0.032 0.036
0 0.909 0.094 0.038 0.04
0 0.026 0.907 0.04 0.03
0 0.009 0.903 0.018 0.062
1 0.344 0.913 0.032 0.034
1 0.528 0.829 0.064 0.042
1 0.494 0.806 0.016 0.02
1 0.459 0.811 0.038 0.03
1 0.534 0.985 0.028 0.022
1 0.612 0.906 0.024 0.028
1 0.176 0.951 0.02 0.03
1 0.173 0.915 0.022 0.034
1 0.041 0.948 0.022 0.02
1 0.185 0.684 0.022 0.032
1 0.246 0.468 0.024 0.028
1 0.314 0.716 0.028 0.024
1 0.649 0.849 0.034 0.018
1 0.694 0.804 0.028 0.028
1 0.591 0.052 0.018 0.024
1 0.631 0.053 0.018 0.018
1 0.555 0.092 0.026 0.032
1 0.534 0.069 0.032 0.034
1 0.358 0.224 0.02 0.02
1 0.131 0.278 0.022 0.036
1 0.192 0.281 0.036 0.026
1 0.258 0.255 0.024 0.026
1 0.28 0.259 0.032 0.018
1 0.479 0.231 0.01 0.026
1 0.351 0.463 0.022 0.026
1 0.314 0.544 0.008 0.024
1 0.305 0.543 0.01 0.03
1 0.417 0.594 0.026 0.028
1 0.305 0.581 0.018 0.026
1 0.4 0.409 0.028 0.018
1 0.453 0.409 0.034 0.018
1 0.528 0.202 0.02 0.032
1 0.426 0.245 0.028 0.022
1 0.913 0.95 0.038 0.044
1 0.773 0.853 0.006 0.018
1 0.812 0.759 0.028 0.042
1 0.959 0.797 0.034 0.026
1 0.972 0.83 0.012 0.02
1 0.807 0.71 0.026 0.024
1 0.879 0.655 0.018 0.034
1 0.912 0.645 0.016 0.046
1 0.9 0.738 0.024 0.024
1 0.72 0.581 0.032 0.018
1 0.657 0.651 0.014 0.026
1 0.537 0.61 0.022 0.02
1 0.882 0.502 0.024 0.028
1 0.866 0.453 0.02 0.026
1 0.859 0.457 0.026 0.026
1 0.884 0.444 0.032 0.036
1 0.839 0.405 0.038 0.054
1 0.633 0.345 0.03 0.026
1 0.644 0.23 0.028 0.024
1 0.697 0.192 0.038 0.02
1 0.576 0.393 0.024 0.022
1 0.661 0.432 0.034 0.036
1 0.698 0.454 0.02 0.02
1 0.728 0.366 0.02 0.028
1 0.756 0.361 0.02 0.026
1 0.742 0.123 0.028 0.03
1 0.773 0.141 0.03 0.018
1 0.781 0.148 0.018 0.012
1 0.927 0.044 0.022 0.016
1 0.714 0.097 0.024 0.03
1 0.674 0.008 0.028 0.012
1 0.626 0.011 0.024 0.018
1 0.603 0.01 0.03 0.016
1 0.954 0.066 0.032 0.028
1 0.939 0.129 0.038 0.038
1 0.317 0.571 0.022 0.03
1 0.043 0.333 0.026 0.03
1 0.723 0.762 0.026 0.024
1 0.499 0.752 0.03 0.036
1 0.793 0.87 0.006 0.012
1 0.801 0.869 0.006 0.01
1 0.942 0.821 0.028 0.022
1 0.948 0.838 0.02 0.016
1 0.959 0.813 0.026 0.022
2 0.578 0.848 0.044 0.04
2 0.119 0.8 0.026 0.036
2 0.46 0.273 0.048 0.026
2 0.41 0.189 0.028 0.03
2 0.334 0.231 0.02 0.026
2 0.208 0.566 0.04 0.04
2 0.166 0.583 0.028 0.03
2 0.233 0.624 0.014 0.012
2 0.843 0.773 0.034 0.034
2 0.876 0.733 0.016 0.022
2 0.455 0.616 0.058 0.052
2 0.378 0.919 0.028 0.03
2 0.907 0.284 0.062 0.032
2 0.952 0.289 0.024 0.034
2 0.557 0.327 0.022 0.022
2 0.65 0.149 0.036 0.034
2 0.69 0.166 0.024 0.032
2 0.461 0.552 0.042 0.04
2 0.472 0.443 0.04 0.05
2 0.383 0.428 0.05 0.028
2 0.665 0.098 0.022 0.028
2 0.705 0.041 0.022 0.018
2 0.713 0.018 0.022 0.028
2 0.718 0.033 0.012 0.014
2 0.778 0.013 0.028 0.022
2 0.862 0.044 0.036 0.028
2 0.976 0.092 0.024 0.036
2 0.993 0.082 0.01 0.028
2 0.846 0.261 0.032 0.038
2 0.787 0.229 0.022 0.022
2 0.835 0.192 0.034 0.032
2 0.839 0.221 0.022 0.018
2 0.856 0.216 0.016 0.02
2 0.822 0.278 0.036 0.04
2 0.033 0.306 0.018 0.024
2 0.293 0.405 0.03 0.018
2 0.837 0.55 0.022 0.032
2 0.92 0.579 0.02 0.034
2 0.967 0.58 0.034 0.028
2 0.729 0.533 0.022 0.022
2 0.473 0.758 0.03 0.02
2 0.039 0.645 0.03 0.026
2 0.354 0.611 0.016 0.03
2 0.377 0.636 0.014 0.028
2 0.97 0.979 0.012 0.018
2 0.982 0.985 0.012 0.014