0 0.702 0.91 0.04 0.056
0 0.477 0.779 0.042 0.05
0 0.957 0.609 0.038 0.046
0 0.885 0.671 0.054 0.054
0 0.917 0.79 0.042 0.052
0 0.867 0.804 0.042 0.04
0 0.935 0.852 0.038 0.048
0 0.898 0.852 0.044 0.04
0 0.915 0.896 0.046 0.044
0 0.938 0.985 0.036 0.026
0 0.882 0.988 0.04 0.02
0 0.778 0.979 0.032 0.038
0 0.575 0.974 0.026 0.048
0 0.539 0.973 0.03 0.05
0 0.494 0.988 0.036 0.02
0 0.452 0.927 0.04 0.042
0 0.687 0.896 0.03 0.028
0 0.789 0.838 0.038 0.048
0 0.819 0.812 0.026 0.036
0 0.845 0.744 0.038 0.06
0 0.654 0.827 0.04 0.046
0 0.514 0.879 0.028 0.034
0 0.465 0.883 0.038 0.03
0 0.353 0.882 0.042 0.036
0 0.388 0.826 0.052 0.044
0 0.402 0.847 0.036 0.026
0 0.237 0.895 0.034 0.042
0 0.187 0.947 0.034 0.05
0 0.126 0.899 0.028 0.05
0 0.072 0.892 0.028 0.048
0 0.09 0.9 0.032 0.056
0 0.441 0.478 0.03 0.04
0 0.368 0.502 0.036 0.052
0 0.336 0.468 0.036 0.044
0 0.264 0.462 0.036 0.056
0 0.213 0.458 0.03 0.04
0 0.18 0.461 0.036 0.058
0 0.157 0.455 0.018 0.042
0 0.117 0.445 0.046 0.046
0 0.234 0.544 0.048 0.06
0 0.716 0.332 0.04 0.056
0 0.671 0.333 0.038 0.058
0 0.602 0.302 0.032 0.044
0 0.566 0.348 0.048 0.072
0 0.498 0.471 0.036 0.046
0 0.643 0.676 0.03 0.052
0 0.695 0.672 0.03 0.04
0 0.742 0.729 0.04 0.046
0 0.451 0.579 0.038 0.05
0 0.421 0.611 0.042 0.042
0 0.364 0.676 0.036 0.052
0 0.294 0.645 0.032 0.042
0 0.271 0.613 0.03 0.046
0 0.207 0.605 0.042 0.05
0 0.194 0.636 0.028 0.04
0 0.162 0.633 0.036 0.05
0 0.118 0.708 0.036 0.048
0 0.083 0.725 0.038 0.05
0 0.217 0.762 0.05 0.056
0 0.157 0.807 0.046 0.038
0 0.097 0.781 0.042 0.046
0 0.074 0.827 0.04 0.042
0 0.06 0.804 0.028 0.024
0 0.075 0.795 0.026 0.026
0 0.15 0.98 0.036 0.036
0 0.826 0.156 0.048 0.06
0 0.767 0.101 0.042 0.054
0 0.793 0.093 0.026 0.058
0 0.683 0.06 0.046 0.052
0 0.91 0.024 0.04 0.044
0 0.862 0.035 0.04 0.038
0 0.818 0.022 0.04 0.04
0 0.962 0.051 0.044 0.046
0 0.946 0.151 0.036 0.062
0 0.7 0.129 0.044 0.058
0 0.627 0.172 0.042 0.06
0 0.571 0.16 0.038 0.06
0 0.548 0.11 0.044 0.064
0 0.497 0.137 0.034 0.062
0 0.737 0.206 0.042 0.044
0 0.701 0.209 0.034 0.046
0 0.685 0.238 0.038 0.036
0 0.667 0.259 0.03 0.046
0 0.726 0.273 0.032 0.042
0 0.771 0.291 0.042 0.042
0 0.792 0.27 0.028 0.032
0 0.833 0.26 0.038 0.044
0 0.888 0.288 0.044 0.04
0 0.908 0.266 0.036 0.044
0 0.98 0.267 0.036 0.05
0 0.923 0.372 0.034 0.044
0 0.879 0.421 0.046 0.046
0 0.885 0.396 0.03 0.04
0 0.83 0.368 0.036 0.044
0 0.782 0.374 0.024 0.044
0 0.751 0.413 0.038 0.038
0 0.691 0.426 0.042 0.04
0 0.575 0.033 0.046 0.05
0 0.618 0.019 0.04 0.034
0 0.646 0.017 0.032 0.03
0 0.738 0.014 0.044 0.024
0 0.352 0.104 0.048 0.056
0 0.284 0.124 0.048 0.052
0 0.278 0.078 0.028 0.036
0 0.244 0.078 0.044 0.06
0 0.315 0.038 0.03 0.04
0 0.187 0.054 0.042 0.044
0 0.21 0.026 0.032 0.04
0 0.135 0.038 0.034 0.036
0 0.058 0.019 0.032 0.034
0 0.014 0.079 0.024 0.042
0 0.082 0.117 0.032 0.046
0 0.443 0.027 0.05 0.042
0 0.461 0.247 0.042 0.062
0 0.444 0.265 0.048 0.054
0 0.425 0.228 0.03 0.052
0 0.446 0.183 0.048 0.05
0 0.508 0.258 0.032 0.06
0 0.543 0.265 0.034 0.042
0 0.606 0.213 0.044 0.066
0 0.979 0.446 0.034 0.032
0 0.822 0.491 0.04 0.046
0 0.83 0.525 0.044 0.038
0 0.754 0.536 0.036 0.036
0 0.68 0.533 0.032 0.05
0 0.646 0.501 0.036 0.058
0 0.677 0.478 0.034 0.044
0 0.64 0.546 0.04 0.032
0 0.566 0.502 0.028 0.044
0 0.551 0.489 0.022 0.03
0 0.534 0.386 0.036 0.056
0 0.51 0.438 0.028 0.036
0 0.36 0.224 0.032 0.056
0 0.336 0.186 0.048 0.06
0 0.293 0.259 0.034 0.042
0 0.32 0.243 0.032 0.038
0 0.222 0.268 0.032 0.052
0 0.347 0.314 0.038 0.052
0 0.264 0.295 0.044 0.046
0 0.139 0.26 0.038 0.052
0 0.114 0.224 0.04 0.048
0 0.127 0.186 0.042 0.052
0 0.146 0.099 0.036 0.046
0 0.105 0.124 0.022 0.04
0 0.361 0.43 0.066 0.04
0 0.327 0.394 0.038 0.036
0 0.213 0.417 0.042 0.046
0 0.141 0.378 0.042 0.052
0 0.125 0.322 0.034 0.044
0 0.053 0.342 0.034 0.056
0 0.069 0.329 0.042 0.05
0 0.045 0.269 0.038 0.05
0 0.038 0.396 0.052 0.056
0 0.077 0.482 0.038 0.044
0 0.016 0.499 0.028 0.054
0 0.017 0.533 0.03 0.038
0 0.149 0.538 0.038 0.056
0 0.076 0.55 0.044 0.052
0 0.093 0.613 0.046 0.03
0 0.881 0.594 0.046 0.04
0 0.923 0.529 0.03 0.046
0 0.763 0.579 0.038 0.042
0 0.759 0.678 0.042 0.044
0 0.98 0.85 0.036 0.052
0 0.981 0.808 0.034 0.036
0 0.956 0.772 0.028 0.036
0 0.66 0.976 0.06 0.044
0 0.661 0.931 0.042 0.046
0 0.625 0.919 0.042 0.042
0 0.75 0.778 0.036 0.04
0 0.699 0.804 0.03 0.052
0 0.506 0.82 0.04 0.036
0 0.528 0.77 0.048 0.056
0 0.543 0.733 0.03 0.054
0 0.554 0.639 0.036 0.038
0 0.409 0.77 0.042 0.044
0 0.427 0.735 0.046 0.054
0 0.407 0.728 0.03 0.044
0 0.285 0.764 0.046 0.06
0 0.542 0.57 0.044 0.044
0 0.599 0.738 0.034 0.056
0 0.561 0.669 0.034 0.034
0 0.511 0.962 0.022 0.032
0 0.693 0.491 0.022 0.034
1 0.754 0.058 0.02 0.024
1 0.719 0.058 0.022 0.024
1 0.967 0.082 0.022 0.016
1 0.934 0.114 0.016 0.036
1 0.901 0.114 0.022 0.02
1 0.903 0.092 0.018 0.028
1 0.648 0.124 0.028 0.028
1 0.539 0.164 0.018 0.024
1 0.522 0.156 0.02 0.02
1 0.835 0.227 0.022 0.018
1 0.901 0.366 0.022 0.024
1 0.677 0.389 0.026 0.022
1 0.421 0.096 0.022 0.036
1 0.411 0.109 0.014 0.022
1 0.377 0.143 0.018 0.026
1 0.254 0.046 0.024 0.032
1 0.292 0.042 0.024 0.024
1 0.249 0.014 0.018 0.024
1 0.862 0.452 0.028 0.02
1 0.84 0.466 0.032 0.028
1 0.526 0.528 0.024 0.032
1 0.328 0.272 0.024 0.02
1 0.232 0.338 0.024 0.032
1 0.214 0.161 0.02 0.026
1 0.181 0.178 0.022 0.02
1 0.132 0.138 0.036 0.024
1 0.124 0.118 0.012 0.012
1 0.165 0.179 0.018 0.038
1 0.484 0.307 0.024 0.03
1 0.488 0.332 0.02 0.016
1 0.023 0.456 0.018 0.028
1 0.086 0.59 0.032 0.024
1 0.851 0.6 0.014 0.02
1 0.758 0.614 0.032 0.024
1 0.745 0.589 0.034 0.046
1 0.705 0.635 0.022 0.022
1 0.811 0.682 0.018 0.02
1 0.912 0.692 0.02 0.032
1 0.833 0.883 0.018 0.038
1 0.853 0.903 0.022 0.038
1 0.863 0.916 0.026 0.028
1 0.775 0.89 0.018 0.028
1 0.756 0.909 0.02 0.018
1 0.582 0.821 0.016 0.026
1 0.555 0.698 0.018 0.024
1 0.5 0.7 0.024 0.024
1 0.312 0.754 0.008 0.024
1 0.311 0.804 0.018 0.02
1 0.338 0.627 0.024 0.034
1 0.312 0.599 0.032 0.026
1 0.359 0.596 0.022 0.032
1 0.412 0.499 0.016 0.022
1 0.504 0.612 0.024 0.028
1 0.176 0.882 0.032 0.024
1 0.201 0.86 0.038 0.02
1 0.214 0.882 0.032 0.016
1 0.254 0.942 0.02 0.04
1 0.095 0.679 0.014 0.022
1 0.07 0.659 0.02 0.022
1 0.181 0.664 0.018 0.024
1 0.231 0.632 0.022 0.024
1 0.575 0.837 0.014 0.018
1 0.435 0.816 0.026 0.02
1 0.714 0.737 0.012 0.022
1 0.691 0.737 0.018 0.03
1 0.684 0.775 0.012 0.018
1 0.417 0.957 0.038 0.05
1 0.178 0.827 0.032 0.018
2 0.978 0.325 0.016 0.042
2 0.746 0.367 0.028 0.03
2 0.111 0.027 0.018 0.018
2 0.971 0.421 0.026 0.022
2 0.964 0.396 0.016 0.02
2 0.615 0.393 0.026 0.046
2 0.3 0.312 0.02 0.02
2 0.266 0.18 0.032 0.04
2 0.168 0.274 0.02 0.048
2 0.165 0.365 0.014 0.038
2 0.262 0.415 0.028 0.034
2 0.596 0.952 0.024 0.044
2 0.755 0.836 0.018 0.02
2 0.726 0.827 0.02 0.03
2 0.348 0.556 0.036 0.036
2 0.586 0.709 0.02 0.014
2 0.486 0.827 0.032 0.042
2 0.872 0.836 0.032 0.024
2 0.886 0.945 0.028 0.03
2 0.378 0.918 0.048 0.04
2 0.349 0.973 0.026 0.034
2 0.27 0.817 0.04 0.034
2 0.215 0.833 0.014 0.014