0 0.086 0.474 0.096 0.092
0 0.351 0.07 0.042 0.052
0 0.306 0.051 0.052 0.05
0 0.453 0.051 0.054 0.05
0 0.519 0.021 0.034 0.042
0 0.578 0.047 0.056 0.05
0 0.032 0.278 0.044 0.076
0 0.116 0.169 0.044 0.034
0 0.794 0.32 0.064 0.06
0 0.853 0.373 0.05 0.046
0 0.873 0.326 0.042 0.052
0 0.905 0.386 0.038 0.052
0 0.953 0.391 0.054 0.046
0 0.98 0.211 0.036 0.054
0 0.852 0.216 0.04 0.048
0 0.044 0.87 0.056 0.04
0 0.035 0.913 0.046 0.03
0 0.016 0.665 0.032 0.046
0 0.011 0.598 0.022 0.032
0 0.032 0.64 0.036 0.032
0 0.013 0.738 0.026 0.048
0 0.152 0.698 0.048 0.044
0 0.116 0.616 0.048 0.04
0 0.196 0.615 0.036 0.034
0 0.165 0.636 0.042 0.032
0 0.311 0.9 0.038 0.044
0 0.353 0.908 0.038 0.048
0 0.294 0.975 0.044 0.03
0 0.383 0.893 0.05 0.034
0 0.436 0.909 0.04 0.05
0 0.454 0.189 0.052 0.054
0 0.462 0.256 0.052 0.052
0 0.233 0.505 0.054 0.082
0 0.263 0.468 0.058 0.04
0 0.243 0.393 0.066 0.054
0 0.442 0.403 0.088 0.054
0 0.726 0.517 0.06 0.07
0 0.876 0.497 0.052 0.054
0 0.807 0.478 0.046 0.06
0 0.968 0.85 0.06 0.052
0 0.798 0.846 0.048 0.072
0 0.907 0.888 0.03 0.048
0 0.873 0.96 0.038 0.032
0 0.888 0.99 0.028 0.016
0 0.941 0.982 0.034 0.032
0 0.984 0.972 0.028 0.052
0 0.902 0.936 0.04 0.032
0 0.978 0.786 0.04 0.056
0 0.847 0.851 0.038 0.042
0 0.194 0.979 0.028 0.038
0 0.511 0.889 0.054 0.058
0 0.4 0.984 0.048 0.028
0 0.45 0.968 0.044 0.028
0 0.593 0.983 0.062 0.03
0 0.726 0.976 0.036 0.044
0 0.34 0.499 0.048 0.042
0 0.355 0.543 0.034 0.03
0 0.596 0.589 0.052 0.046
0 0.678 0.346 0.04 0.044
0 0.447 0.593 0.054 0.046
0 0.467 0.676 0.046 0.056
0 0.414 0.537 0.048 0.066
0 0.607 0.651 0.058 0.042
0 0.873 0.667 0.038 0.054
0 0.667 0.741 0.038 0.046
0 0.71 0.727 0.044 0.05
0 0.735 0.851 0.034 0.046
0 0.553 0.718 0.034 0.04
0 0.497 0.786 0.03 0.028
0 0.753 0.687 0.038 0.042
0 0.941 0.75 0.042 0.04
0 0.981 0.6 0.034 0.052
0 0.578 0.26 0.044 0.052
0 0.609 0.271 0.046 0.042
0 0.688 0.611 0.04 0.03
0 0.753 0.609 0.038 0.03
0 0.818 0.603 0.052 0.03
0 0.518 0.489 0.044 0.034
0 0.176 0.197 0.044 0.046
0 0.222 0.184 0.04 0.04
0 0.364 0.169 0.048 0.046
0 0.283 0.704 0.054 0.052
0 0.242 0.92 0.044 0.024
0 0.661 0.944 0.046 0.044
0 0.606 0.891 0.048 0.042
0 0.627 0.854 0.03 0.036
0 0.814 0.736 0.04 0.044
0 0.866 0.549 0.06 0.042
0 0.829 0.77 0.054 0.032
0 0.855 0.832 0.046 0.04
0 0.388 0.365 0.048 0.042
0 0.629 0.367 0.038 0.034
0 0.683 0.306 0.05 0.044
0 0.709 0.629 0.022 0.042
0 0.725 0.624 0.03 0.036
0 0.42 0.817 0.068 0.038
0 0.445 0.801 0.038 0.038
0 0.193 0.401 0.038 0.054
0 0.17 0.267 0.064 0.062
0 0.024 0.068 0.048 0.056
0 0.531 0.447 0.038 0.034
0 0.513 0.398 0.03 0.036
0 0.496 0.446 0.04 0.048
0 0.028 0.378 0.032 0.032
0 0.59 0.414 0.044 0.036
0 0.207 0.146 0.038 0.036
0 0.988 0.038 0.02 0.036
1 0.103 0.426 0.022 0.028
1 0.128 0.415 0.024 0.026
1 0.278 0.031 0.02 0.034
1 0.848 0.285 0.024 0.022
1 0.944 0.23 0.028 0.032
1 0.881 0.226 0.014 0.028
1 0.929 0.049 0.018 0.022
1 0.913 0.439 0.026 0.026
1 0.943 0.458 0.014 0.012
1 0.988 0.488 0.02 0.028
1 0.977 0.468 0.022 0.02
1 0.082 0.911 0.028 0.01
1 0.087 0.917 0.022 0.014
1 0.12 0.863 0.016 0.026
1 0.015 0.817 0.026 0.022
1 0.097 0.711 0.022 0.03
1 0.09 0.593 0.02 0.022
1 0.174 0.832 0.036 0.024
1 0.162 0.814 0.024 0.02
1 0.121 0.895 0.03 0.034
1 0.418 0.916 0.02 0.04
1 0.749 0.96 0.022 0.016
1 0.913 0.655 0.018 0.034
1 0.905 0.685 0.022 0.03
1 0.602 0.804 0.02 0.02
1 0.734 0.753 0.036 0.026
1 0.326 0.536 0.016 0.032
1 0.262 0.728 0.024 0.032
1 0.285 0.741 0.018 0.026
1 0.297 0.561 0.018 0.026
1 0.385 0.638 0.026 0.024
1 0.471 0.717 0.026 0.03
1 0.485 0.824 0.026 0.024
1 0.673 0.524 0.026 0.024
1 0.739 0.483 0.018 0.014
1 0.512 0.548 0.024 0.02
1 0.521 0.539 0.03 0.022
1 0.685 0.7 0.014 0.02
1 0.84 0.62 0.024 0.028
1 0.636 0.616 0.028 0.02
1 0.711 0.326 0.018 0.02
1 0.722 0.377 0.02 0.034
1 0.552 0.479 0.02 0.014
1 0.099 0.019 0.03 0.018
1 0.154 0.039 0.02 0.022
1 0.271 0.112 0.034 0.02
1 0.154 0.538 0.016 0.02
1 0.16 0.545 0.02 0.03
1 0.367 0.149 0.026 0.014
1 0.214 0.981 0.024 0.03
1 0.245 0.818 0.026 0.02
1 0.308 0.787 0.024 0.022
1 0.297 0.761 0.014 0.014
1 0.634 0.796 0.032 0.028
1 0.578 0.534 0.036 0.032
1 0.26 0.539 0.02 0.022
1 0.426 0.119 0.024 0.034
1 0.444 0.327 0.028 0.026
1 0.504 0.109 0.024 0.022
1 0.524 0.166 0.024 0.02
1 0.295 0.281 0.022 0.026
1 0.349 0.271 0.018 0.018
1 0.277 0.357 0.018 0.038
1 0.8 0.502 0.036 0.024
1 0.913 0.5 0.026 0.024
1 0.447 0.831 0.014 0.022
1 0.924 0.637 0.02 0.014
1 0.616 0.561 0.024 0.014
1 0.531 0.613 0.01 0.018
1 0.52 0.614 0.012 0.02
1 0.161 0.303 0.03 0.026
1 0.179 0.341 0.026 0.034
1 0.309 0.289 0.014 0.018
1 0.333 0.289 0.018 0.018
1 0.327 0.303 0.026 0.018
1 0.077 0.186 0.022 0.02
1 0.121 0.142 0.03 0.024
1 0.401 0.417 0.03 0.038
1 0.612 0.11 0.036 0.036
1 0.707 0.154 0.034 0.032
1 0.741 0.097 0.038 0.038
1 0.876 0.158 0.032 0.028
1 0.919 0.242 0.03 0.028
1 0.903 0.349 0.014 0.018
1 0.583 0.126 0.05 0.028
1 0.589 0.158 0.038 0.028
1 0.56 0.139 0.028 0.022
1 0.467 0.158 0.034 0.02
2 0.119 0.658 0.05 0.036
2 0.702 0.839 0.032 0.05
2 0.779 0.757 0.014 0.022
2 0.751 0.735 0.022 0.026
2 0.502 0.745 0.032 0.026
2 0.737 0.653 0.014 0.014
2 0.483 0.487 0.014 0.018
2 0.234 0.147 0.028 0.014
2 0.608 0.029 0.016 0.018
2 0.228 0.023 0.016 0.022
2 0.195 0.032 0.034 0.036
2 0.343 0.815 0.022 0.022