0 0.972 0.104 0.04 0.052
0 0.972 0.026 0.024 0.024
0 0.941 0.009 0.018 0.018
0 0.909 0.016 0.026 0.032
0 0.888 0.015 0.016 0.03
0 0.964 0.179 0.056 0.054
0 0.849 0.063 0.026 0.042
0 0.876 0.067 0.012 0.026
0 0.894 0.095 0.016 0.026
0 0.858 0.139 0.04 0.054
0 0.724 0.09 0.04 0.032
0 0.808 0.223 0.036 0.058
0 0.757 0.24 0.05 0.064
0 0.891 0.27 0.054 0.044
0 0.866 0.349 0.032 0.066
0 0.816 0.324 0.048 0.036
0 0.903 0.415 0.042 0.038
0 0.97 0.463 0.044 0.078
0 0.851 0.451 0.05 0.054
0 0.795 0.488 0.042 0.052
0 0.678 0.407 0.048 0.042
0 0.656 0.483 0.056 0.062
0 0.608 0.503 0.048 0.05
0 0.573 0.407 0.054 0.074
0 0.43 0.375 0.036 0.05
0 0.457 0.315 0.042 0.046
0 0.533 0.253 0.042 0.058
0 0.604 0.217 0.04 0.054
0 0.631 0.235 0.018 0.034
0 0.681 0.016 0.042 0.032
0 0.773 0.015 0.034 0.03
0 0.652 0.066 0.072 0.064
0 0.632 0.093 0.04 0.05
0 0.559 0.095 0.046 0.046
0 0.518 0.07 0.048 0.036
0 0.49 0.134 0.028 0.04
0 0.439 0.154 0.05 0.04
0 0.42 0.186 0.048 0.044
0 0.416 0.041 0.048 0.042
0 0.446 0.003 0.04 0.006
0 0.31 0.004 0.036 0.008
0 0.022 0.006 0.028 0.012
0 0.202 0.037 0.04 0.058
0 0.186 0.044 0.024 0.036
0 0.124 0.069 0.028 0.034
0 0.112 0.101 0.032 0.038
0 0.014 0.078 0.024 0.028
0 0.057 0.086 0.026 0.036
0 0.022 0.13 0.04 0.048
0 0.062 0.15 0.024 0.036
0 0.011 0.216 0.018 0.036
0 0.068 0.198 0.044 0.04
0 0.132 0.138 0.016 0.012
0 0.133 0.162 0.042 0.036
0 0.129 0.187 0.026 0.022
0 0.176 0.184 0.032 0.036
0 0.181 0.14 0.022 0.02
0 0.201 0.086 0.022 0.024
0 0.26 0.07 0.04 0.052
0 0.342 0.082 0.028 0.032
0 0.283 0.11 0.026 0.028
0 0.302 0.117 0.032 0.038
0 0.343 0.147 0.042 0.05
0 0.333 0.192 0.038 0.028
0 0.272 0.231 0.052 0.05
0 0.175 0.279 0.038 0.058
0 0.305 0.328 0.03 0.028
0 0.065 0.303 0.046 0.046
0 0.02 0.366 0.032 0.044
0 0.141 0.343 0.038 0.042
0 0.018 0.463 0.032 0.042
0 0.055 0.456 0.042 0.044
0 0.092 0.436 0.04 0.056
0 0.146 0.491 0.04 0.05
0 0.187 0.475 0.034 0.038
0 0.227 0.428 0.03 0.048
0 0.275 0.434 0.038 0.06
0 0.352 0.444 0.028 0.032
0 0.537 0.512 0.038 0.056
0 0.419 0.541 0.042 0.07
0 0.406 0.482 0.036 0.04
0 0.383 0.56 0.03 0.04
0 0.347 0.591 0.03 0.058
0 0.296 0.621 0.048 0.058
0 0.021 0.556 0.038 0.044
0 0.033 0.603 0.054 0.046
0 0.161 0.587 0.042 0.058
0 0.031 0.983 0.058 0.03
0 0.086 0.898 0.032 0.032
0 0.086 0.923 0.044 0.038
0 0.11 0.882 0.028 0.028
0 0.084 0.865 0.028 0.01
0 0.082 0.844 0.036 0.028
0 0.05 0.831 0.028 0.026
0 0.131 0.785 0.038 0.042
0 0.156 0.749 0.032 0.042
0 0.183 0.792 0.042 0.04
0 0.133 0.693 0.054 0.03
0 0.177 0.696 0.042 0.048
0 0.238 0.907 0.036 0.046
0 0.241 0.847 0.03 0.034
0 0.27 0.819 0.04 0.058
0 0.337 0.901 0.05 0.054
0 0.26 0.72 0.036 0.056
0 0.238 0.709 0.032 0.038
0 0.342 0.732 0.044 0.052
0 0.402 0.803 0.044 0.034
0 0.417 0.768 0.022 0.032
0 0.45 0.751 0.052 0.054
0 0.479 0.856 0.042 0.036
0 0.369 0.638 0.038 0.036
0 0.427 0.979 0.046 0.038
0 0.371 0.986 0.042 0.024
0 0.471 0.985 0.03 0.026
0 0.492 0.982 0.02 0.024
0 0.449 0.964 0.05 0.052
0 0.5 0.599 0.04 0.054
0 0.569 0.608 0.038 0.052
0 0.967 0.635 0.034 0.054
0 0.925 0.618 0.034 0.032
0 0.917 0.635 0.042 0.026
0 0.917 0.658 0.038 0.04
0 0.887 0.665 0.046 0.058
0 0.834 0.643 0.028 0.038
0 0.814 0.676 0.02 0.02
0 0.868 0.703 0.072 0.078
0 0.943 0.986 0.03 0.024
0 0.976 0.982 0.048 0.032
0 0.976 0.945 0.044 0.05
0 0.953 0.922 0.022 0.024
0 0.975 0.887 0.042 0.042
0 0.9 0.858 0.036 0.06
0 0.853 0.794 0.026 0.02
0 0.804 0.81 0.032 0.028
0 0.869 0.927 0.034 0.034
0 0.671 0.983 0.038 0.03
0 0.744 0.879 0.044 0.054
0 0.678 0.807 0.052 0.066
0 0.573 0.872 0.046 0.06
0 0.593 0.865 0.034 0.034
0 0.574 0.831 0.044 0.05
0 0.792 0.727 0.052 0.066
0 0.731 0.728 0.038 0.04
0 0.769 0.677 0.03 0.022
0 0.726 0.679 0.052 0.054
0 0.673 0.678 0.042 0.044
0 0.628 0.683 0.032 0.05
0 0.475 0.676 0.03 0.032
1 0.945 0.062 0.018 0.02
1 0.896 0.121 0.012 0.03
1 0.768 0.076 0.036 0.02
1 0.779 0.151 0.018 0.022
1 0.826 0.349 0.028 0.018
1 0.779 0.352 0.03 0.024
1 0.829 0.376 0.014 0.02
1 0.996 0.407 0.004 0.03
1 0.901 0.493 0.026 0.022
1 0.86 0.506 0.024 0.016
1 0.716 0.462 0.016 0.02
1 0.695 0.47 0.018 0.016
1 0.58 0.364 0.032 0.028
1 0.502 0.384 0.032 0.028
1 0.429 0.256 0.022 0.016
1 0.467 0.245 0.022 0.018
1 0.652 0.113 0.02 0.018
1 0.525 0.107 0.026 0.006
1 0.521 0.148 0.018 0.016
1 0.517 0.16 0.01 0.008
1 0.731 0.32 0.022 0.028
1 0.136 0.046 0.024 0.02
1 0.171 0.043 0.018 0.022
1 0.078 0.048 0.016 0.02
1 0.016 0.178 0.02 0.012
1 0.186 0.16 0.016 0.016
1 0.159 0.064 0.01 0.008
1 0.166 0.072 0.016 0.012
1 0.167 0.09 0.018 0.02
1 0.273 0.057 0.026 0.018
1 0.303 0.054 0.014 0.012
1 0.307 0.061 0.022 0.01
1 0.297 0.081 0.018 0.018
1 0.287 0.177 0.018 0.03
1 0.395 0.239 0.022 0.022
1 0.124 0.272 0.012 0.008
1 0.236 0.275 0.028 0.01
1 0.233 0.286 0.042 0.008
1 0.293 0.301 0.018 0.014
1 0.267 0.337 0.03 0.01
1 0.085 0.374 0.026 0.024
1 0.214 0.374 0.02 0.036
1 0.201 0.391 0.01 0.014
1 0.194 0.399 0.008 0.014
1 0.314 0.449 0.02 0.026
1 0.336 0.419 0.012 0.01
1 0.361 0.466 0.022 0.024
1 0.492 0.469 0.028 0.026
1 0.5 0.517 0.024 0.018
1 0.569 0.513 0.014 0.018
1 0.437 0.519 0.01 0.018
1 0.082 0.562 0.008 0.016
1 0.108 0.559 0.02 0.018
1 0.124 0.576 0.024 0.02
1 0.12 0.938 0.024 0.016
1 0.025 0.811 0.014 0.01
1 0.016 0.816 0.012 0.012
1 0.007 0.828 0.01 0.012
1 0.098 0.808 0.024 0.028
1 0.151 0.841 0.03 0.026
1 0.183 0.976 0.026 0.02
1 0.183 0.952 0.026 0.02
1 0.164 0.936 0.024 0.02
1 0.298 0.793 0.02 0.022
1 0.441 0.801 0.022 0.03
1 0.335 0.654 0.014 0.036
1 0.478 0.935 0.028 0.022
1 0.479 0.896 0.022 0.016
1 0.459 0.615 0.022 0.022
1 0.632 0.567 0.024 0.018
1 0.67 0.587 0.016 0.022
1 0.687 0.596 0.026 0.02
1 0.783 0.612 0.034 0.02
1 0.874 0.569 0.024 0.022
1 0.994 0.571 0.008 0.026
1 0.991 0.729 0.014 0.026
1 0.802 0.642 0.016 0.016
1 0.933 0.848 0.018 0.024
1 0.977 0.83 0.022 0.016
1 0.956 0.788 0.016 0.012
1 0.943 0.796 0.014 0.02
1 0.878 0.783 0.024 0.026
1 0.856 0.779 0.008 0.01
1 0.839 0.788 0.006 0.012
1 0.835 0.775 0.006 0.01
1 0.827 0.914 0.014 0.024
1 0.831 0.937 0.026 0.022
1 0.778 0.941 0.016 0.034
1 0.742 0.837 0.032 0.022
1 0.636 0.868 0.008 0.012
1 0.603 0.911 0.022 0.018
1 0.666 0.716 0.012 0.028
1 0.547 0.773 0.03 0.03
1 0.568 0.708 0.024 0.028
1 0.493 0.709 0.03 0.018
1 0.42 0.71 0.016 0.02
1 0.308 0.944 0.008 0.008
1 0.799 0.989 0.018 0.018
1 0.618 0.149 0.008 0.01
1 0.105 0.241 0.01 0.026
1 0.222 0.248 0.016 0.024
1 0.755 0.439 0.006 0.01
1 0.746 0.434 0.008 0.008
1 0.766 0.443 0.008 0.01
1 0.928 0.786 0.008 0.008
1 0.522 0.769 0.016 0.018
2 0.957 0.018 0.034 0.036
2 0.239 0.55 0.022 0.036
2 0.177 0.622 0.026 0.028
2 0.086 0.618 0.028 0.02
2 0.291 0.932 0.018 0.012
2 0.091 0.988 0.018 0.02
2 0.705 0.985 0.014 0.018
2 0.796 0.971 0.016 0.006
2 0.939 0.892 0.01 0.024
2 0.952 0.886 0.008 0.012
2 0.632 0.151 0.016 0.014
2 0.195 0.37 0.018 0.032
2 0.923 0.342 0.018 0.02
2 0.907 0.79 0.01 0.008
2 0.427 0.676 0.022 0.02
2 0.368 0.67 0.016 0.016
2 0.491 0.277 0.014 0.014
2 0.023 0.04 0.026 0.02