0 0.845 0.02 0.042 0.04
0 0.896 0.072 0.04 0.048
0 0.794 0.112 0.036 0.04
0 0.845 0.132 0.042 0.048
0 0.942 0.169 0.036 0.054
0 0.946 0.283 0.044 0.05
0 0.902 0.029 0.036 0.05
0 0.713 0.085 0.042 0.046
0 0.712 0.044 0.032 0.036
0 0.747 0.143 0.034 0.05
0 0.667 0.042 0.038 0.048
0 0.646 0.085 0.04 0.038
0 0.614 0.117 0.04 0.062
0 0.471 0.023 0.042 0.046
0 0.561 0.016 0.042 0.032
0 0.684 0.155 0.028 0.042
0 0.666 0.156 0.032 0.056
0 0.409 0.066 0.042 0.04
0 0.426 0.147 0.036 0.054
0 0.343 0.107 0.034 0.042
0 0.13 0.131 0.032 0.042
0 0.081 0.021 0.034 0.038
0 0.071 0.026 0.038 0.048
0 0.058 0.116 0.036 0.04
0 0.046 0.085 0.04 0.038
0 0.085 0.18 0.038 0.052
0 0.154 0.215 0.028 0.038
0 0.164 0.229 0.032 0.03
0 0.219 0.185 0.042 0.05
0 0.247 0.181 0.022 0.026
0 0.318 0.165 0.04 0.05
0 0.358 0.216 0.028 0.044
0 0.293 0.249 0.026 0.022
0 0.314 0.255 0.028 0.026
0 0.252 0.333 0.048 0.042
0 0.168 0.277 0.04 0.062
0 0.121 0.291 0.034 0.042
0 0.007 0.249 0.01 0.042
0 0.025 0.269 0.034 0.062
0 0.046 0.316 0.044 0.048
0 0.089 0.361 0.042 0.062
0 0.044 0.386 0.044 0.068
0 0.129 0.389 0.046 0.058
0 0.177 0.396 0.042 0.052
0 0.227 0.398 0.042 0.04
0 0.232 0.442 0.04 0.056
0 0.275 0.428 0.038 0.04
0 0.331 0.402 0.05 0.048
0 0.334 0.433 0.044 0.03
0 0.353 0.372 0.03 0.036
0 0.472 0.21 0.048 0.06
0 0.619 0.204 0.05 0.06
0 0.719 0.232 0.034 0.056
0 0.838 0.191 0.036 0.054
0 0.814 0.179 0.024 0.05
0 0.876 0.284 0.032 0.048
0 0.207 0.028 0.034 0.04
0 0.518 0.465 0.032 0.046
0 0.419 0.459 0.038 0.046
0 0.471 0.488 0.038 0.06
0 0.502 0.318 0.04 0.048
0 0.557 0.324 0.042 0.048
0 0.731 0.322 0.046 0.056
0 0.757 0.402 0.038 0.048
0 0.757 0.365 0.034 0.046
0 0.695 0.394 0.038 0.048
0 0.691 0.348 0.038 0.052
0 0.326 0.356 0.048 0.036
0 0.094 0.459 0.036 0.054
0 0.146 0.489 0.048 0.05
0 0.199 0.552 0.042 0.06
0 0.251 0.546 0.034 0.068
0 0.286 0.562 0.036 0.052
0 0.328 0.523 0.04 0.054
0 0.339 0.567 0.034 0.042
0 0.386 0.583 0.044 0.042
0 0.442 0.573 0.052 0.046
0 0.391 0.536 0.034 0.052
0 0.612 0.415 0.04 0.054
0 0.786 0.444 0.036 0.056
0 0.829 0.456 0.034 0.044
0 0.965 0.481 0.05 0.058
0 0.603 0.554 0.05 0.06
0 0.813 0.549 0.042 0.05
0 0.862 0.561 0.052 0.058
0 0.91 0.584 0.04 0.064
0 0.97 0.554 0.036 0.044
0 0.011 0.422 0.018 0.06
0 0.034 0.519 0.048 0.054
0 0.044 0.573 0.036 0.054
0 0.008 0.544 0.012 0.036
0 0.018 0.628 0.032 0.06
0 0.071 0.645 0.038 0.066
0 0.113 0.628 0.042 0.048
0 0.141 0.644 0.042 0.04
0 0.019 0.714 0.034 0.052
0 0.093 0.75 0.038 0.064
0 0.133 0.774 0.042 0.06
0 0.157 0.799 0.034 0.054
0 0.182 0.718 0.036 0.048
0 0.215 0.71 0.046 0.056
0 0.302 0.735 0.032 0.062
0 0.379 0.648 0.042 0.06
0 0.388 0.717 0.04 0.05
0 0.387 0.77 0.034 0.06
0 0.485 0.662 0.042 0.056
0 0.463 0.701 0.038 0.042
0 0.509 0.801 0.038 0.05
0 0.54 0.784 0.048 0.044
0 0.556 0.689 0.036 0.054
0 0.577 0.703 0.034 0.054
0 0.015 0.893 0.026 0.054
0 0.05 0.954 0.048 0.064
0 0.169 0.929 0.034 0.062
0 0.216 0.927 0.044 0.05
0 0.3 0.838 0.036 0.056
0 0.264 0.846 0.032 0.056
0 0.293 0.982 0.042 0.032
0 0.447 0.979 0.034 0.038
0 0.547 0.913 0.046 0.058
0 0.62 0.933 0.048 0.058
0 0.605 0.969 0.046 0.058
0 0.679 0.976 0.046 0.044
0 0.73 0.951 0.04 0.046
0 0.617 0.824 0.038 0.052
0 0.641 0.831 0.03 0.042
0 0.76 0.76 0.048 0.052
0 0.708 0.762 0.036 0.04
0 0.717 0.674 0.038 0.048
0 0.819 0.955 0.038 0.042
0 0.901 0.845 0.038 0.062
0 0.927 0.771 0.046 0.058
0 0.979 0.701 0.034 0.062
0 0.936 0.717 0.044 0.046
0 0.938 0.668 0.032 0.032
0 0.986 0.777 0.024 0.058
0 0.941 0.967 0.034 0.058
0 0.875 0.815 0.038 0.05
0 0.811 0.668 0.038 0.04
0 0.883 0.354 0.046 0.06
0 0.974 0.231 0.024 0.034
0 0.992 0.206 0.012 0.052
0 0.79 0.014 0.036 0.028
0 0.765 0.005 0.034 0.01
0 0.695 0.003 0.022 0.006
0 0.637 0.242 0.018 0.032
0 0.513 0.111 0.026 0.038
0 0.53 0.129 0.02 0.034
0 0.463 0.155 0.022 0.03
0 0.373 0.011 0.034 0.022
0 0.156 0.009 0.028 0.018
0 0.184 0.041 0.02 0.018
0 0.219 0.019 0.026 0.038
0 0.036 0.011 0.016 0.022
0 0.017 0.012 0.03 0.024
0 0.087 0.002 0.026 0.004
0 0.318 0.112 0.02 0.024
0 0.913 0.439 0.042 0.022
0 0.975 0.374 0.026 0.036
0 0.969 0.394 0.014 0.016
0 0.049 0.274 0.026 0.028
0 0.605 0.501 0.03 0.046
0 0.694 0.736 0.032 0.024
0 0.644 0.746 0.032 0.064
0 0.008 0.683 0.012 0.03
0 0.404 0.933 0.028 0.03
0 0.486 0.976 0.036 0.044
0 0.359 0.728 0.026 0.028
0 0.995 0.99 0.01 0.016
0 0.847 0.992 0.022 0.012
0 0.787 0.996 0.018 0.004
0 0.953 0.449 0.034 0.038
1 0.828 0.832 0.028 0.016
1 0.343 0.064 0.014 0.02
1 0.594 0.257 0.024 0.018
1 0.104 0.048 0.012 0.012
1 0.869 0.326 0.018 0.016
1 0.278 0.369 0.024 0.022
1 0.629 0.443 0.022 0.022
1 0.56 0.436 0.016 0.024
1 0.853 0.598 0.026 0.02
1 0.964 0.628 0.02 0.02
1 0.634 0.643 0.016 0.026
1 0.219 0.82 0.014 0.024
1 0.019 0.815 0.022 0.026
1 0.436 0.815 0.02 0.018
1 0.76 0.948 0.02 0.028
2 0.882 0.104 0.032 0.028
2 0.969 0.174 0.026 0.052
2 0.055 0.757 0.034 0.042
2 0.783 0.679 0.026 0.046
2 0.883 0.225 0.042 0.022
2 0.873 0.166 0.022 0.024
2 0.64 0.015 0.024 0.03
2 0.745 0.193 0.026 0.022
2 0.651 0.214 0.03 0.052
2 0.648 0.246 0.008 0.012
2 0.732 0.286 0.02 0.032
2 0.579 0.202 0.05 0.068
2 0.631 0.284 0.022 0.024
2 0.518 0.165 0.02 0.014
2 0.532 0.011 0.024 0.022
2 0.275 0.025 0.026 0.038
2 0.177 0.025 0.03 0.026
2 0.094 0.057 0.028 0.03
2 0.011 0.061 0.018 0.018
2 0.287 0.098 0.026 0.04
2 0.35 0.142 0.036 0.032
2 0.428 0.198 0.02 0.016
2 0.437 0.175 0.018 0.022
2 0.399 0.224 0.034 0.02
2 0.352 0.179 0.024 0.034
2 0.413 0.349 0.022 0.046
2 0.454 0.331 0.032 0.026
2 0.987 0.409 0.022 0.022
2 0.981 0.422 0.034 0.04
2 0.304 0.307 0.016 0.026
2 0.319 0.283 0.022 0.026
2 0.087 0.301 0.014 0.022
2 0.145 0.186 0.03 0.024
2 0.22 0.15 0.032 0.024
2 0.21 0.222 0.028 0.036
2 0.297 0.231 0.014 0.014
2 0.566 0.458 0.024 0.028
2 0.69 0.432 0.044 0.032
2 0.724 0.543 0.032 0.034
2 0.84 0.583 0.028 0.03
2 0.797 0.628 0.03 0.044
2 0.794 0.748 0.036 0.06
2 0.632 0.698 0.032 0.036
2 0.67 0.621 0.016 0.018
2 0.118 0.539 0.028 0.042
2 0.175 0.54 0.026 0.052
2 0.063 0.479 0.014 0.026
2 0.114 0.696 0.024 0.024
2 0.054 0.867 0.024 0.026
2 0.024 0.979 0.04 0.038
2 0.46 0.927 0.028 0.042
2 0.373 0.947 0.022 0.03
2 0.41 0.989 0.032 0.018
2 0.341 0.904 0.054 0.024
2 0.36 0.756 0.032 0.056
2 0.401 0.752 0.018 0.024
2 0.973 0.977 0.026 0.042
2 0.816 0.894 0.036 0.052
2 0.834 0.871 0.02 0.022
2 0.869 0.914 0.014 0.02
2 0.739 0.826 0.042 0.032
2 0.483 0.602 0.034 0.068
2 0.337 0.463 0.018 0.026
2 0.22 0.612 0.032 0.024
2 0.138 0.584 0.032 0.032
2 0.077 0.512 0.026 0.028
2 0.914 0.51 0.056 0.06
2 0.664 0.548 0.044 0.052
2 0.688 0.58 0.028 0.032