0 0.981 0.017 0.034 0.034
0 0.91 0.023 0.032 0.038
0 0.91 0.051 0.016 0.014
0 0.919 0.056 0.01 0.012
0 0.996 0.053 0.004 0.062
0 0.91 0.122 0.02 0.028
0 0.855 0.1 0.042 0.052
0 0.81 0.076 0.036 0.052
0 0.814 0.013 0.044 0.026
0 0.742 0.024 0.04 0.048
0 0.737 0.064 0.026 0.056
0 0.722 0.025 0.016 0.038
0 0.707 0.026 0.014 0.032
0 0.69 0.032 0.02 0.02
0 0.703 0.068 0.022 0.02
0 0.651 0.05 0.026 0.016
0 0.582 0.014 0.04 0.028
0 0.62 0.054 0.04 0.048
0 0.515 0.01 0.026 0.02
0 0.518 0.03 0.016 0.02
0 0.539 0.051 0.034 0.05
0 0.569 0.072 0.034 0.04
0 0.507 0.076 0.034 0.044
0 0.506 0.049 0.028 0.03
0 0.448 0.007 0.036 0.014
0 0.468 0.044 0.032 0.056
0 0.368 0.026 0.04 0.052
0 0.386 0.042 0.036 0.044
0 0.348 0.07 0.048 0.06
0 0.431 0.087 0.034 0.054
0 0.286 0.07 0.04 0.052
0 0.299 0.123 0.038 0.054
0 0.211 0.083 0.034 0.058
0 0.208 0.029 0.024 0.018
0 0.121 0.01 0.026 0.02
0 0.095 0.071 0.038 0.058
0 0.079 0.125 0.038 0.054
0 0.211 0.162 0.042 0.064
0 0.06 0.21 0.036 0.08
0 0.02 0.258 0.036 0.044
0 0.102 0.331 0.036 0.054
0 0.201 0.304 0.034 0.06
0 0.284 0.257 0.04 0.074
0 0.356 0.169 0.044 0.066
0 0.415 0.22 0.038 0.052
0 0.466 0.16 0.028 0.064
0 0.496 0.175 0.036 0.054
0 0.657 0.136 0.042 0.052
0 0.648 0.09 0.02 0.036
0 0.92 0.173 0.032 0.054
0 0.891 0.195 0.038 0.062
0 0.924 0.259 0.028 0.03
0 0.955 0.317 0.042 0.054
0 0.924 0.296 0.036 0.044
0 0.997 0.308 0.002 0.024
0 0.951 0.37 0.026 0.06
0 0.891 0.354 0.03 0.048
0 0.889 0.311 0.03 0.042
0 0.819 0.289 0.034 0.042
0 0.783 0.275 0.038 0.05
0 0.689 0.165 0.038 0.042
0 0.708 0.182 0.032 0.028
0 0.728 0.271 0.044 0.042
0 0.638 0.291 0.052 0.066
0 0.553 0.254 0.046 0.064
0 0.878 0.422 0.04 0.04
0 0.933 0.49 0.034 0.04
0 0.308 0.33 0.04 0.052
0 0.171 0.375 0.038 0.046
0 0.738 0.327 0.04 0.054
0 0.794 0.408 0.04 0.048
0 0.786 0.443 0.036 0.046
0 0.871 0.51 0.038 0.052
0 0.953 0.565 0.03 0.038
0 0.97 0.554 0.016 0.028
0 0.985 0.621 0.026 0.05
0 0.986 0.664 0.024 0.032
0 0.984 0.746 0.028 0.036
0 0.984 0.797 0.028 0.042
0 0.989 0.911 0.018 0.038
0 0.987 0.985 0.026 0.026
0 0.929 0.959 0.042 0.074
0 0.962 0.936 0.024 0.04
0 0.935 0.888 0.03 0.036
0 0.943 0.911 0.026 0.022
0 0.903 0.913 0.03 0.038
0 0.908 0.872 0.028 0.024
0 0.861 0.878 0.038 0.032
0 0.897 0.845 0.03 0.03
0 0.878 0.973 0.028 0.042
0 0.863 0.935 0.03 0.034
0 0.84 0.938 0.028 0.032
0 0.805 0.988 0.042 0.02
0 0.792 0.954 0.032 0.036
0 0.728 0.984 0.048 0.028
0 0.658 0.981 0.036 0.034
0 0.694 0.959 0.024 0.026
0 0.684 0.968 0.02 0.028
0 0.666 0.997 0.012 0.002
0 0.635 0.992 0.018 0.012
0 0.569 0.992 0.05 0.012
0 0.547 0.949 0.034 0.05
0 0.587 0.932 0.034 0.036
0 0.468 0.973 0.044 0.046
0 0.398 0.988 0.04 0.02
0 0.33 0.984 0.04 0.028
0 0.32 0.963 0.036 0.038
0 0.222 0.938 0.036 0.044
0 0.029 0.964 0.046 0.056
0 0.104 0.92 0.04 0.056
0 0.136 0.911 0.04 0.058
0 0.111 0.884 0.034 0.04
0 0.12 0.857 0.024 0.026
0 0.172 0.901 0.024 0.034
0 0.184 0.917 0.024 0.026
0 0.21 0.868 0.044 0.06
0 0.078 0.836 0.028 0.072
0 0.013 0.792 0.022 0.044
0 0.029 0.724 0.054 0.056
0 0.187 0.789 0.038 0.05
0 0.236 0.812 0.036 0.052
0 0.279 0.834 0.026 0.04
0 0.308 0.898 0.04 0.036
0 0.317 0.862 0.038 0.048
0 0.361 0.877 0.038 0.054
0 0.351 0.829 0.042 0.042
0 0.401 0.835 0.034 0.05
0 0.439 0.825 0.038 0.058
0 0.454 0.878 0.032 0.032
0 0.5 0.91 0.036 0.04
0 0.401 0.932 0.03 0.052
0 0.676 0.887 0.032 0.042
0 0.633 0.867 0.026 0.042
0 0.616 0.847 0.032 0.034
0 0.508 0.777 0.036 0.042
0 0.392 0.739 0.028 0.034
0 0.382 0.76 0.04 0.056
0 0.317 0.752 0.042 0.056
0 0.343 0.71 0.026 0.04
0 0.775 0.892 0.03 0.044
0 0.733 0.876 0.026 0.036
0 0.751 0.837 0.034 0.046
0 0.699 0.812 0.03 0.052
0 0.727 0.785 0.022 0.038
0 0.653 0.776 0.034 0.044
0 0.647 0.743 0.026 0.03
0 0.805 0.787 0.042 0.042
0 0.813 0.745 0.03 0.038
0 0.822 0.768 0.024 0.032
0 0.847 0.735 0.022 0.026
0 0.852 0.757 0.028 0.026
0 0.892 0.809 0.028 0.014
0 0.908 0.774 0.036 0.036
0 0.921 0.67 0.034 0.052
0 0.874 0.678 0.032 0.052
0 0.865 0.701 0.034 0.05
0 0.863 0.611 0.034 0.042
0 0.847 0.58 0.034 0.04
0 0.846 0.551 0.052 0.042
0 0.817 0.528 0.018 0.024
0 0.767 0.559 0.038 0.05
0 0.774 0.594 0.02 0.016
0 0.696 0.615 0.048 0.042
0 0.721 0.678 0.038 0.04
0 0.759 0.72 0.038 0.048
0 0.689 0.713 0.042 0.034
0 0.65 0.681 0.028 0.038
0 0.582 0.692 0.032 0.06
0 0.76 0.492 0.056 0.056
0 0.649 0.366 0.038 0.068
0 0.59 0.316 0.04 0.052
0 0.593 0.366 0.026 0.02
0 0.6 0.408 0.036 0.052
0 0.542 0.35 0.044 0.06
0 0.485 0.313 0.05 0.058
0 0.476 0.263 0.044 0.038
0 0.482 0.229 0.032 0.038
0 0.716 0.581 0.032 0.038
0 0.702 0.552 0.024 0.028
0 0.659 0.52 0.038 0.048
0 0.677 0.567 0.03 0.046
0 0.614 0.597 0.04 0.058
0 0.558 0.626 0.032 0.044
0 0.504 0.642 0.036 0.056
0 0.357 0.646 0.038 0.052
0 0.294 0.665 0.028 0.05
0 0.184 0.653 0.044 0.058
0 0.121 0.661 0.042 0.042
0 0.195 0.593 0.03 0.05
0 0.255 0.54 0.034 0.064
0 0.524 0.587 0.044 0.062
0 0.48 0.559 0.032 0.034
0 0.418 0.577 0.032 0.062
0 0.555 0.489 0.03 0.054
0 0.509 0.496 0.034 0.06
0 0.422 0.341 0.04 0.062
0 0.389 0.277 0.038 0.05
0 0.412 0.413 0.036 0.058
0 0.425 0.49 0.034 0.036
0 0.379 0.493 0.034 0.05
0 0.413 0.519 0.038 0.034
0 0.304 0.434 0.032 0.052
0 0.317 0.495 0.046 0.074
0 0.228 0.444 0.04 0.056
0 0.068 0.593 0.044 0.058
0 0.096 0.569 0.04 0.07
0 0.008 0.631 0.012 0.034
0 0.01 0.46 0.016 0.056
0 0.114 0.408 0.044 0.056
0 0.078 0.429 0.032 0.082
0 0.162 0.493 0.028 0.018
0 0.17 0.518 0.04 0.032
0 0.166 0.543 0.044 0.046
0 0.161 0.575 0.038 0.03
0 0.029 0.004 0.042 0.008
1 0.684 0.068 0.016 0.02
1 0.715 0.049 0.01 0.01
1 0.646 0.022 0.02 0.016
1 0.633 0.012 0.018 0.016
1 0.099 0.104 0.022 0.036
1 0.157 0.149 0.022 0.026
1 0.017 0.214 0.03 0.036
1 0.099 0.216 0.026 0.032
1 0.199 0.254 0.026 0.024
1 0.156 0.273 0.032 0.022
1 0.369 0.137 0.022 0.026
1 0.946 0.209 0.024 0.014
1 0.892 0.258 0.016 0.028
1 0.852 0.336 0.02 0.028
1 0.764 0.186 0.024 0.02
1 0.767 0.208 0.022 0.028
1 0.681 0.241 0.022 0.022
1 0.642 0.235 0.016 0.026
1 0.906 0.445 0.02 0.014
1 0.897 0.462 0.022 0.024
1 0.985 0.492 0.018 0.024
1 0.705 0.327 0.022 0.03
1 0.732 0.365 0.032 0.026
1 0.972 0.705 0.028 0.026
1 0.972 0.976 0.024 0.032
1 0.763 0.995 0.014 0.006
1 0.607 0.935 0.014 0.022
1 0.258 0.996 0.036 0.004
1 0.177 0.987 0.03 0.022
1 0.153 0.977 0.018 0.018
1 0.036 0.919 0.02 0.026
1 0.088 0.939 0.02 0.018
1 0.253 0.882 0.022 0.012
1 0.15 0.81 0.02 0.028
1 0.305 0.925 0.026 0.018
1 0.465 0.933 0.022 0.026
1 0.536 0.854 0.024 0.024
1 0.496 0.825 0.028 0.026
1 0.443 0.777 0.01 0.014
1 0.225 0.732 0.034 0.02
1 0.729 0.847 0.018 0.018
1 0.747 0.787 0.022 0.018
1 0.807 0.552 0.022 0.028
1 0.81 0.628 0.028 0.016
1 0.782 0.663 0.024 0.026
1 0.767 0.641 0.026 0.022
1 0.75 0.606 0.028 0.02
1 0.577 0.349 0.014 0.026
1 0.731 0.554 0.006 0.012
1 0.472 0.659 0.028 0.026
1 0.398 0.679 0.024 0.022
1 0.393 0.665 0.018 0.014
1 0.331 0.58 0.018 0.028
1 0.116 0.695 0.02 0.018
1 0.504 0.566 0.02 0.02
1 0.475 0.431 0.026 0.018
1 0.484 0.408 0.008 0.016
1 0.368 0.42 0.028 0.024
1 0.36 0.445 0.02 0.018
1 0.184 0.449 0.016 0.026
1 0.006 0.567 0.008 0.026
1 0.038 0.432 0.028 0.024
1 0.057 0.436 0.006 0.008
1 0.161 0.478 0.018 0.032
1 0.142 0.473 0.02 0.018
1 0.09 0.498 0.024 0.028
1 0.069 0.508 0.022 0.032
1 0.147 0.874 0.034 0.02
1 0.897 0.394 0.022 0.02
1 0.907 0.532 0.014 0.032
1 0.66 0.801 0.012 0.026
1 0.187 0.146 0.014 0.024
1 0.296 0.207 0.012 0.01
1 0.164 0.057 0.02 0.018
1 0.354 0.28 0.016 0.02
1 0.485 0.477 0.014 0.022
2 0.993 0.223 0.01 0.042
2 0.971 0.126 0.03 0.032
2 0.873 0.011 0.026 0.022
2 0.826 0.036 0.024 0.016
2 0.779 0.003 0.014 0.006
2 0.672 0.047 0.02 0.018
2 0.646 0.004 0.028 0.008
2 0.706 0.005 0.012 0.01
2 0.393 0.188 0.018 0.028
2 0.755 0.133 0.018 0.038
2 0.813 0.475 0.03 0.05
2 0.93 0.531 0.024 0.018
2 0.993 0.587 0.01 0.038
2 0.993 0.713 0.01 0.026
2 0.208 0.895 0.032 0.026
2 0.43 0.739 0.048 0.05
2 0.442 0.795 0.012 0.018
2 0.293 0.742 0.018 0.028
2 0.824 0.811 0.02 0.026
2 0.833 0.793 0.014 0.022
2 0.838 0.806 0.016 0.008
2 0.851 0.776 0.03 0.028
2 0.937 0.81 0.022 0.032
2 0.591 0.728 0.034 0.032
2 0.611 0.446 0.026 0.032
2 0.523 0.73 0.026 0.036
2 0.151 0.624 0.042 0.064
2 0.05 0.572 0.036 0.056
2 0.068 0.478 0.024 0.028
2 0.05 0.395 0.012 0.006
2 0.15 0.718 0.028 0.032
2 0.613 0.818 0.03 0.028
2 0.868 0.214 0.02 0.036
2 0.997 0.463 0.002 0.046
2 0.926 0.565 0.024 0.034
2 0.724 0.212 0.028 0.028
2 0.181 0.748 0.018 0.016
2 0.163 0.755 0.018 0.014
2 0.138 0.743 0.016 0.018
2 0.563 0.818 0.03 0.028
2 0.568 0.893 0.02 0.014
2 0.724 0.101 0.016 0.018
0 0.978 0.017 0.04 0.034
0 0.989 0.054 0.018 0.08
0 0.91 0.023 0.036 0.046
0 0.806 0.023 0.076 0.046
0 0.854 0.099 0.044 0.058
0 0.809 0.073 0.042 0.062
0 0.74 0.027 0.052 0.054
0 0.99 0.227 0.016 0.054
0 0.925 0.175 0.05 0.062
0 0.889 0.195 0.054 0.07
0 0.583 0.015 0.042 0.03
0 0.619 0.053 0.046 0.05
0 0.649 0.092 0.034 0.052
0 0.655 0.137 0.058 0.062
0 0.68 0.069 0.024 0.022
0 0.707 0.063 0.03 0.05
0 0.695 0.024 0.038 0.048
0 0.663 0.048 0.05 0.028
0 0.643 0.022 0.038 0.04
0 0.738 0.067 0.032 0.066
0 0.506 0.02 0.052 0.04
0 0.452 0.016 0.044 0.032
0 0.468 0.045 0.044 0.062
0 0.539 0.047 0.038 0.062
0 0.511 0.086 0.042 0.044
0 0.431 0.084 0.046 0.08
0 0.367 0.034 0.046 0.068
0 0.397 0.041 0.022 0.054
0 0.347 0.07 0.058 0.068
0 0.282 0.063 0.052 0.074
0 0.206 0.021 0.032 0.034
0 0.216 0.082 0.052 0.064
0 0.121 0.014 0.03 0.028
0 0.094 0.075 0.048 0.098
0 0.028 0.006 0.044 0.012
0 0.081 0.127 0.046 0.066
0 0.766 0.21 0.028 0.04
0 0.694 0.17 0.064 0.06
0 0.642 0.237 0.028 0.034
0 0.551 0.255 0.058 0.082
0 0.495 0.178 0.046 0.06
0 0.47 0.155 0.044 0.082
0 0.298 0.122 0.04 0.056
0 0.355 0.169 0.054 0.074
0 0.369 0.137 0.03 0.034
0 0.415 0.222 0.042 0.06
0 0.278 0.255 0.056 0.106
0 0.024 0.251 0.044 0.062
0 0.059 0.208 0.042 0.088
0 0.098 0.214 0.028 0.04
0 0.158 0.149 0.028 0.046
0 0.213 0.158 0.046 0.064
0 0.106 0.331 0.052 0.066
0 0.2 0.303 0.04 0.066
0 0.996 0.311 0.004 0.026
0 0.953 0.318 0.054 0.056
0 0.925 0.295 0.058 0.05
0 0.925 0.258 0.034 0.036
0 0.952 0.372 0.036 0.068
0 0.887 0.312 0.05 0.056
0 0.889 0.356 0.046 0.056
0 0.876 0.422 0.048 0.044
0 0.778 0.28 0.052 0.068
0 0.825 0.29 0.046 0.056
0 0.727 0.271 0.062 0.058
0 0.736 0.326 0.052 0.06
0 0.7 0.325 0.032 0.042
0 0.728 0.364 0.06 0.048
0 0.626 0.281 0.032 0.05
0 0.649 0.292 0.046 0.068
0 0.651 0.366 0.05 0.08
0 0.587 0.312 0.054 0.068
0 0.542 0.35 0.052 0.068
0 0.478 0.267 0.06 0.058
0 0.487 0.23 0.046 0.044
0 0.484 0.309 0.056 0.07
0 0.593 0.374 0.042 0.048
0 0.602 0.407 0.044 0.054
0 0.607 0.446 0.054 0.048
0 0.422 0.342 0.052 0.072
0 0.39 0.279 0.052 0.066
0 0.311 0.334 0.05 0.068
0 0.174 0.38 0.048 0.068
0 0.415 0.415 0.046 0.07
0 0.364 0.422 0.032 0.024
0 0.305 0.432 0.042 0.068
0 0.226 0.438 0.048 0.068
0 0.109 0.403 0.05 0.066
0 0.129 0.441 0.026 0.042
0 0.013 0.46 0.022 0.068
0 0.039 0.404 0.046 0.036
0 0.077 0.429 0.042 0.094
0 0.796 0.403 0.048 0.066
0 0.781 0.443 0.05 0.05
0 0.815 0.478 0.042 0.06
0 0.994 0.474 0.008 0.076
0 0.871 0.509 0.046 0.066
0 0.93 0.493 0.036 0.046
0 0.759 0.489 0.07 0.07
0 0.656 0.519 0.06 0.07
0 0.554 0.493 0.044 0.066
0 0.508 0.489 0.044 0.082
0 0.427 0.484 0.046 0.048
0 0.412 0.518 0.048 0.044
0 0.378 0.498 0.04 0.052
0 0.315 0.498 0.054 0.08
0 0.253 0.545 0.05 0.066
0 0.092 0.499 0.036 0.034
0 0.069 0.508 0.03 0.032
0 0.98 0.616 0.036 0.06
0 0.989 0.584 0.018 0.044
0 0.983 0.664 0.03 0.04
0 0.969 0.553 0.022 0.03
0 0.954 0.566 0.036 0.044
0 0.93 0.53 0.028 0.02
0 0.807 0.55 0.026 0.032
0 0.816 0.529 0.036 0.038
0 0.849 0.548 0.066 0.048
0 0.851 0.582 0.05 0.044
0 0.871 0.608 0.058 0.06
0 0.767 0.561 0.05 0.066
0 0.703 0.544 0.03 0.048
0 0.675 0.57 0.042 0.068
0 0.714 0.586 0.044 0.06
0 0.696 0.62 0.048 0.056
0 0.616 0.593 0.056 0.07
0 0.769 0.639 0.042 0.026
0 0.784 0.658 0.032 0.04
0 0.72 0.691 0.056 0.082
0 0.561 0.625 0.042 0.05
0 0.522 0.59 0.06 0.068
0 0.481 0.559 0.05 0.058
0 0.507 0.638 0.05 0.072
0 0.418 0.578 0.04 0.068
0 0.351 0.646 0.058 0.064
0 0.294 0.665 0.052 0.062
0 0.17 0.51 0.052 0.056
0 0.166 0.543 0.056 0.046
0 0.162 0.58 0.044 0.032
0 0.195 0.593 0.034 0.054
0 0.154 0.622 0.068 0.076
0 0.183 0.653 0.054 0.066
0 0.121 0.664 0.046 0.056
0 0.011 0.631 0.018 0.038
0 0.054 0.57 0.052 0.072
0 0.069 0.597 0.046 0.058
0 0.095 0.566 0.046 0.088
0 0.923 0.667 0.046 0.066
0 0.875 0.676 0.038 0.056
0 0.865 0.705 0.042 0.066
0 0.982 0.746 0.032 0.044
0 0.982 0.797 0.032 0.05
0 0.91 0.774 0.06 0.056
0 0.892 0.813 0.04 0.026
0 0.851 0.745 0.038 0.054
0 0.857 0.774 0.05 0.04
0 0.819 0.76 0.03 0.044
0 0.805 0.785 0.05 0.05
0 0.809 0.74 0.034 0.032
0 0.764 0.721 0.06 0.058
0 0.649 0.681 0.034 0.042
0 0.688 0.708 0.044 0.056
0 0.829 0.801 0.042 0.046
0 0.583 0.687 0.046 0.074
0 0.589 0.729 0.058 0.046
0 0.343 0.708 0.03 0.044
0 0.508 0.775 0.044 0.054
0 0.381 0.754 0.05 0.08
0 0.429 0.735 0.054 0.07
0 0.439 0.822 0.042 0.064
0 0.316 0.749 0.044 0.066
0 0.289 0.759 0.034 0.074
0 0.186 0.788 0.044 0.06
0 0.151 0.808 0.026 0.04
0 0.031 0.726 0.058 0.068
0 0.982 0.909 0.032 0.042
0 0.984 0.984 0.032 0.028
0 0.927 0.959 0.05 0.078
0 0.9 0.913 0.044 0.054
0 0.9 0.842 0.048 0.036
0 0.939 0.889 0.034 0.042
0 0.946 0.908 0.036 0.036
0 0.961 0.935 0.038 0.046
0 0.907 0.873 0.034 0.026
0 0.86 0.877 0.048 0.042
0 0.863 0.934 0.034 0.04
0 0.836 0.941 0.044 0.042
0 0.878 0.971 0.04 0.05
0 0.734 0.787 0.056 0.054
0 0.754 0.836 0.052 0.048
0 0.773 0.891 0.038 0.046
0 0.791 0.954 0.042 0.04
0 0.806 0.987 0.044 0.022
0 0.763 0.987 0.026 0.022
0 0.724 0.978 0.056 0.04
0 0.732 0.877 0.044 0.042
0 0.69 0.964 0.044 0.048
0 0.658 0.981 0.04 0.034
0 0.666 0.995 0.024 0.006
0 0.636 0.986 0.04 0.024
0 0.65 0.776 0.052 0.052
0 0.728 0.846 0.028 0.02
0 0.694 0.817 0.052 0.066
0 0.648 0.738 0.044 0.04
0 0.677 0.888 0.042 0.056
0 0.618 0.847 0.036 0.038
0 0.634 0.866 0.04 0.052
0 0.588 0.929 0.048 0.046
0 0.55 0.944 0.052 0.06
0 0.499 0.908 0.042 0.052
0 0.569 0.987 0.058 0.022
0 0.464 0.934 0.036 0.036
0 0.463 0.968 0.046 0.044
0 0.454 0.877 0.04 0.038
0 0.399 0.838 0.05 0.072
0 0.351 0.826 0.058 0.056
0 0.363 0.875 0.042 0.066
0 0.402 0.931 0.04 0.066
0 0.398 0.986 0.052 0.024
0 0.313 0.856 0.054 0.064
0 0.279 0.832 0.03 0.048
0 0.235 0.81 0.05 0.064
0 0.339 0.984 0.062 0.028
0 0.323 0.962 0.058 0.052
0 0.018 0.791 0.032 0.05
0 0.257 0.99 0.042 0.016
0 0.031 0.964 0.062 0.068
0 0.221 0.941 0.046 0.058
0 0.178 0.985 0.036 0.026
0 0.211 0.867 0.05 0.062
0 0.21 0.897 0.052 0.03
0 0.177 0.906 0.042 0.048
0 0.307 0.901 0.046 0.042
0 0.078 0.837 0.04 0.082
0 0.1 0.919 0.052 0.066
0 0.136 0.91 0.04 0.072
0 0.112 0.869 0.048 0.07
1 0.912 0.051 0.028 0.026
1 0.853 0.15 0.01 0.008
1 0.504 0.049 0.028 0.03
1 0.213 0.003 0.03 0.006
1 0.763 0.185 0.026 0.026
1 0.028 0.222 0.02 0.024
1 0.012 0.202 0.02 0.028
1 0.201 0.255 0.038 0.034
1 0.893 0.258 0.022 0.032
1 0.576 0.349 0.02 0.026
1 0.484 0.409 0.016 0.022
1 0.474 0.427 0.036 0.026
1 0.358 0.446 0.024 0.024
1 0.983 0.492 0.026 0.032
1 0.897 0.464 0.03 0.028
1 0.908 0.444 0.032 0.02
1 0.809 0.628 0.038 0.024
1 0.183 0.452 0.026 0.036
1 0.038 0.435 0.036 0.026
1 0.775 0.595 0.026 0.014
1 0.73 0.555 0.008 0.022
1 0.747 0.606 0.034 0.028
1 0.51 0.563 0.036 0.026
1 0.471 0.658 0.034 0.028
1 0.397 0.679 0.026 0.026
1 0.392 0.663 0.024 0.018
1 0.331 0.579 0.026 0.034
1 0.165 0.479 0.026 0.042
1 0.142 0.473 0.024 0.03
1 0.115 0.696 0.026 0.028
1 0.01 0.57 0.016 0.04
1 0.974 0.702 0.04 0.028
1 0.451 0.709 0.018 0.014
1 0.972 0.974 0.032 0.04
1 0.495 0.825 0.03 0.03
1 0.534 0.853 0.036 0.03
1 0.254 0.883 0.028 0.018
1 0.151 0.975 0.026 0.026
1 0.308 0.924 0.024 0.02
1 0.039 0.924 0.034 0.04
2 0.872 0.016 0.052 0.032
2 0.972 0.133 0.04 0.066
2 0.915 0.12 0.038 0.04
2 0.947 0.208 0.03 0.016
2 0.653 0.01 0.042 0.02
2 0.756 0.133 0.028 0.054
2 0.724 0.101 0.028 0.042
2 0.618 0.016 0.032 0.032
2 0.569 0.074 0.05 0.06
2 0.49 0.062 0.024 0.028
2 0.511 0.046 0.022 0.02
2 0.166 0.058 0.036 0.032
2 0.005 0.106 0.006 0.024
2 0.719 0.204 0.054 0.056
2 0.68 0.21 0.012 0.008
2 0.681 0.245 0.034 0.046
2 0.328 0.137 0.016 0.03
2 0.393 0.187 0.03 0.042
2 0.422 0.194 0.024 0.028
2 0.293 0.209 0.026 0.018
2 0.185 0.156 0.018 0.052
2 0.208 0.191 0.032 0.014
2 0.158 0.274 0.04 0.028
2 0.226 0.292 0.028 0.032
2 0.865 0.215 0.03 0.042
2 0.995 0.278 0.006 0.044
2 0.897 0.394 0.038 0.028
2 0.852 0.336 0.028 0.032
2 0.624 0.349 0.016 0.046
2 0.356 0.282 0.036 0.028
2 0.326 0.283 0.02 0.014
2 0.274 0.402 0.012 0.028
2 0.009 0.429 0.014 0.022
2 0.055 0.368 0.01 0.016
2 0.992 0.402 0.012 0.048
2 0.928 0.463 0.016 0.014
2 0.948 0.494 0.036 0.044
2 0.481 0.48 0.03 0.036
2 0.384 0.478 0.04 0.04
2 0.262 0.498 0.032 0.044
2 0.058 0.436 0.008 0.012
2 0.067 0.477 0.034 0.034
2 0.055 0.519 0.006 0.01
2 0.993 0.548 0.01 0.028
2 0.925 0.567 0.03 0.05
2 0.953 0.54 0.01 0.02
2 0.955 0.522 0.022 0.016
2 0.908 0.534 0.024 0.044
2 0.285 0.606 0.042 0.044
2 0.127 0.481 0.022 0.03
2 0.129 0.574 0.018 0.032
2 0.058 0.667 0.02 0.026
2 0.094 0.621 0.028 0.03
2 0.99 0.709 0.016 0.038
2 0.936 0.807 0.048 0.046
2 0.772 0.766 0.024 0.036
2 0.524 0.731 0.028 0.042
2 0.51 0.707 0.012 0.014
2 0.441 0.782 0.034 0.044
2 0.346 0.774 0.028 0.04
2 0.226 0.736 0.048 0.04
2 0.15 0.718 0.04 0.044
2 0.136 0.745 0.028 0.042
2 0.17 0.753 0.04 0.034
2 0.838 0.911 0.016 0.018
2 0.658 0.802 0.032 0.04
2 0.615 0.818 0.05 0.044
2 0.563 0.816 0.038 0.052
2 0.577 0.896 0.046 0.032
2 0.475 0.966 0.054 0.064
2 0.378 0.913 0.028 0.03
2 0.033 0.774 0.014 0.012
2 0.006 0.924 0.008 0.02
2 0.114 0.975 0.008 0.01
2 0.087 0.941 0.03 0.026
2 0.154 0.87 0.056 0.032