0 0.071 0.536 0.066 0.088
0 0.076 0.684 0.056 0.072
0 0.08 0.624 0.064 0.072
0 0.076 0.747 0.052 0.058
0 0.026 0.532 0.04 0.052
0 0.069 0.445 0.07 0.094
0 0.043 0.353 0.07 0.066
0 0.157 0.423 0.046 0.054
0 0.221 0.482 0.054 0.064
0 0.27 0.508 0.044 0.048
0 0.286 0.559 0.08 0.086
0 0.333 0.579 0.07 0.086
0 0.359 0.54 0.046 0.064
0 0.171 0.693 0.038 0.042
0 0.267 0.637 0.034 0.062
0 0.046 0.927 0.044 0.046
0 0.028 0.885 0.048 0.042
0 0.083 0.902 0.05 0.048
0 0.181 0.98 0.05 0.036
0 0.181 0.88 0.05 0.064
0 0.297 0.874 0.034 0.04
0 0.369 0.874 0.046 0.056
0 0.27 0.816 0.044 0.072
0 0.324 0.792 0.048 0.068
0 0.333 0.839 0.05 0.066
0 0.438 0.646 0.052 0.088
0 0.487 0.661 0.042 0.05
0 0.489 0.708 0.066 0.048
0 0.514 0.763 0.056 0.062
0 0.55 0.789 0.036 0.042
0 0.62 0.755 0.04 0.05
0 0.646 0.796 0.052 0.052
0 0.382 0.705 0.044 0.058
0 0.409 0.717 0.042 0.034
0 0.448 0.798 0.04 0.064
0 0.506 0.854 0.036 0.064
0 0.546 0.851 0.04 0.05
0 0.634 0.894 0.08 0.044
0 0.612 0.971 0.04 0.046
0 0.665 0.964 0.038 0.064
0 0.94 0.97 0.044 0.056
0 0.855 0.886 0.038 0.06
0 0.898 0.862 0.052 0.08
0 0.501 0.573 0.07 0.106
0 0.481 0.508 0.054 0.048
0 0.435 0.508 0.038 0.032
0 0.189 0.765 0.054 0.046
0 0.318 0.943 0.056 0.058
0 0.64 0.446 0.068 0.1
0 0.626 0.372 0.036 0.052
0 0.676 0.406 0.072 0.124
0 0.679 0.33 0.062 0.06
0 0.625 0.689 0.042 0.078
0 0.588 0.692 0.028 0.052
0 0.642 0.634 0.036 0.04
0 0.571 0.369 0.038 0.046
0 0.371 0.443 0.042 0.054
0 0.7 0.664 0.04 0.076
0 0.764 0.723 0.048 0.05
0 0.824 0.675 0.044 0.054
0 0.75 0.591 0.044 0.05
0 0.28 0.373 0.04 0.054
0 0.32 0.365 0.036 0.054
0 0.364 0.355 0.04 0.062
0 0.381 0.307 0.05 0.066
0 0.425 0.357 0.054 0.11
0 0.42 0.963 0.04 0.058
0 0.818 0.814 0.048 0.052
0 0.813 0.804 0.05 0.052
0 0.93 0.794 0.048 0.044
0 0.951 0.734 0.042 0.052
0 0.905 0.681 0.034 0.062
0 0.585 0.662 0.042 0.052
0 0.284 0.433 0.028 0.042
0 0.782 0.545 0.06 0.038
0 0.879 0.542 0.05 0.056
0 0.229 0.306 0.062 0.076
0 0.303 0.302 0.058 0.064
0 0.303 0.178 0.078 0.12
0 0.392 0.214 0.032 0.048
0 0.428 0.205 0.06 0.102
0 0.474 0.197 0.032 0.082
0 0.819 0.472 0.022 0.036
0 0.84 0.459 0.028 0.034
0 0.843 0.499 0.026 0.034
0 0.859 0.413 0.038 0.074
0 0.807 0.316 0.054 0.084
0 0.801 0.404 0.074 0.108
0 0.916 0.488 0.04 0.052
0 0.705 0.234 0.066 0.124
0 0.766 0.289 0.036 0.042
0 0.595 0.306 0.05 0.048
0 0.585 0.2 0.042 0.056
0 0.536 0.181 0.024 0.062
0 0.084 0.212 0.052 0.064
0 0.136 0.154 0.06 0.076
0 0.114 0.181 0.032 0.062
0 0.279 0.059 0.062 0.106
0 0.313 0.092 0.054 0.056
0 0.361 0.074 0.034 0.072
0 0.426 0.076 0.068 0.076
0 0.028 0.058 0.04 0.056
0 0.541 0.045 0.03 0.058
0 0.572 0.039 0.032 0.042
0 0.645 0.065 0.07 0.07
0 0.688 0.056 0.068 0.092
0 0.775 0.143 0.074 0.082
0 0.873 0.126 0.042 0.056
0 0.902 0.166 0.024 0.028
0 0.93 0.145 0.052 0.058
0 0.963 0.079 0.066 0.078
0 0.948 0.29 0.068 0.056
0 0.842 0.033 0.04 0.062
0 0.924 0.361 0.044 0.046
0 0.919 0.241 0.038 0.034
0 0.919 0.207 0.026 0.034
1 0.031 0.581 0.022 0.022
1 0.022 0.482 0.028 0.024
1 0.067 0.398 0.022 0.028
1 0.396 0.515 0.02 0.03
1 0.447 0.563 0.034 0.022
1 0.167 0.641 0.026 0.038
1 0.193 0.647 0.022 0.026
1 0.208 0.639 0.028 0.026
1 0.216 0.726 0.024 0.028
1 0.221 0.691 0.026 0.03
1 0.261 0.702 0.038 0.024
1 0.062 0.869 0.024 0.026
1 0.164 0.941 0.024 0.022
1 0.046 0.978 0.024 0.04
1 0.018 0.846 0.036 0.036
1 0.053 0.819 0.018 0.042
1 0.221 0.879 0.022 0.022
1 0.694 0.8 0.016 0.02
1 0.406 0.766 0.024 0.028
1 0.689 0.984 0.026 0.028
1 0.743 0.918 0.022 0.028
1 0.807 0.935 0.018 0.022
1 0.815 0.916 0.022 0.02
1 0.803 0.959 0.03 0.034
1 0.217 0.806 0.03 0.04
1 0.321 0.974 0.022 0.02
1 0.362 0.405 0.028 0.03
1 0.387 0.461 0.022 0.034
1 0.576 0.631 0.02 0.046
1 0.683 0.728 0.026 0.02
1 0.789 0.663 0.026 0.034
1 0.49 0.401 0.032 0.026
1 0.557 0.528 0.026 0.028
1 0.594 0.494 0.024 0.032
1 0.463 0.977 0.022 0.022
1 0.475 0.947 0.03 0.038
1 0.873 0.79 0.018 0.028
1 0.868 0.767 0.032 0.03
1 0.289 0.725 0.018 0.03
1 0.712 0.506 0.024 0.024
1 0.893 0.579 0.022 0.026
1 0.946 0.61 0.028 0.032
1 0.208 0.331 0.02 0.026
1 0.246 0.335 0.024 0.03
1 0.339 0.218 0.026 0.032
1 0.378 0.184 0.028 0.032
1 0.809 0.424 0.018 0.04
1 0.641 0.253 0.014 0.034
1 0.658 0.259 0.016 0.03
1 0.535 0.14 0.034 0.02
1 0.059 0.233 0.022 0.026
1 0.181 0.164 0.014 0.032
1 0.014 0.239 0.028 0.038
1 0.167 0.225 0.03 0.03
1 0.11 0.122 0.02 0.032
1 0.104 0.089 0.028 0.034
1 0.18 0.064 0.016 0.032
1 0.391 0.088 0.026 0.024
1 0.055 0.086 0.022 0.028
1 0.089 0.018 0.034 0.032
1 0.581 0.074 0.022 0.024
1 0.564 0.087 0.028 0.038
1 0.962 0.163 0.024 0.03
1 0.961 0.023 0.014 0.034
1 0.644 0.181 0.028 0.034
1 0.949 0.389 0.022 0.026
2 0.774 0.632 0.036 0.052
2 0.774 0.853 0.028 0.03
2 0.37 0.831 0.02 0.03
2 0.389 0.823 0.014 0.026
2 0.405 0.829 0.018 0.022
2 0.464 0.846 0.008 0.024
2 0.73 0.761 0.028 0.03
2 0.821 0.763 0.026 0.018
2 0.336 0.698 0.02 0.016
2 0.346 0.671 0.016 0.014
2 0.414 0.541 0.024 0.022
2 0.424 0.556 0.016 0.02
2 0.444 0.452 0.044 0.072
2 0.764 0.525 0.028 0.022
2 0.947 0.527 0.034 0.062
2 0.127 0.284 0.026 0.02
2 0.18 0.343 0.012 0.022
2 0.178 0.315 0.012 0.018
2 0.207 0.064 0.018 0.024
2 0.178 0.031 0.04 0.042
2 0.985 0.388 0.026 0.036
2 0.959 0.34 0.03 0.04
2 0.904 0.288 0.02 0.032
2 0.917 0.328 0.018 0.028
2 0.965 0.416 0.018 0.04
2 0.908 0.419 0.02 0.018