0 0.98 0.891 0.036 0.05
0 0.905 0.96 0.042 0.052
0 0.901 0.92 0.03 0.04
0 0.821 0.992 0.038 0.012
0 0.827 0.98 0.034 0.02
0 0.961 0.811 0.042 0.026
0 0.937 0.781 0.022 0.034
0 0.978 0.79 0.036 0.028
0 0.973 0.752 0.05 0.024
0 0.996 0.723 0.004 0.03
0 0.989 0.562 0.018 0.052
0 0.973 0.579 0.042 0.05
0 0.933 0.601 0.05 0.058
0 0.871 0.627 0.062 0.086
0 0.992 0.358 0.012 0.04
0 0.925 0.429 0.05 0.05
0 0.801 0.448 0.054 0.084
0 0.979 0.292 0.038 0.036
0 0.928 0.326 0.056 0.048
0 0.9 0.263 0.04 0.054
0 0.985 0.185 0.026 0.042
0 0.972 0.159 0.052 0.046
0 0.992 0.124 0.012 0.024
0 0.993 0.032 0.01 0.052
0 0.916 0.022 0.032 0.04
0 0.852 0.735 0.064 0.054
0 0.863 0.69 0.026 0.016
0 0.797 0.755 0.05 0.05
0 0.722 0.61 0.056 0.064
0 0.682 0.652 0.056 0.104
0 0.618 0.579 0.032 0.03
0 0.639 0.575 0.014 0.03
0 0.721 0.548 0.038 0.036
0 0.693 0.51 0.046 0.028
0 0.631 0.485 0.042 0.03
0 0.689 0.407 0.05 0.03
0 0.734 0.359 0.024 0.022
0 0.657 0.354 0.042 0.028
0 0.813 0.345 0.026 0.038
0 0.81 0.269 0.044 0.05
0 0.854 0.243 0.036 0.038
0 0.778 0.21 0.036 0.04
0 0.769 0.161 0.034 0.038
0 0.835 0.137 0.042 0.038
0 0.756 0.087 0.036 0.03
0 0.724 0.081 0.044 0.038
0 0.727 0.047 0.042 0.03
0 0.702 0.031 0.04 0.046
0 0.631 0.12 0.042 0.04
0 0.6 0.013 0.048 0.022
0 0.557 0.057 0.042 0.034
0 0.519 0.093 0.034 0.03
0 0.516 0.055 0.04 0.03
0 0.531 0.253 0.046 0.038
0 0.423 0.112 0.058 0.048
0 0.413 0.045 0.054 0.038
0 0.359 0.095 0.038 0.03
0 0.378 0.014 0.032 0.024
0 0.308 0.03 0.048 0.032
0 0.185 0.045 0.03 0.034
0 0.269 0.088 0.066 0.052
0 0.226 0.165 0.024 0.026
0 0.23 0.131 0.024 0.022
0 0.234 0.151 0.04 0.022
0 0.264 0.219 0.044 0.034
0 0.292 0.248 0.028 0.044
0 0.062 0.024 0.044 0.044
0 0.071 0.097 0.034 0.026
0 0.102 0.115 0.044 0.038
0 0.079 0.148 0.026 0.052
0 0.047 0.192 0.058 0.072
0 0.004 0.162 0.004 0.044
0 0.103 0.249 0.058 0.094
0 0.067 0.289 0.046 0.034
0 0.193 0.288 0.042 0.04
0 0.006 0.324 0.008 0.024
0 0.058 0.404 0.036 0.044
0 0.096 0.415 0.056 0.058
0 0.238 0.409 0.024 0.03
0 0.237 0.461 0.05 0.042
0 0.295 0.433 0.05 0.05
0 0.321 0.478 0.038 0.04
0 0.647 0.31 0.054 0.06
0 0.557 0.368 0.054 0.068
0 0.609 0.402 0.046 0.048
0 0.736 0.927 0.052 0.026
0 0.685 0.935 0.026 0.022
0 0.611 0.897 0.05 0.038
0 0.543 0.98 0.034 0.036
0 0.554 0.936 0.024 0.02
0 0.531 0.935 0.022 0.018
0 0.515 0.929 0.026 0.042
0 0.546 0.896 0.04 0.036
0 0.481 0.882 0.022 0.02
0 0.461 0.882 0.034 0.036
0 0.182 0.961 0.044 0.038
0 0.042 0.936 0.044 0.064
0 0.069 0.911 0.046 0.05
0 0.113 0.901 0.038 0.074
0 0.172 0.816 0.028 0.032
0 0.138 0.756 0.036 0.04
0 0.01 0.74 0.016 0.044
0 0.031 0.693 0.058 0.058
0 0.175 0.692 0.058 0.068
0 0.05 0.626 0.052 0.032
0 0.014 0.539 0.024 0.046
0 0.105 0.512 0.046 0.052
0 0.155 0.523 0.034 0.058
0 0.23 0.51 0.048 0.044
0 0.31 0.342 0.028 0.024
0 0.29 0.373 0.028 0.026
0 0.278 0.368 0.02 0.016
0 0.389 0.33 0.05 0.056
0 0.461 0.326 0.058 0.072
0 0.407 0.416 0.038 0.04
0 0.479 0.395 0.042 0.038
0 0.694 0.753 0.028 0.026
0 0.662 0.75 0.036 0.032
0 0.57 0.784 0.068 0.064
0 0.583 0.541 0.058 0.042
0 0.562 0.464 0.036 0.036
0 0.507 0.453 0.022 0.042
0 0.458 0.508 0.036 0.044
0 0.496 0.538 0.044 0.044
0 0.286 0.633 0.044 0.042
0 0.321 0.677 0.026 0.058
0 0.416 0.662 0.036 0.032
0 0.245 0.745 0.054 0.062
0 0.371 0.844 0.046 0.056
1 0.949 0.875 0.018 0.022
1 0.981 0.393 0.026 0.022
1 0.945 0.468 0.03 0.032
1 0.823 0.478 0.026 0.024
1 0.753 0.469 0.022 0.03
1 0.94 0.032 0.024 0.024
1 0.878 0.075 0.032 0.026
1 0.796 0.672 0.032 0.036
1 0.794 0.589 0.036 0.038
1 0.67 0.42 0.024 0.032
1 0.685 0.383 0.022 0.014
1 0.793 0.315 0.034 0.022
1 0.911 0.192 0.026 0.02
1 0.813 0.169 0.03 0.026
1 0.63 0.042 0.02 0.024
1 0.676 0.093 0.02 0.022
1 0.564 0.023 0.02 0.022
1 0.482 0.038 0.024 0.024
1 0.603 0.117 0.014 0.026
1 0.529 0.134 0.022 0.024
1 0.687 0.261 0.03 0.022
1 0.595 0.224 0.022 0.028
1 0.475 0.216 0.018 0.024
1 0.292 0.186 0.024 0.02
1 0.211 0.204 0.022 0.028
1 0.099 0.343 0.018 0.022
1 0.169 0.426 0.026 0.024
1 0.185 0.395 0.018 0.022
1 0.201 0.45 0.022 0.02
1 0.595 0.353 0.034 0.026
1 0.577 0.44 0.026 0.02
1 0.733 0.984 0.046 0.028
1 0.776 0.996 0.036 0.004
1 0.677 0.963 0.046 0.022
1 0.631 0.975 0.038 0.038
1 0.686 0.851 0.024 0.042
1 0.734 0.828 0.016 0.044
1 0.539 0.954 0.014 0.016
1 0.407 0.938 0.034 0.032
1 0.391 0.914 0.026 0.028
1 0.266 0.938 0.032 0.036
1 0.008 0.968 0.012 0.028
1 0.111 0.951 0.022 0.022
1 0.17 0.892 0.016 0.02
1 0.057 0.868 0.018 0.024
1 0.072 0.845 0.012 0.022
1 0.22 0.822 0.02 0.044
1 0.095 0.77 0.014 0.012
1 0.007 0.621 0.01 0.018
1 0.142 0.611 0.04 0.014
1 0.168 0.58 0.028 0.024
1 0.121 0.484 0.026 0.024
1 0.284 0.53 0.016 0.016
1 0.358 0.492 0.02 0.024
1 0.32 0.376 0.02 0.016
1 0.439 0.385 0.022 0.022
1 0.728 0.723 0.028 0.026
1 0.527 0.825 0.03 0.026
1 0.644 0.767 0.032 0.034
1 0.557 0.529 0.01 0.03
1 0.498 0.497 0.02 0.026
1 0.483 0.448 0.022 0.016
1 0.374 0.605 0.028 0.026
1 0.475 0.689 0.03 0.03
1 0.338 0.742 0.02 0.024
1 0.445 0.799 0.034 0.03
1 0.31 0.837 0.024 0.022
1 0.313 0.817 0.018 0.026
1 0.054 0.482 0.008 0.012
1 0.533 0.302 0.014 0.02
1 0.903 0.545 0.01 0.014
2 0.939 0.925 0.022 0.014
2 0.635 0.632 0.014 0.032
2 0.536 0.663 0.016 0.018
2 0.528 0.682 0.028 0.024
2 0.514 0.638 0.008 0.024
2 0.552 0.592 0.044 0.036
2 0.866 0.014 0.052 0.024
2 0.1 0.162 0.016 0.016
2 0.778 0.923 0.028 0.042
2 0.768 0.875 0.04 0.038
2 0.707 0.898 0.05 0.032
2 0.869 0.895 0.03 0.018
2 0.506 0.972 0.044 0.04
2 0.356 0.299 0.052 0.062
2 0.4 0.868 0.016 0.028
2 0.425 0.851 0.038 0.018
2 0.425 0.836 0.01 0.02
2 0.435 0.817 0.018 0.014
2 0.375 0.945 0.018 0.018
2 0.493 0.953 0.022 0.026
2 0.642 0.727 0.032 0.026
2 0.455 0.714 0.022 0.02
2 0.376 0.665 0.032 0.026
2 0.394 0.637 0.012 0.01
2 0.797 0.517 0.018 0.01
2 0.515 0.147 0.026 0.014
2 0.331 0.366 0.014 0.016
2 0.384 0.779 0.032 0.038
2 0.078 0.462 0.024 0.028
2 0.32 0.411 0.012 0.022
2 0.419 0.275 0.014 0.014
2 0.89 0.328 0.012 0.016
2 0.938 0.341 0.02 0.014
2 0.982 0.314 0.016 0.016
2 0.975 0.27 0.03 0.024
2 0.745 0.279 0.01 0.014
2 0.783 0.301 0.022 0.018
2 0.623 0.342 0.018 0.016
2 0.616 0.324 0.008 0.024
2 0.262 0.4 0.012 0.02
2 0.35 0.342 0.016 0.016
2 0.306 0.325 0.02 0.006
2 0.29 0.332 0.008 0.012