0 0.974 0.023 0.048 0.046
0 0.915 0.019 0.042 0.038
0 0.891 0.013 0.054 0.026
0 0.822 0.017 0.04 0.034
0 0.804 0.038 0.064 0.076
0 0.703 0.069 0.026 0.022
0 0.597 0.059 0.058 0.062
0 0.563 0.005 0.042 0.01
0 0.515 0.024 0.074 0.048
0 0.526 0.067 0.04 0.054
0 0.454 0.056 0.036 0.048
0 0.432 0.047 0.016 0.03
0 0.394 0.063 0.04 0.042
0 0.432 0.075 0.024 0.03
0 0.326 0.063 0.04 0.05
0 0.304 0.09 0.06 0.08
0 0.287 0.041 0.07 0.058
0 0.225 0.009 0.034 0.018
0 0.184 0.054 0.048 0.084
0 0.198 0.017 0.036 0.026
0 0.181 0.006 0.038 0.012
0 0.24 0.041 0.032 0.026
0 0.241 0.069 0.03 0.038
0 0.254 0.086 0.024 0.036
0 0.261 0.054 0.034 0.056
0 0.104 0.042 0.072 0.084
0 0.117 0.09 0.058 0.052
0 0.042 0.014 0.068 0.028
0 0.047 0.072 0.038 0.068
0 0.01 0.113 0.016 0.026
0 0.416 0.146 0.032 0.052
0 0.463 0.153 0.038 0.05
0 0.445 0.198 0.042 0.052
0 0.52 0.137 0.064 0.078
0 0.618 0.103 0.044 0.058
0 0.662 0.105 0.028 0.026
0 0.698 0.102 0.036 0.028
0 0.763 0.103 0.05 0.066
0 0.79 0.172 0.032 0.056
0 0.841 0.11 0.034 0.028
0 0.845 0.146 0.034 0.052
0 0.89 0.125 0.032 0.062
0 0.91 0.069 0.048 0.054
0 0.924 0.101 0.04 0.038
0 0.954 0.077 0.06 0.078
0 0.989 0.138 0.018 0.068
0 0.987 0.204 0.022 0.06
0 0.944 0.216 0.036 0.044
0 0.901 0.213 0.058 0.062
0 0.84 0.207 0.04 0.058
0 0.751 0.231 0.046 0.066
0 0.702 0.256 0.032 0.052
0 0.676 0.183 0.056 0.09
0 0.666 0.222 0.06 0.08
0 0.017 0.217 0.03 0.062
0 0.032 0.227 0.024 0.038
0 0.008 0.255 0.012 0.054
0 0.019 0.275 0.034 0.054
0 0.093 0.267 0.046 0.062
0 0.05 0.321 0.04 0.058
0 0.094 0.339 0.032 0.046
0 0.121 0.331 0.034 0.05
0 0.183 0.268 0.042 0.06
0 0.218 0.288 0.028 0.048
0 0.298 0.32 0.044 0.032
0 0.338 0.31 0.032 0.056
0 0.319 0.288 0.026 0.032
0 0.322 0.314 0.012 0.028
0 0.376 0.297 0.044 0.074
0 0.429 0.287 0.042 0.038
0 0.472 0.274 0.028 0.036
0 0.983 0.301 0.03 0.098
0 0.947 0.292 0.046 0.048
0 0.811 0.305 0.042 0.054
0 0.873 0.328 0.062 0.064
0 0.97 0.406 0.036 0.044
0 0.988 0.45 0.02 0.064
0 0.917 0.485 0.038 0.042
0 0.889 0.385 0.042 0.054
0 0.8 0.377 0.064 0.066
0 0.729 0.443 0.046 0.054
0 0.696 0.311 0.048 0.058
0 0.596 0.291 0.028 0.03
0 0.61 0.325 0.048 0.058
0 0.565 0.316 0.038 0.06
0 0.533 0.326 0.054 0.056
0 0.485 0.365 0.054 0.098
0 0.478 0.408 0.052 0.06
0 0.627 0.403 0.046 0.082
0 0.573 0.401 0.03 0.03
0 0.551 0.376 0.026 0.032
0 0.568 0.364 0.02 0.032
0 0.396 0.399 0.04 0.082
0 0.361 0.41 0.046 0.064
0 0.337 0.396 0.034 0.04
0 0.309 0.412 0.03 0.032
0 0.296 0.4 0.04 0.04
0 0.255 0.439 0.058 0.078
0 0.015 0.485 0.026 0.058
0 0.123 0.421 0.042 0.07
0 0.148 0.405 0.04 0.05
0 0.043 0.495 0.038 0.042
0 0.105 0.509 0.046 0.054
0 0.943 0.519 0.078 0.066
0 0.863 0.513 0.05 0.07
0 0.816 0.502 0.04 0.056
0 0.732 0.555 0.04 0.062
0 0.765 0.55 0.03 0.056
0 0.781 0.57 0.03 0.044
0 0.664 0.575 0.048 0.07
0 0.628 0.503 0.036 0.074
0 0.596 0.514 0.036 0.076
0 0.568 0.525 0.036 0.042
0 0.521 0.488 0.05 0.072
0 0.343 0.529 0.058 0.082
0 0.292 0.541 0.036 0.038
0 0.281 0.515 0.058 0.026
0 0.249 0.565 0.026 0.034
0 0.211 0.481 0.038 0.05
0 0.008 0.645 0.012 0.046
0 0.086 0.594 0.04 0.04
0 0.129 0.611 0.038 0.03
0 0.087 0.639 0.034 0.062
0 0.215 0.604 0.054 0.032
0 0.292 0.675 0.032 0.042
0 0.343 0.61 0.046 0.064
0 0.381 0.632 0.042 0.056
0 0.412 0.626 0.036 0.036
0 0.416 0.657 0.048 0.038
0 0.438 0.607 0.032 0.046
0 0.457 0.605 0.026 0.038
0 0.461 0.627 0.034 0.034
0 0.529 0.628 0.05 0.072
0 0.525 0.688 0.054 0.06
0 0.483 0.679 0.03 0.05
0 0.588 0.658 0.04 0.056
0 0.637 0.662 0.07 0.056
0 0.82 0.579 0.032 0.054
0 0.918 0.575 0.044 0.054
0 0.994 0.583 0.008 0.042
0 0.973 0.607 0.042 0.038
0 0.995 0.689 0.006 0.038
0 0.967 0.688 0.03 0.056
0 0.949 0.663 0.034 0.026
0 0.925 0.7 0.046 0.076
0 0.883 0.683 0.046 0.03
0 0.847 0.713 0.034 0.066
0 0.828 0.737 0.036 0.062
0 0.81 0.698 0.048 0.044
0 0.751 0.689 0.042 0.05
0 0.72 0.759 0.036 0.054
0 0.767 0.74 0.038 0.048
0 0.773 0.769 0.042 0.038
0 0.681 0.728 0.054 0.08
0 0.447 0.738 0.058 0.068
0 0.419 0.784 0.042 0.068
0 0.371 0.746 0.054 0.056
0 0.301 0.719 0.05 0.062
0 0.274 0.722 0.044 0.048
0 0.15 0.713 0.04 0.042
0 0.123 0.716 0.026 0.044
0 0.087 0.734 0.042 0.06
0 0.034 0.698 0.048 0.072
0 0.024 0.774 0.036 0.048
0 0.095 0.769 0.074 0.058
0 0.143 0.814 0.058 0.076
0 0.06 0.845 0.056 0.054
0 0.017 0.87 0.03 0.072
0 0.017 0.929 0.03 0.026
0 0.981 0.771 0.034 0.046
0 0.935 0.814 0.038 0.076
0 0.892 0.802 0.056 0.076
0 0.777 0.835 0.038 0.046
0 0.79 0.875 0.044 0.054
0 0.641 0.811 0.05 0.046
0 0.591 0.81 0.05 0.064
0 0.564 0.847 0.056 0.062
0 0.837 0.845 0.038 0.066
0 0.975 0.916 0.046 0.064
0 0.946 0.899 0.04 0.03
0 0.975 0.958 0.046 0.048
0 0.838 0.908 0.04 0.044
0 0.846 0.982 0.056 0.032
0 0.864 0.962 0.06 0.072
0 0.909 0.969 0.038 0.054
0 0.926 0.979 0.06 0.038
0 0.965 0.984 0.038 0.028
0 0.796 0.981 0.044 0.034
0 0.76 0.986 0.044 0.024
0 0.699 0.963 0.042 0.07
0 0.657 0.965 0.046 0.066
0 0.623 0.969 0.046 0.058
0 0.604 0.989 0.024 0.018
0 0.586 0.98 0.02 0.036
0 0.604 0.9 0.04 0.056
0 0.561 0.886 0.042 0.048
0 0.533 0.77 0.05 0.036
0 0.538 0.804 0.032 0.04
0 0.528 0.886 0.032 0.052
0 0.474 0.864 0.04 0.06
0 0.444 0.818 0.04 0.06
0 0.37 0.808 0.028 0.028
0 0.305 0.775 0.034 0.054
0 0.259 0.806 0.038 0.072
0 0.194 0.788 0.044 0.056
0 0.239 0.777 0.034 0.026
0 0.441 0.967 0.042 0.054
0 0.399 0.965 0.034 0.054
0 0.279 0.879 0.05 0.062
0 0.461 0.938 0.034 0.056
0 0.402 0.932 0.036 0.036
0 0.378 0.853 0.036 0.038
0 0.34 0.96 0.048 0.052
0 0.317 0.953 0.038 0.066
0 0.258 0.952 0.044 0.06
0 0.033 0.982 0.038 0.032
0 0.092 0.959 0.048 0.062
1 0.521 0.359 0.03 0.03
1 0.727 0.014 0.026 0.028
1 0.644 0.003 0.02 0.006
1 0.474 0.02 0.032 0.028
1 0.471 0.013 0.01 0.014
1 0.021 0.061 0.022 0.03
1 0.039 0.102 0.022 0.028
1 0.128 0.169 0.036 0.026
1 0.211 0.149 0.03 0.038
1 0.253 0.165 0.03 0.038
1 0.274 0.133 0.024 0.026
1 0.282 0.135 0.02 0.026
1 0.4 0.11 0.028 0.04
1 0.731 0.16 0.022 0.024
1 0.937 0.133 0.042 0.022
1 0.996 0.24 0.004 0.016
1 0.857 0.264 0.03 0.02
1 0.838 0.297 0.036 0.022
1 0.898 0.315 0.028 0.03
1 0.956 0.361 0.04 0.034
1 0.96 0.463 0.024 0.026
1 0.968 0.484 0.028 0.024
1 0.653 0.307 0.038 0.03
1 0.701 0.333 0.03 0.034
1 0.198 0.427 0.036 0.03
1 0.207 0.389 0.026 0.03
1 0.055 0.541 0.034 0.034
1 0.11 0.568 0.028 0.028
1 0.138 0.575 0.028 0.03
1 0.141 0.544 0.042 0.044
1 0.775 0.507 0.014 0.022
1 0.791 0.506 0.018 0.02
1 0.803 0.526 0.03 0.024
1 0.812 0.547 0.028 0.03
1 0.486 0.495 0.028 0.022
1 0.224 0.492 0.016 0.024
1 0.18 0.604 0.02 0.036
1 0.17 0.582 0.016 0.044
1 0.548 0.721 0.036 0.018
1 0.963 0.583 0.018 0.05
1 0.984 0.732 0.02 0.032
1 0.856 0.652 0.028 0.024
1 0.841 0.639 0.034 0.03
1 0.582 0.71 0.024 0.028
1 0.352 0.716 0.028 0.02
1 0.388 0.715 0.028 0.026
1 0.403 0.732 0.026 0.028
1 0.197 0.646 0.014 0.016
1 0.005 0.829 0.006 0.034
1 0.063 0.918 0.022 0.024
1 0.992 0.774 0.012 0.044
1 0.734 0.813 0.04 0.026
1 0.679 0.811 0.022 0.046
1 0.812 0.905 0.02 0.026
1 0.758 0.961 0.032 0.026
1 0.519 0.96 0.034 0.032
1 0.468 0.898 0.02 0.02
1 0.477 0.914 0.03 0.024
1 0.108 0.948 0.02 0.028
1 0.116 0.986 0.028 0.024
2 0.731 0.047 0.03 0.026
2 0.647 0.049 0.026 0.034
2 0.482 0.02 0.02 0.02
2 0.436 0.022 0.02 0.02
2 0.326 0.168 0.032 0.04
2 0.422 0.102 0.008 0.02
2 0.476 0.104 0.028 0.028
2 0.618 0.074 0.012 0.016
2 0.625 0.092 0.014 0.016
2 0.693 0.143 0.062 0.046
2 0.792 0.108 0.048 0.076
2 0.723 0.186 0.01 0.012
2 0.551 0.193 0.046 0.05
2 0.077 0.32 0.018 0.028
2 0.077 0.214 0.01 0.02
2 0.131 0.219 0.026 0.026
2 0.165 0.344 0.022 0.028
2 0.182 0.331 0.012 0.014
2 0.304 0.3 0.032 0.028
2 0.402 0.247 0.036 0.034
2 0.405 0.205 0.01 0.014
2 0.875 0.273 0.014 0.018
2 0.915 0.396 0.014 0.02
2 0.787 0.425 0.01 0.022
2 0.769 0.387 0.026 0.026
2 0.826 0.44 0.02 0.024
2 0.535 0.295 0.018 0.018
2 0.596 0.373 0.012 0.014
2 0.624 0.354 0.012 0.02
2 0.577 0.426 0.022 0.028
2 0.494 0.44 0.024 0.032
2 0.474 0.449 0.02 0.018
2 0.48 0.462 0.02 0.02
2 0.508 0.425 0.016 0.022
2 0.472 0.434 0.028 0.024
2 0.096 0.416 0.012 0.028
2 0.15 0.44 0.028 0.024
2 0.033 0.448 0.01 0.012
2 0.079 0.451 0.022 0.018
2 0.056 0.45 0.036 0.04
2 0.079 0.435 0.022 0.026
2 0.679 0.514 0.046 0.028
2 0.585 0.476 0.026 0.016
2 0.602 0.55 0.028 0.032
2 0.381 0.45 0.022 0.024
2 0.479 0.559 0.038 0.038
2 0.4 0.552 0.04 0.04
2 0.252 0.535 0.016 0.014
2 0.263 0.547 0.022 0.014
2 0.261 0.525 0.018 0.014
2 0.173 0.48 0.022 0.02
2 0.049 0.64 0.05 0.048
2 0.167 0.625 0.03 0.038
2 0.453 0.652 0.03 0.024
2 0.484 0.725 0.024 0.046
2 0.46 0.68 0.016 0.012
2 0.612 0.602 0.016 0.012
2 0.993 0.545 0.01 0.022
2 0.906 0.65 0.024 0.028
2 0.986 0.696 0.02 0.036
2 0.96 0.726 0.016 0.024
2 0.912 0.725 0.048 0.038
2 0.828 0.613 0.012 0.022
2 0.638 0.727 0.032 0.05
2 0.605 0.751 0.042 0.046
2 0.564 0.699 0.02 0.022
2 0.188 0.689 0.04 0.066
2 0.211 0.655 0.022 0.026
2 0.188 0.636 0.024 0.028
2 0.004 0.933 0.004 0.022
2 0.57 0.774 0.012 0.024
2 0.834 0.796 0.036 0.04
2 0.86 0.855 0.036 0.034
2 0.769 0.9 0.038 0.032
2 0.594 0.934 0.024 0.02
2 0.572 0.957 0.024 0.046
2 0.669 0.898 0.03 0.052
2 0.648 0.886 0.02 0.028
2 0.687 0.836 0.022 0.016
2 0.524 0.742 0.016 0.02
2 0.489 0.784 0.03 0.016
2 0.514 0.794 0.016 0.028
2 0.529 0.842 0.038 0.056
2 0.357 0.782 0.034 0.032
2 0.163 0.778 0.022 0.028
2 0.477 0.82 0.018 0.028
2 0.064 0.877 0.044 0.03
2 0.235 0.858 0.042 0.044
2 0.342 0.914 0.044 0.048
2 0.339 0.863 0.03 0.042
2 0.425 0.894 0.042 0.056
2 0.437 0.873 0.022 0.03
2 0.497 0.908 0.034 0.036
2 0.06 0.991 0.02 0.014
2 0.534 0.246 0.06 0.072
0 0.976 0.02 0.044 0.04
0 0.891 0.014 0.046 0.028
0 0.915 0.019 0.042 0.038
0 0.822 0.017 0.036 0.034
0 0.805 0.043 0.058 0.066
0 0.912 0.076 0.044 0.036
0 0.952 0.081 0.056 0.07
0 0.925 0.106 0.034 0.024
0 0.89 0.127 0.028 0.054
0 0.988 0.141 0.02 0.058
0 0.987 0.208 0.022 0.048
0 0.944 0.215 0.032 0.038
0 0.904 0.214 0.052 0.056
0 0.838 0.21 0.036 0.048
0 0.789 0.173 0.03 0.05
0 0.765 0.103 0.042 0.066
0 0.618 0.105 0.04 0.05
0 0.595 0.057 0.054 0.054
0 0.516 0.139 0.06 0.07
0 0.463 0.153 0.034 0.046
0 0.444 0.199 0.04 0.05
0 0.415 0.148 0.034 0.048
0 0.447 0.05 0.042 0.06
0 0.52 0.022 0.06 0.044
0 0.525 0.069 0.038 0.05
0 0.31 0.084 0.064 0.08
0 0.283 0.035 0.07 0.066
0 0.183 0.056 0.042 0.064
0 0.254 0.065 0.052 0.078
0 0.105 0.042 0.07 0.072
0 0.11 0.086 0.068 0.056
0 0.048 0.075 0.028 0.046
0 0.044 0.015 0.056 0.03
0 0.024 0.222 0.044 0.056
0 0.02 0.27 0.036 0.056
0 0.047 0.324 0.034 0.052
0 0.091 0.268 0.046 0.056
0 0.182 0.269 0.04 0.054
0 0.257 0.436 0.05 0.068
0 0.333 0.308 0.042 0.048
0 0.376 0.297 0.044 0.054
0 0.475 0.413 0.046 0.054
0 0.487 0.371 0.046 0.07
0 0.395 0.41 0.034 0.056
0 0.359 0.404 0.034 0.056
0 0.608 0.322 0.04 0.044
0 0.629 0.408 0.038 0.06
0 0.728 0.442 0.04 0.044
0 0.733 0.557 0.042 0.058
0 0.661 0.576 0.046 0.056
0 0.628 0.509 0.032 0.062
0 0.592 0.51 0.04 0.072
0 0.523 0.494 0.046 0.06
0 0.523 0.631 0.042 0.058
0 0.523 0.69 0.05 0.056
0 0.635 0.662 0.066 0.048
0 0.68 0.728 0.048 0.064
0 0.925 0.699 0.046 0.07
0 0.962 0.686 0.044 0.064
0 0.98 0.772 0.036 0.052
0 0.936 0.813 0.04 0.062
0 0.895 0.809 0.046 0.058
0 0.975 0.92 0.042 0.048
0 0.863 0.965 0.05 0.058
0 0.828 0.909 0.048 0.042
0 0.791 0.874 0.038 0.06
0 0.776 0.833 0.032 0.042
0 0.84 0.843 0.036 0.058
0 0.697 0.966 0.038 0.064
0 0.845 0.984 0.054 0.028
0 0.975 0.962 0.046 0.036
0 0.918 0.974 0.052 0.048
0 0.958 0.985 0.04 0.026
0 0.656 0.975 0.044 0.046
0 0.621 0.974 0.046 0.048
0 0.44 0.968 0.04 0.044
0 0.401 0.932 0.03 0.028
0 0.398 0.966 0.032 0.048
0 0.472 0.87 0.036 0.04
0 0.444 0.818 0.04 0.048
0 0.444 0.749 0.052 0.046
0 0.419 0.787 0.034 0.05
0 0.368 0.745 0.048 0.054
0 0.304 0.78 0.036 0.044
0 0.257 0.808 0.038 0.06
0 0.982 0.305 0.032 0.086
0 0.943 0.294 0.038 0.048
0 0.801 0.374 0.05 0.048
0 0.753 0.233 0.034 0.054
0 0.676 0.185 0.056 0.078
0 0.666 0.223 0.06 0.07
0 0.702 0.26 0.032 0.04
0 0.695 0.311 0.046 0.054
0 0.533 0.324 0.046 0.048
0 0.563 0.322 0.034 0.044
0 0.339 0.394 0.03 0.032
0 0.21 0.483 0.036 0.042
0 0.148 0.415 0.036 0.062
0 0.117 0.418 0.034 0.06
0 0.121 0.333 0.03 0.046
0 0.288 0.531 0.044 0.05
0 0.337 0.533 0.042 0.062
0 0.344 0.613 0.044 0.062
0 0.381 0.631 0.038 0.054
0 0.446 0.609 0.048 0.038
0 0.291 0.671 0.03 0.038
0 0.272 0.728 0.04 0.04
0 0.14 0.714 0.052 0.044
0 0.088 0.735 0.04 0.05
0 0.032 0.695 0.044 0.058
0 0.086 0.641 0.032 0.058
0 0.104 0.511 0.04 0.046
0 0.015 0.488 0.026 0.048
0 0.214 0.606 0.048 0.032
0 0.302 0.723 0.048 0.05
0 0.191 0.789 0.042 0.046
0 0.141 0.803 0.05 0.062
0 0.095 0.77 0.062 0.048
0 0.022 0.773 0.032 0.042
0 0.058 0.848 0.048 0.048
0 0.016 0.881 0.028 0.066
0 0.092 0.96 0.036 0.048
0 0.254 0.954 0.048 0.052
0 0.277 0.878 0.042 0.056
0 0.312 0.951 0.028 0.058
0 0.342 0.96 0.036 0.044
0 0.379 0.855 0.03 0.034
0 0.462 0.938 0.028 0.044
0 0.529 0.89 0.03 0.044
0 0.562 0.888 0.04 0.04
0 0.563 0.847 0.046 0.054
0 0.603 0.904 0.034 0.044
0 0.424 0.897 0.036 0.054
0 0.588 0.807 0.048 0.066
0 0.535 0.768 0.038 0.036
0 0.641 0.814 0.038 0.04
0 0.719 0.765 0.03 0.042
0 0.752 0.69 0.04 0.036
0 0.765 0.74 0.03 0.04
0 0.774 0.766 0.036 0.036
0 0.844 0.717 0.036 0.05
0 0.806 0.7 0.044 0.044
0 0.828 0.736 0.028 0.06
0 0.773 0.556 0.042 0.06
0 0.817 0.581 0.03 0.05
0 0.861 0.515 0.042 0.054
0 0.812 0.508 0.04 0.056
0 0.915 0.483 0.038 0.038
0 0.894 0.383 0.044 0.046
0 0.878 0.331 0.048 0.05
0 0.811 0.304 0.034 0.044
0 0.945 0.522 0.062 0.056
0 0.917 0.578 0.042 0.044
0 0.971 0.594 0.038 0.06
0 0.989 0.452 0.018 0.064
0 0.972 0.404 0.032 0.036
0 0.943 0.898 0.034 0.02
0 0.138 0.546 0.032 0.032
0 0.007 0.646 0.01 0.044
0 0.585 0.667 0.03 0.042
0 0.605 0.751 0.034 0.042
0 0.475 0.68 0.038 0.04
0 0.456 0.635 0.032 0.022
0 0.414 0.644 0.04 0.06
0 0.537 0.805 0.026 0.042
0 0.759 0.963 0.026 0.022
0 0.757 0.987 0.038 0.022
0 0.797 0.985 0.042 0.026
0 0.994 0.581 0.008 0.042
0 0.301 0.406 0.046 0.048
1 0.934 0.131 0.032 0.022
1 0.726 0.013 0.02 0.026
1 0.702 0.07 0.024 0.02
1 0.732 0.048 0.02 0.024
1 0.698 0.104 0.032 0.024
1 0.66 0.105 0.024 0.022
1 0.643 0.048 0.03 0.024
1 0.473 0.021 0.03 0.026
1 0.434 0.076 0.016 0.032
1 0.397 0.065 0.034 0.034
1 0.397 0.109 0.026 0.038
1 0.427 0.286 0.034 0.036
1 0.472 0.275 0.02 0.03
1 0.596 0.293 0.024 0.022
1 0.653 0.309 0.03 0.026
1 0.701 0.334 0.026 0.028
1 0.519 0.356 0.026 0.024
1 0.555 0.376 0.026 0.028
1 0.573 0.402 0.026 0.024
1 0.84 0.113 0.028 0.034
1 0.844 0.145 0.024 0.042
1 0.857 0.264 0.026 0.02
1 0.836 0.296 0.028 0.016
1 0.898 0.317 0.02 0.022
1 0.956 0.363 0.028 0.022
1 0.958 0.463 0.016 0.026
1 0.965 0.488 0.022 0.024
1 0.786 0.508 0.028 0.02
1 0.815 0.543 0.026 0.03
1 0.857 0.65 0.03 0.024
1 0.982 0.734 0.02 0.024
1 0.735 0.812 0.022 0.016
1 0.679 0.812 0.022 0.04
1 0.547 0.72 0.026 0.016
1 0.37 0.808 0.024 0.032
1 0.35 0.715 0.024 0.022
1 0.388 0.714 0.02 0.02
1 0.404 0.735 0.02 0.018
1 0.238 0.777 0.032 0.022
1 0.126 0.612 0.028 0.02
1 0.111 0.568 0.022 0.024
1 0.055 0.539 0.022 0.026
1 0.136 0.573 0.02 0.03
1 0.197 0.644 0.018 0.024
1 0.243 0.565 0.03 0.026
1 0.601 0.991 0.022 0.014
1 0.585 0.98 0.018 0.036
1 0.517 0.961 0.026 0.022
1 0.473 0.908 0.03 0.032
1 0.636 0.732 0.02 0.024
1 0.764 0.905 0.028 0.03
1 0.886 0.677 0.036 0.022
1 0.486 0.495 0.028 0.022
1 0.2 0.427 0.028 0.026
1 0.208 0.389 0.02 0.026
1 0.296 0.322 0.04 0.032
1 0.315 0.288 0.022 0.032
1 0.217 0.286 0.018 0.044
1 0.092 0.343 0.024 0.034
1 0.212 0.151 0.024 0.03
1 0.126 0.171 0.032 0.026
1 0.251 0.165 0.026 0.034
1 0.277 0.136 0.026 0.024
1 0.236 0.041 0.024 0.018
1 0.224 0.007 0.036 0.014
1 0.196 0.017 0.032 0.026
1 0.18 0.004 0.044 0.008
1 0.02 0.06 0.02 0.024
1 0.039 0.102 0.014 0.028
1 0.006 0.112 0.008 0.028
1 0.016 0.931 0.028 0.022
1 0.065 0.919 0.018 0.022
1 0.029 0.991 0.042 0.014
1 0.113 0.987 0.022 0.022
1 0.107 0.949 0.018 0.03
2 0.531 0.245 0.058 0.074
2 0.548 0.193 0.044 0.042
2 0.186 0.695 0.032 0.05
2 0.161 0.626 0.03 0.04
2 0.175 0.595 0.026 0.046
2 0.042 0.497 0.028 0.042
2 0.046 0.643 0.04 0.042
2 0.088 0.595 0.032 0.038
2 0.169 0.794 0.038 0.052
2 0.357 0.781 0.034 0.026
2 0.337 0.865 0.034 0.038
2 0.233 0.863 0.03 0.034
2 0.348 0.915 0.032 0.062
2 0.661 0.895 0.038 0.038
2 0.53 0.841 0.032 0.05
2 0.496 0.909 0.028 0.038
2 0.57 0.952 0.02 0.032
2 0.576 0.708 0.032 0.028
2 0.484 0.725 0.024 0.038
2 0.45 0.654 0.02 0.024
2 0.861 0.854 0.042 0.032
2 0.832 0.794 0.044 0.044
2 0.913 0.727 0.046 0.026
2 0.839 0.634 0.03 0.028
2 0.988 0.693 0.02 0.054
2 0.683 0.516 0.058 0.032
2 0.568 0.521 0.032 0.05
2 0.598 0.543 0.028 0.026
2 0.486 0.441 0.044 0.046
2 0.064 0.446 0.052 0.04
2 0.167 0.342 0.022 0.032
2 0.403 0.246 0.038 0.036